# ORB-SLAM3 Path Recording
# Format: timestamp tx ty tz qx qy qz qw tracking_state confidence
# Translation in meters, quaternion (x,y,z,w), timestamp in seconds
# Coordinate system: Camera frame
1520616752.667175 0.285035 0.157654 1.571298 -0.043713 -0.725278 0.015149 0.686900 2 1.000000
1520616752.767178 0.213700 0.161551 1.574205 -0.036943 -0.731653 0.009163 0.680614 2 1.000000
1520616752.867181 0.136179 0.167055 1.573909 -0.035554 -0.732534 0.019632 0.679518 2 1.000000
1520616752.967184 0.063757 0.165083 1.572974 -0.033078 -0.726955 0.026128 0.685391 2 1.000000
1520616753.067466 -0.003559 0.153878 1.568427 -0.036814 -0.726620 0.027267 0.685510 2 1.000000
1520616753.167470 -0.067052 0.142361 1.567113 -0.032287 -0.725027 0.024875 0.687514 2 1.000000
1520616753.267472 -0.138395 0.138750 1.565114 -0.036212 -0.725478 0.032562 0.686520 2 1.000000
1520616753.367476 -0.209803 0.145290 1.561355 -0.034155 -0.726480 0.035840 0.685402 2 1.000000
1520616753.467479 -0.283026 0.148002 1.555283 -0.032988 -0.728923 0.038120 0.682737 2 1.000000
1520616753.567482 -0.349210 0.144822 1.549952 -0.043325 -0.735158 0.043618 0.675103 2 1.000000
1520616753.667485 -0.413928 0.135166 1.544259 -0.057550 -0.746022 0.047064 0.661758 2 1.000000
1520616753.767488 -0.481335 0.134425 1.535403 -0.055036 -0.744485 0.046317 0.663752 2 1.000000
1520616753.867492 -0.548694 0.137572 1.534216 -0.050260 -0.733279 0.060793 0.675337 2 1.000000
1520616753.967494 -0.623076 0.146218 1.540257 -0.056583 -0.700914 0.086044 0.705772 2 1.000000
1520616754.067498 -0.684284 0.140442 1.562323 -0.068676 -0.644143 0.114564 0.753152 2 1.000000
1520616754.117499 -0.717437 0.135050 1.576994 -0.076309 -0.605565 0.128904 0.781570 2 1.000000
1520616754.167500 -0.741933 0.132151 1.594913 -0.082872 -0.563732 0.138020 0.810117 2 1.000000
1520616754.217502 -0.765684 0.134245 1.615437 -0.089457 -0.520063 0.147837 0.836466 2 1.000000
1520616754.266214 -0.784851 0.130548 1.634676 -0.096706 -0.477650 0.159943 0.858439 2 1.000000
1520616754.316215 -0.806671 0.131773 1.658063 -0.095994 -0.432791 0.172272 0.879659 2 1.000000
1520616754.366217 -0.822819 0.137231 1.682991 -0.089277 -0.393311 0.185670 0.896026 2 1.000000
1520616754.416219 -0.840875 0.139909 1.709462 -0.078763 -0.354222 0.192967 0.911640 2 1.000000
1520616754.516221 -0.868754 0.143791 1.764388 -0.063890 -0.280225 0.197097 0.937307 2 1.000000
1520616754.616225 -0.885490 0.151895 1.819663 -0.064759 -0.207816 0.195544 0.956233 2 1.000000
1520616754.715357 -0.894362 0.153092 1.873989 -0.063282 -0.147259 0.184704 0.969636 2 1.000000
1520616754.815360 -0.898484 0.161289 1.930754 -0.053509 -0.083811 0.179400 0.978738 2 1.000000
1520616754.915363 -0.902942 0.169152 1.991107 -0.040741 -0.019646 0.168097 0.984732 2 1.000000
1520616755.015366 -0.904811 0.171128 2.047440 -0.029211 0.038638 0.161193 0.985734 2 1.000000
1520616755.112587 -0.900219 0.168678 2.102247 -0.030051 0.088507 0.159322 0.982792 2 1.000000
1520616755.212590 -0.886158 0.170940 2.156735 -0.032950 0.151311 0.151906 0.976189 2 1.000000
1520616755.312594 -0.864056 0.168508 2.209977 -0.026083 0.210668 0.160248 0.963981 2 1.000000
1520616755.412597 -0.836326 0.174339 2.269405 -0.011803 0.264390 0.169317 0.949363 2 1.000000
1520616755.510414 -0.806863 0.185044 2.320663 -0.000959 0.307794 0.180286 0.934216 2 1.000000
1520616755.610417 -0.769755 0.189288 2.376815 0.004048 0.342969 0.184712 0.920998 2 1.000000
1520616755.710420 -0.725792 0.184317 2.419038 0.010678 0.380929 0.171934 0.908415 2 1.000000
1520616755.810423 -0.673801 0.182714 2.465496 0.019076 0.421043 0.164232 0.891845 2 1.000000
1520616755.909452 -0.619853 0.191372 2.494839 0.023756 0.467531 0.154610 0.870027 2 1.000000
1520616756.009455 -0.564224 0.205796 2.530246 0.028468 0.509404 0.145558 0.847650 2 1.000000
1520616756.109494 -0.502010 0.211670 2.557156 0.029702 0.547124 0.130073 0.826350 2 1.000000
1520616756.209462 -0.441375 0.211105 2.580249 0.024985 0.600194 0.104890 0.792553 2 1.000000
1520616756.309029 -0.377053 0.208072 2.585669 0.025000 0.650471 0.094977 0.753155 2 1.000000
1520616756.409032 -0.319013 0.207827 2.591660 0.037169 0.689603 0.105991 0.715425 2 1.000000
1520616756.509036 -0.250402 0.210711 2.589381 0.059200 0.723450 0.106201 0.679586 2 1.000000
1520616756.609038 -0.189590 0.215596 2.582423 0.079256 0.749378 0.104358 0.649046 2 1.000000
1520616756.709248 -0.127301 0.219888 2.567770 0.079388 0.772530 0.105759 0.621055 2 1.000000
1520616756.809251 -0.069848 0.211740 2.545741 0.078877 0.798136 0.102071 0.588505 2 1.000000
1520616756.909254 -0.015756 0.204500 2.517945 0.085880 0.823311 0.090096 0.553775 2 1.000000
1520616757.009258 0.040175 0.208041 2.481201 0.092189 0.854406 0.077962 0.505385 2 1.000000
1520616757.111738 0.097114 0.218372 2.434795 0.105122 0.885647 0.073272 0.446331 2 1.000000
1520616757.211741 0.143013 0.219448 2.386918 0.126109 0.914938 0.053440 0.379645 2 1.000000
1520616757.311744 0.174903 0.210921 2.334058 0.129739 0.943550 0.038358 0.302340 2 1.000000
1520616757.361746 0.184286 0.208011 2.307045 0.128369 0.956202 0.037579 0.260361 2 1.000000
1520616757.461749 0.200461 0.206951 2.246457 0.133914 0.972830 0.032628 0.186023 2 1.000000
1520616757.567495 0.208164 0.202496 2.186483 0.139121 0.983179 0.017880 0.116983 2 1.000000
1520616757.667497 0.215247 0.213433 2.123667 0.148521 0.986418 -0.000429 0.070143 2 1.000000
1520616757.767558 0.219118 0.207429 2.072860 0.158441 0.987119 -0.006201 0.021317 2 1.000000
1520616757.867502 0.210527 0.196195 2.018906 -0.159001 -0.986676 0.013510 0.031727 2 1.000000
1520616757.967064 0.192089 0.183542 1.958670 -0.168044 -0.981800 0.023136 0.085410 2 1.000000
1520616758.067067 0.167623 0.181912 1.901844 -0.171937 -0.970864 0.045029 0.160727 2 1.000000
1520616758.167070 0.132686 0.189524 1.844493 -0.174148 -0.953797 0.058046 0.237854 2 1.000000
1520616758.217072 0.107955 0.189234 1.820074 -0.168525 -0.942030 0.062015 0.283432 2 1.000000
1520616758.267074 0.086826 0.188349 1.801685 -0.163655 -0.926390 0.073371 0.331112 2 1.000000
1520616758.317075 0.061822 0.187945 1.782746 -0.157620 -0.908405 0.089476 0.376762 2 1.000000
1520616758.367632 0.037110 0.182618 1.773885 -0.145819 -0.886866 0.098227 0.427267 2 1.000000
1520616758.417634 0.013194 0.178487 1.763166 -0.140731 -0.862773 0.098726 0.475468 2 1.000000
1520616758.467635 -0.021260 0.177076 1.754458 -0.141108 -0.841444 0.089540 0.513851 2 1.000000
1520616758.567639 -0.078522 0.175913 1.738722 -0.153104 -0.802284 0.078233 0.571647 2 1.000000
1520616758.667641 -0.158698 0.196592 1.746680 -0.136923 -0.780351 0.060562 0.607154 2 1.000000
1520616758.767645 -0.208061 0.201741 1.725697 -0.150145 -0.753234 0.071291 0.636406 2 1.000000
1520616758.867649 -0.267537 0.193568 1.700325 -0.166479 -0.730578 0.073875 0.658090 2 1.000000
1520616758.967651 -0.345788 0.178176 1.683780 -0.158596 -0.704206 0.082446 0.687128 2 1.000000
1520616759.067654 -0.412375 0.171029 1.696403 -0.142522 -0.672265 0.097497 0.719889 2 1.000000
1520616759.167657 -0.484041 0.182551 1.719772 -0.135495 -0.637648 0.106325 0.750827 2 1.000000
1520616759.267661 -0.538076 0.194300 1.725079 -0.139037 -0.594863 0.109227 0.784140 2 1.000000
1520616759.367663 -0.601441 0.199485 1.760321 -0.131138 -0.542561 0.106654 0.822834 2 1.000000
1520616759.467666 -0.662947 0.193105 1.808676 -0.121332 -0.481951 0.109553 0.860813 2 1.000000
1520616759.565589 -0.712054 0.185447 1.858207 -0.115639 -0.417292 0.116528 0.893821 2 1.000000
1520616759.665593 -0.755356 0.186071 1.915329 -0.112504 -0.353871 0.139010 0.918038 2 1.000000
1520616759.765596 -0.793529 0.195965 1.974171 -0.104551 -0.295476 0.152582 0.937274 2 1.000000
1520616759.865599 -0.827210 0.207750 2.034144 -0.098080 -0.248465 0.156507 0.950868 2 1.000000
1520616759.963820 -0.845398 0.209931 2.096965 -0.094686 -0.197803 0.143470 0.965052 2 1.000000
1520616760.063824 -0.852715 0.202983 2.161082 -0.090639 -0.134750 0.136530 0.977234 2 1.000000
1520616760.163826 -0.853202 0.201361 2.223855 -0.084527 -0.063302 0.131454 0.985681 2 1.000000
1520616760.263829 -0.848148 0.202749 2.288096 -0.066011 0.015314 0.139937 0.987839 2 1.000000
1520616760.363834 -0.834174 0.212416 2.349286 -0.046649 0.097092 0.160728 0.981103 2 1.000000
1520616760.462090 -0.809113 0.217712 2.403051 -0.024870 0.180074 0.171678 0.968236 2 1.000000
1520616760.512091 -0.791335 0.215875 2.427157 -0.012698 0.226130 0.169949 0.959073 2 1.000000
1520616760.562093 -0.770368 0.213466 2.450162 -0.007707 0.272940 0.167274 0.947346 2 1.000000
1520616760.662097 -0.725044 0.211560 2.485215 -0.011339 0.349373 0.171887 0.921013 2 1.000000
1520616760.762099 -0.671256 0.219472 2.513083 0.000483 0.423314 0.170325 0.889828 2 1.000000
1520616760.859895 -0.612838 0.227813 2.536747 0.014394 0.482729 0.170177 0.858956 2 1.000000
1520616760.959898 -0.552118 0.236021 2.554001 0.020927 0.532287 0.173708 0.828287 2 1.000000
1520616761.059901 -0.488778 0.233937 2.564489 0.026328 0.569236 0.162860 0.805452 2 1.000000
1520616761.159904 -0.422801 0.228863 2.569059 0.026258 0.600561 0.148732 0.785185 2 1.000000
1520616761.259289 -0.353631 0.231775 2.567310 0.017184 0.633161 0.148633 0.759421 2 1.000000
1520616761.359292 -0.277594 0.242024 2.559349 0.028490 0.673655 0.144012 0.724318 2 1.000000
1520616761.459296 -0.198373 0.251305 2.542300 0.045425 0.717920 0.130574 0.682260 2 1.000000
1520616761.559299 -0.124126 0.251334 2.513028 0.047432 0.759111 0.121111 0.637835 2 1.000000
1520616761.659658 -0.056338 0.241196 2.472641 0.048719 0.803788 0.108919 0.582827 2 1.000000
1520616761.759662 0.009449 0.234776 2.424053 0.076530 0.846375 0.111335 0.515166 2 1.000000
1520616761.859665 0.071896 0.235758 2.367954 0.106320 0.882994 0.094716 0.447266 2 1.000000
1520616761.959668 0.126951 0.239620 2.305682 0.119008 0.910553 0.079233 0.387882 2 1.000000
1520616762.064319 0.171376 0.237758 2.239587 0.104173 0.937432 0.065658 0.325665 2 1.000000
1520616762.164322 0.203489 0.226535 2.176238 0.085809 0.955832 0.051475 0.276355 2 1.000000
1520616762.264325 0.234560 0.225104 2.114655 0.057938 0.967420 0.022216 0.245453 2 1.000000
1520616762.364328 0.271272 0.212893 2.052031 0.023832 0.971966 -0.000236 0.233912 2 1.000000
1520616762.466155 0.317026 0.214728 1.996228 -0.007858 0.971009 -0.009971 0.238706 2 1.000000
1520616762.566158 0.366049 0.200304 1.945636 -0.035210 0.962511 -0.006797 0.268863 2 1.000000
1520616762.666161 0.418540 0.193371 1.902248 -0.055094 0.946106 -0.003358 0.319118 2 1.000000
1520616762.766164 0.473895 0.183740 1.863724 -0.067864 0.923278 0.001855 0.378085 2 1.000000
1520616762.864168 0.530713 0.193199 1.837866 -0.077185 0.891002 0.005403 0.447358 2 1.000000
1520616762.964171 0.588881 0.207840 1.814908 -0.080826 0.851661 0.020004 0.517436 2 1.000000
1520616763.064175 0.640298 0.211350 1.792053 -0.082190 0.818325 0.037811 0.567590 2 1.000000
1520616763.164178 0.700907 0.214067 1.773392 -0.091387 0.785631 0.032233 0.611059 2 1.000000
1520616763.262399 0.761957 0.209035 1.757946 -0.093859 0.748400 0.039706 0.655372 2 1.000000
1520616763.362402 0.821826 0.218635 1.745319 -0.090630 0.723275 0.042390 0.683273 2 1.000000
1520616763.462405 0.891429 0.226157 1.724434 -0.081463 0.715503 0.046512 0.692283 2 1.000000
1520616763.562408 0.963917 0.233360 1.708110 -0.076384 0.726659 0.041850 0.681455 2 1.000000
1520616763.661420 1.031957 0.226496 1.693563 -0.078889 0.738206 0.054569 0.667721 2 1.000000
1520616763.761423 1.104228 0.210239 1.684682 -0.067562 0.746781 0.051041 0.659658 2 1.000000
1520616763.861426 1.180148 0.208044 1.677550 -0.040482 0.751756 0.044549 0.656688 2 1.000000
1520616763.961429 1.257392 0.216399 1.665084 -0.029537 0.751554 0.044769 0.657487 2 1.000000
1520616764.060730 1.332914 0.228267 1.658895 -0.032026 0.743533 0.053160 0.665813 2 1.000000
1520616764.160734 1.408172 0.228009 1.658772 -0.031201 0.727845 0.062327 0.682190 2 1.000000
1520616764.260736 1.480001 0.218150 1.665551 -0.033951 0.707437 0.064213 0.703034 2 1.000000
1520616764.360739 1.549953 0.212972 1.671806 -0.038164 0.691408 0.056294 0.719256 2 1.000000
1520616764.461072 1.625426 0.220721 1.680657 -0.031940 0.681855 0.040588 0.729661 2 1.000000
1520616764.561075 1.702727 0.231409 1.684497 -0.027231 0.679707 0.030441 0.732346 2 1.000000
1520616764.661079 1.783450 0.231997 1.686149 -0.029501 0.686002 0.045241 0.725593 2 1.000000
1520616764.761082 1.856938 0.223199 1.685932 -0.033563 0.707280 0.052312 0.704196 2 1.000000
1520616764.861085 1.929873 0.217483 1.680102 -0.029192 0.723747 0.057806 0.687020 2 1.000000
1520616764.962138 2.007835 0.225644 1.674976 -0.017623 0.730667 0.060281 0.679839 2 1.000000
1520616765.062141 2.086955 0.240279 1.671075 -0.017648 0.727639 0.062727 0.682858 2 1.000000
1520616765.162144 2.162525 0.246340 1.671767 -0.021921 0.715697 0.065213 0.695014 2 1.000000
1520616765.262148 2.239977 0.240344 1.674402 -0.042266 0.701063 0.066781 0.708707 2 1.000000
1520616765.362946 2.309747 0.234938 1.678704 -0.053629 0.686252 0.071038 0.721898 2 1.000000
1520616765.462949 2.384897 0.240934 1.680315 -0.057125 0.673413 0.060828 0.734542 2 1.000000
1520616765.562951 2.464097 0.254514 1.682712 -0.055029 0.662334 0.057465 0.744972 2 1.000000
1520616765.662955 2.543169 0.261590 1.675220 -0.060948 0.674975 0.052855 0.733417 2 1.000000
1520616765.762481 2.625784 0.256266 1.667718 -0.068201 0.694742 0.066906 0.712886 2 1.000000
1520616765.862483 2.703658 0.248829 1.655369 -0.071543 0.713817 0.068477 0.693295 2 1.000000
1520616765.962517 2.779301 0.249354 1.645528 -0.057795 0.724244 0.072338 0.683299 2 1.000000
1520616766.062489 2.862100 0.261918 1.629359 -0.045849 0.731588 0.061359 0.677431 2 1.000000
1520616766.161556 2.931102 0.266315 1.623256 -0.038655 0.729888 0.058105 0.679995 2 1.000000
1520616766.261560 3.010316 0.262462 1.616207 -0.052885 0.723002 0.050975 0.686930 2 1.000000
1520616766.361563 3.075952 0.251162 1.618004 -0.059919 0.708756 0.051325 0.701028 2 1.000000
1520616766.461566 3.150218 0.248973 1.618589 -0.060925 0.693329 0.038628 0.717001 2 1.000000
1520616766.560797 3.219208 0.257396 1.621753 -0.060678 0.677734 0.026453 0.732322 2 1.000000
1520616766.660800 3.291990 0.266463 1.626652 -0.061418 0.667865 0.018082 0.741524 2 1.000000
1520616766.760803 3.374251 0.267455 1.631528 -0.066949 0.665478 0.022777 0.743060 2 1.000000
1520616766.860806 3.445553 0.259398 1.638066 -0.072028 0.668694 0.029892 0.739437 2 1.000000
1520616766.960778 3.514683 0.254109 1.644224 -0.062139 0.669703 0.035762 0.739160 2 1.000000
1520616767.060781 3.588544 0.253988 1.653882 -0.046111 0.658485 0.031487 0.750520 2 1.000000
1520616767.160784 3.663743 0.263841 1.663596 -0.035618 0.635624 0.024171 0.770798 2 1.000000
1520616767.260787 3.744462 0.265957 1.678791 -0.037635 0.602883 0.018028 0.796738 2 1.000000
1520616767.361925 3.818111 0.262523 1.699945 -0.048626 0.561059 0.019584 0.826114 2 1.000000
1520616767.461928 3.876639 0.258907 1.729132 -0.059160 0.517541 0.028721 0.853127 2 1.000000
1520616767.561930 3.930742 0.262603 1.757183 -0.061129 0.477650 0.014892 0.876295 2 1.000000
1520616767.661934 3.997245 0.275990 1.792256 -0.059782 0.437164 -0.003985 0.897384 2 1.000000
1520616767.762353 4.059257 0.284426 1.830197 -0.063470 0.397927 -0.015285 0.915091 2 1.000000
1520616767.862358 4.115149 0.283786 1.874785 -0.062690 0.359517 -0.019982 0.930816 2 1.000000
1520616767.962361 4.161393 0.278118 1.918435 -0.050263 0.314040 -0.027080 0.947692 2 1.000000
1520616768.062363 4.200775 0.278191 1.970732 -0.043617 0.245533 -0.023212 0.968128 2 1.000000
1520616768.160436 4.228506 0.294300 2.020396 -0.041430 0.181472 -0.017900 0.982360 2 1.000000
1520616768.260439 4.254344 0.308885 2.077773 -0.044407 0.121971 -0.006208 0.991520 2 1.000000
1520616768.360442 4.267605 0.308800 2.132435 -0.041516 0.060297 0.003766 0.997310 2 1.000000
1520616768.460445 4.270820 0.305533 2.184599 -0.039878 -0.015844 0.015847 0.998953 2 1.000000
1520616768.559714 4.267534 0.304963 2.237185 -0.046293 -0.075184 0.012776 0.996013 2 1.000000
1520616768.659717 4.269060 0.313848 2.302024 -0.044926 -0.123449 0.011118 0.991271 2 1.000000
1520616768.759721 4.261014 0.320232 2.357283 -0.042875 -0.153686 0.013644 0.987095 2 1.000000
1520616768.859723 4.251085 0.323447 2.407296 -0.039043 -0.169420 0.015185 0.984653 2 1.000000
1520616768.959624 4.242254 0.315172 2.472386 -0.030343 -0.172712 0.021770 0.984264 2 1.000000
1520616769.059627 4.226870 0.305036 2.527981 -0.010208 -0.192158 0.024872 0.980996 2 1.000000
1520616769.159634 4.203673 0.303467 2.578910 0.009137 -0.248278 0.018980 0.968460 2 1.000000
1520616769.259712 4.175794 0.313220 2.633422 0.016432 -0.305397 0.009443 0.952036 2 1.000000
1520616769.359636 4.140984 0.321911 2.671645 0.016053 -0.367205 0.002688 0.929998 2 1.000000
1520616769.459701 4.101052 0.321134 2.701574 0.014692 -0.445082 0.001856 0.895367 2 1.000000
1520616769.509702 4.078349 0.319532 2.715575 0.012906 -0.486516 0.004556 0.873564 2 1.000000
1520616769.609704 4.031046 0.319147 2.724572 0.004609 -0.555404 0.000481 0.831568 2 1.000000
1520616769.709707 3.981348 0.327778 2.736346 0.003412 -0.608730 -0.001026 0.793370 2 1.000000
1520616769.810701 3.929690 0.338557 2.742010 0.005822 -0.650706 0.001592 0.759305 2 1.000000
1520616769.910705 3.871790 0.344608 2.747096 -0.003433 -0.677681 0.002088 0.735345 2 1.000000
1520616770.010708 3.817853 0.339974 2.744230 -0.012057 -0.697722 0.010258 0.716193 2 1.000000
1520616770.110711 3.763606 0.330083 2.738735 -0.010326 -0.714736 0.030593 0.698649 2 1.000000
1520616770.211904 3.709296 0.328783 2.730836 -0.015311 -0.731845 0.038731 0.680198 2 1.000000
1520616770.311908 3.652641 0.331457 2.724540 -0.020908 -0.742115 0.037835 0.668877 2 1.000000
1520616770.411911 3.590351 0.330238 2.720424 -0.023832 -0.738232 0.041698 0.672835 2 1.000000
1520616770.511914 3.527709 0.320692 2.720169 -0.034154 -0.725216 0.044673 0.686222 2 1.000000
1520616770.612808 3.469861 0.307319 2.722721 -0.024330 -0.705914 0.049995 0.706112 2 1.000000
1520616770.712812 3.409961 0.297488 2.728586 -0.015202 -0.678420 0.055416 0.732424 2 1.000000
1520616770.812815 3.347084 0.291338 2.744736 -0.012232 -0.638277 0.052342 0.767928 2 1.000000
1520616770.912921 3.283253 0.292117 2.764091 -0.016276 -0.577782 0.048284 0.814599 2 1.000000
1520616770.962820 3.255841 0.290916 2.779254 -0.019795 -0.541155 0.048756 0.839275 2 1.000000
1520616771.012595 3.228598 0.289788 2.796874 -0.020862 -0.501983 0.053108 0.862993 2 1.000000
1520616771.062597 3.205688 0.284022 2.816879 -0.021373 -0.459036 0.054930 0.886460 2 1.000000
1520616771.112598 3.183863 0.278214 2.839725 -0.017486 -0.410519 0.052173 0.910190 2 1.000000
1520616771.162600 3.167337 0.272774 2.864928 -0.015748 -0.359579 0.049463 0.931670 2 1.000000
1520616771.212601 3.156407 0.268374 2.890359 -0.020006 -0.308936 0.046786 0.949721 2 1.000000
1520616771.262603 3.145438 0.263726 2.916775 -0.027476 -0.255704 0.045807 0.965279 2 1.000000
1520616771.312604 3.135281 0.261104 2.948750 -0.031501 -0.202511 0.049821 0.977504 2 1.000000
1520616771.362606 3.134130 0.262878 2.976518 -0.029200 -0.152653 0.059530 0.986053 2 1.000000
1520616771.411128 3.129342 0.255891 3.003817 -0.023637 -0.102909 0.071236 0.991855 2 1.000000
1520616771.461130 3.130023 0.251647 3.034063 -0.008586 -0.053967 0.078360 0.995426 2 1.000000
1520616771.511132 3.135141 0.245445 3.064380 0.007634 -0.001756 0.080357 0.996735 2 1.000000
1520616771.561133 3.142853 0.241171 3.090440 0.017624 0.052087 0.080925 0.995202 2 1.000000
1520616771.611135 3.156873 0.239908 3.115668 0.017912 0.105277 0.080511 0.991017 2 1.000000
1520616771.661136 3.170581 0.238918 3.138829 0.010371 0.159717 0.079287 0.983919 2 1.000000
1520616771.711138 3.190344 0.242211 3.159846 0.005150 0.211901 0.076721 0.974261 2 1.000000
1520616771.761139 3.191530 0.240062 3.199515 0.004694 0.268655 0.072452 0.960496 2 1.000000
1520616771.811141 3.216477 0.243153 3.214423 0.007600 0.324972 0.067518 0.943280 2 1.000000
1520616771.860009 3.238316 0.245119 3.226582 0.011636 0.378859 0.063853 0.923176 2 1.000000
1520616771.910011 3.263692 0.248802 3.237649 0.013515 0.432568 0.061666 0.899388 2 1.000000
1520616771.960012 3.290325 0.254467 3.240772 0.016098 0.482216 0.061552 0.873739 2 1.000000
1520616772.010014 3.314505 0.258557 3.242596 0.015208 0.529544 0.061177 0.845937 2 1.000000
1520616772.060015 3.339546 0.260642 3.238527 0.012082 0.573413 0.064997 0.816595 2 1.000000
1520616772.110017 3.364233 0.265410 3.233944 0.010384 0.611462 0.068215 0.788259 2 1.000000
1520616772.160018 3.388138 0.267483 3.226815 0.006765 0.647285 0.067183 0.759252 2 1.000000
1520616772.259750 3.439548 0.271387 3.204117 0.002048 0.705051 0.067483 0.705935 2 1.000000
1520616772.359753 3.491482 0.275331 3.172912 0.003040 0.749947 0.069821 0.657796 2 1.000000
1520616772.459757 3.542614 0.282298 3.139128 -0.001999 0.782322 0.065386 0.619429 2 1.000000
1520616772.559759 3.591418 0.287893 3.103508 -0.016142 0.797021 0.049676 0.601689 2 1.000000
1520616772.659722 3.642714 0.295119 3.070789 -0.029124 0.809491 0.036923 0.585246 2 1.000000
1520616772.759725 3.692613 0.299149 3.033480 -0.036165 0.826472 0.036273 0.560643 2 1.000000
1520616772.859728 3.746052 0.306916 2.995925 -0.032504 0.849422 0.040736 0.525135 2 1.000000
1520616772.959731 3.797348 0.318768 2.952197 -0.031917 0.872924 0.045719 0.484659 2 1.000000
1520616773.060005 3.851356 0.327403 2.909485 -0.024578 0.897140 0.050089 0.438208 2 1.000000
1520616773.160008 3.901402 0.326142 2.863053 -0.015800 0.918405 0.043296 0.392948 2 1.000000
1520616773.260011 3.945362 0.317347 2.811039 -0.016745 0.936855 0.044739 0.346439 2 1.000000
1520616773.360015 3.985759 0.313506 2.755766 -0.009828 0.952558 0.055793 0.299039 2 1.000000
1520616773.461805 4.024747 0.318955 2.697242 -0.000507 0.964176 0.057352 0.258989 2 1.000000
1520616773.561808 4.058745 0.324140 2.636350 -0.000062 0.972619 0.052292 0.226448 2 1.000000
1520616773.661811 4.093668 0.325594 2.577312 -0.005035 0.976559 0.056258 0.207707 2 1.000000
1520616773.761815 4.125232 0.321410 2.516984 -0.025683 0.979621 0.051947 0.192313 2 1.000000
1520616773.863091 4.157948 0.315140 2.461168 -0.042298 0.980443 0.034525 0.189076 2 1.000000
1520616773.963094 4.191251 0.316185 2.409061 -0.051839 0.980471 0.023438 0.188256 2 1.000000
1520616774.063097 4.222046 0.321211 2.349034 -0.063128 0.979963 0.030848 0.186377 2 1.000000
1520616774.163101 4.250604 0.324048 2.284863 -0.075510 0.978870 0.029949 0.187655 2 1.000000
1520616774.263104 4.289142 0.322213 2.227073 -0.091487 0.977686 0.021880 0.187834 2 1.000000
1520616774.362897 4.317993 0.305080 2.167925 -0.096357 0.976252 0.017113 0.193274 2 1.000000
1520616774.462900 4.348454 0.289667 2.116802 -0.090324 0.973518 0.021702 0.208885 2 1.000000
1520616774.562903 4.386402 0.298794 2.061148 -0.090589 0.967579 0.008410 0.235612 2 1.000000
1520616774.662906 4.421407 0.299743 2.011178 -0.094529 0.955629 0.003036 0.278978 2 1.000000
1520616774.763841 4.467508 0.298177 1.969754 -0.100228 0.938411 0.000590 0.330663 2 1.000000
1520616774.863844 4.513958 0.299677 1.933254 -0.105513 0.916856 0.009697 0.384899 2 1.000000
1520616774.963848 4.563792 0.298476 1.902849 -0.093374 0.892597 0.016921 0.440756 2 1.000000
1520616775.063851 4.622177 0.302391 1.873670 -0.067224 0.869803 0.007577 0.488739 2 1.000000
1520616775.166384 4.683688 0.307388 1.843013 -0.045275 0.852588 0.007192 0.520569 2 1.000000
1520616775.266387 4.745605 0.309412 1.812254 -0.036633 0.848336 0.021892 0.527735 2 1.000000
1520616775.366391 4.806622 0.304548 1.781849 -0.021496 0.849439 0.044312 0.525384 2 1.000000
1520616775.466395 4.865378 0.294151 1.750519 -0.008567 0.857228 0.051621 0.512272 2 1.000000
1520616775.568128 4.924755 0.291999 1.715229 0.018180 0.865636 0.057756 0.496998 2 1.000000
1520616775.668128 4.981249 0.292821 1.678352 0.041765 0.875614 0.057412 0.477765 2 1.000000
1520616775.768131 5.036040 0.294210 1.632908 0.054162 0.885451 0.051212 0.458716 2 1.000000
1520616775.868135 5.087195 0.290818 1.590944 0.059178 0.896550 0.046184 0.436534 2 1.000000
1520616775.968138 5.128816 0.281191 1.545000 0.052930 0.908557 0.033057 0.413073 2 1.000000
1520616776.068141 5.173020 0.279401 1.496465 0.052503 0.922449 0.021975 0.381902 2 1.000000
1520616776.168144 5.211477 0.284204 1.443572 0.054290 0.937738 0.008531 0.342970 2 1.000000
1520616776.268147 5.248453 0.293092 1.386154 0.050296 0.952148 -0.004759 0.301434 2 1.000000
1520616776.368176 5.286967 0.294719 1.331885 0.038823 0.964356 -0.004305 0.261710 2 1.000000
1520616776.468179 5.315581 0.291612 1.281023 0.018099 0.971995 0.005815 0.234232 2 1.000000
1520616776.568182 5.342533 0.288256 1.224777 0.004726 0.975407 0.004399 0.220319 2 1.000000
1520616776.668186 5.375575 0.290608 1.168310 -0.001355 0.974235 -0.001315 0.225526 2 1.000000
1520616776.767155 5.406441 0.294804 1.120481 -0.011251 0.967337 -0.008084 0.253114 2 1.000000
1520616776.867158 5.446365 0.293969 1.071684 -0.022853 0.951605 -0.009533 0.306324 2 1.000000
1520616776.967161 5.484671 0.285533 1.034923 -0.036666 0.930488 -0.003490 0.364467 2 1.000000
1520616777.067164 5.529879 0.277794 1.004813 -0.031888 0.904820 -0.006096 0.424554 2 1.000000
1520616777.166659 5.582316 0.274115 0.969947 -0.021520 0.878922 -0.011140 0.476349 2 1.000000
1520616777.266662 5.642056 0.280729 0.936015 -0.001060 0.862062 -0.010318 0.506697 2 1.000000
1520616777.366666 5.697596 0.279636 0.905304 0.023423 0.862500 -0.001647 0.505512 2 1.000000
1520616777.466704 5.743611 0.273308 0.880331 0.044772 0.871277 0.016144 0.488478 2 1.000000
1520616777.566918 5.792528 0.262117 0.847252 0.058982 0.885522 0.038538 0.459224 2 1.000000
1520616777.666921 5.844493 0.259707 0.807835 0.078713 0.895470 0.056625 0.434431 2 1.000000
1520616777.766924 5.885472 0.262019 0.772734 0.099230 0.904143 0.060499 0.411120 2 1.000000
1520616777.866927 5.931384 0.262803 0.726168 0.120360 0.914151 0.050572 0.383777 2 1.000000
1520616777.965326 5.969291 0.257503 0.675363 0.143610 0.929631 0.031952 0.337849 2 1.000000
1520616778.065329 5.998698 0.250141 0.619620 0.155087 0.945669 0.025111 0.284653 2 1.000000
1520616778.165332 6.020422 0.248032 0.563812 0.162661 0.960643 0.028865 0.223323 2 1.000000
1520616778.265336 6.033991 0.251424 0.504112 0.162516 0.974815 0.024679 0.150719 2 1.000000
1520616778.362358 6.039974 0.254410 0.447207 0.159245 0.983959 0.007172 0.080089 2 1.000000
1520616778.462361 6.036595 0.255464 0.389339 0.147744 0.988939 -0.012024 0.005100 2 1.000000
1520616778.562364 6.024753 0.251925 0.337650 -0.116626 -0.990761 0.022414 0.065494 2 1.000000
1520616778.662367 6.006124 0.245526 0.286030 -0.087677 -0.987605 0.033745 0.125741 2 1.000000
1520616778.762370 5.983213 0.246964 0.232925 -0.057371 -0.982026 0.042487 0.174726 2 1.000000
1520616778.860534 5.959689 0.247528 0.181909 -0.033989 -0.976754 0.051743 0.205229 2 1.000000
1520616778.960536 5.933990 0.245405 0.128078 -0.004365 -0.974021 0.071410 0.214859 2 1.000000
1520616779.060541 5.922972 0.238684 0.076833 0.022937 -0.974748 0.078602 0.207753 2 1.000000
1520616779.160543 5.913078 0.231945 0.026302 0.044302 -0.978262 0.074737 0.188298 2 1.000000
1520616779.259791 5.907872 0.230760 -0.024312 0.054964 -0.981801 0.060369 0.171470 2 1.000000
1520616779.359794 5.898038 0.237092 -0.079907 0.058772 -0.985037 0.053141 0.153051 2 1.000000
1520616779.459797 5.896715 0.241412 -0.138637 0.070280 -0.987479 0.054006 0.130499 2 1.000000
1520616779.559800 5.899939 0.240013 -0.197711 0.083411 -0.988965 0.053015 0.110362 2 1.000000
1520616779.659576 5.903999 0.234097 -0.248385 0.087262 -0.991798 0.044853 0.081920 2 1.000000
1520616779.759579 5.913759 0.226109 -0.298796 0.098051 -0.992614 0.042363 0.057520 2 1.000000
1520616779.859583 5.924826 0.219670 -0.354672 0.100466 -0.993783 0.035614 0.032139 2 1.000000
1520616779.959586 5.943891 0.218037 -0.412116 -0.088461 0.995470 -0.033241 0.010425 2 1.000000
1520616780.060066 5.971941 0.218342 -0.467462 -0.078514 0.993745 -0.035631 0.070969 2 1.000000
1520616780.160069 6.006519 0.216030 -0.513903 -0.069716 0.985738 -0.047460 0.145632 2 1.000000
1520616780.260072 6.047608 0.206484 -0.547027 -0.053528 0.971113 -0.051813 0.226694 2 1.000000
1520616780.310074 6.069064 0.202561 -0.560650 -0.051850 0.958828 -0.055207 0.273702 2 1.000000
1520616780.360075 6.094839 0.202483 -0.578175 -0.049197 0.944546 -0.058148 0.319424 2 1.000000
1520616780.411785 6.120173 0.199985 -0.589801 -0.055770 0.926279 -0.060193 0.367795 2 1.000000
1520616780.461786 6.142168 0.203226 -0.596826 -0.062388 0.906955 -0.067232 0.411122 2 1.000000
1520616780.511789 6.165766 0.204669 -0.600352 -0.067151 0.884647 -0.070801 0.455937 2 1.000000
1520616780.561790 6.185555 0.204122 -0.603820 -0.066946 0.859049 -0.075420 0.501862 2 1.000000
1520616780.611791 6.207678 0.205088 -0.601743 -0.066707 0.830647 -0.081412 0.546761 2 1.000000
1520616780.661796 6.233465 0.206067 -0.600384 -0.063041 0.798387 -0.088566 0.592250 2 1.000000
1520616780.711794 6.252039 0.204979 -0.591500 -0.058465 0.760325 -0.093643 0.640093 2 1.000000
1520616780.761875 6.269010 0.205531 -0.580020 -0.051169 0.718538 -0.098099 0.686631 2 1.000000
1520616780.810660 6.284052 0.204430 -0.567499 -0.046147 0.677579 -0.101902 0.726893 2 1.000000
1520616780.860662 6.296622 0.203269 -0.549163 -0.042450 0.629433 -0.102090 0.769149 2 1.000000
1520616780.910663 6.306138 0.205583 -0.529193 -0.038537 0.576165 -0.101714 0.810064 2 1.000000
1520616780.960665 6.314688 0.205136 -0.507977 -0.034041 0.517250 -0.095873 0.849766 2 1.000000
1520616781.010667 6.318111 0.212180 -0.486105 -0.029587 0.454299 -0.090803 0.885716 2 1.000000
1520616781.060668 6.317811 0.217083 -0.463268 -0.026137 0.391278 -0.085540 0.915915 2 1.000000
1520616781.110671 6.313674 0.221532 -0.442738 -0.021993 0.326685 -0.082165 0.941298 2 1.000000
1520616781.160671 6.305458 0.223474 -0.424246 -0.016371 0.259555 -0.078349 0.962406 2 1.000000
1520616781.210673 6.290206 0.225635 -0.403906 -0.008109 0.195800 -0.071736 0.977983 2 1.000000
1520616781.261109 6.278140 0.225527 -0.387165 -0.002114 0.126981 -0.060868 0.990034 2 1.000000
1520616781.311111 6.256732 0.222851 -0.369741 0.003044 0.068673 -0.052009 0.996278 2 1.000000
1520616781.361112 6.241371 0.219864 -0.355152 0.008608 0.013681 -0.040436 0.999051 2 1.000000
1520616781.411114 6.215985 0.218746 -0.338974 0.011943 -0.029195 -0.029395 0.999070 2 1.000000
1520616781.461116 6.194802 0.218626 -0.325976 0.015017 -0.073119 -0.016435 0.997075 2 1.000000
1520616781.561119 6.145883 0.221190 -0.301803 0.018489 -0.142874 0.008419 0.989532 2 1.000000
1520616781.664536 6.098326 0.226184 -0.278068 0.009626 -0.189393 0.027211 0.981477 2 1.000000
1520616781.814541 6.040344 0.224773 -0.238635 -0.000104 -0.212101 0.069814 0.974751 2 1.000000
1520616781.964545 5.987033 0.221849 -0.193177 -0.006113 -0.208794 0.108980 0.971849 2 1.000000
1520616782.116582 5.945691 0.229521 -0.136899 -0.028195 -0.192074 0.125473 0.972918 2 1.000000
1520616782.216585 5.924733 0.236619 -0.090710 -0.044791 -0.156055 0.134494 0.977523 2 1.000000
1520616782.316588 5.912341 0.236851 -0.038784 -0.048005 -0.101138 0.146197 0.982900 2 1.000000
1520616782.416692 5.905247 0.234761 0.016134 -0.038024 -0.029731 0.135928 0.989542 2 1.000000
1520616782.517313 5.912267 0.228443 0.069785 -0.025384 0.039593 0.118316 0.991862 2 1.000000
1520616782.617316 5.922041 0.231685 0.120906 -0.011293 0.099837 0.104086 0.989480 2 1.000000
1520616782.717320 5.931715 0.238964 0.179378 -0.001165 0.155120 0.092767 0.983530 2 1.000000
1520616782.817323 5.944740 0.244649 0.231429 0.003645 0.203526 0.079807 0.975805 2 1.000000
1520616782.918400 5.960589 0.244837 0.280871 0.017263 0.239578 0.064290 0.968592 2 1.000000
1520616783.018403 5.979081 0.240989 0.330689 0.029016 0.262261 0.041151 0.963682 2 1.000000
1520616783.118405 6.002670 0.239540 0.376019 0.033297 0.267721 0.013990 0.962819 2 1.000000
1520616783.218408 6.019219 0.241134 0.425518 0.035893 0.252465 -0.020957 0.966713 2 1.000000
1520616783.318412 6.035413 0.246165 0.473947 0.047213 0.198967 -0.056376 0.977244 2 1.000000
1520616783.418414 6.036314 0.241823 0.528307 0.072595 0.115809 -0.089125 0.986598 2 1.000000
1520616783.468418 6.028966 0.237916 0.553749 0.097105 0.067375 -0.111048 0.986762 2 1.000000
1520616783.518419 6.026717 0.226488 0.572813 0.120133 0.004196 -0.124054 0.984968 2 1.000000
1520616783.568419 6.011805 0.217370 0.595217 0.142092 -0.054352 -0.131991 0.979507 2 1.000000
1520616783.618422 5.998965 0.211021 0.617463 0.159468 -0.115919 -0.134986 0.971036 2 1.000000
1520616783.668423 5.979990 0.207627 0.636141 0.170267 -0.172514 -0.131657 0.961205 2 1.000000
1520616783.718425 5.959151 0.204553 0.652978 0.177715 -0.220669 -0.126738 0.950610 2 1.000000
1520616783.768426 5.939266 0.203036 0.669495 0.180511 -0.264349 -0.121212 0.939597 2 1.000000
1520616783.868430 5.899878 0.207159 0.700926 0.187136 -0.336617 -0.108036 0.916514 2 1.000000
1520616783.968432 5.859953 0.206390 0.728485 0.188780 -0.386648 -0.086429 0.898552 2 1.000000
1520616784.068435 5.820990 0.208520 0.745767 0.179748 -0.433218 -0.054297 0.881513 2 1.000000
1520616784.168438 5.781073 0.207986 0.761607 0.165730 -0.486848 -0.028588 0.857144 2 1.000000
1520616784.268441 5.743541 0.208186 0.766515 0.139728 -0.545070 -0.001110 0.826664 2 1.000000
1520616784.368444 5.696829 0.220332 0.782040 0.108451 -0.589274 0.033566 0.799917 2 1.000000
1520616784.468447 5.652429 0.229592 0.795744 0.072304 -0.612501 0.080969 0.782981 2 1.000000
1520616784.568265 5.609212 0.232753 0.817415 0.052545 -0.604424 0.125976 0.784883 2 1.000000
1520616784.668269 5.568584 0.225995 0.843204 0.028122 -0.575343 0.164083 0.800791 2 1.000000
1520616784.768272 5.520390 0.224477 0.877614 0.017380 -0.528027 0.189475 0.827638 2 1.000000
1520616784.868275 5.479381 0.223374 0.916897 0.008327 -0.467408 0.209857 0.858732 2 1.000000
1520616784.968463 5.436738 0.229145 0.959522 -0.004804 -0.410871 0.219217 0.884933 2 1.000000
1520616785.068466 5.398718 0.232716 1.006132 -0.016656 -0.354753 0.223524 0.907695 2 1.000000
1520616785.168469 5.361137 0.235285 1.057176 -0.015698 -0.293070 0.227467 0.928505 2 1.000000
1520616785.268473 5.338979 0.234663 1.105590 -0.008113 -0.229524 0.221624 0.947700 2 1.000000
1520616785.368476 5.313128 0.236267 1.164561 -0.006324 -0.176261 0.218425 0.959783 2 1.000000
1520616785.468479 5.290279 0.235775 1.218929 -0.008363 -0.128163 0.222692 0.966392 2 1.000000
1520616785.568483 5.273832 0.245742 1.278904 -0.002811 -0.087530 0.228278 0.969649 2 1.000000
1520616785.668485 5.265418 0.252875 1.337994 0.008499 -0.048935 0.240190 0.969454 2 1.000000
1520616785.768488 5.268138 0.256195 1.395418 0.017743 -0.006263 0.233229 0.972240 2 1.000000
1520616785.868491 5.271505 0.255908 1.459914 0.020890 0.037907 0.238971 0.970062 2 1.000000
1520616785.968494 5.286535 0.267661 1.517291 0.029945 0.090291 0.230843 0.968330 2 1.000000
1520616786.068497 5.309519 0.274157 1.577192 0.044946 0.151474 0.230231 0.960223 2 1.000000
1520616786.168500 5.343173 0.280170 1.631929 0.061668 0.223460 0.225630 0.946231 2 1.000000
1520616786.268505 5.386270 0.291646 1.682240 0.081482 0.291970 0.216843 0.927951 2 1.000000
1520616786.368507 5.435061 0.296266 1.722241 0.079327 0.368217 0.201689 0.904127 2 1.000000
1520616786.468510 5.484506 0.303410 1.756169 0.073181 0.433290 0.194705 0.876923 2 1.000000
1520616786.568514 5.539397 0.318280 1.788943 0.077708 0.487500 0.185256 0.849697 2 1.000000
1520616786.668516 5.603009 0.331570 1.819492 0.083076 0.525133 0.181695 0.827237 2 1.000000
1520616786.768520 5.663859 0.339375 1.840889 0.083562 0.551071 0.173211 0.811996 2 1.000000
1520616786.868524 5.730193 0.339634 1.863465 0.068912 0.574087 0.159046 0.800237 2 1.000000
1520616786.967438 5.794659 0.338208 1.878169 0.058019 0.590557 0.141169 0.792432 2 1.000000
1520616787.067445 5.855874 0.341116 1.885006 0.052181 0.607911 0.110794 0.784504 2 1.000000
1520616787.167444 5.922051 0.351775 1.890576 0.054924 0.622423 0.091631 0.775356 2 1.000000
1520616787.267447 5.998066 0.362070 1.898204 0.052593 0.651464 0.074718 0.753157 2 1.000000
1520616787.365852 6.065645 0.361964 1.902903 0.040051 0.682103 0.065547 0.727211 2 1.000000
1520616787.465855 6.131767 0.352664 1.898608 0.031623 0.715307 0.058735 0.695620 2 1.000000
1520616787.565858 6.202065 0.353015 1.881739 0.036155 0.741567 0.038109 0.668819 2 1.000000
1520616787.665861 6.264990 0.355947 1.866736 0.034445 0.756441 0.021190 0.652811 2 1.000000
1520616787.764108 6.332591 0.360444 1.853315 0.027820 0.761298 0.021174 0.647459 2 1.000000
1520616787.864112 6.405851 0.359359 1.841852 0.008467 0.759583 0.024923 0.649878 2 1.000000
1520616787.964115 6.467255 0.352695 1.827732 0.001783 0.752754 0.028879 0.657666 2 1.000000
1520616788.064118 6.545681 0.343397 1.823712 0.007498 0.743449 0.014611 0.668591 2 1.000000
1520616788.164121 6.615286 0.346539 1.816156 0.013178 0.735719 -0.012195 0.677049 2 1.000000
1520616788.262739 6.683753 0.349772 1.807339 0.015075 0.735610 -0.026519 0.676718 2 1.000000
1520616788.362743 6.760192 0.353010 1.799907 0.010937 0.742504 -0.022309 0.669381 2 1.000000
1520616788.462746 6.824302 0.345560 1.793881 -0.004493 0.746098 -0.015857 0.665632 2 1.000000
1520616788.562749 6.880855 0.340350 1.782056 -0.006058 0.747378 -0.017205 0.664149 2 1.000000
1520616788.661558 6.948188 0.342562 1.776194 -0.003523 0.745354 -0.017273 0.666436 2 1.000000
1520616788.761561 7.023597 0.352333 1.767172 -0.007935 0.738068 -0.018403 0.674429 2 1.000000
1520616788.861564 7.093849 0.355270 1.761999 -0.015557 0.728529 -0.019993 0.684546 2 1.000000
1520616788.961603 7.167792 0.352223 1.759216 -0.026230 0.709390 -0.023566 0.703934 2 1.000000
1520616789.060905 7.238523 0.346179 1.762133 -0.039419 0.685350 -0.031854 0.726448 2 1.000000
1520616789.160908 7.300172 0.349110 1.763602 -0.048238 0.665047 -0.041200 0.744103 2 1.000000
1520616789.260911 7.365159 0.359734 1.769848 -0.050874 0.651561 -0.053182 0.755018 2 1.000000
1520616789.360914 7.428451 0.366978 1.775257 -0.055832 0.647067 -0.056467 0.758286 2 1.000000
1520616789.461005 7.494977 0.364405 1.783449 -0.060316 0.646175 -0.047122 0.759341 2 1.000000
1520616789.561008 7.560056 0.359235 1.792048 -0.067073 0.647850 -0.040636 0.757720 2 1.000000
1520616789.661011 7.625058 0.356854 1.798492 -0.066144 0.640995 -0.044373 0.763401 2 1.000000
1520616789.761014 7.688532 0.362237 1.808357 -0.059840 0.622936 -0.062488 0.777474 2 1.000000
1520616789.862221 7.747739 0.369637 1.819194 -0.055457 0.586054 -0.081923 0.804210 2 1.000000
1520616789.962225 7.812289 0.370553 1.839463 -0.053396 0.546390 -0.092312 0.830714 2 1.000000
1520616790.062228 7.868395 0.367268 1.866633 -0.061512 0.506021 -0.088330 0.855779 2 1.000000
1520616790.162231 7.920178 0.369194 1.896760 -0.074989 0.460155 -0.086337 0.880443 2 1.000000
1520616790.262308 7.962121 0.378455 1.929941 -0.074589 0.417529 -0.092961 0.900813 2 1.000000
1520616790.362311 8.014954 0.390811 1.971841 -0.074488 0.372821 -0.103753 0.919071 2 1.000000
1520616790.462314 8.051065 0.397773 2.012936 -0.075892 0.327347 -0.111801 0.935193 2 1.000000
1520616790.562317 8.079952 0.397078 2.056772 -0.074408 0.276086 -0.112080 0.951671 2 1.000000
1520616790.660990 8.105091 0.394631 2.105556 -0.066947 0.223855 -0.107080 0.966406 2 1.000000
1520616790.760993 8.122964 0.400968 2.152843 -0.057920 0.170505 -0.105854 0.977941 2 1.000000
1520616790.860996 8.142957 0.411147 2.200248 -0.059584 0.110875 -0.096350 0.987357 2 1.000000
1520616790.960998 8.155054 0.418685 2.244324 -0.058045 0.059070 -0.087490 0.992717 2 1.000000
1520616791.060411 8.162118 0.419736 2.295120 -0.044716 0.019815 -0.063801 0.996763 2 1.000000
1520616791.210415 8.161893 0.412206 2.357444 -0.026412 -0.039461 -0.041552 0.998007 2 1.000000
1520616791.310418 8.159289 0.410950 2.410066 -0.009816 -0.074412 -0.041539 0.996314 2 1.000000
1520616791.410422 8.154261 0.416758 2.457725 -0.002565 -0.116438 -0.054475 0.991700 2 1.000000
1520616791.510060 8.142709 0.421990 2.508811 -0.000038 -0.160503 -0.069305 0.984599 2 1.000000
1520616791.610063 8.129594 0.422003 2.555775 -0.001857 -0.207670 -0.082310 0.974728 2 1.000000
1520616791.710066 8.103307 0.418982 2.596180 -0.002484 -0.259268 -0.086025 0.961963 2 1.000000
1520616791.810069 8.075425 0.418052 2.630174 0.005568 -0.315474 -0.079736 0.945562 2 1.000000
1520616791.910035 8.043886 0.426478 2.666177 0.021148 -0.379663 -0.071183 0.922140 2 1.000000
1520616792.010038 8.007257 0.435039 2.693733 0.022914 -0.444801 -0.067132 0.892816 2 1.000000
1520616792.110040 7.970520 0.441040 2.717587 0.023194 -0.506970 -0.063773 0.859288 2 1.000000
1520616792.210044 7.930897 0.439075 2.728890 0.013379 -0.571506 -0.057152 0.818496 2 1.000000
1520616792.310152 7.888190 0.435361 2.730848 0.006104 -0.631961 -0.051839 0.773241 2 1.000000
1520616792.410155 7.846149 0.440091 2.728192 0.004201 -0.677468 -0.044251 0.734208 2 1.000000
1520616792.560159 7.773450 0.454081 2.732109 -0.001891 -0.716888 -0.036108 0.696250 2 1.000000
1520616792.710271 7.696732 0.449040 2.730098 -0.021743 -0.718168 -0.020610 0.695225 2 1.000000
1520616792.810274 7.642123 0.438949 2.728004 -0.026521 -0.709737 0.005654 0.703945 2 1.000000
1520616792.910277 7.589600 0.432820 2.729856 -0.029874 -0.699797 0.037925 0.712708 2 1.000000
1520616793.010280 7.531547 0.428893 2.728235 -0.035215 -0.686587 0.063564 0.723407 2 1.000000
1520616793.110411 7.478915 0.428524 2.731037 -0.041466 -0.670857 0.090604 0.734862 2 1.000000
1520616793.210415 7.415790 0.424303 2.736148 -0.054490 -0.644913 0.114864 0.753607 2 1.000000
1520616793.310418 7.361918 0.415613 2.744322 -0.060305 -0.619058 0.126475 0.772745 2 1.000000
1520616793.410422 7.308403 0.409870 2.757639 -0.062647 -0.591601 0.130529 0.793124 2 1.000000
1520616793.510510 7.251705 0.406231 2.773719 -0.062658 -0.554430 0.134929 0.818826 2 1.000000
1520616793.610514 7.196002 0.409882 2.796860 -0.061062 -0.509618 0.151161 0.844815 2 1.000000
1520616793.710516 7.145280 0.411306 2.826903 -0.055226 -0.452518 0.168547 0.873939 2 1.000000
1520616793.810520 7.101660 0.406827 2.862403 -0.053332 -0.388011 0.174013 0.903506 2 1.000000
1520616793.910856 7.066875 0.402758 2.905151 -0.057150 -0.310685 0.170922 0.933271 2 1.000000
1520616794.010755 7.040771 0.402530 2.953129 -0.057231 -0.236292 0.174417 0.954185 2 1.000000
1520616794.110758 7.018008 0.406186 3.007048 -0.042832 -0.160154 0.182570 0.969115 2 1.000000
1520616794.210761 6.998370 0.409775 3.061570 -0.023010 -0.092510 0.193352 0.976487 2 1.000000
1520616794.310712 6.990788 0.404977 3.115267 -0.011180 -0.022669 0.197815 0.979913 2 1.000000
1520616794.410715 6.994631 0.402629 3.161638 0.003586 0.044355 0.205190 0.977710 2 1.000000
1520616794.510718 7.003942 0.400138 3.212409 0.020370 0.120729 0.195589 0.973013 2 1.000000
1520616794.560720 7.012352 0.401314 3.236012 0.027287 0.164756 0.188648 0.967741 2 1.000000
1520616794.610721 7.020793 0.404944 3.259298 0.034328 0.210467 0.184093 0.959497 2 1.000000
1520616794.660723 7.030842 0.405752 3.283072 0.042442 0.258454 0.183482 0.947489 2 1.000000
1520616794.710424 7.042778 0.407869 3.302846 0.053217 0.307548 0.183694 0.932115 2 1.000000
1520616794.760426 7.056765 0.410014 3.318327 0.064237 0.357530 0.183740 0.913392 2 1.000000
1520616794.810427 7.072006 0.409856 3.332921 0.075254 0.406041 0.183969 0.891977 2 1.000000
1520616794.860428 7.091187 0.411900 3.340767 0.086265 0.454093 0.178351 0.868648 2 1.000000
1520616794.910430 7.107949 0.411892 3.347520 0.093238 0.501794 0.172409 0.842487 2 1.000000
1520616794.960432 7.126081 0.411883 3.352025 0.096575 0.549024 0.165937 0.813456 2 1.000000
1520616795.010434 7.142485 0.414218 3.355677 0.097199 0.593914 0.157707 0.782909 2 1.000000
1520616795.060436 7.160916 0.415993 3.354806 0.098844 0.635546 0.151986 0.750474 2 1.000000
1520616795.110436 7.178576 0.419006 3.352093 0.106537 0.672244 0.147507 0.717620 2 1.000000
1520616795.160325 7.196189 0.420526 3.345978 0.117847 0.703925 0.142819 0.685714 2 1.000000
1520616795.210326 7.215482 0.423032 3.339455 0.128878 0.733354 0.137331 0.653240 2 1.000000
1520616795.260328 7.230747 0.424816 3.329584 0.136401 0.762073 0.128881 0.619702 2 1.000000
1520616795.360331 7.258696 0.428367 3.303512 0.145814 0.810289 0.109149 0.557007 2 1.000000
1520616795.460334 7.283451 0.433072 3.272668 0.138880 0.853641 0.082702 0.495147 2 1.000000
1520616795.560232 7.298841 0.434969 3.233971 0.132032 0.891016 0.068971 0.428838 2 1.000000
1520616795.660235 7.310839 0.435876 3.191551 0.112432 0.925777 0.043359 0.358351 2 1.000000
1520616795.760238 7.316987 0.436608 3.145621 0.098819 0.949365 0.017808 0.297698 2 1.000000
1520616795.860242 7.315640 0.432723 3.100032 0.076174 0.966093 -0.019666 0.245916 2 1.000000
1520616795.960321 7.316179 0.428521 3.057955 0.051172 0.974510 -0.057538 0.210714 2 1.000000
1520616796.110325 7.317514 0.421460 2.992880 0.007593 0.971041 -0.098100 0.217712 2 1.000000
1520616796.210329 7.323690 0.421870 2.950874 -0.038241 0.961012 -0.104640 0.253067 2 1.000000
1520616796.310332 7.334768 0.419813 2.917362 -0.080559 0.939761 -0.105939 0.314859 2 1.000000
1520616796.360355 7.344246 0.420914 2.903058 -0.103314 0.925130 -0.107140 0.349260 2 1.000000
1520616796.410357 7.353378 0.419244 2.888428 -0.125929 0.907943 -0.104092 0.385936 2 1.000000
1520616796.460358 7.366555 0.420002 2.875751 -0.145871 0.888087 -0.103512 0.423448 2 1.000000
1520616796.510360 7.381750 0.419351 2.865201 -0.160072 0.867877 -0.100254 0.459473 2 1.000000
1520616796.560362 7.397622 0.422538 2.855888 -0.168078 0.845705 -0.101813 0.496152 2 1.000000
1520616796.660365 7.436488 0.428083 2.843440 -0.165794 0.806932 -0.096603 0.558606 2 1.000000
1520616796.760538 7.479298 0.438510 2.837542 -0.146676 0.773130 -0.083153 0.611426 2 1.000000
1520616796.860541 7.525233 0.446710 2.840202 -0.123424 0.750101 -0.063405 0.646603 2 1.000000
1520616796.960544 7.575490 0.444992 2.841683 -0.090550 0.738745 -0.044794 0.666371 2 1.000000
1520616797.060547 7.625960 0.436068 2.837697 -0.041160 0.738590 -0.029318 0.672258 2 1.000000
1520616797.160543 7.677863 0.430058 2.834532 0.012759 0.745394 -0.012681 0.666381 2 1.000000
1520616797.260546 7.733675 0.430207 2.821402 0.056733 0.756540 0.006672 0.651448 2 1.000000
1520616797.360549 7.790183 0.429007 2.801586 0.089917 0.774652 0.021665 0.625587 2 1.000000
1520616797.460553 7.844841 0.419040 2.768271 0.112254 0.803613 0.028164 0.583791 2 1.000000
1520616797.560556 7.894534 0.412000 2.732956 0.128076 0.839570 0.031818 0.526979 2 1.000000
1520616797.660665 7.941702 0.410670 2.690933 0.140143 0.873682 0.029720 0.464925 2 1.000000
1520616797.760667 7.983423 0.410664 2.636071 0.143400 0.907307 0.025129 0.394461 2 1.000000
1520616797.810668 8.002711 0.414531 2.609354 0.144256 0.923801 0.020884 0.354041 2 1.000000
1520616797.910672 8.033839 0.420835 2.554406 0.136119 0.952749 0.005535 0.271495 2 1.000000
1520616797.960674 8.048472 0.420990 2.525892 0.128816 0.965056 -0.005517 0.228128 2 1.000000
1520616798.012466 8.063196 0.417868 2.498198 0.116644 0.975433 -0.015188 0.186263 2 1.000000
1520616798.112469 8.076929 0.414054 2.442802 0.088462 0.988492 -0.027920 0.119494 2 1.000000
1520616798.212473 8.086476 0.413865 2.388615 0.062850 0.994795 -0.031673 0.073686 2 1.000000
1520616798.312475 8.105620 0.411682 2.336899 0.036142 0.997141 -0.044497 0.049225 2 1.000000
1520616798.412920 8.127254 0.414017 2.280275 0.004486 0.996508 -0.059670 0.058226 2 1.000000
1520616798.512923 8.153427 0.411915 2.225995 -0.031670 0.991742 -0.077833 0.096888 2 1.000000
1520616798.612926 8.187803 0.400070 2.177861 -0.068960 0.982594 -0.088775 0.147896 2 1.000000
1520616798.712929 8.232689 0.398726 2.132982 -0.091214 0.967361 -0.100952 0.213777 2 1.000000
1520616798.812695 8.283086 0.397806 2.093215 -0.113104 0.945263 -0.104756 0.287597 2 1.000000
1520616798.912681 8.334877 0.405869 2.055584 -0.123044 0.919583 -0.098462 0.359906 2 1.000000
1520616799.012684 8.395193 0.410627 2.024644 -0.111342 0.890071 -0.097040 0.431231 2 1.000000
1520616799.112687 8.454557 0.407009 1.991875 -0.073837 0.860301 -0.102361 0.493915 2 1.000000
1520616799.213304 8.513140 0.404460 1.974067 -0.029042 0.833018 -0.095865 0.544103 2 1.000000
1520616799.313307 8.569595 0.405363 1.958171 0.019117 0.810650 -0.068860 0.581154 2 1.000000
1520616799.413310 8.633337 0.411519 1.936903 0.072090 0.803772 -0.045951 0.588763 2 1.000000
1520616799.513314 8.692127 0.410623 1.911242 0.121353 0.803365 -0.031995 0.582112 2 1.000000
1520616799.613317 8.751729 0.401292 1.881482 0.165199 0.806664 -0.023063 0.566984 2 1.000000
1520616799.711992 8.805038 0.387892 1.851476 0.200394 0.813879 -0.015635 0.545159 2 1.000000
1520616799.811994 8.857718 0.370450 1.813283 0.224613 0.829961 -0.006698 0.510558 2 1.000000
1520616799.911999 8.905272 0.361817 1.771090 0.234523 0.852636 -0.004782 0.466892 2 1.000000
1520616800.012002 8.955165 0.362816 1.723331 0.244396 0.876223 -0.004529 0.415311 2 1.000000
1520616800.111089 8.996594 0.366575 1.673930 0.244987 0.900042 -0.012675 0.360201 2 1.000000
1520616800.211093 9.036734 0.362784 1.621660 0.241439 0.922303 -0.011558 0.301546 2 1.000000
1520616800.311096 9.066926 0.361872 1.567017 0.229443 0.943656 -0.004036 0.238437 2 1.000000
1520616800.411099 9.092831 0.366924 1.512718 0.212257 0.959504 0.004470 0.185146 2 1.000000
1520616800.510864 9.112748 0.377581 1.456793 0.189451 0.971144 0.005596 0.144766 2 1.000000
1520616800.610867 9.130980 0.383333 1.405382 0.153196 0.980681 -0.010970 0.121145 2 1.000000
1520616800.710870 9.147801 0.381493 1.357677 0.105465 0.987611 -0.035096 0.110768 2 1.000000
1520616800.810873 9.162787 0.383949 1.303394 0.045384 0.990640 -0.048864 0.119104 2 1.000000
1520616800.910627 9.179460 0.377729 1.256871 -0.007410 0.989950 -0.051530 0.131486 2 1.000000
1520616801.010630 9.197111 0.376014 1.201197 -0.057350 0.986202 -0.060417 0.143064 2 1.000000
1520616801.110634 9.223547 0.371295 1.149368 -0.092799 0.979568 -0.070247 0.164011 2 1.000000
1520616801.210637 9.257206 0.363431 1.096980 -0.120879 0.970123 -0.085528 0.192182 2 1.000000
1520616801.310344 9.297673 0.357154 1.049529 -0.134314 0.956487 -0.104573 0.236976 2 1.000000
1520616801.410347 9.345320 0.345281 1.014668 -0.137046 0.940689 -0.114102 0.288624 2 1.000000
1520616801.510350 9.390129 0.340294 0.989867 -0.134192 0.919652 -0.111141 0.351967 2 1.000000
1520616801.610354 9.451119 0.344131 0.957326 -0.119724 0.895888 -0.093290 0.417550 2 1.000000
1520616801.710319 9.508760 0.357938 0.939319 -0.091509 0.868937 -0.071594 0.481091 2 1.000000
1520616801.810323 9.568007 0.364742 0.927314 -0.059661 0.841045 -0.058950 0.534425 2 1.000000
1520616801.910326 9.628723 0.362117 0.918729 -0.024360 0.809884 -0.044579 0.584386 2 1.000000
1520616802.010328 9.683439 0.366016 0.915055 -0.009151 0.777692 -0.021677 0.628205 2 1.000000
1520616802.110533 9.735879 0.365732 0.920372 0.001029 0.758555 -0.002310 0.651603 2 1.000000
1520616802.210473 9.792417 0.361122 0.917356 0.032194 0.753240 0.003608 0.656947 2 1.000000
1520616802.310476 9.856359 0.356644 0.909845 0.065994 0.760537 -0.002983 0.645925 2 1.000000
1520616802.410479 9.912370 0.349770 0.903676 0.086326 0.769405 0.009171 0.632835 2 1.000000
1520616802.560610 9.988303 0.338575 0.894089 0.099852 0.795216 0.059755 0.595055 2 1.000000
1520616802.660613 10.039339 0.333801 0.876026 0.126915 0.812749 0.080319 0.562922 2 1.000000
1520616802.760616 10.091869 0.328747 0.851462 0.163442 0.828659 0.086873 0.528265 2 1.000000
1520616802.860619 10.140322 0.326796 0.824691 0.197322 0.846353 0.088404 0.486759 2 1.000000
1520616802.961120 10.193369 0.323690 0.785084 0.220136 0.865621 0.091800 0.440242 2 1.000000
1520616803.061124 10.236558 0.318319 0.743321 0.234997 0.885767 0.093903 0.389070 2 1.000000
1520616803.161127 10.266275 0.313490 0.700731 0.249162 0.906344 0.085600 0.330352 2 1.000000
1520616803.261130 10.296741 0.315736 0.647428 0.257569 0.926224 0.070290 0.266135 2 1.000000
1520616803.361527 10.327614 0.315932 0.590306 0.265966 0.940853 0.049812 0.203902 2 1.000000
1520616803.461529 10.347363 0.313241 0.536138 0.266245 0.954074 0.019243 0.135964 2 1.000000
1520616803.561533 10.366460 0.308334 0.480667 0.269125 0.960594 -0.002746 0.069443 2 1.000000
1520616803.661536 10.371840 0.304777 0.429222 -0.271285 -0.962377 0.014028 0.006152 2 1.000000
1520616803.760961 10.367241 0.304988 0.379691 -0.282307 -0.955441 0.023872 0.082854 2 1.000000
1520616803.860877 10.357658 0.307612 0.325011 -0.290108 -0.943527 0.041910 0.154392 2 1.000000
1520616803.960880 10.341937 0.309026 0.275488 -0.290365 -0.926966 0.063761 0.228815 2 1.000000
1520616804.010881 10.331896 0.311845 0.253864 -0.289214 -0.915069 0.072800 0.271486 2 1.000000
1520616804.060883 10.316894 0.311468 0.237181 -0.289367 -0.901136 0.077439 0.313407 2 1.000000
1520616804.110661 10.301363 0.314134 0.223049 -0.291041 -0.883803 0.083900 0.356578 2 1.000000
1520616804.160663 10.281143 0.315263 0.214730 -0.290873 -0.862809 0.091237 0.403274 2 1.000000
1520616804.210664 10.261953 0.316270 0.207223 -0.289125 -0.837682 0.100491 0.452324 2 1.000000
1520616804.260666 10.242549 0.317439 0.202165 -0.283835 -0.808088 0.110957 0.504104 2 1.000000
1520616804.310668 10.223261 0.317162 0.199250 -0.274959 -0.775580 0.123576 0.554619 2 1.000000
1520616804.360669 10.204196 0.319382 0.201419 -0.263572 -0.740657 0.138742 0.602252 2 1.000000
1520616804.410671 10.182453 0.322420 0.206352 -0.249626 -0.703176 0.152163 0.648133 2 1.000000
1520616804.460673 10.165586 0.322720 0.213903 -0.238367 -0.661498 0.164498 0.691767 2 1.000000
1520616804.510674 10.151384 0.325017 0.224028 -0.228761 -0.617453 0.177961 0.731267 2 1.000000
1520616804.560965 10.140073 0.328220 0.240146 -0.219335 -0.570329 0.187336 0.769105 2 1.000000
1520616804.610967 10.130669 0.333659 0.258848 -0.215009 -0.522472 0.195117 0.801700 2 1.000000
1520616804.660969 10.123414 0.336386 0.277112 -0.213143 -0.475322 0.201551 0.829468 2 1.000000
1520616804.710970 10.118082 0.342656 0.299860 -0.209323 -0.430137 0.204063 0.854122 2 1.000000
1520616804.760972 10.113682 0.348538 0.322255 -0.201282 -0.388127 0.200667 0.876685 2 1.000000
1520616804.860975 10.112222 0.355824 0.372626 -0.178598 -0.321394 0.185183 0.911327 2 1.000000
1520616804.961273 10.114032 0.368153 0.426913 -0.149801 -0.270436 0.159584 0.937527 2 1.000000
1520616805.061275 10.121203 0.378205 0.482813 -0.121116 -0.233899 0.126899 0.956305 2 1.000000
1520616805.161279 10.124927 0.385946 0.536228 -0.084676 -0.209739 0.091269 0.969799 2 1.000000
1520616805.261281 10.124460 0.388668 0.585572 -0.045455 -0.204647 0.050298 0.976485 2 1.000000
1520616805.361481 10.116006 0.389456 0.634178 -0.004757 -0.218177 0.015437 0.975776 2 1.000000
1520616805.461484 10.100588 0.389784 0.676882 0.028977 -0.247881 -0.021780 0.968112 2 1.000000
1520616805.561486 10.074162 0.383377 0.716222 0.062966 -0.293763 -0.060492 0.951882 2 1.000000
1520616805.661490 10.038431 0.377394 0.741670 0.094673 -0.355248 -0.096907 0.924903 2 1.000000
1520616805.711491 10.018671 0.369974 0.757424 0.109369 -0.390557 -0.111719 0.907206 2 1.000000
1520616805.811117 9.975224 0.360559 0.767784 0.121347 -0.462967 -0.108503 0.871300 2 1.000000
1520616805.861119 9.952932 0.358257 0.773174 0.117853 -0.505465 -0.094646 0.849505 2 1.000000
1520616805.911121 9.930215 0.356518 0.775881 0.107957 -0.548242 -0.076664 0.825772 2 1.000000
1520616805.961122 9.906126 0.358726 0.774406 0.094415 -0.588377 -0.054854 0.801180 2 1.000000
1520616806.011124 9.884158 0.362563 0.770329 0.076957 -0.624860 -0.028726 0.776404 2 1.000000
1520616806.061125 9.862429 0.362619 0.768840 0.057953 -0.657221 -0.004623 0.751453 2 1.000000
1520616806.111127 9.841446 0.361318 0.767534 0.038373 -0.682183 0.016872 0.729979 2 1.000000
1520616806.210845 9.799866 0.364388 0.764524 -0.002604 -0.718789 0.065940 0.692089 2 1.000000
1520616806.310848 9.759503 0.358698 0.762055 -0.041972 -0.744374 0.106805 0.657829 2 1.000000
1520616806.410852 9.713975 0.353814 0.766667 -0.078211 -0.745014 0.143653 0.646685 2 1.000000
1520616806.510855 9.663986 0.350023 0.770068 -0.118782 -0.722475 0.180045 0.656890 2 1.000000
1520616806.610829 9.610788 0.349797 0.784060 -0.143138 -0.683353 0.206066 0.685622 2 1.000000
1520616806.710832 9.555301 0.348877 0.806181 -0.158316 -0.628188 0.225868 0.727530 2 1.000000
1520616806.810835 9.504520 0.345246 0.835842 -0.174728 -0.567391 0.246895 0.765885 2 1.000000
1520616806.910838 9.455854 0.344221 0.878386 -0.183941 -0.496173 0.257684 0.808441 2 1.000000
1520616807.011441 9.409634 0.351550 0.923232 -0.173173 -0.425690 0.266537 0.847206 2 1.000000
1520616807.111439 9.362215 0.358783 0.974521 -0.156340 -0.361794 0.264628 0.880133 2 1.000000
