# ORB-SLAM3 Path Recording
# Format: timestamp tx ty tz qx qy qz qw tracking_state confidence
# Translation in meters, quaternion (x,y,z,w), timestamp in seconds
# Coordinate system: Camera frame
1520616766.311561 2.481694 0.165878 1.317650 -0.064891 0.721026 0.035362 0.688956 2 1.000000
1520616766.411564 2.542486 0.158809 1.317084 -0.068174 0.704735 0.029165 0.705585 2 1.000000
1520616766.510796 2.605815 0.161593 1.317753 -0.068692 0.689397 0.015451 0.720954 2 1.000000
1520616766.610798 2.669486 0.170549 1.318168 -0.070486 0.674493 0.005437 0.734888 2 1.000000
1520616766.710802 2.726486 0.173460 1.323139 -0.072282 0.671258 0.001537 0.737690 2 1.000000
1520616766.810806 2.780891 0.168213 1.328725 -0.079148 0.668920 0.013277 0.738990 2 1.000000
1520616766.910777 2.838706 0.161666 1.334189 -0.079280 0.675389 0.016404 0.733004 2 1.000000
1520616767.010780 2.902909 0.159727 1.340143 -0.063037 0.669743 0.021003 0.739614 2 1.000000
1520616767.110782 2.960160 0.163985 1.345325 -0.051385 0.653243 0.010234 0.755334 2 1.000000
1520616767.210787 3.019593 0.168192 1.355917 -0.045250 0.622507 0.008302 0.781261 2 1.000000
1520616767.310789 3.078775 0.167984 1.368277 -0.053790 0.587282 0.000419 0.807593 2 1.000000
1520616767.411926 3.129677 0.163221 1.390352 -0.066231 0.543859 0.011630 0.836478 2 1.000000
1520616767.511930 3.176926 0.162738 1.412418 -0.073379 0.500841 0.011473 0.862347 2 1.000000
1520616767.611989 3.231125 0.171161 1.435162 -0.070646 0.460061 -0.008450 0.885032 2 1.000000
1520616767.711936 3.280540 0.180634 1.465880 -0.075265 0.420889 -0.024431 0.903654 2 1.000000
1520616767.812355 3.324195 0.185225 1.497009 -0.078569 0.381812 -0.029258 0.920430 2 1.000000
1520616767.912358 3.363522 0.178656 1.534579 -0.072751 0.344249 -0.034005 0.935438 2 1.000000
1520616768.012362 3.400529 0.177249 1.573810 -0.061308 0.285816 -0.036837 0.955612 2 1.000000
1520616768.112365 3.425834 0.186101 1.615891 -0.055967 0.217426 -0.028546 0.974053 2 1.000000
1520616768.210437 3.447011 0.198038 1.657442 -0.061887 0.156023 -0.018721 0.985635 2 1.000000
1520616768.310441 3.463767 0.207182 1.701277 -0.063439 0.099679 -0.008047 0.992963 2 1.000000
1520616768.410444 3.471600 0.206352 1.745770 -0.057712 0.026224 0.006405 0.997968 2 1.000000
1520616768.510447 3.471073 0.204935 1.791443 -0.064179 -0.042220 0.012868 0.996962 2 1.000000
1520616768.609716 3.467671 0.206516 1.833217 -0.066975 -0.093836 0.008164 0.993299 2 1.000000
1520616768.759721 3.462497 0.225095 1.899810 -0.061974 -0.147522 0.011688 0.987046 2 1.000000
1520616768.909724 3.451997 0.223972 1.961225 -0.055828 -0.166964 0.018364 0.984210 2 1.000000
1520616769.009625 3.447019 0.219127 2.015245 -0.039858 -0.168940 0.022027 0.984574 2 1.000000
1520616769.109629 3.431719 0.218930 2.062094 -0.017247 -0.211610 0.022169 0.976951 2 1.000000
1520616769.209632 3.410726 0.221661 2.101998 -0.003554 -0.270996 0.013330 0.962482 2 1.000000
1520616769.309635 3.386006 0.230013 2.135877 -0.003103 -0.330508 0.007094 0.943771 2 1.000000
1520616769.409698 3.357235 0.236171 2.166146 -0.002360 -0.397920 0.002161 0.917414 2 1.000000
1520616769.459701 3.339466 0.235798 2.183168 -0.003409 -0.440026 0.005092 0.897964 2 1.000000
1520616769.509702 3.321419 0.233842 2.190560 -0.005060 -0.481391 0.008094 0.876454 2 1.000000
1520616769.609704 3.283187 0.235448 2.201083 -0.011848 -0.550731 0.006294 0.834575 2 1.000000
1520616769.709707 3.241303 0.243025 2.210119 -0.012977 -0.603913 0.005773 0.796923 2 1.000000
1520616769.810701 3.199204 0.251995 2.214326 -0.010440 -0.645762 0.008775 0.763417 2 1.000000
1520616769.960706 3.134224 0.256740 2.216586 -0.024935 -0.682929 0.012210 0.729957 2 1.000000
1520616770.110711 3.066470 0.246424 2.212788 -0.025857 -0.709430 0.039815 0.703175 2 1.000000
1520616770.261906 3.000791 0.247348 2.204473 -0.033661 -0.732294 0.048419 0.678431 2 1.000000
1520616770.411911 2.926664 0.247774 2.201488 -0.038550 -0.733351 0.051527 0.676797 2 1.000000
1520616770.561915 2.854347 0.236186 2.202952 -0.043971 -0.709867 0.055208 0.700790 2 1.000000
1520616770.712812 2.782723 0.224776 2.210122 -0.029847 -0.672964 0.064965 0.736212 2 1.000000
1520616770.812815 2.734044 0.219926 2.221684 -0.027420 -0.632141 0.060956 0.771965 2 1.000000
1520616770.912921 2.683552 0.221811 2.237939 -0.032033 -0.571265 0.055444 0.818264 2 1.000000
1520616770.962820 2.661147 0.220955 2.250424 -0.036742 -0.533933 0.054995 0.842936 2 1.000000
1520616771.012595 2.639537 0.222570 2.264532 -0.035793 -0.496260 0.060132 0.865349 2 1.000000
1520616771.062597 2.621230 0.219858 2.280385 -0.035606 -0.452423 0.062396 0.888905 2 1.000000
1520616771.112598 2.605137 0.213782 2.299126 -0.034485 -0.403888 0.055659 0.912462 2 1.000000
1520616771.162600 2.591313 0.209760 2.319870 -0.033383 -0.352414 0.051072 0.933853 2 1.000000
1520616771.212601 2.580756 0.206160 2.340241 -0.038232 -0.300759 0.046971 0.951775 2 1.000000
1520616771.262603 2.572397 0.204753 2.362237 -0.044650 -0.247379 0.046329 0.966780 2 1.000000
1520616771.312604 2.570186 0.205744 2.383398 -0.047351 -0.195407 0.049531 0.978325 2 1.000000
1520616771.362606 2.563801 0.203634 2.407537 -0.046970 -0.142356 0.057451 0.987030 2 1.000000
1520616771.411128 2.561980 0.201316 2.429762 -0.040060 -0.093241 0.068623 0.992468 2 1.000000
1520616771.461130 2.561371 0.196559 2.454813 -0.026527 -0.043163 0.073753 0.995989 2 1.000000
1520616771.511132 2.560099 0.192764 2.485507 -0.009404 0.007853 0.074615 0.997137 2 1.000000
1520616771.561133 2.568116 0.191164 2.506705 0.001196 0.061180 0.075576 0.995261 2 1.000000
1520616771.611135 2.577152 0.189732 2.526234 0.001045 0.114823 0.072866 0.990709 2 1.000000
1520616771.661136 2.589474 0.189438 2.543481 -0.005288 0.170884 0.071239 0.982698 2 1.000000
1520616771.711138 2.604818 0.191149 2.558712 -0.011421 0.222233 0.066921 0.972627 2 1.000000
1520616771.761139 2.622486 0.189257 2.571317 -0.012408 0.278131 0.062435 0.958432 2 1.000000
1520616771.811141 2.643749 0.192469 2.582515 -0.008520 0.333622 0.057092 0.940938 2 1.000000
1520616771.860009 2.660004 0.195397 2.591258 -0.002736 0.387464 0.051984 0.920414 2 1.000000
1520616771.910011 2.681019 0.196680 2.600310 -0.000394 0.439906 0.048566 0.896730 2 1.000000
1520616771.960012 2.702214 0.200675 2.603594 0.002253 0.489845 0.047088 0.870534 2 1.000000
1520616772.010014 2.721889 0.204275 2.604342 0.002506 0.536828 0.045992 0.842433 2 1.000000
1520616772.060015 2.741538 0.207258 2.602098 0.001169 0.580217 0.050503 0.812894 2 1.000000
1520616772.110017 2.760818 0.209396 2.597934 -0.000631 0.618319 0.052656 0.784161 2 1.000000
1520616772.160018 2.779485 0.210742 2.591576 -0.003765 0.653634 0.051257 0.755064 2 1.000000
1520616772.259750 2.821749 0.212242 2.571080 -0.007643 0.710254 0.050985 0.702055 2 1.000000
1520616772.359753 2.862822 0.217001 2.547980 -0.004075 0.755782 0.052405 0.652710 2 1.000000
1520616772.459757 2.902101 0.221518 2.521674 -0.008247 0.788316 0.047142 0.613407 2 1.000000
1520616772.609761 2.961560 0.226822 2.479313 -0.029063 0.808105 0.022665 0.587884 2 1.000000
1520616772.759725 3.020716 0.229658 2.436161 -0.040944 0.831743 0.018655 0.553334 2 1.000000
1520616772.859728 3.061982 0.234319 2.403914 -0.036345 0.854627 0.022939 0.517461 2 1.000000
1520616772.959731 3.104328 0.242548 2.369715 -0.034915 0.878851 0.026966 0.475052 2 1.000000
1520616773.060005 3.146665 0.248077 2.334900 -0.026560 0.902588 0.030201 0.428624 2 1.000000
1520616773.160008 3.187037 0.244821 2.296399 -0.017074 0.923502 0.025093 0.382390 2 1.000000
1520616773.260011 3.218685 0.236988 2.255958 -0.016355 0.940890 0.024746 0.337411 2 1.000000
1520616773.360015 3.249355 0.231728 2.212598 -0.008922 0.956041 0.036027 0.290874 2 1.000000
1520616773.461805 3.279356 0.232575 2.165520 0.001760 0.967233 0.038876 0.250889 2 1.000000
1520616773.561808 3.307276 0.235883 2.117704 0.000859 0.975293 0.033458 0.218366 2 1.000000
1520616773.661811 3.333010 0.234293 2.071475 -0.003630 0.979050 0.036876 0.200219 2 1.000000
1520616773.761815 3.356818 0.228989 2.023684 -0.024245 0.982084 0.032830 0.183970 2 1.000000
1520616773.863091 3.383169 0.221454 1.978708 -0.040061 0.982467 0.017225 0.181265 2 1.000000
1520616773.963094 3.407438 0.220520 1.933854 -0.049708 0.982239 0.006487 0.180812 2 1.000000
1520616774.063097 3.435874 0.230449 1.887060 -0.060697 0.982473 0.010127 0.175957 2 1.000000
1520616774.163101 3.460239 0.229063 1.838552 -0.073543 0.981715 0.010829 0.175240 2 1.000000
1520616774.312895 3.500398 0.218471 1.772118 -0.092164 0.979619 -0.000856 0.178473 2 1.000000
1520616774.412898 3.522178 0.206818 1.727114 -0.090595 0.978136 -0.002578 0.187180 2 1.000000
1520616774.562903 3.558323 0.196787 1.664961 -0.089274 0.969566 -0.007610 0.227848 2 1.000000
1520616774.662906 3.584298 0.199564 1.624620 -0.094957 0.957768 -0.016008 0.270937 2 1.000000
1520616774.763841 3.621119 0.198309 1.590788 -0.101842 0.940649 -0.018927 0.323186 2 1.000000
1520616774.863844 3.656528 0.197012 1.559363 -0.107297 0.919354 -0.010336 0.378377 2 1.000000
1520616774.963848 3.696443 0.193981 1.533985 -0.096865 0.895473 -0.002352 0.434442 2 1.000000
1520616775.063851 3.741515 0.193334 1.509177 -0.072687 0.872231 -0.010574 0.483548 2 1.000000
1520616775.166384 3.791009 0.196368 1.484055 -0.049565 0.855224 -0.011986 0.515744 2 1.000000
1520616775.266387 3.839609 0.197102 1.459873 -0.041753 0.851516 0.002607 0.522658 2 1.000000
1520616775.366391 3.889377 0.189335 1.436798 -0.026560 0.853159 0.025820 0.520334 2 1.000000
1520616775.466395 3.934936 0.180605 1.410945 -0.011920 0.860940 0.033261 0.507479 2 1.000000
1520616775.568128 3.983030 0.175517 1.382655 0.014839 0.869532 0.040312 0.492005 2 1.000000
1520616775.668128 4.027966 0.177274 1.351610 0.038626 0.878769 0.038691 0.474106 2 1.000000
1520616775.768131 4.068563 0.177576 1.316621 0.050991 0.888323 0.031710 0.455276 2 1.000000
1520616775.868135 4.109348 0.171859 1.280238 0.056556 0.898841 0.027891 0.433715 2 1.000000
1520616775.968138 4.144483 0.161893 1.244263 0.050917 0.910884 0.014314 0.409259 2 1.000000
1520616776.118142 4.189472 0.157641 1.185252 0.052082 0.931773 -0.003506 0.359270 2 1.000000
1520616776.218145 4.217107 0.165595 1.143826 0.054131 0.945854 -0.018359 0.319520 2 1.000000
1520616776.318193 4.245816 0.165771 1.098054 0.044571 0.960020 -0.026880 0.275051 2 1.000000
1520616776.418178 4.272277 0.162715 1.051890 0.031550 0.969113 -0.016956 0.244001 2 1.000000
1520616776.568182 4.306898 0.153170 0.990288 0.005348 0.976731 -0.013113 0.213999 2 1.000000
1520616776.718187 4.342299 0.151052 0.925596 -0.005841 0.972753 -0.020779 0.230836 2 1.000000
1520616776.817157 4.371312 0.152165 0.884873 -0.015935 0.961370 -0.026141 0.273553 2 1.000000
1520616776.917160 4.401450 0.148130 0.850261 -0.033391 0.943481 -0.023917 0.328873 2 1.000000
1520616777.017162 4.429173 0.141555 0.827985 -0.036209 0.920577 -0.021904 0.388262 2 1.000000
1520616777.117166 4.466670 0.134212 0.803138 -0.030327 0.893073 -0.026784 0.448089 2 1.000000
1520616777.216661 4.504182 0.135228 0.781054 -0.016549 0.870880 -0.030534 0.490266 2 1.000000
1520616777.366666 4.566346 0.136761 0.747098 0.019419 0.864186 -0.019417 0.502422 2 1.000000
1520616777.466704 4.609622 0.130836 0.718675 0.041729 0.872681 -0.001579 0.486502 2 1.000000
1520616777.566918 4.652331 0.119569 0.689615 0.056008 0.887559 0.020234 0.456830 2 1.000000
1520616777.666921 4.694799 0.116349 0.658608 0.077107 0.897527 0.037539 0.432541 2 1.000000
1520616777.816925 4.754272 0.115800 0.606828 0.108359 0.911206 0.039373 0.395490 2 1.000000
1520616777.916929 4.782318 0.113274 0.569847 0.133674 0.922582 0.021487 0.361264 2 1.000000
1520616778.015328 4.811156 0.106093 0.525666 0.151735 0.938153 0.007626 0.311106 2 1.000000
1520616778.115331 4.834693 0.100424 0.478960 0.161813 0.954100 0.006622 0.251924 2 1.000000
1520616778.215334 4.844511 0.099475 0.437017 0.167682 0.968278 0.008818 0.185048 2 1.000000
1520616778.315337 4.850905 0.101560 0.387889 0.167800 0.979405 -0.002356 0.112266 2 1.000000
1520616778.412360 4.854801 0.102042 0.338833 0.161901 0.985869 -0.022098 0.036905 2 1.000000
1520616778.512362 4.846272 0.098107 0.296662 -0.139757 -0.989000 0.036012 0.032402 2 1.000000
1520616778.612365 4.833479 0.092804 0.254416 -0.111023 -0.987779 0.044982 0.099710 2 1.000000
1520616778.712369 4.798645 0.091641 0.239950 -0.081948 -0.982691 0.055978 0.156429 2 1.000000
1520616778.810536 4.795067 0.088131 0.175416 -0.055537 -0.976973 0.060525 0.196917 2 1.000000
1520616778.960536 4.769400 0.085181 0.111507 -0.014066 -0.971597 0.085315 0.220278 2 1.000000
1520616779.110598 4.753011 0.074817 0.053499 0.024194 -0.974446 0.092205 0.203390 2 1.000000
1520616779.259791 4.744014 0.069298 -0.007923 0.044368 -0.980479 0.075069 0.176228 2 1.000000
1520616779.409795 4.738732 0.073615 -0.074236 0.052609 -0.985165 0.066604 0.149149 2 1.000000
1520616779.559800 4.740029 0.070852 -0.143455 0.073689 -0.988140 0.065870 0.117522 2 1.000000
1520616779.709578 4.749187 0.059322 -0.211147 0.083477 -0.992001 0.056010 0.076346 2 1.000000
1520616779.859583 4.759027 0.050096 -0.280092 0.092079 -0.993626 0.051167 0.040130 2 1.000000
1520616779.959586 4.774237 0.047227 -0.322900 -0.081165 0.995486 -0.049067 0.003618 2 1.000000
1520616780.060066 4.794415 0.046341 -0.363650 -0.072192 0.993973 -0.051444 0.064488 2 1.000000
1520616780.160069 4.821558 0.042441 -0.398616 -0.066719 0.985810 -0.062113 0.140957 2 1.000000
1520616780.260072 4.854330 0.035606 -0.426567 -0.052041 0.970955 -0.070147 0.222751 2 1.000000
1520616780.310074 4.872342 0.032184 -0.441757 -0.049027 0.958880 -0.073265 0.269774 2 1.000000
1520616780.360075 4.891458 0.028380 -0.450896 -0.048567 0.944939 -0.073424 0.315184 2 1.000000
1520616780.411785 4.909699 0.027378 -0.458481 -0.055682 0.926905 -0.077409 0.362979 2 1.000000
1520616780.461786 4.931221 0.029081 -0.465432 -0.064720 0.908092 -0.083011 0.405325 2 1.000000
1520616780.511789 4.949091 0.030811 -0.469932 -0.068570 0.886173 -0.088371 0.449651 2 1.000000
1520616780.561790 4.970425 0.030962 -0.474475 -0.067415 0.861870 -0.095236 0.493523 2 1.000000
1520616780.611791 4.986772 0.029926 -0.474676 -0.068464 0.833035 -0.100651 0.539661 2 1.000000
1520616780.661796 5.002383 0.031283 -0.472498 -0.065719 0.800973 -0.108225 0.585159 2 1.000000
1520616780.711794 5.018654 0.032085 -0.462448 -0.063144 0.763680 -0.113081 0.632470 2 1.000000
1520616780.761875 5.032597 0.031941 -0.454059 -0.057234 0.721729 -0.115584 0.680053 2 1.000000
1520616780.810660 5.043894 0.030457 -0.442827 -0.052725 0.680177 -0.118597 0.721467 2 1.000000
1520616780.860662 5.056189 0.032425 -0.426348 -0.048634 0.634795 -0.119398 0.761849 2 1.000000
1520616780.910663 5.061419 0.031547 -0.411031 -0.047738 0.580485 -0.116804 0.804435 2 1.000000
1520616780.960665 5.067606 0.035634 -0.395330 -0.044138 0.520929 -0.112979 0.844938 2 1.000000
1520616781.010667 5.070623 0.039759 -0.377685 -0.042081 0.459681 -0.105754 0.880760 2 1.000000
1520616781.060668 5.069952 0.043699 -0.359122 -0.039675 0.397325 -0.099879 0.911363 2 1.000000
1520616781.110671 5.069408 0.048690 -0.340802 -0.036404 0.334883 -0.096382 0.936610 2 1.000000
1520616781.160671 5.064106 0.050258 -0.326619 -0.032082 0.266245 -0.091159 0.959049 2 1.000000
1520616781.210673 5.055664 0.053213 -0.310796 -0.024364 0.201670 -0.081236 0.975775 2 1.000000
1520616781.261109 5.046640 0.054412 -0.298815 -0.017906 0.131777 -0.069915 0.988649 2 1.000000
1520616781.311111 5.032139 0.053557 -0.285193 -0.013020 0.072498 -0.061518 0.995384 2 1.000000
1520616781.361112 5.020855 0.053694 -0.274346 -0.006268 0.017083 -0.049740 0.998596 2 1.000000
1520616781.461116 4.980734 0.053659 -0.248753 -0.001234 -0.067135 -0.025019 0.997429 2 1.000000
1520616781.561119 4.941223 0.054475 -0.231023 0.000324 -0.138301 0.002777 0.990386 2 1.000000
1520616781.664536 4.901268 0.056784 -0.212968 -0.009936 -0.183264 0.022933 0.982746 2 1.000000
1520616781.814541 4.852452 0.058444 -0.181308 -0.018263 -0.205628 0.065600 0.976258 2 1.000000
1520616781.964545 4.811954 0.056876 -0.145045 -0.025768 -0.202604 0.105296 0.973242 2 1.000000
1520616782.116582 4.780528 0.064943 -0.101063 -0.047063 -0.184973 0.121793 0.974031 2 1.000000
1520616782.266587 4.757931 0.073684 -0.042855 -0.066861 -0.122945 0.137244 0.980601 2 1.000000
1520616782.366590 4.752744 0.072983 0.000679 -0.064466 -0.059890 0.135661 0.986840 2 1.000000
1520616782.467312 4.753101 0.071265 0.041008 -0.050386 0.011653 0.119020 0.991544 2 1.000000
1520616782.567315 4.758283 0.073037 0.083105 -0.035448 0.075998 0.102955 0.991145 2 1.000000
1520616782.667318 4.765535 0.078590 0.126405 -0.021775 0.135582 0.088827 0.986536 2 1.000000
1520616782.767321 4.776081 0.086840 0.168505 -0.014647 0.184968 0.074413 0.979814 2 1.000000
1520616782.868397 4.786730 0.090249 0.211301 -0.004988 0.231471 0.062012 0.970851 2 1.000000
1520616783.018403 4.808521 0.088431 0.266915 0.014150 0.267625 0.028901 0.962986 2 1.000000
1520616783.168407 4.834985 0.089305 0.322369 0.018712 0.268103 -0.016437 0.963068 2 1.000000
1520616783.268410 4.848532 0.093172 0.361451 0.024852 0.233783 -0.050978 0.970633 2 1.000000
1520616783.368413 4.856253 0.095611 0.402785 0.040273 0.164390 -0.083137 0.982060 2 1.000000
1520616783.418414 4.854232 0.092899 0.423461 0.055462 0.118963 -0.098608 0.986432 2 1.000000
1520616783.468418 4.852970 0.088568 0.444340 0.078772 0.065136 -0.119085 0.987609 2 1.000000
1520616783.518419 4.848771 0.084859 0.462587 0.105404 0.007620 -0.131966 0.985605 2 1.000000
1520616783.568419 4.837982 0.078605 0.479005 0.126061 -0.053751 -0.139065 0.980755 2 1.000000
1520616783.618422 4.825975 0.072398 0.498058 0.141998 -0.112336 -0.139693 0.973500 2 1.000000
1520616783.668423 4.811011 0.068066 0.511797 0.151303 -0.169281 -0.135220 0.964452 2 1.000000
1520616783.718425 4.796611 0.066959 0.524980 0.158100 -0.218677 -0.130736 0.953988 2 1.000000
1520616783.768426 4.779737 0.068528 0.538885 0.162990 -0.260799 -0.124013 0.943419 2 1.000000
1520616783.868430 4.750289 0.072033 0.563139 0.168207 -0.333743 -0.109952 0.920996 2 1.000000
1520616783.968432 4.717573 0.074110 0.583683 0.169717 -0.383081 -0.087376 0.903776 2 1.000000
1520616784.068435 4.686284 0.073869 0.600842 0.159709 -0.431275 -0.053010 0.886389 2 1.000000
1520616784.168438 4.654526 0.077336 0.613278 0.147619 -0.481659 -0.026674 0.863424 2 1.000000
1520616784.268441 4.624198 0.078651 0.618748 0.121563 -0.540100 0.002887 0.832770 2 1.000000
1520616784.368444 4.588517 0.086632 0.630028 0.090760 -0.583646 0.037858 0.806032 2 1.000000
1520616784.468447 4.553800 0.094631 0.643754 0.055225 -0.606825 0.086329 0.788201 2 1.000000
