# ORB-SLAM3 Path Recording
# Format: timestamp tx ty tz qx qy qz qw tracking_state confidence
# Translation in meters, quaternion (x,y,z,w), timestamp in seconds
# Coordinate system: Camera frame
1520616772.309752 2.672637 0.218500 2.469353 -0.002738 0.727584 0.064412 0.682983 2 1.000000
1520616772.409755 2.711511 0.224442 2.445878 -0.003021 0.767994 0.062394 0.637403 2 1.000000
1520616772.509759 2.753582 0.229651 2.418678 -0.011044 0.791548 0.051324 0.608848 2 1.000000
1520616772.659722 2.811087 0.235100 2.380141 -0.034207 0.808848 0.030888 0.586208 2 1.000000
1520616772.809726 2.868856 0.240112 2.338545 -0.039982 0.836687 0.033571 0.545187 2 1.000000
1520616772.909729 2.910270 0.246539 2.306643 -0.038325 0.860911 0.038248 0.505866 2 1.000000
1520616773.009732 2.949966 0.255680 2.275399 -0.035205 0.884837 0.044394 0.462442 2 1.000000
1520616773.110007 2.991015 0.257851 2.240724 -0.023780 0.907901 0.043066 0.416287 2 1.000000
1520616773.210010 3.027333 0.253045 2.202178 -0.020669 0.928698 0.036315 0.368475 2 1.000000
1520616773.310014 3.057407 0.248170 2.162501 -0.019991 0.945133 0.043761 0.323124 2 1.000000
1520616773.410016 3.087219 0.247559 2.119892 -0.008774 0.958604 0.052810 0.279664 2 1.000000
1520616773.511806 3.115522 0.252231 2.073880 -0.003125 0.968562 0.048202 0.244039 2 1.000000
1520616773.611810 3.141483 0.254093 2.028456 -0.005134 0.974907 0.047614 0.217401 2 1.000000
1520616773.711813 3.167277 0.253372 1.983903 -0.021136 0.978171 0.049972 0.200595 2 1.000000
1520616773.811816 3.192815 0.247897 1.939618 -0.039972 0.980045 0.038137 0.190944 2 1.000000
1520616773.913093 3.218972 0.244094 1.896230 -0.050163 0.980071 0.021814 0.190966 2 1.000000
1520616774.013096 3.244606 0.251697 1.853379 -0.060809 0.979993 0.018947 0.188564 2 1.000000
1520616774.113099 3.271751 0.257521 1.809512 -0.074586 0.979863 0.024300 0.183617 2 1.000000
1520616774.213102 3.295232 0.254091 1.762188 -0.089551 0.978076 0.020261 0.186916 2 1.000000
1520616774.362897 3.331633 0.245762 1.701752 -0.098649 0.976303 0.007180 0.192480 2 1.000000
1520616774.512901 3.362672 0.233215 1.640315 -0.093422 0.970148 0.007799 0.223660 2 1.000000
1520616774.662906 3.405902 0.235348 1.578797 -0.099152 0.954342 -0.005038 0.281735 2 1.000000
1520616774.763841 3.439185 0.233687 1.546870 -0.104172 0.936608 -0.007003 0.334462 2 1.000000
1520616774.863844 3.474925 0.230782 1.521001 -0.110188 0.914775 0.005046 0.388613 2 1.000000
1520616774.963848 3.512545 0.228630 1.498605 -0.099185 0.890186 0.013496 0.444465 2 1.000000
1520616775.063851 3.559075 0.233500 1.474752 -0.072841 0.867119 0.002999 0.492737 2 1.000000
1520616775.166384 3.604933 0.236514 1.450325 -0.050158 0.849884 0.002401 0.524571 2 1.000000
1520616775.316389 3.674079 0.236661 1.417910 -0.035101 0.846971 0.028890 0.529692 2 1.000000
1520616775.416392 3.719005 0.229430 1.395562 -0.021712 0.850210 0.045006 0.524066 2 1.000000
1520616775.518124 3.766726 0.223502 1.371086 -0.001046 0.859891 0.050699 0.507952 2 1.000000
1520616775.618127 3.809395 0.225247 1.343148 0.026017 0.868553 0.054608 0.491891 2 1.000000
1520616775.718130 3.852417 0.227786 1.312418 0.044761 0.879134 0.049555 0.471873 2 1.000000
1520616775.818147 3.892721 0.227948 1.280143 0.054082 0.888959 0.046034 0.452446 2 1.000000
1520616775.968138 3.945591 0.221558 1.229625 0.050386 0.906661 0.027316 0.417948 2 1.000000
1520616776.068141 3.979958 0.216833 1.191874 0.048896 0.920934 0.016270 0.386297 2 1.000000
1520616776.168144 4.011764 0.216208 1.152995 0.049074 0.936506 0.002834 0.347190 2 1.000000
1520616776.268147 4.037807 0.222048 1.111620 0.046671 0.950995 -0.010514 0.305484 2 1.000000
1520616776.418178 4.076650 0.223128 1.052176 0.026340 0.967633 -0.004537 0.250941 2 1.000000
1520616776.518181 4.100553 0.217491 1.007723 0.005925 0.973627 0.000635 0.228067 2 1.000000
1520616776.668186 4.133433 0.217227 0.946895 -0.004378 0.973484 -0.007207 0.228600 2 1.000000
1520616776.817157 4.173732 0.222811 0.889356 -0.019179 0.959026 -0.016291 0.282199 2 1.000000
1520616776.917160 4.201237 0.217942 0.857821 -0.036760 0.940392 -0.013522 0.337829 2 1.000000
1520616777.017162 4.231457 0.212170 0.831251 -0.039742 0.916307 -0.010666 0.398357 2 1.000000
1520616777.117166 4.270088 0.204209 0.808131 -0.032511 0.888701 -0.014216 0.457112 2 1.000000
1520616777.216661 4.312446 0.204518 0.786134 -0.017791 0.866794 -0.016167 0.498087 2 1.000000
1520616777.366666 4.368112 0.207664 0.756247 0.018454 0.859891 -0.006276 0.510106 2 1.000000
1520616777.516670 4.432518 0.199418 0.718469 0.048581 0.876134 0.022565 0.479082 2 1.000000
1520616777.666921 4.483272 0.194035 0.682282 0.074451 0.893306 0.050463 0.440358 2 1.000000
1520616777.816925 4.535488 0.194699 0.637239 0.104118 0.907131 0.053017 0.404304 2 1.000000
1520616777.916929 4.569040 0.192959 0.598532 0.128651 0.919741 0.035802 0.369111 2 1.000000
1520616778.015328 4.597036 0.185702 0.557663 0.146133 0.936024 0.022565 0.319365 2 1.000000
1520616778.115331 4.614416 0.181402 0.519435 0.155405 0.952642 0.021579 0.260495 2 1.000000
1520616778.215334 4.625216 0.181867 0.479769 0.161107 0.967406 0.022350 0.194091 2 1.000000
1520616778.315337 4.633792 0.185806 0.433001 0.160358 0.979674 0.010131 0.120092 2 1.000000
1520616778.412360 4.635317 0.187147 0.389985 0.153613 0.987057 -0.009298 0.045118 2 1.000000
1520616778.512362 4.628727 0.184209 0.349242 -0.130775 -0.990827 0.024158 0.024019 2 1.000000
1520616778.612365 4.615581 0.180159 0.311812 -0.101507 -0.990013 0.034939 0.091375 2 1.000000
1520616778.712369 4.597888 0.177027 0.274631 -0.072164 -0.985695 0.045425 0.145378 2 1.000000
1520616778.810536 4.578731 0.176731 0.235695 -0.046389 -0.980108 0.051585 0.185946 2 1.000000
1520616778.960536 4.557754 0.174770 0.177798 -0.004675 -0.974467 0.077308 0.210749 2 1.000000
1520616779.110598 4.542488 0.166768 0.119877 0.033434 -0.977163 0.084032 0.192284 2 1.000000
1520616779.259791 4.538133 0.164797 0.057495 0.054296 -0.982427 0.068444 0.164939 2 1.000000
1520616779.409795 4.533192 0.169328 -0.001695 0.062583 -0.986456 0.060820 0.138884 2 1.000000
1520616779.559800 4.532154 0.168723 -0.061231 0.082754 -0.989016 0.061105 0.106139 2 1.000000
1520616779.709578 4.538552 0.160752 -0.119717 0.092203 -0.992379 0.050971 0.063909 2 1.000000
1520616779.859583 4.550653 0.152084 -0.183569 0.100663 -0.993620 0.043211 0.026809 2 1.000000
1520616779.959586 4.565994 0.148960 -0.223835 -0.088078 0.995223 -0.039049 0.015743 2 1.000000
1520616780.060066 4.588288 0.149615 -0.263636 -0.078788 0.993104 -0.041299 0.076366 2 1.000000
1520616780.160069 4.614568 0.147141 -0.300834 -0.072232 0.984294 -0.052426 0.152311 2 1.000000
1520616780.260072 4.645350 0.141803 -0.326952 -0.056000 0.968602 -0.059875 0.234710 2 1.000000
1520616780.310074 4.660857 0.139756 -0.336607 -0.052791 0.955945 -0.064439 0.281477 2 1.000000
1520616780.360075 4.680787 0.137666 -0.342566 -0.052871 0.942240 -0.065686 0.324151 2 1.000000
1520616780.411785 4.698294 0.136239 -0.351005 -0.059398 0.923717 -0.068003 0.372282 2 1.000000
1520616780.461786 4.716243 0.138127 -0.356119 -0.066392 0.904170 -0.072953 0.415627 2 1.000000
1520616780.511789 4.733027 0.137972 -0.359319 -0.071768 0.881909 -0.076178 0.459656 2 1.000000
1520616780.561790 4.748691 0.138280 -0.361134 -0.070631 0.856490 -0.082180 0.504662 2 1.000000
1520616780.611791 4.764404 0.140366 -0.360219 -0.069006 0.827453 -0.089855 0.549986 2 1.000000
1520616780.661796 4.781217 0.141084 -0.357489 -0.067523 0.795278 -0.095992 0.594776 2 1.000000
1520616780.711794 4.796226 0.139188 -0.356235 -0.063049 0.755792 -0.100193 0.644022 2 1.000000
1520616780.761875 4.809654 0.139181 -0.348394 -0.057019 0.713000 -0.103014 0.691208 2 1.000000
1520616780.810660 4.822907 0.139295 -0.337900 -0.050237 0.672878 -0.107887 0.730118 2 1.000000
1520616780.860662 4.832960 0.140300 -0.324593 -0.045405 0.624386 -0.108813 0.772166 2 1.000000
1520616780.910663 4.839775 0.141540 -0.310683 -0.041963 0.569929 -0.106993 0.813617 2 1.000000
1520616780.960665 4.844064 0.141688 -0.295125 -0.039080 0.509544 -0.100709 0.853637 2 1.000000
1520616781.010667 4.846468 0.146092 -0.276953 -0.034974 0.448884 -0.094250 0.887917 2 1.000000
1520616781.060668 4.844871 0.147779 -0.259677 -0.032847 0.386552 -0.087018 0.917566 2 1.000000
1520616781.110671 4.842711 0.153449 -0.244254 -0.025658 0.321550 -0.085669 0.942660 2 1.000000
1520616781.160671 4.837822 0.155972 -0.229840 -0.019914 0.253204 -0.079962 0.963897 2 1.000000
1520616781.210673 4.828841 0.157585 -0.217234 -0.012115 0.184965 -0.070888 0.980110 2 1.000000
1520616781.261109 4.817153 0.158308 -0.204493 -0.006141 0.118203 -0.062132 0.991025 2 1.000000
1520616781.311111 4.804679 0.156951 -0.192928 -0.001255 0.058194 -0.052320 0.996933 2 1.000000
1520616781.361112 4.788640 0.155586 -0.180410 0.003403 0.006874 -0.043127 0.999040 2 1.000000
1520616781.411114 4.771383 0.154448 -0.170448 0.006709 -0.039734 -0.030559 0.998720 2 1.000000
1520616781.511117 4.736095 0.154899 -0.148716 0.012540 -0.117988 -0.005248 0.992922 2 1.000000
1520616781.611120 4.700874 0.157925 -0.131750 0.007787 -0.179013 0.019206 0.983628 2 1.000000
1520616781.764540 4.650220 0.157861 -0.102615 -0.006481 -0.216320 0.058116 0.974570 2 1.000000
1520616781.914544 4.609201 0.155463 -0.071694 -0.011537 -0.214842 0.100834 0.971361 2 1.000000
1520616782.066580 4.574006 0.160062 -0.032328 -0.025790 -0.207150 0.122402 0.970279 2 1.000000
1520616782.216585 4.548790 0.168089 0.015035 -0.052922 -0.160315 0.135647 0.976268 2 1.000000
1520616782.316588 4.538368 0.168869 0.054114 -0.055696 -0.105246 0.147107 0.981927 2 1.000000
1520616782.416692 4.535543 0.166099 0.093413 -0.047242 -0.035466 0.136162 0.988924 2 1.000000
1520616782.517313 4.539712 0.164001 0.132043 -0.033205 0.033504 0.118423 0.991842 2 1.000000
1520616782.617316 4.545625 0.166709 0.171391 -0.018942 0.094777 0.103459 0.989927 2 1.000000
1520616782.717320 4.551926 0.171847 0.213671 -0.008638 0.150873 0.091305 0.984290 2 1.000000
1520616782.817323 4.562286 0.177301 0.252739 -0.002816 0.198394 0.078921 0.976936 2 1.000000
1520616782.968400 4.579639 0.176906 0.308917 0.017629 0.247787 0.054011 0.967147 2 1.000000
1520616783.118405 4.603455 0.174240 0.360873 0.026478 0.262418 0.013058 0.964503 2 1.000000
1520616783.268410 4.622686 0.179157 0.414915 0.034623 0.223918 -0.040058 0.973169 2 1.000000
1520616783.368413 4.629042 0.180492 0.453160 0.050938 0.154016 -0.072379 0.984096 2 1.000000
1520616783.418414 4.627755 0.178991 0.471609 0.067579 0.107798 -0.089387 0.987837 2 1.000000
1520616783.468418 4.624392 0.172427 0.489398 0.089572 0.056262 -0.109267 0.988368 2 1.000000
1520616783.518419 4.619396 0.168695 0.510771 0.116794 -0.000997 -0.122999 0.985510 2 1.000000
1520616783.568419 4.610142 0.161185 0.525763 0.137880 -0.063748 -0.130860 0.979694 2 1.000000
1520616783.618422 4.598606 0.155976 0.543636 0.154758 -0.121222 -0.131775 0.971592 2 1.000000
1520616783.668423 4.584321 0.152585 0.555440 0.165377 -0.177739 -0.128000 0.961600 2 1.000000
1520616783.718425 4.570719 0.151115 0.567274 0.171381 -0.226810 -0.124025 0.950686 2 1.000000
1520616783.768426 4.555018 0.151571 0.580799 0.177196 -0.268977 -0.117916 0.939334 2 1.000000
1520616783.868430 4.525263 0.154109 0.604420 0.182851 -0.341530 -0.104350 0.915988 2 1.000000
1520616783.968432 4.494055 0.154107 0.623881 0.184860 -0.391061 -0.082252 0.897849 2 1.000000
1520616784.068435 4.464137 0.153310 0.638452 0.174318 -0.438222 -0.049164 0.880430 2 1.000000
1520616784.168438 4.435533 0.154592 0.648927 0.161272 -0.490206 -0.024212 0.856214 2 1.000000
1520616784.268441 4.406291 0.156298 0.654088 0.135594 -0.548889 0.004139 0.824814 2 1.000000
1520616784.368444 4.374204 0.163072 0.661121 0.103533 -0.591125 0.038749 0.798968 2 1.000000
1520616784.468447 4.341939 0.169695 0.671519 0.067256 -0.614519 0.085742 0.781340 2 1.000000
1520616784.568265 4.305374 0.171775 0.688288 0.047561 -0.606729 0.130901 0.782613 2 1.000000
1520616784.668269 4.274181 0.169503 0.708361 0.025179 -0.578152 0.169476 0.797737 2 1.000000
1520616784.768272 4.242431 0.165619 0.733377 0.011159 -0.530968 0.193958 0.824821 2 1.000000
1520616784.868275 4.210236 0.167686 0.762745 0.002745 -0.470545 0.214274 0.855959 2 1.000000
1520616784.968463 4.180696 0.169585 0.792123 -0.012119 -0.412616 0.221930 0.883373 2 1.000000
1520616785.068466 4.151312 0.172954 0.824661 -0.023868 -0.354608 0.227250 0.906665 2 1.000000
1520616785.168469 4.124379 0.176825 0.860917 -0.024306 -0.293331 0.229687 0.927691 2 1.000000
1520616785.268473 4.104393 0.175335 0.900698 -0.017035 -0.230579 0.223506 0.946883 2 1.000000
1520616785.368476 4.081996 0.180182 0.942256 -0.012722 -0.177444 0.220441 0.959040 2 1.000000
1520616785.468479 4.068379 0.189260 0.983075 -0.010814 -0.133230 0.222789 0.965659 2 1.000000
1520616785.618484 4.052346 0.196333 1.044429 -0.001643 -0.072034 0.237774 0.968644 2 1.000000
1520616785.718487 4.046228 0.200679 1.087013 0.010647 -0.026673 0.232646 0.972137 2 1.000000
1520616785.818489 4.048359 0.200218 1.128662 0.015686 0.016322 0.239215 0.970703 2 1.000000
1520616785.918494 4.055266 0.203768 1.173851 0.017898 0.063698 0.236590 0.969354 2 1.000000
1520616786.018497 4.072350 0.211332 1.215157 0.030533 0.120241 0.230932 0.965029 2 1.000000
1520616786.118499 4.091616 0.217898 1.271051 0.046287 0.183646 0.228050 0.955052 2 1.000000
1520616786.218502 4.119557 0.226431 1.311576 0.067397 0.255260 0.222855 0.938422 2 1.000000
1520616786.318506 4.151469 0.227803 1.347150 0.073130 0.327073 0.208201 0.918873 2 1.000000
1520616786.418509 4.189149 0.233867 1.373837 0.066882 0.398711 0.195363 0.893526 2 1.000000
1520616786.518511 4.231309 0.243090 1.397869 0.066889 0.457235 0.188489 0.866564 2 1.000000
1520616786.618515 4.274519 0.252222 1.420672 0.069927 0.504155 0.179271 0.841903 2 1.000000
1520616786.718518 4.320301 0.262088 1.442200 0.075469 0.534236 0.177440 0.823050 2 1.000000
1520616786.818521 4.368086 0.265018 1.459539 0.064732 0.561002 0.160416 0.809539 2 1.000000
1520616786.918525 4.416583 0.262972 1.473566 0.052730 0.579873 0.147851 0.799442 2 1.000000
1520616787.067445 4.490011 0.271346 1.485767 0.043627 0.603934 0.105003 0.788882 2 1.000000
1520616787.217446 4.563012 0.279846 1.495958 0.046935 0.630999 0.080918 0.770123 2 1.000000
1520616787.317463 4.615093 0.284084 1.497603 0.037173 0.664447 0.064589 0.743611 2 1.000000
1520616787.465855 4.689251 0.279075 1.491226 0.022243 0.710983 0.050137 0.701067 2 1.000000
1520616787.565858 4.743775 0.276251 1.483261 0.027575 0.737356 0.033076 0.674130 2 1.000000
1520616787.665861 4.795919 0.279420 1.474164 0.027919 0.752265 0.015316 0.658090 2 1.000000
1520616787.814110 4.869640 0.280790 1.461209 0.014678 0.756970 0.019805 0.652985 2 1.000000
1520616787.964115 4.944488 0.273749 1.449162 -0.004895 0.749156 0.023876 0.661945 2 1.000000
1520616788.114120 5.024939 0.269146 1.440012 0.004554 0.733898 -0.003871 0.679234 2 1.000000
1520616788.212737 5.076573 0.272238 1.434452 0.008796 0.729358 -0.025608 0.683596 2 1.000000
1520616788.312742 5.129421 0.275181 1.427197 0.006906 0.734537 -0.032337 0.677763 2 1.000000
1520616788.462746 5.201345 0.269417 1.423322 -0.011400 0.741586 -0.020889 0.670436 2 1.000000
1520616788.611556 5.275183 0.267597 1.417068 -0.010410 0.744089 -0.022606 0.667617 2 1.000000
1520616788.711559 5.329265 0.272380 1.410426 -0.011242 0.738595 -0.024511 0.673610 2 1.000000
1520616788.811563 5.382983 0.279847 1.403433 -0.019350 0.728727 -0.027165 0.683992 2 1.000000
1520616788.911565 5.436552 0.277771 1.404256 -0.028081 0.717554 -0.026922 0.695416 2 1.000000
1520616789.060905 5.510951 0.272766 1.406058 -0.047974 0.681575 -0.037280 0.729221 2 1.000000
1520616789.160908 5.569089 0.276224 1.408502 -0.055645 0.661008 -0.045874 0.746905 2 1.000000
1520616789.260911 5.623222 0.283446 1.411625 -0.057997 0.646810 -0.058156 0.758216 2 1.000000
1520616789.411003 5.696074 0.289253 1.418530 -0.063993 0.641998 -0.057479 0.761866 2 1.000000
1520616789.561008 5.768805 0.282520 1.430569 -0.074055 0.642359 -0.045254 0.761474 2 1.000000
1520616789.711012 5.841492 0.282845 1.441112 -0.069111 0.628850 -0.057710 0.772296 2 1.000000
1520616789.812220 5.891501 0.289302 1.449050 -0.065119 0.600661 -0.076346 0.793182 2 1.000000
1520616789.912224 5.939623 0.293556 1.462721 -0.059263 0.558898 -0.091412 0.822049 2 1.000000
1520616790.012228 5.980717 0.291247 1.480814 -0.063881 0.522365 -0.095325 0.844966 2 1.000000
1520616790.112230 6.022191 0.290711 1.502886 -0.076389 0.477624 -0.088093 0.870793 2 1.000000
1520616790.212307 6.048707 0.296007 1.525210 -0.083866 0.431266 -0.091889 0.893607 2 1.000000
1520616790.312309 6.089752 0.304808 1.553522 -0.080885 0.387549 -0.098884 0.912954 2 1.000000
1520616790.412313 6.123019 0.313555 1.586557 -0.083097 0.344481 -0.109136 0.928718 2 1.000000
1520616790.512316 6.149636 0.318763 1.618223 -0.082282 0.295422 -0.114140 0.944949 2 1.000000
1520616790.612378 6.174658 0.313925 1.657455 -0.078554 0.242582 -0.109226 0.960756 2 1.000000
1520616790.710992 6.190432 0.317937 1.695119 -0.070127 0.191791 -0.106984 0.973064 2 1.000000
1520616790.810994 6.202956 0.324667 1.730318 -0.065171 0.133424 -0.100583 0.983786 2 1.000000
1520616790.910997 6.212027 0.333149 1.762745 -0.069210 0.078184 -0.090628 0.990396 2 1.000000
1520616791.011001 6.222336 0.339198 1.804957 -0.060619 0.034389 -0.076216 0.994653 2 1.000000
1520616791.110412 6.223547 0.335926 1.839460 -0.046597 -0.005499 -0.052796 0.997502 2 1.000000
1520616791.260417 6.222073 0.331876 1.891282 -0.026682 -0.061670 -0.037564 0.997033 2 1.000000
1520616791.410422 6.217660 0.337334 1.947006 -0.009994 -0.122686 -0.051719 0.991047 2 1.000000
1520616791.510060 6.210796 0.341371 1.989079 -0.008197 -0.167978 -0.066256 0.983528 2 1.000000
1520616791.610063 6.196357 0.342542 2.018096 -0.008609 -0.214037 -0.079540 0.973544 2 1.000000
1520616791.710066 6.176064 0.341940 2.047672 -0.008321 -0.265358 -0.083649 0.960478 2 1.000000
1520616791.810069 6.154460 0.341180 2.074215 -0.000328 -0.320698 -0.077070 0.944041 2 1.000000
1520616791.910035 6.129742 0.345905 2.100597 0.014444 -0.384410 -0.068193 0.920527 2 1.000000
1520616792.010038 6.102320 0.353991 2.123560 0.017574 -0.450060 -0.063092 0.890593 2 1.000000
1520616792.110040 6.071669 0.358107 2.146507 0.017046 -0.511928 -0.059104 0.856823 2 1.000000
1520616792.210044 6.043140 0.355958 2.148146 0.007989 -0.576788 -0.052246 0.815182 2 1.000000
1520616792.310152 6.010933 0.354611 2.149143 0.001526 -0.636749 -0.046028 0.769695 2 1.000000
1520616792.410155 5.976701 0.357898 2.150390 0.000014 -0.681639 -0.037805 0.730711 2 1.000000
1520616792.510158 5.940241 0.364390 2.150646 -0.004606 -0.712632 -0.030983 0.700839 2 1.000000
1520616792.660163 5.883558 0.367215 2.151541 -0.019616 -0.722864 -0.023740 0.690304 2 1.000000
1520616792.810274 5.821224 0.354497 2.146310 -0.031903 -0.712446 0.009862 0.700932 2 1.000000
1520616792.960279 5.757493 0.348097 2.145602 -0.038611 -0.696861 0.055757 0.713992 2 1.000000
1520616793.110411 5.693285 0.347042 2.147841 -0.047012 -0.673149 0.095955 0.731746 2 1.000000
1520616793.260417 5.626784 0.340277 2.153796 -0.065158 -0.634204 0.126170 0.760014 2 1.000000
1520616793.410422 5.564908 0.331654 2.165766 -0.069348 -0.592931 0.133010 0.791158 2 1.000000
1520616793.510510 5.521641 0.331386 2.179035 -0.068639 -0.556868 0.138296 0.816126 2 1.000000
1520616793.610514 5.480197 0.334771 2.195647 -0.065670 -0.512574 0.156440 0.841714 2 1.000000
1520616793.710516 5.443945 0.333170 2.218658 -0.062278 -0.455573 0.171962 0.871208 2 1.000000
1520616793.810520 5.412421 0.329712 2.243681 -0.061705 -0.391103 0.175544 0.901341 2 1.000000
1520616793.910856 5.379957 0.328829 2.280198 -0.065202 -0.313729 0.172299 0.931470 2 1.000000
1520616794.010755 5.357377 0.327444 2.315782 -0.065354 -0.237730 0.174040 0.953375 2 1.000000
1520616794.110758 5.339913 0.328883 2.357252 -0.052563 -0.162255 0.182023 0.968389 2 1.000000
1520616794.210761 5.335791 0.334574 2.395191 -0.031896 -0.098055 0.193867 0.975594 2 1.000000
1520616794.310712 5.325120 0.333329 2.440006 -0.020296 -0.029372 0.198353 0.979480 2 1.000000
1520616794.410715 5.325081 0.330693 2.478546 -0.004891 0.039569 0.206053 0.977728 2 1.000000
1520616794.510718 5.332827 0.330220 2.516215 0.012272 0.116500 0.196182 0.973545 2 1.000000
1520616794.560720 5.337401 0.331492 2.534567 0.018297 0.161285 0.187974 0.968668 2 1.000000
1520616794.610721 5.342270 0.334708 2.553982 0.026820 0.208845 0.183498 0.960205 2 1.000000
1520616794.660723 5.349252 0.335638 2.569488 0.034761 0.256123 0.181834 0.948751 2 1.000000
1520616794.710424 5.358793 0.337817 2.583544 0.044653 0.304663 0.182391 0.933766 2 1.000000
1520616794.760426 5.368989 0.338932 2.596663 0.055965 0.355166 0.181674 0.915270 2 1.000000
1520616794.810427 5.379106 0.338861 2.608547 0.067586 0.404720 0.181290 0.893738 2 1.000000
1520616794.860428 5.392240 0.339029 2.616047 0.077230 0.452575 0.176735 0.870619 2 1.000000
1520616794.910430 5.405172 0.340405 2.621385 0.085179 0.499904 0.170087 0.844932 2 1.000000
1520616794.960432 5.418582 0.341171 2.625868 0.088678 0.546027 0.163485 0.816862 2 1.000000
1520616795.010434 5.432058 0.342282 2.627741 0.089915 0.590662 0.155452 0.786682 2 1.000000
1520616795.060436 5.445950 0.344283 2.626990 0.091728 0.632393 0.150595 0.754312 2 1.000000
1520616795.110436 5.458773 0.345909 2.624174 0.099457 0.669165 0.146241 0.721762 2 1.000000
1520616795.160325 5.472008 0.347904 2.620685 0.110583 0.701583 0.140843 0.689722 2 1.000000
1520616795.210326 5.484872 0.348729 2.615121 0.122433 0.731252 0.134589 0.657394 2 1.000000
1520616795.260328 5.500378 0.351054 2.608410 0.130709 0.760173 0.124358 0.624169 2 1.000000
1520616795.360331 5.521813 0.353361 2.588302 0.140819 0.808726 0.103991 0.561532 2 1.000000
1520616795.460334 5.539671 0.354631 2.564182 0.132710 0.851741 0.078203 0.500809 2 1.000000
1520616795.560232 5.550776 0.355023 2.536223 0.126089 0.889393 0.064100 0.434709 2 1.000000
1520616795.660235 5.558998 0.354973 2.503082 0.107187 0.924165 0.038144 0.364657 2 1.000000
1520616795.760238 5.564382 0.354819 2.468780 0.093925 0.948242 0.011685 0.303115 2 1.000000
1520616795.860242 5.566103 0.352410 2.434260 0.073742 0.964824 -0.024805 0.251122 2 1.000000
1520616795.960321 5.566182 0.348910 2.399086 0.050074 0.972493 -0.065355 0.217894 2 1.000000
1520616796.110325 5.568629 0.342008 2.351568 0.005866 0.968902 -0.103874 0.224510 2 1.000000
1520616796.210329 5.574271 0.342683 2.321112 -0.039659 0.958633 -0.110529 0.259293 2 1.000000
1520616796.310332 5.585027 0.345210 2.295910 -0.081230 0.937063 -0.114953 0.319533 2 1.000000
1520616796.360355 5.590657 0.343314 2.278692 -0.106023 0.920472 -0.116426 0.357682 2 1.000000
1520616796.410357 5.598432 0.342764 2.268178 -0.128792 0.903470 -0.114027 0.392623 2 1.000000
1520616796.460358 5.608284 0.342800 2.258897 -0.148884 0.883331 -0.112041 0.430125 2 1.000000
1520616796.510360 5.619255 0.342223 2.249769 -0.163632 0.861612 -0.109994 0.467708 2 1.000000
1520616796.610363 5.645534 0.345218 2.240421 -0.174147 0.820208 -0.107522 0.534201 2 1.000000
1520616796.710367 5.677720 0.351017 2.233564 -0.162870 0.784492 -0.098089 0.590275 2 1.000000
1520616796.810539 5.710392 0.355137 2.231029 -0.143838 0.754266 -0.078607 0.635778 2 1.000000
1520616796.910542 5.747901 0.359569 2.232635 -0.115205 0.736616 -0.056433 0.664034 2 1.000000
1520616797.060547 5.807222 0.353929 2.234058 -0.047037 0.734836 -0.034226 0.675746 2 1.000000
1520616797.160543 5.847820 0.350304 2.230830 0.006654 0.741229 -0.017584 0.670989 2 1.000000
1520616797.260546 5.892043 0.349841 2.222629 0.050546 0.753405 0.002878 0.655605 2 1.000000
1520616797.360549 5.935138 0.349250 2.205362 0.084270 0.771227 0.015657 0.630764 2 1.000000
1520616797.460553 5.976115 0.341648 2.183646 0.108075 0.802069 0.023068 0.586918 2 1.000000
1520616797.560556 6.015460 0.336617 2.155932 0.124234 0.837219 0.026053 0.531932 2 1.000000
1520616797.660665 6.051776 0.333662 2.122137 0.135700 0.870807 0.025063 0.471860 2 1.000000
1520616797.760667 6.082412 0.335430 2.083251 0.140851 0.906165 0.018447 0.398354 2 1.000000
1520616797.860671 6.111587 0.339329 2.040832 0.138833 0.937185 0.007878 0.319919 2 1.000000
1520616797.910672 6.122863 0.340770 2.018724 0.133184 0.951771 -0.000419 0.276394 2 1.000000
1520616797.960674 6.133642 0.341151 1.998828 0.126648 0.964020 -0.010773 0.233473 2 1.000000
1520616798.012466 6.142224 0.339669 1.976655 0.112486 0.974473 -0.022064 0.193035 2 1.000000
1520616798.112469 6.155775 0.335712 1.934072 0.086274 0.987584 -0.034800 0.126582 2 1.000000
1520616798.212473 6.160674 0.340464 1.888445 0.060597 0.993804 -0.042824 0.082746 2 1.000000
1520616798.362478 6.186296 0.335294 1.829013 0.019309 0.996259 -0.062556 0.056411 2 1.000000
1520616798.462923 6.206758 0.335298 1.789397 -0.014804 0.993697 -0.077012 0.080108 2 1.000000
1520616798.562928 6.230280 0.329998 1.747943 -0.053496 0.986050 -0.095185 0.125630 2 1.000000
1520616798.662927 6.261182 0.321306 1.715310 -0.084678 0.973836 -0.103605 0.183681 2 1.000000
1520616798.762930 6.297509 0.318122 1.683226 -0.106602 0.954446 -0.110005 0.256062 2 1.000000
1520616798.862679 6.337577 0.322844 1.652892 -0.123554 0.929951 -0.110041 0.328354 2 1.000000
1520616798.962682 6.380768 0.326430 1.625655 -0.126553 0.901579 -0.103360 0.400569 2 1.000000
1520616799.062686 6.428791 0.328178 1.603522 -0.098124 0.870989 -0.107120 0.469336 2 1.000000
1520616799.162689 6.472376 0.325613 1.585998 -0.057150 0.843719 -0.109446 0.522392 2 1.000000
1520616799.263306 6.517376 0.322917 1.572736 -0.011439 0.816721 -0.089584 0.569922 2 1.000000
1520616799.363308 6.562063 0.323974 1.561182 0.039279 0.802043 -0.061316 0.592811 2 1.000000
1520616799.463312 6.607764 0.327019 1.543056 0.089799 0.800207 -0.042001 0.591473 2 1.000000
1520616799.563315 6.655069 0.326297 1.523896 0.138601 0.801853 -0.033244 0.580273 2 1.000000
1520616799.711992 6.715133 0.309608 1.490349 0.193579 0.811860 -0.020674 0.550440 2 1.000000
1520616799.811994 6.754700 0.296558 1.461065 0.218714 0.827922 -0.011407 0.516313 2 1.000000
1520616799.911999 6.792090 0.289753 1.430432 0.229877 0.850709 -0.010035 0.472599 2 1.000000
1520616800.012002 6.832828 0.290765 1.391796 0.239598 0.873899 -0.011448 0.422803 2 1.000000
1520616800.111089 6.866113 0.291397 1.354230 0.240882 0.898013 -0.018657 0.367695 2 1.000000
1520616800.211093 6.890949 0.289358 1.319566 0.237995 0.920800 -0.019136 0.308415 2 1.000000
1520616800.311096 6.917580 0.287082 1.277176 0.225388 0.942842 -0.011495 0.245189 2 1.000000
1520616800.411099 6.938424 0.290329 1.235146 0.208632 0.958981 -0.003406 0.191879 2 1.000000
1520616800.510864 6.954075 0.301970 1.193659 0.187298 0.970500 -0.004611 0.151750 2 1.000000
1520616800.610867 6.968672 0.304415 1.154390 0.150565 0.980237 -0.019301 0.126861 2 1.000000
1520616800.710870 6.978617 0.305291 1.115351 0.103595 0.986580 -0.045427 0.117748 2 1.000000
1520616800.810873 6.989514 0.306570 1.079721 0.043668 0.989476 -0.058612 0.124880 2 1.000000
1520616800.910627 7.002724 0.302381 1.040847 -0.010053 0.988427 -0.063228 0.137523 2 1.000000
1520616801.010630 7.018248 0.298538 1.000795 -0.058678 0.984684 -0.071852 0.147620 2 1.000000
1520616801.110634 7.037079 0.294425 0.961937 -0.094672 0.977538 -0.082063 0.169475 2 1.000000
1520616801.260343 7.079914 0.286429 0.904659 -0.131470 0.961563 -0.106777 0.216125 2 1.000000
1520616801.360345 7.111429 0.277141 0.876356 -0.140170 0.946046 -0.122258 0.265336 2 1.000000
1520616801.460349 7.147508 0.269704 0.854151 -0.141502 0.927864 -0.125299 0.321476 2 1.000000
1520616801.560353 7.187193 0.269315 0.836953 -0.133491 0.905437 -0.112847 0.386820 2 1.000000
1520616801.660317 7.231377 0.277231 0.818396 -0.112427 0.879928 -0.092261 0.452299 2 1.000000
1520616801.760321 7.271699 0.285812 0.811155 -0.081906 0.852234 -0.073668 0.511430 2 1.000000
1520616801.860323 7.319118 0.287671 0.800386 -0.047039 0.822690 -0.062891 0.563040 2 1.000000
1520616801.960326 7.363772 0.287390 0.799813 -0.020628 0.791019 -0.042942 0.609934 2 1.000000
1520616802.060329 7.402620 0.285642 0.800931 -0.012990 0.763788 -0.016820 0.645117 2 1.000000
1520616802.210473 7.465281 0.284296 0.799396 0.023318 0.751408 -0.004978 0.659407 2 1.000000
1520616802.360478 7.525089 0.280001 0.794441 0.069402 0.762659 -0.010154 0.642986 2 1.000000
1520616802.510608 7.585029 0.272257 0.788300 0.087850 0.780933 0.035127 0.617407 2 1.000000
1520616802.610611 7.623817 0.266427 0.777875 0.105527 0.801648 0.062624 0.585067 2 1.000000
1520616802.710615 7.662409 0.260520 0.763513 0.137585 0.819163 0.076745 0.551500 2 1.000000
1520616802.810618 7.706742 0.258208 0.743896 0.174549 0.837261 0.080163 0.511958 2 1.000000
1520616802.911119 7.744241 0.255414 0.718989 0.202135 0.855651 0.082953 0.469171 2 1.000000
1520616803.011122 7.779368 0.253174 0.689643 0.218819 0.877204 0.085250 0.418764 2 1.000000
1520616803.111126 7.803537 0.248641 0.659368 0.236052 0.895810 0.081210 0.367707 2 1.000000
1520616803.211128 7.827401 0.245188 0.623798 0.248160 0.917852 0.070352 0.301686 2 1.000000
1520616803.311525 7.849968 0.246256 0.584761 0.256606 0.934855 0.053419 0.239470 2 1.000000
1520616803.411528 7.868412 0.246267 0.542945 0.262510 0.948402 0.025366 0.176007 2 1.000000
1520616803.511531 7.882962 0.243268 0.503955 0.265716 0.957705 -0.002538 0.110408 2 1.000000
1520616803.611534 7.890630 0.238570 0.464920 0.266230 0.962954 -0.018403 0.038759 2 1.000000
1520616803.710872 7.891622 0.237833 0.427584 -0.275528 -0.960205 0.029389 0.035020 2 1.000000
1520616803.810875 7.892298 0.236135 0.384633 -0.288251 -0.950262 0.042288 0.110118 2 1.000000
1520616803.910878 7.882055 0.234951 0.346896 -0.292428 -0.936363 0.061976 0.184035 2 1.000000
1520616804.010881 7.864382 0.237309 0.316437 -0.291390 -0.915834 0.079449 0.264628 2 1.000000
1520616804.060883 7.853774 0.236974 0.303850 -0.292015 -0.901869 0.084283 0.307011 2 1.000000
1520616804.110661 7.844977 0.238898 0.287723 -0.294105 -0.884403 0.091162 0.350747 2 1.000000
1520616804.160663 7.830253 0.238727 0.279958 -0.294729 -0.863947 0.097507 0.396514 2 1.000000
1520616804.210664 7.817164 0.239568 0.273135 -0.293012 -0.838762 0.106607 0.446383 2 1.000000
1520616804.260666 7.801534 0.239358 0.273535 -0.288420 -0.809421 0.116477 0.498081 2 1.000000
1520616804.310668 7.785401 0.242427 0.273524 -0.280855 -0.777969 0.131237 0.546499 2 1.000000
1520616804.360669 7.772169 0.242916 0.274776 -0.270261 -0.742875 0.144610 0.595133 2 1.000000
1520616804.410671 7.759058 0.245083 0.278546 -0.257797 -0.704863 0.158699 0.641501 2 1.000000
1520616804.460673 7.747797 0.245557 0.284829 -0.245771 -0.663926 0.170141 0.685457 2 1.000000
1520616804.510674 7.737715 0.247252 0.292877 -0.236490 -0.620353 0.183368 0.724990 2 1.000000
1520616804.560965 7.726914 0.248806 0.303803 -0.228046 -0.572339 0.191495 0.764037 2 1.000000
1520616804.610967 7.720048 0.252174 0.316096 -0.223116 -0.524302 0.198431 0.797466 2 1.000000
1520616804.660969 7.715667 0.253886 0.330836 -0.221311 -0.478166 0.204665 0.824919 2 1.000000
1520616804.710970 7.711779 0.256518 0.346300 -0.217392 -0.432545 0.204768 0.850715 2 1.000000
1520616804.760972 7.708341 0.262583 0.361170 -0.209452 -0.390041 0.201493 0.873727 2 1.000000
1520616804.860975 7.707073 0.271438 0.398304 -0.186742 -0.323408 0.187997 0.908401 2 1.000000
1520616804.961273 7.706468 0.281650 0.436700 -0.156798 -0.271499 0.162841 0.935513 2 1.000000
1520616805.061275 7.710452 0.291523 0.474197 -0.127139 -0.233868 0.130473 0.955049 2 1.000000
1520616805.161279 7.713216 0.296373 0.516307 -0.090721 -0.211679 0.093645 0.968603 2 1.000000
1520616805.261281 7.712546 0.299812 0.555066 -0.050409 -0.206839 0.053234 0.975624 2 1.000000
1520616805.361481 7.706513 0.300769 0.590912 -0.011471 -0.221417 0.018888 0.974929 2 1.000000
1520616805.461484 7.693241 0.301110 0.623757 0.020166 -0.248569 -0.019132 0.968215 2 1.000000
1520616805.561486 7.674045 0.297167 0.652079 0.055761 -0.295731 -0.057285 0.951921 2 1.000000
1520616805.661490 7.647842 0.290463 0.671233 0.086164 -0.359098 -0.093639 0.924584 2 1.000000
1520616805.711491 7.634656 0.285786 0.679409 0.100284 -0.394397 -0.107710 0.907079 2 1.000000
1520616805.811117 7.604983 0.281058 0.688041 0.112543 -0.467368 -0.103299 0.870765 2 1.000000
1520616805.861119 7.587593 0.278045 0.690770 0.108799 -0.509424 -0.089895 0.848864 2 1.000000
1520616805.911121 7.571317 0.276549 0.691079 0.099792 -0.551812 -0.070771 0.824946 2 1.000000
1520616805.961122 7.553003 0.277830 0.689672 0.086317 -0.591289 -0.049167 0.800318 2 1.000000
1520616806.011124 7.536234 0.281210 0.688563 0.069580 -0.628665 -0.022404 0.774233 2 1.000000
1520616806.061125 7.519806 0.279897 0.688204 0.050172 -0.660868 0.001521 0.748822 2 1.000000
1520616806.111127 7.504288 0.284467 0.686275 0.032295 -0.684888 0.025909 0.727471 2 1.000000
1520616806.210845 7.471833 0.284332 0.684792 -0.008468 -0.721484 0.074294 0.688382 2 1.000000
1520616806.310848 7.443167 0.281715 0.683054 -0.046698 -0.746710 0.115372 0.653401 2 1.000000
1520616806.410852 7.408925 0.276429 0.684099 -0.083357 -0.745845 0.151731 0.643230 2 1.000000
1520616806.510855 7.371316 0.272372 0.688622 -0.124858 -0.724108 0.187521 0.651854 2 1.000000
1520616806.610829 7.327822 0.273875 0.698589 -0.150148 -0.685534 0.213159 0.679751 2 1.000000
1520616806.710832 7.287755 0.273675 0.713993 -0.164698 -0.629299 0.233372 0.722769 2 1.000000
1520616806.810835 7.249702 0.269001 0.737420 -0.183372 -0.568847 0.251413 0.761301 2 1.000000
1520616806.910838 7.214003 0.267889 0.768083 -0.194209 -0.498525 0.260737 0.803599 2 1.000000
1520616807.011441 7.178525 0.275496 0.802569 -0.183798 -0.429220 0.269532 0.842224 2 1.000000
1520616807.111439 7.142175 0.282232 0.839149 -0.165508 -0.364805 0.267654 0.876291 2 1.000000
1520616807.211442 7.108950 0.286258 0.876469 -0.148801 -0.305952 0.260043 0.903676 2 1.000000
1520616807.311445 7.080340 0.286247 0.916373 -0.128162 -0.250391 0.231686 0.931236 2 1.000000
1520616807.413039 7.057499 0.287176 0.957574 -0.093093 -0.202245 0.207434 0.952576 2 1.000000
1520616807.513043 7.035662 0.290435 0.996413 -0.066152 -0.157723 0.185183 0.967706 2 1.000000
1520616807.613046 7.018570 0.292941 1.034454 -0.056395 -0.106941 0.177714 0.976627 2 1.000000
1520616807.713049 7.003433 0.296603 1.073742 -0.045730 -0.042259 0.188525 0.980093 2 1.000000
1520616807.811883 7.000325 0.303033 1.115788 -0.029834 0.023236 0.182572 0.982465 2 1.000000
1520616807.911886 7.001177 0.307503 1.157361 -0.026227 0.084355 0.177589 0.980132 2 1.000000
1520616808.011889 7.009008 0.308445 1.199165 -0.025870 0.149839 0.175831 0.972606 2 1.000000
1520616808.111893 7.022406 0.310377 1.238729 -0.006335 0.211202 0.183052 0.960128 2 1.000000
1520616808.211581 7.040593 0.319515 1.285589 0.016501 0.261123 0.193105 0.945649 2 1.000000
1520616808.311583 7.059378 0.324214 1.330074 0.021397 0.312803 0.200547 0.928158 2 1.000000
1520616808.411588 7.084600 0.324468 1.366632 0.019483 0.354301 0.206337 0.911875 2 1.000000
1520616808.511589 7.116563 0.325480 1.398673 0.028190 0.396778 0.207991 0.893595 2 1.000000
1520616808.612309 7.154887 0.329938 1.433676 0.042522 0.447519 0.200327 0.870510 2 1.000000
1520616808.712312 7.198391 0.338117 1.463878 0.051633 0.498628 0.193472 0.843370 2 1.000000
1520616808.812315 7.244466 0.342825 1.485063 0.060182 0.544321 0.165816 0.820121 2 1.000000
1520616808.912318 7.292750 0.343272 1.497760 0.048989 0.592190 0.125619 0.794437 2 1.000000
1520616809.012321 7.340662 0.345748 1.505209 0.040884 0.637922 0.108372 0.761340 2 1.000000
1520616809.115273 7.389576 0.351338 1.507319 0.045653 0.675335 0.098104 0.729530 2 1.000000
1520616809.265277 7.464223 0.361081 1.512559 0.063532 0.708102 0.070159 0.699738 2 1.000000
1520616809.415282 7.533306 0.363073 1.514921 0.036559 0.721055 0.067182 0.688643 2 1.000000
1520616809.568607 7.606222 0.362749 1.518840 0.026554 0.720550 0.051478 0.690979 2 1.000000
1520616809.668610 7.656243 0.368354 1.521436 0.032224 0.721242 0.024640 0.691494 2 1.000000
1520616809.768613 7.710497 0.373311 1.522791 0.029633 0.728590 0.007799 0.684265 2 1.000000
1520616809.869241 7.763683 0.371716 1.523648 0.015692 0.739534 -0.001055 0.672935 2 1.000000
1520616810.019246 7.836575 0.363251 1.522833 0.000073 0.750848 -0.003229 0.660467 2 1.000000
1520616810.119249 7.888975 0.362758 1.521668 0.005368 0.756241 -0.005924 0.654245 2 1.000000
1520616810.219253 7.940555 0.367674 1.521328 0.014370 0.756381 -0.004411 0.653959 2 1.000000
1520616810.319278 7.991356 0.370002 1.520346 0.024864 0.749040 0.000809 0.662058 2 1.000000
1520616810.419258 8.047357 0.368832 1.523180 0.024759 0.744250 0.003288 0.667434 2 1.000000
1520616810.569263 8.118961 0.366682 1.532552 0.012794 0.734901 0.014267 0.677904 2 1.000000
1520616810.719268 8.197762 0.376199 1.538037 0.010173 0.725524 0.016006 0.687935 2 1.000000
1520616810.819271 8.251173 0.381209 1.541609 0.012444 0.729698 0.010093 0.683582 2 1.000000
1520616810.969275 8.321070 0.379506 1.545276 -0.002749 0.734972 0.009110 0.678031 2 1.000000
1520616811.119280 8.389997 0.377049 1.545293 -0.030093 0.736059 0.003972 0.676236 2 1.000000
1520616811.269285 8.462406 0.383048 1.547246 -0.027206 0.720365 -0.036491 0.692100 2 1.000000
1520616811.369288 8.519083 0.384690 1.552661 -0.023700 0.700678 -0.063730 0.710230 2 1.000000
1520616811.469291 8.570155 0.382715 1.559701 -0.040802 0.679058 -0.086254 0.727857 2 1.000000
1520616811.619297 8.640253 0.374588 1.581309 -0.059532 0.638204 -0.116949 0.758600 2 1.000000
1520616811.719299 8.684724 0.376250 1.593945 -0.064959 0.604482 -0.141331 0.781286 2 1.000000
1520616811.819302 8.736723 0.379804 1.614028 -0.068712 0.576078 -0.165663 0.797476 2 1.000000
1520616811.918232 8.784635 0.377153 1.635691 -0.068433 0.548307 -0.188948 0.811772 2 1.000000
1520616812.018235 8.833183 0.372910 1.662634 -0.064839 0.512954 -0.205989 0.830808 2 1.000000
1520616812.118238 8.876449 0.368538 1.692785 -0.067721 0.477248 -0.224616 0.846874 2 1.000000
1520616812.218241 8.914065 0.372282 1.726828 -0.065320 0.433871 -0.236091 0.867036 2 1.000000
1520616812.317203 8.946163 0.377475 1.758976 -0.057279 0.384987 -0.243587 0.888352 2 1.000000
1520616812.417206 8.979967 0.382468 1.796438 -0.042774 0.339122 -0.242174 0.908030 2 1.000000
