# ORB-SLAM3 Path Recording
# Format: timestamp tx ty tz qx qy qz qw tracking_state confidence
# Translation in meters, quaternion (x,y,z,w), timestamp in seconds
# Coordinate system: Camera frame
1520616752.717175 0.215863 0.140546 1.417663 -0.039711 -0.729504 0.010592 0.682741 2 1.000000
1520616752.817179 0.149964 0.146904 1.419304 -0.035363 -0.732940 0.013805 0.679233 2 1.000000
1520616752.917182 0.083034 0.150471 1.419223 -0.031744 -0.730420 0.023248 0.681864 2 1.000000
1520616753.017465 0.020078 0.143869 1.415132 -0.036526 -0.726726 0.029256 0.685331 2 1.000000
1520616753.117468 -0.040383 0.131976 1.414309 -0.032461 -0.726069 0.023911 0.686439 2 1.000000
1520616753.217472 -0.103403 0.123828 1.410783 -0.034409 -0.725348 0.028340 0.686937 2 1.000000
1520616753.317475 -0.166886 0.125583 1.408346 -0.036136 -0.725938 0.035981 0.685867 2 1.000000
1520616753.417477 -0.231572 0.131708 1.403986 -0.031916 -0.727703 0.037072 0.684146 2 1.000000
1520616753.517480 -0.296346 0.130817 1.400033 -0.036663 -0.731016 0.040547 0.680168 2 1.000000
1520616753.617484 -0.354671 0.123869 1.394902 -0.052346 -0.741321 0.047501 0.667418 2 1.000000
1520616753.717486 -0.414574 0.116153 1.386549 -0.059980 -0.747615 0.047496 0.659711 2 1.000000
1520616753.817489 -0.481878 0.119334 1.382302 -0.048240 -0.739560 0.050575 0.669452 2 1.000000
1520616753.917494 -0.544395 0.125281 1.382674 -0.053053 -0.721285 0.074216 0.686604 2 1.000000
1520616754.017497 -0.609738 0.126160 1.394132 -0.060959 -0.674512 0.100649 0.728826 2 1.000000
1520616754.117499 -0.667179 0.119004 1.421046 -0.075571 -0.605414 0.129439 0.781670 2 1.000000
1520616754.167500 -0.688319 0.115740 1.435882 -0.082941 -0.562870 0.138834 0.810569 2 1.000000
1520616754.217502 -0.711875 0.113725 1.455180 -0.089529 -0.518937 0.148710 0.837003 2 1.000000
1520616754.266214 -0.731510 0.116494 1.473330 -0.093763 -0.476742 0.160887 0.859093 2 1.000000
1520616754.316215 -0.747667 0.113026 1.493828 -0.096152 -0.432211 0.172491 0.879884 2 1.000000
1520616754.366217 -0.764537 0.118572 1.515719 -0.089097 -0.390908 0.184741 0.897287 2 1.000000
1520616754.466228 -0.789178 0.125745 1.564291 -0.067374 -0.315854 0.194850 0.926137 2 1.000000
1520616754.566223 -0.809852 0.129805 1.616687 -0.063551 -0.241954 0.199368 0.947455 2 1.000000
1520616754.665355 -0.823444 0.136935 1.664785 -0.063132 -0.177581 0.191145 0.963298 2 1.000000
1520616754.765358 -0.827734 0.138653 1.715648 -0.059705 -0.116125 0.180545 0.974861 2 1.000000
1520616754.865361 -0.831543 0.146645 1.771670 -0.047664 -0.050457 0.172690 0.982527 2 1.000000
1520616754.965364 -0.833452 0.155156 1.823495 -0.032224 0.009546 0.163064 0.986043 2 1.000000
1520616755.062586 -0.833067 0.155282 1.873563 -0.026219 0.063409 0.160102 0.984713 2 1.000000
1520616755.162590 -0.825680 0.152634 1.924503 -0.031987 0.120970 0.154007 0.980115 2 1.000000
1520616755.262593 -0.810173 0.150921 1.972796 -0.029512 0.183623 0.154965 0.970256 2 1.000000
1520616755.362595 -0.788310 0.149082 2.029109 -0.018650 0.241635 0.164935 0.956066 2 1.000000
1520616755.460412 -0.761970 0.160354 2.082376 -0.005272 0.290770 0.173114 0.940987 2 1.000000
1520616755.560416 -0.730384 0.167232 2.131940 0.004274 0.326314 0.188193 0.926328 2 1.000000
1520616755.660419 -0.692377 0.164368 2.172774 0.005751 0.362757 0.179011 0.914510 2 1.000000
1520616755.760421 -0.648528 0.160277 2.209364 0.015949 0.400661 0.169068 0.900351 2 1.000000
1520616755.860425 -0.602042 0.165064 2.241326 0.021394 0.446667 0.160094 0.880000 2 1.000000
1520616755.959454 -0.550800 0.175966 2.270817 0.025774 0.489797 0.150722 0.858322 2 1.000000
1520616756.059457 -0.496978 0.185155 2.296059 0.026328 0.528282 0.138302 0.837316 2 1.000000
1520616756.159460 -0.440833 0.187549 2.320762 0.025744 0.571976 0.118255 0.811293 2 1.000000
1520616756.259463 -0.382342 0.183396 2.328921 0.020828 0.626785 0.096471 0.772916 2 1.000000
1520616756.359030 -0.328134 0.182329 2.334163 0.028345 0.669467 0.103194 0.735093 2 1.000000
1520616756.459033 -0.271811 0.184513 2.335396 0.046400 0.706955 0.109026 0.697262 2 1.000000
1520616756.559036 -0.213477 0.190548 2.332208 0.070173 0.737478 0.105747 0.663339 2 1.000000
1520616756.659040 -0.157163 0.194570 2.324582 0.082609 0.759880 0.106331 0.635965 2 1.000000
1520616756.759250 -0.103177 0.191752 2.305831 0.076380 0.786193 0.106541 0.603917 2 1.000000
1520616756.859252 -0.056076 0.184571 2.283933 0.083004 0.811101 0.095016 0.571137 2 1.000000
1520616756.959255 -0.000444 0.183107 2.256110 0.089779 0.839027 0.083435 0.530105 2 1.000000
1520616757.059259 0.047724 0.190591 2.218526 0.097608 0.870655 0.074597 0.476307 2 1.000000
1520616757.161740 0.093424 0.195537 2.173300 0.115161 0.900865 0.065815 0.413337 2 1.000000
1520616757.261743 0.127817 0.196229 2.127532 0.128330 0.929286 0.040489 0.343975 2 1.000000
1520616757.311744 0.141392 0.188207 2.103898 0.128820 0.943532 0.038038 0.302828 2 1.000000
1520616757.361746 0.152452 0.183000 2.079007 0.128134 0.956748 0.036868 0.258563 2 1.000000
1520616757.461749 0.167906 0.181687 2.024762 0.133943 0.973193 0.033127 0.184004 2 1.000000
1520616757.567495 0.178702 0.180286 1.967874 0.139242 0.983482 0.017125 0.114372 2 1.000000
1520616757.667497 0.185249 0.180300 1.918481 0.148595 0.986702 0.005141 0.065668 2 1.000000
1520616757.767558 0.185845 0.182832 1.869098 0.158594 0.987114 -0.005256 0.020674 2 1.000000
1520616757.867502 0.177519 0.172773 1.820370 -0.159264 -0.986610 0.012977 0.032663 2 1.000000
1520616757.967064 0.158822 0.160373 1.764618 -0.167453 -0.981838 0.022311 0.086348 2 1.000000
1520616758.067067 0.138020 0.157965 1.715378 -0.171870 -0.970873 0.043117 0.161266 2 1.000000
1520616758.167070 0.111399 0.160685 1.661899 -0.172707 -0.952848 0.053378 0.243729 2 1.000000
1520616758.217072 0.091343 0.164450 1.643248 -0.165873 -0.940562 0.059712 0.290281 2 1.000000
1520616758.267074 0.068089 0.167907 1.624874 -0.162271 -0.925277 0.073479 0.334861 2 1.000000
1520616758.317075 0.047068 0.165032 1.608454 -0.155999 -0.907238 0.088368 0.380492 2 1.000000
1520616758.367632 0.020433 0.166335 1.600190 -0.145414 -0.886770 0.100642 0.427042 2 1.000000
1520616758.417634 -0.003801 0.160426 1.585983 -0.140818 -0.861772 0.100404 0.476906 2 1.000000
1520616758.467635 -0.027984 0.156504 1.577848 -0.141513 -0.839111 0.090326 0.517405 2 1.000000
1520616758.567639 -0.079688 0.158379 1.563878 -0.154117 -0.800660 0.079672 0.573449 2 1.000000
1520616758.617640 0.023543 0.134114 1.505999 -0.162947 -0.780316 0.077828 0.598748 2 1.000000
1520616758.667641 -0.088611 0.136227 1.487245 -0.158286 -0.766183 0.079177 0.617771 2 1.000000
1520616758.767645 -0.155177 0.144725 1.481206 -0.166642 -0.741427 0.082226 0.644790 2 1.000000
1520616758.817646 -0.210410 0.154538 1.494073 -0.171928 -0.732086 0.080512 0.654224 2 1.000000
1520616758.917650 -0.280509 0.158605 1.505865 -0.172320 -0.713702 0.083553 0.673761 2 1.000000
1520616759.017653 -0.343123 0.147539 1.513721 -0.153327 -0.684833 0.095232 0.705993 2 1.000000
1520616759.117656 -0.395055 0.151138 1.519785 -0.143505 -0.652311 0.108128 0.736346 2 1.000000
1520616759.217659 -0.460656 0.161905 1.537834 -0.140724 -0.614580 0.110879 0.768241 2 1.000000
1520616759.317662 -0.504392 0.177377 1.550828 -0.134558 -0.570320 0.104539 0.803555 2 1.000000
1520616759.417751 -0.562712 0.175413 1.587821 -0.127083 -0.514825 0.108297 0.840879 2 1.000000
1520616759.517668 -0.613539 0.166473 1.633290 -0.116321 -0.450166 0.109360 0.878556 2 1.000000
1520616759.615592 -0.653064 0.161972 1.680738 -0.116272 -0.387733 0.126732 0.905584 2 1.000000
1520616759.715595 -0.691161 0.168530 1.735010 -0.108459 -0.324161 0.144254 0.928627 2 1.000000
1520616759.815598 -0.724569 0.179810 1.791414 -0.103791 -0.273186 0.155152 0.943676 2 1.000000
1520616759.915601 -0.748114 0.186995 1.849578 -0.097321 -0.225143 0.147875 0.958109 2 1.000000
1520616760.013821 -0.759266 0.183908 1.909968 -0.094973 -0.168312 0.136707 0.971577 2 1.000000
1520616760.113825 -0.760756 0.177726 1.967385 -0.090730 -0.102932 0.129748 0.982007 2 1.000000
1520616760.213828 -0.758828 0.179892 2.028629 -0.078199 -0.025951 0.129033 0.988212 2 1.000000
1520616760.313832 -0.751387 0.185015 2.087415 -0.056909 0.053020 0.148594 0.985835 2 1.000000
1520616760.363834 -0.743321 0.189252 2.115702 -0.048300 0.095512 0.157584 0.981688 2 1.000000
1520616760.462090 -0.718784 0.193184 2.164569 -0.026542 0.178146 0.168283 0.969144 2 1.000000
1520616760.512091 -0.701808 0.191595 2.187932 -0.014100 0.224127 0.166388 0.960148 2 1.000000
1520616760.562093 -0.683219 0.190739 2.209660 -0.008184 0.271400 0.164038 0.948349 2 1.000000
1520616760.662097 -0.640038 0.186602 2.241980 -0.012794 0.347663 0.168784 0.922214 2 1.000000
1520616760.762099 -0.589589 0.192795 2.269042 -0.000870 0.421653 0.167638 0.891126 2 1.000000
1520616760.859895 -0.534682 0.201768 2.291329 0.013688 0.481694 0.167103 0.860151 2 1.000000
1520616760.959898 -0.476903 0.209140 2.306747 0.020248 0.530624 0.171062 0.829919 2 1.000000
1520616761.059901 -0.414838 0.208781 2.315016 0.026275 0.566469 0.159468 0.808079 2 1.000000
1520616761.159904 -0.352793 0.202982 2.321133 0.026141 0.598208 0.145697 0.787551 2 1.000000
1520616761.259289 -0.287560 0.204934 2.316994 0.017410 0.630488 0.144723 0.762389 2 1.000000
1520616761.359292 -0.215852 0.215393 2.311018 0.029624 0.671601 0.139497 0.727059 2 1.000000
1520616761.459296 -0.140294 0.222469 2.295078 0.046481 0.716121 0.126582 0.684826 2 1.000000
1520616761.559299 -0.071387 0.222013 2.265210 0.048614 0.756899 0.116973 0.641138 2 1.000000
1520616761.659658 -0.005725 0.211516 2.227776 0.050124 0.802126 0.104937 0.585721 2 1.000000
1520616761.759662 0.056076 0.203603 2.181098 0.077393 0.844139 0.108183 0.519361 2 1.000000
1520616761.809663 0.088123 0.202562 2.155915 0.095015 0.863826 0.101777 0.484168 2 1.000000
1520616761.909667 0.146119 0.207155 2.100878 0.117728 0.896164 0.081385 0.420008 2 1.000000
1520616762.014317 0.188110 0.206192 2.040405 0.119115 0.922641 0.071682 0.359732 2 1.000000
1520616762.114320 0.221179 0.201021 1.978750 0.096780 0.947375 0.054154 0.300301 2 1.000000
1520616762.214324 0.250260 0.189172 1.923477 0.076429 0.961397 0.037314 0.261690 2 1.000000
1520616762.314326 0.273439 0.187091 1.866614 0.044642 0.969856 0.007029 0.239450 2 1.000000
1520616762.416154 0.303990 0.182039 1.811188 0.009524 0.971094 -0.009475 0.238320 2 1.000000
1520616762.516157 0.344913 0.182178 1.765753 -0.017132 0.966689 -0.011276 0.255129 2 1.000000
1520616762.616159 0.389705 0.171657 1.722323 -0.046052 0.953734 -0.011407 0.296885 2 1.000000
1520616762.716163 0.434358 0.167969 1.685999 -0.059627 0.934034 -0.007468 0.352092 2 1.000000
1520616762.816166 0.488502 0.167062 1.654163 -0.073474 0.905821 -0.005072 0.417210 2 1.000000
1520616762.914170 0.543426 0.171541 1.634678 -0.080128 0.868952 0.008140 0.488299 2 1.000000
1520616763.014173 0.594107 0.183873 1.614913 -0.080768 0.831232 0.025922 0.549416 2 1.000000
1520616763.114176 0.647650 0.186820 1.595461 -0.087276 0.801122 0.031512 0.591265 2 1.000000
1520616763.214179 0.705643 0.180549 1.575332 -0.094178 0.764342 0.028289 0.637269 2 1.000000
1520616763.312401 0.756857 0.181530 1.563102 -0.091393 0.728358 0.038051 0.678007 2 1.000000
1520616763.462405 0.832504 0.194656 1.544299 -0.081571 0.710933 0.041157 0.697300 2 1.000000
1520616763.562408 0.893783 0.199598 1.532468 -0.077808 0.722528 0.036699 0.685968 2 1.000000
1520616763.661420 0.948897 0.192803 1.522033 -0.079942 0.734397 0.048682 0.672236 2 1.000000
1520616763.761423 1.012729 0.182199 1.512138 -0.067627 0.741148 0.044241 0.666460 2 1.000000
1520616763.861426 1.077240 0.178516 1.503649 -0.041698 0.745200 0.039634 0.664355 2 1.000000
1520616763.961429 1.147803 0.186528 1.497586 -0.031187 0.745109 0.040158 0.665002 2 1.000000
1520616764.060730 1.214175 0.196297 1.494193 -0.032873 0.737887 0.049146 0.672329 2 1.000000
1520616764.160734 1.279985 0.195420 1.495056 -0.033324 0.722843 0.057595 0.687801 2 1.000000
1520616764.260736 1.341591 0.186164 1.499556 -0.036488 0.701905 0.059409 0.708850 2 1.000000
1520616764.360739 1.406389 0.181369 1.509672 -0.040338 0.687325 0.052384 0.723335 2 1.000000
1520616764.461072 1.472517 0.188300 1.515003 -0.034932 0.677123 0.035211 0.734196 2 1.000000
1520616764.561075 1.540039 0.197782 1.517782 -0.030906 0.674043 0.025407 0.737608 2 1.000000
1520616764.661079 1.610138 0.197556 1.521714 -0.032816 0.682366 0.040106 0.729172 2 1.000000
1520616764.761082 1.680139 0.189376 1.522636 -0.036685 0.703580 0.048104 0.708036 2 1.000000
1520616764.861085 1.746268 0.184893 1.517844 -0.031937 0.719746 0.053162 0.691462 2 1.000000
1520616764.962138 1.816662 0.191588 1.514453 -0.020016 0.726587 0.056340 0.684468 2 1.000000
1520616765.062141 1.882808 0.204390 1.511724 -0.020778 0.723804 0.058758 0.687185 2 1.000000
1520616765.162144 1.952497 0.209727 1.511831 -0.024618 0.711806 0.061036 0.699286 2 1.000000
1520616765.262148 2.024555 0.203245 1.515714 -0.044968 0.697112 0.062897 0.712781 2 1.000000
1520616765.362946 2.081447 0.198561 1.518322 -0.056379 0.682760 0.065654 0.725500 2 1.000000
1520616765.462949 2.147934 0.203928 1.521340 -0.059839 0.669672 0.056024 0.738119 2 1.000000
1520616765.562951 2.216122 0.216540 1.521301 -0.057850 0.658125 0.052415 0.748850 2 1.000000
1520616765.662955 2.286406 0.221178 1.517729 -0.063290 0.671631 0.047767 0.736631 2 1.000000
1520616765.762481 2.353681 0.217390 1.511730 -0.069774 0.691914 0.060967 0.716009 2 1.000000
1520616765.862483 2.419412 0.207437 1.502693 -0.074252 0.710064 0.064438 0.697240 2 1.000000
1520616765.962517 2.490947 0.206823 1.495474 -0.060077 0.719830 0.069296 0.688065 2 1.000000
1520616766.062489 2.562680 0.216550 1.483238 -0.049547 0.728108 0.059659 0.681062 2 1.000000
1520616766.161556 2.635039 0.221046 1.479414 -0.042450 0.726620 0.055344 0.683490 2 1.000000
1520616766.261560 2.700462 0.218216 1.473807 -0.056880 0.719287 0.048487 0.690681 2 1.000000
1520616766.361563 2.756980 0.209678 1.473848 -0.063646 0.704415 0.047374 0.705340 2 1.000000
1520616766.461566 2.825707 0.208852 1.474948 -0.063281 0.689012 0.034077 0.721177 2 1.000000
1520616766.560797 2.891915 0.218413 1.478672 -0.063546 0.673595 0.021011 0.736064 2 1.000000
1520616766.660800 2.959353 0.226660 1.484196 -0.065244 0.663135 0.013480 0.745529 2 1.000000
1520616766.760803 3.027476 0.225304 1.490203 -0.070177 0.660406 0.019558 0.747366 2 1.000000
1520616766.860806 3.093876 0.217600 1.497588 -0.075101 0.664190 0.026081 0.743325 2 1.000000
1520616766.960778 3.150957 0.212213 1.503863 -0.065161 0.665131 0.032581 0.743165 2 1.000000
1520616767.060781 3.222345 0.215884 1.512506 -0.048723 0.653251 0.026639 0.755103 2 1.000000
1520616767.160784 3.287621 0.223663 1.523439 -0.039031 0.630549 0.020358 0.774900 2 1.000000
1520616767.260787 3.349380 0.225631 1.539363 -0.039250 0.597744 0.014445 0.800595 2 1.000000
1520616767.361925 3.389879 0.222005 1.558037 -0.050142 0.556353 0.015046 0.829295 2 1.000000
1520616767.461928 3.442404 0.219143 1.583845 -0.060124 0.512816 0.023430 0.856070 2 1.000000
1520616767.561930 3.510384 0.221848 1.611308 -0.061962 0.473597 0.010848 0.878493 2 1.000000
1520616767.661934 3.568168 0.233031 1.639681 -0.060982 0.431665 -0.008744 0.899928 2 1.000000
1520616767.762353 3.620553 0.237889 1.671781 -0.066785 0.392351 -0.018444 0.917202 2 1.000000
1520616767.862358 3.664732 0.235787 1.716300 -0.067363 0.355282 -0.022979 0.932046 2 1.000000
1520616767.962361 3.707709 0.230736 1.757674 -0.054573 0.310602 -0.028741 0.948537 2 1.000000
1520616768.062363 3.743376 0.232519 1.800807 -0.046461 0.241605 -0.025444 0.968928 2 1.000000
1520616768.160436 3.762818 0.244305 1.842993 -0.047057 0.176836 -0.019233 0.982927 2 1.000000
1520616768.260439 3.783727 0.258851 1.890724 -0.050020 0.115580 -0.008201 0.992004 2 1.000000
1520616768.360442 3.792877 0.263266 1.937804 -0.045924 0.054518 0.002241 0.997454 2 1.000000
1520616768.460445 3.793432 0.257680 1.985074 -0.045062 -0.021157 0.013935 0.998663 2 1.000000
1520616768.559714 3.788413 0.259408 2.030082 -0.050912 -0.079685 0.010592 0.995463 2 1.000000
1520616768.659717 3.789595 0.268178 2.075925 -0.047975 -0.130030 0.008864 0.990309 2 1.000000
1520616768.759721 3.781186 0.275580 2.125621 -0.045800 -0.160721 0.011009 0.985875 2 1.000000
1520616768.909724 3.768127 0.273653 2.198491 -0.040119 -0.177624 0.018163 0.983113 2 1.000000
1520616769.009625 3.757875 0.265658 2.246790 -0.024689 -0.179331 0.022136 0.983230 2 1.000000
1520616769.109629 3.740814 0.260943 2.292635 -0.003241 -0.221824 0.021431 0.974846 2 1.000000
1520616769.209632 3.720753 0.266864 2.337169 0.012171 -0.281791 0.012926 0.959312 2 1.000000
1520616769.309635 3.694192 0.275497 2.375868 0.013164 -0.340865 0.005641 0.940003 2 1.000000
1520616769.409698 3.662071 0.278501 2.404975 0.012325 -0.406614 -0.001399 0.913516 2 1.000000
1520616769.459701 3.643219 0.275608 2.417832 0.010325 -0.449726 0.001378 0.893106 2 1.000000
1520616769.509702 3.623999 0.274125 2.424560 0.008783 -0.490678 0.003861 0.871288 2 1.000000
1520616769.609704 3.582060 0.274906 2.440643 0.000702 -0.558991 0.000314 0.829173 2 1.000000
1520616769.709707 3.540293 0.282936 2.450165 -0.000036 -0.612695 -0.000822 0.790319 2 1.000000
1520616769.810701 3.498051 0.291790 2.449955 0.002403 -0.655277 0.002307 0.755381 2 1.000000
1520616769.960706 3.431273 0.294949 2.450346 -0.013070 -0.692447 0.003823 0.721340 2 1.000000
1520616770.110711 3.360106 0.285154 2.443056 -0.014599 -0.718107 0.031374 0.695071 2 1.000000
1520616770.261906 3.290952 0.285579 2.433275 -0.022690 -0.741500 0.038608 0.669457 2 1.000000
1520616770.361909 3.236934 0.287334 2.428738 -0.025650 -0.745571 0.040574 0.664696 2 1.000000
1520616770.461912 3.187178 0.282542 2.426485 -0.036196 -0.736971 0.046322 0.673363 2 1.000000
1520616770.561915 3.135481 0.272432 2.425870 -0.032964 -0.718443 0.045991 0.693280 2 1.000000
1520616770.662810 3.085710 0.262652 2.427616 -0.023396 -0.697423 0.055149 0.714152 2 1.000000
1520616770.762813 3.035315 0.255847 2.435318 -0.015839 -0.662760 0.055704 0.746589 2 1.000000
1520616770.862817 2.983557 0.255814 2.449987 -0.015445 -0.615610 0.052041 0.786179 2 1.000000
1520616770.912921 2.952923 0.254570 2.457924 -0.020375 -0.580498 0.047793 0.812603 2 1.000000
1520616770.962820 2.929861 0.252591 2.471098 -0.024516 -0.543676 0.048241 0.837549 2 1.000000
1520616771.012595 2.905908 0.253648 2.485443 -0.024750 -0.505018 0.052436 0.861159 2 1.000000
1520616771.062597 2.886548 0.249543 2.502456 -0.024768 -0.462189 0.054795 0.884740 2 1.000000
1520616771.112598 2.866721 0.243388 2.520307 -0.022199 -0.411430 0.050792 0.909754 2 1.000000
1520616771.162600 2.853273 0.239723 2.542454 -0.019491 -0.360977 0.048469 0.931110 2 1.000000
1520616771.212601 2.842158 0.235805 2.563290 -0.024293 -0.309811 0.044833 0.949430 2 1.000000
1520616771.262603 2.832383 0.232443 2.586215 -0.031127 -0.256412 0.043863 0.965070 2 1.000000
1520616771.312604 2.824700 0.231820 2.611243 -0.035046 -0.204366 0.047896 0.977094 2 1.000000
1520616771.362606 2.820021 0.229463 2.635002 -0.034105 -0.152322 0.057013 0.986096 2 1.000000
1520616771.411128 2.816633 0.226938 2.661296 -0.026748 -0.106006 0.068189 0.991664 2 1.000000
1520616771.461130 2.813997 0.222124 2.686056 -0.011510 -0.054977 0.075460 0.995566 2 1.000000
1520616771.511132 2.821048 0.218703 2.712551 0.005876 -0.006125 0.078905 0.996846 2 1.000000
1520616771.561133 2.827733 0.214250 2.736530 0.015266 0.047929 0.078732 0.995626 2 1.000000
1520616771.611135 2.831134 0.212814 2.761500 0.015158 0.103101 0.077735 0.991513 2 1.000000
1520616771.661136 2.844527 0.212179 2.780043 0.007775 0.157256 0.077148 0.984509 2 1.000000
1520616771.711138 2.860193 0.213997 2.797381 0.002923 0.209648 0.075048 0.974888 2 1.000000
1520616771.761139 2.876216 0.215081 2.815934 0.003149 0.265159 0.070276 0.961635 2 1.000000
1520616771.811141 2.895848 0.218606 2.829223 0.006555 0.322248 0.064831 0.944410 2 1.000000
1520616771.860009 2.911368 0.218292 2.838490 0.010175 0.376818 0.060908 0.924226 2 1.000000
1520616771.910011 2.936753 0.219989 2.847871 0.012555 0.429070 0.057456 0.901355 2 1.000000
1520616771.960012 2.957359 0.224524 2.851433 0.015120 0.479942 0.056064 0.875376 2 1.000000
1520616772.010014 2.979453 0.228937 2.852056 0.014043 0.526061 0.057552 0.848381 2 1.000000
1520616772.060015 3.000963 0.231785 2.849239 0.011467 0.569578 0.061031 0.819588 2 1.000000
1520616772.110017 3.020472 0.232870 2.844672 0.008262 0.607966 0.063910 0.791344 2 1.000000
1520616772.160018 3.043857 0.234724 2.838992 0.004714 0.643469 0.062702 0.762885 2 1.000000
1520616772.259750 3.085495 0.240000 2.821939 0.001840 0.702210 0.062352 0.709232 2 1.000000
1520616772.359753 3.131358 0.244401 2.796463 0.005473 0.747991 0.063725 0.660619 2 1.000000
1520616772.459757 3.175330 0.249966 2.767419 0.000445 0.780364 0.058946 0.622541 2 1.000000
1520616772.559759 3.219403 0.255796 2.740077 -0.013562 0.796359 0.041649 0.603236 2 1.000000
1520616772.709723 3.280931 0.259493 2.695232 -0.032954 0.814977 0.030553 0.577748 2 1.000000
1520616772.809726 3.324912 0.264230 2.665569 -0.034042 0.835845 0.034613 0.546815 2 1.000000
1520616772.909729 3.367316 0.272222 2.630273 -0.031359 0.859596 0.037965 0.508596 2 1.000000
1520616773.009732 3.415025 0.283090 2.597007 -0.027469 0.884685 0.042399 0.463445 2 1.000000
1520616773.110007 3.458758 0.284228 2.558726 -0.016315 0.907350 0.042336 0.417919 2 1.000000
1520616773.210010 3.499160 0.278730 2.516721 -0.012701 0.927873 0.035614 0.370975 2 1.000000
1520616773.310014 3.531929 0.273066 2.474298 -0.012293 0.944254 0.043042 0.326160 2 1.000000
1520616773.410016 3.566138 0.271963 2.427991 -0.001857 0.958237 0.053051 0.281006 2 1.000000
1520616773.511806 3.597089 0.276799 2.377749 0.004215 0.968431 0.048575 0.244466 2 1.000000
1520616773.611810 3.625130 0.279396 2.328727 0.001929 0.974563 0.046882 0.219149 2 1.000000
1520616773.711813 3.653398 0.277628 2.278718 -0.013974 0.978036 0.050338 0.201782 2 1.000000
1520616773.811816 3.681106 0.271990 2.231378 -0.033417 0.979940 0.038314 0.192699 2 1.000000
1520616773.913093 3.709963 0.268851 2.185001 -0.045428 0.980139 0.021736 0.191811 2 1.000000
1520616774.013096 3.735798 0.272601 2.139305 -0.056112 0.979957 0.020363 0.190056 2 1.000000
1520616774.113099 3.767250 0.283969 2.086779 -0.068556 0.979822 0.023729 0.186241 2 1.000000
1520616774.213102 3.791739 0.278967 2.040445 -0.083488 0.978093 0.020402 0.189598 2 1.000000
1520616774.312895 3.821152 0.268529 1.989489 -0.092045 0.976568 0.012231 0.194147 2 1.000000
1520616774.412898 3.847925 0.258639 1.942336 -0.091433 0.975239 0.010583 0.201092 2 1.000000
1520616774.512901 3.872282 0.250026 1.898095 -0.087915 0.970337 0.010516 0.224961 2 1.000000
1520616774.612904 3.904258 0.258260 1.851430 -0.093383 0.961034 -0.002802 0.260165 2 1.000000
1520616774.713840 3.940450 0.263520 1.811133 -0.096872 0.946097 -0.010755 0.308869 2 1.000000
1520616774.813843 3.980508 0.260426 1.776333 -0.104757 0.926286 -0.005527 0.361924 2 1.000000
1520616774.913846 4.025303 0.254597 1.750472 -0.102654 0.903237 0.008186 0.416604 2 1.000000
1520616775.013849 4.069895 0.254298 1.726258 -0.082382 0.878015 0.008465 0.471413 2 1.000000
1520616775.116383 4.123445 0.255743 1.699653 -0.055943 0.857583 -0.002281 0.511288 2 1.000000
1520616775.216386 4.174738 0.258738 1.672911 -0.043213 0.845907 0.007226 0.531527 2 1.000000
1520616775.316389 4.225412 0.258190 1.647603 -0.032140 0.846724 0.027581 0.530344 2 1.000000
1520616775.416392 4.276291 0.248347 1.622933 -0.016923 0.849963 0.044682 0.524672 2 1.000000
1520616775.518124 4.325254 0.237762 1.596620 0.003906 0.859340 0.051882 0.508751 2 1.000000
1520616775.618127 4.375285 0.241655 1.567823 0.030723 0.868666 0.054618 0.491419 2 1.000000
1520616775.718130 4.426053 0.243452 1.528745 0.049089 0.878756 0.049525 0.472149 2 1.000000
1520616775.818147 4.469618 0.244050 1.496624 0.059048 0.888853 0.045264 0.452111 2 1.000000
1520616775.918136 4.509177 0.235661 1.462667 0.058167 0.900802 0.035150 0.428879 2 1.000000
1520616776.018139 4.544081 0.231722 1.420160 0.052264 0.913536 0.022689 0.402748 2 1.000000
1520616776.118142 4.580698 0.229820 1.379675 0.055315 0.928514 0.012429 0.366943 2 1.000000
1520616776.218145 4.609180 0.241366 1.333902 0.056983 0.943360 -0.004965 0.326804 2 1.000000
1520616776.318193 4.645812 0.246218 1.280487 0.046956 0.957518 -0.013308 0.284214 2 1.000000
1520616776.418178 4.673167 0.241529 1.238428 0.032530 0.967058 -0.002926 0.252451 2 1.000000
1520616776.518181 4.701363 0.239098 1.190803 0.010782 0.973627 0.000131 0.227891 2 1.000000
1520616776.618184 4.726476 0.234960 1.143283 0.002948 0.974580 -0.003488 0.223993 2 1.000000
1520616776.718187 4.754583 0.237614 1.095961 -0.003792 0.970547 -0.009405 0.240698 2 1.000000
1520616776.817157 4.785101 0.241043 1.052293 -0.013457 0.958682 -0.015537 0.283735 2 1.000000
1520616776.917160 4.811252 0.234902 1.024496 -0.031322 0.939978 -0.011647 0.339596 2 1.000000
1520616777.017162 4.850715 0.225435 0.991566 -0.034140 0.916422 -0.008634 0.398662 2 1.000000
1520616777.117166 4.892001 0.217382 0.965607 -0.026689 0.888730 -0.014005 0.457438 2 1.000000
1520616777.216661 4.932780 0.218118 0.946549 -0.012570 0.866795 -0.016362 0.498237 2 1.000000
1520616777.316664 4.986141 0.220243 0.918662 0.010179 0.858406 -0.009066 0.512790 2 1.000000
1520616777.466704 5.050308 0.217166 0.885011 0.044651 0.869771 0.012875 0.491263 2 1.000000
1520616777.566918 5.094707 0.209959 0.853807 0.059401 0.883920 0.032636 0.462700 2 1.000000
1520616777.716922 5.154297 0.206317 0.807887 0.089752 0.897470 0.055651 0.428247 2 1.000000
1520616777.816925 5.193520 0.207843 0.772018 0.110256 0.906869 0.052976 0.403268 2 1.000000
1520616777.916929 5.228062 0.204992 0.731630 0.134268 0.919420 0.036532 0.367836 2 1.000000
1520616778.015328 5.259889 0.196539 0.685940 0.151737 0.935739 0.023804 0.317493 2 1.000000
1520616778.115331 5.281938 0.192121 0.639781 0.160722 0.952125 0.023045 0.259027 2 1.000000
1520616778.215334 5.297458 0.193202 0.591484 0.165987 0.966872 0.023923 0.192444 2 1.000000
1520616778.315337 5.309925 0.196400 0.535345 0.165166 0.979004 0.012175 0.118843 2 1.000000
1520616778.412360 5.310926 0.197545 0.486859 0.157862 0.986459 -0.006254 0.044037 2 1.000000
1520616778.512362 5.302159 0.194755 0.442456 -0.135232 -0.990278 0.020751 0.025124 2 1.000000
1520616778.612365 5.287914 0.191658 0.398985 -0.106440 -0.989585 0.031447 0.091669 2 1.000000
1520616778.712369 5.269423 0.187472 0.359091 -0.076391 -0.985372 0.041425 0.146596 2 1.000000
1520616778.810536 5.249050 0.189804 0.316947 -0.050872 -0.979743 0.048613 0.187490 2 1.000000
1520616778.960536 5.219584 0.188504 0.248304 -0.008456 -0.974853 0.073978 0.210041 2 1.000000
1520616779.110598 5.203418 0.179374 0.183198 0.029573 -0.977624 0.080628 0.192030 2 1.000000
1520616779.259791 5.196907 0.175038 0.116911 0.050506 -0.982894 0.063729 0.165247 2 1.000000
1520616779.409795 5.193724 0.179577 0.048326 0.058471 -0.987135 0.053642 0.138807 2 1.000000
1520616779.559800 5.193843 0.179204 -0.020830 0.078291 -0.989880 0.053943 0.105349 2 1.000000
1520616779.709578 5.203161 0.171122 -0.088833 0.087919 -0.993192 0.044913 0.061830 2 1.000000
1520616779.859583 5.217679 0.161874 -0.163281 0.095547 -0.994367 0.037577 0.026332 2 1.000000
1520616780.010065 5.246060 0.160533 -0.232888 -0.077312 0.995439 -0.033802 0.044505 2 1.000000
1520616780.110068 5.271049 0.160348 -0.274939 -0.070849 0.989995 -0.042034 0.114557 2 1.000000
1520616780.210071 5.306145 0.154311 -0.312348 -0.058737 0.978511 -0.052888 0.190442 2 1.000000
1520616780.260072 5.324178 0.150636 -0.329110 -0.049831 0.969192 -0.054896 0.234881 2 1.000000
1520616780.310074 5.342333 0.148648 -0.339975 -0.046735 0.956727 -0.059829 0.280907 2 1.000000
1520616780.360075 5.364418 0.146324 -0.346069 -0.046497 0.942869 -0.060728 0.324267 2 1.000000
1520616780.411785 5.384168 0.145337 -0.355174 -0.052937 0.924156 -0.062886 0.373066 2 1.000000
1520616780.461786 5.404998 0.145896 -0.363510 -0.060437 0.904344 -0.068709 0.416879 2 1.000000
1520616780.511789 5.424486 0.146633 -0.367531 -0.064372 0.882280 -0.073004 0.460552 2 1.000000
1520616780.561790 5.442719 0.147923 -0.368393 -0.063506 0.857039 -0.078961 0.505190 2 1.000000
1520616780.611791 5.465121 0.148183 -0.373307 -0.061605 0.827810 -0.087073 0.550776 2 1.000000
1520616780.661796 5.483734 0.149452 -0.369837 -0.059454 0.795844 -0.095391 0.594978 2 1.000000
1520616780.711794 5.500736 0.147984 -0.361718 -0.056089 0.758236 -0.099766 0.641856 2 1.000000
1520616780.761875 5.513505 0.147669 -0.352241 -0.049581 0.715943 -0.102986 0.688739 2 1.000000
1520616780.810660 5.524473 0.147296 -0.341846 -0.042388 0.671295 -0.107539 0.732122 2 1.000000
1520616780.860662 5.535623 0.147093 -0.325890 -0.039156 0.623468 -0.107604 0.773418 2 1.000000
1520616780.910663 5.544458 0.150733 -0.310958 -0.034453 0.568008 -0.108752 0.815079 2 1.000000
1520616780.960665 5.549223 0.151608 -0.295042 -0.031726 0.508990 -0.104290 0.853842 2 1.000000
1520616781.010667 5.551513 0.156290 -0.277296 -0.028043 0.445614 -0.098047 0.889398 2 1.000000
1520616781.060668 5.551939 0.158949 -0.258204 -0.026635 0.383240 -0.091576 0.918712 2 1.000000
1520616781.110671 5.550375 0.163572 -0.239504 -0.021381 0.318725 -0.090203 0.943303 2 1.000000
1520616781.160671 5.544422 0.166325 -0.223636 -0.015238 0.251486 -0.085250 0.963979 2 1.000000
1520616781.210673 5.531922 0.166749 -0.205391 -0.008527 0.186362 -0.075546 0.979535 2 1.000000
1520616781.261109 5.520684 0.167205 -0.191025 -0.003073 0.119519 -0.064994 0.990698 2 1.000000
1520616781.311111 5.506003 0.163547 -0.178756 0.001567 0.058438 -0.054055 0.996825 2 1.000000
1520616781.361112 5.491583 0.162898 -0.167634 0.008029 0.003629 -0.044350 0.998977 2 1.000000
1520616781.411114 5.470084 0.161847 -0.153663 0.010099 -0.039904 -0.032991 0.998608 2 1.000000
1520616781.461116 5.451765 0.163654 -0.142951 0.013804 -0.083326 -0.021674 0.996191 2 1.000000
1520616781.561119 5.411277 0.166844 -0.119902 0.017068 -0.153992 0.003833 0.987917 2 1.000000
1520616781.664536 5.368454 0.169221 -0.099883 0.006721 -0.200001 0.023272 0.979496 2 1.000000
1520616781.814541 5.314193 0.167652 -0.065288 -0.003224 -0.221271 0.066486 0.972938 2 1.000000
1520616781.964545 5.270666 0.165300 -0.028984 -0.010730 -0.217141 0.105913 0.970318 2 1.000000
1520616782.116582 5.235015 0.171949 0.017780 -0.032236 -0.198597 0.122056 0.971917 2 1.000000
1520616782.266587 5.209107 0.178935 0.079289 -0.052971 -0.137432 0.137598 0.979476 2 1.000000
1520616782.366590 5.200646 0.176792 0.126637 -0.051389 -0.072369 0.137101 0.986572 2 1.000000
1520616782.467312 5.199323 0.174144 0.171903 -0.037728 0.000029 0.121877 0.991828 2 1.000000
1520616782.567315 5.204803 0.174911 0.216396 -0.022788 0.064592 0.106928 0.991905 2 1.000000
1520616782.667318 5.214013 0.178709 0.264543 -0.009986 0.123028 0.093468 0.987941 2 1.000000
1520616782.767321 5.221511 0.185068 0.308938 -0.003408 0.174467 0.080546 0.981357 2 1.000000
1520616782.868397 5.233676 0.187600 0.353090 0.006588 0.219232 0.068668 0.973231 2 1.000000
1520616783.018403 5.256904 0.184505 0.413804 0.026228 0.255829 0.036531 0.965676 2 1.000000
1520616783.168407 5.283299 0.183903 0.473736 0.031397 0.257454 -0.008264 0.965745 2 1.000000
1520616783.268410 5.297044 0.187016 0.515144 0.037937 0.224866 -0.042938 0.972704 2 1.000000
1520616783.368413 5.303875 0.188087 0.559711 0.053967 0.154925 -0.075772 0.983537 2 1.000000
1520616783.418414 5.302565 0.186742 0.580649 0.070871 0.109524 -0.092792 0.987103 2 1.000000
1520616783.468418 5.296972 0.180266 0.605563 0.092779 0.060261 -0.112296 0.987497 2 1.000000
1520616783.518419 5.290085 0.175485 0.624415 0.118867 0.002044 -0.126521 0.984814 2 1.000000
1520616783.568419 5.278886 0.167643 0.641493 0.139818 -0.058642 -0.134744 0.979212 2 1.000000
1520616783.618422 5.268818 0.161464 0.658503 0.156511 -0.120228 -0.136915 0.970723 2 1.000000
1520616783.668423 5.252029 0.158832 0.676076 0.168677 -0.176275 -0.133436 0.960557 2 1.000000
1520616783.718425 5.236446 0.154943 0.689173 0.174694 -0.227038 -0.128630 0.949416 2 1.000000
1520616783.768426 5.221020 0.157594 0.705586 0.180830 -0.270025 -0.122826 0.937710 2 1.000000
1520616783.868430 5.186614 0.159805 0.730238 0.184816 -0.341896 -0.110162 0.914776 2 1.000000
1520616783.968432 5.150914 0.160026 0.755741 0.187014 -0.391775 -0.087289 0.896615 2 1.000000
1520616784.068435 5.116371 0.161716 0.769350 0.176785 -0.438135 -0.054072 0.879694 2 1.000000
1520616784.168438 5.081871 0.162460 0.781241 0.163609 -0.490824 -0.028520 0.855284 2 1.000000
1520616784.268441 5.049362 0.165454 0.782269 0.137893 -0.547747 -0.001012 0.825202 2 1.000000
1520616784.368444 5.014471 0.171955 0.792192 0.104411 -0.590874 0.032682 0.799311 2 1.000000
1520616784.468447 4.977327 0.177901 0.806957 0.067773 -0.615830 0.079840 0.780888 2 1.000000
1520616784.568265 4.937490 0.180770 0.824928 0.047764 -0.607154 0.124922 0.783248 2 1.000000
1520616784.668269 4.900314 0.180139 0.847982 0.025478 -0.578691 0.164318 0.798415 2 1.000000
1520616784.768272 4.862748 0.175848 0.876605 0.013794 -0.531637 0.188574 0.825598 2 1.000000
1520616784.868275 4.827645 0.175224 0.907991 0.003541 -0.470734 0.208406 0.857300 2 1.000000
1520616784.968463 4.791102 0.179864 0.943512 -0.010166 -0.413384 0.216593 0.884363 2 1.000000
1520616785.068466 4.756795 0.184679 0.981773 -0.020626 -0.354845 0.221502 0.908073 2 1.000000
1520616785.168469 4.726758 0.188067 1.024237 -0.019332 -0.293870 0.224697 0.928859 2 1.000000
1520616785.268473 4.703971 0.188342 1.068976 -0.010424 -0.230450 0.219905 0.947853 2 1.000000
1520616785.368476 4.685390 0.191203 1.116297 -0.007434 -0.179364 0.216670 0.959598 2 1.000000
1520616785.468479 4.665250 0.203207 1.160392 -0.003374 -0.133330 0.219286 0.966502 2 1.000000
1520616785.568483 4.653276 0.210148 1.209586 0.001575 -0.094601 0.226736 0.969350 2 1.000000
1520616785.668485 4.648414 0.212781 1.260624 0.011801 -0.056518 0.237276 0.969725 2 1.000000
1520616785.768488 4.647645 0.212576 1.309893 0.020113 -0.012937 0.231718 0.972489 2 1.000000
1520616785.868491 4.650154 0.214440 1.364831 0.023790 0.029500 0.237744 0.970588 2 1.000000
1520616785.968494 4.663259 0.218256 1.414594 0.029069 0.083510 0.229995 0.969166 2 1.000000
1520616786.068497 4.681022 0.226596 1.466689 0.042896 0.146404 0.228086 0.961615 2 1.000000
1520616786.168500 4.710544 0.231355 1.516683 0.062009 0.216869 0.224132 0.948097 2 1.000000
1520616786.268505 4.744559 0.239840 1.559521 0.080788 0.287084 0.215282 0.929898 2 1.000000
1520616786.368507 4.784529 0.242910 1.594486 0.078469 0.364321 0.199755 0.906207 2 1.000000
1520616786.468510 4.829173 0.248194 1.624096 0.072528 0.428757 0.192828 0.879616 2 1.000000
1520616786.568514 4.876732 0.261938 1.654062 0.078214 0.483144 0.183449 0.852526 2 1.000000
1520616786.668516 4.926569 0.272475 1.673229 0.080086 0.520583 0.178388 0.831118 2 1.000000
1520616786.768520 4.976272 0.277243 1.694042 0.081251 0.546610 0.170306 0.815850 2 1.000000
1520616786.868524 5.023928 0.277259 1.709702 0.066765 0.569629 0.156994 0.804001 2 1.000000
1520616786.967438 5.074486 0.276661 1.720749 0.056663 0.585082 0.139084 0.796947 2 1.000000
1520616787.067445 5.137212 0.281268 1.732334 0.049868 0.604196 0.106736 0.788078 2 1.000000
1520616787.167444 5.194650 0.290026 1.738789 0.052481 0.619305 0.088072 0.778428 2 1.000000
1520616787.267447 5.252736 0.294295 1.743501 0.051063 0.647812 0.072089 0.756660 2 1.000000
1520616787.365852 5.306117 0.293126 1.744730 0.037427 0.678182 0.062755 0.731253 2 1.000000
1520616787.465855 5.353103 0.286192 1.738143 0.029209 0.710771 0.054674 0.700688 2 1.000000
1520616787.565858 5.407247 0.285225 1.727605 0.034367 0.737567 0.035956 0.673439 2 1.000000
1520616787.665861 5.473703 0.289136 1.717833 0.034555 0.753052 0.017177 0.656828 2 1.000000
1520616787.764108 5.529569 0.293112 1.707706 0.027989 0.757708 0.016361 0.651788 2 1.000000
1520616787.864112 5.584973 0.289336 1.696450 0.005895 0.755720 0.022015 0.654498 2 1.000000
1520616787.964115 5.650739 0.284912 1.691474 0.000437 0.750783 0.024724 0.660086 2 1.000000
1520616788.064118 5.703018 0.279807 1.683311 0.008436 0.739020 0.010730 0.673546 2 1.000000
1520616788.164121 5.772787 0.278671 1.678043 0.012347 0.731313 -0.015375 0.681757 2 1.000000
1520616788.262739 5.830414 0.283310 1.671061 0.014388 0.731458 -0.030142 0.681068 2 1.000000
1520616788.362743 5.894859 0.283242 1.664953 0.007749 0.738997 -0.023982 0.673237 2 1.000000
1520616788.462746 5.957924 0.277039 1.661728 -0.005714 0.743127 -0.018748 0.668863 2 1.000000
1520616788.562749 6.016073 0.273575 1.651096 -0.007389 0.744031 -0.021726 0.667751 2 1.000000
1520616788.661558 6.072552 0.276006 1.649488 -0.004443 0.742063 -0.022407 0.669940 2 1.000000
1520616788.761561 6.123459 0.283732 1.644593 -0.008244 0.735128 -0.023041 0.677486 2 1.000000
1520616788.861564 6.184093 0.287125 1.638412 -0.016583 0.724393 -0.025639 0.688711 2 1.000000
1520616788.961603 6.249304 0.282873 1.638112 -0.027205 0.705075 -0.027590 0.708074 2 1.000000
1520616789.060905 6.307005 0.277645 1.642469 -0.040982 0.682212 -0.036005 0.729117 2 1.000000
1520616789.160908 6.360189 0.280571 1.644222 -0.049190 0.660891 -0.044862 0.747523 2 1.000000
1520616789.260911 6.420442 0.289050 1.649902 -0.050818 0.646928 -0.057337 0.758693 2 1.000000
1520616789.360914 6.485955 0.293297 1.655354 -0.057147 0.642186 -0.060489 0.762019 2 1.000000
1520616789.461005 6.541033 0.292159 1.662307 -0.060139 0.641249 -0.051457 0.763240 2 1.000000
1520616789.561008 6.595767 0.287037 1.669741 -0.067955 0.642335 -0.044601 0.762102 2 1.000000
1520616789.661011 6.655844 0.285453 1.677185 -0.065886 0.636214 -0.049304 0.767112 2 1.000000
1520616789.761014 6.706357 0.288992 1.687078 -0.059812 0.617479 -0.066518 0.781484 2 1.000000
1520616789.862221 6.729219 0.293227 1.697030 -0.056215 0.580986 -0.084280 0.807584 2 1.000000
1520616789.962225 6.805835 0.294534 1.714319 -0.053759 0.540963 -0.096387 0.833774 2 1.000000
1520616790.062228 6.853932 0.290977 1.737831 -0.063094 0.500785 -0.092115 0.858340 2 1.000000
1520616790.162231 6.895114 0.291714 1.764519 -0.076542 0.456049 -0.090132 0.882064 2 1.000000
1520616790.262308 6.933438 0.302837 1.792591 -0.074953 0.412225 -0.096200 0.902883 2 1.000000
1520616790.362311 6.978539 0.316281 1.825122 -0.073825 0.367414 -0.107551 0.920863 2 1.000000
1520616790.462314 7.012097 0.321412 1.861997 -0.075720 0.322049 -0.115349 0.936614 2 1.000000
1520616790.562317 7.040568 0.321671 1.903989 -0.073098 0.270573 -0.115972 0.952889 2 1.000000
1520616790.660990 7.056474 0.315972 1.944056 -0.067023 0.218279 -0.109458 0.967410 2 1.000000
1520616790.760993 7.071186 0.322285 1.986311 -0.058326 0.167231 -0.108579 0.978183 2 1.000000
1520616790.860996 7.087134 0.331457 2.026263 -0.060104 0.107680 -0.099270 0.987389 2 1.000000
1520616790.960998 7.096643 0.339164 2.065859 -0.059324 0.056886 -0.090208 0.992526 2 1.000000
1520616791.060411 7.102037 0.337094 2.105844 -0.047116 0.016998 -0.067080 0.996490 2 1.000000
1520616791.160414 7.099135 0.331712 2.136671 -0.034993 -0.023333 -0.049983 0.997864 2 1.000000
1520616791.310418 7.099199 0.332065 2.202476 -0.011465 -0.078339 -0.043858 0.995896 2 1.000000
1520616791.410422 7.094515 0.337003 2.244540 -0.004526 -0.119835 -0.056431 0.991178 2 1.000000
1520616791.510060 7.084980 0.341381 2.285162 -0.002078 -0.165077 -0.071117 0.983711 2 1.000000
1520616791.610063 7.070896 0.340717 2.319563 -0.003828 -0.212084 -0.084861 0.973552 2 1.000000
1520616791.710066 7.051497 0.338327 2.352884 -0.004708 -0.264199 -0.087758 0.960456 2 1.000000
1520616791.810069 7.028087 0.338578 2.382275 0.003016 -0.319426 -0.081899 0.944061 2 1.000000
1520616791.910035 7.001502 0.345938 2.408857 0.019289 -0.383751 -0.072981 0.920346 2 1.000000
1520616792.010038 6.972725 0.353732 2.431207 0.021977 -0.449648 -0.068371 0.890314 2 1.000000
1520616792.110040 6.942358 0.356440 2.447936 0.020523 -0.511916 -0.065086 0.856321 2 1.000000
1520616792.210044 6.906315 0.354641 2.455338 0.010542 -0.575428 -0.058393 0.815697 2 1.000000
1520616792.310152 6.871614 0.354778 2.458753 0.004229 -0.636132 -0.051356 0.769858 2 1.000000
1520616792.410155 6.835881 0.359438 2.460252 0.002641 -0.681229 -0.043019 0.730801 2 1.000000
1520616792.560159 6.775258 0.370094 2.461290 -0.003735 -0.720169 -0.036131 0.692847 2 1.000000
1520616792.710271 6.714933 0.367958 2.461175 -0.022592 -0.722769 -0.019819 0.690436 2 1.000000
1520616792.860276 6.646747 0.354634 2.457452 -0.029394 -0.707107 0.020543 0.706197 2 1.000000
1520616793.010280 6.578410 0.348421 2.454407 -0.038358 -0.689287 0.061952 0.720815 2 1.000000
1520616793.160412 6.508187 0.346157 2.458308 -0.050838 -0.660710 0.100884 0.742092 2 1.000000
1520616793.310418 6.438706 0.338143 2.466903 -0.063753 -0.622109 0.124957 0.770261 2 1.000000
1520616793.460423 6.369789 0.334992 2.483147 -0.064364 -0.576824 0.131800 0.803592 2 1.000000
1520616793.560512 6.326296 0.334368 2.500412 -0.064819 -0.538267 0.140805 0.828397 2 1.000000
1520616793.660515 6.279959 0.336795 2.521513 -0.059308 -0.486109 0.160338 0.857014 2 1.000000
1520616793.760518 6.239310 0.335163 2.549335 -0.056594 -0.425434 0.172796 0.886535 2 1.000000
1520616793.860522 6.206494 0.330906 2.580786 -0.057657 -0.351993 0.171008 0.918440 2 1.000000
1520616793.960753 6.185002 0.330474 2.616666 -0.061674 -0.276479 0.166327 0.944506 2 1.000000
1520616794.060756 6.164676 0.331955 2.658900 -0.053549 -0.202089 0.173538 0.962381 2 1.000000
1520616794.160759 6.146881 0.334075 2.703254 -0.036744 -0.130186 0.184900 0.973403 2 1.000000
1520616794.260763 6.137460 0.334189 2.747422 -0.018216 -0.065302 0.194809 0.978495 2 1.000000
1520616794.360714 6.141231 0.331984 2.786095 -0.008069 0.004511 0.199153 0.979925 2 1.000000
1520616794.460717 6.141796 0.327744 2.830851 0.009932 0.075574 0.198981 0.977034 2 1.000000
1520616794.560720 6.151925 0.328071 2.871757 0.024422 0.161679 0.184476 0.969140 2 1.000000
1520616794.610721 6.154726 0.329585 2.897692 0.031993 0.209019 0.181057 0.960472 2 1.000000
1520616794.660723 6.163579 0.331548 2.913918 0.040237 0.255076 0.179880 0.949189 2 1.000000
1520616794.710424 6.172103 0.333574 2.929362 0.050669 0.304220 0.179465 0.934171 2 1.000000
1520616794.760426 6.185394 0.336386 2.943238 0.062718 0.354177 0.179216 0.915700 2 1.000000
1520616794.810427 6.197388 0.336276 2.955014 0.074131 0.402373 0.179593 0.894621 2 1.000000
1520616794.860428 6.211499 0.337634 2.963601 0.084834 0.450094 0.174636 0.871620 2 1.000000
1520616794.910430 6.223602 0.336676 2.970722 0.091592 0.499636 0.167790 0.844879 2 1.000000
1520616794.960432 6.238232 0.336966 2.973890 0.095646 0.546183 0.161548 0.816357 2 1.000000
1520616795.010434 6.252339 0.338713 2.978371 0.096617 0.590477 0.154171 0.786279 2 1.000000
1520616795.060436 6.265213 0.339503 2.978374 0.098838 0.632803 0.147993 0.753585 2 1.000000
1520616795.110436 6.280304 0.341802 2.975832 0.106267 0.669428 0.143185 0.721160 2 1.000000
1520616795.160325 6.294538 0.342119 2.971174 0.116842 0.701833 0.139044 0.688800 2 1.000000
1520616795.210326 6.310050 0.343881 2.966328 0.129299 0.731188 0.133108 0.656451 2 1.000000
1520616795.260328 6.322993 0.345024 2.957598 0.136924 0.759842 0.124668 0.623177 2 1.000000
1520616795.360331 6.348595 0.349275 2.935141 0.147613 0.807743 0.104657 0.561078 2 1.000000
1520616795.460334 6.365885 0.349624 2.908287 0.138624 0.851519 0.079762 0.499336 2 1.000000
1520616795.560232 6.379827 0.351818 2.878664 0.133033 0.888909 0.065932 0.433354 2 1.000000
1520616795.610234 6.386480 0.353745 2.862022 0.124888 0.907867 0.052885 0.396717 2 1.000000
1520616795.710237 6.393403 0.354703 2.826156 0.108982 0.937214 0.028187 0.330087 2 1.000000
1520616795.810240 6.394681 0.352274 2.788778 0.093910 0.957242 -0.000668 0.273621 2 1.000000
1520616795.910243 6.393898 0.349644 2.748827 0.068299 0.969897 -0.040430 0.230218 2 1.000000
1520616796.010322 6.392612 0.345810 2.711553 0.042823 0.973073 -0.077930 0.212653 2 1.000000
1520616796.160327 6.398353 0.340949 2.659532 -0.010449 0.965589 -0.103751 0.238251 2 1.000000
1520616796.260330 6.404964 0.342398 2.625134 -0.054590 0.949901 -0.107988 0.288178 2 1.000000
1520616796.360355 6.419633 0.343174 2.597636 -0.097984 0.922075 -0.111873 0.357297 2 1.000000
1520616796.410357 6.429164 0.342913 2.584012 -0.120578 0.904455 -0.110531 0.393961 2 1.000000
1520616796.460358 6.439764 0.342731 2.576301 -0.141329 0.885099 -0.108106 0.430046 2 1.000000
1520616796.510360 6.451968 0.341353 2.566766 -0.156664 0.863895 -0.106499 0.466691 2 1.000000
1520616796.610363 6.480264 0.346682 2.558993 -0.165673 0.822603 -0.104706 0.533773 2 1.000000
1520616796.710367 6.513360 0.352600 2.547808 -0.154790 0.784929 -0.095680 0.592260 2 1.000000
1520616796.810539 6.551291 0.359451 2.547638 -0.134714 0.755997 -0.078051 0.635790 2 1.000000
1520616796.910542 6.589782 0.361377 2.550199 -0.107418 0.738636 -0.055689 0.663156 2 1.000000
1520616797.010546 6.632925 0.358233 2.551725 -0.066883 0.734611 -0.041725 0.673893 2 1.000000
1520616797.110549 6.676925 0.352313 2.550295 -0.010081 0.738534 -0.026196 0.673632 2 1.000000
1520616797.210545 6.720222 0.349157 2.543243 0.038068 0.747278 -0.007819 0.663374 2 1.000000
1520616797.310548 6.767377 0.348148 2.528471 0.075388 0.761101 0.013281 0.644101 2 1.000000
1520616797.410551 6.812649 0.344953 2.509154 0.105374 0.785681 0.022499 0.609176 2 1.000000
1520616797.510554 6.855753 0.337414 2.477641 0.123430 0.818159 0.026259 0.560974 2 1.000000
1520616797.610662 6.897519 0.329458 2.448355 0.134758 0.854163 0.028988 0.501403 2 1.000000
1520616797.710665 6.933291 0.331826 2.407792 0.145643 0.887963 0.025709 0.435486 2 1.000000
1520616797.810668 6.963814 0.335192 2.363182 0.148041 0.921189 0.018599 0.359374 2 1.000000
1520616797.910672 6.991492 0.340287 2.318479 0.138619 0.951276 0.003534 0.275401 2 1.000000
1520616797.960674 7.002687 0.340115 2.296336 0.132120 0.963325 -0.005690 0.233487 2 1.000000
1520616798.012466 7.015516 0.337231 2.274163 0.120125 0.973993 -0.015710 0.191470 2 1.000000
1520616798.112469 7.031000 0.333307 2.228302 0.092713 0.987494 -0.029249 0.124118 2 1.000000
1520616798.212473 7.042766 0.331204 2.185428 0.066707 0.994353 -0.032708 0.075776 2 1.000000
1520616798.362478 7.062163 0.332543 2.115142 0.023983 0.996765 -0.054632 0.053857 2 1.000000
1520616798.462923 7.087132 0.329487 2.070513 -0.008587 0.994692 -0.068579 0.076226 2 1.000000
1520616798.562928 7.110983 0.326342 2.025005 -0.047348 0.987404 -0.087507 0.123022 2 1.000000
1520616798.662927 7.146567 0.320978 1.985531 -0.077396 0.975524 -0.098911 0.180497 2 1.000000
1520616798.762930 7.183524 0.312734 1.952464 -0.099607 0.956626 -0.102419 0.253883 2 1.000000
1520616798.862679 7.225809 0.320777 1.917871 -0.117059 0.931722 -0.105339 0.327253 2 1.000000
1520616798.962682 7.274094 0.328518 1.884993 -0.119793 0.903185 -0.101143 0.399596 2 1.000000
1520616799.062686 7.327013 0.327481 1.862746 -0.090981 0.872904 -0.102817 0.468177 2 1.000000
1520616799.162689 7.376804 0.324146 1.842162 -0.049250 0.845267 -0.106022 0.521400 2 1.000000
1520616799.263306 7.426367 0.321011 1.828951 -0.003616 0.818373 -0.087668 0.567950 2 1.000000
1520616799.363308 7.473484 0.324031 1.813526 0.047616 0.802873 -0.059854 0.591223 2 1.000000
1520616799.463312 7.526385 0.327115 1.792598 0.097986 0.800537 -0.041318 0.589773 2 1.000000
1520616799.563315 7.576149 0.322469 1.770429 0.144792 0.801404 -0.030556 0.579529 2 1.000000
1520616799.661990 7.622144 0.311729 1.745301 0.182945 0.807017 -0.022685 0.561017 2 1.000000
1520616799.761993 7.665898 0.299841 1.718955 0.217200 0.817341 -0.011502 0.533522 2 1.000000
1520616799.861997 7.705686 0.288762 1.686154 0.232962 0.837649 -0.006653 0.493992 2 1.000000
1520616799.961999 7.747885 0.285530 1.648895 0.241201 0.861909 -0.007018 0.445967 2 1.000000
1520616800.061088 7.786552 0.286956 1.607941 0.247767 0.885689 -0.009012 0.392537 2 1.000000
1520616800.161091 7.820802 0.284075 1.564588 0.245248 0.908992 -0.014061 0.336733 2 1.000000
1520616800.261095 7.853452 0.282905 1.520717 0.238991 0.931283 -0.011420 0.274709 2 1.000000
1520616800.361097 7.875875 0.285873 1.475787 0.222015 0.951066 -0.001334 0.214899 2 1.000000
1520616800.460902 7.893249 0.289816 1.435212 0.204562 0.964378 0.004877 0.167647 2 1.000000
1520616800.560865 7.911510 0.300756 1.386813 0.173773 0.975646 -0.002847 0.133823 2 1.000000
1520616800.660869 7.929583 0.301076 1.343450 0.132546 0.984009 -0.025841 0.116145 2 1.000000
1520616800.760872 7.942330 0.298910 1.302316 0.076087 0.989316 -0.044938 0.115956 2 1.000000
1520616800.860626 7.953215 0.300590 1.262999 0.021253 0.989991 -0.052655 0.129202 2 1.000000
1520616800.960629 7.968546 0.296626 1.218898 -0.033555 0.987966 -0.058921 0.139017 2 1.000000
1520616801.060632 7.989654 0.295440 1.172813 -0.073121 0.982848 -0.067943 0.155072 2 1.000000
1520616801.160635 8.013533 0.291301 1.127784 -0.104674 0.974635 -0.081537 0.180227 2 1.000000
1520616801.260343 8.043836 0.286459 1.090104 -0.126385 0.963132 -0.101217 0.214845 2 1.000000
1520616801.360345 8.079844 0.271324 1.055883 -0.135180 0.947898 -0.115222 0.264460 2 1.000000
1520616801.460349 8.119001 0.264822 1.028751 -0.135449 0.929652 -0.119534 0.321110 2 1.000000
1520616801.560353 8.162987 0.266134 1.008206 -0.127173 0.906690 -0.108726 0.387193 2 1.000000
1520616801.660317 8.207847 0.275395 0.995001 -0.106273 0.881366 -0.088322 0.451774 2 1.000000
1520616801.760321 8.257570 0.282844 0.980258 -0.075539 0.854162 -0.068961 0.509849 2 1.000000
1520616801.860323 8.307323 0.284675 0.970892 -0.040360 0.823843 -0.060447 0.562139 2 1.000000
1520616801.960326 8.357232 0.282571 0.970201 -0.014277 0.792384 -0.038803 0.608620 2 1.000000
1520616802.060329 8.399988 0.281094 0.971561 -0.006760 0.765274 -0.014180 0.643513 2 1.000000
1520616802.210473 8.469976 0.277547 0.970607 0.029768 0.752630 -0.000771 0.657770 2 1.000000
1520616802.360478 8.541487 0.271232 0.967135 0.074292 0.766476 -0.004749 0.637945 2 1.000000
1520616802.510608 8.605946 0.263484 0.957538 0.093086 0.782989 0.039940 0.613733 2 1.000000
1520616802.610611 8.649680 0.256736 0.945971 0.111103 0.803374 0.067105 0.581157 2 1.000000
1520616802.710615 8.690192 0.251188 0.928687 0.144322 0.819587 0.080132 0.548659 2 1.000000
1520616802.810618 8.734245 0.248761 0.908231 0.180860 0.837629 0.083268 0.508659 2 1.000000
1520616802.911119 8.780714 0.245608 0.878173 0.205769 0.856106 0.087066 0.466005 2 1.000000
1520616803.011122 8.819592 0.244676 0.845744 0.222864 0.877249 0.088606 0.415831 2 1.000000
1520616803.111126 8.848353 0.238196 0.810306 0.239214 0.895988 0.086216 0.364074 2 1.000000
1520616803.211128 8.874150 0.237052 0.770182 0.252918 0.916352 0.074473 0.301307 2 1.000000
1520616803.311525 8.900644 0.238117 0.724576 0.261205 0.933705 0.057069 0.238139 2 1.000000
1520616803.411528 8.922819 0.239477 0.679496 0.266985 0.947612 0.029408 0.172875 2 1.000000
1520616803.511531 8.940310 0.235744 0.631764 0.270082 0.956725 0.001444 0.108311 2 1.000000
1520616803.611534 8.948378 0.229768 0.588621 0.270362 0.962026 -0.012800 0.035298 2 1.000000
1520616803.710872 8.953100 0.227447 0.542993 -0.278351 -0.959252 0.022626 0.042947 2 1.000000
1520616803.810875 8.946671 0.227414 0.500265 -0.290586 -0.949097 0.035775 0.116171 2 1.000000
1520616803.910878 8.935948 0.229180 0.457905 -0.294160 -0.935078 0.056573 0.189471 2 1.000000
1520616804.010881 8.919614 0.233141 0.421136 -0.292054 -0.915166 0.074601 0.267601 2 1.000000
1520616804.060883 8.906744 0.235413 0.408092 -0.292756 -0.901262 0.080376 0.309129 2 1.000000
1520616804.110661 8.894466 0.235553 0.395979 -0.294266 -0.884095 0.086486 0.352568 2 1.000000
1520616804.160663 8.882565 0.234636 0.385200 -0.295298 -0.862535 0.092613 0.400320 2 1.000000
1520616804.210664 8.867186 0.235191 0.377609 -0.293290 -0.837223 0.101580 0.450244 2 1.000000
1520616804.260666 8.850458 0.235719 0.373873 -0.288072 -0.807886 0.111346 0.501933 2 1.000000
1520616804.310668 8.835018 0.238353 0.367827 -0.280340 -0.776149 0.125978 0.550574 2 1.000000
1520616804.360669 8.817225 0.239982 0.370503 -0.269107 -0.741709 0.139650 0.598287 2 1.000000
1520616804.410671 8.802065 0.241532 0.375133 -0.255797 -0.704252 0.152543 0.644460 2 1.000000
1520616804.460673 8.787276 0.242463 0.382933 -0.244167 -0.662488 0.165585 0.688530 2 1.000000
1520616804.510674 8.775483 0.243899 0.392972 -0.234704 -0.619119 0.178314 0.727880 2 1.000000
1520616804.560965 8.762844 0.245946 0.405468 -0.225821 -0.571979 0.186427 0.766218 2 1.000000
1520616804.610967 8.755573 0.249784 0.420161 -0.220179 -0.524434 0.193775 0.799338 2 1.000000
1520616804.660969 8.750945 0.251990 0.436380 -0.219033 -0.477397 0.199879 0.827143 2 1.000000
1520616804.710970 8.746443 0.255117 0.454264 -0.214896 -0.431762 0.199989 0.852881 2 1.000000
1520616804.760972 8.743639 0.261898 0.471839 -0.207209 -0.389286 0.197378 0.875536 2 1.000000
1520616804.860975 8.742793 0.269335 0.515109 -0.183750 -0.322600 0.182199 0.910477 2 1.000000
1520616804.961273 8.742358 0.280086 0.556575 -0.153361 -0.270331 0.156843 0.937444 2 1.000000
1520616805.061275 8.746160 0.291205 0.603685 -0.123533 -0.232528 0.124506 0.956644 2 1.000000
1520616805.161279 8.752317 0.297058 0.648006 -0.087270 -0.210911 0.088798 0.969544 2 1.000000
1520616805.261281 8.751976 0.299959 0.688972 -0.046919 -0.205742 0.047953 0.976304 2 1.000000
1520616805.361481 8.745440 0.298666 0.729663 -0.009396 -0.221281 0.013528 0.975071 2 1.000000
1520616805.461484 8.729535 0.300377 0.767582 0.024453 -0.247871 -0.024755 0.968168 2 1.000000
1520616805.561486 8.707277 0.296228 0.800642 0.058060 -0.294753 -0.063094 0.951719 2 1.000000
1520616805.661490 8.679435 0.288232 0.822878 0.089613 -0.358968 -0.099710 0.923672 2 1.000000
1520616805.761116 8.646065 0.281747 0.837611 0.111707 -0.428870 -0.113969 0.889159 2 1.000000
1520616805.861119 8.609217 0.276865 0.844739 0.112022 -0.508171 -0.094988 0.848640 2 1.000000
1520616805.911121 8.590931 0.276829 0.843983 0.101938 -0.549972 -0.075888 0.825458 2 1.000000
1520616805.961122 8.572510 0.277762 0.842498 0.088199 -0.590581 -0.054444 0.800294 2 1.000000
1520616806.011124 8.552965 0.279507 0.841180 0.070512 -0.627989 -0.028168 0.774509 2 1.000000
1520616806.061125 8.534534 0.282516 0.840627 0.052976 -0.660030 -0.002690 0.749364 2 1.000000
1520616806.111127 8.515506 0.284743 0.838650 0.034454 -0.684580 0.020871 0.727824 2 1.000000
1520616806.210845 8.480630 0.284387 0.837774 -0.007275 -0.721409 0.068744 0.689050 2 1.000000
1520616806.310848 8.446238 0.280225 0.835416 -0.046035 -0.746754 0.109595 0.654391 2 1.000000
1520616806.410852 8.408057 0.272204 0.837373 -0.082844 -0.746422 0.144756 0.644234 2 1.000000
1520616806.510855 8.366295 0.271291 0.840880 -0.123384 -0.723959 0.181947 0.653877 2 1.000000
1520616806.610829 8.318181 0.273429 0.851269 -0.148587 -0.685501 0.207890 0.681757 2 1.000000
1520616806.710832 8.272896 0.271439 0.870167 -0.163647 -0.629762 0.227126 0.724592 2 1.000000
1520616806.810835 8.230022 0.268484 0.896561 -0.181880 -0.569107 0.246735 0.762993 2 1.000000
1520616806.910838 8.190482 0.269465 0.931123 -0.190042 -0.498633 0.258087 0.805382 2 1.000000
1520616807.011441 8.149923 0.275305 0.969182 -0.180137 -0.428557 0.265899 0.844504 2 1.000000
1520616807.111439 8.112273 0.281177 1.009141 -0.162689 -0.362938 0.263048 0.878985 2 1.000000
1520616807.211442 8.074965 0.286698 1.051570 -0.145763 -0.303996 0.255261 0.906190 2 1.000000
1520616807.311445 8.042802 0.285639 1.096300 -0.123672 -0.247693 0.227907 0.933495 2 1.000000
1520616807.413039 8.015152 0.284557 1.142149 -0.089083 -0.199441 0.204656 0.954151 2 1.000000
1520616807.513043 7.993962 0.292071 1.187293 -0.059979 -0.155647 0.182516 0.968950 2 1.000000
1520616807.613046 7.975247 0.293310 1.231382 -0.051000 -0.104629 0.173292 0.977968 2 1.000000
1520616807.713049 7.962234 0.298199 1.275703 -0.038856 -0.042454 0.185566 0.980945 2 1.000000
1520616807.811883 7.965230 0.296930 1.320759 -0.027708 0.020116 0.178579 0.983330 2 1.000000
1520616807.911886 7.956674 0.304346 1.372441 -0.021474 0.084406 0.174879 0.980730 2 1.000000
1520616808.011889 7.968334 0.306330 1.421965 -0.021361 0.148477 0.172119 0.973588 2 1.000000
1520616808.111893 7.984498 0.309687 1.470374 -0.001396 0.209651 0.179824 0.961097 2 1.000000
1520616808.211581 8.002084 0.316577 1.514966 0.021115 0.260351 0.190678 0.946263 2 1.000000
1520616808.311583 8.026057 0.319956 1.560085 0.025231 0.310825 0.197545 0.929369 2 1.000000
1520616808.411588 8.053733 0.316645 1.599532 0.020971 0.353276 0.203547 0.912866 2 1.000000
1520616808.511589 8.087958 0.322306 1.637700 0.033572 0.395107 0.206026 0.894604 2 1.000000
1520616808.612309 8.130354 0.326129 1.674698 0.047198 0.446750 0.198717 0.871033 2 1.000000
1520616808.712312 8.175963 0.333109 1.705669 0.056120 0.497368 0.191564 0.844263 2 1.000000
1520616808.812315 8.225757 0.337661 1.730200 0.065068 0.544939 0.164075 0.819687 2 1.000000
1520616808.912318 8.279139 0.337801 1.743209 0.054281 0.592143 0.125633 0.794126 2 1.000000
1520616809.012321 8.333330 0.340028 1.751319 0.045870 0.638211 0.107131 0.760990 2 1.000000
1520616809.115273 8.386403 0.346273 1.755590 0.051619 0.675815 0.097804 0.728728 2 1.000000
1520616809.215276 8.439967 0.352452 1.756992 0.062880 0.699276 0.077393 0.707863 2 1.000000
1520616809.315279 8.492809 0.356853 1.758685 0.065524 0.713616 0.066543 0.694285 2 1.000000
1520616809.468604 8.568376 0.354666 1.761103 0.031416 0.722000 0.067934 0.687833 2 1.000000
1520616809.618609 8.643636 0.357704 1.763229 0.033509 0.720787 0.035577 0.691431 2 1.000000
1520616809.718612 8.706006 0.363315 1.766592 0.036221 0.723481 0.015547 0.689218 2 1.000000
1520616809.818615 8.764309 0.365821 1.767659 0.028530 0.735906 0.001888 0.676480 2 1.000000
1520616809.919244 8.818987 0.360315 1.767238 0.012062 0.743004 -0.000854 0.669178 2 1.000000
1520616810.019246 8.877096 0.355296 1.768612 0.005170 0.751824 -0.001677 0.659341 2 1.000000
1520616810.119249 8.929444 0.355075 1.766912 0.010059 0.756881 -0.004593 0.653459 2 1.000000
1520616810.219253 8.986522 0.359044 1.765921 0.018471 0.757173 -0.003682 0.652943 2 1.000000
1520616810.319278 9.041710 0.361811 1.764657 0.029684 0.748978 0.002589 0.661924 2 1.000000
1520616810.419258 9.099926 0.359496 1.768613 0.030035 0.744724 0.004588 0.666680 2 1.000000
1520616810.519261 9.151446 0.355999 1.774108 0.020862 0.738266 0.011019 0.674096 2 1.000000
1520616810.619265 9.207764 0.358456 1.779456 0.016435 0.729953 0.017697 0.683071 2 1.000000
1520616810.719268 9.262509 0.366720 1.784327 0.016164 0.725609 0.016456 0.687720 2 1.000000
1520616810.819271 9.314741 0.371657 1.787659 0.017828 0.730266 0.010108 0.682856 2 1.000000
1520616810.919275 9.366200 0.369932 1.788816 0.012127 0.733064 0.008586 0.679998 2 1.000000
1520616811.069279 9.443455 0.367602 1.789576 -0.017802 0.738005 0.008043 0.674513 2 1.000000
1520616811.169283 9.495113 0.367942 1.791171 -0.026026 0.733493 -0.007367 0.679159 2 1.000000
1520616811.269285 9.556778 0.371884 1.793775 -0.021833 0.720956 -0.037261 0.691634 2 1.000000
1520616811.369288 9.613178 0.372208 1.798751 -0.019187 0.701120 -0.063820 0.709922 2 1.000000
1520616811.469291 9.668059 0.368941 1.806585 -0.037133 0.679753 -0.085533 0.727490 2 1.000000
1520616811.569294 9.716390 0.363853 1.822127 -0.050243 0.654271 -0.103067 0.747518 2 1.000000
1520616811.669297 9.770262 0.361366 1.837152 -0.058074 0.621537 -0.130482 0.770256 2 1.000000
1520616811.769301 9.823869 0.365040 1.856677 -0.063167 0.591435 -0.153841 0.789017 2 1.000000
1520616811.869305 9.882486 0.364594 1.880425 -0.064796 0.563921 -0.179249 0.803532 2 1.000000
1520616811.968276 9.939132 0.359873 1.907534 -0.060882 0.533146 -0.197812 0.820317 2 1.000000
1520616812.068237 9.985710 0.355069 1.937079 -0.062021 0.496960 -0.217698 0.837730 2 1.000000
1520616812.168240 10.025535 0.352326 1.969449 -0.063146 0.457482 -0.233278 0.855748 2 1.000000
1520616812.268243 10.062982 0.357589 2.005750 -0.057703 0.409166 -0.242277 0.877813 2 1.000000
1520616812.367204 10.099319 0.364102 2.043507 -0.046061 0.362458 -0.244448 0.898191 2 1.000000
1520616812.467207 10.133542 0.371580 2.088494 -0.027084 0.317872 -0.244426 0.915686 2 1.000000
1520616812.567210 10.152585 0.370871 2.127906 -0.020315 0.269179 -0.235343 0.933672 2 1.000000
1520616812.667214 10.178171 0.375958 2.175287 -0.036684 0.220135 -0.227313 0.947905 2 1.000000
1520616812.765498 10.193526 0.388344 2.217229 -0.049734 0.172321 -0.229495 0.956642 2 1.000000
1520616812.865501 10.208617 0.401861 2.264590 -0.050435 0.122664 -0.224260 0.965462 2 1.000000
1520616812.965504 10.217202 0.414172 2.316723 -0.045152 0.077296 -0.210473 0.973492 2 1.000000
1520616813.065508 10.214643 0.424023 2.364885 -0.045648 0.031134 -0.173765 0.983236 2 1.000000
1520616813.162669 10.208790 0.429404 2.409333 -0.040018 -0.009596 -0.128090 0.990908 2 1.000000
1520616813.262672 10.194309 0.436576 2.456300 -0.036622 -0.045079 -0.076375 0.995386 2 1.000000
1520616813.362675 10.180026 0.447142 2.502375 -0.038639 -0.076714 -0.027913 0.995913 2 1.000000
1520616813.462678 10.160082 0.459818 2.553472 -0.052741 -0.095514 0.019798 0.993833 2 1.000000
1520616813.561427 10.139454 0.462572 2.598100 -0.079516 -0.108128 0.067463 0.988653 2 1.000000
1520616813.711431 10.107376 0.453574 2.658664 -0.112940 -0.126652 0.108888 0.979463 2 1.000000
1520616813.861436 10.077160 0.440352 2.714863 -0.125635 -0.130228 0.138682 0.973665 2 1.000000
1520616813.961329 10.059381 0.428852 2.766750 -0.108207 -0.138018 0.155791 0.972096 2 1.000000
1520616814.061332 10.039724 0.408889 2.816556 -0.076468 -0.149506 0.165952 0.971731 2 1.000000
1520616814.161335 10.025176 0.381901 2.864979 -0.031720 -0.151826 0.177245 0.971868 2 1.000000
1520616814.261339 10.016435 0.355274 2.912986 0.000684 -0.156035 0.183171 0.970619 2 1.000000
1520616814.361091 10.013512 0.336026 2.962886 0.008049 -0.166434 0.196119 0.966319 2 1.000000
1520616814.461093 10.015935 0.323583 3.013005 0.012542 -0.183734 0.200068 0.962319 2 1.000000
1520616814.611098 10.027164 0.316228 3.087018 0.040644 -0.221433 0.175005 0.958483 2 1.000000
1520616814.711102 10.036263 0.319505 3.137475 0.056544 -0.228925 0.146550 0.960687 2 1.000000
1520616814.810956 10.045763 0.329087 3.188279 0.058390 -0.237685 0.119292 0.962219 2 1.000000
