# ORB-SLAM3 Path Recording
# Format: timestamp tx ty tz qx qy qz qw tracking_state confidence
# Translation in meters, quaternion (x,y,z,w), timestamp in seconds
# Coordinate system: Camera frame
1520616744.108115 -0.325609 -0.115280 -0.205168 0.093302 0.084793 0.051801 0.990667 2 1.000000
1520616744.158116 -0.342378 -0.103730 -0.214990 0.045342 0.070211 0.052338 0.995126 2 1.000000
1520616744.208118 -0.357554 -0.090526 -0.228559 0.000303 0.056832 0.052676 0.996993 2 1.000000
1520616744.308121 -0.386382 -0.069856 -0.254280 -0.072259 0.035566 0.051047 0.995444 2 1.000000
1520616744.408124 -0.413062 -0.050975 -0.278725 -0.138637 0.017425 0.056089 0.988600 2 1.000000
1520616744.508285 -0.438015 -0.032526 -0.303894 -0.215898 -0.014953 0.064502 0.974168 2 1.000000
1520616744.608301 -0.462800 -0.019700 -0.326309 -0.272794 -0.039451 0.066693 0.958947 2 1.000000
1520616744.708291 -0.486205 -0.007079 -0.343507 -0.316609 -0.055924 0.064678 0.944695 2 1.000000
1520616745.009210 -0.531843 0.009754 -0.360093 -0.235969 -0.043281 0.068085 0.968406 2 1.000000
1520616745.109214 -0.536257 0.000106 -0.357783 -0.163195 -0.041591 0.080221 0.982447 2 1.000000
1520616745.209217 -0.531311 -0.019348 -0.356943 -0.099356 -0.037804 0.079546 0.991147 2 1.000000
1520616745.309244 -0.518930 -0.043975 -0.356719 -0.018400 -0.035343 0.080851 0.995929 2 1.000000
1520616745.359245 -0.508674 -0.057412 -0.356858 0.029860 -0.032695 0.082417 0.995614 2 1.000000
1520616745.409247 -0.497778 -0.070610 -0.357380 0.078490 -0.028345 0.082253 0.993111 2 1.000000
1520616745.459249 -0.485641 -0.082320 -0.359525 0.125175 -0.024355 0.080921 0.988529 2 1.000000
1520616745.559252 -0.460932 -0.108720 -0.363216 0.193982 -0.021871 0.072833 0.978053 2 1.000000
1520616745.758400 -0.410900 -0.117006 -0.374219 0.154951 -0.048378 0.060505 0.984880 2 1.000000
1520616745.808402 -0.399212 -0.114676 -0.375212 0.111776 -0.054888 0.057609 0.990543 2 1.000000
1520616745.858402 -0.385993 -0.106136 -0.376235 0.060491 -0.059949 0.054515 0.994874 2 1.000000
1520616745.908405 -0.370935 -0.095572 -0.376059 0.005075 -0.065906 0.052447 0.996434 2 1.000000
1520616745.958406 -0.356542 -0.083940 -0.376001 -0.048557 -0.066600 0.047583 0.995461 2 1.000000
1520616746.008408 -0.340784 -0.075127 -0.374994 -0.094679 -0.065316 0.044001 0.992388 2 1.000000
1520616746.108377 -0.303706 -0.055449 -0.371091 -0.148894 -0.063079 0.038458 0.986090 2 1.000000
1520616746.258423 -0.241026 -0.028038 -0.364014 -0.211431 -0.040827 0.033115 0.975978 2 1.000000
1520616746.358385 -0.186190 -0.013265 -0.362501 -0.250830 0.010261 0.019956 0.967771 2 1.000000
1520616746.458388 -0.124351 -0.007649 -0.358824 -0.260609 0.073658 0.004484 0.962620 2 1.000000
1520616746.558874 -0.058002 -0.008380 -0.354181 -0.241657 0.142290 -0.006222 0.959852 2 1.000000
1520616746.658877 0.003498 -0.016826 -0.348240 -0.200951 0.193731 -0.015593 0.960127 2 1.000000
1520616746.758880 0.057569 -0.039101 -0.337874 -0.133989 0.217260 -0.038555 0.966105 2 1.000000
1520616746.858883 0.095433 -0.067636 -0.324064 -0.064756 0.220716 -0.062338 0.971187 2 1.000000
1520616746.959002 0.119693 -0.094805 -0.307044 -0.023880 0.201845 -0.067742 0.976780 2 1.000000
1520616747.059006 0.128959 -0.116913 -0.285838 0.010423 0.154552 -0.053555 0.986477 2 1.000000
1520616747.159009 0.131680 -0.134481 -0.262494 0.043725 0.112065 -0.039503 0.991952 2 1.000000
1520616747.358446 0.128580 -0.143154 -0.217883 0.033658 0.071417 -0.012463 0.996801 2 1.000000
1520616747.608454 0.109456 -0.109539 -0.172841 0.020005 0.032512 0.003605 0.999265 2 1.000000
1520616747.708350 0.104626 -0.076491 -0.161282 -0.013367 0.006854 0.017903 0.999727 2 1.000000
1520616747.858355 0.113807 -0.030069 -0.148239 -0.052421 -0.036766 0.027586 0.997567 2 1.000000
1520616748.008359 0.151728 0.000135 -0.136492 -0.075744 -0.076619 0.021037 0.993957 2 1.000000
1520616748.158477 0.210501 0.011864 -0.112066 -0.076826 -0.082563 0.032047 0.993103 2 1.000000
1520616748.258480 0.256483 0.013722 -0.086588 -0.058201 -0.065777 0.038428 0.995394 2 1.000000
1520616748.358483 0.305309 0.017095 -0.057019 -0.042910 -0.034386 0.019745 0.998292 2 1.000000
1520616748.458486 0.358327 0.019942 -0.026715 -0.043660 0.020624 0.002355 0.998831 2 1.000000
1520616748.558606 0.410496 0.020544 0.004467 -0.037434 0.092591 -0.010062 0.994949 2 1.000000
1520616748.658610 0.461671 0.017932 0.031646 -0.018134 0.163294 -0.027264 0.986034 2 1.000000
1520616748.758613 0.510326 0.017804 0.053605 -0.013279 0.221891 -0.031315 0.974478 2 1.000000
1520616748.908617 0.572950 0.020353 0.087832 -0.013296 0.251983 -0.013444 0.967547 2 1.000000
1520616749.058836 0.633260 0.025688 0.128288 0.041758 0.263410 0.001399 0.963779 2 1.000000
1520616749.208840 0.694599 0.028516 0.169127 0.063665 0.287788 -0.024437 0.955263 2 1.000000
1520616749.358798 0.738361 0.028837 0.216527 0.042382 0.267892 -0.003505 0.962510 2 1.000000
1520616749.508802 0.778810 0.032813 0.273462 0.051155 0.237131 -0.005475 0.970115 2 1.000000
1520616749.658807 0.815557 0.045752 0.336583 0.045057 0.217562 -0.012446 0.974927 2 1.000000
1520616749.759188 0.839880 0.049913 0.380351 0.016579 0.215160 -0.024051 0.976142 2 1.000000
1520616749.909194 0.875098 0.049774 0.444794 -0.016685 0.198092 -0.023864 0.979751 2 1.000000
1520616750.059198 0.908159 0.054514 0.508520 -0.013393 0.191324 -0.003369 0.981430 2 1.000000
1520616750.160124 0.928862 0.064632 0.554890 -0.009676 0.171077 0.008778 0.985171 2 1.000000
1520616750.260127 0.946200 0.074913 0.602087 -0.016026 0.140472 0.002608 0.989952 2 1.000000
1520616750.410131 0.961102 0.079464 0.668714 -0.035480 0.093434 0.000174 0.994993 2 1.000000
1520616750.560396 0.961715 0.083357 0.733323 -0.037009 0.045180 -0.001850 0.998291 2 1.000000
1520616750.710401 0.968836 0.088391 0.797762 -0.038052 -0.012386 -0.008615 0.999162 2 1.000000
1520616750.860409 0.951952 0.102576 0.870583 -0.032807 -0.057992 -0.012768 0.997696 2 1.000000
1520616750.960407 0.940911 0.088539 0.913553 -0.035217 -0.101791 -0.019338 0.993994 2 1.000000
1520616751.060889 0.921249 0.093914 0.950703 -0.028420 -0.146813 -0.021948 0.988512 2 1.000000
1520616751.160892 0.902384 0.095096 0.983920 -0.028917 -0.204831 -0.013974 0.978270 2 1.000000
1520616751.260895 0.868957 0.104338 1.019168 -0.028106 -0.265260 -0.010985 0.963705 2 1.000000
1520616751.360898 0.838809 0.112061 1.045407 -0.022698 -0.331877 -0.010834 0.942987 2 1.000000
1520616751.463731 0.805941 0.112897 1.068268 -0.028344 -0.403479 -0.014226 0.914439 2 1.000000
1520616751.563734 0.761566 0.123099 1.087052 -0.043752 -0.472670 -0.017522 0.879979 2 1.000000
1520616751.663737 0.720208 0.129938 1.100691 -0.049900 -0.532463 -0.025487 0.844597 2 1.000000
1520616751.763740 0.680754 0.138630 1.110281 -0.042155 -0.581767 -0.027875 0.811784 2 1.000000
1520616751.866836 0.634447 0.142919 1.124895 -0.043088 -0.621181 -0.017837 0.782279 2 1.000000
1520616751.966839 0.582827 0.140492 1.130972 -0.040960 -0.633206 -0.015401 0.772745 2 1.000000
1520616752.116843 0.516952 0.128984 1.149151 -0.026715 -0.653291 0.009255 0.756579 2 1.000000
1520616752.217441 0.462577 0.125551 1.162660 -0.025746 -0.668491 0.027882 0.742752 2 1.000000
1520616752.317443 0.411042 0.129915 1.175270 -0.023336 -0.679623 0.025046 0.732762 2 1.000000
1520616752.417446 0.358158 0.134095 1.187121 -0.028052 -0.687202 0.021906 0.725594 2 1.000000
1520616752.517449 0.305323 0.129610 1.197698 -0.034701 -0.697799 0.017816 0.715231 2 1.000000
1520616752.667175 0.232575 0.120345 1.204904 -0.043240 -0.726508 0.016166 0.685606 2 1.000000
1520616752.767178 0.173529 0.123811 1.207289 -0.036752 -0.732404 0.010192 0.679801 2 1.000000
1520616752.867181 0.118155 0.129345 1.207205 -0.034731 -0.733153 0.019937 0.678884 2 1.000000
1520616752.967184 0.062544 0.128281 1.206845 -0.031431 -0.727748 0.027292 0.684581 2 1.000000
1520616753.067466 0.011621 0.118584 1.202505 -0.035694 -0.727150 0.027913 0.684981 2 1.000000
1520616753.167470 -0.038111 0.110493 1.202423 -0.031606 -0.726396 0.026024 0.686056 2 1.000000
1520616753.317475 -0.108625 0.107094 1.193991 -0.036054 -0.726286 0.036100 0.685497 2 1.000000
1520616753.417477 -0.195416 0.111822 1.198778 -0.031836 -0.727150 0.036490 0.684768 2 1.000000
1520616753.567482 -0.255125 0.110551 1.188894 -0.043121 -0.735565 0.044505 0.674614 2 1.000000
1520616753.717486 -0.324378 0.100631 1.178693 -0.060732 -0.746722 0.047219 0.660672 2 1.000000
1520616753.867492 -0.399816 0.106544 1.176707 -0.050431 -0.733774 0.060206 0.674840 2 1.000000
1520616753.967494 -0.451589 0.113014 1.180148 -0.056175 -0.701538 0.086910 0.705079 2 1.000000
1520616754.067498 -0.498766 0.108428 1.197244 -0.069032 -0.644590 0.114976 0.752675 2 1.000000
1520616754.117499 -0.521729 0.103276 1.207210 -0.077559 -0.605507 0.128520 0.781555 2 1.000000
1520616754.167500 -0.541286 0.102861 1.220653 -0.083597 -0.563656 0.138716 0.809976 2 1.000000
1520616754.217502 -0.561803 0.103915 1.236920 -0.089898 -0.520798 0.147687 0.835988 2 1.000000
1520616754.266214 -0.579024 0.103363 1.252187 -0.095862 -0.477119 0.159870 0.858842 2 1.000000
1520616754.316215 -0.591886 0.102063 1.268862 -0.096745 -0.432422 0.171706 0.879869 2 1.000000
1520616754.366217 -0.606676 0.106725 1.287556 -0.089533 -0.391907 0.184661 0.896824 2 1.000000
1520616754.466228 -0.626587 0.111510 1.327994 -0.067250 -0.316980 0.194761 0.925780 2 1.000000
1520616754.566223 -0.643206 0.118625 1.370461 -0.061902 -0.245143 0.199280 0.946763 2 1.000000
1520616754.665355 -0.649640 0.120196 1.409516 -0.063667 -0.178850 0.190805 0.963095 2 1.000000
1520616754.765358 -0.656581 0.122349 1.448416 -0.058768 -0.116075 0.179715 0.975077 2 1.000000
1520616754.865361 -0.659021 0.128464 1.495526 -0.046530 -0.050300 0.172254 0.982666 2 1.000000
1520616754.965364 -0.661656 0.134697 1.538217 -0.031063 0.010083 0.162831 0.986113 2 1.000000
1520616755.062586 -0.661421 0.134227 1.578947 -0.025532 0.062812 0.159925 0.984798 2 1.000000
1520616755.162590 -0.655331 0.130931 1.621359 -0.031598 0.120405 0.152750 0.980394 2 1.000000
1520616755.262593 -0.641670 0.129879 1.661543 -0.029220 0.183017 0.154065 0.970523 2 1.000000
1520616755.362595 -0.623298 0.130900 1.704341 -0.017240 0.240334 0.164122 0.956560 2 1.000000
1520616755.460412 -0.601456 0.140020 1.750495 -0.003739 0.289651 0.171969 0.941549 2 1.000000
1520616755.610417 -0.561365 0.146117 1.808967 0.005916 0.343220 0.183889 0.921059 2 1.000000
1520616755.760421 -0.509198 0.141253 1.856952 0.018029 0.399242 0.167331 0.901266 2 1.000000
1520616755.860425 -0.467545 0.143905 1.888992 0.021807 0.444807 0.158651 0.881193 2 1.000000
1520616755.959454 -0.425195 0.154818 1.914229 0.028452 0.488618 0.149604 0.859105 2 1.000000
1520616756.059457 -0.379721 0.161879 1.937900 0.029505 0.527895 0.137062 0.837658 2 1.000000
1520616756.159460 -0.335473 0.165550 1.955625 0.030284 0.570350 0.116877 0.812480 2 1.000000
1520616756.259463 -0.286600 0.162281 1.962262 0.025195 0.625534 0.094514 0.774041 2 1.000000
1520616756.359030 -0.243866 0.158693 1.966806 0.030858 0.669086 0.101269 0.735606 2 1.000000
1520616756.459033 -0.198520 0.159802 1.968098 0.048165 0.707704 0.108209 0.696510 2 1.000000
1520616756.559036 -0.146853 0.164830 1.965253 0.072776 0.737858 0.103998 0.662913 2 1.000000
1520616756.709248 -0.075328 0.168854 1.952121 0.081491 0.771641 0.104999 0.622017 2 1.000000
1520616756.809251 -0.032482 0.162464 1.935990 0.081549 0.798554 0.101038 0.587753 2 1.000000
1520616756.959255 0.031945 0.156671 1.898720 0.090109 0.836319 0.083965 0.534229 2 1.000000
1520616757.059259 0.074880 0.163107 1.868490 0.097786 0.869096 0.075126 0.479026 2 1.000000
1520616757.161740 0.113755 0.168054 1.831722 0.116545 0.898910 0.067264 0.416957 2 1.000000
1520616757.261743 0.143340 0.162721 1.794247 0.130057 0.927919 0.045966 0.346322 2 1.000000
1520616757.361746 0.164379 0.157293 1.751886 0.129975 0.955215 0.038301 0.263067 2 1.000000
1520616757.461749 0.175516 0.159523 1.707154 0.136250 0.972261 0.031919 0.187418 2 1.000000
1520616757.567495 0.183339 0.149432 1.664494 0.142071 0.982771 0.020940 0.116352 2 1.000000
1520616757.667497 0.191604 0.158069 1.616708 0.150958 0.986146 0.003976 0.068649 2 1.000000
1520616757.767558 0.194371 0.148839 1.570115 0.160566 0.986796 0.000329 0.021276 2 1.000000
1520616757.867502 0.185622 0.142812 1.527057 -0.161036 -0.986471 0.007567 0.029743 2 1.000000
1520616757.967064 0.171695 0.135600 1.485598 -0.169081 -0.981844 0.019153 0.083830 2 1.000000
1520616758.067067 0.154573 0.135400 1.442464 -0.173294 -0.970617 0.042391 0.161475 2 1.000000
1520616758.167070 0.130710 0.131480 1.404523 -0.173805 -0.953463 0.046133 0.242018 2 1.000000
1520616758.217072 0.112924 0.137815 1.384268 -0.168461 -0.942080 0.054640 0.284818 2 1.000000
1520616758.267074 0.095217 0.134269 1.367984 -0.162551 -0.926428 0.063524 0.333576 2 1.000000
1520616758.317075 0.075530 0.135677 1.354220 -0.156350 -0.908819 0.081364 0.378131 2 1.000000
1520616758.367632 0.055314 0.134550 1.345477 -0.144129 -0.887499 0.091902 0.427932 2 1.000000
1520616758.417634 0.033147 0.133821 1.337382 -0.139322 -0.864369 0.093503 0.474038 2 1.000000
1520616758.467635 -0.061945 0.128954 1.282687 -0.136106 -0.840826 0.079435 0.517858 2 1.000000
1520616758.567639 -0.044385 0.130266 1.303221 -0.153424 -0.804250 0.068116 0.570090 2 1.000000
1520616758.667641 -0.083796 0.138844 1.284404 -0.148981 -0.769912 0.071230 0.616414 2 1.000000
1520616758.817646 -0.159703 0.141642 1.275048 -0.169349 -0.733953 0.081279 0.652708 2 1.000000
1520616758.967651 -0.236048 0.129480 1.279810 -0.163595 -0.700915 0.085036 0.689002 2 1.000000
1520616759.067654 -0.284048 0.130899 1.299124 -0.146257 -0.669188 0.101342 0.721475 2 1.000000
1520616759.167657 -0.337295 0.134719 1.313049 -0.140483 -0.633336 0.109390 0.753116 2 1.000000
1520616759.267661 -0.401613 0.144070 1.338665 -0.139571 -0.591802 0.109268 0.786353 2 1.000000
1520616759.367663 -0.449076 0.149522 1.364227 -0.131511 -0.539311 0.107529 0.824794 2 1.000000
1520616759.467666 -0.491427 0.142931 1.399930 -0.121757 -0.479185 0.110709 0.862149 2 1.000000
1520616759.565589 -0.527768 0.135811 1.436443 -0.117487 -0.413059 0.116928 0.895493 2 1.000000
1520616759.665593 -0.558892 0.134063 1.476861 -0.114705 -0.348909 0.139454 0.919596 2 1.000000
1520616759.765596 -0.587442 0.144654 1.520741 -0.105559 -0.289973 0.153061 0.938800 2 1.000000
1520616759.865599 -0.610587 0.152792 1.563793 -0.099414 -0.243240 0.155704 0.952212 2 1.000000
1520616759.963820 -0.624472 0.152854 1.609440 -0.096596 -0.192163 0.143272 0.966031 2 1.000000
1520616760.063824 -0.630698 0.148876 1.655328 -0.092495 -0.128941 0.136028 0.977914 2 1.000000
1520616760.163826 -0.630383 0.149598 1.700995 -0.085763 -0.057263 0.130381 0.986086 2 1.000000
1520616760.263829 -0.625280 0.151514 1.747511 -0.066517 0.020909 0.139189 0.987808 2 1.000000
1520616760.363834 -0.615761 0.157694 1.791788 -0.047569 0.103395 0.159975 0.980538 2 1.000000
1520616760.462090 -0.597782 0.161712 1.832326 -0.025935 0.186109 0.170152 0.967336 2 1.000000
1520616760.512091 -0.584268 0.160859 1.849374 -0.013265 0.232098 0.167825 0.958013 2 1.000000
1520616760.562093 -0.569537 0.160079 1.865608 -0.008065 0.279202 0.165097 0.945899 2 1.000000
1520616760.662097 -0.535698 0.158583 1.889991 -0.012012 0.354804 0.169788 0.919316 2 1.000000
1520616760.762099 -0.497039 0.162249 1.910106 -0.000737 0.429242 0.168750 0.887285 2 1.000000
1520616760.859895 -0.455647 0.169409 1.925680 0.013955 0.488386 0.168414 0.856108 2 1.000000
1520616760.959898 -0.411311 0.174497 1.936952 0.020230 0.537068 0.171963 0.825577 2 1.000000
1520616761.059901 -0.365618 0.173056 1.943730 0.025898 0.573584 0.160751 0.802801 2 1.000000
1520616761.209288 -0.294491 0.169723 1.944354 0.020347 0.618274 0.147131 0.771800 2 1.000000
1520616761.309291 -0.242051 0.174923 1.941100 0.019207 0.656964 0.144263 0.739742 2 1.000000
1520616761.409294 -0.181735 0.184193 1.936912 0.037974 0.698410 0.135991 0.701633 2 1.000000
1520616761.509297 -0.125721 0.186991 1.920350 0.046564 0.742280 0.123289 0.657002 2 1.000000
1520616761.609657 -0.074318 0.182696 1.896040 0.046856 0.783134 0.111497 0.609979 2 1.000000
1520616761.709660 -0.025392 0.175346 1.862370 0.059799 0.828011 0.107553 0.547042 2 1.000000
1520616761.809663 0.020498 0.173491 1.823600 0.092819 0.867828 0.102150 0.477310 2 1.000000
1520616761.909667 0.068598 0.174438 1.780881 0.113481 0.899599 0.083289 0.413409 2 1.000000
1520616762.014317 0.107622 0.178578 1.733381 0.114909 0.925677 0.070195 0.353540 2 1.000000
1520616762.114320 0.133632 0.169701 1.687263 0.093798 0.949714 0.055629 0.293515 2 1.000000
1520616762.214324 0.158763 0.162260 1.639245 0.072278 0.963494 0.037723 0.255014 2 1.000000
1520616762.314326 0.181649 0.157821 1.594791 0.040260 0.971642 0.007993 0.232869 2 1.000000
1520616762.416154 0.213664 0.156304 1.552178 0.006065 0.973113 -0.010020 0.230030 2 1.000000
1520616762.566158 0.263337 0.148867 1.496180 -0.036982 0.963262 -0.009897 0.265821 2 1.000000
1520616762.666161 0.303431 0.143257 1.464395 -0.057119 0.947228 -0.005824 0.315378 2 1.000000
1520616762.766164 0.337985 0.151374 1.442793 -0.069498 0.924848 -0.007976 0.373849 2 1.000000
1520616762.864168 0.384267 0.147778 1.419996 -0.079884 0.893243 0.000383 0.442420 2 1.000000
1520616762.914170 0.402965 0.148102 1.412178 -0.082128 0.872955 0.010538 0.480722 2 1.000000
1520616763.014173 0.444991 0.163277 1.395408 -0.083505 0.836355 0.025054 0.541212 2 1.000000
1520616763.114176 0.490611 0.161478 1.372618 -0.089629 0.805654 0.032821 0.584646 2 1.000000
1520616763.214179 0.536104 0.159097 1.360567 -0.097094 0.770583 0.029669 0.629201 2 1.000000
1520616763.312401 0.585014 0.159831 1.347259 -0.095803 0.736692 0.040583 0.668176 2 1.000000
1520616763.412403 0.634557 0.169649 1.336823 -0.090662 0.722360 0.040790 0.684333 2 1.000000
1520616763.512407 0.690250 0.172073 1.319888 -0.081146 0.723116 0.044921 0.684471 2 1.000000
1520616763.612410 0.744509 0.171002 1.308385 -0.086224 0.740232 0.047818 0.665083 2 1.000000
1520616763.711421 0.800598 0.164827 1.296700 -0.080769 0.746881 0.053612 0.657853 2 1.000000
1520616763.811425 0.858651 0.155639 1.285121 -0.059234 0.753238 0.046196 0.653445 2 1.000000
1520616763.911427 0.921454 0.159836 1.278476 -0.037685 0.757253 0.042831 0.650626 2 1.000000
1520616764.011431 0.985292 0.169249 1.268577 -0.035148 0.752377 0.047579 0.656072 2 1.000000
1520616764.110732 1.042394 0.175378 1.265605 -0.032699 0.740593 0.058251 0.668626 2 1.000000
1520616764.210734 1.097874 0.168633 1.269078 -0.036619 0.722690 0.062506 0.687366 2 1.000000
1520616764.310744 1.153687 0.160863 1.272798 -0.040558 0.703760 0.061457 0.706611 2 1.000000
1520616764.410741 1.211319 0.161392 1.275766 -0.039873 0.691681 0.046490 0.719602 2 1.000000
1520616764.511074 1.270262 0.170410 1.280144 -0.031083 0.683318 0.033151 0.728705 2 1.000000
1520616764.611077 1.327128 0.176045 1.281937 -0.032615 0.688263 0.032021 0.724020 2 1.000000
1520616764.711080 1.385341 0.171385 1.281880 -0.035879 0.700435 0.049697 0.711079 2 1.000000
1520616764.811083 1.441478 0.165376 1.279549 -0.037132 0.723373 0.052181 0.687481 2 1.000000
1520616764.912137 1.499918 0.165842 1.275670 -0.026375 0.733389 0.060268 0.676618 2 1.000000
1520616765.012140 1.553119 0.175618 1.269479 -0.021544 0.735906 0.059314 0.674136 2 1.000000
1520616765.112143 1.617576 0.185476 1.267623 -0.022058 0.726819 0.066099 0.683286 2 1.000000
1520616765.212147 1.673078 0.185026 1.267291 -0.037449 0.714922 0.062826 0.695368 2 1.000000
1520616765.312943 1.727828 0.180482 1.266556 -0.054316 0.697371 0.069156 0.711295 2 1.000000
1520616765.412946 1.781139 0.180836 1.268090 -0.059395 0.684124 0.065705 0.723968 2 1.000000
1520616765.512949 1.842775 0.189113 1.270754 -0.061913 0.672382 0.057126 0.735395 2 1.000000
1520616765.612954 1.901526 0.197132 1.268220 -0.061367 0.672604 0.052616 0.735574 2 1.000000
1520616765.712479 1.960312 0.198304 1.263000 -0.069748 0.691448 0.059523 0.716584 2 1.000000
1520616765.812484 2.018515 0.192055 1.253636 -0.077056 0.711321 0.065489 0.695554 2 1.000000
1520616765.912485 2.074782 0.186714 1.243321 -0.069553 0.723831 0.072512 0.682623 2 1.000000
1520616766.012488 2.132004 0.190993 1.234983 -0.056208 0.734247 0.067251 0.673200 2 1.000000
1520616766.111555 2.189432 0.199357 1.227388 -0.046240 0.737206 0.061443 0.671278 2 1.000000
1520616766.211558 2.244409 0.200690 1.220888 -0.048824 0.732431 0.054878 0.676867 2 1.000000
1520616766.361563 2.318091 0.190079 1.218355 -0.064996 0.713634 0.052350 0.695529 2 1.000000
1520616766.461566 2.380341 0.190209 1.217215 -0.065866 0.697712 0.040061 0.712218 2 1.000000
1520616766.560797 2.437185 0.198112 1.216104 -0.065923 0.681125 0.025571 0.728745 2 1.000000
1520616766.660800 2.492008 0.204395 1.220775 -0.066868 0.672146 0.018155 0.737169 2 1.000000
1520616766.760803 2.548302 0.204022 1.226161 -0.070711 0.670663 0.024324 0.737983 2 1.000000
1520616766.860806 2.602521 0.199101 1.231616 -0.075851 0.673921 0.031196 0.734237 2 1.000000
1520616766.960778 2.662992 0.194069 1.234672 -0.066677 0.674612 0.037682 0.734188 2 1.000000
1520616767.060781 2.717280 0.196671 1.241424 -0.049538 0.663231 0.031744 0.746098 2 1.000000
1520616767.160784 2.773431 0.202928 1.248476 -0.040528 0.640816 0.025595 0.766197 2 1.000000
1520616767.260787 2.828409 0.205725 1.259670 -0.041065 0.608813 0.019836 0.792002 2 1.000000
1520616767.361925 2.882024 0.203454 1.274720 -0.051850 0.567608 0.021076 0.821394 2 1.000000
1520616767.461928 2.927577 0.200952 1.295799 -0.061650 0.523763 0.030554 0.849081 2 1.000000
1520616767.561930 2.970642 0.203710 1.317279 -0.063891 0.485016 0.017406 0.871995 2 1.000000
1520616767.661934 3.018081 0.213204 1.338627 -0.062674 0.442771 -0.002539 0.894438 2 1.000000
1520616767.762353 3.062138 0.217959 1.367944 -0.068775 0.404735 -0.012365 0.911760 2 1.000000
1520616767.912358 3.117804 0.213611 1.414758 -0.063407 0.346358 -0.020089 0.935742 2 1.000000
1520616768.012362 3.150170 0.210605 1.453801 -0.052465 0.291412 -0.024071 0.954854 2 1.000000
1520616768.112365 3.175814 0.219406 1.491727 -0.043947 0.221245 -0.016703 0.974084 2 1.000000
1520616768.210437 3.197363 0.232885 1.531056 -0.047623 0.159190 -0.010075 0.986047 2 1.000000
1520616768.310441 3.212806 0.238627 1.570685 -0.048679 0.102621 -0.001420 0.993528 2 1.000000
1520616768.410444 3.219943 0.239683 1.613248 -0.040728 0.030007 0.010976 0.998659 2 1.000000
1520616768.510447 3.217376 0.235438 1.652437 -0.046585 -0.039105 0.015812 0.998023 2 1.000000
1520616768.609716 3.216668 0.241949 1.694169 -0.046736 -0.092341 0.010512 0.994574 2 1.000000
1520616768.759721 3.213177 0.251532 1.757976 -0.043847 -0.145411 0.013713 0.988304 2 1.000000
1520616768.909724 3.205094 0.250538 1.823326 -0.037868 -0.163007 0.021091 0.985672 2 1.000000
1520616769.059627 3.188806 0.238061 1.882548 -0.012098 -0.182039 0.025313 0.982891 2 1.000000
1520616769.159634 3.173272 0.239458 1.920638 0.007905 -0.238161 0.019843 0.970991 2 1.000000
1520616769.259712 3.154504 0.247044 1.960877 0.015066 -0.296170 0.010878 0.954954 2 1.000000
1520616769.359636 3.128788 0.253297 1.992661 0.014402 -0.359198 0.004402 0.933140 2 1.000000
1520616769.459701 3.098325 0.252436 2.013873 0.013776 -0.436038 0.003268 0.899817 2 1.000000
1520616769.509702 3.082584 0.251628 2.020176 0.012709 -0.477702 0.005959 0.878410 2 1.000000
1520616769.609704 3.048329 0.251186 2.034139 0.004071 -0.547334 0.002516 0.836900 2 1.000000
1520616769.709707 3.011649 0.258093 2.043244 0.004227 -0.601346 0.002059 0.798975 2 1.000000
1520616769.810701 2.973703 0.265749 2.047565 0.006503 -0.643325 0.004382 0.765553 2 1.000000
1520616769.960706 2.912026 0.268001 2.050003 -0.009667 -0.681050 0.005556 0.732152 2 1.000000
1520616770.110711 2.853857 0.257988 2.045529 -0.010105 -0.708276 0.033405 0.705072 2 1.000000
1520616770.261906 2.793301 0.258191 2.038752 -0.018180 -0.731983 0.041430 0.679819 2 1.000000
1520616770.411911 2.725367 0.258372 2.034280 -0.022502 -0.731762 0.045025 0.679699 2 1.000000
1520616770.561915 2.658074 0.246506 2.036343 -0.027530 -0.709254 0.049458 0.702677 2 1.000000
1520616770.712812 2.592446 0.232734 2.042645 -0.015103 -0.671071 0.058763 0.738906 2 1.000000
1520616770.812815 2.548429 0.229261 2.054082 -0.010930 -0.630934 0.056531 0.773697 2 1.000000
1520616770.912921 2.503999 0.229743 2.069691 -0.016061 -0.571330 0.052174 0.818903 2 1.000000
1520616770.962820 2.481200 0.227433 2.081533 -0.020470 -0.533896 0.051633 0.843724 2 1.000000
1520616771.012595 2.461358 0.225250 2.093796 -0.023537 -0.493961 0.054482 0.867456 2 1.000000
1520616771.062597 2.443836 0.222375 2.108999 -0.022695 -0.450114 0.056668 0.890882 2 1.000000
1520616771.112598 2.429717 0.218281 2.126143 -0.019054 -0.400881 0.054400 0.914315 2 1.000000
1520616771.162600 2.417265 0.213915 2.145356 -0.017698 -0.348634 0.050940 0.935706 2 1.000000
1520616771.212601 2.408611 0.211001 2.164555 -0.021371 -0.298151 0.049380 0.953001 2 1.000000
1520616771.262603 2.398220 0.207418 2.185254 -0.029530 -0.243898 0.045990 0.968260 2 1.000000
1520616771.312604 2.392954 0.206108 2.205527 -0.033221 -0.189659 0.050726 0.979976 2 1.000000
1520616771.362606 2.391034 0.205995 2.226088 -0.030107 -0.138707 0.060090 0.988050 2 1.000000
1520616771.411128 2.389419 0.202643 2.247379 -0.024256 -0.089867 0.071397 0.993095 2 1.000000
1520616771.461130 2.390556 0.200610 2.269327 -0.008387 -0.042601 0.080978 0.995770 2 1.000000
1520616771.511132 2.395769 0.198073 2.290947 0.008122 0.008569 0.083504 0.996437 2 1.000000
1520616771.561133 2.401183 0.194324 2.310977 0.017979 0.063469 0.082799 0.994381 2 1.000000
1520616771.611135 2.405381 0.191705 2.334790 0.017178 0.117352 0.082223 0.989532 2 1.000000
1520616771.661136 2.415667 0.190472 2.352484 0.009394 0.172254 0.080978 0.981674 2 1.000000
1520616771.711138 2.430568 0.193313 2.367184 0.004626 0.224628 0.078469 0.971269 2 1.000000
1520616771.761139 2.443921 0.193570 2.383037 0.003489 0.279616 0.073782 0.957266 2 1.000000
1520616771.811141 2.461090 0.195222 2.393774 0.006382 0.336520 0.068126 0.939187 2 1.000000
1520616771.860009 2.478399 0.199356 2.401964 0.011799 0.389460 0.063605 0.918769 2 1.000000
1520616771.910011 2.496499 0.198294 2.409470 0.012160 0.442404 0.061384 0.894630 2 1.000000
1520616771.960012 2.514205 0.202146 2.411569 0.014609 0.492559 0.059811 0.868099 2 1.000000
1520616772.010014 2.532329 0.204664 2.412456 0.013326 0.539666 0.060130 0.839623 2 1.000000
1520616772.060015 2.552030 0.206716 2.409902 0.010599 0.582261 0.064384 0.810379 2 1.000000
1520616772.110017 2.569590 0.210138 2.405055 0.009714 0.619735 0.066664 0.781914 2 1.000000
1520616772.160018 2.587218 0.210218 2.398770 0.004514 0.654749 0.066200 0.752929 2 1.000000
1520616772.259750 2.623750 0.212200 2.382319 -0.000788 0.712715 0.066076 0.698334 2 1.000000
1520616772.359753 2.662139 0.218898 2.358970 0.003150 0.757399 0.067370 0.649459 2 1.000000
1520616772.459757 2.699422 0.223392 2.332019 -0.002285 0.788609 0.062312 0.611725 2 1.000000
1520616772.609761 2.754031 0.230205 2.294026 -0.024676 0.809665 0.038663 0.585097 2 1.000000
1520616772.759725 2.806961 0.234876 2.253073 -0.036823 0.832547 0.034629 0.551644 2 1.000000
1520616772.909729 2.863636 0.245284 2.208529 -0.033885 0.866761 0.040532 0.495918 2 1.000000
1520616773.009732 2.901973 0.252627 2.176754 -0.030722 0.889977 0.048367 0.452392 2 1.000000
1520616773.110007 2.939835 0.255239 2.143243 -0.019764 0.912091 0.046776 0.406830 2 1.000000
1520616773.210010 2.974205 0.251459 2.105892 -0.016664 0.932683 0.040070 0.358078 2 1.000000
1520616773.310014 3.003325 0.247067 2.067031 -0.016508 0.948935 0.047132 0.311493 2 1.000000
1520616773.410016 3.028776 0.246750 2.026710 -0.005420 0.961207 0.056311 0.269964 2 1.000000
1520616773.511806 3.055927 0.250294 1.982655 0.000874 0.970978 0.052054 0.233434 2 1.000000
1520616773.661811 3.091197 0.253575 1.917325 -0.005942 0.978404 0.053168 0.199661 2 1.000000
1520616773.811816 3.124607 0.247975 1.854190 -0.036315 0.982168 0.041332 0.179776 2 1.000000
1520616773.913093 3.151119 0.243894 1.811520 -0.048833 0.982433 0.025422 0.178309 2 1.000000
1520616774.063097 3.184916 0.250539 1.745948 -0.063818 0.982039 0.028453 0.175265 2 1.000000
1520616774.163101 3.207970 0.255658 1.699382 -0.076458 0.981303 0.025649 0.174759 2 1.000000
1520616774.312895 3.242672 0.245860 1.636356 -0.094710 0.978971 0.015043 0.180055 2 1.000000
1520616774.462900 3.275260 0.230860 1.576302 -0.091371 0.975872 0.018265 0.197461 2 1.000000
1520616774.612904 3.311597 0.235394 1.514997 -0.096678 0.964304 0.002183 0.246509 2 1.000000
1520616774.713840 3.342298 0.239416 1.479401 -0.097964 0.950524 -0.004739 0.294762 2 1.000000
1520616774.813843 3.375683 0.235314 1.450619 -0.105636 0.931307 0.001761 0.348577 2 1.000000
1520616774.913846 3.411064 0.234266 1.424531 -0.104650 0.908161 0.012320 0.405142 2 1.000000
1520616775.013849 3.453338 0.234623 1.402193 -0.083896 0.884272 0.012987 0.459190 2 1.000000
1520616775.116383 3.498077 0.237736 1.378410 -0.056985 0.863992 0.002215 0.500266 2 1.000000
1520616775.266387 3.561205 0.241183 1.344218 -0.041167 0.853125 0.019802 0.519703 2 1.000000
1520616775.416392 3.627230 0.233300 1.311132 -0.018551 0.857142 0.048931 0.512415 2 1.000000
1520616775.568128 3.690870 0.226949 1.273438 0.015565 0.870766 0.056985 0.488137 2 1.000000
1520616775.668128 3.732807 0.230728 1.243899 0.040553 0.879821 0.056576 0.470181 2 1.000000
1520616775.768131 3.772244 0.232051 1.211489 0.052774 0.889709 0.049429 0.450765 2 1.000000
1520616775.918136 3.821592 0.228299 1.163832 0.056557 0.906074 0.036339 0.417744 2 1.000000
1520616776.068141 3.871205 0.222214 1.109109 0.051693 0.926192 0.018477 0.373034 2 1.000000
1520616776.168144 3.899853 0.223610 1.071994 0.051961 0.941464 0.004629 0.333051 2 1.000000
1520616776.268147 3.924726 0.229280 1.030682 0.048241 0.955542 -0.008270 0.290763 2 1.000000
1520616776.418178 3.958518 0.229761 0.971994 0.029311 0.970732 -0.001322 0.238365 2 1.000000
1520616776.568182 3.990713 0.228926 0.914220 0.003673 0.978049 -0.000142 0.208342 2 1.000000
1520616776.718187 4.024433 0.229333 0.851491 -0.008081 0.974180 -0.007436 0.225504 2 1.000000
1520616776.817157 4.050347 0.230695 0.816685 -0.017484 0.963242 -0.011975 0.267798 2 1.000000
1520616776.917160 4.074713 0.228384 0.784533 -0.034289 0.945159 -0.008655 0.324692 2 1.000000
1520616777.017162 4.102040 0.223983 0.756901 -0.037174 0.921652 -0.007128 0.386167 2 1.000000
1520616777.117166 4.137294 0.216232 0.733943 -0.029039 0.895142 -0.010842 0.444703 2 1.000000
1520616777.216661 4.175788 0.217312 0.712031 -0.014321 0.873425 -0.014014 0.486547 2 1.000000
1520616777.366666 4.235132 0.218780 0.677600 0.020876 0.866961 -0.003141 0.497928 2 1.000000
1520616777.516670 4.285650 0.211066 0.647088 0.050238 0.882313 0.026210 0.467241 2 1.000000
1520616777.666921 4.337420 0.206897 0.608185 0.077592 0.899059 0.052566 0.427679 2 1.000000
1520616777.816925 4.387379 0.207661 0.562084 0.107931 0.912609 0.053889 0.390630 2 1.000000
1520616777.916929 4.417592 0.206080 0.527172 0.131568 0.925079 0.036768 0.354353 2 1.000000
1520616778.015328 4.440457 0.200114 0.488701 0.149164 0.940456 0.023218 0.304554 2 1.000000
1520616778.115331 4.456619 0.196442 0.450693 0.158223 0.956094 0.022333 0.245665 2 1.000000
1520616778.215334 4.472486 0.197612 0.406473 0.163234 0.969916 0.022403 0.179210 2 1.000000
1520616778.315337 4.477128 0.200295 0.362224 0.162284 0.980902 0.011471 0.106599 2 1.000000
1520616778.412360 4.478897 0.201458 0.322279 0.154276 0.987529 -0.007916 0.030359 2 1.000000
1520616778.512362 4.473319 0.199696 0.281543 -0.132010 -0.990244 0.022179 0.038715 2 1.000000
1520616778.612365 4.458545 0.196386 0.246798 -0.102233 -0.988591 0.032528 0.105726 2 1.000000
1520616778.712369 4.441713 0.193933 0.209655 -0.072210 -0.983489 0.043766 0.160062 2 1.000000
1520616778.810536 4.421988 0.193906 0.175102 -0.045677 -0.977329 0.049751 0.200667 2 1.000000
1520616778.960536 4.397062 0.192599 0.122018 -0.004107 -0.971816 0.074498 0.223623 2 1.000000
1520616779.110598 4.381811 0.185684 0.068140 0.034149 -0.974505 0.080864 0.206481 2 1.000000
1520616779.259791 4.374698 0.182801 0.014291 0.054235 -0.980116 0.063997 0.179823 2 1.000000
1520616779.409795 4.369334 0.186188 -0.043001 0.062530 -0.984656 0.053727 0.153805 2 1.000000
1520616779.559800 4.369186 0.186925 -0.102864 0.082617 -0.987781 0.054113 0.120556 2 1.000000
1520616779.709578 4.375698 0.177300 -0.164962 0.092223 -0.991682 0.043526 0.078529 2 1.000000
1520616779.859583 4.384949 0.170079 -0.226431 0.100206 -0.993447 0.035466 0.042009 2 1.000000
1520616779.959586 4.399439 0.168001 -0.268155 0.088311 -0.995549 0.032923 0.000147 2 1.000000
1520616780.060066 4.416469 0.169504 -0.307229 -0.077569 0.994406 -0.036396 0.061770 2 1.000000
1520616780.160069 4.440153 0.167734 -0.340319 -0.069824 0.986781 -0.048793 0.137868 2 1.000000
1520616780.260072 4.468982 0.161949 -0.366771 -0.053280 0.972603 -0.055925 0.219263 2 1.000000
1520616780.310074 4.485548 0.159711 -0.376643 -0.051237 0.961028 -0.059957 0.264963 2 1.000000
1520616780.360075 4.502326 0.158073 -0.382870 -0.050332 0.947517 -0.060798 0.309810 2 1.000000
1520616780.411785 4.517745 0.157174 -0.390633 -0.056306 0.929483 -0.063570 0.358957 2 1.000000
1520616780.461786 4.535312 0.158228 -0.394706 -0.064587 0.911172 -0.068972 0.401045 2 1.000000
1520616780.511789 4.552303 0.158832 -0.399449 -0.069119 0.889426 -0.073417 0.445818 2 1.000000
1520616780.561790 4.567988 0.160164 -0.405344 -0.067772 0.863708 -0.078984 0.493130 2 1.000000
1520616780.611791 4.584000 0.161030 -0.404597 -0.066851 0.836013 -0.085254 0.537907 2 1.000000
1520616780.661796 4.602479 0.161198 -0.405504 -0.063642 0.803832 -0.092234 0.584205 2 1.000000
1520616780.711794 4.614583 0.159560 -0.400644 -0.059176 0.764970 -0.096548 0.634033 2 1.000000
1520616780.761875 4.627641 0.159094 -0.392112 -0.053825 0.723940 -0.099576 0.680513 2 1.000000
1520616780.810660 4.640013 0.158410 -0.382558 -0.047626 0.682056 -0.103348 0.722392 2 1.000000
1520616780.860662 4.648668 0.159837 -0.370511 -0.041378 0.633795 -0.105399 0.765169 2 1.000000
1520616780.910663 4.655549 0.160409 -0.357160 -0.040475 0.580254 -0.104654 0.806669 2 1.000000
1520616780.960665 4.660233 0.163822 -0.342626 -0.036938 0.522370 -0.101714 0.845825 2 1.000000
1520616781.010667 4.662254 0.166935 -0.328923 -0.033352 0.459386 -0.093959 0.882623 2 1.000000
1520616781.060668 4.664318 0.170362 -0.310682 -0.030068 0.398097 -0.088775 0.912542 2 1.000000
1520616781.110671 4.662294 0.173301 -0.294414 -0.024911 0.333516 -0.084961 0.938578 2 1.000000
1520616781.160671 4.657071 0.175899 -0.280194 -0.018304 0.267686 -0.081101 0.959913 2 1.000000
1520616781.210673 4.648425 0.177693 -0.266747 -0.011126 0.202288 -0.073948 0.976467 2 1.000000
1520616781.261109 4.637494 0.177694 -0.253054 -0.005077 0.137177 -0.064164 0.988453 2 1.000000
1520616781.311111 4.626193 0.175858 -0.241866 0.000580 0.074241 -0.054381 0.995756 2 1.000000
1520616781.361112 4.613760 0.173979 -0.231727 0.005244 0.020943 -0.044304 0.998785 2 1.000000
1520616781.411114 4.596617 0.173867 -0.221827 0.009317 -0.025093 -0.033291 0.999087 2 1.000000
1520616781.511117 4.563095 0.173669 -0.199581 0.015346 -0.102405 -0.008047 0.994592 2 1.000000
1520616781.611120 4.531248 0.176487 -0.181067 0.010512 -0.163916 0.017062 0.986271 2 1.000000
1520616781.764540 4.481896 0.177871 -0.155276 -0.002472 -0.201059 0.055616 0.977996 2 1.000000
1520616781.914544 4.442380 0.174339 -0.123985 -0.007283 -0.198720 0.098012 0.975116 2 1.000000
1520616782.066580 4.410849 0.177999 -0.085000 -0.021203 -0.192978 0.121011 0.973481 2 1.000000
1520616782.216585 4.388064 0.185706 -0.038095 -0.048550 -0.144784 0.133685 0.979188 2 1.000000
1520616782.316588 4.378998 0.186334 -0.001377 -0.051070 -0.090328 0.144897 0.983991 2 1.000000
1520616782.416692 4.377973 0.183409 0.038957 -0.042088 -0.021110 0.135298 0.989685 2 1.000000
1520616782.517313 4.380908 0.181564 0.075572 -0.028258 0.049077 0.116835 0.991535 2 1.000000
1520616782.617316 4.388450 0.185218 0.113699 -0.012799 0.109629 0.102155 0.988626 2 1.000000
1520616782.717320 4.397876 0.189101 0.151309 -0.004340 0.163753 0.090890 0.982296 2 1.000000
1520616782.817323 4.406401 0.194277 0.188393 0.001365 0.212381 0.077695 0.974092 2 1.000000
1520616782.968400 4.424847 0.193286 0.241913 0.022198 0.262322 0.052115 0.963316 2 1.000000
1520616783.118405 4.450233 0.190954 0.292148 0.031068 0.276652 0.011451 0.960399 2 1.000000
1520616783.268410 4.470662 0.195305 0.343555 0.038043 0.237873 -0.042146 0.969635 2 1.000000
1520616783.368413 4.477365 0.195327 0.380038 0.052209 0.169007 -0.075075 0.981364 2 1.000000
1520616783.418414 4.476966 0.193044 0.398474 0.068326 0.122398 -0.091937 0.985849 2 1.000000
1520616783.468418 4.474281 0.187152 0.416044 0.089861 0.071637 -0.112360 0.987000 2 1.000000
1520616783.518419 4.468334 0.181456 0.431274 0.115166 0.014472 -0.125335 0.985301 2 1.000000
1520616783.568419 4.460270 0.175646 0.447140 0.137350 -0.048101 -0.133696 0.980279 2 1.000000
1520616783.618422 4.450416 0.170407 0.461325 0.153431 -0.107105 -0.136163 0.972855 2 1.000000
1520616783.668423 4.437273 0.168605 0.477397 0.165929 -0.162794 -0.132099 0.963595 2 1.000000
1520616783.718425 4.423758 0.167575 0.490310 0.172920 -0.212348 -0.127652 0.953264 2 1.000000
1520616783.768426 4.409686 0.168153 0.503325 0.178541 -0.254612 -0.122497 0.942492 2 1.000000
1520616783.868430 4.381694 0.169646 0.526656 0.183476 -0.328161 -0.109666 0.920119 2 1.000000
1520616783.968432 4.352480 0.170582 0.545401 0.184883 -0.376760 -0.087716 0.903425 2 1.000000
1520616784.068435 4.323029 0.169912 0.563117 0.176229 -0.424347 -0.054677 0.886501 2 1.000000
1520616784.168438 4.294908 0.170057 0.572987 0.161807 -0.477131 -0.029228 0.863314 2 1.000000
1520616784.268441 4.265885 0.173171 0.579194 0.137673 -0.536477 -0.000591 0.832609 2 1.000000
1520616784.368444 4.237450 0.178564 0.585656 0.105373 -0.578734 0.034190 0.807957 2 1.000000
1520616784.468447 4.202983 0.186253 0.597925 0.070493 -0.603021 0.082370 0.790324 2 1.000000
1520616784.568265 4.169519 0.186911 0.613828 0.050822 -0.594979 0.127695 0.791904 2 1.000000
1520616784.668269 4.140701 0.185320 0.634138 0.027799 -0.566422 0.167318 0.806472 2 1.000000
1520616784.768272 4.110708 0.181101 0.658309 0.015736 -0.518628 0.191319 0.833171 2 1.000000
1520616784.868275 4.081126 0.180022 0.687593 0.005705 -0.457217 0.211463 0.863830 2 1.000000
1520616784.968463 4.051575 0.184917 0.719990 -0.007822 -0.400215 0.219885 0.889616 2 1.000000
1520616785.068466 4.024917 0.188056 0.752450 -0.018685 -0.342508 0.225094 0.911961 2 1.000000
1520616785.168469 4.000899 0.190091 0.788316 -0.018856 -0.281358 0.227386 0.932083 2 1.000000
1520616785.268473 3.982257 0.189779 0.828140 -0.011054 -0.218430 0.220411 0.950571 2 1.000000
1520616785.368476 3.966402 0.192571 0.868887 -0.007499 -0.166424 0.217963 0.961634 2 1.000000
1520616785.468479 3.953610 0.198531 0.909494 -0.007563 -0.121161 0.220395 0.967827 2 1.000000
1520616785.618484 3.937935 0.210230 0.973292 0.006720 -0.062260 0.236101 0.969709 2 1.000000
1520616785.718487 3.935612 0.213182 1.017704 0.019146 -0.017803 0.231660 0.972446 2 1.000000
1520616785.868491 3.941269 0.213246 1.078369 0.023913 0.046470 0.238661 0.969696 2 1.000000
1520616785.968494 3.955296 0.217625 1.121131 0.031839 0.099484 0.230786 0.967382 2 1.000000
1520616786.068497 3.974972 0.221425 1.161612 0.044304 0.160046 0.229237 0.959100 2 1.000000
1520616786.168500 3.999477 0.228366 1.202930 0.063999 0.229403 0.225248 0.944744 2 1.000000
1520616786.268505 4.031632 0.233152 1.237399 0.081253 0.299001 0.216753 0.925751 2 1.000000
1520616786.368507 4.065829 0.236736 1.268253 0.078230 0.376016 0.200441 0.901286 2 1.000000
1520616786.468510 4.102753 0.241797 1.291540 0.071881 0.440037 0.193492 0.873935 2 1.000000
1520616786.568514 4.145220 0.252197 1.318007 0.075833 0.495556 0.183040 0.845677 2 1.000000
1520616786.668516 4.187856 0.261448 1.336293 0.079584 0.532947 0.178677 0.823231 2 1.000000
1520616786.818521 4.254354 0.267545 1.361735 0.073709 0.571369 0.162193 0.801123 2 1.000000
1520616786.967438 4.322593 0.264429 1.373103 0.054917 0.596445 0.140019 0.788437 2 1.000000
1520616787.117442 4.399542 0.274329 1.381664 0.047906 0.621640 0.094806 0.776067 2 1.000000
1520616787.267447 4.474058 0.283697 1.386898 0.048372 0.657786 0.072661 0.748130 2 1.000000
1520616787.415853 4.542958 0.281184 1.385492 0.029420 0.703100 0.060080 0.707937 2 1.000000
1520616787.515857 4.589234 0.278119 1.375830 0.027941 0.734822 0.046048 0.676118 2 1.000000
1520616787.615860 4.638085 0.279228 1.364357 0.031843 0.755531 0.024693 0.653872 2 1.000000
1520616787.715863 4.688906 0.284764 1.354367 0.027446 0.765404 0.016171 0.642761 2 1.000000
1520616787.864112 4.758632 0.282569 1.339838 0.004296 0.763696 0.022754 0.645160 2 1.000000
1520616787.964115 4.809085 0.280070 1.331403 -0.003739 0.758147 0.024349 0.651618 2 1.000000
1520616788.064118 4.861572 0.276249 1.323660 0.003903 0.748053 0.009156 0.663564 2 1.000000
1520616788.164121 4.914327 0.276309 1.316648 0.008449 0.739940 -0.017234 0.672399 2 1.000000
1520616788.312742 4.987804 0.279685 1.306766 0.007206 0.744699 -0.031511 0.666617 2 1.000000
1520616788.412744 5.039732 0.275750 1.300382 -0.003529 0.747634 -0.019932 0.663803 2 1.000000
1520616788.562749 5.114384 0.270149 1.291863 -0.011056 0.752617 -0.020219 0.658056 2 1.000000
1520616788.711559 5.190399 0.276070 1.281206 -0.010344 0.747141 -0.023604 0.664166 2 1.000000
1520616788.811563 5.241780 0.282048 1.276541 -0.017440 0.738419 -0.023850 0.673695 2 1.000000
1520616788.911565 5.298046 0.282167 1.271747 -0.025632 0.725983 -0.026047 0.686742 2 1.000000
1520616789.010904 5.351401 0.277803 1.270852 -0.038330 0.702109 -0.031830 0.710324 2 1.000000
1520616789.160908 5.418884 0.279147 1.274711 -0.052635 0.670416 -0.044234 0.738793 2 1.000000
1520616789.260911 5.470406 0.286339 1.277901 -0.055340 0.656537 -0.056114 0.750166 2 1.000000
1520616789.411003 5.540272 0.291404 1.282524 -0.061966 0.651792 -0.055753 0.753803 2 1.000000
1520616789.511006 5.589985 0.287967 1.287690 -0.069135 0.650398 -0.047890 0.754924 2 1.000000
1520616789.661011 5.657259 0.285092 1.294958 -0.070920 0.645320 -0.048853 0.759042 2 1.000000
1520616789.812220 5.730601 0.292120 1.304793 -0.063447 0.610445 -0.076128 0.785835 2 1.000000
1520616789.912224 5.777366 0.295454 1.316209 -0.058286 0.568867 -0.090962 0.815303 2 1.000000
1520616790.012228 5.819488 0.293864 1.332439 -0.061600 0.532134 -0.095366 0.839014 2 1.000000
1520616790.112230 5.849851 0.291825 1.352817 -0.074611 0.488403 -0.087260 0.865033 2 1.000000
1520616790.212307 5.888201 0.297014 1.376905 -0.081969 0.443688 -0.090272 0.887848 2 1.000000
1520616790.312309 5.926345 0.307210 1.403909 -0.078038 0.400913 -0.099675 0.907328 2 1.000000
1520616790.412313 5.961619 0.316846 1.431857 -0.080373 0.355979 -0.109947 0.924516 2 1.000000
1520616790.512316 5.988995 0.320368 1.461554 -0.079573 0.306847 -0.114495 0.941490 2 1.000000
1520616790.612378 6.006848 0.318352 1.496142 -0.073347 0.254275 -0.110765 0.957964 2 1.000000
1520616790.710992 6.024056 0.320710 1.531298 -0.065385 0.203323 -0.108784 0.970851 2 1.000000
1520616790.810994 6.039586 0.328010 1.570590 -0.060306 0.147458 -0.102932 0.981848 2 1.000000
1520616790.910997 6.050327 0.334008 1.602932 -0.065121 0.092744 -0.092533 0.989240 2 1.000000
1520616791.011001 6.058426 0.338017 1.639486 -0.056391 0.047799 -0.078489 0.994170 2 1.000000
1520616791.110412 6.062935 0.333870 1.674548 -0.042797 0.006882 -0.055002 0.997545 2 1.000000
1520616791.260417 6.061859 0.330519 1.723508 -0.022780 -0.048861 -0.039801 0.997752 2 1.000000
1520616791.410422 6.057447 0.335808 1.776994 -0.006633 -0.109032 -0.054109 0.992542 2 1.000000
1520616791.510060 6.050249 0.340275 1.812785 -0.004012 -0.154032 -0.069121 0.985637 2 1.000000
1520616791.610063 6.039511 0.340902 1.846164 -0.005642 -0.201591 -0.082100 0.976007 2 1.000000
1520616791.710066 6.020734 0.338506 1.876281 -0.006859 -0.252421 -0.085656 0.963795 2 1.000000
1520616791.810069 6.000000 0.337771 1.903396 0.001210 -0.307606 -0.079654 0.948173 2 1.000000
1520616791.910035 5.976779 0.343740 1.929548 0.015975 -0.372044 -0.070846 0.925370 2 1.000000
1520616792.010038 5.952599 0.349819 1.947426 0.018584 -0.439170 -0.066055 0.895780 2 1.000000
1520616792.110040 5.927208 0.352507 1.962572 0.017709 -0.501635 -0.062995 0.862601 2 1.000000
1520616792.210044 5.895468 0.352711 1.972831 0.009351 -0.565773 -0.055826 0.822616 2 1.000000
1520616792.310152 5.863485 0.351848 1.976606 0.003470 -0.626651 -0.048306 0.777794 2 1.000000
1520616792.410155 5.831444 0.357343 1.979933 0.002989 -0.673320 -0.039524 0.738288 2 1.000000
1520616792.560159 5.778336 0.364223 1.981247 -0.005017 -0.712611 -0.033344 0.700748 2 1.000000
1520616792.710271 5.721570 0.361288 1.981356 -0.023673 -0.714031 -0.016487 0.699520 2 1.000000
1520616792.860276 5.660894 0.350706 1.980855 -0.029591 -0.698308 0.024275 0.714773 2 1.000000
1520616793.010280 5.600897 0.345033 1.980143 -0.038214 -0.681038 0.066877 0.728186 2 1.000000
1520616793.160412 5.535156 0.343004 1.984250 -0.049999 -0.651612 0.105619 0.749497 2 1.000000
1520616793.310418 5.472953 0.334600 1.994067 -0.063542 -0.611810 0.128937 0.777834 2 1.000000
1520616793.460423 5.410891 0.330955 2.009668 -0.064355 -0.566382 0.135824 0.810322 2 1.000000
1520616793.560512 5.373993 0.331883 2.026457 -0.064294 -0.527566 0.145087 0.834560 2 1.000000
1520616793.660515 5.331613 0.333040 2.045786 -0.059581 -0.473045 0.161771 0.864007 2 1.000000
1520616793.760518 5.296676 0.332881 2.071558 -0.055601 -0.412894 0.175964 0.891888 2 1.000000
1520616793.860522 5.270494 0.331371 2.099636 -0.056223 -0.340863 0.173887 0.922179 2 1.000000
1520616793.960753 5.245516 0.329603 2.135089 -0.059798 -0.262296 0.171606 0.947722 2 1.000000
1520616794.060756 5.228673 0.330929 2.171660 -0.051256 -0.188315 0.177887 0.964503 2 1.000000
1520616794.160759 5.216429 0.333799 2.210147 -0.034184 -0.117030 0.189482 0.974285 2 1.000000
1520616794.260763 5.206497 0.332503 2.253026 -0.016877 -0.050168 0.199392 0.978489 2 1.000000
1520616794.360714 5.204273 0.331665 2.294118 -0.005826 0.020791 0.204305 0.978669 2 1.000000
1520616794.460717 5.209263 0.327914 2.331062 0.011363 0.089919 0.203232 0.974927 2 1.000000
1520616794.510718 5.210647 0.327509 2.353411 0.018628 0.131933 0.195153 0.971680 2 1.000000
1520616794.560720 5.216762 0.328146 2.370967 0.025054 0.176527 0.187719 0.965905 2 1.000000
1520616794.610721 5.223738 0.330743 2.387869 0.032702 0.221692 0.183632 0.957112 2 1.000000
1520616794.660723 5.232430 0.332617 2.402795 0.041548 0.267681 0.182240 0.945203 2 1.000000
1520616794.710424 5.244818 0.334358 2.414454 0.051214 0.315901 0.182541 0.929657 2 1.000000
1520616794.760426 5.254907 0.335625 2.426578 0.062057 0.366695 0.181578 0.910337 2 1.000000
1520616794.810427 5.262897 0.336996 2.443320 0.074755 0.415816 0.181594 0.887994 2 1.000000
1520616794.860428 5.274383 0.337024 2.452150 0.084191 0.464510 0.175858 0.863838 2 1.000000
1520616794.910430 5.286795 0.337257 2.456926 0.090637 0.511925 0.169353 0.837280 2 1.000000
1520616794.960432 5.298990 0.338166 2.459694 0.094652 0.557990 0.162712 0.808216 2 1.000000
1520616795.010434 5.312866 0.338991 2.461098 0.094668 0.602457 0.154847 0.777242 2 1.000000
1520616795.060436 5.326780 0.340792 2.460509 0.097278 0.643571 0.148786 0.744457 2 1.000000
1520616795.110436 5.338401 0.342222 2.456731 0.104546 0.679539 0.144518 0.711626 2 1.000000
1520616795.160325 5.354365 0.343970 2.452994 0.115720 0.710319 0.140238 0.679992 2 1.000000
1520616795.210326 5.366658 0.344393 2.447432 0.126660 0.739955 0.133789 0.646935 2 1.000000
1520616795.260328 5.379213 0.346862 2.440401 0.134575 0.768676 0.124101 0.612883 2 1.000000
1520616795.360331 5.399039 0.347876 2.420642 0.142776 0.816496 0.104577 0.549557 2 1.000000
1520616795.460334 5.415974 0.350434 2.396658 0.135920 0.859152 0.077999 0.487134 2 1.000000
1520616795.560232 5.426906 0.352065 2.368389 0.129028 0.895658 0.064231 0.420740 2 1.000000
1520616795.660235 5.437233 0.354050 2.338193 0.110920 0.929777 0.037513 0.349005 2 1.000000
1520616795.760238 5.437359 0.351683 2.303144 0.095761 0.952235 0.014113 0.289619 2 1.000000
1520616795.860242 5.437539 0.349126 2.270511 0.074447 0.968495 -0.021924 0.236633 2 1.000000
1520616795.960321 5.434944 0.344913 2.236904 0.049836 0.975736 -0.059499 0.204732 2 1.000000
1520616796.110325 5.436236 0.340044 2.186920 0.005919 0.971977 -0.099731 0.212789 2 1.000000
1520616796.210329 5.440359 0.340548 2.154007 -0.040081 0.962077 -0.107311 0.247560 2 1.000000
1520616796.310332 5.449550 0.341174 2.127285 -0.082060 0.940751 -0.109084 0.310411 2 1.000000
1520616796.410357 5.464805 0.341777 2.102881 -0.127255 0.909591 -0.109245 0.380153 2 1.000000
1520616796.460358 5.474123 0.341634 2.093764 -0.147737 0.890059 -0.106880 0.417785 2 1.000000
1520616796.510360 5.484820 0.341492 2.086190 -0.162585 0.869642 -0.104730 0.454225 2 1.000000
1520616796.560362 5.496965 0.341132 2.078472 -0.171062 0.847736 -0.103937 0.491201 2 1.000000
1520616796.660365 5.526050 0.346892 2.070138 -0.168543 0.809786 -0.099883 0.553048 2 1.000000
1520616796.760538 5.558584 0.352920 2.063860 -0.151255 0.777292 -0.084967 0.604748 2 1.000000
1520616796.860541 5.592068 0.359212 2.066687 -0.126743 0.754251 -0.064890 0.640961 2 1.000000
1520616796.960544 5.629754 0.357686 2.066316 -0.093929 0.743106 -0.046743 0.660898 2 1.000000
1520616797.060547 5.667834 0.351228 2.064893 -0.044589 0.743732 -0.030982 0.666270 2 1.000000
1520616797.160543 5.706656 0.348881 2.063523 0.010519 0.751332 -0.015840 0.659651 2 1.000000
1520616797.260546 5.748904 0.347309 2.053117 0.054198 0.762268 0.005234 0.644967 2 1.000000
1520616797.360549 5.789935 0.346673 2.036319 0.087815 0.780053 0.017177 0.619282 2 1.000000
1520616797.460553 5.829549 0.341286 2.010988 0.112230 0.808248 0.024523 0.577528 2 1.000000
1520616797.560556 5.868572 0.334896 1.984201 0.127961 0.844105 0.025158 0.520077 2 1.000000
1520616797.660665 5.901453 0.329634 1.950473 0.138506 0.876726 0.025659 0.459901 2 1.000000
1520616797.760667 5.931078 0.332112 1.911756 0.143512 0.911339 0.018154 0.385403 2 1.000000
1520616797.860671 5.957820 0.337345 1.870297 0.142468 0.940881 0.007984 0.307216 2 1.000000
1520616797.910672 5.970024 0.338958 1.849037 0.136585 0.955159 -0.000754 0.262709 2 1.000000
1520616797.960674 5.977731 0.338829 1.829875 0.128173 0.966819 -0.011139 0.220699 2 1.000000
1520616798.012466 5.984717 0.337351 1.807970 0.115498 0.976287 -0.022553 0.181703 2 1.000000
1520616798.112469 5.997522 0.334759 1.766139 0.087525 0.989025 -0.034952 0.113785 2 1.000000
1520616798.212473 6.007046 0.332497 1.726475 0.061188 0.995279 -0.037759 0.065193 2 1.000000
1520616798.362478 6.024484 0.332969 1.666934 0.018537 0.997130 -0.060054 0.042200 2 1.000000
1520616798.512923 6.052339 0.330223 1.605090 -0.034675 0.991969 -0.084052 0.087923 2 1.000000
1520616798.612926 6.077761 0.321211 1.571362 -0.071387 0.983321 -0.094663 0.137924 2 1.000000
1520616798.712929 6.109207 0.318114 1.538048 -0.094442 0.968653 -0.104491 0.204629 2 1.000000
1520616798.812695 6.144301 0.321195 1.507364 -0.117246 0.946869 -0.110432 0.278383 2 1.000000
1520616798.912681 6.182927 0.325525 1.477453 -0.127221 0.921744 -0.104155 0.351218 2 1.000000
1520616799.012684 6.227477 0.327804 1.451529 -0.116149 0.892170 -0.102674 0.424264 2 1.000000
1520616799.112687 6.272889 0.326014 1.429916 -0.077406 0.863978 -0.106994 0.485904 2 1.000000
1520616799.213304 6.315432 0.323010 1.414244 -0.032520 0.836385 -0.099678 0.538021 2 1.000000
1520616799.313307 6.358337 0.322304 1.403861 0.015097 0.814825 -0.073674 0.574809 2 1.000000
1520616799.413310 6.401035 0.327449 1.388257 0.068339 0.808090 -0.051926 0.582773 2 1.000000
1520616799.513314 6.445594 0.327420 1.367761 0.117945 0.807255 -0.038839 0.576993 2 1.000000
1520616799.613317 6.487390 0.322142 1.345179 0.162719 0.810295 -0.030117 0.562171 2 1.000000
1520616799.761993 6.544605 0.303011 1.310041 0.212973 0.824453 -0.015259 0.524106 2 1.000000
1520616799.861997 6.581491 0.292752 1.279017 0.227878 0.844716 -0.010654 0.484162 2 1.000000
1520616799.961999 6.617103 0.291697 1.244466 0.237459 0.867634 -0.011552 0.436682 2 1.000000
1520616800.061088 6.652472 0.291338 1.208168 0.244585 0.890680 -0.014352 0.382964 2 1.000000
1520616800.161091 6.681595 0.290689 1.169369 0.242970 0.912856 -0.019279 0.327547 2 1.000000
1520616800.261095 6.703470 0.290010 1.133446 0.236878 0.934587 -0.017135 0.264844 2 1.000000
1520616800.361097 6.721255 0.292156 1.097078 0.220403 0.954127 -0.007441 0.202508 2 1.000000
1520616800.460902 6.734110 0.295930 1.061619 0.202939 0.966751 -0.000575 0.155587 2 1.000000
1520616800.560865 6.745580 0.302569 1.022834 0.171323 0.977597 -0.007347 0.122060 2 1.000000
1520616800.660869 6.764075 0.305448 0.978072 0.131264 0.985160 -0.030856 0.106198 2 1.000000
1520616800.760872 6.776808 0.303449 0.939842 0.073848 0.990555 -0.049642 0.104321 2 1.000000
1520616800.860626 6.785702 0.302389 0.908222 0.018729 0.991461 -0.056404 0.116069 2 1.000000
1520616800.960629 6.796866 0.301042 0.872660 -0.034867 0.989469 -0.062805 0.125665 2 1.000000
1520616801.060632 6.812115 0.298559 0.831388 -0.076052 0.984206 -0.071218 0.143115 2 1.000000
1520616801.210637 6.845089 0.289570 0.774289 -0.121722 0.971267 -0.091638 0.182831 2 1.000000
1520616801.310344 6.872653 0.282775 0.743263 -0.135989 0.957999 -0.109897 0.227304 2 1.000000
1520616801.410347 6.905829 0.271981 0.718502 -0.139413 0.942678 -0.118715 0.278978 2 1.000000
1520616801.510350 6.941881 0.270778 0.695961 -0.136304 0.923056 -0.116486 0.340323 2 1.000000
1520616801.610354 6.982353 0.276650 0.676494 -0.122752 0.899821 -0.100296 0.406441 2 1.000000
1520616801.710319 7.021455 0.285928 0.662224 -0.095115 0.873116 -0.079146 0.471548 2 1.000000
1520616801.810323 7.065384 0.290582 0.651818 -0.063186 0.846239 -0.066221 0.524882 2 1.000000
1520616801.910326 7.103497 0.288634 0.648076 -0.027522 0.814864 -0.052357 0.576627 2 1.000000
1520616802.010328 7.145254 0.290343 0.646546 -0.012217 0.784644 -0.029280 0.619134 2 1.000000
1520616802.160471 7.203779 0.287699 0.645005 0.008292 0.761236 -0.002876 0.648415 2 1.000000
1520616802.310476 7.264063 0.281877 0.642663 0.060754 0.767604 -0.008983 0.637975 2 1.000000
1520616802.460481 7.320837 0.273858 0.636641 0.086366 0.781752 0.019957 0.617257 2 1.000000
1520616802.560610 7.359194 0.269476 0.627095 0.097731 0.801758 0.052509 0.587261 2 1.000000
1520616802.660613 7.397419 0.266101 0.614089 0.125509 0.819723 0.070851 0.554330 2 1.000000
1520616802.760616 7.434275 0.262581 0.595226 0.162238 0.834750 0.077339 0.520472 2 1.000000
1520616802.860619 7.469736 0.259765 0.574810 0.195999 0.851610 0.078904 0.479708 2 1.000000
1520616802.961120 7.505068 0.257242 0.546257 0.217388 0.870406 0.084375 0.433609 2 1.000000
1520616803.061124 7.534908 0.253424 0.515330 0.233040 0.890284 0.085380 0.381834 2 1.000000
1520616803.161127 7.559253 0.250348 0.482059 0.247832 0.909412 0.075871 0.325258 2 1.000000
1520616803.261130 7.582254 0.250541 0.442798 0.257327 0.928930 0.061425 0.259034 2 1.000000
1520616803.361527 7.599171 0.250924 0.405491 0.266172 0.942292 0.041042 0.198883 2 1.000000
1520616803.461529 7.613240 0.250236 0.366725 0.267840 0.954399 0.009370 0.131513 2 1.000000
1520616803.561533 7.625728 0.245250 0.325765 0.269297 0.960832 -0.010615 0.064558 2 1.000000
1520616803.661536 7.625988 0.243002 0.291721 -0.271825 -0.962033 0.022408 0.010094 2 1.000000
1520616803.760961 7.626890 0.241804 0.253216 -0.282354 -0.954608 0.033035 0.088928 2 1.000000
1520616803.860877 7.616354 0.243317 0.215866 -0.291654 -0.941633 0.052383 0.159756 2 1.000000
1520616803.960880 7.607292 0.243373 0.183919 -0.292931 -0.923620 0.073808 0.235946 2 1.000000
1520616804.010881 7.597999 0.244427 0.168232 -0.291494 -0.911311 0.081172 0.279203 2 1.000000
1520616804.060883 7.587874 0.244150 0.157306 -0.291495 -0.896834 0.085568 0.321555 2 1.000000
1520616804.110661 7.574356 0.246330 0.146001 -0.293106 -0.879725 0.092057 0.362903 2 1.000000
1520616804.160663 7.562654 0.246807 0.138545 -0.293161 -0.858273 0.098755 0.409476 2 1.000000
1520616804.210664 7.547908 0.247377 0.133402 -0.290380 -0.833324 0.106943 0.458054 2 1.000000
1520616804.260666 7.533807 0.247991 0.130575 -0.285446 -0.803291 0.117383 0.509378 2 1.000000
1520616804.310668 7.520033 0.249459 0.123897 -0.277234 -0.770387 0.131295 0.558934 2 1.000000
1520616804.360669 7.505167 0.251276 0.125326 -0.265943 -0.735508 0.145543 0.605904 2 1.000000
1520616804.410671 7.492229 0.252974 0.129017 -0.252424 -0.697012 0.158618 0.652147 2 1.000000
1520616804.460673 7.479434 0.254024 0.136664 -0.241796 -0.655480 0.171687 0.694554 2 1.000000
1520616804.510674 7.469366 0.255015 0.145437 -0.232495 -0.611897 0.184217 0.733207 2 1.000000
1520616804.560965 7.460283 0.256423 0.155246 -0.222363 -0.562914 0.192453 0.772428 2 1.000000
1520616804.610967 7.454312 0.262122 0.170188 -0.217690 -0.515159 0.200725 0.804321 2 1.000000
1520616804.660969 7.449337 0.263596 0.183555 -0.215964 -0.468271 0.206534 0.831520 2 1.000000
1520616804.710970 7.446584 0.267881 0.198506 -0.212837 -0.422064 0.207785 0.856381 2 1.000000
1520616804.760972 7.444012 0.271379 0.213395 -0.204793 -0.378976 0.203216 0.879284 2 1.000000
1520616804.860975 7.442933 0.279043 0.250597 -0.183770 -0.312601 0.189170 0.912537 2 1.000000
1520616804.961273 7.447684 0.285516 0.292434 -0.154662 -0.262227 0.161337 0.938769 2 1.000000
1520616805.061275 7.451226 0.296501 0.328188 -0.122757 -0.222682 0.129366 0.958441 2 1.000000
1520616805.161279 7.456860 0.302536 0.366855 -0.085353 -0.201259 0.092567 0.971412 2 1.000000
1520616805.261281 7.457498 0.304124 0.404339 -0.046785 -0.195612 0.051226 0.978224 2 1.000000
1520616805.361481 7.451795 0.303591 0.437315 -0.008315 -0.209970 0.016689 0.977530 2 1.000000
1520616805.461484 7.440478 0.304733 0.468607 0.024675 -0.238470 -0.021017 0.970609 2 1.000000
1520616805.561486 7.421393 0.300489 0.496016 0.058698 -0.283028 -0.060564 0.955396 2 1.000000
1520616805.661490 7.397296 0.295164 0.517885 0.089590 -0.347663 -0.097052 0.928270 2 1.000000
1520616805.711491 7.384965 0.290969 0.527248 0.103990 -0.383913 -0.111073 0.910747 2 1.000000
1520616805.811117 7.355141 0.283243 0.535046 0.114507 -0.457006 -0.108185 0.875403 2 1.000000
1520616805.861119 7.338168 0.283383 0.538243 0.112724 -0.498727 -0.093562 0.854290 2 1.000000
1520616805.911121 7.323420 0.280471 0.538117 0.102756 -0.541480 -0.075288 0.831007 2 1.000000
1520616805.961122 7.307734 0.282653 0.536673 0.089697 -0.580722 -0.053088 0.807402 2 1.000000
1520616806.011124 7.290992 0.284115 0.536562 0.071143 -0.619348 -0.026746 0.781429 2 1.000000
1520616806.061125 7.275910 0.286960 0.535579 0.053999 -0.651057 -0.000782 0.757105 2 1.000000
1520616806.111127 7.260709 0.285618 0.534668 0.035235 -0.675878 0.021515 0.735856 2 1.000000
1520616806.210845 7.228932 0.287023 0.534847 -0.006108 -0.713233 0.070623 0.697333 2 1.000000
1520616806.310848 7.199401 0.284686 0.533009 -0.043477 -0.738844 0.112325 0.663025 2 1.000000
1520616806.410852 7.166701 0.279346 0.535911 -0.081180 -0.738372 0.148853 0.652733 2 1.000000
1520616806.510855 7.129399 0.276719 0.540772 -0.121505 -0.716871 0.184946 0.661156 2 1.000000
1520616806.610829 7.090169 0.278082 0.551234 -0.146298 -0.677644 0.211262 0.689031 2 1.000000
1520616806.710832 7.051253 0.276700 0.567377 -0.161180 -0.620866 0.230523 0.731714 2 1.000000
1520616806.810835 7.016761 0.274602 0.588030 -0.177747 -0.558703 0.251061 0.770211 2 1.000000
1520616806.910838 6.983528 0.273755 0.618518 -0.187309 -0.488071 0.261277 0.811441 2 1.000000
1520616807.011441 6.948858 0.279203 0.653415 -0.177241 -0.418225 0.269497 0.849144 2 1.000000
1520616807.111439 6.916374 0.285837 0.688872 -0.158640 -0.353045 0.266996 0.882556 2 1.000000
1520616807.211442 6.886552 0.288533 0.725547 -0.142905 -0.294301 0.258254 0.908994 2 1.000000
1520616807.311445 6.859598 0.289468 0.765849 -0.121580 -0.236764 0.230670 0.935923 2 1.000000
1520616807.413039 6.837171 0.288445 0.804844 -0.086761 -0.188002 0.206627 0.956260 2 1.000000
1520616807.513043 6.819517 0.292964 0.844142 -0.059300 -0.143589 0.185302 0.970324 2 1.000000
1520616807.613046 6.803320 0.294434 0.881120 -0.050275 -0.091336 0.176826 0.978705 2 1.000000
1520616807.713049 6.790738 0.295083 0.921974 -0.041326 -0.028757 0.188003 0.980877 2 1.000000
1520616807.811883 6.791136 0.293514 0.961618 -0.031338 0.035568 0.180941 0.982351 2 1.000000
1520616807.911886 6.791440 0.306801 1.005360 -0.020991 0.096532 0.176336 0.979360 2 1.000000
1520616808.011889 6.801311 0.303751 1.043638 -0.024707 0.160945 0.173843 0.971218 2 1.000000
1520616808.111893 6.813549 0.313227 1.087056 0.000425 0.222660 0.181269 0.957896 2 1.000000
1520616808.211581 6.830232 0.320741 1.128448 0.024334 0.273385 0.191718 0.942291 2 1.000000
1520616808.311583 6.851578 0.321604 1.165750 0.026391 0.323526 0.199766 0.924515 2 1.000000
1520616808.411588 6.876106 0.322684 1.200292 0.025576 0.365270 0.205186 0.907647 2 1.000000
1520616808.511589 6.907852 0.323510 1.230880 0.033956 0.407765 0.207092 0.888643 2 1.000000
1520616808.612309 6.945107 0.328102 1.262595 0.048984 0.458895 0.200200 0.864255 2 1.000000
1520616808.712312 6.987311 0.335990 1.288795 0.058854 0.509357 0.191525 0.836905 2 1.000000
1520616808.812315 7.032307 0.340570 1.309250 0.067280 0.555181 0.164696 0.812479 2 1.000000
1520616808.912318 7.078094 0.341619 1.320438 0.056914 0.603025 0.126841 0.785514 2 1.000000
1520616809.012321 7.125216 0.342875 1.324744 0.047407 0.648425 0.107669 0.752134 2 1.000000
1520616809.115273 7.171684 0.348351 1.327208 0.053444 0.685991 0.097544 0.719058 2 1.000000
1520616809.265277 7.244066 0.357484 1.326182 0.069210 0.716810 0.069053 0.690380 2 1.000000
1520616809.415282 7.310312 0.356628 1.327420 0.043144 0.729914 0.067920 0.678786 2 1.000000
1520616809.568607 7.380853 0.357176 1.330714 0.031744 0.729661 0.050015 0.681238 2 1.000000
1520616809.718612 7.453089 0.363598 1.330898 0.036947 0.731794 0.014628 0.680366 2 1.000000
1520616809.869241 7.528439 0.362734 1.328525 0.018994 0.748323 -0.001690 0.663060 2 1.000000
1520616810.019246 7.595523 0.355196 1.326194 0.003877 0.759482 -0.002199 0.650513 2 1.000000
1520616810.169250 7.671096 0.355806 1.322506 0.013807 0.765084 -0.004764 0.643765 2 1.000000
1520616810.319278 7.746649 0.362680 1.322748 0.030624 0.757984 0.001631 0.651552 2 1.000000
1520616810.469260 7.819839 0.359676 1.326557 0.026110 0.750728 0.006789 0.660060 2 1.000000
1520616810.619265 7.884270 0.358572 1.330601 0.016152 0.738545 0.018743 0.673750 2 1.000000
1520616810.769269 7.953582 0.369155 1.333806 0.017669 0.735446 0.015200 0.677182 2 1.000000
1520616810.919275 8.025561 0.370864 1.335144 0.012544 0.742064 0.011442 0.670114 2 1.000000
1520616811.069279 8.087072 0.366532 1.333947 -0.017967 0.747049 0.010427 0.664445 2 1.000000
1520616811.219283 8.154972 0.369368 1.334094 -0.024587 0.737614 -0.018370 0.674524 2 1.000000
1520616811.369288 8.229872 0.372118 1.339141 -0.020140 0.711362 -0.061674 0.699825 2 1.000000
1520616811.519294 8.294114 0.366746 1.349154 -0.045431 0.678390 -0.092109 0.727488 2 1.000000
1520616811.619297 8.338401 0.363456 1.360584 -0.055411 0.648704 -0.114636 0.750314 2 1.000000
1520616811.719299 8.381454 0.362958 1.373319 -0.062533 0.616724 -0.139716 0.772153 2 1.000000
1520616811.819302 8.431252 0.364820 1.391517 -0.067418 0.588616 -0.163482 0.788834 2 1.000000
1520616811.968276 8.502419 0.362130 1.421432 -0.062832 0.543942 -0.195343 0.813646 2 1.000000
1520616812.068237 8.541882 0.356818 1.446570 -0.064912 0.507787 -0.215123 0.831661 2 1.000000
1520616812.168240 8.581468 0.354303 1.473185 -0.066135 0.468619 -0.230189 0.850315 2 1.000000
1520616812.268243 8.614065 0.358342 1.503887 -0.060572 0.420648 -0.239359 0.872980 2 1.000000
1520616812.367204 8.645275 0.364401 1.535546 -0.047813 0.374655 -0.241755 0.893813 2 1.000000
1520616812.467207 8.677475 0.368367 1.571771 -0.029955 0.331094 -0.242149 0.911506 2 1.000000
1520616812.567210 8.699215 0.368551 1.607445 -0.021772 0.280888 -0.232916 0.930795 2 1.000000
1520616812.667214 8.716660 0.376572 1.646547 -0.036151 0.231751 -0.226319 0.945391 2 1.000000
1520616812.765498 8.732146 0.386451 1.683989 -0.050074 0.185512 -0.227518 0.954627 2 1.000000
1520616812.865501 8.746595 0.397614 1.725453 -0.050657 0.136057 -0.223160 0.963910 2 1.000000
1520616812.965504 8.753450 0.407422 1.766177 -0.044868 0.089691 -0.209843 0.972578 2 1.000000
1520616813.065508 8.752892 0.416920 1.808861 -0.044625 0.044011 -0.173317 0.982870 2 1.000000
1520616813.162669 8.748001 0.425002 1.851575 -0.036947 0.003767 -0.128201 0.991053 2 1.000000
1520616813.262672 8.738478 0.431427 1.888574 -0.032312 -0.032736 -0.075609 0.996076 2 1.000000
1520616813.362675 8.726927 0.440168 1.928941 -0.033684 -0.064723 -0.027622 0.996952 2 1.000000
1520616813.462678 8.709170 0.447260 1.969947 -0.048199 -0.083022 0.019314 0.995194 2 1.000000
1520616813.561427 8.693748 0.448967 2.011518 -0.074855 -0.096494 0.067501 0.990217 2 1.000000
1520616813.711431 8.667987 0.441392 2.062307 -0.107625 -0.115292 0.109537 0.981390 2 1.000000
1520616813.861436 8.643098 0.429281 2.116964 -0.119921 -0.119161 0.138230 0.975865 2 1.000000
1520616814.011331 8.618322 0.411212 2.179540 -0.088063 -0.130945 0.161081 0.974244 2 1.000000
1520616814.111334 8.603816 0.389819 2.224397 -0.047511 -0.138362 0.171093 0.974334 2 1.000000
1520616814.211337 8.598065 0.365411 2.268044 -0.007790 -0.142974 0.179988 0.973192 2 1.000000
1520616814.361091 8.591806 0.337586 2.328960 0.013843 -0.153325 0.194900 0.968666 2 1.000000
1520616814.511095 8.598963 0.323895 2.392407 0.025294 -0.184357 0.194647 0.963060 2 1.000000
1520616814.661101 8.612040 0.321830 2.457482 0.056052 -0.214359 0.159605 0.961995 2 1.000000
1520616814.810956 8.626925 0.331307 2.520227 0.062274 -0.224564 0.118469 0.965224 2 1.000000
1520616814.960960 8.638096 0.354751 2.580462 0.048589 -0.229510 0.070148 0.969558 2 1.000000
1520616815.110965 8.641520 0.389609 2.639298 0.040375 -0.228216 0.043501 0.971800 2 1.000000
1520616815.261026 8.631515 0.420033 2.694849 0.021505 -0.216963 0.027723 0.975549 2 1.000000
1520616815.410946 8.602575 0.450534 2.737811 -0.021192 -0.240764 0.028546 0.969932 2 1.000000
1520616815.560867 8.559840 0.478543 2.771551 -0.051081 -0.294759 0.017168 0.954051 2 1.000000
1520616815.660870 8.523697 0.492295 2.787783 -0.064940 -0.341801 0.012604 0.937441 2 1.000000
1520616815.760874 8.483389 0.493783 2.797261 -0.062919 -0.393153 0.010968 0.917252 2 1.000000
1520616815.860877 8.448459 0.482797 2.794317 -0.059172 -0.455786 0.021268 0.887866 2 1.000000
1520616815.960880 8.414123 0.464938 2.790868 -0.058235 -0.520004 0.038806 0.851293 2 1.000000
1520616816.061797 8.383313 0.446143 2.784638 -0.076035 -0.574477 0.044996 0.813739 2 1.000000
1520616816.161800 8.353218 0.431674 2.782604 -0.083170 -0.624135 0.037651 0.775965 2 1.000000
1520616816.261803 8.323075 0.413391 2.784241 -0.054264 -0.670129 0.040078 0.739173 2 1.000000
1520616816.361807 8.294600 0.394146 2.792609 -0.013124 -0.713403 0.061355 0.697939 2 1.000000
1520616816.462323 8.269424 0.380366 2.799636 0.020211 -0.748225 0.078398 0.658487 2 1.000000
1520616816.562325 8.244751 0.374167 2.806100 0.037564 -0.781119 0.076234 0.618572 2 1.000000
1520616816.662329 8.219284 0.379602 2.809342 0.048781 -0.807913 0.060871 0.584117 2 1.000000
1520616816.762332 8.192702 0.391573 2.807155 0.059023 -0.832249 0.046173 0.549313 2 1.000000
1520616816.862092 8.166709 0.407261 2.794753 0.068853 -0.857794 0.041885 0.507635 2 1.000000
1520616816.962095 8.144407 0.422810 2.773540 0.073605 -0.881700 0.047271 0.463630 2 1.000000
1520616817.062098 8.129867 0.438128 2.745523 0.072681 -0.908846 0.039220 0.408874 2 1.000000
1520616817.162101 8.122408 0.456499 2.709987 0.062207 -0.933363 0.031679 0.352080 2 1.000000
1520616817.262284 8.126521 0.471073 2.669526 0.056228 -0.952859 0.018140 0.297606 2 1.000000
1520616817.362287 8.139474 0.480958 2.625934 0.045043 -0.970225 0.012089 0.237672 2 1.000000
1520616817.462291 8.161824 0.481695 2.582365 0.030421 -0.985608 0.021268 0.164921 2 1.000000
1520616817.562294 8.190412 0.472130 2.542794 0.017153 -0.996287 0.029467 0.079057 2 1.000000
1520616817.663729 8.227395 0.455795 2.507307 -0.003515 0.999661 -0.025767 0.001235 2 1.000000
1520616817.763732 8.262325 0.439960 2.477530 0.015967 0.996420 -0.013899 0.081851 2 1.000000
1520616817.813733 8.277784 0.432140 2.464150 0.016755 0.991995 -0.003779 0.125106 2 1.000000
1520616817.863735 8.292774 0.425564 2.450912 0.015772 0.985590 -0.000128 0.168413 2 1.000000
1520616817.963739 8.319101 0.404484 2.426164 0.015250 0.969167 -0.015340 0.245452 2 1.000000
1520616818.064807 8.340022 0.378657 2.400290 0.023286 0.947116 -0.047988 0.316426 2 1.000000
1520616818.164809 8.356445 0.357723 2.371944 0.036169 0.923913 -0.066913 0.374965 2 1.000000
1520616818.314814 8.376400 0.345141 2.324415 0.023019 0.909374 -0.066956 0.409909 2 1.000000
1520616818.462631 8.396144 0.351575 2.271586 0.003210 0.910480 -0.073102 0.407027 2 1.000000
1520616818.612636 8.420181 0.367811 2.218097 0.009778 0.918045 -0.063492 0.391236 2 1.000000
1520616818.762640 8.452790 0.395813 2.174749 -0.001313 0.928412 -0.023874 0.370783 2 1.000000
1520616818.915570 8.498242 0.427609 2.139315 0.014265 0.932784 -0.001880 0.360148 2 1.000000
1520616819.065575 8.553323 0.448282 2.115263 0.035730 0.927976 0.016261 0.370568 2 1.000000
1520616819.215580 8.610483 0.440958 2.094265 0.046248 0.912987 0.049337 0.402345 2 1.000000
1520616819.367746 8.665165 0.418486 2.063878 0.034185 0.897557 0.060407 0.435401 2 1.000000
1520616819.517751 8.712397 0.393612 2.015137 0.047059 0.892019 0.025637 0.448811 2 1.000000
1520616819.617754 8.739343 0.372561 1.976871 0.072078 0.892342 -0.011362 0.445423 2 1.000000
1520616819.718344 8.752365 0.360536 1.927756 0.077938 0.896238 -0.039224 0.434907 2 1.000000
1520616819.868349 8.762550 0.346879 1.854037 0.067584 0.906500 -0.053282 0.413341 2 1.000000
1520616819.968352 8.778757 0.332708 1.806236 0.068367 0.914659 -0.051054 0.395118 2 1.000000
1520616820.069561 8.779772 0.335868 1.755175 0.076024 0.911091 -0.056688 0.401149 2 1.000000
1520616820.219566 8.788876 0.347267 1.687449 0.091191 0.908376 -0.049511 0.405076 2 1.000000
1520616820.319568 8.794100 0.362884 1.638751 0.095311 0.929633 -0.027049 0.354919 2 1.000000
1520616820.369570 8.798852 0.369928 1.615176 0.093743 0.945053 -0.016588 0.312748 2 1.000000
1520616820.419571 8.800214 0.378697 1.591358 0.088652 0.960182 -0.007832 0.264822 2 1.000000
1520616820.469572 8.806401 0.383960 1.571728 0.087197 0.972895 0.005351 0.214110 2 1.000000
1520616820.517347 8.808718 0.395913 1.548406 0.080388 0.982343 0.009991 0.168640 2 1.000000
1520616820.567348 8.814796 0.401964 1.527769 0.070060 0.989797 0.020027 0.122444 2 1.000000
1520616820.617350 8.822702 0.404673 1.509033 0.056358 0.994722 0.028656 0.080814 2 1.000000
1520616820.717353 8.837816 0.408843 1.469207 0.000547 0.999265 0.029134 0.024897 2 1.000000
1520616820.817356 8.863700 0.406548 1.435639 -0.061536 0.997684 0.023109 0.017483 2 1.000000
1520616820.919587 8.894077 0.395025 1.404567 -0.124637 0.989874 0.005390 0.067725 2 1.000000
1520616820.969589 8.910286 0.387672 1.390962 -0.158257 0.981307 -0.016352 0.108280 2 1.000000
1520616821.019590 8.931931 0.381565 1.380091 -0.180794 0.970534 -0.043783 0.153167 2 1.000000
1520616821.069592 8.952305 0.375079 1.368192 -0.194296 0.955836 -0.074018 0.207719 2 1.000000
1520616821.119593 8.973541 0.373522 1.358727 -0.197897 0.936681 -0.105470 0.268965 2 1.000000
1520616821.169595 8.995903 0.365834 1.353525 -0.196363 0.912913 -0.129023 0.333744 2 1.000000
1520616821.219597 9.018301 0.362304 1.349516 -0.193958 0.882916 -0.155813 0.398198 2 1.000000
1520616821.269598 9.040779 0.360418 1.347019 -0.188770 0.847750 -0.179634 0.461972 2 1.000000
1520616821.317485 9.062149 0.354254 1.345172 -0.177532 0.808900 -0.185763 0.528825 2 1.000000
1520616821.367486 9.081137 0.353772 1.347216 -0.163925 0.764952 -0.184781 0.594840 2 1.000000
1520616821.417488 9.099400 0.353735 1.350757 -0.140813 0.719897 -0.166321 0.658981 2 1.000000
1520616821.467489 9.117937 0.355049 1.355334 -0.116621 0.676203 -0.141878 0.713456 2 1.000000
1520616821.517490 9.133917 0.355411 1.358881 -0.089497 0.635648 -0.107013 0.759269 2 1.000000
1520616821.567492 9.147491 0.356742 1.367309 -0.060175 0.598625 -0.065950 0.796039 2 1.000000
1520616821.617493 9.163078 0.355446 1.374930 -0.032641 0.568257 -0.027070 0.821758 2 1.000000
1520616821.667495 9.175201 0.358445 1.378200 -0.009941 0.546313 0.003062 0.837516 2 1.000000
1520616821.763179 9.202280 0.362962 1.392253 0.034398 0.520232 0.055600 0.851519 2 1.000000
1520616821.863182 9.233413 0.368723 1.401202 0.079014 0.517389 0.084515 0.847893 2 1.000000
1520616822.013186 9.274519 0.372434 1.418347 0.100035 0.557376 0.088492 0.819447 2 1.000000
1520616822.111991 9.302040 0.378640 1.426220 0.053398 0.579986 0.052523 0.811176 2 1.000000
1520616822.211994 9.326551 0.382946 1.436857 -0.006574 0.570281 -0.004236 0.821413 2 1.000000
1520616822.261996 9.338035 0.385177 1.443063 -0.033244 0.554386 -0.043715 0.830446 2 1.000000
1520616822.311997 9.354695 0.386742 1.453213 -0.054853 0.531105 -0.083263 0.841419 2 1.000000
1520616822.361999 9.366608 0.387336 1.461768 -0.070693 0.500109 -0.122279 0.854366 2 1.000000
1520616822.412000 9.376755 0.387692 1.473025 -0.078798 0.459305 -0.157869 0.870579 2 1.000000
1520616822.462002 9.388045 0.387027 1.487372 -0.083512 0.412233 -0.186647 0.887836 2 1.000000
1520616822.511842 9.393386 0.387106 1.501401 -0.082650 0.356695 -0.210507 0.906435 2 1.000000
1520616822.561844 9.394822 0.387048 1.515785 -0.078326 0.297065 -0.226662 0.924252 2 1.000000
1520616822.611845 9.394806 0.387828 1.532256 -0.071408 0.235214 -0.228368 0.942032 2 1.000000
1520616822.661847 9.393158 0.387358 1.548634 -0.065551 0.174167 -0.216700 0.958337 2 1.000000
1520616822.711849 9.390325 0.389295 1.565266 -0.057906 0.118195 -0.198848 0.971152 2 1.000000
1520616822.761850 9.386712 0.389729 1.579707 -0.049347 0.068776 -0.179321 0.980142 2 1.000000
1520616822.811852 9.388203 0.393640 1.601568 -0.039014 0.023103 -0.153321 0.987136 2 1.000000
1520616822.861854 9.382854 0.395590 1.619781 -0.028479 -0.014845 -0.119742 0.992285 2 1.000000
1520616822.911855 9.379338 0.398160 1.635771 -0.019481 -0.047207 -0.082524 0.995280 2 1.000000
1520616823.011551 9.369188 0.397542 1.672532 -0.012243 -0.089211 -0.009047 0.995896 2 1.000000
1520616823.111553 9.359807 0.394054 1.707647 -0.008251 -0.116201 0.056592 0.991578 2 1.000000
1520616823.211558 9.348807 0.387192 1.741452 0.011383 -0.127378 0.116618 0.984909 2 1.000000
1520616823.311561 9.339804 0.378058 1.777667 0.027820 -0.134200 0.179007 0.974255 2 1.000000
1520616823.411240 9.328842 0.371817 1.813228 0.043481 -0.144094 0.219746 0.963877 2 1.000000
1520616823.561244 9.310971 0.364696 1.869358 0.044393 -0.159063 0.242613 0.955964 2 1.000000
1520616823.711249 9.294563 0.353099 1.926458 0.013660 -0.163144 0.274013 0.947689 2 1.000000
1520616823.861016 9.283115 0.343780 1.988962 -0.005389 -0.143856 0.299422 0.943198 2 1.000000
1520616824.011020 9.273746 0.350712 2.054423 -0.012441 -0.097137 0.319571 0.942488 2 1.000000
1520616824.111023 9.273601 0.359296 2.108852 -0.011673 -0.051119 0.298289 0.953034 2 1.000000
1520616824.211720 9.280030 0.368877 2.148571 -0.007811 -0.002065 0.251344 0.967864 2 1.000000
1520616824.311724 9.295638 0.377875 2.190509 -0.003736 0.054842 0.202289 0.977782 2 1.000000
1520616824.411727 9.312709 0.387662 2.226033 0.005401 0.108058 0.148932 0.982911 2 1.000000
1520616824.511730 9.333391 0.397659 2.269505 0.012560 0.147251 0.091143 0.984811 2 1.000000
1520616824.611631 9.353662 0.403596 2.306042 0.010004 0.168032 0.033297 0.985168 2 1.000000
1520616824.711634 9.369567 0.399754 2.339624 0.024203 0.168688 -0.015731 0.985247 2 1.000000
1520616824.811637 9.378960 0.390038 2.373452 0.043951 0.153733 -0.070540 0.984611 2 1.000000
1520616824.911641 9.384326 0.381150 2.407001 0.052466 0.133158 -0.117360 0.982722 2 1.000000
1520616825.061121 9.379885 0.377597 2.465331 0.042456 0.089682 -0.147963 0.984003 2 1.000000
1520616825.211126 9.360910 0.380375 2.523169 0.039218 0.032700 -0.138574 0.989035 2 1.000000
1520616825.311129 9.343740 0.387112 2.561362 0.030402 -0.014258 -0.109616 0.993407 2 1.000000
1520616825.410991 9.324751 0.392303 2.595094 0.016196 -0.053134 -0.070574 0.995959 2 1.000000
1520616825.510994 9.304838 0.397251 2.626964 0.010090 -0.080718 -0.023160 0.996417 2 1.000000
1520616825.610997 9.285278 0.403838 2.662530 0.008424 -0.103655 0.026956 0.994212 2 1.000000
1520616825.711000 9.266652 0.410687 2.699150 0.008496 -0.119851 0.071140 0.990203 2 1.000000
1520616825.861158 9.245632 0.415245 2.746911 0.012008 -0.137892 0.121492 0.982894 2 1.000000
1520616826.011163 9.232761 0.406961 2.795991 0.018308 -0.106561 0.152311 0.982401 2 1.000000
1520616826.111166 9.228204 0.401119 2.832126 0.030136 -0.052615 0.165116 0.984409 2 1.000000
1520616826.211902 9.229668 0.398075 2.869292 0.047794 0.009986 0.172264 0.983840 2 1.000000
1520616826.311904 9.239217 0.395322 2.899788 0.067626 0.084674 0.177173 0.978196 2 1.000000
1520616826.361906 9.246412 0.394493 2.916438 0.080197 0.128132 0.178965 0.972174 2 1.000000
1520616826.411908 9.256151 0.392184 2.928885 0.092479 0.169911 0.181144 0.964243 2 1.000000
1520616826.461909 9.266950 0.389582 2.939502 0.103867 0.214354 0.181260 0.954153 2 1.000000
1520616826.511910 9.278890 0.386512 2.947248 0.113424 0.262397 0.178387 0.941521 2 1.000000
1520616826.561913 9.292645 0.384720 2.955019 0.123830 0.309472 0.172974 0.926808 2 1.000000
1520616826.612506 9.306532 0.380632 2.959803 0.131119 0.355336 0.166959 0.910313 2 1.000000
1520616826.662507 9.321257 0.378239 2.964818 0.140145 0.396876 0.159527 0.892973 2 1.000000
1520616826.762565 9.348703 0.373284 2.971149 0.164553 0.463911 0.140381 0.859071 2 1.000000
1520616826.862513 9.375627 0.368080 2.969168 0.186433 0.529569 0.121691 0.818530 2 1.000000
1520616826.962517 9.399422 0.364124 2.963368 0.197385 0.594797 0.101798 0.772588 2 1.000000
1520616827.011626 9.409450 0.362687 2.959794 0.199005 0.629579 0.095642 0.744903 2 1.000000
1520616827.061628 9.421451 0.362044 2.951095 0.199168 0.664430 0.091781 0.714451 2 1.000000
1520616827.111629 9.431269 0.360917 2.942057 0.198053 0.699843 0.085767 0.680910 2 1.000000
1520616827.161632 9.439701 0.361523 2.932238 0.196972 0.735858 0.073556 0.643665 2 1.000000
1520616827.211632 9.449144 0.361943 2.920744 0.195151 0.770127 0.059449 0.604390 2 1.000000
1520616827.261635 9.455929 0.362656 2.907410 0.192640 0.803291 0.042418 0.561974 2 1.000000
1520616827.311635 9.460898 0.362574 2.892271 0.185551 0.836758 0.024860 0.514577 2 1.000000
1520616827.361637 9.462694 0.364777 2.875807 0.181298 0.864812 0.009821 0.468119 2 1.000000
1520616827.411665 9.463879 0.364932 2.861303 0.177828 0.886887 -0.001253 0.426389 2 1.000000
1520616827.511436 9.460823 0.365996 2.832232 0.165417 0.919461 -0.023084 0.355943 2 1.000000
1520616827.611439 9.453735 0.364501 2.797162 0.152798 0.945263 -0.044386 0.284886 2 1.000000
1520616827.711442 9.444358 0.363837 2.762453 0.136954 0.961138 -0.066097 0.230410 2 1.000000
1520616827.811445 9.433479 0.368354 2.726171 0.107565 0.973977 -0.083096 0.181365 2 1.000000
1520616827.911903 9.420455 0.369732 2.691731 0.071930 0.982654 -0.078901 0.151631 2 1.000000
1520616828.061907 9.398250 0.369546 2.638253 0.030412 0.990215 -0.082929 0.108035 2 1.000000
1520616828.211912 9.382199 0.372086 2.585540 0.005267 0.993655 -0.091953 0.064557 2 1.000000
1520616828.361744 9.365430 0.378515 2.530828 -0.013501 0.996202 -0.081234 0.028287 2 1.000000
1520616828.511749 9.349977 0.377837 2.473843 -0.036976 0.994536 -0.097552 0.003923 2 1.000000
1520616828.661351 9.330127 0.374279 2.422914 0.073397 -0.992507 0.094216 0.025794 2 1.000000
1520616828.811355 9.313336 0.374261 2.372280 0.092250 -0.991643 0.087152 0.023192 2 1.000000
1520616828.961360 9.300363 0.374572 2.320632 -0.116576 0.986164 -0.117647 0.007033 2 1.000000
1520616829.061175 9.297085 0.371619 2.288476 -0.132771 0.980004 -0.137591 0.055073 2 1.000000
1520616829.161178 9.301498 0.369630 2.257474 -0.148720 0.971294 -0.143643 0.117631 2 1.000000
1520616829.261180 9.310858 0.369320 2.230898 -0.156310 0.962773 -0.129779 0.178308 2 1.000000
1520616829.361185 9.322834 0.371220 2.202589 -0.166525 0.950461 -0.119440 0.233725 2 1.000000
1520616829.461228 9.341534 0.375229 2.173651 -0.168893 0.933753 -0.120533 0.291636 2 1.000000
1520616829.561231 9.362977 0.380100 2.147777 -0.163879 0.912675 -0.118978 0.354981 2 1.000000
1520616829.661234 9.390482 0.382368 2.123469 -0.139393 0.891520 -0.111176 0.416416 2 1.000000
1520616829.761237 9.417728 0.383482 2.104777 -0.107057 0.867328 -0.104919 0.474630 2 1.000000
1520616829.861240 9.446710 0.385915 2.089894 -0.066729 0.842995 -0.087642 0.526522 2 1.000000
1520616829.962133 9.480221 0.389907 2.077501 -0.017817 0.814284 -0.054188 0.577657 2 1.000000
1520616830.062225 9.515301 0.397095 2.065916 0.031445 0.788452 -0.022963 0.613863 2 1.000000
1520616830.162140 9.548922 0.401272 2.057633 0.063771 0.760412 0.005394 0.646280 2 1.000000
1520616830.262143 9.582367 0.400278 2.053912 0.102303 0.733196 0.053836 0.670119 2 1.000000
1520616830.363516 9.618227 0.399241 2.049821 0.127808 0.715789 0.096680 0.679680 2 1.000000
1520616830.513520 9.669964 0.398469 2.042192 0.140924 0.723583 0.124410 0.664146 2 1.000000
1520616830.663525 9.722976 0.401716 2.031098 0.132091 0.762180 0.080634 0.628595 2 1.000000
1520616830.764659 9.758091 0.403657 2.021832 0.099161 0.799044 0.030303 0.592264 2 1.000000
1520616830.864662 9.791227 0.401357 2.010740 0.051058 0.824904 -0.010202 0.562870 2 1.000000
1520616830.964665 9.823868 0.396701 2.006945 0.011317 0.832761 -0.051473 0.551118 2 1.000000
1520616831.064669 9.856304 0.393144 2.005830 -0.020166 0.811526 -0.107311 0.574024 2 1.000000
1520616831.166022 9.891172 0.390321 2.010872 -0.045549 0.770720 -0.159941 0.615090 2 1.000000
1520616831.216024 9.907339 0.391258 2.014594 -0.052078 0.743735 -0.186721 0.639751 2 1.000000
1520616831.266025 9.923021 0.390456 2.020795 -0.059412 0.715666 -0.208735 0.663869 2 1.000000
1520616831.316026 9.938350 0.389330 2.028802 -0.062400 0.682946 -0.227430 0.691352 2 1.000000
1520616831.366029 9.952506 0.387300 2.038801 -0.060908 0.647324 -0.245012 0.719188 2 1.000000
1520616831.416030 9.964905 0.384345 2.049348 -0.055637 0.609152 -0.254021 0.749207 2 1.000000
1520616831.466031 9.975055 0.382279 2.060496 -0.047316 0.563692 -0.256845 0.783609 2 1.000000
1520616831.515219 9.983881 0.380791 2.073962 -0.036156 0.516229 -0.254107 0.817087 2 1.000000
1520616831.565220 9.990273 0.378075 2.088441 -0.032248 0.468817 -0.246522 0.847583 2 1.000000
1520616831.615222 9.998074 0.379824 2.102705 -0.027526 0.418692 -0.242199 0.874802 2 1.000000
1520616831.665223 10.002042 0.380678 2.116019 -0.023523 0.371317 -0.239037 0.896901 2 1.000000
1520616831.715225 10.005836 0.375211 2.124352 -0.020007 0.325066 -0.232274 0.916505 2 1.000000
1520616831.765226 10.012678 0.379287 2.139575 -0.007277 0.282276 -0.229125 0.931541 2 1.000000
1520616831.815228 10.019959 0.381651 2.156148 0.005165 0.238043 -0.227256 0.944279 2 1.000000
1520616831.865230 10.022211 0.383567 2.168432 0.017265 0.193371 -0.225265 0.954759 2 1.000000
1520616831.912728 10.023798 0.384428 2.181494 0.025822 0.150459 -0.220997 0.963253 2 1.000000
1520616831.962729 10.019698 0.386242 2.189012 0.033249 0.106757 -0.215833 0.970007 2 1.000000
1520616832.012731 10.021652 0.384195 2.202085 0.037369 0.052071 -0.209847 0.975631 2 1.000000
1520616832.062732 10.018138 0.385714 2.208927 0.042251 -0.008840 -0.199045 0.979039 2 1.000000
1520616832.112733 10.012783 0.387650 2.219306 0.050261 -0.070445 -0.186878 0.978564 2 1.000000
1520616832.162736 10.006037 0.388500 2.225182 0.058499 -0.133209 -0.171945 0.974304 2 1.000000
1520616832.212737 9.999496 0.390765 2.232130 0.063862 -0.193147 -0.152120 0.967200 2 1.000000
1520616832.262738 9.994523 0.394268 2.236368 0.067485 -0.252093 -0.134757 0.955895 2 1.000000
1520616832.312741 9.988232 0.394758 2.238554 0.063803 -0.305670 -0.118495 0.942578 2 1.000000
1520616832.361882 9.981894 0.397649 2.240163 0.060815 -0.359120 -0.105058 0.925363 2 1.000000
1520616832.411884 9.974208 0.400068 2.240659 0.054055 -0.411935 -0.089856 0.905159 2 1.000000
1520616832.461885 9.967854 0.403159 2.239303 0.048165 -0.465593 -0.072412 0.880715 2 1.000000
1520616832.511887 9.962166 0.403510 2.237255 0.037331 -0.517731 -0.054919 0.852963 2 1.000000
1520616832.561889 9.954033 0.406119 2.231350 0.030894 -0.565731 -0.037557 0.823155 2 1.000000
1520616832.611890 9.946507 0.406976 2.225930 0.021130 -0.608651 -0.016444 0.792987 2 1.000000
1520616832.661892 9.939181 0.406829 2.218612 0.010008 -0.645991 0.004152 0.763268 2 1.000000
1520616832.711894 9.932728 0.409030 2.212947 -0.000601 -0.681319 0.028519 0.731431 2 1.000000
1520616832.761739 9.918585 0.409288 2.199406 -0.014976 -0.710819 0.056804 0.700917 2 1.000000
1520616832.811741 9.910475 0.407748 2.191659 -0.028999 -0.740401 0.082925 0.666400 2 1.000000
1520616832.911744 9.891338 0.404881 2.171005 -0.048537 -0.776970 0.126072 0.614872 2 1.000000
1520616833.011746 9.871988 0.401604 2.143798 -0.072062 -0.792632 0.166151 0.582182 2 1.000000
1520616833.111750 9.853318 0.398463 2.118117 -0.098565 -0.798322 0.200662 0.559197 2 1.000000
1520616833.261665 9.822886 0.389552 2.088790 -0.113127 -0.796898 0.243719 0.541070 2 1.000000
1520616833.461671 9.776682 0.382942 2.053092 -0.162529 -0.789485 0.249194 0.536843 2 1.000000
1520616833.661611 9.721148 0.369565 2.025308 -0.188479 -0.756684 0.274132 0.562811 2 1.000000
1520616833.761614 9.691135 0.360309 2.015653 -0.188714 -0.723532 0.278717 0.602665 2 1.000000
1520616833.861617 9.659998 0.354975 2.013311 -0.175979 -0.689339 0.264117 0.651218 2 1.000000
1520616833.961606 9.628191 0.353949 2.011034 -0.148757 -0.655324 0.235438 0.702133 2 1.000000
1520616834.061609 9.594163 0.356439 2.011585 -0.104109 -0.618246 0.200257 0.752881 2 1.000000
1520616834.111611 9.578838 0.361948 2.014682 -0.072447 -0.603038 0.180815 0.773565 2 1.000000
1520616834.161612 9.563929 0.360828 2.017271 -0.040111 -0.592417 0.157174 0.789132 2 1.000000
1520616834.211614 9.548241 0.360011 2.018430 -0.001702 -0.583329 0.130353 0.801706 2 1.000000
1520616834.261616 9.535311 0.359701 2.019139 0.040740 -0.576495 0.102440 0.809629 2 1.000000
1520616834.311617 9.521116 0.356021 2.020991 0.080116 -0.574288 0.075240 0.811242 2 1.000000
1520616834.361658 9.507483 0.353440 2.020955 0.117649 -0.574738 0.051792 0.808178 2 1.000000
1520616834.411659 9.494609 0.350354 2.020000 0.153646 -0.578156 0.028247 0.800831 2 1.000000
1520616834.511661 9.469419 0.344434 2.015183 0.223817 -0.594399 -0.007576 0.772359 2 1.000000
1520616834.561663 9.457094 0.340115 2.011161 0.256303 -0.610353 -0.018767 0.749284 2 1.000000
1520616834.611664 9.446182 0.337083 2.005094 0.288810 -0.628637 -0.021877 0.721752 2 1.000000
1520616834.661667 9.435576 0.333372 1.997915 0.321217 -0.650083 -0.023729 0.688222 2 1.000000
1520616834.711668 9.426044 0.333155 1.990445 0.357678 -0.672000 -0.020616 0.648118 2 1.000000
1520616834.761669 9.417318 0.329293 1.979787 0.387974 -0.694597 -0.019497 0.605501 2 1.000000
1520616834.811500 9.408883 0.328798 1.967635 0.418595 -0.716235 -0.013305 0.558219 2 1.000000
1520616834.861501 9.402394 0.328019 1.955463 0.447443 -0.736852 -0.008209 0.506732 2 1.000000
1520616834.911502 9.397659 0.329021 1.942413 0.471855 -0.755881 -0.001690 0.453866 2 1.000000
1520616834.961504 9.393291 0.330415 1.926887 0.485526 -0.774721 0.003233 0.405044 2 1.000000
1520616835.011505 9.388364 0.332447 1.912993 0.491157 -0.793314 0.004770 0.359716 2 1.000000
1520616835.061507 9.383902 0.334017 1.896873 0.492994 -0.810057 0.004119 0.317409 2 1.000000
1520616835.111508 9.382032 0.336638 1.880227 0.496454 -0.823555 0.004076 0.274360 2 1.000000
1520616835.161510 9.377235 0.336046 1.866987 0.504859 -0.831341 0.006078 0.232278 2 1.000000
1520616835.262777 9.381077 0.341662 1.825238 0.510041 -0.844974 0.021727 0.159386 2 1.000000
1520616835.362780 9.385572 0.347549 1.789112 0.497244 -0.862078 0.033660 0.091857 2 1.000000
1520616835.462783 9.392620 0.353092 1.754903 0.464871 -0.883961 0.043635 0.024555 2 1.000000
1520616835.562786 9.401791 0.352917 1.721622 -0.419786 0.904484 -0.055000 0.051609 2 1.000000
1520616835.663474 9.414826 0.361763 1.682545 -0.370830 0.918580 -0.071368 0.116634 2 1.000000
1520616835.763479 9.429893 0.370278 1.645818 -0.318518 0.927575 -0.083454 0.176595 2 1.000000
1520616835.863481 9.446107 0.384078 1.608268 -0.263046 0.930113 -0.100502 0.235786 2 1.000000
1520616835.913484 9.458701 0.385494 1.590053 -0.230750 0.929074 -0.099604 0.271395 2 1.000000
1520616835.963485 9.472319 0.385963 1.575998 -0.202586 0.924567 -0.097911 0.307486 2 1.000000
1520616836.062621 9.498396 0.388387 1.551347 -0.154370 0.908148 -0.092118 0.378089 2 1.000000
1520616836.112623 9.512945 0.392020 1.540089 -0.129207 0.896128 -0.083627 0.416253 2 1.000000
1520616836.212626 9.544180 0.403815 1.521332 -0.093503 0.869421 -0.066087 0.480621 2 1.000000
1520616836.312629 9.575897 0.414119 1.506324 -0.057904 0.846504 -0.037911 0.527864 2 1.000000
1520616836.412460 9.607224 0.418199 1.497381 -0.044430 0.827076 -0.008399 0.560269 2 1.000000
1520616836.512463 9.638493 0.415774 1.488945 -0.031082 0.811627 0.028151 0.582669 2 1.000000
1520616836.612475 9.667343 0.409506 1.481775 -0.013652 0.793402 0.060107 0.605569 2 1.000000
1520616836.712469 9.696639 0.402591 1.477847 0.010511 0.770581 0.082199 0.631932 2 1.000000
1520616836.812472 9.724339 0.395258 1.472255 0.022690 0.742519 0.088744 0.663532 2 1.000000
1520616836.913659 9.751884 0.383923 1.463161 0.031965 0.712013 0.077016 0.697197 2 1.000000
1520616837.013662 9.774402 0.368918 1.452236 0.048181 0.684024 0.067444 0.724735 2 1.000000
1520616837.163667 9.813895 0.347508 1.433985 0.059166 0.658253 0.044064 0.749174 2 1.000000
1520616837.364727 9.872242 0.337665 1.402869 0.060857 0.651135 0.012283 0.756418 2 1.000000
1520616837.514732 9.918395 0.342247 1.374900 0.037019 0.670977 -0.025198 0.740125 2 1.000000
1520616837.665124 9.964898 0.346401 1.346152 0.016137 0.692203 -0.054950 0.719427 2 1.000000
1520616837.815128 10.009954 0.354807 1.322751 -0.008275 0.698615 -0.084857 0.710400 2 1.000000
1520616838.015135 10.068832 0.370200 1.296343 -0.055701 0.700232 -0.080673 0.707152 2 1.000000
1520616838.215298 10.132519 0.367517 1.277780 -0.082500 0.693627 -0.105927 0.707711 2 1.000000
1520616838.365303 10.183246 0.356828 1.276177 -0.079540 0.673598 -0.124889 0.724114 2 1.000000
1520616838.514854 10.235885 0.350498 1.285253 -0.074381 0.658500 -0.143729 0.734974 2 1.000000
1520616838.664859 10.293601 0.343610 1.299364 -0.063350 0.638048 -0.155776 0.751409 2 1.000000
1520616838.814864 10.345532 0.340634 1.321501 -0.041638 0.614874 -0.142698 0.774489 2 1.000000
1520616838.964041 10.397650 0.352725 1.350290 -0.022571 0.595690 -0.090880 0.797737 2 1.000000
1520616839.064045 10.432968 0.367446 1.370075 -0.004598 0.578646 -0.040168 0.814576 2 1.000000
1520616839.164048 10.465943 0.383576 1.389941 0.009550 0.560193 0.005984 0.828285 2 1.000000
1520616839.264051 10.498442 0.392837 1.410577 0.014693 0.534814 0.040141 0.843888 2 1.000000
1520616839.413212 10.543103 0.391102 1.439417 0.032179 0.505066 0.085235 0.858258 2 1.000000
1520616839.563216 10.586973 0.380072 1.460803 0.055584 0.490475 0.098363 0.864101 2 1.000000
1520616839.712883 10.645277 0.368286 1.475975 0.116223 0.491506 0.103773 0.856823 2 1.000000
1520616839.862888 10.705274 0.358511 1.478137 0.160445 0.524569 0.106927 0.829248 2 1.000000
1520616839.962891 10.746421 0.358482 1.469219 0.158896 0.569799 0.102757 0.799702 2 1.000000
1520616840.062894 10.784961 0.365868 1.454823 0.152480 0.614332 0.088835 0.769061 2 1.000000
1520616840.162401 10.825643 0.377399 1.437925 0.138457 0.651295 0.054846 0.744068 2 1.000000
1520616840.262404 10.866575 0.390246 1.421054 0.107109 0.677106 0.031964 0.727346 2 1.000000
1520616840.412409 10.922328 0.402369 1.395322 0.055242 0.687162 0.001760 0.724399 2 1.000000
1520616840.512949 10.957617 0.400447 1.381911 0.031271 0.682637 -0.045268 0.728684 2 1.000000
1520616840.612952 10.997257 0.396441 1.371834 0.012220 0.672669 -0.092804 0.733999 2 1.000000
1520616840.712955 11.035934 0.393998 1.366361 -0.010063 0.658040 -0.135368 0.740647 2 1.000000
1520616840.812958 11.073486 0.389317 1.368363 -0.026068 0.627809 -0.188031 0.754865 2 1.000000
1520616840.913886 11.112359 0.379680 1.377529 -0.025011 0.577235 -0.249348 0.777174 2 1.000000
1520616840.963888 11.128051 0.374621 1.386146 -0.022352 0.544320 -0.278481 0.790990 2 1.000000
1520616841.013889 11.140676 0.368920 1.395677 -0.017795 0.508540 -0.304014 0.805386 2 1.000000
1520616841.063890 11.153994 0.363830 1.407961 -0.010356 0.470651 -0.325038 0.820202 2 1.000000
1520616841.113892 11.166931 0.360830 1.418913 -0.004169 0.431276 -0.342739 0.834574 2 1.000000
1520616841.163894 11.175167 0.359724 1.432064 -0.001544 0.389788 -0.355908 0.849348 2 1.000000
1520616841.213895 11.185435 0.360125 1.445980 0.000640 0.346033 -0.360656 0.866134 2 1.000000
1520616841.263896 11.195251 0.362199 1.461180 0.003788 0.304713 -0.358537 0.882376 2 1.000000
1520616841.313216 11.205763 0.366440 1.476032 0.008204 0.263907 -0.351700 0.898105 2 1.000000
1520616841.413218 11.221729 0.375798 1.507873 0.023480 0.187565 -0.333709 0.923529 2 1.000000
1520616841.513222 11.238113 0.385153 1.540831 0.049936 0.113190 -0.308454 0.943160 2 1.000000
1520616841.563285 11.237165 0.389650 1.555243 0.061078 0.076160 -0.290189 0.951977 2 1.000000
1520616841.663227 11.241711 0.398713 1.586543 0.069491 0.001646 -0.253284 0.964891 2 1.000000
1520616841.762060 11.244903 0.406217 1.616953 0.069019 -0.055441 -0.206238 0.974489 2 1.000000
1520616841.862063 11.241730 0.419428 1.645964 0.063608 -0.107801 -0.155125 0.979933 2 1.000000
1520616841.962066 11.236249 0.432674 1.678825 0.065952 -0.147440 -0.106887 0.981064 2 1.000000
1520616842.062069 11.229118 0.442424 1.710079 0.065124 -0.174663 -0.058832 0.980709 2 1.000000
1520616842.161651 11.219166 0.446752 1.737598 0.047435 -0.203028 -0.018813 0.977842 2 1.000000
1520616842.261655 11.208662 0.449865 1.761806 0.016696 -0.232249 0.017827 0.972350 2 1.000000
1520616842.361658 11.196143 0.454302 1.785682 -0.012999 -0.265871 0.075500 0.960960 2 1.000000
1520616842.461661 11.179617 0.458412 1.810278 -0.031022 -0.299240 0.123080 0.945698 2 1.000000
1520616842.561522 11.164044 0.461962 1.831431 -0.049336 -0.340354 0.150791 0.926816 2 1.000000
1520616842.661525 11.148064 0.460684 1.851915 -0.069784 -0.381734 0.162182 0.907252 2 1.000000
1520616842.761529 11.132746 0.455482 1.873778 -0.084876 -0.418887 0.172268 0.887498 2 1.000000
1520616842.911534 11.106386 0.450474 1.912957 -0.091882 -0.468262 0.161793 0.863777 2 1.000000
1520616843.011704 11.089355 0.452956 1.938637 -0.081231 -0.498785 0.131976 0.852759 2 1.000000
1520616843.111708 11.070903 0.453821 1.962022 -0.050449 -0.527354 0.095808 0.842718 2 1.000000
1520616843.211785 11.049397 0.451583 1.988476 -0.010494 -0.553260 0.061578 0.830663 2 1.000000
1520616843.311713 11.026520 0.447881 2.010921 0.041148 -0.577899 0.016923 0.814895 2 1.000000
1520616843.411654 11.002531 0.447297 2.025753 0.079641 -0.610878 -0.018454 0.787492 2 1.000000
1520616843.511658 10.975204 0.449548 2.034259 0.103156 -0.637616 -0.054947 0.761437 2 1.000000
1520616843.661662 10.923908 0.459367 2.048353 0.116128 -0.666252 -0.081033 0.732158 2 1.000000
1520616843.811616 10.874654 0.463860 2.049632 0.117125 -0.711549 -0.061920 0.690034 2 1.000000
1520616843.911619 10.840369 0.464059 2.045004 0.101877 -0.737200 -0.028113 0.667358 2 1.000000
1520616844.011622 10.812201 0.459448 2.030215 0.074828 -0.746808 0.010322 0.660737 2 1.000000
1520616844.111625 10.777752 0.456021 2.018932 0.038012 -0.744572 0.034869 0.665546 2 1.000000
1520616844.211801 10.744884 0.456744 2.008502 -0.004961 -0.735875 0.047287 0.675446 2 1.000000
1520616844.311804 10.700458 0.451260 2.005016 -0.036509 -0.713131 0.058536 0.697627 2 1.000000
1520616844.411807 10.664574 0.440044 2.005345 -0.055322 -0.668480 0.084952 0.736789 2 1.000000
1520616844.511810 10.629254 0.428447 2.013917 -0.071378 -0.600162 0.111656 0.788824 2 1.000000
1520616844.561811 10.616183 0.422223 2.015612 -0.081976 -0.561229 0.124420 0.814138 2 1.000000
1520616844.612123 10.598009 0.417153 2.022058 -0.093218 -0.522279 0.135210 0.836811 2 1.000000
1520616844.712126 10.561036 0.414071 2.043937 -0.110846 -0.453292 0.151339 0.871399 2 1.000000
1520616844.812129 10.539761 0.411710 2.056335 -0.123383 -0.377259 0.166432 0.902636 2 1.000000
1520616844.912132 10.512320 0.409652 2.079165 -0.121089 -0.312350 0.179208 0.925019 2 1.000000
1520616844.962133 10.491646 0.405797 2.093765 -0.118758 -0.270906 0.183446 0.937472 2 1.000000
