# ORB-SLAM3 Path Recording
# Format: timestamp tx ty tz qx qy qz qw tracking_state confidence
# Translation in meters, quaternion (x,y,z,w), timestamp in seconds
# Coordinate system: Camera frame
1520616760.063824 -1.151372 0.252668 2.893939 -0.097608 -0.123929 0.136299 0.978027 2 1.000000
1520616760.163826 -1.148672 0.249652 2.974456 -0.092073 -0.052939 0.131115 0.985662 2 1.000000
1520616760.263829 -1.140812 0.254516 3.055321 -0.072236 0.025783 0.138661 0.987365 2 1.000000
1520616760.363834 -1.122139 0.268266 3.134825 -0.053323 0.108032 0.158219 0.980027 2 1.000000
1520616760.462090 -1.089289 0.273625 3.203949 -0.031483 0.191303 0.168489 0.966449 2 1.000000
1520616760.512091 -1.065322 0.271982 3.234940 -0.018929 0.237032 0.166082 0.957013 2 1.000000
1520616760.562093 -1.036193 0.270026 3.264746 -0.013924 0.283600 0.163069 0.944873 2 1.000000
1520616760.662097 -0.977493 0.268143 3.308933 -0.017486 0.360545 0.166896 0.917522 2 1.000000
1520616760.762099 -0.906190 0.276328 3.344637 -0.005526 0.434355 0.165283 0.885430 2 1.000000
1520616760.859895 -0.832341 0.287365 3.371605 0.008807 0.493011 0.164410 0.854302 2 1.000000
1520616760.959898 -0.752688 0.298406 3.390818 0.015783 0.541781 0.167178 0.823575 2 1.000000
1520616761.059901 -0.672188 0.294464 3.401671 0.021073 0.578300 0.156394 0.800416 2 1.000000
1520616761.159904 -0.584305 0.291087 3.405998 0.022317 0.608867 0.141549 0.780222 2 1.000000
1520616761.259289 -0.495668 0.293218 3.401555 0.013117 0.641745 0.140773 0.753773 2 1.000000
1520616761.309291 -0.442780 0.300268 3.405477 0.015475 0.661578 0.139240 0.736673 2 1.000000
1520616761.359292 -0.391397 0.307922 3.398129 0.024526 0.681983 0.135638 0.718261 2 1.000000
1520616761.409294 -0.337866 0.313738 3.386485 0.034137 0.702546 0.130523 0.698733 2 1.000000
1520616761.459296 -0.286142 0.318596 3.373581 0.041550 0.725164 0.122382 0.676338 2 1.000000
1520616761.509297 -0.234108 0.319473 3.357885 0.042895 0.745792 0.117159 0.654391 2 1.000000
1520616761.559299 -0.187646 0.316730 3.338306 0.042828 0.765611 0.112364 0.631966 2 1.000000
1520616761.609657 -0.143884 0.306947 3.313537 0.041724 0.786379 0.105659 0.607210 2 1.000000
1520616761.659658 -0.100407 0.303651 3.281627 0.045122 0.809184 0.099631 0.577286 2 1.000000
1520616761.709660 -0.055826 0.298065 3.250250 0.057417 0.830471 0.101328 0.544751 2 1.000000
1520616761.759662 -0.013631 0.293681 3.218082 0.073824 0.851299 0.101994 0.509350 2 1.000000
1520616761.809663 0.027859 0.291029 3.178788 0.090606 0.870027 0.095821 0.475040 2 1.000000
1520616761.859665 0.067860 0.292003 3.138790 0.104008 0.886935 0.085333 0.441867 2 1.000000
1520616761.909667 0.114645 0.295141 3.101842 0.113279 0.900995 0.075429 0.411929 2 1.000000
1520616761.959668 0.149796 0.295270 3.059632 0.117048 0.913486 0.069523 0.383419 2 1.000000
1520616762.014317 0.182703 0.300322 3.012145 0.114269 0.926862 0.063747 0.351859 2 1.000000
1520616762.114320 0.229194 0.283974 2.928110 0.092553 0.950655 0.048507 0.292124 2 1.000000
1520616762.214324 0.271636 0.267111 2.845111 0.071767 0.964347 0.032016 0.252704 2 1.000000
1520616762.314326 0.322552 0.258199 2.764415 0.040654 0.972849 0.002449 0.227829 2 1.000000
1520616762.416154 0.370842 0.254675 2.690521 0.005970 0.973944 -0.015945 0.226150 2 1.000000
1520616762.466155 0.407074 0.260951 2.650198 -0.008404 0.973194 -0.019815 0.228976 2 1.000000
1520616762.566158 0.467940 0.243304 2.589992 -0.036473 0.964930 -0.016590 0.259430 2 1.000000
1520616762.666161 0.540006 0.232781 2.529317 -0.057369 0.949231 -0.013424 0.309013 2 1.000000
1520616762.766164 0.601476 0.238683 2.492161 -0.071308 0.927386 -0.012190 0.367046 2 1.000000
1520616762.816166 0.650891 0.241649 2.472110 -0.076466 0.912984 -0.010636 0.400624 2 1.000000
1520616762.914170 0.724411 0.247769 2.433120 -0.083120 0.876154 0.001812 0.474807 2 1.000000
1520616763.014173 0.803245 0.256824 2.403816 -0.085402 0.840140 0.022480 0.535131 2 1.000000
1520616763.114176 0.883712 0.268023 2.371527 -0.093082 0.810844 0.025420 0.577254 2 1.000000
1520616763.164178 0.931231 0.260014 2.354216 -0.096258 0.793930 0.023990 0.599862 2 1.000000
1520616763.262399 1.011133 0.260546 2.330129 -0.099396 0.756607 0.029531 0.645596 2 1.000000
1520616763.362402 1.084161 0.269788 2.314625 -0.096995 0.732464 0.033764 0.673014 2 1.000000
1520616763.462405 1.179933 0.280287 2.288654 -0.088451 0.724795 0.037737 0.682221 2 1.000000
1520616763.512407 1.231579 0.289803 2.279294 -0.083282 0.728546 0.035578 0.678984 2 1.000000
1520616763.612410 1.331783 0.288626 2.250799 -0.086299 0.744771 0.036947 0.660684 2 1.000000
1520616763.711421 1.424381 0.269292 2.240114 -0.081684 0.752265 0.045839 0.652168 2 1.000000
1520616763.811425 1.521110 0.253419 2.217249 -0.059525 0.758109 0.038008 0.648293 2 1.000000
1520616763.911427 1.619621 0.255909 2.201333 -0.039568 0.759892 0.036984 0.647789 2 1.000000
1520616763.961429 1.670799 0.264585 2.193522 -0.035811 0.759282 0.037190 0.648710 2 1.000000
1520616764.011431 1.722331 0.273350 2.186802 -0.036401 0.755545 0.041027 0.652797 2 1.000000
1520616764.060730 1.772140 0.278563 2.182539 -0.037893 0.750946 0.046450 0.657638 2 1.000000
1520616764.160734 1.870234 0.279082 2.181717 -0.036873 0.735602 0.054388 0.674219 2 1.000000
1520616764.210734 1.919816 0.272935 2.184021 -0.039279 0.725680 0.055218 0.684687 2 1.000000
1520616764.310744 2.009187 0.258090 2.193941 -0.044172 0.707702 0.055416 0.702948 2 1.000000
1520616764.410741 2.102204 0.260696 2.198413 -0.043532 0.695223 0.040928 0.716306 2 1.000000
1520616764.461072 2.152301 0.269181 2.201817 -0.039258 0.690942 0.032719 0.721102 2 1.000000
1520616764.511074 2.202330 0.275594 2.203687 -0.035607 0.687067 0.027727 0.725191 2 1.000000
1520616764.561075 2.258026 0.283811 2.205648 -0.034118 0.688284 0.022831 0.724279 2 1.000000
1520616764.661079 2.354681 0.283061 2.205209 -0.037902 0.695184 0.038061 0.716822 2 1.000000
1520616764.761082 2.444392 0.271153 2.201906 -0.040323 0.716111 0.045014 0.695365 2 1.000000
1520616764.861085 2.539284 0.263400 2.193482 -0.035921 0.732409 0.050909 0.678008 2 1.000000
1520616764.912137 2.589662 0.266119 2.191399 -0.029043 0.736388 0.054476 0.673737 2 1.000000
1520616764.962138 2.638744 0.273837 2.184377 -0.023662 0.738692 0.052776 0.671558 2 1.000000
1520616765.012140 2.688087 0.283416 2.180566 -0.023222 0.738676 0.052698 0.671596 2 1.000000
1520616765.112143 2.779719 0.297857 2.178098 -0.022955 0.730017 0.059655 0.680433 2 1.000000
1520616765.212147 2.880413 0.295795 2.174330 -0.039762 0.718081 0.056560 0.692517 2 1.000000
1520616765.312943 2.965902 0.286399 2.178568 -0.057365 0.701155 0.063991 0.707811 2 1.000000
1520616765.412946 3.062793 0.286112 2.176901 -0.063359 0.687750 0.059239 0.720747 2 1.000000
1520616765.512949 3.166870 0.300655 2.179831 -0.065161 0.675422 0.051355 0.732750 2 1.000000
1520616765.562951 3.216396 0.309984 2.176863 -0.062471 0.670457 0.050165 0.737610 2 1.000000
1520616765.662955 3.313242 0.317688 2.166864 -0.067932 0.683664 0.045582 0.725197 2 1.000000
1520616765.712479 3.365304 0.315412 2.166646 -0.072115 0.694622 0.053419 0.713755 2 1.000000
1520616765.762481 3.415101 0.310072 2.161204 -0.075017 0.704807 0.058780 0.702969 2 1.000000
1520616765.812484 3.463773 0.303960 2.149379 -0.079006 0.714506 0.059124 0.692636 2 1.000000
1520616765.912485 3.574969 0.298149 2.132199 -0.071111 0.727756 0.064742 0.679060 2 1.000000
1520616766.012488 3.670326 0.303259 2.112361 -0.057631 0.736952 0.059345 0.670864 2 1.000000
1520616766.062489 3.722536 0.312610 2.102729 -0.052839 0.740003 0.054410 0.668314 2 1.000000
1520616766.111555 3.773405 0.316427 2.099285 -0.048045 0.740437 0.054063 0.668223 2 1.000000
1520616766.211558 3.869353 0.321012 2.085447 -0.050736 0.735190 0.046688 0.674346 2 1.000000
1520616766.311561 3.961743 0.309494 2.079363 -0.064560 0.724282 0.043895 0.685070 2 1.000000
1520616766.361563 4.012788 0.303769 2.080211 -0.065798 0.716569 0.042479 0.693105 2 1.000000
1520616766.461566 4.103372 0.299438 2.080718 -0.068369 0.701192 0.031433 0.708990 2 1.000000
1520616766.560797 4.196058 0.312200 2.082188 -0.068917 0.685885 0.018680 0.724199 2 1.000000
1520616766.660800 4.306478 0.325479 2.085087 -0.070773 0.675960 0.010840 0.733452 2 1.000000
1520616766.760803 4.403793 0.322998 2.089684 -0.074812 0.673194 0.015512 0.735509 2 1.000000
1520616766.860806 4.497375 0.313632 2.098227 -0.079560 0.677252 0.023877 0.731047 2 1.000000
1520616766.960778 4.585819 0.305098 2.103458 -0.069921 0.678456 0.029581 0.730708 2 1.000000
1520616767.060781 4.682813 0.309397 2.111249 -0.054405 0.666822 0.023668 0.742851 2 1.000000
1520616767.110782 4.733423 0.314665 2.117061 -0.048510 0.657591 0.018845 0.751576 2 1.000000
1520616767.210787 4.833118 0.322059 2.135251 -0.043968 0.628164 0.017820 0.776634 2 1.000000
1520616767.310789 4.922613 0.322462 2.155181 -0.052690 0.594603 0.009568 0.802234 2 1.000000
1520616767.411926 5.004512 0.316095 2.185666 -0.063828 0.549663 0.020550 0.832691 2 1.000000
1520616767.511930 5.068260 0.316916 2.218438 -0.071084 0.506917 0.020661 0.858810 2 1.000000
1520616767.611989 5.160030 0.327847 2.257776 -0.068572 0.468084 0.002363 0.881016 2 1.000000
1520616767.711936 5.238718 0.343390 2.300491 -0.072402 0.428431 -0.014031 0.900560 2 1.000000
1520616767.812355 5.314995 0.351358 2.350072 -0.078220 0.388328 -0.019609 0.917986 2 1.000000
1520616767.912358 5.380361 0.342341 2.410466 -0.070837 0.350842 -0.024692 0.933425 2 1.000000
1520616768.012362 5.440351 0.337936 2.477098 -0.059994 0.294027 -0.028589 0.953484 2 1.000000
1520616768.112365 5.491470 0.349753 2.544930 -0.054799 0.223979 -0.019103 0.972865 2 1.000000
1520616768.210437 5.522380 0.369429 2.608925 -0.059331 0.162577 -0.010329 0.984856 2 1.000000
1520616768.310441 5.550769 0.385295 2.680317 -0.059081 0.106665 0.000312 0.992538 2 1.000000
1520616768.410444 5.565556 0.386245 2.747450 -0.051677 0.032630 0.013201 0.998043 2 1.000000
1520616768.510447 5.563594 0.381688 2.813143 -0.057410 -0.036430 0.019480 0.997496 2 1.000000
1520616768.609716 5.560284 0.390102 2.886095 -0.058740 -0.088532 0.014623 0.994232 2 1.000000
1520616768.709719 5.559333 0.403891 2.962098 -0.056745 -0.128057 0.015568 0.990020 2 1.000000
1520616768.809722 5.546695 0.410923 3.023780 -0.052904 -0.151590 0.017290 0.986875 2 1.000000
1520616768.909724 5.534960 0.406783 3.097246 -0.048942 -0.159660 0.023036 0.985689 2 1.000000
1520616769.009625 5.525185 0.397212 3.181198 -0.032831 -0.160892 0.026815 0.986061 2 1.000000
1520616769.109629 5.501301 0.390273 3.250363 -0.011512 -0.204056 0.026057 0.978545 2 1.000000
1520616769.209632 5.471238 0.397448 3.315883 0.003210 -0.264628 0.017123 0.964193 2 1.000000
1520616769.309635 5.434844 0.406561 3.377711 0.002453 -0.324076 0.010610 0.945969 2 1.000000
1520616769.409698 5.389120 0.414489 3.426538 0.003191 -0.391597 0.004846 0.920119 2 1.000000
1520616769.459701 5.356690 0.416314 3.450205 0.002739 -0.433370 0.008122 0.901175 2 1.000000
1520616769.509702 5.330249 0.415210 3.462246 0.002042 -0.475435 0.011685 0.879671 2 1.000000
1520616769.609704 5.272654 0.415609 3.477418 -0.005404 -0.545490 0.008207 0.838060 2 1.000000
1520616769.709707 5.206131 0.426884 3.494131 -0.006301 -0.598536 0.007537 0.801036 2 1.000000
1520616769.810701 5.138649 0.439621 3.503860 -0.004175 -0.640474 0.009850 0.767905 2 1.000000
1520616769.910705 5.069145 0.447602 3.510339 -0.012936 -0.668123 0.010648 0.743863 2 1.000000
1520616770.010708 5.000357 0.441640 3.508258 -0.020934 -0.688495 0.019243 0.724684 2 1.000000
1520616770.110711 4.928304 0.429921 3.503710 -0.019098 -0.704777 0.040265 0.708028 2 1.000000
1520616770.211904 4.858266 0.427245 3.495406 -0.023179 -0.722188 0.048066 0.689635 2 1.000000
1520616770.311908 4.784916 0.432548 3.488255 -0.028184 -0.732376 0.048836 0.678562 2 1.000000
1520616770.411911 4.708213 0.429413 3.487108 -0.030865 -0.729346 0.051917 0.681473 2 1.000000
1520616770.511914 4.630625 0.417670 3.488289 -0.041510 -0.715526 0.055719 0.695123 2 1.000000
1520616770.612808 4.553673 0.400600 3.495278 -0.031794 -0.696878 0.060245 0.713947 2 1.000000
1520616770.712812 4.474615 0.390393 3.503677 -0.021436 -0.667668 0.066580 0.741166 2 1.000000
1520616770.812815 4.399041 0.384034 3.524168 -0.017885 -0.627001 0.063251 0.776240 2 1.000000
1520616770.912921 4.321064 0.386174 3.552839 -0.023802 -0.568244 0.058472 0.820435 2 1.000000
1520616770.962820 4.281374 0.381606 3.570046 -0.028529 -0.527978 0.056838 0.846873 2 1.000000
1520616771.012595 4.248780 0.380003 3.592639 -0.030566 -0.488685 0.060132 0.869849 2 1.000000
1520616771.062597 4.222796 0.373763 3.619523 -0.031059 -0.446019 0.061666 0.892356 2 1.000000
1520616771.112598 4.200347 0.366263 3.648797 -0.028098 -0.397092 0.058962 0.915452 2 1.000000
1520616771.162600 4.178660 0.361528 3.682827 -0.026126 -0.346093 0.054753 0.936237 2 1.000000
1520616771.212601 4.161943 0.355066 3.718408 -0.031990 -0.294823 0.051541 0.953624 2 1.000000
1520616771.262603 4.149345 0.352598 3.752514 -0.037943 -0.242096 0.051938 0.968118 2 1.000000
1520616771.312604 4.138617 0.352172 3.786050 -0.042116 -0.187973 0.054032 0.979782 2 1.000000
1520616771.362606 4.129829 0.346261 3.825131 -0.041697 -0.135062 0.062065 0.988012 2 1.000000
1520616771.411128 4.128816 0.344696 3.860552 -0.034496 -0.086429 0.072622 0.993009 2 1.000000
1520616771.461130 4.128791 0.337042 3.902899 -0.019756 -0.037415 0.079802 0.995912 2 1.000000
1520616771.511132 4.136590 0.331833 3.936790 -0.003102 0.013710 0.082182 0.996518 2 1.000000
1520616771.561133 4.145814 0.326349 3.972951 0.006416 0.068611 0.081198 0.994313 2 1.000000
1520616771.611135 4.162607 0.327176 4.005372 0.007473 0.122479 0.080121 0.989204 2 1.000000
1520616771.661136 4.176164 0.325497 4.040526 -0.000442 0.176968 0.077381 0.981170 2 1.000000
1520616771.711138 4.202652 0.328195 4.065222 -0.006259 0.228649 0.074225 0.970655 2 1.000000
1520616771.761139 4.227612 0.326551 4.088361 -0.007210 0.283269 0.070164 0.956443 2 1.000000
1520616771.811141 4.260693 0.334812 4.106469 -0.003048 0.339075 0.064128 0.938566 2 1.000000
1520616771.860009 4.287646 0.338960 4.121559 0.001835 0.392641 0.059125 0.917787 2 1.000000
1520616771.910011 4.319394 0.341306 4.131318 0.002981 0.444620 0.056570 0.893926 2 1.000000
1520616771.960012 4.349772 0.346927 4.135917 0.004854 0.495355 0.055011 0.866933 2 1.000000
1520616772.010014 4.381170 0.352907 4.136356 0.004864 0.542060 0.054586 0.838551 2 1.000000
1520616772.060015 4.414397 0.356255 4.130052 0.001936 0.584320 0.059059 0.809369 2 1.000000
1520616772.110017 4.444104 0.361831 4.123003 0.000770 0.622556 0.061421 0.780160 2 1.000000
1520616772.160018 4.473694 0.364246 4.112302 -0.002946 0.657227 0.060139 0.751284 2 1.000000
1520616772.259750 4.539780 0.365598 4.082267 -0.007547 0.714495 0.059414 0.697073 2 1.000000
1520616772.359753 4.605505 0.372277 4.042608 -0.004500 0.758892 0.061206 0.648318 2 1.000000
1520616772.459757 4.669172 0.381659 3.996406 -0.008857 0.790262 0.056000 0.610140 2 1.000000
1520616772.559759 4.737352 0.388336 3.951890 -0.023172 0.805337 0.039896 0.591019 2 1.000000
1520616772.659722 4.798615 0.393548 3.906047 -0.036545 0.816884 0.028914 0.574916 2 1.000000
1520616772.759725 4.860417 0.399875 3.860609 -0.043425 0.834363 0.027869 0.548795 2 1.000000
1520616772.859728 4.924953 0.408032 3.808357 -0.038954 0.856561 0.032237 0.513563 2 1.000000
1520616772.959731 4.990149 0.424034 3.754274 -0.037569 0.880602 0.035137 0.471056 2 1.000000
1520616773.060005 5.057378 0.432917 3.698210 -0.029926 0.904193 0.039576 0.424232 2 1.000000
1520616773.160008 5.118431 0.430320 3.634866 -0.020245 0.925007 0.032291 0.378034 2 1.000000
1520616773.260011 5.168808 0.418492 3.570888 -0.019828 0.942253 0.032801 0.332702 2 1.000000
1520616773.360015 5.216841 0.412123 3.500619 -0.012992 0.957229 0.043325 0.285774 2 1.000000
1520616773.461805 5.264778 0.414784 3.425122 -0.002951 0.968113 0.046187 0.246201 2 1.000000
1520616773.561808 5.305248 0.420009 3.347246 -0.002684 0.975952 0.041697 0.213943 2 1.000000
1520616773.661811 5.347781 0.420397 3.274387 -0.008721 0.979708 0.044545 0.195225 2 1.000000
1520616773.761815 5.387083 0.414787 3.195752 -0.029794 0.982665 0.040022 0.178549 2 1.000000
1520616773.863091 5.426189 0.403126 3.126010 -0.045653 0.982979 0.023622 0.176383 2 1.000000
1520616773.963094 5.465690 0.401177 3.052764 -0.056001 0.982812 0.013054 0.175423 2 1.000000
1520616774.063097 5.506589 0.424587 2.984169 -0.067196 0.982919 0.016128 0.170570 2 1.000000
1520616774.163101 5.545133 0.425751 2.907102 -0.079769 0.982131 0.015888 0.169714 2 1.000000
1520616774.263104 5.585664 0.416480 2.832378 -0.096558 0.980152 0.010393 0.172829 2 1.000000
1520616774.362897 5.622184 0.395723 2.763140 -0.099215 0.978976 0.004569 0.178163 2 1.000000
1520616774.462900 5.660630 0.383755 2.686637 -0.092334 0.976637 0.005457 0.193973 2 1.000000
1520616774.562903 5.704581 0.380771 2.619081 -0.094233 0.970465 -0.002890 0.222058 2 1.000000
1520616774.662906 5.750977 0.383254 2.550820 -0.098474 0.959262 -0.009666 0.264625 2 1.000000
1520616774.763841 5.806729 0.379499 2.494313 -0.104690 0.942330 -0.011266 0.317691 2 1.000000
1520616774.863844 5.864986 0.376892 2.445968 -0.110920 0.921358 -0.000954 0.372553 2 1.000000
1520616774.963848 5.926846 0.372952 2.405888 -0.099966 0.897844 0.007845 0.428744 2 1.000000
1520616775.063851 6.004346 0.373345 2.363657 -0.073811 0.875153 -0.000777 0.478183 2 1.000000
1520616775.166384 6.083054 0.378716 2.324823 -0.052162 0.859250 -0.001837 0.508886 2 1.000000
1520616775.266387 6.154812 0.379522 2.284851 -0.044504 0.855375 0.012541 0.515942 2 1.000000
1520616775.366391 6.235482 0.372028 2.244278 -0.028804 0.856603 0.035972 0.513913 2 1.000000
1520616775.466395 6.307421 0.359330 2.206336 -0.014647 0.864623 0.042918 0.500371 2 1.000000
1520616775.568128 6.380274 0.350941 2.160061 0.012875 0.873225 0.050358 0.484538 2 1.000000
1520616775.668128 6.449282 0.354328 2.105061 0.037123 0.881667 0.048674 0.467884 2 1.000000
1520616775.768131 6.517598 0.356703 2.051665 0.050032 0.891596 0.041596 0.448132 2 1.000000
1520616775.868135 6.582589 0.352040 1.993280 0.054899 0.901991 0.036245 0.426713 2 1.000000
1520616775.968138 6.639747 0.341795 1.934070 0.048825 0.913674 0.021917 0.402909 2 1.000000
1520616776.068141 6.689890 0.333709 1.870552 0.048171 0.926930 0.011823 0.371941 2 1.000000
1520616776.168144 6.737726 0.330492 1.804506 0.049067 0.941936 -0.001133 0.332185 2 1.000000
1520616776.268147 6.788124 0.339392 1.730216 0.045943 0.956142 -0.015780 0.288847 2 1.000000
1520616776.368176 6.830467 0.337470 1.656662 0.034169 0.967658 -0.014030 0.249548 2 1.000000
1520616776.468179 6.865592 0.333047 1.590496 0.013749 0.975012 -0.003698 0.221694 2 1.000000
1520616776.568182 6.901237 0.328629 1.523828 0.000926 0.978412 -0.005514 0.206587 2 1.000000
1520616776.668186 6.940190 0.325915 1.451950 -0.004953 0.977309 -0.009703 0.211537 2 1.000000
1520616776.767155 6.979561 0.328976 1.386024 -0.016019 0.970494 -0.015553 0.240089 2 1.000000
1520616776.867158 7.022942 0.332146 1.322503 -0.027288 0.955170 -0.018196 0.294237 2 1.000000
1520616776.967161 7.070820 0.322619 1.273111 -0.041227 0.935003 -0.012796 0.352004 2 1.000000
1520616777.067164 7.129020 0.312356 1.233648 -0.038081 0.910481 -0.014684 0.411532 2 1.000000
1520616777.166659 7.194257 0.305438 1.184548 -0.027472 0.884302 -0.019261 0.465708 2 1.000000
1520616777.266662 7.253047 0.308289 1.157917 -0.007677 0.868319 -0.016132 0.495685 2 1.000000
1520616777.316664 7.294526 0.311535 1.127183 0.005278 0.865879 -0.013132 0.500053 2 1.000000
1520616777.416667 7.360444 0.308946 1.087445 0.028560 0.872683 -0.002775 0.487443 2 1.000000
1520616777.516670 7.434586 0.296451 1.039150 0.047654 0.883616 0.019535 0.465371 2 1.000000
1520616777.616919 7.496897 0.289746 0.990445 0.063301 0.896625 0.038811 0.436521 2 1.000000
1520616777.716922 7.554743 0.288513 0.945688 0.084883 0.904694 0.050553 0.414449 2 1.000000
1520616777.816925 7.615320 0.289376 0.886941 0.105478 0.914047 0.047806 0.388726 2 1.000000
1520616777.916929 7.670458 0.284542 0.819880 0.129522 0.926151 0.030700 0.352882 2 1.000000
1520616778.015328 7.712182 0.273229 0.750300 0.147469 0.941101 0.017265 0.303782 2 1.000000
1520616778.115331 7.742102 0.266392 0.680405 0.157017 0.956592 0.016207 0.244979 2 1.000000
1520616778.215334 7.766460 0.268844 0.602682 0.162660 0.970335 0.016300 0.178117 2 1.000000
1520616778.265336 7.783422 0.269039 0.551589 0.160518 0.976919 0.012754 0.140358 2 1.000000
1520616778.362358 7.779487 0.273014 0.486277 0.159162 0.984741 -0.004823 0.070210 2 1.000000
1520616778.462361 7.774874 0.270480 0.412936 -0.148069 -0.988705 0.022497 0.005702 2 1.000000
1520616778.562364 7.754440 0.265634 0.347142 -0.117459 -0.989657 0.033036 0.075440 2 1.000000
1520616778.662367 7.732844 0.256469 0.281904 -0.089429 -0.985638 0.044576 0.136139 2 1.000000
1520616778.762370 7.703848 0.253605 0.216751 -0.059638 -0.979333 0.051099 0.186384 2 1.000000
1520616778.860534 7.669394 0.255074 0.155924 -0.036105 -0.973924 0.059899 0.215823 2 1.000000
1520616778.960536 7.637935 0.254341 0.086110 -0.005831 -0.970549 0.080522 0.226973 2 1.000000
1520616779.060541 7.620347 0.242474 0.018504 0.021275 -0.971525 0.087357 0.219217 2 1.000000
1520616779.160543 7.603349 0.234799 -0.046756 0.042906 -0.975159 0.084140 0.200360 2 1.000000
1520616779.259791 7.591900 0.232238 -0.111260 0.053386 -0.979359 0.068874 0.182380 2 1.000000
1520616779.359794 7.588637 0.236586 -0.188936 0.057350 -0.982507 0.060449 0.166542 2 1.000000
1520616779.459797 7.583330 0.240427 -0.259722 0.068790 -0.985332 0.061126 0.143708 2 1.000000
1520616779.559800 7.581808 0.236666 -0.324572 0.081756 -0.987089 0.059647 0.124153 2 1.000000
1520616779.659576 7.586552 0.227556 -0.394755 0.085794 -0.990344 0.051562 0.095909 2 1.000000
1520616779.759579 7.595368 0.215487 -0.461999 0.096871 -0.991619 0.048652 0.070291 2 1.000000
1520616779.859583 7.605850 0.207297 -0.539704 0.099569 -0.993069 0.043451 0.044853 2 1.000000
1520616779.959586 7.629675 0.202984 -0.606418 0.087347 -0.995379 0.039815 0.002298 2 1.000000
1520616780.060066 7.662809 0.204211 -0.677384 -0.078730 0.994195 -0.042737 0.059598 2 1.000000
1520616780.160069 7.706050 0.197844 -0.737547 -0.070605 0.986799 -0.052783 0.135853 2 1.000000
1520616780.260072 7.754388 0.185149 -0.784533 -0.055290 0.972172 -0.058855 0.219909 2 1.000000
1520616780.310074 7.782386 0.182507 -0.803142 -0.052389 0.960071 -0.064038 0.267240 2 1.000000
1520616780.360075 7.812763 0.179499 -0.816808 -0.051262 0.946514 -0.065815 0.311691 2 1.000000
1520616780.411785 7.846004 0.177280 -0.830647 -0.058713 0.929122 -0.068192 0.358658 2 1.000000
1520616780.461786 7.875585 0.179991 -0.839840 -0.066864 0.910300 -0.073439 0.401858 2 1.000000
1520616780.511789 7.905152 0.181073 -0.846664 -0.071268 0.888782 -0.078168 0.445956 2 1.000000
1520616780.561790 7.938441 0.181398 -0.859726 -0.070975 0.863832 -0.083582 0.491702 2 1.000000
1520616780.611791 7.967997 0.183871 -0.856243 -0.069378 0.836499 -0.091027 0.535882 2 1.000000
1520616780.661796 7.993154 0.185288 -0.853241 -0.067360 0.804632 -0.098388 0.581679 2 1.000000
1520616780.711794 8.020611 0.186188 -0.839360 -0.063284 0.767367 -0.103495 0.629629 2 1.000000
1520616780.761875 8.042312 0.186922 -0.826459 -0.056280 0.725407 -0.107241 0.677581 2 1.000000
1520616780.810660 8.063358 0.180365 -0.809392 -0.053036 0.685108 -0.107945 0.718444 2 1.000000
1520616780.860662 8.081540 0.184182 -0.786824 -0.048098 0.637517 -0.109742 0.761062 2 1.000000
1520616780.910663 8.092958 0.186049 -0.764356 -0.044874 0.583333 -0.108050 0.803762 2 1.000000
1520616780.960665 8.102472 0.190544 -0.737038 -0.042721 0.524833 -0.103510 0.843807 2 1.000000
1520616781.010667 8.106046 0.198968 -0.711040 -0.038015 0.462176 -0.097431 0.880599 2 1.000000
1520616781.060668 8.106029 0.203622 -0.682078 -0.036761 0.399264 -0.091112 0.911557 2 1.000000
1520616781.110671 8.101892 0.209380 -0.654910 -0.031798 0.335399 -0.085999 0.937604 2 1.000000
1520616781.160671 8.092149 0.211553 -0.630744 -0.027899 0.268598 -0.081813 0.959366 2 1.000000
1520616781.210673 8.076564 0.215085 -0.604033 -0.018997 0.206783 -0.073227 0.975458 2 1.000000
1520616781.261109 8.061354 0.215001 -0.583890 -0.012114 0.138987 -0.061294 0.988321 2 1.000000
1520616781.311111 8.034996 0.211172 -0.561620 -0.007712 0.080418 -0.051653 0.995392 2 1.000000
1520616781.361112 8.011924 0.208770 -0.542686 -0.002643 0.026721 -0.042436 0.998738 2 1.000000
1520616781.411114 7.983602 0.209893 -0.521677 0.000455 -0.018830 -0.031416 0.999329 2 1.000000
1520616781.461116 7.956401 0.213137 -0.503962 0.004790 -0.062201 -0.019344 0.997865 2 1.000000
1520616781.561119 7.891608 0.213246 -0.466952 0.006749 -0.131011 0.007888 0.991327 2 1.000000
1520616781.664536 7.832493 0.219873 -0.436920 -0.002001 -0.178191 0.028274 0.983588 2 1.000000
1520616781.764540 7.780524 0.221638 -0.404473 -0.009047 -0.198273 0.058250 0.978373 2 1.000000
1520616781.864543 7.733397 0.217473 -0.366783 -0.011928 -0.197424 0.086131 0.976454 2 1.000000
1520616781.964545 7.687537 0.215527 -0.324255 -0.016745 -0.196500 0.110189 0.974149 2 1.000000
1520616782.066580 7.653152 0.223293 -0.276089 -0.027683 -0.190721 0.122590 0.973566 2 1.000000
1520616782.166584 7.625446 0.233543 -0.222598 -0.047019 -0.164078 0.132229 0.976413 2 1.000000
1520616782.266587 7.608483 0.237330 -0.160433 -0.057335 -0.117815 0.142507 0.981083 2 1.000000
1520616782.366590 7.601914 0.236144 -0.091072 -0.055812 -0.054853 0.142417 0.986708 2 1.000000
1520616782.467312 7.600539 0.233206 -0.020073 -0.041308 0.017949 0.125749 0.991039 2 1.000000
1520616782.567315 7.610923 0.235994 0.047718 -0.026617 0.082355 0.109850 0.990173 2 1.000000
1520616782.667318 7.623091 0.244313 0.116102 -0.013194 0.141448 0.096268 0.985165 2 1.000000
1520616782.767321 7.642128 0.254430 0.181801 -0.007247 0.191370 0.082963 0.977978 2 1.000000
1520616782.868397 7.659819 0.258627 0.248358 0.001708 0.236782 0.070847 0.968975 2 1.000000
1520616782.968400 7.682559 0.258043 0.311641 0.015771 0.265399 0.050736 0.962674 2 1.000000
1520616783.068404 7.712863 0.253996 0.370886 0.023329 0.279344 0.023198 0.959627 2 1.000000
1520616783.168407 7.739307 0.255354 0.429127 0.024426 0.275505 -0.007837 0.960957 2 1.000000
1520616783.268410 7.763729 0.261803 0.492151 0.030478 0.241088 -0.043097 0.969067 2 1.000000
1520616783.368413 7.776687 0.263131 0.563134 0.044618 0.171139 -0.075250 0.981355 2 1.000000
1520616783.418414 7.777238 0.261197 0.595689 0.061229 0.125300 -0.091087 0.986029 2 1.000000
1520616783.468418 7.767505 0.251346 0.626380 0.082721 0.075764 -0.111933 0.987364 2 1.000000
1520616783.518419 7.761291 0.244195 0.657908 0.108865 0.017308 -0.126729 0.985793 2 1.000000
1520616783.568419 7.747158 0.236273 0.684170 0.132930 -0.044626 -0.134506 0.980942 2 1.000000
1520616783.618422 7.729878 0.229089 0.710748 0.150774 -0.103933 -0.135666 0.973684 2 1.000000
1520616783.668423 7.705565 0.218683 0.736071 0.159152 -0.160477 -0.131462 0.965213 2 1.000000
1520616783.718425 7.682726 0.216996 0.758186 0.167016 -0.210497 -0.127245 0.954780 2 1.000000
1520616783.768426 7.658093 0.217700 0.779174 0.171338 -0.252601 -0.121003 0.944561 2 1.000000
1520616783.868430 7.610698 0.218720 0.821699 0.176167 -0.325974 -0.108222 0.922494 2 1.000000
1520616783.968432 7.553664 0.222046 0.859031 0.178809 -0.375663 -0.085352 0.905329 2 1.000000
1520616784.068435 7.503042 0.221016 0.884053 0.169242 -0.422805 -0.052153 0.888748 2 1.000000
1520616784.168438 7.454807 0.223190 0.904886 0.156174 -0.475578 -0.026168 0.865304 2 1.000000
1520616784.268441 7.405240 0.227892 0.912574 0.131375 -0.533941 0.003277 0.835246 2 1.000000
1520616784.368444 7.350164 0.236368 0.928335 0.099219 -0.577368 0.038091 0.809537 2 1.000000
1520616784.468447 7.292711 0.249315 0.948997 0.064535 -0.600998 0.086181 0.791966 2 1.000000
1520616784.568265 7.231504 0.254363 0.980397 0.045855 -0.592465 0.131555 0.793458 2 1.000000
1520616784.668269 7.178089 0.248717 1.017740 0.022196 -0.564058 0.170439 0.807649 2 1.000000
1520616784.768272 7.127665 0.241242 1.057670 0.009557 -0.514753 0.194672 0.834890 2 1.000000
1520616784.868275 7.073414 0.243726 1.113433 0.000732 -0.454375 0.214700 0.864550 2 1.000000
1520616784.968463 7.025056 0.249335 1.163404 -0.012948 -0.395805 0.222610 0.890851 2 1.000000
1520616785.068466 6.978122 0.255299 1.229369 -0.024824 -0.340733 0.226897 0.912032 2 1.000000
1520616785.168469 6.932025 0.257673 1.295770 -0.025279 -0.278547 0.228796 0.932429 2 1.000000
1520616785.268473 6.898701 0.260963 1.364493 -0.016589 -0.212813 0.222124 0.951366 2 1.000000
1520616785.368476 6.876083 0.265211 1.430746 -0.014425 -0.159478 0.218834 0.962533 2 1.000000
1520616785.468479 6.847955 0.280727 1.505117 -0.011313 -0.115161 0.221186 0.968342 2 1.000000
1520616785.568483 6.828101 0.293083 1.581210 -0.005916 -0.075237 0.228334 0.970654 2 1.000000
1520616785.668485 6.819284 0.301044 1.658055 0.004994 -0.035843 0.239090 0.970323 2 1.000000
1520616785.768488 6.821233 0.304794 1.732307 0.014045 0.007648 0.232517 0.972461 2 1.000000
1520616785.868491 6.831158 0.306496 1.810474 0.015693 0.050428 0.238655 0.969667 2 1.000000
1520616785.968494 6.852814 0.314308 1.885318 0.020624 0.104555 0.229428 0.967474 2 1.000000
1520616786.068497 6.883958 0.330851 1.959599 0.038534 0.164329 0.228271 0.958855 2 1.000000
1520616786.168500 6.929338 0.344475 2.029225 0.057231 0.233945 0.222915 0.944618 2 1.000000
1520616786.268505 6.980898 0.351114 2.096285 0.073377 0.304561 0.213597 0.925330 2 1.000000
1520616786.368507 7.045668 0.363247 2.147791 0.074136 0.379905 0.197861 0.900570 2 1.000000
1520616786.468510 7.113185 0.368232 2.187925 0.064718 0.444658 0.189688 0.872989 2 1.000000
1520616786.568514 7.185522 0.387566 2.228740 0.069083 0.498709 0.179676 0.845123 2 1.000000
1520616786.668516 7.264393 0.403058 2.267890 0.074676 0.536585 0.175512 0.822007 2 1.000000
1520616786.768520 7.340848 0.413154 2.295248 0.076226 0.562347 0.167198 0.806226 2 1.000000
1520616786.868524 7.424541 0.417654 2.316587 0.061752 0.585144 0.152675 0.794030 2 1.000000
1520616786.967438 7.500501 0.415824 2.330704 0.049767 0.599952 0.135736 0.786865 2 1.000000
1520616787.017440 7.551384 0.417538 2.345278 0.048119 0.610153 0.121410 0.781446 2 1.000000
1520616787.117442 7.640993 0.431870 2.351961 0.044244 0.626236 0.089961 0.773161 2 1.000000
1520616787.217446 7.724250 0.441465 2.355768 0.046647 0.645131 0.077311 0.758718 2 1.000000
1520616787.317463 7.811489 0.445632 2.356022 0.036946 0.677690 0.061760 0.731817 2 1.000000
1520616787.415853 7.883809 0.440667 2.345042 0.023085 0.706871 0.053705 0.704923 2 1.000000
1520616787.515857 7.966383 0.434734 2.334898 0.024103 0.738310 0.039972 0.672845 2 1.000000
1520616787.615860 8.051741 0.436952 2.311604 0.028086 0.758162 0.018783 0.651190 2 1.000000
1520616787.715863 8.134251 0.444385 2.292023 0.022487 0.767786 0.009064 0.640248 2 1.000000
1520616787.814110 8.223666 0.445599 2.278528 0.012826 0.768753 0.014384 0.639255 2 1.000000
1520616787.914113 8.306882 0.438474 2.261038 -0.006308 0.765392 0.018610 0.643264 2 1.000000
1520616787.964115 8.366783 0.435078 2.255015 -0.007531 0.761712 0.019027 0.647592 2 1.000000
1520616788.064118 8.451824 0.427521 2.238000 0.000464 0.751027 0.005000 0.660252 2 1.000000
1520616788.164121 8.548396 0.427219 2.227132 0.004980 0.742805 -0.021334 0.669150 2 1.000000
1520616788.262739 8.637444 0.432516 2.213075 0.006081 0.742612 -0.035579 0.668749 2 1.000000
1520616788.362743 8.712393 0.434053 2.200653 0.002009 0.749149 -0.030500 0.661696 2 1.000000
1520616788.412744 8.773386 0.427807 2.196557 -0.004850 0.750191 -0.024216 0.660759 2 1.000000
1520616788.512747 8.850481 0.417352 2.186333 -0.015392 0.754754 -0.022349 0.655447 2 1.000000
1520616788.562749 8.905464 0.417406 2.177117 -0.013278 0.754538 -0.024943 0.655648 2 1.000000
1520616788.661558 8.992271 0.421107 2.165311 -0.011420 0.752398 -0.026419 0.658080 2 1.000000
1520616788.761561 9.074586 0.433249 2.153537 -0.016542 0.746100 -0.027633 0.665055 2 1.000000
1520616788.861564 9.173712 0.438855 2.141135 -0.025530 0.736105 -0.030714 0.675688 2 1.000000
1520616788.961603 9.262354 0.431559 2.135334 -0.036747 0.717164 -0.033402 0.695133 2 1.000000
1520616789.060905 9.353980 0.428374 2.141380 -0.049609 0.693736 -0.040120 0.717398 2 1.000000
1520616789.160908 9.435287 0.432183 2.144343 -0.057410 0.672894 -0.047868 0.735952 2 1.000000
1520616789.260911 9.525133 0.445614 2.147737 -0.060033 0.659031 -0.060190 0.747296 2 1.000000
1520616789.360914 9.600598 0.453181 2.152328 -0.065192 0.655039 -0.063261 0.750115 2 1.000000
1520616789.461005 9.681554 0.450082 2.161712 -0.069497 0.654286 -0.053853 0.751119 2 1.000000
1520616789.561008 9.768477 0.443136 2.168680 -0.076529 0.655212 -0.046865 0.750096 2 1.000000
1520616789.661011 9.850566 0.441017 2.175676 -0.074908 0.648714 -0.051234 0.755601 2 1.000000
1520616789.711012 9.900338 0.443853 2.181159 -0.071514 0.640924 -0.060113 0.761898 2 1.000000
1520616789.812220 9.983441 0.452378 2.192996 -0.067628 0.613553 -0.079212 0.782755 2 1.000000
1520616789.912224 10.074974 0.460154 2.212120 -0.061910 0.572613 -0.094313 0.812026 2 1.000000
1520616790.012228 10.147441 0.458265 2.239336 -0.066486 0.535827 -0.098255 0.835951 2 1.000000
1520616790.112230 10.220442 0.457965 2.275326 -0.078923 0.492005 -0.091232 0.862195 2 1.000000
1520616790.212307 10.286505 0.466827 2.317946 -0.086860 0.448434 -0.093694 0.884637 2 1.000000
1520616790.312309 10.353064 0.483896 2.362988 -0.084104 0.403937 -0.102640 0.905111 2 1.000000
1520616790.412313 10.415819 0.501255 2.413431 -0.086200 0.359724 -0.112885 0.922185 2 1.000000
1520616790.512316 10.467894 0.509209 2.466205 -0.085092 0.310129 -0.117187 0.939599 2 1.000000
1520616790.612378 10.498731 0.507173 2.527052 -0.079524 0.257465 -0.112722 0.956390 2 1.000000
1520616790.710992 10.529152 0.510857 2.591832 -0.071900 0.207327 -0.109885 0.969418 2 1.000000
1520616790.810994 10.546529 0.525662 2.651274 -0.065268 0.149838 -0.104754 0.980977 2 1.000000
1520616790.910997 10.563433 0.535464 2.706802 -0.070749 0.094570 -0.093640 0.988576 2 1.000000
1520616791.011001 10.582189 0.542762 2.773326 -0.062701 0.050343 -0.078163 0.993692 2 1.000000
1520616791.110412 10.589502 0.535900 2.834302 -0.049268 0.010351 -0.054456 0.997246 2 1.000000
1520616791.210415 10.593005 0.525777 2.898342 -0.040254 -0.026929 -0.041009 0.997984 2 1.000000
1520616791.310418 10.594348 0.530846 2.961242 -0.020697 -0.065567 -0.041155 0.996784 2 1.000000
1520616791.410422 10.585099 0.539899 3.020867 -0.013590 -0.106593 -0.053392 0.992775 2 1.000000
1520616791.510060 10.570379 0.548966 3.079641 -0.010462 -0.151813 -0.067945 0.986016 2 1.000000
1520616791.610063 10.549649 0.549242 3.140072 -0.012211 -0.198016 -0.081256 0.976749 2 1.000000
1520616791.710066 10.518224 0.545909 3.191193 -0.013591 -0.249729 -0.084870 0.964494 2 1.000000
1520616791.810069 10.482813 0.546813 3.238289 -0.005310 -0.305273 -0.078210 0.949033 2 1.000000
1520616791.910035 10.441724 0.557840 3.286800 0.010311 -0.368931 -0.069087 0.926828 2 1.000000
1520616792.010038 10.397169 0.571456 3.325694 0.013335 -0.435090 -0.064356 0.897985 2 1.000000
1520616792.110040 10.349597 0.577404 3.355395 0.012966 -0.497532 -0.060780 0.865217 2 1.000000
1520616792.210044 10.301800 0.575055 3.369470 0.004123 -0.563390 -0.052452 0.824514 2 1.000000
1520616792.310152 10.242102 0.570541 3.374529 -0.003531 -0.623360 -0.046591 0.780538 2 1.000000
1520616792.410155 10.185153 0.578888 3.381046 -0.003728 -0.669747 -0.037401 0.741637 2 1.000000
1520616792.510158 10.125681 0.592624 3.384344 -0.006873 -0.701584 -0.029457 0.711944 2 1.000000
1520616792.610161 10.061213 0.596569 3.385231 -0.015678 -0.710317 -0.028669 0.703123 2 1.000000
1520616792.710271 9.991969 0.589088 3.383846 -0.029699 -0.710702 -0.013637 0.702734 2 1.000000
1520616792.810274 9.922221 0.574315 3.382076 -0.034575 -0.700937 0.011614 0.712290 2 1.000000
