# ORB-SLAM3 Path Recording
# Format: timestamp tx ty tz qx qy qz qw tracking_state confidence
# Translation in meters, quaternion (x,y,z,w), timestamp in seconds
# Coordinate system: Camera frame
1520616753.817489 -0.418191 0.099742 1.220304 -0.054234 -0.740135 0.056138 0.667913 2 1.000000
1520616753.917494 -0.477547 0.106303 1.221214 -0.058936 -0.722051 0.079789 0.684692 2 1.000000
1520616754.017497 -0.530791 0.111066 1.233266 -0.065001 -0.676200 0.106003 0.726149 2 1.000000
1520616754.117499 -0.576199 0.099957 1.253560 -0.081960 -0.606278 0.133916 0.779600 2 1.000000
1520616754.167500 -0.597370 0.100340 1.268464 -0.087321 -0.564340 0.144209 0.808146 2 1.000000
1520616754.217502 -0.615000 0.101139 1.284955 -0.094580 -0.521382 0.152942 0.834161 2 1.000000
1520616754.266214 -0.632340 0.101727 1.302319 -0.101573 -0.479291 0.164927 0.856015 2 1.000000
1520616754.316215 -0.651706 0.102924 1.322074 -0.101062 -0.433909 0.176952 0.877609 2 1.000000
1520616754.366217 -0.665317 0.104098 1.342460 -0.096194 -0.394336 0.189243 0.894110 2 1.000000
1520616754.416219 -0.675761 0.110248 1.359766 -0.083602 -0.354728 0.197062 0.910135 2 1.000000
1520616754.516221 -0.698284 0.111773 1.404632 -0.069735 -0.280745 0.200735 0.935962 2 1.000000
1520616754.616225 -0.713523 0.117918 1.447934 -0.070993 -0.209099 0.198766 0.954845 2 1.000000
1520616754.715357 -0.719562 0.119809 1.490203 -0.069616 -0.148097 0.186786 0.968675 2 1.000000
1520616754.815360 -0.723697 0.125720 1.535784 -0.060203 -0.085247 0.181366 0.977863 2 1.000000
1520616754.915363 -0.725933 0.133147 1.581949 -0.047027 -0.022317 0.170541 0.983975 2 1.000000
1520616755.015366 -0.725922 0.138248 1.630964 -0.035536 0.035626 0.163234 0.985303 2 1.000000
1520616755.112587 -0.722539 0.137590 1.671745 -0.036922 0.084751 0.160363 0.982720 2 1.000000
1520616755.212590 -0.712093 0.139535 1.720015 -0.039267 0.148680 0.152441 0.976276 2 1.000000
1520616755.312594 -0.695798 0.138221 1.762617 -0.032413 0.209286 0.160596 0.964032 2 1.000000
1520616755.412597 -0.675801 0.143192 1.811146 -0.017531 0.263453 0.169079 0.949577 2 1.000000
1520616755.510414 -0.652977 0.152836 1.858140 -0.006370 0.306926 0.180012 0.934533 2 1.000000
1520616755.610417 -0.622867 0.157767 1.900851 -0.000342 0.342172 0.184130 0.921420 2 1.000000
1520616755.710420 -0.584624 0.152992 1.936134 0.004746 0.378861 0.171976 0.909322 2 1.000000
1520616755.810423 -0.544949 0.151969 1.969167 0.012707 0.419742 0.163999 0.892614 2 1.000000
1520616755.909452 -0.500335 0.159757 1.998996 0.018512 0.467132 0.153583 0.870550 2 1.000000
1520616756.009455 -0.456003 0.170109 2.027317 0.022851 0.507993 0.144517 0.848844 2 1.000000
1520616756.109494 -0.408007 0.174934 2.043657 0.023461 0.547224 0.128971 0.826657 2 1.000000
1520616756.209462 -0.359789 0.173807 2.057894 0.018522 0.598632 0.103630 0.794076 2 1.000000
1520616756.309029 -0.310391 0.171496 2.064384 0.019393 0.651119 0.093720 0.752917 2 1.000000
1520616756.409032 -0.262984 0.172093 2.067761 0.031382 0.689716 0.104535 0.715807 2 1.000000
1520616756.509036 -0.211744 0.174300 2.065654 0.053912 0.724128 0.104296 0.679599 2 1.000000
1520616756.609038 -0.163552 0.178587 2.059922 0.073738 0.750198 0.101689 0.649172 2 1.000000
1520616756.709248 -0.113832 0.182107 2.047987 0.074399 0.772629 0.103330 0.621958 2 1.000000
1520616756.859252 -0.047175 0.172581 2.019522 0.079239 0.809572 0.091261 0.574444 2 1.000000
1520616756.959255 -0.000053 0.170486 1.993249 0.085242 0.837200 0.079545 0.534324 2 1.000000
1520616757.059259 0.045096 0.177562 1.960156 0.094275 0.868412 0.070418 0.481678 2 1.000000
1520616757.161740 0.084094 0.180996 1.921706 0.112048 0.899726 0.062155 0.417224 2 1.000000
1520616757.261743 0.114160 0.182858 1.879973 0.125814 0.928154 0.037119 0.348316 2 1.000000
1520616757.311744 0.126184 0.175362 1.860063 0.126507 0.942540 0.033646 0.307379 2 1.000000
1520616757.361746 0.137629 0.171237 1.837784 0.126162 0.955590 0.032495 0.264340 2 1.000000
1520616757.461749 0.148779 0.171508 1.789882 0.131647 0.972785 0.026785 0.188789 2 1.000000
1520616757.567495 0.156567 0.173302 1.739402 0.136399 0.983350 0.008173 0.119796 2 1.000000
1520616757.667497 0.164407 0.172848 1.692979 0.146482 0.986724 -0.003650 0.070033 2 1.000000
1520616757.767558 0.169652 0.173622 1.647982 0.158078 0.987056 -0.014364 0.022916 2 1.000000
1520616757.867502 0.161291 0.163070 1.601757 -0.158258 -0.986701 0.021878 0.029941 2 1.000000
1520616757.967064 0.148272 0.148061 1.555695 -0.167727 -0.981791 0.027828 0.084734 2 1.000000
1520616758.067067 0.126464 0.150311 1.510921 -0.172286 -0.970836 0.053098 0.158035 2 1.000000
1520616758.167070 0.098921 0.152219 1.465725 -0.174656 -0.954172 0.062221 0.234905 2 1.000000
1520616758.217072 0.081417 0.152986 1.449933 -0.168976 -0.942489 0.066396 0.280631 2 1.000000
1520616758.267074 0.064034 0.153830 1.435449 -0.164010 -0.926874 0.077471 0.328640 2 1.000000
1520616758.317075 0.042740 0.149787 1.419112 -0.158291 -0.909161 0.092901 0.373818 2 1.000000
1520616758.367632 0.018725 0.147017 1.408719 -0.148490 -0.888576 0.102988 0.421637 2 1.000000
1520616758.417634 -0.004462 0.146108 1.399984 -0.142297 -0.865699 0.103466 0.468628 2 1.000000
1520616758.467635 -0.026636 0.141843 1.393974 -0.142566 -0.843599 0.092549 0.509362 2 1.000000
1520616758.567639 -0.067670 0.140449 1.382604 -0.155265 -0.804533 0.080716 0.567542 2 1.000000
1520616758.617640 -0.113702 0.117977 1.352360 -0.146464 -0.789579 0.064601 0.592402 2 1.000000
1520616758.717643 -0.145225 0.130451 1.338608 -0.152836 -0.758867 0.075124 0.628585 2 1.000000
1520616758.867649 -0.213752 0.142339 1.327746 -0.179347 -0.726940 0.086855 0.657153 2 1.000000
1520616758.967651 -0.275679 0.128974 1.337793 -0.164899 -0.702267 0.087949 0.686946 2 1.000000
1520616759.067654 -0.326095 0.128719 1.342792 -0.150445 -0.669107 0.106271 0.719979 2 1.000000
1520616759.167657 -0.382866 0.134107 1.359125 -0.146031 -0.634396 0.115809 0.750203 2 1.000000
1520616759.267661 -0.440199 0.147287 1.378524 -0.143915 -0.594314 0.113615 0.783053 2 1.000000
1520616759.367663 -0.493251 0.153794 1.406029 -0.135533 -0.541980 0.111756 0.821827 2 1.000000
1520616759.467666 -0.541046 0.146256 1.443515 -0.127182 -0.481577 0.113727 0.859636 2 1.000000
1520616759.565589 -0.582640 0.140262 1.484954 -0.121842 -0.416021 0.120459 0.893068 2 1.000000
1520616759.665593 -0.614752 0.139193 1.530500 -0.119212 -0.353264 0.143468 0.916739 2 1.000000
1520616759.765596 -0.648811 0.149237 1.579181 -0.111141 -0.293400 0.156728 0.936483 2 1.000000
1520616759.865599 -0.674453 0.159100 1.627649 -0.104779 -0.246801 0.159358 0.950114 2 1.000000
1520616759.963820 -0.689752 0.161825 1.678996 -0.102012 -0.195579 0.145954 0.964386 2 1.000000
1520616760.063824 -0.693862 0.158083 1.728528 -0.097763 -0.133118 0.138332 0.976517 2 1.000000
1520616760.163826 -0.694324 0.158076 1.779729 -0.091435 -0.061217 0.132836 0.985011 2 1.000000
1520616760.263829 -0.690737 0.161532 1.831781 -0.071482 0.018110 0.140585 0.987319 2 1.000000
1520616760.363834 -0.678927 0.166952 1.879506 -0.054149 0.100008 0.161094 0.980365 2 1.000000
1520616760.462090 -0.659417 0.171569 1.921791 -0.032352 0.182810 0.171487 0.967536 2 1.000000
1520616760.512091 -0.644475 0.170114 1.940715 -0.020406 0.228382 0.169322 0.958517 2 1.000000
1520616760.562093 -0.627758 0.169869 1.958670 -0.014753 0.274977 0.165843 0.946925 2 1.000000
1520616760.662097 -0.591975 0.168969 1.986593 -0.018617 0.351947 0.170109 0.920244 2 1.000000
1520616760.762099 -0.548256 0.172401 2.009222 -0.007258 0.426252 0.168818 0.888683 2 1.000000
1520616760.859895 -0.502890 0.179605 2.027052 0.007245 0.485269 0.167979 0.858047 2 1.000000
1520616760.959898 -0.453276 0.186200 2.040553 0.013207 0.534424 0.171302 0.827570 2 1.000000
1520616761.059901 -0.403291 0.184883 2.049065 0.019166 0.571873 0.159645 0.804430 2 1.000000
1520616761.159904 -0.351007 0.181902 2.051549 0.019110 0.602378 0.145120 0.784676 2 1.000000
1520616761.259289 -0.294737 0.184166 2.051386 0.010123 0.635259 0.144051 0.758678 2 1.000000
1520616761.359292 -0.233664 0.192916 2.046366 0.022199 0.675991 0.138975 0.723346 2 1.000000
1520616761.459296 -0.170926 0.199236 2.031376 0.038887 0.720230 0.125772 0.681130 2 1.000000
1520616761.559299 -0.111605 0.198270 2.008630 0.040264 0.760806 0.115396 0.637367 2 1.000000
1520616761.659658 -0.057293 0.191352 1.975542 0.043151 0.805067 0.102715 0.582627 2 1.000000
1520616761.759662 -0.004624 0.185227 1.936868 0.070933 0.847600 0.104641 0.515356 2 1.000000
1520616761.859665 0.047009 0.185180 1.890260 0.101056 0.883987 0.087081 0.448076 2 1.000000
1520616761.959668 0.093300 0.188545 1.840835 0.114677 0.911189 0.070355 0.389401 2 1.000000
1520616762.064319 0.128713 0.186477 1.786854 0.100856 0.937966 0.057084 0.326788 2 1.000000
1520616762.164322 0.156113 0.178871 1.735832 0.083924 0.956199 0.042209 0.277233 2 1.000000
1520616762.264325 0.185609 0.170639 1.687705 0.056267 0.968063 0.015933 0.243790 2 1.000000
1520616762.364328 0.213863 0.162243 1.640364 0.021746 0.972336 -0.007008 0.232467 2 1.000000
1520616762.466155 0.250225 0.165922 1.593346 -0.009978 0.971272 -0.019223 0.236983 2 1.000000
1520616762.566158 0.290329 0.161885 1.554701 -0.038846 0.962716 -0.019988 0.266964 2 1.000000
1520616762.666161 0.331605 0.154520 1.521344 -0.059713 0.946755 -0.015614 0.315985 2 1.000000
1520616762.766164 0.372351 0.151311 1.490155 -0.072582 0.923137 -0.011870 0.377372 2 1.000000
1520616762.864168 0.419590 0.151803 1.471871 -0.082244 0.891645 -0.004830 0.445176 2 1.000000
1520616762.914170 0.438063 0.155531 1.460010 -0.085581 0.871049 0.002826 0.483675 2 1.000000
1520616763.014173 0.488142 0.169240 1.444702 -0.085913 0.835391 0.020408 0.542517 2 1.000000
1520616763.114176 0.531772 0.168502 1.426179 -0.092817 0.805036 0.026491 0.585320 2 1.000000
1520616763.214179 0.578733 0.164929 1.411712 -0.099356 0.769578 0.024152 0.630314 2 1.000000
1520616763.312401 0.625655 0.163394 1.401403 -0.098332 0.734918 0.035782 0.670035 2 1.000000
1520616763.412403 0.674651 0.172780 1.391148 -0.092858 0.720011 0.036719 0.686741 2 1.000000
1520616763.512407 0.733487 0.176148 1.373435 -0.084645 0.720711 0.040618 0.686849 2 1.000000
1520616763.612410 0.791553 0.177673 1.361609 -0.088630 0.737741 0.041417 0.667958 2 1.000000
1520616763.711421 0.848551 0.166739 1.350726 -0.084477 0.743995 0.050045 0.660932 2 1.000000
1520616763.811425 0.906707 0.158859 1.340348 -0.061962 0.750324 0.041410 0.656856 2 1.000000
1520616763.911427 0.967498 0.163722 1.333210 -0.041100 0.752896 0.038641 0.655717 2 1.000000
1520616764.011431 1.029987 0.173304 1.325455 -0.038567 0.748604 0.042165 0.660550 2 1.000000
1520616764.110732 1.090617 0.179163 1.323980 -0.036679 0.737225 0.053467 0.672529 2 1.000000
1520616764.210734 1.147362 0.172728 1.326831 -0.042139 0.718494 0.058225 0.691809 2 1.000000
1520616764.310744 1.205236 0.164527 1.330620 -0.045783 0.699572 0.056805 0.710828 2 1.000000
1520616764.410741 1.263275 0.167002 1.334916 -0.044995 0.687173 0.040459 0.723970 2 1.000000
1520616764.511074 1.325791 0.176195 1.341524 -0.036243 0.679047 0.029377 0.732611 2 1.000000
1520616764.611077 1.390454 0.182553 1.343493 -0.037584 0.684391 0.027305 0.727634 2 1.000000
1520616764.711080 1.450101 0.177777 1.344784 -0.040964 0.695876 0.045681 0.715537 2 1.000000
1520616764.811083 1.508663 0.171360 1.341535 -0.042231 0.719815 0.047711 0.691235 2 1.000000
1520616764.912137 1.569818 0.170496 1.337266 -0.030544 0.729394 0.055574 0.681148 2 1.000000
1520616765.012140 1.632020 0.181450 1.331585 -0.025636 0.732066 0.054039 0.678603 2 1.000000
1520616765.112143 1.693080 0.191168 1.330851 -0.026175 0.723203 0.061080 0.687431 2 1.000000
1520616765.212147 1.749011 0.190585 1.332023 -0.042246 0.711424 0.058583 0.699042 2 1.000000
1520616765.312943 1.807811 0.184749 1.333554 -0.059636 0.694547 0.065601 0.713964 2 1.000000
1520616765.412946 1.870209 0.185215 1.335479 -0.064476 0.680542 0.061199 0.727296 2 1.000000
1520616765.512949 1.926830 0.192767 1.337053 -0.067139 0.667864 0.053276 0.739332 2 1.000000
1520616765.612954 1.993121 0.202668 1.335576 -0.065360 0.668053 0.047928 0.739687 2 1.000000
1520616765.712479 2.054310 0.203150 1.330353 -0.074067 0.687250 0.054906 0.720546 2 1.000000
1520616765.812484 2.116902 0.196272 1.322324 -0.081213 0.707894 0.060858 0.698990 2 1.000000
1520616765.912485 2.176119 0.190234 1.313149 -0.073033 0.720588 0.068303 0.686115 2 1.000000
1520616766.012488 2.238369 0.194983 1.302528 -0.059755 0.730510 0.061724 0.677477 2 1.000000
1520616766.111555 2.302067 0.203261 1.294064 -0.050214 0.733890 0.056365 0.675061 2 1.000000
1520616766.211558 2.358869 0.205452 1.287756 -0.052371 0.729205 0.049718 0.680475 2 1.000000
1520616766.311561 2.415155 0.198245 1.284854 -0.066260 0.717931 0.047270 0.691340 2 1.000000
1520616766.411564 2.475859 0.194025 1.285318 -0.068854 0.702387 0.040537 0.707297 2 1.000000
1520616766.510796 2.532032 0.197083 1.286391 -0.068946 0.685906 0.026690 0.723924 2 1.000000
1520616766.610798 2.588337 0.207528 1.289731 -0.070430 0.671529 0.016521 0.737438 2 1.000000
1520616766.710802 2.654286 0.209831 1.291994 -0.072327 0.667265 0.012379 0.741197 2 1.000000
1520616766.810806 2.712033 0.207322 1.300180 -0.077971 0.666539 0.024107 0.740989 2 1.000000
1520616766.910777 2.769332 0.202511 1.304264 -0.077996 0.672322 0.026406 0.735665 2 1.000000
1520616767.060781 2.853468 0.202622 1.314275 -0.053972 0.659830 0.026043 0.749021 2 1.000000
1520616767.160784 2.912875 0.209238 1.322609 -0.044583 0.637273 0.020014 0.769087 2 1.000000
1520616767.260787 2.971796 0.212950 1.334359 -0.045343 0.604806 0.013364 0.794969 2 1.000000
1520616767.361925 3.024691 0.210112 1.351091 -0.056887 0.563425 0.015820 0.824054 2 1.000000
1520616767.461928 3.073861 0.208898 1.374211 -0.066834 0.519654 0.024339 0.851411 2 1.000000
1520616767.561930 3.122228 0.211545 1.398774 -0.068864 0.480471 0.011839 0.874222 2 1.000000
1520616767.661934 3.169609 0.224140 1.421787 -0.066100 0.438187 -0.007935 0.896415 2 1.000000
1520616767.762353 3.215257 0.228818 1.450848 -0.072859 0.398764 -0.017969 0.913978 2 1.000000
1520616767.862358 3.255590 0.227856 1.486568 -0.072272 0.360865 -0.022394 0.929544 2 1.000000
1520616767.962361 3.290694 0.223509 1.523912 -0.060977 0.317423 -0.027953 0.945909 2 1.000000
1520616768.062363 3.326020 0.222838 1.564165 -0.053876 0.249082 -0.023281 0.966702 2 1.000000
1520616768.160436 3.349183 0.237211 1.605038 -0.050784 0.185427 -0.017705 0.981185 2 1.000000
1520616768.260439 3.370231 0.247686 1.649643 -0.055863 0.126810 -0.004954 0.990340 2 1.000000
1520616768.360442 3.381012 0.250270 1.692725 -0.052008 0.065416 0.005980 0.996484 2 1.000000
1520616768.460445 3.382657 0.247078 1.733940 -0.049504 -0.009820 0.017443 0.998573 2 1.000000
1520616768.559714 3.384684 0.247265 1.783026 -0.057025 -0.070422 0.015903 0.995759 2 1.000000
1520616768.659717 3.382414 0.256853 1.828360 -0.054744 -0.117331 0.014313 0.991480 2 1.000000
1520616768.809722 3.371190 0.265611 1.884120 -0.050581 -0.158967 0.018257 0.985818 2 1.000000
1520616768.909724 3.365320 0.265527 1.942312 -0.046064 -0.167755 0.023640 0.984468 2 1.000000
1520616769.059627 3.351428 0.252528 2.004359 -0.020193 -0.187186 0.028002 0.981718 2 1.000000
1520616769.159634 3.333421 0.254172 2.048246 0.000166 -0.244321 0.023075 0.969420 2 1.000000
1520616769.259712 3.313006 0.262413 2.087873 0.007702 -0.302646 0.014017 0.952969 2 1.000000
1520616769.359636 3.285371 0.267417 2.118997 0.006748 -0.364989 0.007691 0.930956 2 1.000000
1520616769.459701 3.252079 0.267982 2.140857 0.006217 -0.440702 0.008150 0.897595 2 1.000000
1520616769.509702 3.235539 0.267107 2.149031 0.005185 -0.482945 0.011063 0.875565 2 1.000000
1520616769.559704 3.217456 0.267014 2.155823 0.002513 -0.520594 0.009646 0.853746 2 1.000000
1520616769.659707 3.179012 0.270283 2.164613 -0.004869 -0.580578 0.006582 0.814163 2 1.000000
1520616769.759710 3.138501 0.278477 2.171820 -0.000179 -0.628908 0.009001 0.777427 2 1.000000
1520616769.860703 3.095798 0.285901 2.176025 -0.002271 -0.663469 0.008379 0.748154 2 1.000000
1520616770.010708 3.031562 0.283432 2.175603 -0.017700 -0.695316 0.019124 0.718232 2 1.000000
1520616770.160712 2.969757 0.273587 2.168945 -0.015538 -0.720946 0.045212 0.691340 2 1.000000
1520616770.311908 2.901314 0.276484 2.160522 -0.024727 -0.738830 0.047778 0.671742 2 1.000000
1520616770.461912 2.828700 0.272065 2.158322 -0.036491 -0.730190 0.055606 0.679999 2 1.000000
1520616770.612808 2.758225 0.256266 2.160986 -0.028623 -0.702542 0.059995 0.708531 2 1.000000
1520616770.762813 2.685315 0.246773 2.170826 -0.016507 -0.655160 0.065248 0.752487 2 1.000000
1520616770.862817 2.640666 0.245697 2.184021 -0.017135 -0.607567 0.060852 0.791749 2 1.000000
1520616770.962820 2.594847 0.244987 2.204745 -0.025412 -0.537643 0.059120 0.840714 2 1.000000
1520616771.012595 2.573951 0.244021 2.217661 -0.027531 -0.498120 0.062129 0.864441 2 1.000000
1520616771.062597 2.558272 0.240116 2.233381 -0.027650 -0.455096 0.064495 0.887673 2 1.000000
1520616771.112598 2.544444 0.235458 2.251790 -0.025606 -0.407191 0.061571 0.910905 2 1.000000
1520616771.162600 2.529593 0.230915 2.270656 -0.024494 -0.355456 0.055636 0.932714 2 1.000000
1520616771.212601 2.518368 0.226857 2.291616 -0.029565 -0.303625 0.052857 0.950865 2 1.000000
1520616771.262603 2.508296 0.224436 2.314209 -0.036366 -0.249659 0.051948 0.966255 2 1.000000
1520616771.312604 2.502445 0.224422 2.334956 -0.039984 -0.195280 0.056548 0.978299 2 1.000000
1520616771.362606 2.499222 0.223074 2.356930 -0.037830 -0.145267 0.065302 0.986510 2 1.000000
1520616771.411128 2.496461 0.221358 2.378603 -0.030530 -0.096413 0.075833 0.991979 2 1.000000
1520616771.461130 2.497298 0.217465 2.400935 -0.015784 -0.047125 0.083339 0.995281 2 1.000000
1520616771.511132 2.499432 0.213406 2.424459 -0.000538 0.004055 0.084903 0.996381 2 1.000000
1520616771.561133 2.505342 0.210752 2.446641 0.009208 0.058571 0.083832 0.994714 2 1.000000
1520616771.611135 2.514492 0.208842 2.465517 0.008753 0.112565 0.083913 0.990056 2 1.000000
1520616771.661136 2.523050 0.209045 2.490027 0.000975 0.165995 0.082445 0.982674 2 1.000000
1520616771.711138 2.537441 0.211053 2.504985 -0.004517 0.218384 0.079088 0.972642 2 1.000000
1520616771.761139 2.562206 0.210579 2.509811 -0.004827 0.274236 0.072745 0.958895 2 1.000000
1520616771.811141 2.580433 0.213458 2.521293 -0.002034 0.330249 0.066507 0.941546 2 1.000000
1520616771.860009 2.596866 0.215732 2.532894 0.003092 0.384492 0.061515 0.921071 2 1.000000
1520616771.910011 2.614141 0.217385 2.540704 0.005195 0.438383 0.057922 0.896905 2 1.000000
1520616771.960012 2.633012 0.219768 2.541252 0.006718 0.488152 0.056576 0.870897 2 1.000000
1520616772.010014 2.655932 0.222131 2.542338 0.004984 0.534048 0.057548 0.843479 2 1.000000
1520616772.060015 2.674684 0.225869 2.538817 0.003249 0.576924 0.060565 0.814543 2 1.000000
1520616772.110017 2.692386 0.228241 2.535452 0.000850 0.615932 0.062687 0.785301 2 1.000000
1520616772.160018 2.712937 0.231715 2.529981 -0.002052 0.651379 0.060315 0.756348 2 1.000000
1520616772.259750 2.750720 0.233780 2.514414 -0.006582 0.709903 0.059143 0.701781 2 1.000000
1520616772.359753 2.789581 0.239453 2.492886 -0.001966 0.755465 0.061439 0.652299 2 1.000000
1520616772.459757 2.831155 0.244488 2.466171 -0.007075 0.787247 0.055767 0.614070 2 1.000000
1520616772.609761 2.889058 0.250099 2.424536 -0.029779 0.807167 0.032545 0.588673 2 1.000000
1520616772.759725 2.946942 0.253204 2.381866 -0.042353 0.830666 0.029677 0.554364 2 1.000000
1520616772.909729 3.007554 0.264577 2.336138 -0.037805 0.865974 0.033267 0.497548 2 1.000000
1520616773.009732 3.047099 0.272773 2.302644 -0.034353 0.888848 0.039431 0.455207 2 1.000000
1520616773.110007 3.086570 0.274048 2.266422 -0.022943 0.910975 0.039120 0.409962 2 1.000000
1520616773.210010 3.122185 0.269203 2.227859 -0.020303 0.931177 0.033348 0.362471 2 1.000000
1520616773.310014 3.153093 0.263614 2.187838 -0.020030 0.947506 0.040854 0.316484 2 1.000000
1520616773.410016 3.183185 0.263433 2.145115 -0.009690 0.961024 0.049632 0.271803 2 1.000000
1520616773.511806 3.211608 0.266675 2.097506 -0.002808 0.970931 0.045262 0.235026 2 1.000000
1520616773.611810 3.236390 0.268369 2.050019 -0.003969 0.976706 0.044408 0.209901 2 1.000000
1520616773.711813 3.261231 0.267895 2.005424 -0.019880 0.980060 0.046018 0.192274 2 1.000000
1520616773.811816 3.286986 0.261957 1.961429 -0.039703 0.981723 0.034339 0.182934 2 1.000000
1520616773.963094 3.322083 0.259303 1.896979 -0.054739 0.981515 0.013837 0.182866 2 1.000000
1520616774.113099 3.358558 0.271428 1.831149 -0.073120 0.981161 0.019993 0.177700 2 1.000000
1520616774.213102 3.384632 0.271811 1.785337 -0.088711 0.979892 0.014023 0.178170 2 1.000000
1520616774.312895 3.409045 0.260431 1.741225 -0.096910 0.978421 0.006472 0.182371 2 1.000000
1520616774.412898 3.433598 0.252385 1.696693 -0.095474 0.977052 0.004350 0.190356 2 1.000000
1520616774.562903 3.468204 0.242774 1.638727 -0.093653 0.968491 0.000359 0.230771 2 1.000000
1520616774.662906 3.499113 0.250219 1.599440 -0.098054 0.957692 -0.009696 0.270402 2 1.000000
1520616774.763841 3.530633 0.245909 1.564603 -0.104277 0.939863 -0.010110 0.325088 2 1.000000
1520616774.863844 3.568116 0.246075 1.533646 -0.111135 0.918511 -0.002134 0.379450 2 1.000000
1520616774.963848 3.606536 0.242691 1.508732 -0.100301 0.894154 0.007394 0.436319 2 1.000000
1520616775.063851 3.653769 0.244605 1.483065 -0.074383 0.871157 -0.001355 0.485336 2 1.000000
1520616775.166384 3.699445 0.248318 1.458448 -0.052072 0.854165 -0.002559 0.517382 2 1.000000
1520616775.266387 3.744662 0.249207 1.435575 -0.044509 0.850494 0.012318 0.523954 2 1.000000
1520616775.366391 3.788335 0.242167 1.411926 -0.029549 0.851025 0.036338 0.523032 2 1.000000
1520616775.518124 3.849663 0.231725 1.377295 -0.002160 0.863797 0.046639 0.501672 2 1.000000
1520616775.618127 3.896084 0.231270 1.348754 0.025396 0.872702 0.051822 0.484830 2 1.000000
1520616775.718130 3.943922 0.234240 1.314217 0.043239 0.882833 0.045069 0.465516 2 1.000000
1520616775.818147 3.983889 0.233962 1.282073 0.053318 0.892445 0.041391 0.446079 2 1.000000
1520616775.918136 4.024836 0.229187 1.244884 0.052664 0.903804 0.029288 0.423682 2 1.000000
1520616776.068141 4.071615 0.227307 1.187626 0.049170 0.923119 0.009272 0.381244 2 1.000000
1520616776.168144 4.102925 0.226933 1.149999 0.050659 0.938653 -0.002681 0.341112 2 1.000000
1520616776.268147 4.130435 0.235209 1.105555 0.047307 0.952680 -0.017285 0.299774 2 1.000000
1520616776.418178 4.166726 0.230203 1.046897 0.027174 0.968912 -0.009447 0.245728 2 1.000000
1520616776.568182 4.203505 0.224012 0.982182 0.000810 0.976225 -0.006533 0.216658 2 1.000000
1520616776.718187 4.237941 0.221837 0.920610 -0.010260 0.972324 -0.013755 0.233006 2 1.000000
1520616776.817157 4.266699 0.224699 0.881691 -0.020066 0.960942 -0.019434 0.275336 2 1.000000
1520616776.917160 4.296934 0.218571 0.844409 -0.037673 0.942521 -0.014395 0.331705 2 1.000000
1520616777.017162 4.329861 0.212835 0.817777 -0.039825 0.919234 -0.012290 0.391498 2 1.000000
1520616777.117166 4.368324 0.207037 0.794434 -0.032739 0.892248 -0.016920 0.450040 2 1.000000
1520616777.216661 4.408439 0.208691 0.772324 -0.018533 0.870267 -0.020260 0.491814 2 1.000000
1520616777.366666 4.467621 0.210533 0.736358 0.018374 0.862964 -0.009690 0.504839 2 1.000000
1520616777.516670 4.531076 0.200134 0.700600 0.046883 0.879866 0.020209 0.472472 2 1.000000
1520616777.666921 4.587461 0.195668 0.658678 0.073628 0.897405 0.047311 0.432441 2 1.000000
1520616777.816925 4.639156 0.196235 0.611095 0.105801 0.910136 0.048637 0.397608 2 1.000000
1520616777.916929 4.669114 0.193662 0.574670 0.129550 0.922518 0.031590 0.362188 2 1.000000
1520616778.015328 4.693557 0.186994 0.535646 0.147545 0.938141 0.018180 0.312716 2 1.000000
1520616778.115331 4.711356 0.181808 0.495991 0.156576 0.954137 0.017204 0.254579 2 1.000000
1520616778.215334 4.723181 0.182209 0.452514 0.162362 0.968445 0.018276 0.188201 2 1.000000
1520616778.315337 4.730782 0.185367 0.406858 0.161884 0.980095 0.006075 0.114765 2 1.000000
1520616778.412360 4.732873 0.186367 0.362074 0.154990 0.987041 -0.013286 0.039399 2 1.000000
1520616778.512362 4.728020 0.183946 0.320791 -0.132689 -0.990313 0.028169 0.029681 2 1.000000
1520616778.612365 4.709013 0.179625 0.288184 -0.103417 -0.989179 0.037713 0.096993 2 1.000000
1520616778.712369 4.687565 0.176734 0.254066 -0.073504 -0.984419 0.048487 0.152199 2 1.000000
1520616778.810536 4.669300 0.176091 0.216507 -0.047988 -0.978521 0.054271 0.192998 2 1.000000
1520616778.960536 4.646855 0.172665 0.156912 -0.006847 -0.972901 0.078321 0.217444 2 1.000000
1520616779.110598 4.630949 0.164839 0.101426 0.032159 -0.975724 0.084785 0.199349 2 1.000000
1520616779.259791 4.622215 0.160960 0.038500 0.052944 -0.981262 0.068259 0.172228 2 1.000000
1520616779.409795 4.616956 0.166155 -0.023864 0.060492 -0.985793 0.060032 0.144737 2 1.000000
1520616779.559800 4.621402 0.164737 -0.087702 0.080958 -0.988373 0.059541 0.114103 2 1.000000
1520616779.709578 4.627587 0.155185 -0.150203 0.090703 -0.992055 0.050113 0.071332 2 1.000000
1520616779.859583 4.638594 0.147162 -0.214464 0.098646 -0.993572 0.043218 0.034870 2 1.000000
1520616779.959586 4.653508 0.144308 -0.256309 -0.086263 0.995461 -0.039533 0.007233 2 1.000000
1520616780.060066 4.673110 0.145149 -0.297170 -0.076708 0.993757 -0.042730 0.068824 2 1.000000
1520616780.160069 4.698891 0.143117 -0.332918 -0.070177 0.985440 -0.054430 0.144983 2 1.000000
1520616780.260072 4.729871 0.135928 -0.360383 -0.054289 0.970238 -0.060801 0.228024 2 1.000000
1520616780.310074 4.744964 0.133827 -0.370350 -0.051143 0.957797 -0.065627 0.275139 2 1.000000
1520616780.360075 4.765346 0.132453 -0.379468 -0.051002 0.944159 -0.066835 0.318584 2 1.000000
1520616780.411785 4.782649 0.130994 -0.388956 -0.058142 0.925412 -0.068765 0.368107 2 1.000000
1520616780.461786 4.800880 0.131653 -0.393123 -0.066256 0.906434 -0.073760 0.410544 2 1.000000
1520616780.511789 4.817613 0.133582 -0.396310 -0.070292 0.884035 -0.079198 0.455268 2 1.000000
1520616780.561790 4.833133 0.134257 -0.398912 -0.069646 0.857919 -0.085085 0.501882 2 1.000000
1520616780.611791 4.848944 0.135879 -0.397861 -0.068089 0.829516 -0.092194 0.546597 2 1.000000
1520616780.661796 4.868742 0.135946 -0.398592 -0.066124 0.797705 -0.099354 0.591120 2 1.000000
1520616780.711794 4.883636 0.135163 -0.391628 -0.062707 0.760070 -0.102896 0.638571 2 1.000000
1520616780.761875 4.895731 0.135837 -0.384085 -0.055528 0.717477 -0.107636 0.685972 2 1.000000
1520616780.810660 4.906873 0.135923 -0.373944 -0.048722 0.674606 -0.111152 0.728133 2 1.000000
1520616780.860662 4.916619 0.135543 -0.360605 -0.045515 0.626383 -0.110524 0.770297 2 1.000000
1520616780.910663 4.923560 0.137520 -0.344806 -0.042582 0.573949 -0.110438 0.810292 2 1.000000
1520616780.960665 4.928284 0.136525 -0.332313 -0.042317 0.512830 -0.102127 0.851343 2 1.000000
1520616781.010667 4.931143 0.141421 -0.316932 -0.038709 0.449687 -0.095197 0.887255 2 1.000000
1520616781.060668 4.932148 0.143177 -0.298933 -0.034044 0.388887 -0.087424 0.916496 2 1.000000
1520616781.110671 4.931172 0.148047 -0.279933 -0.029403 0.324950 -0.085904 0.941363 2 1.000000
1520616781.160671 4.925488 0.150208 -0.264564 -0.023863 0.258783 -0.080788 0.962255 2 1.000000
1520616781.210673 4.913032 0.151002 -0.251162 -0.016840 0.193196 -0.071677 0.978394 2 1.000000
1520616781.261109 4.903310 0.151691 -0.238161 -0.009749 0.126503 -0.060046 0.990099 2 1.000000
1520616781.311111 4.891297 0.149989 -0.227445 -0.005178 0.064555 -0.050292 0.996633 2 1.000000
1520616781.361112 4.879191 0.149495 -0.217162 0.001787 0.009756 -0.039783 0.999159 2 1.000000
1520616781.411114 4.859842 0.150183 -0.206603 0.003606 -0.032918 -0.031174 0.998965 2 1.000000
1520616781.461116 4.843739 0.151650 -0.193449 0.006523 -0.074669 -0.019495 0.996996 2 1.000000
1520616781.561119 4.806942 0.152393 -0.174522 0.008440 -0.144752 0.007666 0.989402 2 1.000000
1520616781.664536 4.773482 0.155723 -0.157314 -0.000896 -0.191533 0.026616 0.981125 2 1.000000
1520616781.814541 4.725965 0.154439 -0.125786 -0.009544 -0.212688 0.070194 0.974549 2 1.000000
1520616782.014547 4.675508 0.153707 -0.079002 -0.020687 -0.206943 0.115205 0.971326 2 1.000000
1520616782.166584 4.645673 0.162808 -0.031914 -0.047843 -0.174943 0.130599 0.974705 2 1.000000
1520616782.266587 4.633103 0.166332 0.006898 -0.058131 -0.129251 0.141759 0.979704 2 1.000000
1520616782.366590 4.626213 0.165067 0.048162 -0.055530 -0.065149 0.141185 0.986275 2 1.000000
1520616782.467312 4.626827 0.163573 0.089044 -0.042386 0.005874 0.125118 0.991219 2 1.000000
1520616782.567315 4.631359 0.163017 0.129474 -0.029200 0.071623 0.110164 0.990899 2 1.000000
1520616782.667318 4.635764 0.167136 0.170702 -0.015734 0.131393 0.096424 0.986504 2 1.000000
1520616782.767321 4.645209 0.174046 0.211766 -0.009626 0.181618 0.082516 0.979854 2 1.000000
1520616782.868397 4.657494 0.177333 0.250601 0.000148 0.225861 0.070257 0.971623 2 1.000000
1520616783.018403 4.677913 0.174947 0.306601 0.020388 0.263900 0.037606 0.963601 2 1.000000
1520616783.168407 4.704237 0.175613 0.353453 0.024484 0.261829 -0.007547 0.964774 2 1.000000
1520616783.268410 4.715642 0.178742 0.393380 0.030111 0.229660 -0.042136 0.971892 2 1.000000
1520616783.368413 4.721588 0.181099 0.432326 0.046479 0.160135 -0.075122 0.983134 2 1.000000
1520616783.418414 4.720646 0.179509 0.450793 0.063077 0.114029 -0.091462 0.987245 2 1.000000
1520616783.468418 4.717181 0.172556 0.470340 0.084179 0.063542 -0.111042 0.988203 2 1.000000
1520616783.518419 4.711519 0.166647 0.487587 0.108899 0.005196 -0.124003 0.986274 2 1.000000
1520616783.568419 4.702653 0.162849 0.504785 0.133575 -0.056658 -0.132754 0.980471 2 1.000000
1520616783.618422 4.691272 0.156528 0.521006 0.148726 -0.115662 -0.133275 0.973006 2 1.000000
1520616783.668423 4.679022 0.153101 0.534868 0.159133 -0.173596 -0.129443 0.963216 2 1.000000
1520616783.718425 4.665799 0.152972 0.548792 0.168222 -0.222869 -0.124394 0.952133 2 1.000000
1520616783.818427 4.632030 0.153029 0.572412 0.172729 -0.301824 -0.110584 0.931041 2 1.000000
1520616783.918431 4.602405 0.156342 0.594752 0.179841 -0.362280 -0.096532 0.909446 2 1.000000
1520616784.018435 4.572654 0.155348 0.611160 0.174063 -0.404968 -0.064731 0.895272 2 1.000000
1520616784.118436 4.545605 0.157416 0.623675 0.163013 -0.458039 -0.035377 0.873141 2 1.000000
1520616784.218439 4.516832 0.157135 0.632368 0.144544 -0.512233 -0.010279 0.846533 2 1.000000
1520616784.318444 4.486578 0.162970 0.639435 0.116353 -0.567203 0.020392 0.815062 2 1.000000
1520616784.418446 4.453143 0.171543 0.646909 0.079654 -0.600370 0.063192 0.793233 2 1.000000
1520616784.518264 4.418788 0.176199 0.661270 0.053968 -0.607867 0.109581 0.784588 2 1.000000
1520616784.618267 4.384749 0.178390 0.681425 0.031716 -0.586673 0.153192 0.794569 2 1.000000
1520616784.718270 4.354195 0.174869 0.702515 0.013479 -0.549671 0.184757 0.814583 2 1.000000
1520616784.818273 4.318790 0.171747 0.731193 0.004359 -0.493384 0.208175 0.844522 2 1.000000
1520616784.918461 4.289406 0.175664 0.762394 -0.005862 -0.434025 0.221591 0.873204 2 1.000000
1520616785.018466 4.255887 0.179825 0.796714 -0.019859 -0.377336 0.226000 0.897857 2 1.000000
1520616785.118468 4.224722 0.185457 0.835750 -0.025893 -0.317250 0.230512 0.919536 2 1.000000
1520616785.218472 4.202050 0.184246 0.874676 -0.021155 -0.253601 0.229379 0.939481 2 1.000000
1520616785.318475 4.185960 0.185814 0.914186 -0.015078 -0.195118 0.222314 0.955133 2 1.000000
1520616785.418478 4.168524 0.190677 0.958025 -0.015263 -0.145650 0.221021 0.964211 2 1.000000
1520616785.568483 4.151215 0.203365 1.021175 -0.008830 -0.084486 0.229693 0.969549 2 1.000000
1520616785.718487 4.145182 0.209477 1.087405 0.007379 -0.022537 0.232544 0.972297 2 1.000000
1520616785.818489 4.146397 0.207819 1.134482 0.012152 0.020995 0.237886 0.970990 2 1.000000
1520616785.918494 4.155152 0.209230 1.176751 0.012882 0.068015 0.234710 0.969598 2 1.000000
1520616786.018497 4.168456 0.215531 1.226665 0.025815 0.125747 0.229787 0.964738 2 1.000000
1520616786.118499 4.191329 0.224069 1.271010 0.044265 0.190714 0.225973 0.954256 2 1.000000
1520616786.218502 4.221996 0.232465 1.310246 0.064234 0.260402 0.220634 0.937755 2 1.000000
1520616786.318506 4.255583 0.235459 1.343339 0.071601 0.332447 0.205564 0.917658 2 1.000000
1520616786.418509 4.293987 0.242311 1.370521 0.065200 0.404815 0.192869 0.891446 2 1.000000
1520616786.518511 4.334369 0.249755 1.395358 0.064827 0.464486 0.184988 0.863614 2 1.000000
1520616786.618515 4.378039 0.258628 1.420307 0.068444 0.510653 0.176419 0.838705 2 1.000000
1520616786.718518 4.424629 0.268168 1.438564 0.074427 0.540220 0.174201 0.819925 2 1.000000
1520616786.818521 4.474252 0.270557 1.457608 0.064576 0.566558 0.157634 0.806221 2 1.000000
1520616786.967438 4.546587 0.271139 1.476807 0.048804 0.592482 0.134701 0.792742 2 1.000000
1520616787.067445 4.596965 0.275285 1.486592 0.043399 0.610060 0.103709 0.784339 2 1.000000
1520616787.167444 4.647494 0.284063 1.491579 0.045542 0.625568 0.084687 0.774222 2 1.000000
1520616787.267447 4.699702 0.291121 1.489572 0.042159 0.652799 0.067115 0.753374 2 1.000000
1520616787.365852 4.753349 0.291490 1.495345 0.030757 0.683527 0.058480 0.726928 2 1.000000
1520616787.465855 4.803358 0.286780 1.489254 0.022113 0.716309 0.048273 0.695760 2 1.000000
1520616787.615860 4.873725 0.284719 1.471642 0.027787 0.751684 0.019410 0.658651 2 1.000000
1520616787.715863 4.933278 0.291426 1.461744 0.022469 0.761004 0.009080 0.648294 2 1.000000
1520616787.814110 4.984714 0.291667 1.451691 0.011557 0.762048 0.013496 0.647277 2 1.000000
1520616787.914113 5.037549 0.287478 1.440275 -0.007854 0.757608 0.017358 0.652431 2 1.000000
1520616788.064118 5.108196 0.280912 1.432277 -0.001927 0.744386 0.003181 0.667739 2 1.000000
1520616788.164121 5.165575 0.280203 1.423466 0.003869 0.735484 -0.023607 0.677119 2 1.000000
1520616788.262739 5.220202 0.283316 1.416533 0.006201 0.735131 -0.038084 0.676826 2 1.000000
1520616788.362743 5.274508 0.282990 1.411508 0.000646 0.742323 -0.032233 0.669266 2 1.000000
1520616788.512747 5.344207 0.274524 1.402238 -0.017733 0.746539 -0.026497 0.664578 2 1.000000
1520616788.611556 5.402925 0.274211 1.396822 -0.014220 0.746431 -0.028233 0.664712 2 1.000000
1520616788.711559 5.454585 0.280255 1.388599 -0.015583 0.741476 -0.032006 0.670034 2 1.000000
1520616788.811563 5.508337 0.286808 1.386518 -0.021161 0.733657 -0.031270 0.678470 2 1.000000
1520616788.911565 5.563278 0.285727 1.381904 -0.030474 0.720632 -0.033569 0.691834 2 1.000000
1520616789.010904 5.615771 0.280623 1.382410 -0.044097 0.696571 -0.037807 0.715133 2 1.000000
1520616789.110907 5.671934 0.280575 1.386113 -0.055381 0.674414 -0.045504 0.734866 2 1.000000
1520616789.210910 5.723106 0.286078 1.389297 -0.061869 0.658070 -0.057178 0.748229 2 1.000000
1520616789.310913 5.775960 0.293251 1.392669 -0.064138 0.646855 -0.065045 0.757122 2 1.000000
1520616789.411003 5.826266 0.295378 1.396544 -0.068889 0.645854 -0.061256 0.757876 2 1.000000
1520616789.511006 5.876686 0.291866 1.403195 -0.074837 0.644584 -0.052538 0.759046 2 1.000000
1520616789.661011 5.945230 0.287559 1.412704 -0.076860 0.639624 -0.053690 0.762949 2 1.000000
1520616789.761014 5.994872 0.291311 1.419463 -0.072099 0.620339 -0.071741 0.777711 2 1.000000
1520616789.862221 6.041173 0.297151 1.429887 -0.067468 0.584492 -0.088943 0.803683 2 1.000000
1520616789.962225 6.083503 0.298376 1.443531 -0.066209 0.543621 -0.099576 0.830769 2 1.000000
1520616790.062228 6.135045 0.296782 1.464553 -0.075279 0.503717 -0.095304 0.855289 2 1.000000
1520616790.162231 6.174334 0.299230 1.488837 -0.088888 0.458777 -0.092810 0.879209 2 1.000000
1520616790.262308 6.207148 0.307192 1.514726 -0.088347 0.415346 -0.098162 0.900026 2 1.000000
1520616790.362311 6.231285 0.319380 1.540282 -0.087139 0.370211 -0.107870 0.918539 2 1.000000
1520616790.462314 6.265656 0.325955 1.572928 -0.088306 0.324718 -0.115807 0.934532 2 1.000000
1520616790.562317 6.293804 0.327217 1.608196 -0.087522 0.273937 -0.115854 0.950724 2 1.000000
1520616790.660990 6.310764 0.329015 1.643685 -0.078366 0.222448 -0.110928 0.965438 2 1.000000
1520616790.760993 6.325142 0.331677 1.682677 -0.071372 0.170367 -0.107306 0.976917 2 1.000000
1520616790.860996 6.340261 0.339012 1.717600 -0.073285 0.111254 -0.097445 0.986284 2 1.000000
1520616790.960998 6.348536 0.348406 1.752543 -0.071404 0.060662 -0.088011 0.991703 2 1.000000
1520616791.060411 6.354422 0.348558 1.790796 -0.058442 0.020469 -0.063863 0.996036 2 1.000000
1520616791.210415 6.355641 0.345165 1.843821 -0.040697 -0.036694 -0.040333 0.997683 2 1.000000
1520616791.360420 6.352993 0.346722 1.895391 -0.016713 -0.094293 -0.046153 0.994334 2 1.000000
1520616791.460058 6.346776 0.352370 1.932905 -0.014841 -0.139671 -0.059508 0.988297 2 1.000000
1520616791.560062 6.335805 0.354202 1.967071 -0.012164 -0.183351 -0.076162 0.980017 2 1.000000
1520616791.660065 6.320352 0.354085 1.999920 -0.016475 -0.236757 -0.080431 0.968094 2 1.000000
1520616791.760068 6.300522 0.353396 2.028164 -0.011912 -0.286432 -0.080633 0.954627 2 1.000000
1520616791.860033 6.277706 0.356159 2.054407 0.001265 -0.347248 -0.071486 0.935044 2 1.000000
1520616791.960036 6.251657 0.363847 2.075455 0.011149 -0.413198 -0.062574 0.908420 2 1.000000
1520616792.060043 6.223013 0.369297 2.095078 0.012078 -0.476977 -0.060507 0.876747 2 1.000000
1520616792.160047 6.194559 0.371552 2.109525 0.007656 -0.538803 -0.053072 0.840723 2 1.000000
1520616792.260230 6.162876 0.367713 2.112841 -0.000956 -0.603719 -0.046216 0.795856 2 1.000000
1520616792.360153 6.131120 0.368833 2.115234 -0.005161 -0.656810 -0.039854 0.752984 2 1.000000
1520616792.460156 6.096953 0.375491 2.116217 -0.006029 -0.694933 -0.029252 0.718454 2 1.000000
1520616792.610161 6.041594 0.382226 2.116857 -0.016439 -0.718531 -0.024302 0.694876 2 1.000000
1520616792.760273 5.982506 0.374620 2.115414 -0.033846 -0.715036 0.002675 0.698263 2 1.000000
1520616792.910277 5.918973 0.365321 2.115138 -0.039432 -0.698150 0.047437 0.713289 2 1.000000
1520616793.060282 5.856081 0.360163 2.113894 -0.048961 -0.675894 0.085613 0.730370 2 1.000000
1520616793.210415 5.788835 0.358397 2.120078 -0.065205 -0.642113 0.122865 0.753885 2 1.000000
1520616793.360420 5.728528 0.349442 2.130366 -0.071340 -0.603559 0.138095 0.782021 2 1.000000
1520616793.510510 5.662550 0.347021 2.149590 -0.071978 -0.550470 0.144350 0.819125 2 1.000000
1520616793.610514 5.620731 0.349703 2.167476 -0.070542 -0.505695 0.159866 0.844831 2 1.000000
1520616793.710516 5.583406 0.349460 2.190400 -0.065852 -0.447849 0.176736 0.873991 2 1.000000
1520616793.810520 5.553384 0.346345 2.216739 -0.065909 -0.383936 0.178968 0.903449 2 1.000000
1520616793.910856 5.526759 0.344680 2.251146 -0.070704 -0.306275 0.174452 0.933147 2 1.000000
1520616794.010755 5.504956 0.346325 2.288224 -0.070572 -0.230787 0.176229 0.954306 2 1.000000
1520616794.110758 5.488250 0.348752 2.327375 -0.056886 -0.155911 0.183948 0.968823 2 1.000000
1520616794.210761 5.476160 0.351957 2.366823 -0.035852 -0.089559 0.196255 0.975796 2 1.000000
1520616794.310712 5.477242 0.349975 2.400335 -0.025198 -0.019559 0.198201 0.979642 2 1.000000
1520616794.410715 5.475421 0.351560 2.446189 -0.009724 0.047064 0.205777 0.977418 2 1.000000
1520616794.510718 5.483312 0.349094 2.482446 0.006283 0.123543 0.194388 0.973094 2 1.000000
1520616794.560720 5.488488 0.350256 2.500422 0.013062 0.167883 0.186028 0.968007 2 1.000000
1520616794.610721 5.495870 0.353190 2.517895 0.020499 0.213403 0.181796 0.959682 2 1.000000
1520616794.660723 5.504024 0.355075 2.533059 0.028766 0.259140 0.180094 0.948465 2 1.000000
1520616794.710424 5.513691 0.357555 2.550588 0.039933 0.308517 0.179071 0.933357 2 1.000000
1520616794.760426 5.525355 0.360066 2.562947 0.051848 0.358411 0.178375 0.914897 2 1.000000
1520616794.810427 5.536537 0.360174 2.573599 0.063287 0.407122 0.177858 0.893652 2 1.000000
1520616794.860428 5.546250 0.361423 2.586667 0.074285 0.456185 0.172571 0.869825 2 1.000000
1520616794.910430 5.559606 0.362108 2.592321 0.081601 0.503823 0.165161 0.843935 2 1.000000
1520616794.960432 5.572678 0.362367 2.594733 0.085411 0.549943 0.158618 0.815542 2 1.000000
1520616795.010434 5.588299 0.364055 2.595730 0.086741 0.594964 0.149765 0.784898 2 1.000000
1520616795.060436 5.600951 0.365150 2.595513 0.088674 0.636951 0.142917 0.752333 2 1.000000
1520616795.110436 5.614496 0.366977 2.592978 0.096856 0.673516 0.138185 0.719653 2 1.000000
1520616795.160325 5.627532 0.367968 2.587436 0.108050 0.705769 0.133286 0.687350 2 1.000000
1520616795.210326 5.640385 0.369238 2.582671 0.119858 0.735713 0.126734 0.654445 2 1.000000
1520616795.260328 5.652551 0.370826 2.574867 0.128030 0.764161 0.117190 0.621235 2 1.000000
1520616795.360331 5.674760 0.372946 2.555970 0.138667 0.811824 0.096461 0.558935 2 1.000000
1520616795.460334 5.691215 0.373366 2.530176 0.131639 0.854597 0.070269 0.497390 2 1.000000
1520616795.560232 5.703186 0.374072 2.501907 0.125546 0.891708 0.055876 0.431245 2 1.000000
1520616795.610234 5.707799 0.374726 2.486364 0.116562 0.910577 0.043002 0.394225 2 1.000000
1520616795.710237 5.711921 0.374719 2.451159 0.101031 0.938209 0.017710 0.330519 2 1.000000
1520616795.810240 5.714205 0.371296 2.416896 0.086219 0.958314 -0.011426 0.272160 2 1.000000
1520616795.910243 5.714156 0.369366 2.380427 0.060704 0.970593 -0.053328 0.226763 2 1.000000
1520616796.010322 5.713281 0.364328 2.348448 0.035985 0.973506 -0.089456 0.207339 2 1.000000
1520616796.160327 5.717707 0.360100 2.299103 -0.017703 0.965379 -0.116245 0.232846 2 1.000000
1520616796.260330 5.724523 0.360207 2.268390 -0.062405 0.949898 -0.119624 0.281940 2 1.000000
1520616796.360355 5.736786 0.359666 2.244358 -0.107371 0.921873 -0.122186 0.351699 2 1.000000
1520616796.410357 5.744521 0.357574 2.233356 -0.130080 0.905010 -0.118358 0.387334 2 1.000000
1520616796.460358 5.754019 0.357909 2.223094 -0.150935 0.884814 -0.117157 0.424966 2 1.000000
1520616796.560362 5.777055 0.359581 2.209702 -0.174559 0.842418 -0.115508 0.496506 2 1.000000
1520616796.660365 5.806273 0.363434 2.200259 -0.172958 0.803126 -0.109532 0.559532 2 1.000000
1520616796.760538 5.840015 0.370668 2.196208 -0.155879 0.770884 -0.094287 0.610369 2 1.000000
1520616796.860541 5.873955 0.373759 2.197877 -0.133720 0.747514 -0.072583 0.646585 2 1.000000
1520616796.960544 5.912073 0.374239 2.198945 -0.100197 0.736646 -0.054543 0.666587 2 1.000000
1520616797.060547 5.951043 0.369435 2.198328 -0.049910 0.737754 -0.039819 0.672043 2 1.000000
1520616797.160543 5.990769 0.365349 2.196309 0.004442 0.744795 -0.023086 0.666879 2 1.000000
1520616797.260546 6.032845 0.364878 2.187447 0.048400 0.757209 -0.002244 0.651373 2 1.000000
1520616797.360549 6.075789 0.364157 2.171216 0.082150 0.775443 0.010753 0.625958 2 1.000000
1520616797.460553 6.116871 0.355176 2.146153 0.104762 0.804541 0.017918 0.584310 2 1.000000
1520616797.560556 6.154349 0.350499 2.121560 0.122285 0.841345 0.018209 0.526168 2 1.000000
1520616797.660665 6.187892 0.349081 2.088731 0.135895 0.873728 0.017712 0.466710 2 1.000000
1520616797.760667 6.218911 0.348897 2.050229 0.140612 0.908815 0.011940 0.392609 2 1.000000
1520616797.860671 6.246581 0.353437 2.006824 0.138615 0.938473 -0.000067 0.316314 2 1.000000
1520616797.910672 6.258458 0.353821 1.985136 0.133625 0.952873 -0.007121 0.272261 2 1.000000
1520616797.960674 6.268414 0.354302 1.963675 0.126356 0.964836 -0.018521 0.229745 2 1.000000
1520616798.012466 6.276507 0.351266 1.943461 0.114704 0.974637 -0.029305 0.189913 2 1.000000
1520616798.112469 6.289840 0.345971 1.903938 0.088468 0.987702 -0.041404 0.122080 2 1.000000
1520616798.212473 6.297800 0.346751 1.862325 0.062491 0.994075 -0.047255 0.075350 2 1.000000
1520616798.362478 6.318643 0.343392 1.798442 0.019315 0.996163 -0.067987 0.051613 2 1.000000
1520616798.512923 6.349292 0.341047 1.735816 -0.033713 0.990281 -0.093375 0.097402 2 1.000000
1520616798.612926 6.375258 0.333798 1.698583 -0.071501 0.980701 -0.105960 0.147940 2 1.000000
1520616798.712929 6.411196 0.327904 1.666188 -0.094596 0.965876 -0.114247 0.212325 2 1.000000
1520616798.812695 6.448956 0.327183 1.635298 -0.118257 0.943431 -0.118925 0.286026 2 1.000000
1520616798.912681 6.491017 0.333162 1.606387 -0.129254 0.918011 -0.112809 0.357524 2 1.000000
1520616799.012684 6.534992 0.334532 1.581597 -0.119078 0.888075 -0.110932 0.429927 2 1.000000
1520616799.112687 6.579329 0.330454 1.559714 -0.082404 0.859141 -0.114214 0.491977 2 1.000000
1520616799.213304 6.622930 0.330947 1.544588 -0.038125 0.831525 -0.108439 0.543465 2 1.000000
1520616799.313307 6.668075 0.328901 1.532849 0.009472 0.809673 -0.080198 0.581299 2 1.000000
1520616799.413310 6.714192 0.332479 1.516090 0.062324 0.803201 -0.056652 0.589723 2 1.000000
1520616799.513314 6.757249 0.332322 1.496692 0.112263 0.802783 -0.043135 0.584017 2 1.000000
1520616799.613317 6.803445 0.326360 1.474664 0.156475 0.806391 -0.035642 0.569191 2 1.000000
1520616799.761993 6.865952 0.307990 1.439849 0.208248 0.820710 -0.021484 0.531608 2 1.000000
1520616799.861997 6.901679 0.299926 1.410504 0.225190 0.841083 -0.017376 0.491494 2 1.000000
1520616799.961999 6.938123 0.295217 1.376174 0.233228 0.865177 -0.017347 0.443590 2 1.000000
1520616800.061088 6.973233 0.296582 1.338094 0.240774 0.888503 -0.020416 0.390095 2 1.000000
1520616800.161091 7.005027 0.294971 1.298035 0.239925 0.910709 -0.026860 0.335147 2 1.000000
1520616800.261095 7.035269 0.291177 1.257108 0.233370 0.933402 -0.024113 0.271511 2 1.000000
1520616800.361097 7.057493 0.290906 1.214618 0.218293 0.952766 -0.013172 0.210740 2 1.000000
1520616800.460902 7.072681 0.296762 1.172912 0.201800 0.965305 -0.008066 0.165522 2 1.000000
1520616800.560865 7.086380 0.303437 1.132990 0.170760 0.976423 -0.015542 0.131138 2 1.000000
1520616800.660869 7.098139 0.305175 1.090098 0.130382 0.983925 -0.038724 0.115727 2 1.000000
1520616800.760872 7.109571 0.302148 1.051084 0.073154 0.989055 -0.057743 0.114385 2 1.000000
1520616800.860626 7.121476 0.301576 1.013324 0.018135 0.989661 -0.064936 0.126593 2 1.000000
1520616800.960629 7.136724 0.299534 0.974446 -0.035827 0.987527 -0.072422 0.135136 2 1.000000
1520616801.060632 7.150680 0.296172 0.935060 -0.076241 0.981917 -0.081479 0.152931 2 1.000000
1520616801.210637 7.188519 0.282239 0.873822 -0.122392 0.968691 -0.100012 0.191454 2 1.000000
1520616801.310344 7.218987 0.275626 0.840951 -0.137223 0.954724 -0.119263 0.235476 2 1.000000
1520616801.410347 7.250987 0.264170 0.820053 -0.141021 0.938878 -0.127683 0.286911 2 1.000000
1520616801.510350 7.289669 0.261888 0.796669 -0.138298 0.918494 -0.124993 0.348741 2 1.000000
1520616801.610354 7.333025 0.266720 0.777466 -0.124934 0.894957 -0.108457 0.414345 2 1.000000
1520616801.710319 7.372727 0.278167 0.764821 -0.098134 0.867994 -0.088126 0.478737 2 1.000000
1520616801.810323 7.419479 0.282486 0.752239 -0.066876 0.840164 -0.074810 0.532969 2 1.000000
1520616801.910326 7.460218 0.280821 0.751757 -0.032610 0.809338 -0.060105 0.583348 2 1.000000
1520616802.010328 7.505947 0.281348 0.747726 -0.019096 0.778381 -0.036389 0.626445 2 1.000000
1520616802.160471 7.568433 0.280648 0.748253 0.002886 0.756511 -0.012364 0.653858 2 1.000000
1520616802.310476 7.636631 0.275845 0.742465 0.055563 0.761515 -0.018614 0.645494 2 1.000000
1520616802.460481 7.700215 0.268331 0.738046 0.082295 0.777660 0.010170 0.623192 2 1.000000
1520616802.560610 7.739877 0.260492 0.728665 0.092280 0.797435 0.044456 0.594647 2 1.000000
1520616802.660613 7.774389 0.256902 0.715924 0.121760 0.814037 0.062625 0.564443 2 1.000000
1520616802.760616 7.818117 0.252398 0.696822 0.159709 0.830847 0.068844 0.528628 2 1.000000
1520616802.860619 7.854784 0.249318 0.675179 0.192605 0.848111 0.071045 0.488430 2 1.000000
1520616802.961120 7.888156 0.245478 0.647229 0.214333 0.866629 0.076585 0.444017 2 1.000000
1520616803.061124 7.921841 0.238859 0.615612 0.229683 0.887596 0.078410 0.391498 2 1.000000
1520616803.161127 7.950524 0.234809 0.579945 0.245713 0.907300 0.068742 0.334224 2 1.000000
1520616803.261130 7.977236 0.234798 0.537020 0.255881 0.927452 0.052336 0.267618 2 1.000000
1520616803.361527 8.000238 0.235172 0.495009 0.265178 0.941259 0.030638 0.206818 2 1.000000
1520616803.461529 8.014635 0.231972 0.455394 0.266392 0.954028 0.000946 0.137350 2 1.000000
1520616803.561533 8.022717 0.228416 0.418488 0.270364 0.959687 -0.020632 0.074019 2 1.000000
1520616803.661536 8.033545 0.223378 0.371689 -0.272796 -0.961524 0.032092 0.004937 2 1.000000
1520616803.760961 8.030724 0.221304 0.334756 -0.285711 -0.953853 0.043024 0.081743 2 1.000000
1520616803.860877 8.021263 0.220778 0.295588 -0.295171 -0.941043 0.060163 0.153922 2 1.000000
1520616803.960880 8.006564 0.223958 0.259431 -0.296957 -0.924012 0.083024 0.226110 2 1.000000
1520616804.010881 7.998065 0.223376 0.243597 -0.295110 -0.912291 0.088500 0.269819 2 1.000000
1520616804.060883 7.986923 0.223125 0.230419 -0.296064 -0.897858 0.092791 0.312389 2 1.000000
1520616804.110661 7.974949 0.224133 0.220528 -0.297864 -0.880415 0.098826 0.355501 2 1.000000
1520616804.160663 7.962783 0.224746 0.210600 -0.298448 -0.859379 0.105551 0.401567 2 1.000000
1520616804.210664 7.948872 0.224823 0.204672 -0.297654 -0.833665 0.114465 0.450890 2 1.000000
1520616804.260666 7.933805 0.225116 0.201140 -0.293028 -0.803853 0.123829 0.502615 2 1.000000
1520616804.310668 7.919402 0.225903 0.201227 -0.284954 -0.771460 0.136587 0.552264 2 1.000000
1520616804.360669 7.904068 0.227580 0.201692 -0.273744 -0.736028 0.150083 0.600668 2 1.000000
1520616804.410671 7.890503 0.229656 0.206696 -0.260656 -0.698212 0.162837 0.646563 2 1.000000
1520616804.460673 7.878368 0.230770 0.214165 -0.249513 -0.656525 0.174908 0.690018 2 1.000000
1520616804.510674 7.867275 0.232739 0.222121 -0.240578 -0.612135 0.187802 0.729482 2 1.000000
1520616804.560965 7.857439 0.233520 0.233705 -0.231035 -0.564941 0.194801 0.767801 2 1.000000
1520616804.610967 7.850605 0.236998 0.246441 -0.226128 -0.516861 0.201560 0.800684 2 1.000000
1520616804.660969 7.845653 0.239707 0.261611 -0.225943 -0.469926 0.207812 0.827607 2 1.000000
1520616804.710970 7.841993 0.243419 0.276951 -0.221856 -0.424208 0.207416 0.853116 2 1.000000
1520616804.760972 7.839171 0.249015 0.294321 -0.215613 -0.382327 0.203402 0.875194 2 1.000000
1520616804.860975 7.837749 0.257493 0.333369 -0.193874 -0.316368 0.188172 0.909349 2 1.000000
1520616804.961273 7.837478 0.268969 0.372259 -0.163054 -0.264640 0.162613 0.936449 2 1.000000
1520616805.061275 7.841874 0.279341 0.411451 -0.134433 -0.227147 0.129267 0.955836 2 1.000000
1520616805.161279 7.845415 0.285821 0.453232 -0.097101 -0.205487 0.093009 0.969379 2 1.000000
1520616805.261281 7.844781 0.288838 0.491687 -0.057555 -0.200415 0.051885 0.976642 2 1.000000
1520616805.361481 7.839539 0.289623 0.528163 -0.019912 -0.216615 0.016978 0.975906 2 1.000000
1520616805.461484 7.826137 0.290489 0.561353 0.012589 -0.243714 -0.020809 0.969542 2 1.000000
1520616805.561486 7.806515 0.286844 0.590294 0.046885 -0.290242 -0.058844 0.953991 2 1.000000
1520616805.661490 7.781035 0.281457 0.611321 0.078221 -0.354972 -0.094813 0.926761 2 1.000000
1520616805.761116 7.751781 0.273938 0.626211 0.101355 -0.425162 -0.109357 0.892752 2 1.000000
1520616805.861119 7.718711 0.270239 0.633008 0.102240 -0.504573 -0.089484 0.852611 2 1.000000
1520616805.911121 7.701430 0.270722 0.633880 0.093041 -0.547555 -0.069165 0.828700 2 1.000000
1520616805.961122 7.683149 0.272026 0.632360 0.079978 -0.587211 -0.047047 0.804098 2 1.000000
1520616806.011124 7.665922 0.273462 0.631471 0.062429 -0.624421 -0.020752 0.778312 2 1.000000
1520616806.061125 7.648500 0.272750 0.631601 0.043440 -0.656884 0.003504 0.752731 2 1.000000
1520616806.111127 7.633007 0.278079 0.629306 0.026600 -0.680719 0.028211 0.731518 2 1.000000
1520616806.210845 7.600941 0.277404 0.627921 -0.013934 -0.716818 0.077556 0.692793 2 1.000000
1520616806.310848 7.570025 0.273371 0.625648 -0.052053 -0.741752 0.118527 0.658063 2 1.000000
1520616806.410852 7.536448 0.268860 0.628897 -0.088928 -0.741261 0.155384 0.646900 2 1.000000
1520616806.510855 7.496674 0.266203 0.631705 -0.129470 -0.718391 0.191517 0.656104 2 1.000000
1520616806.610829 7.454338 0.268006 0.642662 -0.154729 -0.679597 0.217344 0.683351 2 1.000000
1520616806.710832 7.412439 0.266636 0.660566 -0.170262 -0.623720 0.235756 0.725537 2 1.000000
1520616806.810835 7.375955 0.264804 0.682085 -0.186665 -0.561498 0.255747 0.764507 2 1.000000
1520616806.910838 7.338170 0.264544 0.714414 -0.197175 -0.491432 0.264620 0.805973 2 1.000000
1520616807.011441 7.302551 0.271340 0.749545 -0.187855 -0.421155 0.272079 0.844578 2 1.000000
1520616807.111439 7.267086 0.278531 0.788043 -0.170977 -0.356524 0.268186 0.878484 2 1.000000
1520616807.211442 7.233607 0.283779 0.825631 -0.154750 -0.298755 0.260450 0.904966 2 1.000000
1520616807.311445 7.204696 0.285404 0.867531 -0.133468 -0.242472 0.232184 0.932461 2 1.000000
1520616807.413039 7.179857 0.285091 0.907872 -0.098990 -0.194046 0.208801 0.953388 2 1.000000
1520616807.513043 7.160070 0.291908 0.949008 -0.070336 -0.150124 0.186472 0.968372 2 1.000000
1520616807.613046 7.142007 0.295878 0.988513 -0.060514 -0.098598 0.177319 0.977330 2 1.000000
1520616807.713049 7.126809 0.294829 1.024128 -0.052271 -0.031404 0.189177 0.980048 2 1.000000
1520616807.811883 7.123069 0.297139 1.066771 -0.039214 0.035270 0.181788 0.981922 2 1.000000
1520616807.911886 7.129310 0.299575 1.106452 -0.037830 0.093892 0.175792 0.979209 2 1.000000
1520616808.011889 7.137434 0.313596 1.155434 -0.028665 0.155229 0.172813 0.972223 2 1.000000
1520616808.111893 7.152757 0.316734 1.201547 -0.009485 0.216109 0.179380 0.959703 2 1.000000
1520616808.211581 7.170691 0.325019 1.243500 0.014187 0.265971 0.189484 0.945068 2 1.000000
1520616808.311583 7.191144 0.330323 1.288391 0.018588 0.316708 0.197287 0.927593 2 1.000000
1520616808.411588 7.216785 0.330238 1.324238 0.015918 0.358529 0.202302 0.911196 2 1.000000
1520616808.511589 7.250070 0.329317 1.359308 0.023363 0.401904 0.203951 0.892374 2 1.000000
1520616808.612309 7.288276 0.334910 1.393809 0.038474 0.454137 0.196029 0.868246 2 1.000000
1520616808.712312 7.330491 0.342337 1.422502 0.048084 0.504542 0.188711 0.841138 2 1.000000
1520616808.812315 7.378152 0.347828 1.445338 0.057592 0.550797 0.160333 0.817067 2 1.000000
1520616808.912318 7.424401 0.348685 1.456138 0.047493 0.598316 0.121707 0.790537 2 1.000000
1520616809.012321 7.477839 0.351452 1.464281 0.038565 0.643695 0.102796 0.757365 2 1.000000
1520616809.115273 7.527505 0.356222 1.467277 0.043284 0.681559 0.091827 0.724687 2 1.000000
1520616809.265277 7.598999 0.364873 1.467161 0.060530 0.712964 0.064346 0.695613 2 1.000000
1520616809.415282 7.674127 0.367089 1.470831 0.035206 0.726377 0.061603 0.683624 2 1.000000
1520616809.568607 7.746959 0.366557 1.473050 0.023165 0.726022 0.045332 0.685784 2 1.000000
1520616809.668610 7.797717 0.371646 1.474462 0.028806 0.726239 0.017834 0.686606 2 1.000000
1520616809.818615 7.871824 0.374644 1.472846 0.019861 0.739774 -0.004724 0.672545 2 1.000000
1520616809.919244 7.921851 0.369216 1.473499 0.003764 0.747165 -0.007820 0.664582 2 1.000000
1520616810.019246 7.973094 0.365960 1.472302 -0.003674 0.754913 -0.008830 0.655755 2 1.000000
1520616810.119249 8.024588 0.364673 1.470361 0.002191 0.759873 -0.010876 0.649977 2 1.000000
1520616810.219253 8.081141 0.368660 1.468284 0.011835 0.759836 -0.009372 0.649940 2 1.000000
1520616810.319278 8.132067 0.372122 1.467842 0.022937 0.752264 -0.004943 0.658444 2 1.000000
1520616810.469260 8.211816 0.369371 1.475210 0.017940 0.746299 0.000910 0.665368 2 1.000000
1520616810.619265 8.282134 0.369327 1.481391 0.008083 0.734292 0.012169 0.678677 2 1.000000
1520616810.719268 8.331758 0.376798 1.484249 0.007668 0.729688 0.010900 0.683651 2 1.000000
1520616810.869272 8.403723 0.381243 1.486367 0.008606 0.737227 0.003867 0.675579 2 1.000000
1520616811.019278 8.473221 0.379517 1.487782 -0.017339 0.741921 0.004223 0.670250 2 1.000000
1520616811.169283 8.538946 0.379762 1.487575 -0.035086 0.737216 -0.011281 0.674651 2 1.000000
1520616811.269285 8.589009 0.383765 1.489332 -0.030579 0.724583 -0.041547 0.687255 2 1.000000
1520616811.419290 8.661299 0.384520 1.496005 -0.034720 0.694808 -0.081281 0.713743 2 1.000000
1520616811.569294 8.733602 0.376778 1.511953 -0.059686 0.657552 -0.108830 0.743114 2 1.000000
1520616811.669297 8.782593 0.376972 1.525131 -0.066447 0.624527 -0.135376 0.766305 2 1.000000
1520616811.769301 8.830234 0.380100 1.542850 -0.072501 0.594789 -0.158176 0.784825 2 1.000000
1520616811.869305 8.876988 0.379784 1.562001 -0.074449 0.566614 -0.183317 0.799876 2 1.000000
1520616811.968276 8.921798 0.377059 1.585466 -0.070362 0.535736 -0.201257 0.817026 2 1.000000
1520616812.068237 8.962709 0.372520 1.612057 -0.072333 0.499337 -0.220405 0.834777 2 1.000000
1520616812.168240 8.996505 0.369899 1.640146 -0.074160 0.458854 -0.234802 0.853710 2 1.000000
1520616812.268243 9.033328 0.376179 1.672187 -0.068411 0.411362 -0.244720 0.875336 2 1.000000
1520616812.367204 9.065301 0.381807 1.705959 -0.057045 0.364843 -0.245582 0.896284 2 1.000000
1520616812.467207 9.092578 0.386693 1.741327 -0.038788 0.320415 -0.244503 0.914357 2 1.000000
1520616812.567210 9.115384 0.389375 1.779518 -0.030786 0.272052 -0.234992 0.932641 2 1.000000
1520616812.667214 9.131206 0.400852 1.816750 -0.044175 0.222170 -0.228130 0.946914 2 1.000000
1520616812.765498 9.149063 0.407631 1.857376 -0.060284 0.175901 -0.228677 0.955579 2 1.000000
1520616812.865501 9.163301 0.421147 1.901114 -0.059136 0.126106 -0.223638 0.964669 2 1.000000
1520616812.965504 9.172339 0.434795 1.945287 -0.052929 0.080075 -0.208999 0.973194 2 1.000000
1520616813.065508 9.168831 0.442708 1.990524 -0.054469 0.036033 -0.173155 0.982727 2 1.000000
1520616813.162669 9.164031 0.450794 2.033043 -0.047610 -0.003663 -0.126616 0.990802 2 1.000000
1520616813.262672 9.151022 0.458508 2.075097 -0.043697 -0.038792 -0.074472 0.995510 2 1.000000
1520616813.362675 9.136487 0.467010 2.116062 -0.045768 -0.069417 -0.025691 0.996206 2 1.000000
1520616813.462678 9.119693 0.478464 2.155707 -0.059147 -0.088952 0.022119 0.994032 2 1.000000
1520616813.561427 9.104389 0.482251 2.193367 -0.084986 -0.102553 0.071097 0.988537 2 1.000000
1520616813.711431 9.075045 0.472598 2.250553 -0.119297 -0.119911 0.112097 0.979195 2 1.000000
1520616813.861436 9.050426 0.462087 2.303783 -0.131444 -0.124623 0.141179 0.973273 2 1.000000
1520616814.011331 9.023342 0.443456 2.367316 -0.100125 -0.134890 0.164427 0.971979 2 1.000000
1520616814.111334 9.009774 0.422744 2.411416 -0.060675 -0.143083 0.174257 0.972358 2 1.000000
1520616814.211337 9.000212 0.398324 2.456017 -0.019078 -0.145830 0.183061 0.972038 2 1.000000
1520616814.361091 8.995358 0.371175 2.521969 0.002003 -0.158210 0.198308 0.967285 2 1.000000
1520616814.511095 9.000775 0.357343 2.589808 0.013740 -0.188678 0.198134 0.961746 2 1.000000
1520616814.661101 9.013616 0.357958 2.656713 0.044380 -0.218828 0.164076 0.960845 2 1.000000
1520616814.810956 9.028642 0.368284 2.722038 0.051514 -0.230647 0.123029 0.963853 2 1.000000
1520616814.960960 9.038696 0.395138 2.784042 0.038283 -0.235050 0.074761 0.968348 2 1.000000
1520616815.110965 9.040056 0.430975 2.843391 0.029044 -0.232583 0.047658 0.970974 2 1.000000
1520616815.261026 9.028816 0.464519 2.900131 0.010920 -0.222214 0.032709 0.974388 2 1.000000
1520616815.410946 8.998258 0.495829 2.942627 -0.031978 -0.246124 0.032730 0.968158 2 1.000000
1520616815.560867 8.953363 0.526790 2.976791 -0.062247 -0.299111 0.022286 0.951925 2 1.000000
1520616815.660870 8.914742 0.540631 2.993160 -0.076324 -0.346821 0.016837 0.934669 2 1.000000
1520616815.760874 8.874872 0.541350 3.001121 -0.073602 -0.398532 0.015659 0.914062 2 1.000000
1520616815.860877 8.837868 0.531910 3.000447 -0.068036 -0.461558 0.028170 0.884048 2 1.000000
1520616815.960880 8.803213 0.512651 2.994422 -0.067456 -0.524454 0.044736 0.847583 2 1.000000
1520616816.061797 8.770113 0.495169 2.989903 -0.083544 -0.578749 0.052345 0.809524 2 1.000000
1520616816.161800 8.740334 0.478322 2.987843 -0.091103 -0.628932 0.044936 0.770796 2 1.000000
1520616816.261803 8.710191 0.459994 2.990301 -0.060929 -0.675675 0.048855 0.733051 2 1.000000
1520616816.361807 8.681659 0.440859 2.996984 -0.019095 -0.716842 0.071809 0.693265 2 1.000000
1520616816.462323 8.653545 0.424929 3.007354 0.014572 -0.750726 0.088120 0.654548 2 1.000000
1520616816.562325 8.628144 0.419164 3.014124 0.032961 -0.783977 0.086517 0.613848 2 1.000000
1520616816.662329 8.600771 0.423305 3.016574 0.044148 -0.811810 0.070211 0.578002 2 1.000000
1520616816.762332 8.573154 0.436302 3.011474 0.055743 -0.835493 0.056487 0.543740 2 1.000000
1520616816.862092 8.547066 0.451893 2.998891 0.065387 -0.860671 0.052118 0.502248 2 1.000000
1520616816.962095 8.523834 0.467560 2.975768 0.071553 -0.884232 0.057674 0.457918 2 1.000000
1520616817.062098 8.506890 0.486080 2.944654 0.072014 -0.910939 0.052190 0.402841 2 1.000000
1520616817.162101 8.501947 0.500500 2.908182 0.059378 -0.935336 0.041432 0.346271 2 1.000000
1520616817.262284 8.506469 0.515974 2.866291 0.053981 -0.954761 0.028381 0.291053 2 1.000000
1520616817.362287 8.520796 0.523440 2.822699 0.042874 -0.971955 0.021783 0.230198 2 1.000000
1520616817.462291 8.542288 0.522895 2.778877 0.028889 -0.986913 0.030500 0.155684 2 1.000000
1520616817.562294 8.574009 0.513887 2.737082 0.017314 -0.996567 0.039880 0.070462 2 1.000000
1520616817.663729 8.611099 0.498905 2.701699 -0.004270 0.999184 -0.038578 0.011184 2 1.000000
1520616817.763732 8.648577 0.478372 2.671845 0.015050 0.995402 -0.023692 0.091576 2 1.000000
1520616817.813733 8.665122 0.472979 2.658329 0.014579 0.990761 -0.015136 0.133979 2 1.000000
1520616817.913738 8.696629 0.454190 2.631663 0.010200 0.976320 -0.014752 0.215587 2 1.000000
1520616818.014805 8.723413 0.429160 2.604457 0.016097 0.956399 -0.041363 0.288670 2 1.000000
1520616818.114808 8.744132 0.402686 2.579388 0.024884 0.932136 -0.067685 0.354856 2 1.000000
1520616818.214811 8.759155 0.385123 2.550268 0.033776 0.913637 -0.076355 0.397866 2 1.000000
1520616818.364816 8.778676 0.378819 2.497891 0.005459 0.906395 -0.077000 0.415318 2 1.000000
1520616818.512632 8.800793 0.388818 2.442214 -0.001064 0.908286 -0.082760 0.410080 2 1.000000
1520616818.662637 8.828008 0.408836 2.390663 0.004391 0.917271 -0.058988 0.393847 2 1.000000
1520616818.812642 8.864806 0.439792 2.347695 -0.009067 0.928120 -0.023226 0.371445 2 1.000000
1520616818.965571 8.917948 0.469362 2.317043 0.017301 0.930175 -0.008724 0.366604 2 1.000000
1520616819.115576 8.975312 0.480924 2.294716 0.036621 0.920690 0.018526 0.388130 2 1.000000
1520616819.267743 9.036189 0.465219 2.272142 0.040586 0.904711 0.048198 0.421340 2 1.000000
1520616819.417747 9.088259 0.442095 2.236830 0.026524 0.891929 0.044517 0.449197 2 1.000000
1520616819.517751 9.120110 0.422241 2.202874 0.040053 0.888559 0.017637 0.456670 2 1.000000
1520616819.617754 9.147490 0.399675 2.160185 0.063918 0.887616 -0.019506 0.455711 2 1.000000
1520616819.718344 9.170675 0.379238 2.115196 0.073151 0.894042 -0.043912 0.439783 2 1.000000
1520616819.818347 9.182955 0.364146 2.067467 0.067433 0.901702 -0.054084 0.423629 2 1.000000
1520616819.918350 9.191217 0.355581 2.014808 0.063336 0.908765 -0.056355 0.408606 2 1.000000
1520616820.018354 9.200733 0.351795 1.964128 0.065229 0.913137 -0.061883 0.397614 2 1.000000
1520616820.119561 9.204445 0.356781 1.912397 0.076208 0.904985 -0.066044 0.413319 2 1.000000
1520616820.269567 9.211255 0.375076 1.838117 0.084825 0.914100 -0.048801 0.393502 2 1.000000
1520616820.369570 9.217965 0.388453 1.786971 0.090063 0.942051 -0.026148 0.322094 2 1.000000
1520616820.419571 9.221743 0.398143 1.762500 0.084068 0.958510 -0.018115 0.271779 2 1.000000
1520616820.469572 9.227632 0.403452 1.742017 0.083494 0.971407 -0.005699 0.222182 2 1.000000
1520616820.517347 9.230769 0.413033 1.718737 0.077082 0.981327 0.000805 0.176225 2 1.000000
1520616820.567348 9.236929 0.421462 1.693747 0.066903 0.989085 0.007991 0.131036 2 1.000000
1520616820.617350 9.243731 0.420981 1.677090 0.054336 0.994307 0.020009 0.089449 2 1.000000
1520616820.717353 9.262171 0.426889 1.636746 -0.002449 0.999376 0.018121 0.030229 2 1.000000
1520616820.817356 9.286678 0.420860 1.601903 -0.063888 0.997516 0.013888 0.026220 2 1.000000
1520616820.919587 9.319341 0.408858 1.570180 -0.127559 0.988996 -0.003962 0.074836 2 1.000000
1520616820.969589 9.335513 0.403140 1.556936 -0.163492 0.979474 -0.028450 0.114415 2 1.000000
1520616821.019590 9.359842 0.395452 1.545693 -0.184859 0.968181 -0.055721 0.159208 2 1.000000
1520616821.069592 9.380046 0.388777 1.535946 -0.198025 0.952952 -0.084323 0.213445 2 1.000000
1520616821.119593 9.405884 0.384489 1.528199 -0.199888 0.934625 -0.111760 0.272087 2 1.000000
1520616821.169595 9.427576 0.379547 1.520216 -0.199098 0.909942 -0.140272 0.335693 2 1.000000
1520616821.219597 9.450392 0.374414 1.516148 -0.199036 0.878657 -0.165551 0.401172 2 1.000000
1520616821.269598 9.474363 0.373489 1.514609 -0.194928 0.842590 -0.189835 0.464766 2 1.000000
1520616821.317485 9.492029 0.367786 1.512587 -0.184101 0.801758 -0.196230 0.533652 2 1.000000
1520616821.367486 9.511885 0.369450 1.514508 -0.172221 0.757251 -0.196625 0.598539 2 1.000000
1520616821.417488 9.530334 0.371603 1.512866 -0.152917 0.710799 -0.180949 0.662297 2 1.000000
1520616821.467489 9.547011 0.371478 1.520349 -0.126873 0.669343 -0.150859 0.716328 2 1.000000
1520616821.517490 9.565975 0.375117 1.525695 -0.098878 0.628900 -0.116374 0.762342 2 1.000000
1520616821.567492 9.580517 0.376446 1.533114 -0.072843 0.590256 -0.075540 0.800366 2 1.000000
1520616821.617493 9.595030 0.377407 1.542886 -0.045779 0.561533 -0.037359 0.825342 2 1.000000
1520616821.667495 9.610280 0.378343 1.549398 -0.022322 0.540882 -0.005546 0.840784 2 1.000000
1520616821.763179 9.642841 0.379950 1.562801 0.019899 0.516192 0.049013 0.854838 2 1.000000
1520616821.863182 9.676080 0.390123 1.575422 0.062915 0.513571 0.075212 0.852426 2 1.000000
1520616822.013186 9.721239 0.392187 1.593154 0.087016 0.551374 0.080509 0.825793 2 1.000000
1520616822.111991 9.752681 0.399344 1.602255 0.041954 0.574062 0.044362 0.816532 2 1.000000
1520616822.211994 9.777225 0.405993 1.612341 -0.019044 0.563864 -0.012432 0.825554 2 1.000000
1520616822.261996 9.790538 0.406980 1.618714 -0.045679 0.547118 -0.051426 0.834225 2 1.000000
1520616822.311997 9.802952 0.408988 1.626307 -0.066118 0.521490 -0.091737 0.845731 2 1.000000
1520616822.361999 9.817789 0.411934 1.638934 -0.081365 0.491431 -0.130029 0.857302 2 1.000000
1520616822.412000 9.829396 0.410821 1.651346 -0.091446 0.450183 -0.163481 0.873068 2 1.000000
1520616822.462002 9.837436 0.410840 1.665673 -0.095602 0.402723 -0.192698 0.889687 2 1.000000
1520616822.511842 9.842223 0.412399 1.680920 -0.094076 0.347713 -0.215894 0.907544 2 1.000000
1520616822.561844 9.844260 0.412508 1.697953 -0.090412 0.288039 -0.231027 0.924925 2 1.000000
1520616822.611845 9.843897 0.414165 1.714761 -0.083431 0.225918 -0.231805 0.942479 2 1.000000
1520616822.661847 9.844372 0.414169 1.733797 -0.078159 0.164938 -0.219349 0.958422 2 1.000000
1520616822.711849 9.839506 0.417578 1.751930 -0.070366 0.109494 -0.200151 0.971081 2 1.000000
1520616822.761850 9.838841 0.418525 1.768893 -0.061790 0.058270 -0.179231 0.980134 2 1.000000
1520616822.811852 9.835728 0.426117 1.789054 -0.049430 0.014124 -0.151631 0.987099 2 1.000000
1520616822.861854 9.829934 0.424928 1.807360 -0.041302 -0.024537 -0.117928 0.991859 2 1.000000
1520616822.911855 9.826537 0.426538 1.827499 -0.032504 -0.055523 -0.079878 0.994726 2 1.000000
1520616823.011551 9.813571 0.427254 1.865948 -0.025957 -0.095886 -0.006531 0.995032 2 1.000000
1520616823.111553 9.806095 0.426525 1.908702 -0.022138 -0.122366 0.059505 0.990452 2 1.000000
1520616823.211558 9.793771 0.419032 1.947858 -0.003553 -0.132761 0.119417 0.983922 2 1.000000
1520616823.311561 9.779053 0.412038 1.985972 0.014410 -0.137378 0.181898 0.973567 2 1.000000
1520616823.411240 9.768343 0.404849 2.019255 0.029072 -0.147989 0.222871 0.963111 2 1.000000
1520616823.561244 9.750650 0.399315 2.077547 0.030373 -0.162484 0.246552 0.954929 2 1.000000
1520616823.711249 9.731095 0.388720 2.132967 -0.000651 -0.165370 0.276860 0.946573 2 1.000000
1520616823.861016 9.718045 0.385226 2.193223 -0.019092 -0.145170 0.301419 0.942183 2 1.000000
1520616824.011020 9.706706 0.393795 2.266188 -0.026010 -0.097563 0.321839 0.941395 2 1.000000
1520616824.111023 9.707327 0.404567 2.320380 -0.026901 -0.054320 0.298975 0.952334 2 1.000000
1520616824.211720 9.713309 0.416356 2.373218 -0.023133 -0.005519 0.251885 0.967465 2 1.000000
1520616824.311724 9.729209 0.426966 2.415080 -0.018549 0.051536 0.201495 0.977957 2 1.000000
1520616824.411727 9.747272 0.437816 2.454787 -0.009637 0.103198 0.147827 0.983567 2 1.000000
1520616824.511730 9.768743 0.450036 2.500476 -0.001952 0.141721 0.089125 0.985884 2 1.000000
1520616824.611631 9.788321 0.456166 2.532654 -0.004559 0.162777 0.029798 0.986202 2 1.000000
1520616824.711634 9.804843 0.452781 2.571466 0.008901 0.161313 -0.018077 0.986697 2 1.000000
1520616824.811637 9.815461 0.443451 2.608255 0.029871 0.145757 -0.072490 0.986209 2 1.000000
1520616824.911641 9.818328 0.434154 2.642806 0.038444 0.125767 -0.119177 0.984125 2 1.000000
1520616825.061121 9.815017 0.433163 2.696310 0.029246 0.079664 -0.149283 0.985146 2 1.000000
1520616825.211126 9.793601 0.437582 2.757884 0.025706 0.024403 -0.138488 0.989730 2 1.000000
1520616825.311129 9.774879 0.445196 2.797294 0.016813 -0.023599 -0.109041 0.993615 2 1.000000
1520616825.410991 9.754073 0.452402 2.831612 0.003084 -0.061582 -0.068942 0.995713 2 1.000000
1520616825.510994 9.733101 0.459218 2.868086 -0.002678 -0.088387 -0.022009 0.995839 2 1.000000
1520616825.610997 9.713605 0.468983 2.901584 -0.003861 -0.112103 0.027976 0.993295 2 1.000000
1520616825.711000 9.696086 0.477868 2.939077 -0.003881 -0.129869 0.070879 0.988987 2 1.000000
1520616825.861158 9.673128 0.481629 2.988783 -0.003689 -0.146138 0.120975 0.981833 2 1.000000
1520616826.011163 9.656985 0.474735 3.038173 0.003518 -0.113228 0.151983 0.981870 2 1.000000
