# ORB-SLAM3 Path Recording
# Format: timestamp tx ty tz qx qy qz qw tracking_state confidence
# Translation in meters, quaternion (x,y,z,w), timestamp in seconds
# Coordinate system: Camera frame
1520616734.958046 0.238798 -0.088346 -0.045727 -0.000050 0.005799 0.010426 0.999929 2 1.000000
1520616735.057911 0.191914 -0.064916 -0.048750 -0.027537 -0.011119 0.004211 0.999550 2 1.000000
1520616735.157914 0.149225 -0.036818 -0.051821 -0.058464 -0.029028 -0.009883 0.997818 2 1.000000
1520616735.257917 0.107212 -0.005551 -0.055801 -0.081669 -0.051131 -0.015424 0.995228 2 1.000000
1520616735.357920 0.063975 0.024023 -0.059037 -0.091759 -0.075973 -0.028021 0.992483 2 1.000000
1520616735.458165 0.015926 0.044734 -0.068647 -0.108192 -0.108984 -0.036299 0.987471 2 1.000000
1520616735.558168 -0.032658 0.057593 -0.082232 -0.137568 -0.141570 -0.047225 0.979185 2 1.000000
1520616735.708173 -0.102450 0.059087 -0.100199 -0.157700 -0.192104 -0.050650 0.967296 2 1.000000
1520616735.808176 -0.152122 0.047337 -0.108340 -0.149079 -0.226718 -0.036210 0.961802 2 1.000000
1520616735.908808 -0.200901 0.033914 -0.116512 -0.124496 -0.260786 -0.028089 0.956924 2 1.000000
1520616736.008811 -0.246860 0.010397 -0.121450 -0.091660 -0.277829 -0.014805 0.956133 2 1.000000
1520616736.108814 -0.290128 -0.022101 -0.125366 -0.047714 -0.291794 0.005394 0.955275 2 1.000000
1520616736.258398 -0.332840 -0.070402 -0.127096 -0.008209 -0.321954 0.027660 0.946315 2 1.000000
1520616736.408424 -0.365180 -0.110400 -0.130223 0.011127 -0.372262 0.045030 0.926968 2 1.000000
1520616736.508406 -0.377021 -0.134618 -0.129401 0.033082 -0.413615 0.065453 0.907494 2 1.000000
1520616736.608409 -0.381311 -0.150799 -0.124588 0.044295 -0.449743 0.079988 0.888466 2 1.000000
1520616736.808061 -0.370875 -0.167549 -0.087679 0.047026 -0.375476 0.091748 0.921080 2 1.000000
1520616736.858063 -0.362687 -0.168576 -0.075114 0.057798 -0.324563 0.087710 0.940013 2 1.000000
1520616736.908064 -0.352220 -0.168894 -0.064152 0.064874 -0.268602 0.076676 0.958000 2 1.000000
1520616736.958066 -0.341600 -0.165469 -0.056242 0.064517 -0.214877 0.062813 0.972481 2 1.000000
1520616737.008067 -0.330215 -0.160175 -0.051286 0.055152 -0.167384 0.054318 0.982848 2 1.000000
1520616737.058069 -0.318153 -0.154540 -0.049124 0.041510 -0.125482 0.055015 0.989699 2 1.000000
1520616737.157940 -0.295288 -0.138664 -0.050450 0.017609 -0.056963 0.064699 0.996122 2 1.000000
1520616737.257944 -0.269222 -0.114621 -0.056248 -0.001698 0.002898 0.069950 0.997545 2 1.000000
1520616737.407948 -0.229664 -0.069005 -0.073862 -0.033232 0.026945 0.040988 0.998243 2 1.000000
1520616737.508017 -0.204236 -0.043260 -0.090411 -0.061810 -0.022644 0.016195 0.997700 2 1.000000
1520616737.608020 -0.177241 -0.022450 -0.107745 -0.096800 -0.085647 0.009637 0.991565 2 1.000000
1520616737.708023 -0.151988 -0.011356 -0.122687 -0.111834 -0.163138 0.026905 0.979875 2 1.000000
1520616737.758024 -0.138064 -0.007168 -0.130420 -0.105909 -0.203855 0.041172 0.972384 2 1.000000
