# ORB-SLAM3 Path Recording
# Format: timestamp tx ty tz qx qy qz qw tracking_state confidence
# Translation in meters, quaternion (x,y,z,w), timestamp in seconds
# Coordinate system: Camera frame
1756824007.686000 0.000000 0.000000 0.000000 -0.000000 -0.000000 -0.000000 1.000000 1 0.500000
1756824014.895000 -0.009006 -0.000135 -0.004099 0.014447 -0.041438 -0.007251 0.999010 2 1.000000
1756824015.174000 -0.008918 -0.000266 -0.004402 0.005602 -0.084984 -0.012921 0.996283 2 1.000000
1756824016.011000 -0.013100 0.000031 -0.001492 -0.021801 -0.050585 -0.013280 0.998393 2 1.000000
1756824016.483000 -0.013797 0.000053 -0.001309 0.004169 -0.015076 -0.009968 0.999828 2 1.000000
1756824017.213000 -0.016555 0.000096 -0.001329 -0.002952 0.027981 -0.002672 0.999601 2 1.000000
1756824017.638000 -0.013094 0.000057 -0.000756 -0.005652 0.070355 0.007551 0.997477 2 1.000000
1756824018.013000 -0.012525 0.000066 -0.000730 -0.006616 0.114965 0.017179 0.993199 2 1.000000
1756824018.280000 -0.011694 0.000062 -0.000650 -0.004613 0.157606 0.023193 0.987219 2 1.000000
1756824018.743000 -0.011642 0.000040 -0.000750 -0.004238 0.114729 0.013646 0.993294 2 1.000000
1756824018.989000 -0.012184 0.000037 -0.000610 -0.007012 0.069726 0.004603 0.997531 2 1.000000
1756824019.289000 -0.013042 -0.000668 0.001816 -0.011419 0.024649 -0.005357 0.999617 2 1.000000
1756824019.664000 -0.017024 -0.000130 0.001172 -0.018299 -0.018097 -0.011582 0.999602 2 1.000000
1756824020.268000 -0.017650 -0.000234 0.000188 -0.022125 -0.061771 -0.018279 0.997678 2 1.000000
1756824021.330000 -0.016686 -0.000389 -0.001299 -0.033419 -0.103498 -0.023645 0.993787 2 1.000000
1756824022.034000 -0.016721 -0.000234 -0.001535 -0.031538 -0.146565 -0.032404 0.988167 2 1.000000
1756824022.975000 -0.017450 -0.000246 -0.002176 -0.033467 -0.189668 -0.039976 0.980463 2 1.000000
1756824023.774000 -0.017932 -0.000450 -0.002490 -0.031369 -0.146177 -0.036457 0.988089 2 1.000000
1756824024.334000 -0.017020 -0.000376 -0.001889 -0.030421 -0.103066 -0.030758 0.993733 2 1.000000
1756824024.705000 -0.015103 -0.000303 -0.000562 -0.027640 -0.059492 -0.022198 0.997599 2 1.000000
1756824025.239000 -0.015203 -0.000105 -0.000012 -0.023042 -0.016679 -0.013044 0.999510 2 1.000000
1756824026.170000 -0.012426 0.000167 0.000427 -0.026453 0.026208 -0.004976 0.999294 2 1.000000
1756824026.876000 -0.011542 0.000247 0.000606 -0.021317 0.069642 -0.005662 0.997328 2 1.000000
1756824028.300000 -0.011985 0.000351 0.001883 -0.028423 0.030831 0.013754 0.999026 2 1.000000
1756824030.038000 -0.014796 -0.000047 -0.002293 -0.026537 -0.009024 -0.006185 0.999588 2 1.000000
1756824030.786000 -0.016374 -0.000185 -0.002899 -0.042736 -0.047946 -0.018366 0.997766 2 1.000000
1756824033.721000 -0.015266 0.000951 -0.003244 -0.029301 -0.006903 -0.011242 0.999484 2 1.000000
1756824035.233000 -0.015423 0.000455 -0.002204 -0.044753 -0.047899 -0.024159 0.997557 2 1.000000
1756824035.889000 -0.016418 0.001050 -0.002978 -0.045121 -0.091252 -0.033314 0.994247 2 1.000000
1756824036.732000 -0.019266 0.000743 -0.004163 -0.045363 -0.134226 -0.041315 0.989049 2 1.000000
1756824038.517000 -0.012825 0.001228 -0.001134 -0.046120 -0.093261 -0.027163 0.994202 2 1.000000
1756824039.314000 -0.011545 0.001554 -0.002220 -0.044670 -0.049920 -0.022243 0.997506 2 1.000000
1756824041.325000 -0.011569 0.001321 -0.001177 -0.042268 -0.006139 -0.015626 0.998965 2 1.000000
1756824043.481000 -0.011433 0.001675 -0.001630 -0.035351 -0.049374 -0.016772 0.998014 2 1.000000
1756824044.599000 -0.008951 0.001557 -0.000899 -0.035531 -0.005027 -0.009535 0.999310 2 1.000000
1756824044.821000 -0.007224 0.001904 -0.000437 -0.038201 0.039807 0.002182 0.998475 2 1.000000
1756824045.097000 -0.004527 0.001719 0.000870 -0.039714 0.083667 0.010917 0.995642 2 1.000000
1756824045.428000 -0.003159 0.001568 0.002203 -0.042654 0.128518 0.017262 0.990639 2 1.000000
1756824046.497000 -0.003980 0.000894 0.001510 -0.037607 0.084291 0.020542 0.995519 2 1.000000
1756824047.020000 -0.003099 0.000483 0.001625 -0.040084 0.040530 0.015857 0.998248 2 1.000000
