# ORB-SLAM3 Path Recording
# Format: timestamp tx ty tz qx qy qz qw tracking_state confidence
# Translation in meters, quaternion (x,y,z,w), timestamp in seconds
# Coordinate system: Camera frame
1756832764.724000 0.082919 -0.022707 0.410819 -0.029997 0.150204 0.007589 0.988171 2 1.000000
1756832764.841000 0.090615 -0.025571 0.466874 -0.019905 0.172374 0.015882 0.984702 2 1.000000
1756832764.943000 0.104639 -0.022847 0.516927 -0.017627 0.192762 0.038798 0.980320 2 1.000000
1756832765.048000 0.118386 -0.032179 0.567320 -0.014872 0.188565 0.031619 0.981439 2 1.000000
1756832765.146000 0.119397 -0.039731 0.622110 -0.004200 0.145932 0.008382 0.989250 2 1.000000
1756832765.262000 0.139995 -0.034344 0.673520 0.007398 0.126688 0.010165 0.991863 2 1.000000
1756832765.377000 0.138785 -0.042449 0.725003 -0.011527 0.122033 -0.002367 0.992456 2 1.000000
1756832765.501000 0.155717 -0.037106 0.776206 -0.018913 0.155611 -0.000314 0.987637 2 1.000000
1756832765.612000 0.170942 -0.040244 0.830528 0.001360 0.142994 0.006533 0.989701 2 1.000000
1756832765.696000 0.175773 -0.054852 0.871175 -0.008469 0.102089 -0.019503 0.994548 2 1.000000
1756832765.787000 0.171781 -0.047898 0.919314 -0.001347 0.056676 -0.031084 0.997908 2 1.000000
1756832765.841000 0.177960 -0.042183 0.950860 0.024731 0.017823 -0.035230 0.998914 2 1.000000
1756832765.927000 0.146967 -0.055486 0.982778 0.032562 -0.027195 -0.057248 0.997458 2 1.000000
1756832765.968000 0.148179 -0.064245 1.004684 0.035977 -0.078785 -0.066421 0.994026 2 1.000000
1756832766.006000 0.136224 -0.065317 1.018232 0.041661 -0.145835 -0.068926 0.986025 2 1.000000
1756832766.043000 0.129092 -0.070642 1.030046 0.036611 -0.224014 -0.064045 0.971790 2 1.000000
1756832766.068000 0.116059 -0.064167 1.028327 0.038758 -0.276465 -0.068156 0.957820 2 1.000000
1756832766.093000 0.115329 -0.069600 1.041470 0.035267 -0.344720 -0.080788 0.934558 2 1.000000
