# ORB-SLAM3 Path Recording
# Format: timestamp tx ty tz qx qy qz qw tracking_state confidence
# Translation in meters, quaternion (x,y,z,w), timestamp in seconds
# Coordinate system: Camera frame
1756755514.347000 -0.067761 -0.004018 -0.160734 0.094828 0.453437 0.099991 0.880570 2 1.000000
1756755515.438000 -0.078110 -0.001308 -0.154278 0.077588 0.485802 0.077649 0.867149 2 1.000000
1756755516.245000 -0.072277 0.001559 -0.158250 0.078920 0.448290 0.094456 0.885373 2 1.000000
1756755516.780000 -0.067509 0.005770 -0.154696 0.033469 0.429549 0.110035 0.895690 2 1.000000
1756755516.995000 -0.062255 0.005116 -0.157887 0.047937 0.453889 0.139446 0.878773 2 1.000000
1756755517.545000 -0.068386 0.008372 -0.161127 0.071179 0.440794 0.106215 0.888455 2 1.000000
1756755517.847000 -0.067090 0.008028 -0.159191 0.063564 0.480044 0.092025 0.870086 2 1.000000
1756755518.764000 -0.064155 0.007118 -0.152721 0.080281 0.445331 0.110650 0.884868 2 1.000000
1756755524.022000 -0.077342 0.008982 -0.149176 0.082668 0.404360 0.110091 0.904179 2 1.000000
1756755530.319000 -0.098145 0.009298 -0.155230 0.080324 0.442593 0.093872 0.888171 2 1.000000
1756755533.770000 -0.058928 0.009934 -0.121430 0.063557 0.435627 0.090980 0.893259 2 1.000000
1756755533.982000 -0.020802 -0.003760 -0.084382 0.073918 0.438909 0.093202 0.890622 2 1.000000
1756755534.171000 0.018345 -0.011782 -0.048664 0.079045 0.453968 0.095529 0.882349 2 1.000000
1756755534.331000 0.063942 -0.020807 -0.019137 0.084696 0.452254 0.083033 0.883968 2 1.000000
1756755534.507000 0.106595 -0.029099 0.014599 0.069449 0.430960 0.077973 0.896309 2 1.000000
1756755534.653000 0.145036 -0.034637 0.047375 0.074780 0.439008 0.090833 0.890747 2 1.000000
1756755534.817000 0.182959 -0.047004 0.083545 0.061320 0.451119 0.106731 0.883934 2 1.000000
1756755534.981000 0.225700 -0.052789 0.116432 0.066958 0.443128 0.097627 0.888607 2 1.000000
1756755535.136000 0.264353 -0.065123 0.147249 0.065447 0.424209 0.093591 0.898334 2 1.000000
1756755535.292000 0.302914 -0.077757 0.181743 0.068349 0.421581 0.081797 0.900504 2 1.000000
1756755535.458000 0.337337 -0.092917 0.222178 0.071234 0.423473 0.090733 0.898534 2 1.000000
1756755535.618000 0.373415 -0.101562 0.256180 0.076083 0.433183 0.089241 0.893644 2 1.000000
1756755535.780000 0.413640 -0.111436 0.292450 0.080322 0.425896 0.084118 0.897265 2 1.000000
1756755535.970000 0.452009 -0.119338 0.326901 0.064363 0.420073 0.080099 0.901654 2 1.000000
1756755536.143000 0.483440 -0.124842 0.366519 0.060369 0.435289 0.091771 0.893565 2 1.000000
1756755536.322000 0.514182 -0.137375 0.406288 0.049166 0.450157 0.108867 0.884923 2 1.000000
1756755536.489000 0.551255 -0.145886 0.440985 0.072888 0.451688 0.109077 0.882478 2 1.000000
1756755536.654000 0.587894 -0.158740 0.476192 0.054112 0.452865 0.097485 0.884580 2 1.000000
1756755536.809000 0.619592 -0.164669 0.516334 0.053471 0.457729 0.105530 0.881186 2 1.000000
1756755536.970000 0.651875 -0.180963 0.558146 0.055861 0.474169 0.114713 0.871140 2 1.000000
1756755537.124000 0.691445 -0.189538 0.592513 0.065129 0.470691 0.112767 0.872635 2 1.000000
1756755537.273000 0.732662 -0.201520 0.622860 0.058855 0.468621 0.094670 0.876338 2 1.000000
1756755537.430000 0.770760 -0.209058 0.660358 0.066022 0.458595 0.090989 0.881506 2 1.000000
1756755537.589000 0.808240 -0.223175 0.696265 0.065283 0.461035 0.101098 0.879184 2 1.000000
1756755537.736000 0.850193 -0.227057 0.727742 0.063840 0.461381 0.093890 0.879907 2 1.000000
1756755537.890000 0.894123 -0.239068 0.753536 0.064424 0.458116 0.087594 0.882217 2 1.000000
1756755538.041000 0.932577 -0.244631 0.788145 0.060159 0.460030 0.095218 0.880731 2 1.000000
1756755538.188000 0.966346 -0.256538 0.824082 0.038716 0.476669 0.109140 0.871422 2 1.000000
1756755538.352000 1.009196 -0.247329 0.851906 0.048895 0.484391 0.111945 0.866281 2 1.000000
1756755538.500000 1.051541 -0.247215 0.881315 0.053864 0.473272 0.091170 0.874529 2 1.000000
1756755538.667000 1.092623 -0.250303 0.911062 0.054040 0.480078 0.089502 0.870973 2 1.000000
1756755538.826000 1.132952 -0.266212 0.940008 0.057099 0.486017 0.099700 0.866364 2 1.000000
1756755539.022000 1.182084 -0.272657 0.964296 0.065586 0.480392 0.078387 0.871079 2 1.000000
1756755539.186000 1.224886 -0.287062 0.987112 0.062082 0.446391 0.062422 0.890497 2 1.000000
1756755539.389000 1.265987 -0.288182 1.021881 0.059167 0.447864 0.057090 0.890313 2 1.000000
1756755539.580000 1.306620 -0.292892 1.060257 0.064310 0.458428 0.075220 0.883204 2 1.000000
1756755539.710000 1.340206 -0.297051 1.077988 0.058818 0.495425 0.092408 0.861717 2 1.000000
1756755539.795000 1.368950 -0.302148 1.095660 0.060605 0.536449 0.109975 0.834539 2 1.000000
1756755539.880000 1.394626 -0.306775 1.099763 0.059256 0.577089 0.115945 0.806234 2 1.000000
1756755539.959000 1.407367 -0.305168 1.106912 0.056014 0.615492 0.122809 0.776499 2 1.000000
1756755540.062000 1.422772 -0.302676 1.112417 0.055747 0.646992 0.135848 0.748224 2 1.000000
1756755540.159000 1.438097 -0.300277 1.113278 0.058978 0.679776 0.148867 0.715726 2 1.000000
1756755543.462000 -0.002294 -0.005150 0.029149 0.007083 0.006711 0.001061 0.999952 2 1.000000
1756755543.696000 -0.008447 -0.018062 0.080502 0.021103 0.012054 0.006177 0.999686 2 1.000000
1756755543.880000 -0.023695 -0.032822 0.128351 0.027614 0.022324 -0.004305 0.999360 2 1.000000
1756755545.372000 -0.039788 -0.046465 0.144720 0.057125 0.053792 0.005672 0.996901 2 1.000000
1756755546.486000 -0.035112 -0.045038 0.141272 0.033016 0.021026 0.020943 0.999014 2 1.000000
1756755548.389000 -0.036486 -0.042949 0.142263 0.023655 -0.016275 0.000361 0.999588 2 1.000000
1756755550.545000 -0.029010 -0.027661 0.091027 0.019479 -0.025591 -0.005161 0.999469 2 1.000000
1756755550.886000 -0.035048 -0.012126 0.037965 0.027787 -0.017518 -0.000916 0.999460 2 1.000000
1756755551.140000 -0.037767 0.003726 -0.010008 -0.007350 0.001971 0.014417 0.999867 2 1.000000
1756755551.440000 -0.030297 0.011106 -0.061003 0.001499 -0.006015 0.015000 0.999868 2 1.000000
1756755551.707000 -0.012542 0.024267 -0.110168 -0.002157 0.004042 0.004794 0.999978 2 1.000000
1756755552.010000 -0.000020 0.024750 -0.163433 0.011788 0.026572 0.012368 0.999501 2 1.000000
1756755552.274000 0.007757 0.040054 -0.215487 0.018873 0.033470 0.038660 0.998513 2 1.000000
1756755552.507000 0.022884 0.055840 -0.260654 0.015397 0.058498 0.036091 0.997516 2 1.000000
1756755552.741000 0.040146 0.062740 -0.309145 0.014788 0.058045 0.011408 0.998139 2 1.000000
1756755552.981000 0.065651 0.075133 -0.356774 0.026748 0.034669 0.000573 0.999041 2 1.000000
1756755553.242000 0.088861 0.076018 -0.407786 0.037967 0.007516 -0.010778 0.999193 2 1.000000
1756755553.542000 0.094037 0.085854 -0.456911 0.055875 -0.014980 -0.000927 0.998325 2 1.000000
1756755554.022000 0.100045 0.096667 -0.507101 0.030594 -0.014963 -0.016121 0.999290 2 1.000000
1756755554.301000 0.131198 0.105625 -0.545314 0.044296 -0.021766 -0.006296 0.998761 2 1.000000
1756755554.479000 0.159856 0.115126 -0.568723 0.050838 0.015587 0.015811 0.998460 2 1.000000
1756755554.526000 0.180918 0.118394 -0.572424 0.045539 0.061166 0.024920 0.996777 2 1.000000
1756755554.579000 0.186698 0.116226 -0.580641 0.034298 0.111142 0.027456 0.992833 2 1.000000
1756755554.724000 0.190463 0.117557 -0.600335 0.024016 0.173297 0.027805 0.984184 2 1.000000
1756755554.754000 0.218143 0.124455 -0.602252 0.024068 0.216999 0.025660 0.975538 2 1.000000
1756755554.785000 0.230734 0.133152 -0.608249 0.030692 0.265785 0.015603 0.963417 2 1.000000
