# ORB-SLAM3 Path Recording
# Format: timestamp tx ty tz qx qy qz qw tracking_state confidence
# Translation in meters, quaternion (x,y,z,w), timestamp in seconds
# Coordinate system: Camera frame
1756820428.315000 0.000000 0.000000 0.000000 -0.000000 -0.000000 -0.000000 1.000000 3 0.500000
1756820428.935000 0.110226 -0.006459 -0.232369 0.011533 -0.009239 0.023761 0.999608 2 1.000000
1756820432.062000 0.006030 -0.036841 -0.009722 -0.002452 0.000154 0.001138 0.999996 2 1.000000
1756820433.241000 -0.042322 -0.000306 0.011616 0.009441 0.033407 0.006655 0.999375 2 1.000000
1756820433.392000 -0.034195 0.002765 0.041214 -0.026495 0.067353 -0.006454 0.997356 2 1.000000
1756820433.481000 -0.013414 0.011896 0.059191 -0.064295 0.052208 -0.029279 0.996134 2 1.000000
1756820433.551000 -0.025954 0.014497 0.073753 -0.102972 0.033865 -0.037824 0.993388 2 1.000000
1756820433.587000 -0.026219 0.016271 0.086389 -0.067753 -0.004008 0.008819 0.997655 2 1.000000
1756820433.613000 -0.028689 0.017285 0.083491 -0.036503 -0.021388 0.050472 0.997829 2 1.000000
1756820433.715000 -0.031272 0.018473 0.094846 -0.009375 -0.009312 0.013442 0.999822 2 1.000000
1756820433.791000 -0.033111 0.019757 0.099277 0.023254 -0.002330 -0.023813 0.999443 2 1.000000
1756820435.093000 -0.028551 0.014568 0.088394 -0.010906 -0.024560 -0.007636 0.999610 2 1.000000
1756820435.823000 -0.024652 0.013166 0.088400 -0.007050 -0.025419 0.039326 0.998878 2 1.000000
1756820437.493000 -0.020847 0.011538 0.083577 0.006924 -0.053786 0.079608 0.995350 2 1.000000
1756820440.037000 -0.018580 0.006371 0.074789 0.032627 -0.056239 0.042027 0.996999 2 1.000000
1756820441.181000 -0.018966 0.003087 0.057077 0.067861 -0.072254 0.065147 0.992940 2 1.000000
1756820441.294000 -0.019767 -0.000390 0.054658 0.067264 -0.078165 0.109864 0.988583 2 1.000000
1756820441.542000 -0.019692 0.000504 0.051237 0.059768 -0.081877 0.065070 0.992718 2 1.000000
1756820442.586000 -0.019075 -0.002063 0.047774 0.033893 -0.113316 0.082567 0.989542 2 1.000000
1756820442.745000 -0.018826 -0.001636 0.048911 0.004215 -0.146307 0.076997 0.986229 2 1.000000
1756820443.010000 -0.018947 -0.001821 0.048171 -0.027367 -0.155445 0.045745 0.986405 2 1.000000
1756820443.079000 -0.018950 -0.001687 0.047920 -0.040485 -0.197063 0.035718 0.978903 2 1.000000
1756820443.336000 -0.021574 0.001523 0.048417 -0.071735 -0.167989 0.050566 0.981874 2 1.000000
1756820443.714000 -0.020782 0.001626 0.047685 -0.061518 -0.125879 0.041227 0.989278 2 1.000000
1756820443.897000 -0.020592 0.001548 0.046293 -0.039630 -0.085332 0.047309 0.994439 2 1.000000
1756820449.007000 -0.019809 0.001874 0.046067 -0.058321 -0.049666 0.022037 0.996818 2 1.000000
1756820449.179000 -0.013705 0.003152 0.050953 -0.062527 0.008598 0.003406 0.998000 2 1.000000
1756820449.285000 -0.011948 0.003057 0.049123 -0.091650 0.052415 -0.002144 0.994409 2 1.000000
1756820449.364000 -0.011077 0.002210 0.045531 -0.127107 0.022604 0.007668 0.991602 2 1.000000
1756820449.486000 -0.009118 -0.000779 0.043050 -0.084723 0.001699 0.030828 0.995926 2 1.000000
1756820449.602000 -0.011240 -0.002247 0.043406 -0.053613 -0.016403 0.055695 0.996872 2 1.000000
1756820450.302000 -0.016109 0.004938 0.056770 -0.086249 -0.041802 0.036665 0.994721 2 1.000000
1756820451.048000 -0.017302 0.005075 0.061116 -0.088685 -0.069508 0.002715 0.993628 2 1.000000
1756820451.262000 -0.017130 0.005114 0.060703 -0.079556 -0.113044 -0.000739 0.990400 2 1.000000
1756820452.209000 -0.017509 0.005370 0.061916 -0.105198 -0.147780 0.011470 0.983343 2 1.000000
1756820457.334000 -0.017595 0.005205 0.060206 -0.096827 -0.184214 -0.015057 0.977989 2 1.000000
1756820457.371000 -0.016743 0.005050 0.056352 -0.091182 -0.256942 -0.015259 0.961995 2 1.000000
1756820457.411000 -0.016499 0.004882 0.054600 -0.076983 -0.327464 -0.013325 0.941628 2 1.000000
1756820457.792000 -0.015903 0.004855 0.054460 -0.098760 -0.262289 -0.034089 0.959317 2 1.000000
1756820457.827000 -0.016430 0.005057 0.055736 -0.104597 -0.186755 -0.035547 0.976175 2 1.000000
1756820457.885000 -0.017992 0.005445 0.060204 -0.110903 -0.145373 -0.022301 0.982889 2 1.000000
1756820458.495000 -0.018296 0.004067 0.055645 -0.092615 -0.106601 -0.008481 0.989943 2 1.000000
1756820458.642000 -0.017944 0.004616 0.055691 -0.114124 -0.069821 0.004492 0.991000 2 1.000000
1756820461.358000 -0.018805 0.006088 0.054890 -0.078043 -0.045774 0.013422 0.995808 2 1.000000
1756820461.742000 -0.017393 0.005280 0.052139 -0.096018 -0.004708 0.016360 0.995234 2 1.000000
1756820461.898000 -0.017714 0.005505 0.052625 -0.136631 -0.019377 0.019864 0.990233 2 1.000000
1756820462.456000 -0.017652 0.005397 0.052249 -0.107124 -0.052179 0.012897 0.992792 2 1.000000
1756820463.449000 -0.017679 0.004774 0.050947 -0.064996 -0.065874 0.010281 0.995656 2 1.000000
1756820464.305000 -0.017703 0.004887 0.052162 -0.069768 -0.108113 0.022443 0.991434 2 1.000000
1756820464.514000 -0.017514 0.005069 0.052144 -0.068834 -0.065802 -0.002563 0.995452 2 1.000000
1756820464.735000 -0.018280 0.004345 0.051113 -0.048595 -0.110212 0.003292 0.992714 2 1.000000
1756820464.776000 -0.017500 0.004444 0.050626 -0.035349 -0.157575 0.013532 0.986781 2 1.000000
1756820465.092000 -0.019266 0.005705 0.052775 -0.061884 -0.110089 0.015808 0.991867 2 1.000000
1756820465.144000 -0.017195 0.005333 0.053021 -0.085225 -0.059199 0.005528 0.994586 2 1.000000
1756820465.244000 -0.016671 0.005424 0.053044 -0.096812 -0.014820 0.000134 0.995192 2 1.000000
1756820468.904000 -0.016880 0.004866 0.049944 -0.060859 -0.070524 0.012055 0.995579 2 1.000000
1756820468.974000 -0.017069 0.004761 0.050634 -0.052659 -0.130471 0.026782 0.989690 2 1.000000
1756820469.072000 -0.017156 0.004829 0.051561 -0.046376 -0.172337 0.035499 0.983305 2 1.000000
1756820469.442000 -0.016977 0.005630 0.052346 -0.068817 -0.125409 0.026673 0.989356 2 1.000000
1756820469.604000 -0.016822 0.005510 0.052405 -0.088036 -0.082291 0.015336 0.992594 2 1.000000
1756820470.038000 -0.018293 0.005911 0.053696 -0.104960 -0.054893 -0.017443 0.992807 2 1.000000
1756820475.971000 -0.017573 0.006377 0.054369 -0.093820 -0.085940 0.015405 0.991753 2 1.000000
1756820476.104000 -0.017452 0.005772 0.053092 -0.083440 -0.137299 0.029635 0.986564 2 1.000000
1756820476.174000 -0.017050 0.005562 0.052529 -0.078791 -0.198998 0.040548 0.975985 2 1.000000
1756820476.939000 -0.015953 0.006841 0.055150 -0.091493 -0.144870 0.040617 0.984374 2 1.000000
1756820477.039000 -0.016224 0.006691 0.055499 -0.100870 -0.099542 0.025598 0.989576 2 1.000000
1756820483.272000 -0.018498 0.005748 0.053436 -0.067114 -0.104954 -0.001426 0.992209 2 1.000000
1756820508.262000 -0.018017 0.005724 0.050498 -0.071851 -0.150720 0.008105 0.985929 2 1.000000
1756820508.347000 -0.017962 0.005318 0.049187 -0.078190 -0.198654 0.004035 0.976937 2 1.000000
1756820508.417000 -0.017971 0.005056 0.048338 -0.070821 -0.254308 0.012933 0.964440 2 1.000000
1756820508.532000 -0.016105 0.002649 0.043557 -0.064749 -0.304857 0.008642 0.950155 2 1.000000
1756820508.645000 -0.018118 0.003933 0.046445 -0.058885 -0.348576 -0.012086 0.935351 2 1.000000
1756820508.788000 -0.019097 0.004649 0.048187 -0.047525 -0.395135 -0.018746 0.917201 2 1.000000
1756820510.459000 -0.017694 0.005631 0.051208 -0.031616 -0.429202 0.000456 0.902655 2 1.000000
1756820510.641000 -0.019905 0.004972 0.053085 -0.026170 -0.470709 0.008877 0.881856 2 1.000000
1756820514.708000 -0.020667 0.006508 0.052199 -0.034517 -0.438775 -0.022858 0.897643 2 1.000000
1756820514.808000 -0.020693 0.006566 0.052338 -0.047558 -0.382159 -0.035774 0.922179 2 1.000000
1756820514.909000 -0.020716 0.006595 0.052407 -0.054261 -0.331498 -0.030655 0.941395 2 1.000000
1756820515.044000 -0.017058 0.004619 0.047779 -0.061356 -0.279879 -0.034895 0.957437 2 1.000000
1756820515.110000 -0.021530 0.008367 0.046286 -0.040930 -0.212881 -0.065749 0.974004 2 1.000000
1756820515.141000 -0.026638 0.017372 0.011150 -0.020857 -0.139158 -0.057255 0.988394 2 1.000000
1756820516.738000 -0.010315 0.019743 0.064481 -0.139392 -0.026616 0.114680 0.983214 2 1.000000
1756820517.340000 -0.010897 0.017436 0.058718 -0.111929 -0.016460 0.080457 0.990317 2 1.000000
1756820517.640000 -0.011212 0.017531 0.058738 -0.115170 -0.025416 0.030962 0.992538 2 1.000000
1756820518.306000 -0.011083 0.017815 0.059772 -0.158271 -0.032863 0.023145 0.986577 2 1.000000
1756820518.909000 -0.011046 0.018148 0.059696 -0.115240 -0.030692 0.010975 0.992803 2 1.000000
1756820519.941000 -0.010020 0.016370 0.057522 -0.105096 0.006063 -0.010714 0.994386 2 1.000000
1756820521.041000 -0.009942 0.015721 0.056392 -0.129682 -0.015510 0.022504 0.991179 2 1.000000
1756820521.173000 -0.009748 0.016685 0.057915 -0.105521 -0.048792 0.005206 0.993206 2 1.000000
1756820521.307000 -0.010606 0.018135 0.060935 -0.088322 -0.061817 -0.041479 0.993306 2 1.000000
1756820522.207000 -0.002721 -0.015655 0.081954 -0.114581 -0.097558 -0.047798 0.987456 2 1.000000
1756820522.408000 0.003549 -0.016084 0.087582 -0.142656 -0.134759 -0.054774 0.979025 2 1.000000
1756820522.774000 0.009195 -0.020442 0.093053 -0.145101 -0.176322 -0.032427 0.973039 2 1.000000
1756820522.974000 0.009421 -0.020843 0.099215 -0.141237 -0.223450 -0.040767 0.963566 2 1.000000
1756820523.141000 0.011637 -0.020160 0.106201 -0.124665 -0.268161 -0.051570 0.953881 2 1.000000
1756820523.341000 0.012774 -0.021306 0.111673 -0.132445 -0.310998 -0.046805 0.939972 2 1.000000
1756820523.541000 0.016641 -0.019856 0.123086 -0.138521 -0.356356 -0.033600 0.923414 2 1.000000
1756820523.741000 0.016764 -0.017575 0.133708 -0.139512 -0.405272 -0.023242 0.903189 2 1.000000
1756820523.940000 0.018757 -0.015204 0.148563 -0.139873 -0.444938 -0.031207 0.884020 2 1.000000
1756820526.934000 0.017997 -0.014370 0.155337 -0.123106 -0.484543 -0.036670 0.865285 2 1.000000
1756820527.260000 0.005066 -0.009069 0.165919 -0.143930 -0.518347 -0.029942 0.842439 2 1.000000
1756820527.625000 -0.012479 -0.007096 0.175405 -0.170566 -0.546544 -0.031267 0.819280 2 1.000000
1756820527.797000 -0.014307 -0.006438 0.174894 -0.146324 -0.581501 -0.032108 0.799634 2 1.000000
1756820527.995000 -0.009342 -0.006792 0.168277 -0.180833 -0.601546 -0.030471 0.777505 2 1.000000
1756820529.101000 -0.036926 -0.000852 0.189303 -0.194686 -0.632386 -0.007403 0.749754 2 1.000000
1756820529.268000 -0.050370 0.003492 0.200543 -0.204625 -0.660219 -0.024313 0.722252 2 1.000000
1756820529.469000 -0.073528 0.009015 0.210252 -0.216480 -0.688069 -0.047876 0.690945 2 1.000000
1756820529.671000 -0.095414 0.009867 0.219942 -0.178250 -0.708711 -0.059780 0.679986 2 1.000000
1756820529.794000 -0.110550 0.013675 0.228617 -0.168224 -0.739591 -0.069198 0.648010 2 1.000000
1756820530.140000 -0.156193 0.023987 0.247874 -0.156086 -0.733568 -0.077046 0.656947 2 1.000000
1756820530.300000 -0.174505 0.021231 0.251269 -0.144176 -0.701833 -0.076090 0.693436 2 1.000000
1756820530.570000 -0.204010 0.025954 0.252246 -0.147209 -0.729587 -0.052140 0.665818 2 1.000000
1756820530.697000 -0.218754 0.026540 0.251159 -0.109010 -0.752555 -0.047865 0.647678 2 1.000000
1756820534.874000 -0.261051 0.030245 0.244328 -0.125086 -0.774469 -0.024311 0.619645 2 1.000000
1756820535.441000 -0.274141 0.033221 0.248461 -0.138980 -0.746793 -0.036828 0.649329 2 1.000000
1756820535.774000 -0.289457 0.034243 0.247559 -0.132766 -0.717010 -0.040915 0.683078 2 1.000000
1756820535.974000 -0.298525 0.033130 0.248499 -0.123098 -0.683222 -0.045840 0.718299 2 1.000000
1756820536.175000 -0.307576 0.031977 0.251655 -0.140865 -0.650894 -0.051604 0.744198 2 1.000000
1756820536.904000 -0.336361 0.036730 0.268924 -0.158677 -0.680662 -0.041835 0.713982 2 1.000000
1756820537.508000 -0.381538 0.040863 0.282318 -0.132594 -0.708773 -0.053014 0.690832 2 1.000000
1756820537.808000 -0.397249 0.041881 0.285768 -0.113735 -0.737554 -0.055516 0.663322 2 1.000000
1756820537.975000 -0.406171 0.043420 0.289277 -0.106902 -0.772595 -0.047841 0.624003 2 1.000000
1756820538.109000 -0.413383 0.044002 0.293432 -0.113350 -0.804303 -0.052701 0.580923 2 1.000000
1756820538.309000 -0.420468 0.045381 0.298295 -0.078121 -0.822071 -0.055692 0.561244 2 1.000000
1756820538.576000 -0.421569 0.047120 0.301655 -0.082160 -0.846575 -0.038813 0.524456 2 1.000000
1756820538.909000 -0.415432 0.047736 0.307754 -0.069938 -0.869597 -0.052301 0.485978 2 1.000000
1756820539.211000 -0.411451 0.047156 0.315020 -0.069033 -0.891815 -0.039156 0.445384 2 1.000000
1756820539.442000 -0.411077 0.047727 0.321775 -0.072914 -0.912612 -0.027467 0.401332 2 1.000000
1756820539.675000 -0.410654 0.049270 0.328456 -0.072646 -0.928572 -0.038202 0.361963 2 1.000000
1756820539.917000 -0.409670 0.051276 0.336960 -0.060279 -0.945211 -0.053105 0.316420 2 1.000000
1756820540.009000 -0.408410 0.050193 0.341047 -0.060578 -0.958278 -0.051248 0.274604 2 1.000000
1756820540.175000 -0.405937 0.050102 0.346806 -0.055375 -0.970036 -0.038981 0.233332 2 1.000000
1756820540.342000 -0.402638 0.050460 0.353321 -0.056554 -0.979858 -0.033198 0.188623 2 1.000000
1756820543.322000 -0.398445 0.051531 0.362170 -0.036668 -0.987809 -0.037667 0.146529 2 1.000000
1756820543.478000 -0.396338 0.052909 0.370337 -0.009187 -0.991902 -0.051883 0.115560 2 1.000000
1756820543.569000 -0.393701 0.053543 0.374789 0.008327 -0.996283 -0.054814 0.065924 2 1.000000
1756820543.620000 -0.393208 0.053306 0.375847 0.022963 -0.998091 -0.057191 0.003948 2 1.000000
1756820543.649000 -0.394748 0.052240 0.374200 -0.026000 0.997256 0.055855 0.041038 2 1.000000
1756820543.679000 -0.394755 0.051518 0.371332 -0.026248 0.994162 0.053260 0.090087 2 1.000000
1756820543.707000 -0.395148 0.050891 0.371670 -0.038519 0.988439 0.051331 0.137368 2 1.000000
1756820543.750000 -0.389820 0.052755 0.379989 -0.051246 0.979702 0.042493 0.189082 2 1.000000
1756820546.824000 -0.007032 -0.000454 0.023372 -0.003609 -0.000320 0.000905 0.999993 2 1.000000
1756820547.253000 -0.025636 -0.027564 0.050280 -0.028306 0.035309 0.016200 0.998844 2 1.000000
1756820547.443000 -0.024222 -0.050488 0.104765 -0.005087 0.038012 0.031077 0.998781 2 1.000000
1756820547.528000 -0.026835 -0.062351 0.157060 0.015233 0.064875 0.056827 0.996158 2 1.000000
1756820547.580000 -0.040395 -0.086939 0.202498 0.021459 0.107217 0.070060 0.991532 2 1.000000
1756820547.630000 -0.043507 -0.094387 0.255010 0.027042 0.137602 0.078683 0.986987 2 1.000000
1756820547.701000 -0.035339 -0.124759 0.312812 0.008908 0.164005 0.101328 0.981201 2 1.000000
1756820547.771000 -0.041823 -0.153039 0.358756 0.041923 0.176634 0.099774 0.978309 2 1.000000
1756820547.836000 -0.042612 -0.177962 0.411431 0.046024 0.223593 0.106440 0.967759 2 1.000000
1756820547.885000 -0.031835 -0.188188 0.467740 0.057629 0.284719 0.129743 0.948041 2 1.000000
1756820547.915000 -0.019335 -0.198087 0.472548 0.046228 0.335492 0.151380 0.928651 2 1.000000
1756820547.945000 -0.027747 -0.217299 0.512955 0.034579 0.397346 0.170361 0.901053 2 1.000000
1756820547.991000 -0.030880 -0.227813 0.529434 0.041533 0.449070 0.175191 0.875168 2 1.000000
1756820548.038000 -0.016843 -0.226117 0.519665 0.060818 0.474939 0.211052 0.852168 2 1.000000
1756820548.084000 0.006786 -0.213898 0.531080 0.074625 0.504955 0.252539 0.821995 2 1.000000
1756820548.131000 0.018482 -0.216220 0.542094 0.077966 0.541243 0.276242 0.790360 2 1.000000
1756820548.162000 0.059168 -0.182443 0.553031 0.095156 0.548261 0.298906 0.775249 2 1.000000
1756820548.207000 0.104174 -0.156968 0.561914 0.110187 0.553825 0.332340 0.755438 2 1.000000
1756820548.289000 0.148957 -0.139530 0.576283 0.122905 0.575658 0.355332 0.726121 2 1.000000
1756820548.352000 0.171035 -0.130950 0.588324 0.145188 0.578151 0.391838 0.700803 2 1.000000
1756820548.400000 0.188944 -0.125348 0.593558 0.139960 0.587075 0.433316 0.669321 2 1.000000
1756820548.510000 0.205332 -0.116018 0.610566 0.102296 0.614230 0.458923 0.633756 2 1.000000
1756820548.577000 0.214225 -0.114828 0.617049 0.078180 0.623487 0.485528 0.607795 2 1.000000
1756820548.677000 0.222548 -0.113648 0.620749 0.048600 0.660123 0.492579 0.565015 2 1.000000
1756820548.844000 0.234135 -0.113157 0.621848 0.052219 0.686682 0.501507 0.523671 2 1.000000
1756820548.944000 0.238208 -0.111325 0.621236 0.062255 0.701903 0.522885 0.479632 2 1.000000
1756820549.010000 0.245625 -0.108642 0.621329 0.060255 0.712653 0.545648 0.436765 2 1.000000
1756820549.111000 0.261212 -0.103717 0.622548 0.074866 0.728227 0.552977 0.397866 2 1.000000
1756820549.210000 0.272134 -0.099408 0.622202 0.077349 0.745247 0.563514 0.347960 2 1.000000
1756820549.277000 0.279387 -0.101666 0.616521 0.055976 0.772176 0.559328 0.296248 2 1.000000
1756820549.414000 0.290283 -0.101748 0.612105 0.075096 0.792456 0.546715 0.259764 2 1.000000
1756820549.510000 0.298392 -0.097982 0.609090 0.075728 0.794413 0.567156 0.203733 2 1.000000
1756820549.577000 0.304976 -0.096987 0.605675 0.077282 0.788001 0.587993 0.165365 2 1.000000
1756820549.678000 0.312839 -0.088714 0.603887 0.089742 0.785072 0.603141 0.108763 2 1.000000
1756820549.776000 0.325608 -0.084134 0.602441 0.104628 0.788382 0.603667 0.055603 2 1.000000
1756820549.876000 0.335003 -0.078416 0.599312 -0.086886 -0.783444 -0.615349 0.003537 2 1.000000
1756820550.044000 0.346383 -0.070083 0.597373 -0.089501 -0.778755 -0.618929 0.049566 2 1.000000
1756820550.178000 0.358001 -0.058773 0.600205 -0.103179 -0.767342 -0.626501 0.089645 2 1.000000
1756820550.277000 0.355424 -0.041507 0.617445 -0.134935 -0.751916 -0.633984 0.120327 2 1.000000
1756820550.377000 0.359658 -0.030688 0.634980 -0.158705 -0.727393 -0.648151 0.160040 2 1.000000
1756820550.476000 0.360517 -0.024037 0.671054 -0.182851 -0.740638 -0.618676 0.187779 2 1.000000
1756820550.577000 0.368962 -0.025928 0.702458 -0.196583 -0.755184 -0.585859 0.218682 2 1.000000
1756820550.676000 0.371089 -0.043910 0.715309 -0.149593 -0.763507 -0.589373 0.217528 2 1.000000
1756820550.744000 0.375985 -0.058703 0.715890 -0.131207 -0.745754 -0.621161 0.201977 2 1.000000
1756820550.842000 0.374592 -0.080576 0.719219 -0.091202 -0.770225 -0.603628 0.184579 2 1.000000
1756820550.909000 0.371475 -0.091253 0.726672 -0.081060 -0.803324 -0.561916 0.179862 2 1.000000
1756820551.042000 0.364792 -0.109966 0.726793 -0.117857 -0.820906 -0.527273 0.184950 2 1.000000
1756820551.177000 0.364031 -0.110704 0.736211 -0.134523 -0.794345 -0.552864 0.212747 2 1.000000
1756820551.576000 0.360082 -0.063350 0.716280 -0.096120 -0.798845 -0.551393 0.220391 2 1.000000
1756820551.742000 0.353747 -0.031562 0.689899 -0.105451 -0.773964 -0.568985 0.257129 2 1.000000
1756820551.942000 0.359589 0.004560 0.679856 -0.080660 -0.748936 -0.616127 0.230164 2 1.000000
1756820552.009000 0.364233 0.010125 0.678264 -0.088676 -0.726930 -0.651689 0.197512 2 1.000000
1756820552.209000 0.367322 0.013032 0.676031 -0.063376 -0.738938 -0.650798 0.162529 2 1.000000
1756820552.809000 0.370889 0.010227 0.676679 -0.026529 -0.726118 -0.669724 0.153357 2 1.000000
1756820553.110000 0.372730 0.012485 0.676802 -0.022710 -0.708309 -0.695569 0.118181 2 1.000000
1756820553.509000 0.375846 0.011333 0.677178 -0.024561 -0.730952 -0.666974 0.142309 2 1.000000
1756820554.244000 0.377447 0.017040 0.673523 -0.035236 -0.780097 -0.608785 0.139955 2 1.000000
1756820560.869000 -0.018676 0.001168 -0.005882 -0.001665 0.013984 -0.019198 0.999717 2 1.000000
1756820566.844000 -0.035804 0.004480 -0.020043 -0.019832 -0.019325 -0.040502 0.998796 2 1.000000
1756820567.310000 -0.046406 -0.011057 -0.067173 -0.013590 -0.045649 -0.069707 0.996430 2 1.000000
1756820567.477000 -0.052386 -0.010657 -0.069146 -0.002144 -0.026018 -0.108748 0.993727 2 1.000000
1756820567.877000 -0.040718 -0.005693 -0.042747 -0.013736 -0.001253 -0.071870 0.997319 2 1.000000
1756820568.044000 -0.021759 0.001253 -0.021735 -0.024221 0.010028 -0.024994 0.999344 2 1.000000
