# ORB-SLAM3 Path Recording
# Format: timestamp tx ty tz qx qy qz qw tracking_state confidence
# Translation in meters, quaternion (x,y,z,w), timestamp in seconds
# Coordinate system: Camera frame
1756816631.229000 -0.008115 -0.002941 0.001664 -0.018755 0.074166 0.001926 0.997068 2 1.000000
1756816631.317000 -0.004979 0.001917 0.009565 -0.018107 0.031348 0.013257 0.999257 2 1.000000
1756816631.471000 -0.026774 0.003004 -0.002129 -0.032809 0.066462 -0.012307 0.997173 2 1.000000
1756816632.879000 -0.001936 0.007113 0.013506 -0.017732 0.026105 -0.005585 0.999486 2 1.000000
1756816634.041000 -0.003450 0.002467 0.010161 -0.035354 0.002191 -0.037798 0.998657 2 1.000000
1756816634.236000 0.000043 -0.014641 0.003983 0.005001 -0.007833 -0.014983 0.999845 2 1.000000
1756816636.772000 0.000118 -0.007196 0.007130 0.009988 0.032404 -0.031026 0.998943 2 1.000000
1756816637.568000 -0.004524 -0.006237 0.011904 0.032578 0.056598 -0.001805 0.997864 2 1.000000
1756816637.885000 -0.003721 -0.006324 0.012803 0.017370 0.019261 -0.018208 0.999498 2 1.000000
1756816644.041000 -0.006562 -0.001678 0.016010 0.028265 0.047651 0.013126 0.998378 2 1.000000
1756816644.135000 -0.006383 -0.000295 0.016688 -0.011913 0.021199 0.026031 0.999365 2 1.000000
1756816644.167000 -0.006603 -0.000435 0.015919 -0.078239 0.009744 0.032243 0.996365 2 1.000000
1756816644.238000 -0.006360 -0.001263 0.014644 -0.023258 0.025576 0.044087 0.998429 2 1.000000
1756816644.266000 -0.005367 -0.001441 0.016820 0.010460 0.053497 0.046475 0.997431 2 1.000000
1756816644.382000 -0.005283 -0.005171 0.015342 0.006128 0.051250 0.001497 0.998666 2 1.000000
1756816644.482000 -0.006450 -0.004130 0.018011 -0.018525 0.029479 0.030215 0.998937 2 1.000000
1756816644.612000 -0.005862 -0.003486 0.019866 -0.064058 0.024539 0.043042 0.996715 2 1.000000
1756816645.119000 -0.005844 -0.003491 0.020072 -0.042625 0.054878 0.020330 0.997376 2 1.000000
1756816649.858000 -0.008021 -0.004677 0.024125 -0.064026 0.017933 0.040565 0.996962 2 1.000000
1756816650.240000 -0.008222 -0.004626 0.024595 -0.076499 -0.027317 0.057207 0.995052 2 1.000000
1756816650.503000 -0.008030 -0.004394 0.025117 -0.084896 0.005219 0.023206 0.996106 2 1.000000
1756816650.778000 -0.009152 -0.002807 0.027630 -0.084874 -0.038702 0.038896 0.994880 2 1.000000
1756816651.483000 -0.000820 -0.002387 0.026803 -0.064501 -0.004482 0.019070 0.997725 2 1.000000
1756816652.607000 -0.006984 -0.004505 0.021816 -0.014038 -0.021605 0.024849 0.999359 2 1.000000
1756816654.190000 -0.002459 -0.002758 0.023364 -0.035545 0.016627 0.023119 0.998962 2 1.000000
1756816654.278000 -0.002593 -0.003033 0.020994 0.016514 0.015783 0.019532 0.999548 2 1.000000
1756816654.336000 -0.007980 -0.002901 0.024908 0.006680 -0.036316 0.002596 0.999315 2 1.000000
1756816654.510000 -0.010583 -0.006200 0.023614 0.038872 -0.023928 -0.025914 0.998622 2 1.000000
1756816654.837000 -0.008023 -0.007668 0.017880 0.052957 0.003970 -0.057108 0.996955 2 1.000000
1756816658.179000 -0.008092 -0.007784 0.018527 0.073291 0.035757 -0.034425 0.996075 2 1.000000
1756816659.705000 -0.007921 -0.007466 0.016836 0.070010 -0.006009 -0.008990 0.997488 2 1.000000
1756816659.806000 -0.007868 -0.007489 0.016342 0.072537 -0.047355 0.007451 0.996213 2 1.000000
1756816660.271000 -0.007877 -0.007470 0.016352 0.060301 -0.084378 0.028073 0.994211 2 1.000000
1756816660.544000 -0.007824 -0.007420 0.016188 0.055105 -0.125774 0.040225 0.989710 2 1.000000
1756816660.796000 -0.007883 -0.007575 0.015876 0.045019 -0.073519 0.021398 0.996047 2 1.000000
1756816660.844000 -0.007838 -0.007454 0.016265 0.042919 -0.026325 0.005457 0.998717 2 1.000000
1756816661.597000 -0.007981 -0.007541 0.016940 0.052722 0.013541 0.029587 0.998079 2 1.000000
1756816664.934000 -0.024114 0.002251 0.022301 -0.000993 0.019262 -0.000317 0.999814 2 1.000000
1756816665.525000 0.017710 -0.001859 -0.005621 -0.009647 -0.020767 -0.008762 0.999699 2 1.000000
1756816665.866000 -0.004818 0.001087 0.004551 0.007730 0.018288 0.009661 0.999756 2 1.000000
1756816666.001000 -0.024741 0.002257 0.009061 -0.015657 0.058471 0.002188 0.998164 2 1.000000
1756816666.515000 -0.002820 -0.000345 0.002114 -0.012244 0.086499 0.037715 0.995463 2 1.000000
1756816674.775000 -0.020825 0.002629 0.001842 0.014819 0.003504 -0.008693 0.999846 2 1.000000
1756816675.209000 -0.011500 0.001683 0.000863 0.046960 -0.033028 -0.004117 0.998342 2 1.000000
1756816675.248000 -0.011331 0.001435 0.000286 0.028091 -0.080348 0.012863 0.996288 2 1.000000
1756816675.296000 -0.011288 0.001141 -0.000706 0.018776 -0.134395 0.026353 0.990399 2 1.000000
1756816675.465000 -0.011350 0.001943 0.002849 0.020343 -0.097126 0.002131 0.995062 2 1.000000
1756816675.492000 -0.011239 0.001690 0.001602 0.018825 -0.050403 -0.019111 0.998369 2 1.000000
1756816675.736000 -0.008784 -0.006103 0.007542 0.037174 0.026799 0.014413 0.998845 2 1.000000
1756816676.438000 -0.010232 -0.006737 0.008219 -0.004961 0.033312 0.000151 0.999433 2 1.000000
1756816676.766000 -0.010099 -0.006460 0.008993 -0.047213 0.050920 -0.007104 0.997561 2 1.000000
1756816677.634000 -0.010535 -0.021238 -0.020904 -0.073947 0.013144 0.001797 0.997174 2 1.000000
1756816677.690000 -0.008602 -0.021993 -0.020715 -0.071839 -0.032072 -0.001370 0.996900 2 1.000000
1756816677.748000 -0.007344 -0.022939 -0.025588 -0.061162 -0.089123 -0.008540 0.994104 2 1.000000
1756816677.803000 -0.006494 -0.022220 -0.024379 -0.042197 -0.128106 -0.013918 0.990765 2 1.000000
1756816677.908000 -0.003146 -0.024103 -0.024621 -0.047732 -0.082599 -0.005552 0.995424 2 1.000000
1756816677.961000 -0.007356 -0.021892 -0.020415 -0.052691 -0.027164 0.000363 0.998241 2 1.000000
1756816679.288000 -0.008667 -0.023127 -0.024447 -0.037766 -0.067577 0.007763 0.996969 2 1.000000
1756816679.322000 -0.009144 -0.024295 -0.026839 -0.031416 -0.144738 0.013467 0.988880 2 1.000000
1756816679.462000 -0.008062 -0.022477 -0.023178 -0.039970 -0.102272 0.015968 0.993825 2 1.000000
1756816679.905000 -0.007381 -0.022670 -0.023954 -0.021394 -0.063887 0.005225 0.997714 2 1.000000
1756816680.875000 -0.007693 -0.023196 -0.024904 0.006622 -0.032126 -0.007242 0.999436 2 1.000000
1756816682.138000 -0.008292 -0.022718 -0.020659 0.002133 0.011196 -0.007465 0.999907 2 1.000000
1756816686.138000 -0.007359 -0.025673 -0.017643 0.023035 0.049714 -0.002509 0.998495 2 1.000000
1756816693.006000 -0.005613 -0.023152 -0.012199 -0.008737 0.029169 0.019025 0.999355 2 1.000000
1756816697.298000 -0.005329 -0.023293 -0.010715 -0.022445 0.065041 -0.013702 0.997536 2 1.000000
1756816697.873000 -0.003984 -0.020251 -0.002829 -0.014145 0.060780 0.029437 0.997617 2 1.000000
1756816698.144000 -0.004627 -0.014282 0.002827 -0.014548 0.019432 -0.001008 0.999705 2 1.000000
1756816699.207000 -0.004740 -0.012810 0.008566 -0.040931 0.054618 0.001463 0.997667 2 1.000000
1756816704.605000 -0.004688 -0.013021 0.008152 -0.033336 0.011780 0.008130 0.999342 2 1.000000
1756816704.862000 -0.004598 -0.013013 0.007864 -0.040848 -0.031780 0.015765 0.998535 2 1.000000
1756816705.144000 -0.004593 -0.012974 0.007940 -0.047164 -0.074653 0.020589 0.995881 2 1.000000
1756816705.707000 -0.004673 -0.013059 0.008113 -0.077226 -0.104023 0.005604 0.991556 2 1.000000
1756816705.940000 -0.004721 -0.013097 0.008313 -0.055733 -0.057281 0.011950 0.996730 2 1.000000
1756816706.040000 -0.004665 -0.012969 0.008159 -0.010332 -0.032191 0.020932 0.999209 2 1.000000
1756816706.540000 -0.004834 -0.013003 0.007631 -0.005460 -0.000166 -0.009845 0.999937 2 1.000000
1756816712.139000 -0.005013 -0.014129 0.006029 -0.016298 0.042773 -0.022034 0.998709 2 1.000000
1756816745.276000 -0.007318 -0.012567 0.007029 0.023070 0.040318 -0.002209 0.998918 2 1.000000
1756816745.942000 -0.007058 -0.014549 -0.001313 0.057419 0.028083 0.025360 0.997633 2 1.000000
1756816746.846000 -0.003585 -0.023446 -0.006649 0.086004 0.025472 -0.007522 0.995941 2 1.000000
1756816747.243000 -0.001722 -0.022757 0.006443 0.102121 0.049327 0.025138 0.993230 2 1.000000
1756816747.543000 -0.002838 -0.034477 0.017953 0.059525 0.040549 0.015245 0.997286 2 1.000000
1756816747.781000 -0.003362 -0.047780 0.019754 0.016464 0.039737 -0.009145 0.999033 2 1.000000
1756816748.410000 0.000516 -0.059846 0.012795 0.000676 0.002309 0.013447 0.999907 2 1.000000
1756816748.810000 0.021766 -0.061799 0.010103 -0.038796 0.023644 0.002939 0.998963 2 1.000000
1756816749.943000 0.044934 -0.061188 0.054455 -0.059243 0.007327 -0.003520 0.998210 2 1.000000
1756816750.309000 0.054668 -0.059559 0.073849 -0.041347 -0.032979 0.015440 0.998481 2 1.000000
1756816750.609000 0.060949 -0.057623 0.096427 -0.056240 -0.049600 -0.023274 0.996913 2 1.000000
1756816750.943000 0.065537 -0.056364 0.114403 -0.074605 -0.087386 -0.010398 0.993323 2 1.000000
1756816751.411000 0.063937 -0.050846 0.150350 -0.067162 -0.128419 0.004881 0.989431 2 1.000000
1756816751.710000 0.071724 -0.052747 0.180329 -0.078930 -0.083135 0.011283 0.993344 2 1.000000
1756816752.243000 0.079694 -0.045914 0.226303 -0.109197 -0.107740 -0.022752 0.987902 2 1.000000
1756816752.744000 0.079201 -0.039392 0.276341 -0.105759 -0.079430 -0.029508 0.990775 2 1.000000
1756816753.143000 0.078964 -0.035218 0.318092 -0.132886 -0.040027 -0.021915 0.990080 2 1.000000
1756816753.546000 0.086591 -0.032061 0.356198 -0.157009 -0.081333 -0.004818 0.984231 2 1.000000
1756816754.077000 0.098573 -0.030456 0.405620 -0.132916 -0.062632 -0.024667 0.988839 2 1.000000
1756816754.677000 0.094504 -0.026520 0.456363 -0.131377 -0.028319 -0.028425 0.990520 2 1.000000
1756816755.178000 0.102007 -0.024040 0.488591 -0.143825 -0.072722 -0.042602 0.986008 2 1.000000
1756816755.928000 0.108466 -0.021236 0.531161 -0.125440 -0.112084 -0.039604 0.984954 2 1.000000
1756816756.043000 0.111439 -0.019132 0.537062 -0.128749 -0.160084 -0.053056 0.977232 2 1.000000
1756816756.411000 0.107256 -0.019704 0.544779 -0.129172 -0.203526 -0.060109 0.968648 2 1.000000
1756816757.644000 0.110993 -0.017690 0.594643 -0.135342 -0.206887 -0.067401 0.966612 2 1.000000
1756816758.010000 0.099654 -0.009305 0.611063 -0.151586 -0.163827 -0.060419 0.972899 2 1.000000
1756816758.144000 0.095034 -0.008832 0.618531 -0.166577 -0.118955 -0.058117 0.977100 2 1.000000
1756816758.678000 0.090207 -0.007229 0.648147 -0.188877 -0.160371 -0.031898 0.968292 2 1.000000
1756816758.778000 0.093102 -0.008432 0.653914 -0.178950 -0.202121 -0.019001 0.962685 2 1.000000
1756816759.078000 0.095028 -0.007223 0.669156 -0.203163 -0.235775 -0.029382 0.949880 2 1.000000
1756816759.831000 0.088755 -0.001216 0.690737 -0.196027 -0.276371 -0.040012 0.939996 2 1.000000
1756816759.963000 0.089349 0.001130 0.695838 -0.201190 -0.317897 -0.055450 0.924873 2 1.000000
1756816760.096000 0.092455 0.001825 0.702487 -0.206561 -0.357600 -0.070083 0.908044 2 1.000000
1756816760.311000 0.099633 0.003075 0.713612 -0.209233 -0.397872 -0.074328 0.890166 2 1.000000
1756816760.611000 0.106136 0.004745 0.719885 -0.222248 -0.428747 -0.095698 0.870416 2 1.000000
1756816760.945000 0.110994 0.001975 0.713783 -0.205437 -0.469746 -0.087679 0.854077 2 1.000000
1756816761.213000 0.118886 0.000537 0.703475 -0.203976 -0.508089 -0.094832 0.831412 2 1.000000
1756816761.308000 0.121360 0.002133 0.697407 -0.212088 -0.551435 -0.099578 0.800639 2 1.000000
1756816761.445000 0.127351 0.000124 0.691744 -0.200737 -0.597524 -0.114293 0.767859 2 1.000000
1756816761.545000 0.130447 0.003442 0.686482 -0.187867 -0.632293 -0.115062 0.742746 2 1.000000
1756816761.645000 0.131083 0.006067 0.682193 -0.177090 -0.673659 -0.125202 0.706503 2 1.000000
1756816761.745000 0.129761 0.006969 0.678280 -0.161882 -0.712096 -0.129440 0.670790 2 1.000000
1756816761.844000 0.130198 0.006897 0.678490 -0.151036 -0.744863 -0.135964 0.635516 2 1.000000
1756816761.945000 0.131454 0.006508 0.678885 -0.144295 -0.772690 -0.138370 0.602480 2 1.000000
1756816762.077000 0.131007 0.007716 0.683195 -0.148149 -0.805938 -0.121851 0.560061 2 1.000000
1756816762.276000 0.125664 0.012579 0.670694 -0.148762 -0.830476 -0.132998 0.520088 2 1.000000
1756816762.523000 0.122762 0.015113 0.667151 -0.160503 -0.852266 -0.117170 0.483894 2 1.000000
1756816762.576000 0.120404 0.017394 0.662940 -0.156390 -0.880547 -0.111367 0.433333 2 1.000000
1756816762.611000 0.120694 0.017304 0.664287 -0.147088 -0.903551 -0.105533 0.388359 2 1.000000
1756816762.658000 0.119934 0.018400 0.663243 -0.129062 -0.925123 -0.109076 0.339990 2 1.000000
1756816762.711000 0.118509 0.019708 0.662571 -0.110531 -0.942462 -0.110338 0.295589 2 1.000000
1756816762.811000 0.118580 0.019723 0.662850 -0.103266 -0.956213 -0.102103 0.254101 2 1.000000
1756816762.911000 0.118930 0.019539 0.663186 -0.098445 -0.961053 -0.131516 0.222235 2 1.000000
1756816763.266000 0.120073 0.019141 0.663988 -0.109072 -0.970146 -0.108416 0.187528 2 1.000000
1756816763.877000 0.120683 0.019893 0.664669 -0.097678 -0.978020 -0.114509 0.144301 2 1.000000
1756816764.910000 0.121306 0.019693 0.666436 -0.109711 -0.967683 -0.109625 0.198833 2 1.000000
1756816765.078000 0.121053 0.019761 0.666989 -0.133245 -0.955133 -0.113894 0.238737 2 1.000000
1756816765.230000 0.121651 0.019602 0.668611 -0.145583 -0.948842 -0.083826 0.267353 2 1.000000
1756816765.292000 0.121661 0.019768 0.669565 -0.155283 -0.934343 -0.078004 0.311137 2 1.000000
1756816765.348000 0.121346 0.019298 0.670824 -0.177608 -0.914763 -0.085205 0.352708 2 1.000000
1756816765.416000 0.121933 0.019636 0.672906 -0.192413 -0.892496 -0.067549 0.402326 2 1.000000
1756816765.511000 0.121158 0.020295 0.674031 -0.206401 -0.867720 -0.068728 0.446919 2 1.000000
1756816765.777000 0.122286 0.021714 0.678360 -0.240880 -0.840848 -0.078870 0.478259 2 1.000000
1756816766.078000 0.123562 0.022056 0.682486 -0.264179 -0.811072 -0.114139 0.509258 2 1.000000
1756816766.179000 0.124209 0.021979 0.684410 -0.258074 -0.789050 -0.103694 0.547764 2 1.000000
1756816766.346000 0.126762 0.023037 0.684718 -0.212544 -0.789466 -0.105991 0.565981 2 1.000000
1756816766.478000 0.128060 0.022950 0.686493 -0.175974 -0.807452 -0.127843 0.548370 2 1.000000
1756816766.678000 0.130457 0.023291 0.689688 -0.134518 -0.822024 -0.121908 0.539740 2 1.000000
1756816767.012000 0.131090 0.023643 0.692593 -0.126736 -0.798449 -0.122890 0.575600 2 1.000000
1756816767.344000 0.129018 0.023918 0.694329 -0.169297 -0.800609 -0.114494 0.563254 2 1.000000
1756816767.545000 0.128155 0.024243 0.694426 -0.195560 -0.818814 -0.115170 0.527290 2 1.000000
1756816767.677000 0.127926 0.023912 0.693181 -0.194094 -0.841945 -0.117778 0.489473 2 1.000000
1756816767.778000 0.127502 0.023921 0.692156 -0.183066 -0.865389 -0.124109 0.449651 2 1.000000
1756816767.878000 0.127408 0.023761 0.690859 -0.156398 -0.881391 -0.153801 0.418373 2 1.000000
1756816767.979000 0.127175 0.023476 0.688771 -0.134919 -0.896536 -0.170801 0.385808 2 1.000000
1756816768.079000 0.127685 0.021801 0.686421 -0.115240 -0.913699 -0.181028 0.345112 2 1.000000
1756816768.145000 0.127173 0.023110 0.684587 -0.083417 -0.932680 -0.145500 0.319341 2 1.000000
1756816768.245000 0.127376 0.022865 0.681569 -0.065244 -0.949119 -0.119122 0.284124 2 1.000000
1756816768.346000 0.127934 0.022321 0.678030 -0.039868 -0.967033 -0.117178 0.222546 2 1.000000
1756816768.413000 0.127345 0.022313 0.677132 -0.021115 -0.977735 -0.101744 0.182309 2 1.000000
1756816768.513000 0.127526 0.021441 0.674548 0.005846 -0.983289 -0.107069 0.147125 2 1.000000
1756816768.645000 0.127811 0.020545 0.670309 0.021913 -0.988774 -0.111778 0.096700 2 1.000000
1756816769.046000 0.124680 0.018821 0.655234 0.009631 -0.991712 -0.118509 0.048685 2 1.000000
1756816769.211000 0.124273 0.017144 0.650320 0.015608 -0.994613 -0.102427 0.003218 2 1.000000
1756816769.446000 0.123993 0.016929 0.642794 -0.034379 0.992473 0.111040 0.038551 2 1.000000
1756816769.637000 0.124008 0.016382 0.636526 -0.041511 0.989222 0.111608 0.085208 2 1.000000
1756816769.724000 0.123813 0.014587 0.630601 -0.079099 0.981721 0.148046 0.089715 2 1.000000
1756816769.909000 0.122756 0.013892 0.623001 -0.046924 0.988468 0.127961 0.065996 2 1.000000
1756816770.923000 0.119569 0.013529 0.609686 -0.034948 0.981706 0.176912 0.061112 2 1.000000
1756816770.966000 0.119205 0.012394 0.606749 -0.024340 0.973301 0.203278 0.103783 2 1.000000
1756816771.024000 0.118911 0.011871 0.603452 -0.025973 0.977090 0.163232 0.134077 2 1.000000
1756816771.184000 0.117620 0.009781 0.591608 -0.066858 0.975219 0.151545 0.146668 2 1.000000
1756816771.483000 0.117130 0.005273 0.570834 -0.057170 0.983690 0.110080 0.130261 2 1.000000
1756816771.907000 0.115648 0.004124 0.560891 -0.037665 0.977336 0.119714 0.170481 2 1.000000
1756816772.266000 0.116621 0.002454 0.552239 -0.077533 0.982634 0.115427 0.122867 2 1.000000
1756816772.447000 0.116744 0.000363 0.537555 -0.066463 0.990117 0.091426 0.083019 2 1.000000
1756816772.560000 0.115626 -0.001591 0.530110 -0.036542 0.995979 0.069630 0.042911 2 1.000000
1756816772.655000 0.113943 -0.002816 0.523528 0.023902 -0.998060 -0.057330 0.004373 2 1.000000
1756816772.743000 0.113641 -0.002831 0.517374 0.019158 -0.996459 -0.061936 0.053534 2 1.000000
1756816772.854000 0.111686 -0.004956 0.510563 -0.010671 -0.993589 -0.053903 0.098798 2 1.000000
1756816773.239000 0.110023 -0.005890 0.507226 -0.015077 -0.986493 -0.055179 0.153494 2 1.000000
1756816773.295000 0.107526 -0.005175 0.503959 -0.017339 -0.977618 -0.062538 0.200131 2 1.000000
1756816773.349000 0.105733 -0.004975 0.500883 -0.030340 -0.966162 -0.056008 0.249947 2 1.000000
1756816773.383000 0.104332 -0.004655 0.498432 -0.040760 -0.954297 -0.044185 0.292753 2 1.000000
1756816773.415000 0.103006 -0.005183 0.495993 -0.052631 -0.936157 -0.036112 0.345739 2 1.000000
1756816773.447000 0.100663 -0.004148 0.494029 -0.062909 -0.925957 -0.004472 0.372324 2 1.000000
1756816773.498000 0.098528 -0.004203 0.491993 -0.095957 -0.915458 0.016350 0.390463 2 1.000000
1756816773.541000 0.097824 -0.004316 0.491049 -0.115021 -0.899273 0.039470 0.420144 2 1.000000
1756816773.593000 0.096263 -0.004791 0.490460 -0.119641 -0.870490 0.038591 0.475861 2 1.000000
1756816773.642000 0.095849 -0.004725 0.490930 -0.116563 -0.847862 0.027340 0.516523 2 1.000000
1756816773.813000 0.093149 -0.005012 0.488317 -0.131109 -0.822681 0.050295 0.550887 2 1.000000
1756816774.012000 0.092671 -0.005328 0.488088 -0.144609 -0.804010 0.081752 0.570940 2 1.000000
1756816774.181000 0.092160 -0.005426 0.487664 -0.142271 -0.776865 0.078126 0.608388 2 1.000000
1756816774.346000 0.091210 -0.005291 0.487707 -0.149291 -0.744910 0.079396 0.645382 2 1.000000
1756816774.578000 0.090762 -0.005293 0.487638 -0.149672 -0.709071 0.072228 0.685274 2 1.000000
1756816774.930000 0.090906 -0.005277 0.487710 -0.141263 -0.679121 0.067783 0.717109 2 1.000000
1756816775.442000 0.090705 -0.005256 0.487675 -0.141284 -0.642364 0.068329 0.750159 2 1.000000
1756816775.529000 0.090883 -0.005284 0.487610 -0.160893 -0.602959 0.068576 0.778365 2 1.000000
1756816775.680000 0.090931 -0.005312 0.487553 -0.181238 -0.565686 0.070834 0.801333 2 1.000000
1756816776.179000 0.090194 -0.005313 0.487656 -0.210570 -0.535888 0.066183 0.814926 2 1.000000
1756816776.413000 0.090156 -0.005305 0.487643 -0.190716 -0.496727 0.067820 0.843973 2 1.000000
1756816778.603000 -0.011824 -0.022430 0.000848 -0.060401 -0.008674 0.071960 0.995539 2 1.000000
1756816778.725000 -0.021102 -0.037180 0.014147 -0.037023 -0.058905 0.070142 0.995108 2 1.000000
1756816778.940000 -0.021500 -0.002046 0.006928 -0.042906 -0.084040 0.029914 0.995089 2 1.000000
1756816779.013000 -0.024340 -0.001771 0.009366 -0.076086 -0.047643 0.021668 0.995727 2 1.000000
1756816779.347000 -0.025880 -0.000764 0.010538 -0.106729 -0.080107 0.022416 0.990802 2 1.000000
1756816780.380000 -0.027958 -0.001680 0.006374 -0.080064 -0.117384 0.033897 0.989273 2 1.000000
1756816780.680000 -0.031375 -0.006557 0.001966 -0.066680 -0.161069 0.029299 0.984252 2 1.000000
1756816780.849000 -0.026424 -0.020044 -0.011366 -0.035453 -0.203994 0.040815 0.977478 2 1.000000
1756816780.979000 -0.023705 -0.023140 -0.011435 -0.016518 -0.252665 0.051946 0.966017 2 1.000000
1756816796.727000 -0.018144 -0.020435 -0.005736 -0.045656 -0.210628 0.048738 0.975283 2 1.000000
1756816796.801000 -0.012203 -0.014403 -0.005306 -0.080842 -0.177716 0.057895 0.979045 2 1.000000
1756816796.847000 -0.018874 -0.011174 -0.001332 -0.101108 -0.139230 0.054231 0.983591 2 1.000000
1756816796.915000 -0.017204 -0.009449 -0.002190 -0.133580 -0.097129 0.041500 0.985393 2 1.000000
1756816797.015000 -0.017443 -0.001701 0.007775 -0.177230 -0.062853 0.032610 0.981619 2 1.000000
1756816797.149000 -0.014244 0.003491 0.009498 -0.181907 -0.013704 0.021973 0.982975 2 1.000000
1756816797.248000 -0.012377 0.002980 0.010570 -0.183733 0.027665 0.008252 0.982552 2 1.000000
1756816797.680000 -0.007951 0.007085 0.011428 -0.207220 0.061356 0.024085 0.976071 2 1.000000
1756816798.147000 -0.007123 0.004636 0.009446 -0.168727 0.083208 0.014029 0.982044 2 1.000000
1756816798.347000 -0.006146 0.002954 0.008739 -0.114122 0.089766 0.026651 0.989044 2 1.000000
1756816798.513000 -0.005651 0.001267 0.007354 -0.064258 0.100667 0.037495 0.992135 2 1.000000
1756816799.480000 -0.006090 0.000779 0.004039 -0.068914 0.128449 0.004359 0.989309 2 1.000000
1756816800.113000 -0.006722 0.000616 0.002806 -0.064400 0.082700 -0.015776 0.994366 2 1.000000
1756816800.280000 -0.009217 -0.004924 -0.002697 -0.052073 0.031689 -0.014659 0.998033 2 1.000000
1756816800.447000 -0.013309 -0.017209 -0.005491 -0.045360 -0.016052 -0.034187 0.998257 2 1.000000
1756816800.847000 -0.013759 -0.024917 -0.007669 -0.019789 -0.051743 -0.045292 0.997437 2 1.000000
1756816800.980000 -0.016205 -0.025686 0.001085 0.004100 -0.073039 0.002234 0.997318 2 1.000000
1756816801.147000 -0.007092 -0.026196 0.011144 0.034830 -0.061312 0.040116 0.996704 2 1.000000
1756816801.448000 0.000376 -0.058883 0.024091 -0.023154 -0.049550 0.037546 0.997797 2 1.000000
1756816801.580000 0.001676 -0.069661 0.027988 -0.054689 -0.052664 0.000040 0.997114 2 1.000000
1756816802.615000 0.041855 -0.081038 0.027661 -0.043389 -0.101942 -0.004973 0.993831 2 1.000000
1756816802.745000 0.045924 -0.080367 0.032275 -0.034958 -0.146918 0.000676 0.988530 2 1.000000
1756816802.882000 0.051456 -0.077117 0.039859 -0.024263 -0.192700 -0.001279 0.980957 2 1.000000
1756816803.048000 0.058737 -0.076036 0.049309 -0.030988 -0.241561 0.000153 0.969891 2 1.000000
1756816803.313000 0.063281 -0.077102 0.063824 -0.041800 -0.285049 -0.007817 0.957569 2 1.000000
1756816803.513000 0.065274 -0.075036 0.076974 -0.055037 -0.330049 -0.008323 0.942321 2 1.000000
1756816803.681000 0.070256 -0.074861 0.088753 -0.055045 -0.375396 -0.011181 0.925161 2 1.000000
1756816803.947000 0.066382 -0.074310 0.103536 -0.036444 -0.403401 -0.040194 0.913413 2 1.000000
1756816804.247000 0.044286 -0.067740 0.124665 -0.031817 -0.443674 -0.028919 0.895156 2 1.000000
1756816804.713000 0.006336 -0.069504 0.158972 -0.053210 -0.477335 -0.022023 0.876833 2 1.000000
1756816805.113000 -0.032240 -0.063991 0.192160 -0.070121 -0.508314 -0.009695 0.858258 2 1.000000
1756816805.555000 -0.075582 -0.057798 0.223849 -0.068160 -0.490966 -0.043061 0.867440 2 1.000000
1756816805.913000 -0.112711 -0.052611 0.252675 -0.099399 -0.457135 -0.049352 0.882447 2 1.000000
1756816806.313000 -0.146779 -0.046722 0.289240 -0.094176 -0.482842 -0.019971 0.870399 2 1.000000
1756816806.613000 -0.166475 -0.046185 0.307659 -0.084230 -0.496459 -0.064046 0.861587 2 1.000000
1756816807.014000 -0.206409 -0.041285 0.339066 -0.079451 -0.497700 -0.060091 0.861610 2 1.000000
1756816807.512000 -0.242572 -0.037942 0.367208 -0.073374 -0.538406 -0.055292 0.837662 2 1.000000
1756816807.682000 -0.253084 -0.036608 0.378726 -0.067167 -0.571944 -0.036409 0.816727 2 1.000000
1756816808.280000 -0.282837 -0.034394 0.402544 -0.053409 -0.606625 -0.037580 0.792302 2 1.000000
1756816808.547000 -0.292613 -0.034209 0.404687 -0.027739 -0.645658 -0.046526 0.761703 2 1.000000
1756816808.682000 -0.294292 -0.033929 0.404207 -0.028659 -0.690314 -0.045089 0.721535 2 1.000000
1756816808.747000 -0.293249 -0.033986 0.404262 -0.032187 -0.722960 -0.041714 0.688878 2 1.000000
1756816808.816000 -0.292547 -0.037595 0.406908 -0.035594 -0.752666 -0.039999 0.656222 2 1.000000
1756816808.947000 -0.294336 -0.038868 0.404519 -0.043185 -0.790233 -0.042935 0.609774 2 1.000000
1756816809.047000 -0.299174 -0.035732 0.404592 -0.045072 -0.820853 -0.036560 0.568184 2 1.000000
1756816809.181000 -0.303215 -0.037427 0.403914 -0.045402 -0.845727 -0.040176 0.530161 2 1.000000
1756816809.351000 -0.304895 -0.036302 0.401781 -0.038089 -0.873670 -0.040495 0.483332 2 1.000000
1756816809.581000 -0.304862 -0.036272 0.401859 -0.038448 -0.896451 -0.045644 0.439106 2 1.000000
1756816810.147000 -0.311925 -0.034263 0.399076 -0.034957 -0.912376 -0.068424 0.402078 2 1.000000
1756816811.611000 -0.320788 -0.033626 0.397762 -0.000643 -0.902903 -0.057235 0.426017 2 1.000000
1756816812.114000 -0.329131 -0.032279 0.398116 0.013942 -0.916155 -0.078599 0.392796 2 1.000000
1756816812.347000 -0.333136 -0.033354 0.403917 0.025549 -0.932302 -0.081227 0.351514 2 1.000000
1756816812.881000 -0.334457 -0.036421 0.414610 0.011538 -0.943149 -0.103421 0.315660 2 1.000000
1756816814.547000 -0.362925 -0.037936 0.445684 0.004988 -0.928313 -0.103815 0.356978 2 1.000000
1756816814.716000 -0.372347 -0.037016 0.448618 0.000642 -0.911493 -0.103268 0.398140 2 1.000000
1756816814.881000 -0.377585 -0.036625 0.448640 -0.002821 -0.891691 -0.100293 0.441385 2 1.000000
1756816815.390000 -0.394235 -0.036846 0.457844 -0.012380 -0.909548 -0.103167 0.402399 2 1.000000
1756816815.516000 -0.391186 -0.036868 0.455990 -0.009515 -0.926602 -0.107037 0.360363 2 1.000000
1756816815.615000 -0.387969 -0.036318 0.452419 -0.008112 -0.944871 -0.104890 0.310084 2 1.000000
1756816815.715000 -0.391006 -0.037336 0.453522 -0.004531 -0.959922 -0.111100 0.257267 2 1.000000
1756816815.816000 -0.388692 -0.032616 0.449669 0.006468 -0.969989 -0.117049 0.213021 2 1.000000
1756816815.916000 -0.386492 -0.032937 0.446425 0.015926 -0.978319 -0.117761 0.169617 2 1.000000
1756816816.016000 -0.383922 -0.031658 0.444705 0.029596 -0.985782 -0.109450 0.124010 2 1.000000
1756816816.116000 -0.382103 -0.030964 0.438038 0.031891 -0.990962 -0.109250 0.071006 2 1.000000
1756816816.183000 -0.383013 -0.032744 0.439510 0.024874 -0.992402 -0.120465 0.002741 2 1.000000
1756816816.251000 -0.379983 -0.030108 0.430880 -0.006917 0.992491 0.113924 0.043995 2 1.000000
1756816816.316000 -0.374517 -0.028633 0.433474 -0.018345 0.987978 0.119654 0.096156 2 1.000000
1756816816.383000 -0.375642 -0.032433 0.431091 -0.030866 0.977047 0.130072 0.165854 2 1.000000
1756816819.594000 0.000146 -0.012738 0.036721 0.003712 -0.012104 0.004704 0.999909 2 1.000000
1756816819.787000 0.006105 -0.026294 0.090554 0.032205 -0.026028 0.002562 0.999139 2 1.000000
1756816819.860000 0.006630 -0.035247 0.151422 0.043559 -0.003259 -0.001113 0.999045 2 1.000000
1756816819.933000 0.005444 -0.055673 0.208603 0.044489 0.034966 0.006732 0.998375 2 1.000000
1756816819.995000 0.010752 -0.075319 0.257772 0.031300 0.057231 0.008804 0.997831 2 1.000000
1756816820.114000 0.020139 -0.098774 0.303092 0.045207 0.098120 0.029833 0.993700 2 1.000000
1756816820.240000 0.035272 -0.129159 0.335007 0.049110 0.141891 0.053197 0.987231 2 1.000000
1756816820.384000 0.063666 -0.145869 0.381748 0.060895 0.183133 0.077679 0.978121 2 1.000000
1756816820.439000 0.083052 -0.155671 0.413913 0.071412 0.222913 0.095636 0.967504 2 1.000000
1756816820.565000 0.116901 -0.160618 0.439203 0.046738 0.257585 0.115528 0.958185 2 1.000000
1756816820.728000 0.142965 -0.176044 0.458587 0.051449 0.288643 0.152430 0.943824 2 1.000000
1756816820.782000 0.169043 -0.183415 0.474005 0.054768 0.321845 0.180831 0.927748 2 1.000000
1756816820.867000 0.193482 -0.191566 0.497116 0.048579 0.365973 0.193735 0.908939 2 1.000000
1756816820.921000 0.224368 -0.208809 0.505195 0.042090 0.397509 0.225393 0.888489 2 1.000000
1756816821.034000 0.256359 -0.216328 0.531683 0.057227 0.437546 0.246472 0.862862 2 1.000000
1756816821.087000 0.293993 -0.215593 0.550399 0.049348 0.483117 0.256894 0.835564 2 1.000000
1756816821.149000 0.329933 -0.220503 0.558663 0.034016 0.532871 0.278617 0.798289 2 1.000000
1756816821.216000 0.354943 -0.226416 0.573482 0.024990 0.572678 0.293923 0.764869 2 1.000000
1756816821.313000 0.392589 -0.217223 0.568456 0.056890 0.599267 0.296461 0.741454 2 1.000000
1756816821.385000 0.409784 -0.215194 0.585344 0.061648 0.639914 0.300706 0.704476 2 1.000000
1756816821.450000 0.430473 -0.202527 0.580717 0.082575 0.665664 0.309988 0.673781 2 1.000000
1756816821.516000 0.464755 -0.193954 0.583999 0.095699 0.689469 0.321743 0.641838 2 1.000000
1756816821.582000 0.490118 -0.182803 0.579291 0.120076 0.710388 0.334828 0.607307 2 1.000000
1756816821.749000 0.543588 -0.179432 0.588347 0.112634 0.754492 0.357934 0.538459 2 1.000000
1756816821.847000 0.554351 -0.158518 0.570538 0.155151 0.756658 0.380640 0.508438 2 1.000000
1756816821.878000 0.578870 -0.172078 0.568691 0.173086 0.788059 0.386674 0.446641 2 1.000000
1756816821.915000 0.593661 -0.171629 0.560662 0.193949 0.818252 0.381110 0.384192 2 1.000000
1756816825.672000 -0.013447 -0.006445 -0.023118 0.013439 0.018391 -0.008086 0.999708 2 1.000000
1756816828.983000 -0.006637 -0.028508 -0.033996 0.047866 -0.014213 -0.011303 0.998689 2 1.000000
1756816831.023000 -0.015655 -0.016074 -0.010211 0.036578 0.035955 -0.014459 0.998579 2 1.000000
1756816831.163000 0.009055 -0.027839 -0.009405 0.059458 0.040218 0.030094 0.996966 2 1.000000
1756816831.431000 0.012849 -0.022974 -0.008983 0.055374 0.084044 0.018373 0.994753 2 1.000000
1756816839.122000 0.006215 -0.015033 -0.012767 0.098488 0.080277 0.007047 0.991870 2 1.000000
1756816839.350000 0.005705 -0.015479 -0.011212 0.108282 0.034856 0.011941 0.993437 2 1.000000
1756816839.550000 0.001386 -0.018130 0.000336 0.103050 -0.009663 0.018728 0.994453 2 1.000000
1756816839.750000 0.002577 -0.017268 -0.005209 0.100005 -0.061465 0.041830 0.992205 2 1.000000
1756816839.817000 -0.000827 -0.021381 0.001941 0.054476 -0.042479 0.046326 0.996535 2 1.000000
1756816840.250000 0.007709 -0.016852 0.003757 0.012720 -0.032353 0.066677 0.997169 2 1.000000
1756816840.383000 0.016303 -0.029037 -0.000104 0.019194 -0.060404 0.021344 0.997761 2 1.000000
1756816840.451000 0.006477 -0.031058 0.006381 0.041650 -0.073970 -0.021291 0.996163 2 1.000000
1756816840.683000 0.010294 -0.035154 -0.004047 0.058088 -0.079767 0.022037 0.994876 2 1.000000
1756816840.783000 0.019781 -0.041047 -0.008917 0.003966 -0.099933 0.059902 0.993181 2 1.000000
1756816840.984000 0.017844 -0.033090 -0.000427 -0.014817 -0.060183 0.077290 0.995080 2 1.000000
1756816842.022000 0.029773 -0.035269 -0.005054 0.001316 -0.019921 0.086985 0.996010 2 1.000000
1756816850.584000 0.025958 -0.040162 -0.014087 0.021479 -0.042208 0.055021 0.997361 2 1.000000
1756816851.617000 0.000469 -0.014303 -0.013589 -0.125297 0.188110 0.023182 0.973847 2 1.000000
1756816858.995000 0.015740 -0.017123 -0.007387 -0.109067 0.147775 0.025717 0.982652 2 1.000000
1756816863.783000 0.014926 -0.017949 -0.006046 -0.130103 0.112781 0.052190 0.983682 2 1.000000
1756816864.719000 0.016402 -0.019041 -0.006195 -0.147869 0.088670 0.084118 0.981426 2 1.000000
1756816866.054000 0.010641 -0.017130 -0.005367 -0.156560 0.063687 0.042559 0.984694 2 1.000000
1756816866.384000 0.005812 -0.012043 -0.003392 -0.174512 0.042164 -0.004933 0.983740 2 1.000000
1756816866.567000 0.001477 -0.008196 -0.001080 -0.215381 0.045040 -0.052618 0.974071 2 1.000000
1756816866.664000 -0.002456 -0.003400 -0.004355 -0.269088 0.013234 -0.062526 0.960993 2 1.000000
1756816869.954000 -0.014650 -0.007320 0.004885 -0.011807 0.015399 -0.005032 0.999799 2 1.000000
1756816870.351000 -0.008858 -0.005129 0.017026 -0.030137 0.056302 -0.007272 0.997932 2 1.000000
1756816871.543000 -0.012753 -0.007152 0.021268 -0.053582 0.090436 0.013199 0.994372 2 1.000000
1756816873.618000 -0.017102 -0.009664 0.025437 -0.024800 0.057285 0.016708 0.997910 2 1.000000
