# ORB-SLAM3 Path Recording
# Format: timestamp tx ty tz qx qy qz qw tracking_state confidence
# Translation in meters, quaternion (x,y,z,w), timestamp in seconds
# Coordinate system: Camera frame
1756823784.544000 0.000000 0.000000 0.000000 -0.000000 -0.000000 -0.000000 1.000000 1 0.500000
1756823788.884000 -0.001580 -0.007274 -0.001779 -0.054726 -0.034810 -0.013314 0.997806 2 1.000000
1756823789.152000 0.000138 -0.009279 -0.001477 -0.041575 -0.065839 -0.044716 0.995960 2 1.000000
1756823791.266000 0.001912 -0.011495 -0.007766 -0.056083 -0.028691 -0.026697 0.997657 2 1.000000
1756823792.232000 0.001793 -0.010625 -0.007237 -0.062135 -0.076956 -0.023402 0.994821 2 1.000000
1756823797.228000 0.001514 -0.008977 -0.005662 -0.108426 -0.076029 -0.022731 0.990932 2 1.000000
1756823797.366000 0.001289 -0.007805 -0.004845 -0.118145 -0.031394 -0.024528 0.992197 2 1.000000
1756823798.366000 0.001042 -0.007403 -0.003823 -0.115122 0.010310 -0.045628 0.992249 2 1.000000
1756823798.699000 0.000877 -0.007304 -0.003328 -0.142733 -0.025494 -0.042167 0.988534 2 1.000000
1756823799.330000 0.000825 -0.008400 -0.003444 -0.181523 -0.006372 -0.043165 0.982418 2 1.000000
1756823800.932000 0.000848 -0.008429 -0.003254 -0.186232 -0.048627 -0.030449 0.980829 2 1.000000
1756823802.231000 0.000875 -0.008431 -0.002835 -0.220184 -0.058835 -0.056416 0.972047 2 1.000000
1756823802.431000 0.000852 -0.008368 -0.002625 -0.229207 -0.011465 -0.057735 0.971596 2 1.000000
1756823803.131000 0.001104 -0.008283 -0.002037 -0.224751 -0.053187 -0.074605 0.970099 2 1.000000
1756823803.904000 0.001272 -0.008204 -0.001350 -0.229821 -0.093832 -0.088686 0.964631 2 1.000000
1756823804.265000 0.001340 -0.008183 -0.001074 -0.222407 -0.139628 -0.081574 0.961449 2 1.000000
1756823804.431000 0.001370 -0.008150 -0.000924 -0.213139 -0.185837 -0.089939 0.954959 2 1.000000
1756823804.599000 0.001577 -0.008241 -0.000796 -0.203398 -0.233694 -0.098490 0.945683 2 1.000000
1756823805.331000 0.001904 -0.008333 -0.000679 -0.212617 -0.269244 -0.065757 0.937005 2 1.000000
1756823805.824000 0.002067 -0.008388 -0.000588 -0.197304 -0.310370 -0.065871 0.927579 2 1.000000
1756823806.063000 0.002224 -0.008404 -0.000476 -0.185252 -0.348026 -0.088214 0.914756 2 1.000000
1756823808.105000 0.002450 -0.008423 0.000004 -0.202001 -0.386817 -0.084266 0.895806 2 1.000000
1756823810.410000 0.002914 -0.008549 0.000445 -0.184245 -0.422544 -0.069555 0.884688 2 1.000000
1756823811.767000 0.003036 -0.008580 0.000677 -0.168788 -0.457230 -0.051139 0.871686 2 1.000000
1756823825.063000 0.003051 -0.008568 0.000905 -0.182155 -0.491080 -0.061115 0.849662 2 1.000000
1756823839.862000 0.003524 -0.008666 0.001175 -0.188987 -0.529110 -0.054108 0.825469 2 1.000000
1756823841.010000 0.003499 -0.008744 0.001174 -0.169139 -0.518764 -0.018414 0.837817 2 1.000000
1756823851.162000 0.003640 -0.008748 0.001357 -0.174669 -0.554405 -0.029278 0.813184 2 1.000000
1756823852.629000 0.003437 -0.008732 0.001296 -0.174612 -0.589438 -0.040567 0.787673 2 1.000000
1756823858.478000 0.003027 -0.008659 0.000893 -0.184133 -0.553136 -0.042481 0.811376 2 1.000000
1756823859.079000 0.002611 -0.008564 0.000681 -0.206400 -0.519316 -0.045532 0.828032 2 1.000000
1756823859.770000 0.001802 -0.008570 0.000263 -0.203557 -0.477739 -0.061597 0.852371 2 1.000000
1756823859.893000 0.001722 -0.008578 0.000059 -0.189199 -0.440487 -0.044331 0.876475 2 1.000000
1756823860.027000 0.001568 -0.008595 -0.000148 -0.207654 -0.400480 -0.022920 0.892172 2 1.000000
1756823860.493000 0.001154 -0.008649 -0.000733 -0.187072 -0.373158 -0.045642 0.907565 2 1.000000
1756823860.727000 0.000899 -0.008599 -0.000957 -0.167864 -0.336129 -0.031371 0.926205 2 1.000000
1756823860.963000 0.000691 -0.008553 -0.001103 -0.152403 -0.301411 -0.049950 0.939910 2 1.000000
1756823861.203000 0.000553 -0.008646 -0.001345 -0.158983 -0.260146 -0.057343 0.950663 2 1.000000
1756823861.393000 0.000449 -0.008644 -0.001592 -0.161192 -0.216987 -0.043592 0.961787 2 1.000000
1756823861.660000 0.000322 -0.008679 -0.001948 -0.181236 -0.178353 -0.038412 0.966369 2 1.000000
1756823862.375000 0.000102 -0.008770 -0.002296 -0.145961 -0.147203 -0.037705 0.977551 2 1.000000
1756823862.526000 0.000071 -0.008723 -0.002357 -0.153133 -0.103513 -0.035519 0.982127 2 1.000000
1756823862.793000 -0.000083 -0.008661 -0.002541 -0.162785 -0.056670 -0.028969 0.984607 2 1.000000
1756823863.904000 -0.000386 -0.008177 -0.002624 -0.177910 -0.016453 -0.037107 0.983209 2 1.000000
1756823866.125000 -0.000421 -0.008157 -0.002632 -0.186314 0.017973 -0.065380 0.980148 2 1.000000
1756823866.878000 -0.000311 -0.008511 -0.002767 -0.167408 0.052466 -0.043724 0.983519 2 1.000000
1756823867.592000 -0.000174 -0.008774 -0.002825 -0.140796 0.083611 -0.025014 0.986185 2 1.000000
1756823869.061000 -0.000095 -0.008677 -0.002815 -0.161145 0.115896 -0.048191 0.978917 2 1.000000
1756823870.481000 0.000200 -0.007981 -0.002799 -0.122302 0.094474 -0.058928 0.986227 2 1.000000
1756823870.725000 0.000288 -0.007623 -0.003049 -0.106100 0.057469 -0.041178 0.991839 2 1.000000
1756823871.157000 0.000640 -0.007707 -0.003564 -0.096398 0.035534 -0.002156 0.994706 2 1.000000
1756823873.208000 0.000088 -0.007315 -0.003644 -0.102270 0.002127 -0.030540 0.994286 2 1.000000
1756823874.025000 0.000110 -0.007298 -0.003615 -0.098982 0.045800 -0.033471 0.993471 2 1.000000
1756823881.598000 0.000019 -0.007337 -0.003721 -0.070375 0.013766 -0.025918 0.997089 2 1.000000
1756823894.624000 0.000099 -0.007365 -0.003738 -0.064062 0.051298 -0.002348 0.996624 2 1.000000
1756823895.952000 0.000311 -0.007452 -0.003731 -0.111903 0.043497 0.000541 0.992766 2 1.000000
1756823897.392000 0.000398 -0.008197 -0.003018 -0.115205 0.057848 -0.041002 0.990808 2 1.000000
1756823898.021000 0.000440 -0.008712 -0.002758 -0.141612 0.017579 -0.045590 0.988716 2 1.000000
1756823898.421000 0.000564 -0.008834 -0.002652 -0.181554 0.020846 -0.027929 0.982763 2 1.000000
1756823899.968000 0.000694 -0.008717 -0.001470 -0.187667 -0.022930 -0.018212 0.981796 2 1.000000
1756823900.388000 0.000763 -0.008611 -0.001050 -0.206477 -0.062162 -0.014694 0.976364 2 1.000000
1756823904.610000 0.000643 -0.007418 0.004675 -0.185391 -0.026492 0.006524 0.982286 2 1.000000
1756823907.190000 0.000328 -0.006715 0.008604 -0.178405 -0.066952 -0.008587 0.981639 2 1.000000
1756823909.121000 0.000041 -0.006209 0.010679 -0.196104 -0.104253 0.005794 0.975008 2 1.000000
1756823910.754000 -0.000634 -0.005836 0.012451 -0.189525 -0.145641 0.022003 0.970765 2 1.000000
1756823911.058000 -0.000612 -0.005784 0.012586 -0.191679 -0.190794 0.023534 0.962447 2 1.000000
1756823911.321000 -0.000505 -0.005820 0.012597 -0.190298 -0.234340 0.029083 0.952904 2 1.000000
1756823911.588000 -0.000265 -0.005859 0.012504 -0.187671 -0.279159 0.038420 0.940943 2 1.000000
1756823911.755000 -0.000049 -0.005876 0.012484 -0.186180 -0.321987 0.021018 0.928019 2 1.000000
1756823912.054000 0.000224 -0.005958 0.012455 -0.177335 -0.362293 0.014477 0.914924 2 1.000000
1756823912.654000 0.000300 -0.005937 0.012520 -0.171429 -0.402567 0.002763 0.899191 2 1.000000
1756823912.954000 0.000396 -0.005959 0.012478 -0.174417 -0.438661 -0.016151 0.881416 2 1.000000
1756823913.121000 0.000557 -0.005999 0.012423 -0.190648 -0.485128 -0.014250 0.853288 2 1.000000
1756823913.220000 0.000840 -0.006045 0.012390 -0.201353 -0.528124 -0.012407 0.824856 2 1.000000
1756823913.320000 0.000858 -0.006058 0.012372 -0.201687 -0.582205 -0.012221 0.787534 2 1.000000
1756823913.388000 0.000974 -0.006133 0.012332 -0.200079 -0.617384 -0.011394 0.760708 2 1.000000
1756823913.488000 0.000905 -0.006086 0.012416 -0.201105 -0.662492 -0.005456 0.721548 2 1.000000
1756823913.587000 0.000853 -0.006051 0.012466 -0.223290 -0.704771 -0.010016 0.673305 2 1.000000
1756823913.688000 0.000883 -0.006071 0.012460 -0.233099 -0.741427 -0.005809 0.629220 2 1.000000
1756823913.787000 0.000811 -0.006045 0.012458 -0.232984 -0.774721 -0.000388 0.587814 2 1.000000
1756823913.921000 0.000542 -0.005985 0.012283 -0.218127 -0.806301 0.000150 0.549817 2 1.000000
1756823914.122000 0.000610 -0.005986 0.012217 -0.203651 -0.834685 -0.010490 0.511584 2 1.000000
1756823914.322000 0.000483 -0.005977 0.012256 -0.202940 -0.857463 -0.017306 0.472517 2 1.000000
1756823914.534000 0.000123 -0.005945 0.011978 -0.187932 -0.879307 0.003278 0.437596 2 1.000000
1756823914.686000 0.000037 -0.006001 0.011857 -0.169770 -0.899345 0.012581 0.402738 2 1.000000
1756823914.829000 -0.000311 -0.006013 0.011393 -0.127557 -0.902332 0.042598 0.409525 2 1.000000
1756823914.952000 -0.000294 -0.005968 0.011107 -0.113790 -0.920226 0.039904 0.372349 2 1.000000
1756823915.024000 -0.000282 -0.005989 0.010994 -0.105932 -0.937256 0.026820 0.331074 2 1.000000
1756823915.142000 -0.000323 -0.006031 0.010915 -0.106861 -0.951903 0.003331 0.287141 2 1.000000
1756823915.256000 -0.000348 -0.006025 0.010748 -0.106057 -0.962031 -0.025269 0.250219 2 1.000000
1756823915.497000 -0.000392 -0.006040 0.010486 -0.108781 -0.972220 -0.026476 0.205560 2 1.000000
1756823916.051000 -0.000410 -0.006145 0.009699 -0.115455 -0.982042 -0.010584 0.148834 2 1.000000
1756823916.225000 -0.000382 -0.006184 0.009372 -0.102526 -0.987616 0.022081 0.116686 2 1.000000
1756823916.545000 -0.000255 -0.006287 0.008831 -0.144221 -0.983761 0.012973 0.106047 2 1.000000
1756823916.834000 -0.000137 -0.006412 0.008270 -0.165828 -0.973287 0.000368 0.158788 2 1.000000
1756823917.040000 -0.000065 -0.006479 0.007861 -0.209265 -0.960540 -0.000110 0.183224 2 1.000000
1756823917.278000 0.000080 -0.006608 0.007471 -0.252940 -0.953764 -0.029868 0.159573 2 1.000000
1756823917.310000 0.000091 -0.006664 0.007424 -0.296489 -0.950370 -0.004941 0.094162 2 1.000000
1756823917.389000 -0.000033 -0.006522 0.007123 -0.264472 -0.962298 0.015886 0.061519 2 1.000000
1756823917.755000 -0.000043 -0.006639 0.006708 -0.308798 -0.949938 0.003363 0.047440 2 1.000000
1756823921.944000 0.019174 0.026548 -0.028591 -0.005914 -0.011885 -0.033794 0.999341 2 1.000000
1756823924.950000 -0.008471 0.005873 0.038712 -0.051542 0.000354 -0.031342 0.998179 2 1.000000
1756823926.877000 0.022902 0.007998 -0.018803 0.035787 -0.058001 0.025439 0.997351 2 1.000000
1756823928.387000 -0.015588 -0.015282 0.025461 -0.010464 0.045803 0.058281 0.997194 2 1.000000
1756823932.668000 0.010953 -0.006111 -0.010720 -0.009658 -0.011625 -0.018889 0.999707 2 1.000000
