# ORB-SLAM3 Path Recording
# Format: timestamp tx ty tz qx qy qz qw tracking_state confidence
# Translation in meters, quaternion (x,y,z,w), timestamp in seconds
# Coordinate system: Camera frame
1756832307.905000 -0.002266 -0.014630 -0.002455 0.041285 -0.002064 0.014932 0.999034 2 1.000000
1756832309.075000 -0.000859 -0.012273 -0.000518 0.060996 -0.034078 -0.008120 0.997523 2 1.000000
1756832326.441000 -0.001843 -0.008330 -0.003569 0.052435 0.008282 -0.015960 0.998462 2 1.000000
1756832327.370000 -0.001608 -0.006244 -0.003593 0.073578 -0.030032 -0.019893 0.996639 2 1.000000
1756832329.594000 -0.001941 -0.007404 -0.004197 0.066761 -0.068873 -0.040614 0.994560 2 1.000000
1756832331.324000 -0.001947 -0.007633 -0.004229 0.077377 -0.110456 -0.046400 0.989777 2 1.000000
1756832336.253000 -0.001917 -0.008365 -0.005406 0.092178 -0.149798 -0.059598 0.982605 2 1.000000
1756832339.072000 -0.001936 -0.007651 -0.004005 0.061116 -0.136672 -0.032034 0.988210 2 1.000000
1756832339.293000 -0.007443 -0.011221 -0.011524 0.037575 -0.097909 -0.045480 0.993445 2 1.000000
1756832340.529000 -0.002243 -0.006938 -0.005884 0.081366 -0.106353 -0.023230 0.990721 2 1.000000
1756832342.895000 -0.001472 -0.005914 -0.005107 0.089348 -0.064254 -0.037820 0.993206 2 1.000000
1756832343.095000 -0.001532 -0.005865 -0.005347 0.090486 -0.012097 -0.037924 0.995102 2 1.000000
1756832343.329000 -0.001427 -0.005492 -0.005124 0.082489 0.034966 -0.035081 0.995360 2 1.000000
1756832344.596000 -0.001244 -0.004863 -0.004843 0.080997 -0.008321 -0.028861 0.996262 2 1.000000
1756832364.660000 -0.000717 -0.004228 0.000829 0.093399 -0.049478 -0.042974 0.993470 2 1.000000
1756832364.928000 -0.001039 -0.004426 0.002605 0.054558 -0.075155 -0.038809 0.994922 2 1.000000
1756832366.705000 -0.001799 -0.005456 0.002997 0.064616 -0.030874 -0.034728 0.996828 2 1.000000
1756832367.793000 -0.001972 -0.007846 0.012067 0.103649 -0.011806 -0.041395 0.993682 2 1.000000
1756832368.516000 -0.001919 -0.009873 0.024471 0.094907 0.033100 -0.040356 0.994117 2 1.000000
1756832368.893000 -0.000715 -0.011546 0.035829 0.077143 0.075017 -0.034969 0.993579 2 1.000000
1756832369.994000 0.005156 -0.015649 0.060128 0.068024 0.118121 -0.036512 0.989993 2 1.000000
1756832374.884000 0.009774 -0.024794 0.102411 0.064237 0.074716 -0.042161 0.994240 2 1.000000
1756832375.744000 0.011744 -0.029017 0.123785 0.051261 0.116247 -0.027286 0.991521 2 1.000000
1756832375.847000 0.011913 -0.029079 0.125102 0.049827 0.160555 -0.019358 0.985578 2 1.000000
1756832376.000000 0.011894 -0.029147 0.126293 0.048809 0.210654 -0.013432 0.976249 2 1.000000
1756832376.103000 0.011882 -0.029342 0.126813 0.059217 0.255252 0.000990 0.965059 2 1.000000
1756832376.181000 0.012520 -0.029560 0.126708 0.067907 0.306794 0.000882 0.949350 2 1.000000
1756832376.234000 0.011644 -0.029716 0.127355 0.067620 0.358032 -0.002550 0.931254 2 1.000000
1756832376.299000 0.011733 -0.029550 0.127327 0.060571 0.400760 0.003011 0.914174 2 1.000000
1756832376.668000 0.008622 -0.028385 0.123206 0.075168 0.443863 0.004289 0.892926 2 1.000000
1756832376.744000 0.007882 -0.027934 0.121331 0.070982 0.483676 0.005530 0.872346 2 1.000000
1756832376.799000 0.006484 -0.027519 0.119325 0.070304 0.524335 0.009256 0.848554 2 1.000000
1756832376.853000 0.005427 -0.027963 0.117212 0.052844 0.583627 0.013886 0.810182 2 1.000000
