# ORB-SLAM3 Path Recording
# Format: timestamp tx ty tz qx qy qz qw tracking_state confidence
# Translation in meters, quaternion (x,y,z,w), timestamp in seconds
# Coordinate system: Camera frame
1756819226.913000 0.000000 0.000000 0.000000 -0.000000 -0.000000 -0.000000 1.000000 1 0.500000
1756819228.078000 0.012705 -0.035572 0.009257 -0.033811 0.042319 -0.023845 0.998247 2 1.000000
1756819228.616000 0.011502 -0.035352 0.001826 -0.005484 0.007554 -0.028561 0.999548 2 1.000000
1756819228.841000 0.011539 -0.040681 -0.001799 0.037434 0.017283 -0.024991 0.998837 2 1.000000
1756819229.495000 0.010307 -0.039913 0.003392 0.006389 0.032587 0.002242 0.999446 2 1.000000
1756819229.626000 0.010002 -0.038718 0.003599 -0.006503 0.074046 -0.006289 0.997214 2 1.000000
1756819229.730000 0.008943 -0.036353 0.006104 -0.034756 0.110277 -0.015713 0.993169 2 1.000000
1756819230.503000 0.007113 -0.025734 0.011256 -0.077339 0.098739 -0.013622 0.992010 2 1.000000
1756819231.237000 0.013282 -0.016635 0.010074 -0.081263 0.059135 -0.031482 0.994439 2 1.000000
1756819231.778000 0.017304 -0.021118 0.014854 -0.106148 0.092379 -0.044951 0.989029 2 1.000000
1756819242.709000 0.005158 -0.005967 0.010343 -0.068948 0.074267 -0.032295 0.994328 2 1.000000
1756819244.147000 0.003863 -0.009304 0.007786 -0.048826 0.049578 0.003067 0.997571 2 1.000000
1756819244.513000 0.001544 -0.011488 0.008008 -0.050148 0.022923 -0.031871 0.997970 2 1.000000
1756819248.160000 0.000248 -0.011031 0.009875 -0.056808 -0.020152 -0.027417 0.997805 2 1.000000
1756819249.054000 0.000393 -0.011323 0.009634 -0.058672 0.021244 -0.045211 0.997027 2 1.000000
1756819253.509000 0.000975 -0.010604 0.012177 -0.090385 -0.002602 -0.026021 0.995564 2 1.000000
1756819259.035000 0.001584 -0.008938 0.013754 -0.057065 0.034176 0.000301 0.997785 2 1.000000
1756819260.201000 0.001504 -0.008442 0.012116 -0.033969 0.069307 -0.015343 0.996899 2 1.000000
1756819260.495000 0.001421 -0.006891 0.011392 -0.034631 0.114687 -0.013995 0.992699 2 1.000000
1756819260.614000 0.001479 -0.006836 0.011208 -0.036965 0.160042 -0.014151 0.986316 2 1.000000
1756819260.876000 0.001420 -0.006346 0.011570 -0.033553 0.202728 -0.020455 0.978446 2 1.000000
1756819261.381000 0.001249 -0.005961 0.011378 -0.034310 0.158278 -0.016502 0.986660 2 1.000000
1756819261.472000 0.001144 -0.006095 0.011174 -0.039207 0.108850 -0.024668 0.992978 2 1.000000
1756819261.539000 0.000544 -0.005983 0.011407 -0.041614 0.062210 -0.032932 0.996651 2 1.000000
1756819261.821000 -0.002802 -0.005788 0.011065 -0.038384 0.018086 -0.042532 0.998194 2 1.000000
1756819262.023000 -0.002342 -0.005871 0.009350 -0.022938 -0.023672 -0.027216 0.999086 2 1.000000
1756819264.225000 0.001500 -0.003918 0.011343 -0.035151 0.042505 -0.003353 0.998472 2 1.000000
1756819266.120000 0.002904 -0.003075 0.013314 -0.039194 0.067185 -0.041435 0.996109 2 1.000000
1756819266.323000 0.004621 -0.005493 0.010171 -0.075509 0.092718 -0.052648 0.991428 2 1.000000
1756819270.941000 0.001121 -0.001430 0.018405 -0.055583 0.055301 -0.042797 0.996002 2 1.000000
1756819272.283000 0.006045 -0.000539 0.022306 -0.046344 0.097978 -0.032746 0.993569 2 1.000000
1756819290.685000 0.006243 -0.000931 0.022543 -0.078899 0.067230 -0.041103 0.993763 2 1.000000
1756819291.890000 0.013306 -0.004755 0.031242 -0.076831 0.029943 -0.018582 0.996421 2 1.000000
1756819292.451000 0.017363 -0.005457 0.037325 -0.088660 0.068261 0.000083 0.993720 2 1.000000
1756819292.788000 0.015276 -0.004020 0.040899 -0.117045 0.067091 0.032968 0.990309 2 1.000000
1756819293.785000 0.023375 -0.003955 0.056506 -0.094190 0.097519 0.057432 0.989101 2 1.000000
1756819294.967000 0.021755 -0.001679 0.072895 -0.071897 0.134863 0.055289 0.986705 2 1.000000
1756819295.617000 0.032040 -0.003495 0.082329 -0.057100 0.096306 0.037484 0.993005 2 1.000000
1756819295.786000 0.036951 -0.004587 0.085561 -0.076998 0.051440 0.043345 0.994760 2 1.000000
1756819296.818000 0.058144 -0.002173 0.099335 -0.104843 0.015429 0.028414 0.993963 2 1.000000
1756819297.201000 0.060481 0.000209 0.107226 -0.103754 -0.027255 0.017909 0.994068 2 1.000000
1756819297.551000 0.062320 0.000611 0.114969 -0.073501 -0.058719 0.008377 0.995530 2 1.000000
1756819298.617000 0.070158 0.002763 0.126226 -0.111220 -0.031381 0.014722 0.993191 2 1.000000
1756819299.683000 0.060832 0.008435 0.134719 -0.118395 0.011851 0.017656 0.992739 2 1.000000
1756819301.218000 0.053877 0.015071 0.162693 -0.088700 0.041830 0.004117 0.995171 2 1.000000
1756819303.085000 0.042188 0.024714 0.204866 -0.088389 0.003695 -0.017631 0.995923 2 1.000000
1756819305.283000 0.034188 0.031400 0.254188 -0.089836 0.004909 -0.010368 0.995891 2 1.000000
1756819305.985000 0.038740 0.036219 0.277207 -0.074477 0.053827 -0.017252 0.995620 2 1.000000
1756819306.118000 0.038711 0.034218 0.282036 -0.076820 0.098062 -0.012107 0.992137 2 1.000000
1756819306.251000 0.039588 0.034669 0.286352 -0.073969 0.142749 -0.005450 0.986976 2 1.000000
1756819306.482000 0.041090 0.036718 0.291456 -0.057268 0.181910 -0.015679 0.981521 2 1.000000
1756819307.250000 0.053177 0.040895 0.312164 -0.084096 0.149209 -0.035618 0.984579 2 1.000000
1756819307.717000 0.054973 0.042129 0.319114 -0.088383 0.107436 -0.022219 0.990026 2 1.000000
1756819308.151000 0.053042 0.042509 0.327410 -0.058295 0.076042 -0.027703 0.995014 2 1.000000
1756819308.620000 0.057659 0.042262 0.338193 -0.015023 0.063036 -0.042147 0.997008 2 1.000000
1756819311.517000 0.066196 0.042525 0.388002 -0.005596 0.051932 -0.034993 0.998022 2 1.000000
1756819312.416000 0.074820 0.045225 0.406233 -0.006339 0.098829 -0.018697 0.994909 2 1.000000
1756819314.383000 0.090195 0.048413 0.439067 -0.004497 0.054706 -0.013436 0.998402 2 1.000000
1756819318.206000 0.094024 0.046286 0.432408 -0.024006 0.023869 0.010743 0.999369 2 1.000000
1756819319.181000 0.094277 0.046200 0.431315 -0.027913 -0.020323 0.010975 0.999343 2 1.000000
1756819319.753000 0.096451 0.045562 0.430618 -0.036647 -0.063967 0.011521 0.997212 2 1.000000
1756819321.649000 0.095848 0.044240 0.424378 -0.012191 -0.098915 0.023041 0.994754 2 1.000000
1756819322.517000 0.095377 0.044227 0.420182 -0.007215 -0.143485 0.022572 0.989369 2 1.000000
1756819324.116000 0.097503 0.044352 0.422908 -0.037214 -0.174790 0.011541 0.983835 2 1.000000
1756819324.553000 0.097259 0.044541 0.424363 -0.037285 -0.127866 0.005836 0.991073 2 1.000000
1756819325.154000 0.100072 0.045368 0.422119 -0.041744 -0.083195 0.008145 0.995625 2 1.000000
1756819326.879000 0.102918 0.045107 0.421090 -0.003622 -0.110473 0.017227 0.993723 2 1.000000
1756819327.290000 0.102716 0.044840 0.421233 -0.001438 -0.167767 0.018077 0.985660 2 1.000000
1756819327.382000 0.102358 0.044380 0.420032 0.007589 -0.216719 0.021961 0.975957 2 1.000000
1756819327.479000 0.102727 0.043858 0.420155 0.018291 -0.259769 0.034561 0.964879 2 1.000000
1756819327.547000 0.103183 0.043344 0.418078 0.025712 -0.309490 0.048791 0.949302 2 1.000000
1756819327.614000 0.103260 0.041823 0.417082 0.028712 -0.350285 0.057432 0.934440 2 1.000000
1756819327.683000 0.105308 0.044103 0.413757 0.042244 -0.409100 0.067280 0.909025 2 1.000000
1756819327.779000 0.102440 0.045944 0.412081 0.049224 -0.460565 0.077533 0.882862 2 1.000000
1756819327.815000 0.109040 0.043966 0.411595 0.034093 -0.511280 0.085392 0.854481 2 1.000000
1756819327.882000 0.108989 0.042113 0.398778 -0.005097 -0.546378 0.072694 0.834362 2 1.000000
1756819327.949000 0.100946 0.047710 0.403675 -0.033990 -0.592880 0.045897 0.803263 2 1.000000
1756819349.844000 0.016191 -0.003013 0.000898 0.009243 0.006453 0.007383 0.999909 2 1.000000
1756819351.587000 0.005612 -0.000837 -0.000708 0.013438 -0.040605 -0.002648 0.999081 2 1.000000
1756819353.331000 0.005244 -0.001053 0.000305 -0.001129 -0.005820 0.020060 0.999781 2 1.000000
1756819353.402000 0.005208 -0.001002 0.000456 -0.044583 -0.015868 0.020849 0.998662 2 1.000000
1756819356.770000 -0.025444 0.002401 -0.024811 -0.016335 0.025803 0.002442 0.999531 2 1.000000
1756819363.055000 -0.032473 0.001493 0.012996 0.024373 0.095384 0.000621 0.995142 2 1.000000
1756819364.055000 -0.012493 0.001320 0.000793 0.004241 0.052811 0.016648 0.998457 2 1.000000
1756819364.115000 -0.013275 0.001472 0.000171 0.011376 0.005189 0.014253 0.999820 2 1.000000
1756819364.172000 -0.012809 0.001942 -0.001597 0.017049 -0.040813 0.009568 0.998976 2 1.000000
1756819364.255000 -0.012308 0.001667 -0.003475 0.013747 -0.092408 0.003762 0.995619 2 1.000000
1756819364.466000 -0.014991 0.001091 -0.007747 -0.004998 -0.122895 -0.023452 0.992130 2 1.000000
1756819364.767000 0.002815 0.004737 -0.011942 -0.043163 -0.146249 -0.036156 0.987644 2 1.000000
1756819364.831000 0.002674 0.001568 -0.002178 -0.048729 -0.194194 -0.029225 0.979316 2 1.000000
1756819364.873000 0.000262 0.001809 -0.004800 -0.033673 -0.236231 -0.026310 0.970757 2 1.000000
1756819364.921000 0.003178 0.005818 -0.004487 -0.009722 -0.291150 -0.017565 0.956467 2 1.000000
1756819364.949000 0.004541 0.002358 -0.004218 0.012674 -0.329585 -0.008305 0.944004 2 1.000000
1756819365.006000 -0.003283 0.003682 -0.000720 0.022641 -0.376095 0.009860 0.926252 2 1.000000
1756819365.074000 -0.003770 0.003756 0.001568 0.019311 -0.423799 0.030655 0.905031 2 1.000000
1756819365.130000 -0.001794 0.003111 -0.000419 0.003428 -0.467959 0.039177 0.882875 2 1.000000
1756819365.185000 -0.000940 0.003458 0.005243 -0.018517 -0.503644 0.035197 0.862995 2 1.000000
1756819365.360000 -0.002984 0.003225 -0.001529 -0.033469 -0.539965 0.028773 0.840530 2 1.000000
1756819365.450000 -0.003537 0.003213 -0.001912 -0.034184 -0.576988 0.011089 0.815962 2 1.000000
1756819365.539000 -0.001133 0.002328 -0.002101 -0.048656 -0.606898 0.031342 0.792669 2 1.000000
1756819365.666000 -0.000132 0.002859 -0.002124 -0.081853 -0.626914 0.041697 0.773654 2 1.000000
1756819365.780000 -0.002613 0.002542 -0.002425 -0.067249 -0.602794 0.012905 0.794953 2 1.000000
1756819365.895000 -0.003405 0.002514 -0.002930 -0.056211 -0.646759 0.004995 0.760604 2 1.000000
1756819365.940000 -0.003983 0.002458 -0.003646 -0.051253 -0.672522 -0.021687 0.737982 2 1.000000
1756819369.956000 0.024272 0.001065 0.004384 0.019271 -0.022816 0.035457 0.998925 2 1.000000
1756819372.643000 0.006041 -0.000011 -0.000168 0.037046 -0.005823 -0.000670 0.999296 2 1.000000
1756819374.539000 0.006010 0.000072 -0.000976 0.080711 -0.005691 -0.000403 0.996721 2 1.000000
1756819375.778000 0.006134 -0.000120 0.000437 0.127171 0.012386 -0.003103 0.991799 2 1.000000
1756819375.978000 0.006196 0.000105 -0.000014 0.097706 -0.026657 0.019119 0.994675 2 1.000000
1756819422.874000 0.008008 0.000727 -0.005876 0.125794 -0.059392 0.024600 0.989971 2 1.000000
1756819423.440000 0.007568 0.000696 -0.005520 0.126186 -0.106464 0.023228 0.986004 2 1.000000
1756819423.741000 0.007423 0.000649 -0.005224 0.123572 -0.150437 0.018355 0.980695 2 1.000000
1756819424.007000 0.007094 0.000660 -0.005139 0.133440 -0.186050 -0.008308 0.973401 2 1.000000
1756819424.308000 0.007209 0.000701 -0.005323 0.127191 -0.227507 0.011175 0.965369 2 1.000000
1756819426.574000 0.006999 0.000635 -0.005125 0.124223 -0.212147 0.051773 0.967927 2 1.000000
1756819426.985000 0.007013 0.000635 -0.005082 0.122234 -0.169001 0.041031 0.977146 2 1.000000
1756819454.504000 0.007473 0.000722 -0.005462 0.103367 -0.187128 0.006238 0.976862 2 1.000000
1756819462.536000 0.007529 0.000732 -0.005490 0.076111 -0.156555 -0.006844 0.984708 2 1.000000
1756819464.933000 0.007695 0.000742 -0.005692 0.084574 -0.201449 -0.006703 0.975818 2 1.000000
1756819498.733000 0.008396 0.000813 -0.006285 0.068826 -0.161398 -0.014098 0.984386 2 1.000000
1756819522.565000 0.008610 0.000839 -0.006478 0.068713 -0.119348 -0.023737 0.990187 2 1.000000
1756819523.698000 0.009054 0.000883 -0.006796 0.077356 -0.076167 -0.025941 0.993751 2 1.000000
1756819530.364000 0.010382 0.001011 -0.007697 0.088838 -0.115138 -0.009692 0.989322 2 1.000000
1756819625.186000 0.009213 0.000864 -0.006849 0.045149 -0.114551 -0.018070 0.992226 2 1.000000
1756819625.723000 0.009091 0.000838 -0.006707 0.001618 -0.112097 -0.024635 0.993391 2 1.000000
1756819648.277000 0.007881 0.000766 -0.005919 -0.037816 -0.091726 -0.037188 0.994371 2 1.000000
1756819648.454000 0.008168 0.000655 -0.005820 -0.024884 -0.040848 -0.043398 0.997912 2 1.000000
1756819648.756000 0.008664 0.000837 -0.006519 -0.015094 0.003390 -0.049063 0.998676 2 1.000000
1756819649.388000 0.008990 0.000866 -0.006687 -0.018645 0.047480 -0.046354 0.997622 2 1.000000
1756819650.487000 0.009230 0.000893 -0.006848 0.002097 0.085535 -0.036880 0.995650 2 1.000000
1756819651.656000 0.007982 0.000885 -0.006981 -0.007354 0.127297 -0.049821 0.990585 2 1.000000
1756819652.183000 0.008678 0.000921 -0.008659 -0.021076 0.164818 -0.067563 0.983782 2 1.000000
1756819652.320000 0.004503 0.001896 -0.013766 -0.049914 0.201765 -0.065459 0.975968 2 1.000000
1756819652.420000 0.007638 0.003600 -0.009413 -0.059658 0.244853 -0.064325 0.965583 2 1.000000
1756819652.588000 0.006868 0.001278 -0.010238 -0.049331 0.289819 -0.074128 0.952931 2 1.000000
1756819653.138000 0.007387 0.001140 -0.008882 -0.035614 0.331871 -0.073566 0.939777 2 1.000000
