# ORB-SLAM3 Path Recording
# Format: timestamp tx ty tz qx qy qz qw tracking_state confidence
# Translation in meters, quaternion (x,y,z,w), timestamp in seconds
# Coordinate system: Camera frame
1756765186.093000 -0.000205 0.006433 0.002171 0.040347 -0.004514 0.018163 0.999011 2 1.000000
1756765187.175000 0.001961 0.016078 -0.016476 0.042141 0.039811 0.045530 0.997279 2 1.000000
1756765187.682000 -0.001627 0.013890 -0.010902 0.057729 0.020796 0.008631 0.998078 2 1.000000
1756765188.305000 -0.000889 0.014548 -0.011605 0.046018 0.034561 -0.031494 0.997846 2 1.000000
1756765190.599000 -0.000639 0.009640 -0.007695 0.035300 0.040992 -0.073170 0.995851 2 1.000000
1756765202.697000 -0.002285 0.009346 -0.005891 0.026915 0.004631 -0.047980 0.998475 2 1.000000
1756765202.775000 -0.002025 0.008159 -0.006182 0.012126 0.013125 -0.007147 0.999815 2 1.000000
1756765202.933000 -0.002533 0.007469 -0.006696 0.008194 -0.020683 0.026226 0.999408 2 1.000000
1756765203.175000 -0.002189 0.006924 -0.005285 -0.007969 0.024799 0.018394 0.999492 2 1.000000
1756765203.490000 -0.001507 0.007516 -0.003363 -0.049890 0.045448 0.027660 0.997337 2 1.000000
1756765204.501000 -0.000030 0.008303 -0.003348 -0.043861 0.087585 0.016771 0.995050 2 1.000000
1756765204.631000 -0.000089 0.008955 -0.003685 -0.087488 0.072060 -0.007017 0.993531 2 1.000000
1756765204.780000 -0.000167 0.008506 -0.004607 -0.106303 0.040756 0.021792 0.993259 2 1.000000
1756765204.885000 0.000093 0.008577 -0.004483 -0.055004 0.055192 -0.000845 0.996959 2 1.000000
1756765204.934000 -0.000028 0.008698 -0.004177 -0.017310 0.075540 -0.009061 0.996951 2 1.000000
1756765205.604000 0.000151 0.009530 -0.006440 -0.013545 0.032657 0.003088 0.999370 2 1.000000
1756765206.019000 0.000126 0.009693 -0.008135 0.016571 0.000715 -0.000966 0.999862 2 1.000000
1756765237.160000 0.011343 -0.005022 0.000361 0.019809 0.044644 0.007314 0.998780 2 1.000000
1756765238.763000 0.007936 -0.002797 0.001871 0.023024 0.114729 0.030800 0.992652 2 1.000000
1756765242.062000 0.013975 -0.003663 0.012587 0.032643 0.159623 0.029658 0.986192 2 1.000000
1756765242.146000 0.019573 -0.008158 0.014253 0.034342 0.217071 0.013238 0.975462 2 1.000000
1756765242.187000 0.028864 -0.010483 0.024480 0.034942 0.270257 0.020618 0.961933 2 1.000000
1756765242.249000 0.014448 0.003459 0.013584 0.078182 0.281660 0.031200 0.955815 2 1.000000
1756765242.360000 0.003883 -0.001783 0.008423 0.073146 0.331959 0.058302 0.938645 2 1.000000
1756765242.402000 -0.002646 0.002155 -0.029530 0.060456 0.373686 0.055174 0.923937 2 1.000000
1756765242.435000 0.013215 -0.011992 0.037264 0.030251 0.403456 0.062108 0.912387 2 1.000000
1756765242.505000 0.015229 -0.009224 0.039201 0.027826 0.443901 0.068509 0.893020 2 1.000000
1756765242.683000 0.015539 -0.007238 0.039902 0.023066 0.411929 0.041023 0.910000 2 1.000000
1756765242.729000 0.015467 -0.007121 0.039599 0.030970 0.360216 0.026863 0.931968 2 1.000000
1756765242.763000 0.012344 -0.007062 0.038395 0.047437 0.309267 0.014885 0.949675 2 1.000000
1756765242.795000 0.011479 -0.006935 0.037820 0.069312 0.246950 0.007838 0.966514 2 1.000000
1756765242.830000 0.011324 -0.006506 0.035660 0.080534 0.194134 0.011304 0.977598 2 1.000000
1756765242.873000 0.012563 -0.005131 0.029997 0.088042 0.141121 0.017155 0.985920 2 1.000000
1756765242.935000 0.018882 -0.005709 0.028511 0.088545 0.091653 0.018406 0.991676 2 1.000000
1756765243.174000 0.014320 -0.004699 0.029265 0.056924 0.123164 0.030174 0.990293 2 1.000000
1756765243.297000 0.016675 -0.005913 0.034907 0.057148 0.167359 0.043411 0.983280 2 1.000000
1756765243.414000 0.014132 -0.004607 0.029276 0.051866 0.120561 0.021906 0.991108 2 1.000000
1756765243.530000 0.013997 -0.004558 0.028592 0.022707 0.114341 -0.014199 0.993080 2 1.000000
1756765243.640000 0.013794 -0.004660 0.027309 0.001294 0.072399 -0.013052 0.997290 2 1.000000
1756765243.738000 0.010991 -0.005457 0.021161 -0.016559 0.116677 0.008863 0.992992 2 1.000000
1756765243.841000 -0.006346 -0.000636 0.004509 -0.056595 0.187673 0.004205 0.980591 2 1.000000
1756765243.988000 -0.007561 -0.000964 0.000251 -0.045160 0.135729 0.004930 0.989704 2 1.000000
1756765244.089000 -0.008096 -0.001540 -0.001830 -0.034545 0.096370 0.020138 0.994542 2 1.000000
1756765245.543000 0.000270 0.007574 -0.004206 -0.061531 0.089827 -0.013510 0.993963 2 1.000000
1756765252.260000 -0.000385 0.007844 -0.005594 -0.050228 0.047315 -0.019895 0.997418 2 1.000000
1756765262.679000 0.030117 -0.014100 -0.001595 0.003946 -0.007061 -0.018026 0.999805 2 1.000000
1756765267.224000 0.015288 -0.004424 0.006590 0.002974 0.037113 -0.021181 0.999082 2 1.000000
1756765267.715000 0.002952 0.007424 -0.004919 -0.019264 0.136238 -0.003310 0.990483 2 1.000000
1756765268.119000 0.002987 0.008051 -0.002538 -0.029750 0.094092 -0.011712 0.995050 2 1.000000
1756765270.394000 -0.000460 0.008587 -0.002370 -0.030070 0.050116 -0.015729 0.998167 2 1.000000
1756765270.748000 0.003191 0.008733 -0.002448 -0.030184 0.093883 -0.020447 0.994915 2 1.000000
1756765272.395000 -0.001058 0.008103 -0.001884 -0.029745 0.047112 -0.013411 0.998357 2 1.000000
1756765272.694000 -0.005065 0.008266 -0.002358 -0.029875 0.001497 -0.017558 0.999398 2 1.000000
1756765273.660000 -0.000135 0.007288 -0.002575 -0.022401 0.045671 -0.013715 0.998611 2 1.000000
1756765274.096000 0.003429 0.006849 -0.002899 -0.017806 0.088991 -0.006862 0.995850 2 1.000000
1756765275.096000 0.000975 0.006657 -0.002604 0.000143 0.049174 -0.006886 0.998766 2 1.000000
1756765302.333000 0.000897 0.007027 -0.002719 -0.006839 0.002972 -0.018106 0.999808 2 1.000000
1756765302.425000 0.000276 0.006987 -0.002661 -0.023379 -0.039587 -0.003460 0.998937 2 1.000000
1756765302.531000 0.000305 0.006765 -0.003209 -0.015762 -0.091892 0.007094 0.995619 2 1.000000
1756765302.811000 0.000363 0.006323 -0.004274 -0.021492 -0.139174 0.017128 0.989886 2 1.000000
1756765302.963000 0.000018 0.006317 -0.004762 -0.017236 -0.185515 0.018668 0.982313 2 1.000000
1756765303.225000 -0.000440 0.006327 -0.005171 -0.019056 -0.232424 0.019875 0.972225 2 1.000000
1756765303.495000 -0.000509 0.006310 -0.005602 -0.016888 -0.275251 0.019658 0.961023 2 1.000000
1756765303.826000 -0.000750 0.006738 -0.006048 -0.014435 -0.317709 0.012429 0.947997 2 1.000000
1756765304.392000 -0.001007 0.007105 -0.006036 -0.007571 -0.359156 0.003819 0.933239 2 1.000000
1756765304.858000 -0.000843 0.007366 -0.006546 0.001828 -0.401236 0.004393 0.915962 2 1.000000
1756765308.391000 -0.000831 0.007560 -0.006450 0.012496 -0.437231 -0.013543 0.899161 2 1.000000
1756765314.527000 -0.000528 0.007586 -0.006774 0.017137 -0.393777 -0.023312 0.918751 2 1.000000
1756765315.032000 -0.000793 0.007428 -0.006187 0.011649 -0.348767 -0.029511 0.936672 2 1.000000
1756765316.006000 -0.000089 0.007741 -0.005069 0.018260 -0.307947 -0.032974 0.950657 2 1.000000
1756765318.558000 -0.000036 0.007735 -0.005115 0.017874 -0.261378 -0.036348 0.964386 2 1.000000
1756765318.791000 -0.000053 0.007728 -0.005153 0.024221 -0.218348 -0.041402 0.974692 2 1.000000
1756765319.159000 -0.000017 0.007737 -0.005204 0.038401 -0.174423 -0.041323 0.983054 2 1.000000
1756765319.424000 0.000003 0.007630 -0.005196 0.023387 -0.132337 -0.041072 0.990077 2 1.000000
1756765322.409000 -0.002390 0.009510 -0.005143 -0.009002 -0.148132 -0.016724 0.988785 2 1.000000
1756765340.973000 -0.003068 0.009722 -0.008086 -0.013295 -0.104972 -0.010373 0.994332 2 1.000000
1756765344.959000 -0.002217 0.005786 -0.006096 -0.001813 -0.063691 -0.021976 0.997726 2 1.000000
1756765345.488000 -0.000703 0.005632 -0.005620 -0.009040 -0.019459 -0.022629 0.999514 2 1.000000
1756765345.925000 0.001789 0.005535 -0.005320 -0.013711 0.024739 -0.022968 0.999336 2 1.000000
1756765346.311000 0.004062 0.005733 -0.005165 -0.017697 0.070456 -0.020947 0.997138 2 1.000000
1756765346.725000 0.006554 0.005478 -0.005647 -0.017704 0.114902 -0.019956 0.993019 2 1.000000
1756765347.021000 0.008475 0.005221 -0.005706 -0.012820 0.160064 -0.020524 0.986810 2 1.000000
1756765347.622000 0.011080 0.005119 -0.006248 -0.007410 0.203243 -0.021799 0.978858 2 1.000000
1756765359.861000 0.012325 0.005345 -0.006819 0.025526 0.229188 -0.009722 0.972999 2 1.000000
1756765365.507000 0.014544 0.005709 -0.007843 -0.001112 0.261286 -0.024387 0.964953 2 1.000000
1756765371.319000 0.015157 0.004964 -0.007985 0.014028 0.294262 -0.047939 0.954418 2 1.000000
1756765378.092000 0.025868 0.004395 0.008223 0.054209 0.274624 -0.049024 0.958770 2 1.000000
1756765378.385000 0.028703 0.000783 0.018543 0.039470 0.234607 -0.041502 0.970402 2 1.000000
1756765378.626000 0.030130 -0.000574 0.022317 0.054099 0.188872 -0.037168 0.979806 2 1.000000
1756765378.922000 0.028141 -0.013907 0.025097 0.062273 0.146380 -0.022093 0.987019 2 1.000000
1756765379.121000 0.025960 -0.022333 0.021632 0.038489 0.154521 0.019539 0.987046 2 1.000000
1756765379.525000 0.024163 -0.035880 0.015237 0.052970 0.195708 0.029917 0.978773 2 1.000000
1756765380.352000 0.022460 -0.042748 0.013777 0.079143 0.157853 0.014572 0.984178 2 1.000000
1756765381.888000 0.010239 -0.046934 0.063380 0.056945 0.173148 -0.008769 0.983209 2 1.000000
1756765382.850000 0.019192 -0.050712 0.094373 0.069027 0.132451 -0.021233 0.988555 2 1.000000
1756765383.436000 0.026588 -0.050367 0.118823 0.069176 0.089751 -0.013178 0.993472 2 1.000000
1756765383.924000 0.030641 -0.051912 0.149413 0.061985 0.046379 -0.010767 0.996941 2 1.000000
1756765384.217000 0.032083 -0.051771 0.164578 0.065892 0.003023 0.002330 0.997819 2 1.000000
1756765384.542000 0.027660 -0.050616 0.183302 0.061421 -0.042195 -0.001775 0.997218 2 1.000000
1756765385.436000 0.013366 -0.052176 0.231604 0.057348 -0.009599 0.003200 0.998303 2 1.000000
1756765386.370000 -0.005146 -0.051392 0.279689 0.025297 -0.000559 -0.015895 0.999554 2 1.000000
1756765387.186000 -0.023748 -0.050257 0.322388 -0.004304 -0.029268 -0.037181 0.998871 2 1.000000
1756765387.418000 -0.032183 -0.049654 0.334378 -0.005395 -0.074403 -0.036388 0.996550 2 1.000000
1756765387.851000 -0.048205 -0.051435 0.355450 -0.018143 -0.036616 -0.013663 0.999071 2 1.000000
1756765388.514000 -0.061569 -0.051990 0.376953 -0.013561 -0.025730 -0.055990 0.998008 2 1.000000
1756765389.450000 -0.071595 -0.053362 0.381887 -0.008900 0.009635 -0.029597 0.999476 2 1.000000
1756765390.152000 -0.072304 -0.053381 0.382562 -0.022419 0.052360 -0.020152 0.998173 2 1.000000
1756765390.312000 -0.071639 -0.053605 0.381842 -0.023057 0.102666 -0.030474 0.993982 2 1.000000
1756765390.517000 -0.071337 -0.053753 0.381815 -0.024436 0.148554 -0.036072 0.987944 2 1.000000
1756765391.097000 -0.071808 -0.053803 0.381367 -0.050695 0.164715 -0.004984 0.985025 2 1.000000
1756765393.014000 -0.071417 -0.052642 0.375824 -0.018205 0.141553 -0.027700 0.989376 2 1.000000
1756765393.150000 -0.070983 -0.051829 0.370359 0.000880 0.102807 -0.025535 0.994373 2 1.000000
1756765394.016000 -0.059263 -0.050439 0.336174 -0.016809 0.067149 -0.045071 0.996583 2 1.000000
1756765394.383000 -0.053833 -0.054068 0.314437 -0.038436 0.031107 -0.031094 0.998293 2 1.000000
1756765395.443000 -0.040775 -0.057556 0.264791 -0.043650 0.051152 -0.044319 0.996752 2 1.000000
1756765395.712000 -0.038893 -0.059903 0.253365 -0.044734 0.090037 -0.019771 0.994737 2 1.000000
1756765396.085000 -0.035907 -0.064949 0.234191 -0.035872 0.044750 -0.022186 0.998107 2 1.000000
1756765396.817000 -0.036349 -0.068063 0.203261 -0.055243 0.082396 -0.039700 0.994275 2 1.000000
1756765397.885000 -0.033149 -0.079236 0.157105 -0.089219 0.110476 -0.026184 0.989520 2 1.000000
1756765398.317000 -0.036310 -0.082568 0.147445 -0.075817 0.154787 -0.018188 0.984867 2 1.000000
1756765398.583000 -0.040762 -0.084415 0.142501 -0.082299 0.200069 -0.024010 0.976024 2 1.000000
1756765398.885000 -0.042488 -0.084978 0.137283 -0.095602 0.242590 -0.026588 0.965041 2 1.000000
1756765400.215000 -0.042361 -0.087665 0.124650 -0.091157 0.215695 0.007689 0.972166 2 1.000000
1756765402.550000 -0.035808 -0.081690 0.139761 -0.122248 0.243313 0.022025 0.961961 2 1.000000
1756765402.785000 -0.031966 -0.080579 0.150371 -0.129771 0.289327 0.028021 0.947979 2 1.000000
1756765403.053000 -0.027497 -0.080202 0.161272 -0.144779 0.335227 0.027970 0.930527 2 1.000000
1756765403.950000 0.003299 -0.075004 0.202076 -0.147084 0.342440 0.054942 0.926328 2 1.000000
1756765404.351000 0.021142 -0.072197 0.224545 -0.133715 0.382558 0.064186 0.911949 2 1.000000
1756765405.117000 0.062592 -0.067396 0.254429 -0.139945 0.371343 0.060379 0.915901 2 1.000000
1756765405.925000 0.102990 -0.064011 0.286401 -0.135832 0.383875 0.066531 0.910913 2 1.000000
1756765406.282000 0.124328 -0.062001 0.299517 -0.146271 0.348706 0.043244 0.924737 2 1.000000
1756765406.510000 0.130920 -0.061510 0.306005 -0.151125 0.306482 0.039871 0.938957 2 1.000000
1756765406.749000 0.144543 -0.059417 0.319881 -0.146564 0.260262 0.044970 0.953289 2 1.000000
1756765407.050000 0.158077 -0.059803 0.334184 -0.133882 0.219202 0.049956 0.965158 2 1.000000
1756765407.484000 0.171732 -0.056420 0.348757 -0.125332 0.169887 0.045443 0.976404 2 1.000000
1756765407.718000 0.177033 -0.053717 0.354927 -0.133587 0.127990 0.031454 0.982234 2 1.000000
1756765408.413000 0.191566 -0.042879 0.377659 -0.149997 0.087705 0.027471 0.984405 2 1.000000
1756765408.922000 0.203396 -0.039360 0.395489 -0.129508 0.048045 0.027656 0.990027 2 1.000000
1756765409.224000 0.214234 -0.036748 0.408376 -0.132487 0.006920 0.013573 0.991068 2 1.000000
1756765409.647000 0.222955 -0.032262 0.427584 -0.127396 -0.038686 0.016846 0.990954 2 1.000000
1756765410.581000 0.239089 -0.031710 0.468983 -0.121834 -0.082814 0.017616 0.988933 2 1.000000
1756765411.081000 0.249293 -0.033220 0.490266 -0.131679 -0.122634 -0.003227 0.983672 2 1.000000
1756765411.326000 0.251271 -0.034209 0.499691 -0.134102 -0.166269 -0.013486 0.976826 2 1.000000
1756765411.626000 0.255236 -0.035307 0.508468 -0.136129 -0.213065 0.003820 0.967501 2 1.000000
1756765412.079000 0.263222 -0.036588 0.521983 -0.132547 -0.253874 -0.013811 0.958013 2 1.000000
1756765412.576000 0.268470 -0.037362 0.531552 -0.154908 -0.291655 -0.012813 0.943810 2 1.000000
1756765413.210000 0.268314 -0.038790 0.531697 -0.152419 -0.334053 -0.013019 0.930058 2 1.000000
1756765414.004000 0.269874 -0.039912 0.528910 -0.145641 -0.375783 -0.009949 0.915138 2 1.000000
1756765414.510000 0.275263 -0.040565 0.530723 -0.142217 -0.412737 -0.028495 0.899228 2 1.000000
1756765415.144000 0.276024 -0.040835 0.530964 -0.153823 -0.451059 -0.030686 0.878603 2 1.000000
1756765415.744000 0.276167 -0.040769 0.531218 -0.155725 -0.491019 -0.044786 0.855946 2 1.000000
1756765416.107000 0.277489 -0.040924 0.531009 -0.140168 -0.523636 -0.064422 0.837859 2 1.000000
1756765416.814000 0.280175 -0.041591 0.530934 -0.147214 -0.559466 -0.053041 0.813949 2 1.000000
1756765417.110000 0.280811 -0.041633 0.530949 -0.140441 -0.596301 -0.060254 0.788081 2 1.000000
1756765417.322000 0.280877 -0.041601 0.530989 -0.136470 -0.633190 -0.070691 0.758583 2 1.000000
1756765417.512000 0.281684 -0.041739 0.531059 -0.131829 -0.667931 -0.082843 0.727754 2 1.000000
1756765417.777000 0.281585 -0.041841 0.530607 -0.128705 -0.701357 -0.085776 0.695828 2 1.000000
1756765418.078000 0.282658 -0.042116 0.530487 -0.137021 -0.730399 -0.087364 0.663408 2 1.000000
1756765418.559000 0.283495 -0.042724 0.530382 -0.131593 -0.759701 -0.094762 0.629728 2 1.000000
1756765418.746000 0.283895 -0.042900 0.530481 -0.127364 -0.788398 -0.095743 0.594172 2 1.000000
1756765418.948000 0.283915 -0.042788 0.530708 -0.118101 -0.819759 -0.095730 0.552162 2 1.000000
1756765436.741000 -0.017517 0.002507 0.005054 0.024858 -0.013728 -0.003739 0.999590 2 1.000000
1756765441.260000 -0.007525 0.000796 0.003964 0.022917 -0.056721 0.002886 0.998123 2 1.000000
1756765447.761000 -0.007104 0.000757 0.004053 0.029987 -0.013313 0.001175 0.999461 2 1.000000
1756765449.129000 -0.007805 0.000841 0.004564 -0.004066 0.013658 -0.004504 0.999888 2 1.000000
1756765449.740000 -0.008119 0.004386 0.028625 -0.039962 0.000372 0.032608 0.998669 2 1.000000
1756765449.816000 -0.007996 0.005094 0.034518 -0.072876 0.005543 0.063182 0.995322 2 1.000000
1756765449.945000 -0.006912 0.003951 0.039722 -0.121197 0.010641 0.061872 0.990641 2 1.000000
