# ORB-SLAM3 Path Recording
# Format: timestamp tx ty tz qx qy qz qw tracking_state confidence
# Translation in meters, quaternion (x,y,z,w), timestamp in seconds
# Coordinate system: Camera frame
1756775311.473000 0.108327 0.197826 -0.325827 0.125053 0.068744 -0.100043 0.984697 3 0.500000
1756775315.418000 0.041401 0.016432 0.026631 -0.017046 0.028742 0.047827 0.998297 2 1.000000
1756775315.577000 0.046909 0.013842 0.029114 -0.040361 0.065807 0.054146 0.995544 2 1.000000
1756775315.628000 0.041259 0.012235 0.028733 -0.062185 0.115822 0.051561 0.989980 2 1.000000
1756775315.678000 0.047526 0.014902 0.035984 -0.078626 0.158109 0.046673 0.983179 2 1.000000
1756775315.727000 0.041471 0.013237 0.040181 -0.098068 0.204387 0.047633 0.972800 2 1.000000
1756775315.773000 0.045753 0.017913 0.060757 -0.109318 0.250562 0.038998 0.961118 2 1.000000
1756775315.820000 0.063242 0.021994 0.083504 -0.100916 0.299174 0.014429 0.948737 2 1.000000
1756775315.950000 0.084408 0.025201 0.128576 -0.084521 0.253014 0.040463 0.962914 2 1.000000
1756775316.048000 0.073765 0.034025 0.153273 -0.127054 0.245416 0.050307 0.959738 2 1.000000
1756775316.100000 0.085054 0.038526 0.164681 -0.128276 0.295049 0.062875 0.944742 2 1.000000
1756775316.162000 0.103305 0.056441 0.202239 -0.149766 0.267807 0.104001 0.946062 2 1.000000
1756775316.200000 0.102510 0.049594 0.206143 -0.180875 0.228254 0.109044 0.950418 2 1.000000
1756775316.240000 0.105123 0.048328 0.220874 -0.188955 0.183501 0.116802 0.957591 2 1.000000
1756775316.293000 0.105405 0.053064 0.230400 -0.185311 0.140823 0.105489 0.966799 2 1.000000
1756775316.334000 0.107511 0.059406 0.244420 -0.171384 0.102411 0.086232 0.976065 2 1.000000
1756775316.477000 0.114922 0.067175 0.295914 -0.187321 0.139159 0.068259 0.969993 2 1.000000
1756775316.534000 0.102577 0.064145 0.309934 -0.210714 0.103327 0.098983 0.967019 2 1.000000
1756775316.576000 0.105398 0.068404 0.322697 -0.207009 0.054354 0.099550 0.971742 2 1.000000
1756775316.618000 0.106323 0.071945 0.336647 -0.205393 0.008905 0.088183 0.974658 2 1.000000
1756775316.659000 0.102886 0.072390 0.349377 -0.193780 -0.039699 0.077979 0.977135 2 1.000000
1756775316.707000 0.100165 0.071322 0.366215 -0.188567 -0.094118 0.064098 0.975436 2 1.000000
1756775316.751000 0.100497 0.070898 0.379013 -0.168855 -0.130408 0.050251 0.975683 2 1.000000
1756775316.795000 0.098893 0.075735 0.385787 -0.163926 -0.185150 0.041813 0.968039 2 1.000000
1756775316.898000 0.098134 0.076797 0.401603 -0.178969 -0.228313 0.040541 0.956138 2 1.000000
1756775317.017000 0.081539 0.080581 0.433176 -0.189371 -0.173464 0.026699 0.966093 2 1.000000
1756775317.045000 0.080673 0.075162 0.437791 -0.175498 -0.132792 0.016118 0.975350 2 1.000000
1756775317.215000 0.069193 0.078808 0.453065 -0.141749 -0.154575 0.040221 0.976932 2 1.000000
1756775317.278000 0.070308 0.075604 0.458270 -0.135305 -0.205393 0.038691 0.968509 2 1.000000
1756775317.327000 0.068452 0.075518 0.467430 -0.132907 -0.251240 0.034487 0.958136 2 1.000000
1756775317.358000 0.069804 0.077464 0.472027 -0.136004 -0.299173 0.027255 0.944064 2 1.000000
1756775317.415000 0.067998 0.075033 0.480517 -0.111486 -0.343517 0.037861 0.931737 2 1.000000
1756775317.469000 0.065255 0.075394 0.483231 -0.099854 -0.389367 0.036695 0.914919 2 1.000000
1756775317.567000 0.061895 0.076175 0.488252 -0.105087 -0.434580 0.033195 0.893865 2 1.000000
1756775317.639000 0.063527 0.076943 0.485920 -0.105839 -0.472363 0.022647 0.874733 2 1.000000
1756775317.709000 0.072041 0.079113 0.480619 -0.097872 -0.514467 0.005356 0.851890 2 1.000000
1756775317.765000 0.074612 0.080955 0.473879 -0.094655 -0.552421 -0.024395 0.827814 2 1.000000
1756775317.791000 0.080984 0.076488 0.471154 -0.106962 -0.588861 -0.043952 0.799919 2 1.000000
1756775317.830000 0.085575 0.086213 0.464957 -0.095255 -0.623724 -0.077223 0.771966 2 1.000000
1756775317.869000 0.090810 0.084679 0.464596 -0.100806 -0.666532 -0.089339 0.733207 2 1.000000
1756775323.177000 0.016984 -0.002017 0.001742 0.003109 0.024657 0.012606 0.999612 2 1.000000
1756775323.435000 0.041746 -0.002147 -0.001939 0.010661 -0.018177 0.001567 0.999777 2 1.000000
1756775324.603000 0.063794 -0.007522 0.012657 0.005534 0.014011 0.030723 0.999414 2 1.000000
1756775325.006000 0.070856 -0.010732 0.013571 0.012011 0.056046 0.043038 0.997428 2 1.000000
1756775328.316000 0.060271 -0.010376 0.010288 0.014567 0.010977 0.031914 0.999324 2 1.000000
1756775329.980000 0.054976 -0.008912 0.008553 0.035615 -0.019767 0.008769 0.999132 2 1.000000
1756775341.725000 0.093732 -0.007787 0.024048 -0.001306 -0.045312 0.011325 0.998908 2 1.000000
1756775342.414000 0.069402 -0.009856 0.023379 0.022737 -0.007151 0.003894 0.999708 2 1.000000
1756775343.296000 0.021218 -0.009908 0.023822 0.023003 -0.051135 -0.006345 0.998407 2 1.000000
1756775349.718000 0.003757 -0.009188 0.006682 0.051168 -0.084249 -0.024532 0.994828 2 1.000000
1756775349.884000 0.000425 -0.011376 0.004104 0.069104 -0.129518 -0.033466 0.988600 2 1.000000
1756775350.017000 0.002449 -0.006508 -0.003325 0.074420 -0.183669 -0.044426 0.979160 2 1.000000
1756775350.184000 0.000533 -0.006477 -0.010925 0.075213 -0.234610 -0.057285 0.967481 2 1.000000
1756775350.859000 -0.002509 -0.007078 -0.005928 0.072558 -0.186709 -0.057357 0.978052 2 1.000000
1756775350.985000 0.000416 -0.007609 -0.001271 0.070071 -0.142200 -0.047750 0.986199 2 1.000000
1756775351.185000 0.001313 -0.009466 0.003720 0.066408 -0.100605 -0.035890 0.992059 2 1.000000
1756775351.412000 0.006896 -0.009447 0.007907 0.062012 -0.058062 -0.020338 0.996178 2 1.000000
1756775351.850000 0.004267 -0.008945 0.004890 0.040828 -0.110293 -0.017989 0.992897 2 1.000000
1756775351.984000 0.003624 -0.008735 0.001463 0.038901 -0.153725 -0.027222 0.986972 2 1.000000
1756775352.717000 0.006747 -0.009155 0.000687 0.069458 -0.117089 -0.031462 0.990190 2 1.000000
1756775353.117000 0.009738 -0.008548 0.004116 0.060897 -0.077580 -0.014950 0.995012 2 1.000000
1756775357.550000 0.006781 -0.009353 0.003477 0.043918 -0.114204 -0.036074 0.991830 2 1.000000
1756775357.617000 0.000837 -0.003620 0.002944 0.034536 -0.158912 -0.033506 0.986120 2 1.000000
1756775357.684000 -0.003094 -0.004154 -0.001494 0.022189 -0.203689 -0.036922 0.978088 2 1.000000
1756775357.784000 -0.001299 -0.006003 0.001712 0.012972 -0.257431 -0.041557 0.965316 2 1.000000
1756775358.050000 -0.001442 -0.008324 -0.003149 0.028516 -0.296441 -0.055932 0.952985 2 1.000000
1756775358.776000 0.003701 -0.009923 -0.002696 0.040357 -0.250057 -0.060521 0.965495 2 1.000000
1756775358.944000 0.005602 -0.010924 -0.000790 0.041015 -0.192295 -0.056187 0.978868 2 1.000000
1756775358.984000 0.008224 -0.010006 0.000200 0.048462 -0.142416 -0.044315 0.987626 2 1.000000
1756775359.030000 0.008501 -0.011658 0.002858 0.049974 -0.097961 -0.031395 0.993439 2 1.000000
1756775359.156000 0.007420 -0.010300 0.006575 0.049227 -0.056662 -0.013499 0.997088 2 1.000000
1756775359.341000 0.009979 -0.008801 0.007257 0.044825 -0.010266 0.007721 0.998912 2 1.000000
1756775359.873000 0.018602 -0.015256 0.020620 0.060923 -0.051285 0.016590 0.996686 2 1.000000
1756775360.116000 0.024227 -0.016918 0.033019 0.053178 -0.072231 -0.020921 0.995750 2 1.000000
1756775362.108000 0.031104 -0.015309 0.043649 0.032427 -0.037279 -0.005473 0.998764 2 1.000000
1756775368.400000 0.019807 -0.008973 0.017350 0.051735 0.001487 -0.009641 0.998613 2 1.000000
1756775373.419000 0.045559 -0.015418 0.037454 0.071989 -0.036889 -0.013068 0.996637 2 1.000000
1756775374.052000 0.053721 -0.016972 0.055667 0.064096 -0.077303 -0.037007 0.994257 2 1.000000
1756775376.785000 0.054470 -0.017460 0.061979 0.061542 -0.121641 -0.038000 0.989935 2 1.000000
1756775378.285000 0.059754 -0.018477 0.073499 0.058963 -0.080878 -0.023334 0.994705 2 1.000000
1756775379.152000 0.058943 -0.017826 0.071837 0.059652 -0.038171 -0.036741 0.996812 2 1.000000
1756775379.586000 0.046510 -0.022417 0.059446 0.084624 -0.002231 -0.023903 0.996124 2 1.000000
1756775379.884000 0.035248 -0.021521 0.053233 0.080200 0.043030 -0.024495 0.995548 2 1.000000
1756775380.271000 0.028965 -0.023817 0.064919 0.052557 0.078515 -0.018881 0.995347 2 1.000000
1756775380.618000 0.030121 -0.034205 0.115130 0.025265 0.074036 0.011140 0.996873 2 1.000000
1756775381.053000 0.036669 -0.049667 0.163911 0.031127 0.062965 0.024245 0.997236 2 1.000000
1756775381.319000 0.030348 -0.058288 0.186673 0.052576 0.099949 0.035050 0.992984 2 1.000000
1756775381.588000 0.018719 -0.067921 0.211204 0.048374 0.146716 0.048622 0.986798 2 1.000000
1756775382.119000 0.009727 -0.073485 0.238874 0.022392 0.183563 0.046619 0.981646 2 1.000000
1756775382.520000 0.020039 -0.079067 0.262657 0.026772 0.141250 0.056703 0.987986 2 1.000000
1756775382.953000 0.054249 -0.092399 0.296911 0.042195 0.135224 0.068987 0.987509 2 1.000000
1756775383.385000 0.057492 -0.097248 0.322120 0.040308 0.179787 0.069766 0.980400 2 1.000000
1756775383.820000 0.046253 -0.106217 0.342860 0.041433 0.219985 0.083599 0.971031 2 1.000000
1756775384.919000 0.085642 -0.113424 0.375113 0.047558 0.227422 0.069717 0.970132 2 1.000000
1756775385.904000 0.121936 -0.123098 0.410974 0.040663 0.232965 0.079719 0.968359 2 1.000000
1756775386.386000 0.110810 -0.140099 0.457491 0.044111 0.243762 0.076421 0.965813 2 1.000000
1756775386.952000 0.108256 -0.147195 0.482533 0.037863 0.200039 0.067469 0.976729 2 1.000000
1756775387.186000 0.113595 -0.149038 0.493729 0.037976 0.151571 0.074584 0.984897 2 1.000000
1756775387.420000 0.125947 -0.151366 0.510238 0.022437 0.115089 0.054795 0.991589 2 1.000000
1756775387.619000 0.138860 -0.156416 0.518300 0.018804 0.068872 0.045921 0.996391 2 1.000000
1756775387.789000 0.141761 -0.158890 0.524332 0.017402 0.021818 0.046975 0.998506 2 1.000000
1756775387.956000 0.144913 -0.160300 0.532592 0.016083 -0.022509 0.042419 0.998717 2 1.000000
1756775388.353000 0.135943 -0.167207 0.554690 0.023055 -0.054070 0.009360 0.998227 2 1.000000
1756775388.886000 0.120012 -0.177459 0.583415 0.040499 -0.079851 -0.026237 0.995638 2 1.000000
1756775389.226000 0.118337 -0.183982 0.605034 0.040299 -0.120082 -0.049596 0.990705 2 1.000000
1756775389.519000 0.126951 -0.192287 0.637277 0.038894 -0.168239 -0.060715 0.983105 2 1.000000
1756775389.977000 0.139429 -0.205079 0.669077 0.033775 -0.211469 -0.048413 0.975601 2 1.000000
1756775390.660000 0.120040 -0.218975 0.713069 0.033018 -0.213273 -0.053386 0.974974 2 1.000000
1756775391.219000 0.101945 -0.228738 0.747795 0.024980 -0.255177 -0.068146 0.964166 2 1.000000
1756775391.487000 0.100542 -0.234527 0.775848 0.033049 -0.293899 -0.088091 0.951195 2 1.000000
1756775391.653000 0.103185 -0.244689 0.798714 0.026264 -0.334083 -0.099634 0.936895 2 1.000000
1756775391.909000 0.100620 -0.253058 0.821636 0.022561 -0.376431 -0.109954 0.919620 2 1.000000
1756775392.552000 0.075451 -0.261663 0.864341 0.032463 -0.403410 -0.128502 0.905369 2 1.000000
1756775393.120000 0.043956 -0.276615 0.902390 0.036842 -0.438634 -0.140437 0.886860 2 1.000000
1756775393.387000 0.036778 -0.283608 0.931677 0.041560 -0.469843 -0.165640 0.866074 2 1.000000
1756775393.619000 0.031963 -0.293520 0.954812 0.035450 -0.506182 -0.173205 0.844111 2 1.000000
1756775393.987000 0.020485 -0.299012 0.974624 0.026349 -0.542620 -0.171276 0.821908 2 1.000000
1756775394.686000 -0.020014 -0.309435 0.999133 0.038592 -0.574704 -0.190121 0.795035 2 1.000000
1756775394.952000 -0.026408 -0.315034 1.017519 0.042517 -0.611473 -0.196875 0.765202 2 1.000000
1756775395.153000 -0.027751 -0.318943 1.042443 0.057007 -0.642214 -0.206436 0.736000 2 1.000000
1756775395.486000 -0.025027 -0.329086 1.069092 0.044774 -0.673056 -0.218126 0.705274 2 1.000000
1756775395.987000 -0.003170 -0.339469 1.083875 0.033768 -0.704108 -0.210354 0.677380 2 1.000000
1756775396.354000 0.022618 -0.344136 1.092654 0.035707 -0.726448 -0.233810 0.645238 2 1.000000
1756775396.687000 0.039888 -0.353875 1.105094 0.041829 -0.758638 -0.226246 0.609535 2 1.000000
1756775396.987000 0.053556 -0.362283 1.132283 0.038438 -0.779957 -0.244969 0.574613 2 1.000000
1756775397.253000 0.063093 -0.369003 1.153273 0.032713 -0.800230 -0.265338 0.536804 2 1.000000
1756775397.812000 0.080116 -0.373738 1.169741 0.032962 -0.825712 -0.258751 0.500160 2 1.000000
1756775398.519000 0.094786 -0.372869 1.179556 0.046062 -0.846118 -0.258218 0.463990 2 1.000000
1756775398.820000 0.076429 -0.370647 1.177166 0.044112 -0.863992 -0.268021 0.423953 2 1.000000
1756775399.086000 0.048092 -0.370117 1.180250 0.049365 -0.876994 -0.284630 0.383967 2 1.000000
1756775399.456000 0.012471 -0.369676 1.185258 0.043461 -0.893311 -0.287843 0.342422 2 1.000000
1756775399.986000 -0.024435 -0.356713 1.153933 0.051090 -0.891489 -0.293463 0.341344 2 1.000000
1756775400.425000 -0.051381 -0.346313 1.111478 0.048324 -0.898154 -0.287584 0.329059 2 1.000000
1756775400.853000 -0.092898 -0.334782 1.085110 0.041039 -0.912449 -0.287459 0.288306 2 1.000000
1756775401.186000 -0.141036 -0.332335 1.070340 0.049941 -0.916192 -0.302971 0.257500 2 1.000000
1756775401.786000 -0.182931 -0.324024 1.046823 0.035318 -0.927286 -0.303403 0.216428 2 1.000000
1756775402.233000 -0.207355 -0.320857 1.022561 0.043810 -0.935776 -0.305625 0.170286 2 1.000000
1756775402.454000 -0.225209 -0.320142 1.016538 0.028669 -0.944185 -0.305562 0.119683 2 1.000000
1756775402.622000 -0.239519 -0.316898 1.013712 0.033775 -0.950572 -0.299587 0.074294 2 1.000000
1756775402.717000 -0.253848 -0.317594 1.015255 0.042901 -0.952151 -0.301504 0.025757 2 1.000000
1756775402.921000 -0.278220 -0.318113 1.017005 -0.046118 0.950349 0.307224 0.017995 2 1.000000
1756775403.889000 -0.303080 -0.318592 1.015104 -0.030088 0.953559 0.294050 0.057914 2 1.000000
1756775404.088000 -0.317180 -0.321533 1.012638 -0.028979 0.952727 0.283607 0.105063 2 1.000000
1756775404.253000 -0.333641 -0.319131 1.011959 -0.036278 0.946941 0.278515 0.156257 2 1.000000
1756775404.987000 -0.375465 -0.330228 1.015036 -0.026244 0.947636 0.254020 0.191758 2 1.000000
1756775412.120000 -0.361945 -0.315472 0.968298 -0.013634 0.940643 0.264817 0.211840 2 1.000000
1756775412.722000 -0.336790 -0.300936 0.923921 -0.018141 0.945709 0.263582 0.189290 2 1.000000
1756775413.087000 -0.332822 -0.281393 0.877186 -0.008885 0.937673 0.271177 0.217150 2 1.000000
1756775413.488000 -0.329858 -0.261275 0.827405 -0.015532 0.930617 0.275402 0.240549 2 1.000000
1756775413.886000 -0.309300 -0.241702 0.786060 -0.022449 0.936453 0.268195 0.224997 2 1.000000
1756775414.220000 -0.279787 -0.231827 0.746884 -0.027894 0.941839 0.273674 0.193038 2 1.000000
1756775414.655000 -0.255604 -0.213894 0.701200 -0.018233 0.942065 0.266997 0.202222 2 1.000000
1756775414.988000 -0.247453 -0.196898 0.650761 -0.010132 0.936996 0.270469 0.220868 2 1.000000
1756775415.354000 -0.236076 -0.179279 0.602749 -0.014210 0.933911 0.269049 0.234992 2 1.000000
1756775415.687000 -0.209018 -0.161630 0.558936 -0.021014 0.939157 0.264682 0.217913 2 1.000000
1756775416.022000 -0.181829 -0.147476 0.518816 -0.017916 0.940456 0.262629 0.215052 2 1.000000
1756775416.354000 -0.160052 -0.122198 0.478681 -0.007718 0.938573 0.255674 0.231628 2 1.000000
1756775416.621000 -0.148801 -0.110527 0.430615 -0.003637 0.930341 0.257899 0.260655 2 1.000000
1756775416.954000 -0.130082 -0.092047 0.385966 -0.009085 0.926032 0.257873 0.275471 2 1.000000
1756775417.255000 -0.096791 -0.075802 0.350617 -0.017807 0.928157 0.262836 0.262917 2 1.000000
1756775417.588000 -0.060651 -0.061058 0.312129 -0.019548 0.928615 0.263172 0.260829 2 1.000000
1756775417.921000 -0.034494 -0.042493 0.270764 -0.006212 0.926633 0.259236 0.272232 2 1.000000
1756775418.188000 -0.018421 -0.026173 0.225066 0.002049 0.921116 0.260385 0.289380 2 1.000000
1756775418.521000 0.009537 -0.005750 0.181028 -0.010827 0.919945 0.258024 0.294971 2 1.000000
1756775418.787000 0.039644 0.011856 0.142805 -0.014424 0.926338 0.250705 0.280780 2 1.000000
1756775419.088000 0.076235 0.024348 0.106553 -0.011983 0.929436 0.248534 0.272463 2 1.000000
1756775419.425000 0.104888 0.043446 0.062874 -0.004891 0.922984 0.251380 0.291350 2 1.000000
1756775419.687000 0.127631 0.060933 0.018730 -0.002180 0.914070 0.248942 0.320155 2 1.000000
1756775419.987000 0.154209 0.078194 -0.021833 -0.011883 0.908502 0.254506 0.331225 2 1.000000
1756775420.254000 0.197380 0.092604 -0.052640 -0.016658 0.916441 0.253824 0.308921 2 1.000000
1756775420.522000 0.238943 0.101898 -0.084707 -0.013792 0.916820 0.257411 0.304943 2 1.000000
1756775420.855000 0.267680 0.121011 -0.122071 0.002587 0.912301 0.249594 0.324658 2 1.000000
1756775421.121000 0.296631 0.131621 -0.167917 0.012253 0.901732 0.256622 0.347671 2 1.000000
1756775421.455000 0.327392 0.145720 -0.207303 -0.001200 0.898691 0.261989 0.351732 2 1.000000
1756775421.788000 0.370674 0.162074 -0.234779 -0.001928 0.907631 0.263318 0.326904 2 1.000000
1756775422.187000 0.411675 0.168913 -0.266703 -0.001308 0.897287 0.272323 0.347441 2 1.000000
1756775422.747000 0.440512 0.187567 -0.305399 0.007326 0.888744 0.271141 0.369544 2 1.000000
1756775423.154000 0.457894 0.195097 -0.325721 -0.008853 0.903117 0.275728 0.329053 2 1.000000
1756775423.421000 0.470184 0.196559 -0.329554 -0.011765 0.919500 0.270677 0.284809 2 1.000000
1756775423.655000 0.479296 0.196423 -0.333054 -0.017898 0.933204 0.269716 0.236778 2 1.000000
1756775423.855000 0.481243 0.197428 -0.336041 -0.024913 0.943897 0.268032 0.191304 2 1.000000
1756775424.033000 0.485533 0.199363 -0.340630 -0.030039 0.952286 0.268472 0.142026 2 1.000000
1756775424.205000 0.481597 0.197413 -0.338291 -0.029725 0.958514 0.267885 0.092763 2 1.000000
1756775424.354000 0.479704 0.198227 -0.343609 -0.032924 0.961483 0.269127 0.045143 2 1.000000
1756775424.521000 0.478852 0.198574 -0.343322 0.037726 -0.962355 -0.269102 0.005843 2 1.000000
1756775424.689000 0.469724 0.197316 -0.346615 0.041751 -0.960165 -0.269805 0.059541 2 1.000000
1756775424.821000 0.464361 0.195620 -0.354218 0.048803 -0.954747 -0.272955 0.107572 2 1.000000
1756775424.954000 0.462189 0.198578 -0.352580 0.053898 -0.950049 -0.267074 0.152226 2 1.000000
1756775425.121000 0.458832 0.197469 -0.352813 0.059907 -0.942905 -0.259987 0.199369 2 1.000000
1756775425.255000 0.468281 0.202834 -0.351943 0.063766 -0.936062 -0.248531 0.240736 2 1.000000
1756775425.454000 0.461933 0.203111 -0.355523 0.065460 -0.924149 -0.244195 0.286413 2 1.000000
1756775425.688000 0.459451 0.202909 -0.356012 0.070434 -0.907861 -0.243047 0.334298 2 1.000000
1756775425.988000 0.455014 0.202862 -0.357813 0.067151 -0.893602 -0.235190 0.376366 2 1.000000
1756775426.422000 0.450858 0.203251 -0.360310 0.074402 -0.873668 -0.240620 0.416258 2 1.000000
1756775426.590000 0.449317 0.203334 -0.361206 0.075757 -0.856854 -0.229994 0.455154 2 1.000000
1756775426.855000 0.447897 0.203918 -0.361659 0.069290 -0.836152 -0.226498 0.494720 2 1.000000
1756775427.022000 0.447333 0.203928 -0.361645 0.074805 -0.815262 -0.217213 0.531574 2 1.000000
1756775430.366000 -0.002129 -0.009869 0.027743 0.003750 -0.005702 -0.014133 0.999877 2 1.000000
1756775430.606000 -0.004648 -0.023560 0.084195 0.005539 -0.000648 -0.029088 0.999561 2 1.000000
1756775430.706000 -0.012337 -0.040652 0.138205 0.008304 0.005512 -0.029555 0.999513 2 1.000000
1756775430.861000 -0.013433 -0.054699 0.186646 0.011568 -0.001338 -0.033522 0.999370 2 1.000000
1756775431.019000 -0.014922 -0.067824 0.237929 0.014809 -0.024402 -0.040085 0.998788 2 1.000000
1756775431.189000 -0.010351 -0.088590 0.285550 0.011221 -0.045927 -0.045437 0.997848 2 1.000000
1756775431.389000 0.001923 -0.103222 0.338716 0.001970 -0.059231 -0.060449 0.996410 2 1.000000
1756775431.589000 0.007513 -0.113855 0.388722 0.000604 -0.046854 -0.064164 0.996839 2 1.000000
1756775431.790000 0.016424 -0.130577 0.441406 -0.018993 -0.034064 -0.060653 0.997397 2 1.000000
1756775431.990000 0.035037 -0.148999 0.485687 -0.022038 -0.011217 -0.042572 0.998787 2 1.000000
1756775432.189000 0.064341 -0.158937 0.521786 -0.017464 0.033831 -0.037496 0.998571 2 1.000000
1756775432.357000 0.109298 -0.166541 0.551042 -0.013501 0.058462 -0.020476 0.997988 2 1.000000
1756775432.605000 0.156227 -0.181086 0.568195 -0.015484 0.074989 -0.012219 0.996989 2 1.000000
1756775432.691000 0.197918 -0.193527 0.595980 -0.019672 0.124990 0.003782 0.991956 2 1.000000
1756775432.822000 0.238965 -0.201879 0.628080 -0.031606 0.158200 0.014137 0.986800 2 1.000000
1756775433.026000 0.282254 -0.212538 0.669852 -0.050155 0.182746 -0.001587 0.981879 2 1.000000
1756775433.224000 0.315486 -0.231805 0.707259 -0.077175 0.191076 -0.007621 0.978507 2 1.000000
1756775433.378000 0.333201 -0.256100 0.748131 -0.066367 0.158995 -0.029364 0.984608 2 1.000000
1756775433.429000 0.341934 -0.273708 0.774798 -0.069819 0.098105 -0.016812 0.992582 2 1.000000
1756775433.523000 0.344568 -0.273450 0.802032 -0.070367 0.043857 -0.027274 0.996183 2 1.000000
1756775433.625000 0.347650 -0.276644 0.829000 -0.075580 -0.010029 -0.059914 0.995288 2 1.000000
1756775433.723000 0.346746 -0.284322 0.861309 -0.075176 -0.050606 -0.086438 0.992127 2 1.000000
1756775433.790000 0.354890 -0.291895 0.879026 -0.089892 -0.100422 -0.105154 0.985280 2 1.000000
1756775433.891000 0.354479 -0.293931 0.905736 -0.093497 -0.155985 -0.126322 0.975177 2 1.000000
1756775434.156000 0.354666 -0.296212 0.941729 -0.100860 -0.202715 -0.156896 0.961310 2 1.000000
1756775434.213000 0.346376 -0.295496 0.970127 -0.125694 -0.251824 -0.159509 0.946225 2 1.000000
1756775434.284000 0.323992 -0.295407 1.000740 -0.142813 -0.273138 -0.205744 0.928800 2 1.000000
1756775434.323000 0.314171 -0.293460 1.023420 -0.160868 -0.298196 -0.233703 0.911364 2 1.000000
1756775434.423000 0.284333 -0.301113 1.039864 -0.187076 -0.332245 -0.262718 0.886338 2 1.000000
1756775434.491000 0.270907 -0.295711 1.050883 -0.180453 -0.375037 -0.302820 0.857370 2 1.000000
1756775434.556000 0.258941 -0.289427 1.055122 -0.156780 -0.412348 -0.339227 0.830851 2 1.000000
1756775434.623000 0.248546 -0.281599 1.061296 -0.140423 -0.464182 -0.379732 0.787794 2 1.000000
1756775434.691000 0.230684 -0.272550 1.069582 -0.136024 -0.496800 -0.410804 0.752281 2 1.000000
1756775434.790000 0.203816 -0.259646 1.074819 -0.126381 -0.530717 -0.441702 0.712227 2 1.000000
1756775434.856000 0.187634 -0.246917 1.079979 -0.115571 -0.567338 -0.469956 0.666267 2 1.000000
1756775434.922000 0.174906 -0.238173 1.082416 -0.092030 -0.599133 -0.501486 0.617318 2 1.000000
1756775434.990000 0.160500 -0.230080 1.082772 -0.056233 -0.628405 -0.527618 0.568827 2 1.000000
1756775435.057000 0.151268 -0.223719 1.081675 -0.012842 -0.668855 -0.539589 0.511186 2 1.000000
1756775435.089000 0.150039 -0.221903 1.082975 -0.004399 -0.695772 -0.538617 0.475156 2 1.000000
1756775435.157000 0.147077 -0.213574 1.082109 0.003263 -0.741817 -0.522845 0.419916 2 1.000000
1756775435.224000 0.140691 -0.210061 1.081079 0.001473 -0.767841 -0.526739 0.364643 2 1.000000
1756775435.289000 0.133587 -0.203096 1.082299 0.008474 -0.792014 -0.519501 0.320562 2 1.000000
1756775435.390000 0.134726 -0.196606 1.090161 0.023912 -0.828251 -0.485102 0.279471 2 1.000000
1756775435.489000 0.131574 -0.192606 1.087760 0.053386 -0.862002 -0.443792 0.239063 2 1.000000
1756775435.590000 0.130125 -0.191806 1.081332 0.058802 -0.881191 -0.427913 0.192184 2 1.000000
1756775435.639000 0.130198 -0.188647 1.080225 0.057157 -0.900583 -0.401577 0.156264 2 1.000000
1756775435.671000 0.128258 -0.187616 1.080490 0.052486 -0.913012 -0.387547 0.116021 2 1.000000
1756775435.957000 0.129061 -0.187817 1.070515 0.061372 -0.903928 -0.415129 0.082552 2 1.000000
1756775436.124000 0.129337 -0.191350 1.069467 0.036996 -0.888090 -0.449066 0.090928 2 1.000000
1756775436.256000 0.129759 -0.194961 1.068332 0.016463 -0.863148 -0.494407 0.101322 2 1.000000
1756775436.823000 0.131083 -0.198665 1.065514 0.045597 -0.857724 -0.507820 0.065954 2 1.000000
1756775437.057000 0.130105 -0.194729 1.063598 0.016650 -0.863058 -0.503868 0.031141 2 1.000000
1756775437.657000 0.132690 -0.202267 1.063873 0.013699 -0.837880 -0.545276 0.021053 2 1.000000
1756775437.724000 0.132501 -0.202497 1.063787 -0.013915 -0.807015 -0.589634 0.029425 2 1.000000
1756775437.822000 0.132778 -0.203505 1.062839 0.020999 -0.827407 -0.558093 0.059065 2 1.000000
1756775437.888000 0.132814 -0.203672 1.063012 0.013423 -0.853644 -0.515824 0.070975 2 1.000000
1756775437.988000 0.132980 -0.203849 1.062425 0.000562 -0.878577 -0.475322 0.046587 2 1.000000
1756775438.122000 0.132862 -0.202961 1.061877 0.002811 -0.895241 -0.445409 0.012099 2 1.000000
1756775438.555000 0.129666 -0.195452 1.057250 0.009865 -0.885753 -0.460756 0.055213 2 1.000000
1756775438.721000 0.129147 -0.193851 1.056489 0.049579 -0.877727 -0.474278 0.046877 2 1.000000
1756775438.854000 0.128939 -0.193065 1.055827 0.088668 -0.863662 -0.495784 0.020605 2 1.000000
1756775439.523000 0.128873 -0.192215 1.054294 -0.060383 0.851082 0.521517 0.005771 2 1.000000
1756775448.256000 0.128569 -0.191831 1.052169 0.057683 -0.825796 -0.560338 0.027477 2 1.000000
1756775448.322000 0.128249 -0.191375 1.051753 0.054712 -0.794850 -0.603780 0.025873 2 1.000000
1756775448.522000 0.128222 -0.191023 1.051460 -0.046982 0.816282 0.575731 0.003169 2 1.000000
1756775448.555000 0.130507 -0.190019 1.051774 -0.031088 0.840637 0.540583 0.011553 2 1.000000
1756775448.600000 0.129382 -0.190296 1.052933 -0.013246 0.861808 0.504382 0.052066 2 1.000000
