# ORB-SLAM3 Path Recording
# Format: timestamp tx ty tz qx qy qz qw tracking_state confidence
# Translation in meters, quaternion (x,y,z,w), timestamp in seconds
# Coordinate system: Camera frame
1756825315.727000 0.010746 -0.000833 -0.078451 0.033119 -0.084530 0.027260 0.995497 2 1.000000
1756825315.887000 0.007365 0.000488 -0.049119 0.042143 -0.044165 0.053298 0.996711 2 1.000000
1756825315.951000 0.004313 -0.000329 -0.033379 0.032774 -0.003421 0.035716 0.998819 2 1.000000
1756825316.016000 0.000480 0.005368 -0.025062 0.029297 0.009199 -0.013577 0.999436 2 1.000000
1756825316.098000 -0.002683 0.012138 -0.016993 0.009313 -0.002955 -0.055413 0.998416 2 1.000000
1756825316.177000 -0.006108 0.019592 -0.005580 -0.024841 0.020736 -0.077630 0.996457 2 1.000000
1756825316.261000 -0.009363 0.020648 -0.001880 -0.061398 0.022638 -0.101150 0.992717 2 1.000000
1756825316.457000 -0.010330 0.018811 -0.008509 -0.046787 -0.012336 -0.079630 0.995649 2 1.000000
1756825316.600000 -0.005661 0.013377 -0.024745 -0.021113 -0.051648 -0.067472 0.996160 2 1.000000
1756825316.696000 0.000917 0.013108 -0.036467 0.019188 -0.054735 -0.046504 0.997233 2 1.000000
1756825316.832000 0.006350 0.016042 -0.056395 0.049901 -0.078142 -0.009386 0.995648 2 1.000000
1756825316.883000 0.005228 0.014251 -0.061745 0.090699 -0.094122 -0.014943 0.991308 2 1.000000
1756825316.944000 0.010074 0.018141 -0.066938 0.133831 -0.104853 -0.011065 0.985380 2 1.000000
1756825317.127000 0.013183 0.020459 -0.070565 0.094642 -0.088479 0.006746 0.991549 2 1.000000
1756825317.416000 0.018216 0.019387 -0.070585 0.095505 -0.052326 0.036949 0.993366 2 1.000000
1756825317.885000 0.020729 0.021505 -0.068909 0.108071 -0.046959 -0.004752 0.993022 2 1.000000
1756825318.078000 0.021708 0.022109 -0.069074 0.081649 -0.081797 -0.012477 0.993221 2 1.000000
1756825318.408000 0.023960 0.021599 -0.066590 0.090220 -0.037751 -0.006776 0.995183 2 1.000000
1756825319.285000 0.023996 0.020165 -0.062483 0.070978 0.001966 -0.001454 0.997475 2 1.000000
1756825321.898000 0.023859 0.019936 -0.061895 0.088834 0.043570 0.001147 0.995092 2 1.000000
1756825351.955000 0.023400 0.019027 -0.052828 0.081486 0.090109 -0.005381 0.992578 2 1.000000
1756825352.921000 0.021415 0.018075 -0.054364 0.101234 0.049155 -0.007621 0.993618 2 1.000000
1756825354.005000 0.021322 0.016688 -0.050049 0.068362 0.077695 -0.007769 0.994600 2 1.000000
1756825356.515000 0.019017 0.016603 -0.052589 0.074798 0.035781 -0.019156 0.996372 2 1.000000
1756825356.603000 0.018703 0.017306 -0.054775 0.087377 -0.005928 -0.025648 0.995827 2 1.000000
1756825356.963000 0.021774 0.017907 -0.052442 0.085149 0.039924 -0.013938 0.995470 2 1.000000
1756825357.111000 0.021345 0.017136 -0.049236 0.076230 0.080561 -0.001354 0.993830 2 1.000000
1756825360.710000 0.020833 0.018311 -0.051889 0.077095 0.038719 -0.025020 0.995957 2 1.000000
1756825361.641000 0.021203 0.017690 -0.049871 0.077679 0.086511 -0.016997 0.993073 2 1.000000
1756825361.762000 0.021349 0.017476 -0.046131 0.075786 0.131967 -0.002573 0.988349 2 1.000000
1756825362.422000 0.022109 0.013754 -0.040780 0.110222 0.158756 -0.002597 0.981143 2 1.000000
1756825362.819000 0.018400 0.014221 -0.042062 0.109535 0.189758 -0.034066 0.975107 2 1.000000
1756825363.387000 0.018455 0.013307 -0.040986 0.123357 0.146708 -0.034770 0.980842 2 1.000000
1756825363.545000 0.017774 0.014283 -0.043017 0.133861 0.103964 -0.043775 0.984559 2 1.000000
1756825363.684000 0.009043 0.003709 -0.052520 0.127148 0.053805 -0.043367 0.989473 2 1.000000
1756825363.841000 0.006353 0.008373 -0.055714 0.124016 0.005406 -0.059173 0.990500 2 1.000000
1756825363.938000 0.006223 0.013746 -0.056891 0.131433 -0.036819 -0.071357 0.988068 2 1.000000
1756825364.173000 0.003914 0.023520 -0.061366 0.128410 -0.079930 -0.090053 0.984384 2 1.000000
1756825364.898000 -0.001056 0.035667 -0.079083 0.097588 0.121986 -0.066191 0.985502 2 1.000000
1756825370.266000 0.003709 0.031015 -0.063436 0.119187 0.095317 -0.093188 0.983883 2 1.000000
1756825372.011000 0.004029 0.030893 -0.062935 0.115415 0.130803 -0.066079 0.982448 2 1.000000
1756825375.051000 0.006570 0.031103 -0.062603 0.106037 0.081482 -0.071737 0.988418 2 1.000000
1756825375.207000 0.006206 0.030602 -0.063769 0.104545 0.033871 -0.080153 0.990706 2 1.000000
1756825375.921000 0.006877 0.030477 -0.063537 0.107849 0.076178 -0.061620 0.989327 2 1.000000
1756825376.225000 0.007519 0.030843 -0.062975 0.108140 0.117077 -0.045973 0.986147 2 1.000000
1756825378.341000 0.005880 0.030030 -0.062214 0.090983 0.082599 -0.069970 0.989951 2 1.000000
1756825378.507000 0.006177 0.030120 -0.062527 0.088015 0.043561 -0.089009 0.991178 2 1.000000
1756825379.674000 0.007421 0.030030 -0.062384 0.099853 0.081954 -0.063208 0.989605 2 1.000000
1756825380.471000 0.002189 0.026143 -0.056981 0.067447 0.052081 -0.060232 0.994540 2 1.000000
1756825380.717000 -0.005548 0.018910 -0.045450 0.028423 0.032232 -0.049901 0.997829 2 1.000000
1756825380.975000 -0.015114 0.011342 -0.032108 -0.013869 0.026118 -0.064422 0.997485 2 1.000000
1756825381.440000 -0.021025 0.004795 -0.009883 -0.048581 0.050308 -0.049749 0.996310 2 1.000000
1756825381.743000 -0.023137 0.001216 0.003862 -0.048447 0.092574 -0.036448 0.993858 2 1.000000
1756825382.475000 -0.035979 -0.013357 0.035790 -0.029449 0.057773 -0.017485 0.997742 2 1.000000
1756825382.748000 -0.037937 -0.031176 0.033323 -0.064532 0.090900 -0.026029 0.993426 2 1.000000
1756825383.106000 -0.038859 -0.047844 0.027122 -0.107030 0.106589 -0.025961 0.988185 2 1.000000
1756825383.407000 -0.037279 -0.052590 0.025549 -0.084485 0.137735 -0.003280 0.986854 2 1.000000
1756825383.798000 -0.028276 -0.055676 0.028946 -0.045450 0.116374 -0.001916 0.992163 2 1.000000
1756825384.907000 -0.013114 -0.062282 0.068644 -0.054739 0.159154 -0.009326 0.985691 2 1.000000
1756825385.473000 -0.004601 -0.064428 0.087622 -0.070147 0.116077 -0.010503 0.990704 2 1.000000
1756825385.709000 0.004004 -0.065877 0.096453 -0.071535 0.073862 -0.031677 0.994195 2 1.000000
1756825386.194000 0.016670 -0.068997 0.114091 -0.077968 0.030897 -0.025121 0.996160 2 1.000000
1756825386.792000 0.013498 -0.070843 0.133240 -0.064756 -0.011451 -0.037776 0.997120 2 1.000000
1756825387.007000 0.014548 -0.072508 0.139836 -0.069494 -0.056809 -0.051626 0.994625 2 1.000000
1756825387.173000 0.018701 -0.074498 0.144573 -0.070689 -0.102168 -0.066512 0.990021 2 1.000000
1756825387.371000 0.024191 -0.075973 0.147676 -0.063862 -0.146514 -0.076850 0.984149 2 1.000000
1756825387.507000 0.028473 -0.077838 0.148816 -0.058562 -0.191304 -0.084338 0.976146 2 1.000000
1756825387.795000 0.032668 -0.078583 0.146269 -0.052596 -0.237256 -0.085017 0.966290 2 1.000000
1756825388.140000 0.040310 -0.078432 0.138617 -0.043407 -0.281588 -0.098021 0.953528 2 1.000000
1756825388.775000 0.057003 -0.080773 0.132593 -0.028807 -0.320528 -0.110424 0.940339 2 1.000000
1756825389.221000 0.069767 -0.084750 0.145218 -0.030024 -0.361769 -0.117312 0.924370 2 1.000000
1756825403.204000 0.081738 -0.088777 0.152165 -0.028751 -0.400586 -0.103136 0.909982 2 1.000000
1756825404.339000 0.058321 -0.086914 0.168887 -0.046987 -0.435766 -0.112184 0.891805 2 1.000000
1756825405.114000 0.052455 -0.088293 0.186578 -0.030623 -0.450392 -0.147898 0.879963 2 1.000000
1756825406.105000 0.027634 -0.089193 0.207654 -0.037408 -0.410378 -0.137712 0.900681 2 1.000000
1756825407.051000 0.008210 -0.095377 0.254379 -0.044037 -0.411863 -0.136749 0.899850 2 1.000000
1756825407.605000 -0.017532 -0.094892 0.277996 -0.044000 -0.369720 -0.133545 0.918443 2 1.000000
1756825408.420000 -0.063107 -0.095334 0.301473 -0.058052 -0.366724 -0.141030 0.917744 2 1.000000
1756825409.264000 -0.104282 -0.095533 0.331334 -0.048728 -0.367121 -0.132975 0.919329 2 1.000000
1756825410.272000 -0.144017 -0.097177 0.356061 -0.040658 -0.410291 -0.139571 0.900293 2 1.000000
1756825410.606000 -0.153448 -0.099244 0.369865 -0.045490 -0.448567 -0.150241 0.879856 2 1.000000
1756825411.438000 -0.197051 -0.098434 0.394554 -0.044145 -0.413493 -0.136394 0.899151 2 1.000000
1756825411.844000 -0.216631 -0.099445 0.408424 -0.048919 -0.452993 -0.137110 0.879548 2 1.000000
1756825412.206000 -0.232600 -0.101980 0.425262 -0.041337 -0.487874 -0.152252 0.858539 2 1.000000
1756825412.859000 -0.262572 -0.099468 0.440426 -0.024735 -0.452949 -0.148027 0.878814 2 1.000000
1756825413.837000 -0.302644 -0.103904 0.467903 -0.041884 -0.487954 -0.139584 0.860618 2 1.000000
1756825414.958000 -0.336196 -0.105359 0.490892 -0.054887 -0.449841 -0.126830 0.882352 2 1.000000
1756825415.337000 -0.333647 -0.108270 0.506625 -0.057007 -0.485194 -0.146707 0.860125 2 1.000000
1756825415.865000 -0.328649 -0.111453 0.527357 -0.066669 -0.522692 -0.148554 0.836828 2 1.000000
1756825416.464000 -0.339934 -0.114447 0.550515 -0.051807 -0.549230 -0.172247 0.816084 2 1.000000
1756825416.797000 -0.345045 -0.117200 0.561348 -0.055380 -0.586960 -0.166826 0.790304 2 1.000000
1756825417.138000 -0.347538 -0.119569 0.581152 -0.050008 -0.622029 -0.176015 0.761313 2 1.000000
1756825418.037000 -0.345580 -0.124596 0.608242 -0.044513 -0.652718 -0.187554 0.732667 2 1.000000
1756825418.754000 -0.345618 -0.129338 0.633649 -0.036406 -0.611353 -0.186532 0.768198 2 1.000000
1756825418.859000 -0.346465 -0.128916 0.635449 -0.036134 -0.577687 -0.180405 0.795252 2 1.000000
1756825418.971000 -0.346854 -0.130975 0.640480 -0.032599 -0.535100 -0.174630 0.825900 2 1.000000
1756825419.104000 -0.349107 -0.130973 0.640527 -0.031489 -0.487514 -0.165185 0.856769 2 1.000000
1756825419.237000 -0.350841 -0.131081 0.643303 -0.030733 -0.443161 -0.159897 0.881531 2 1.000000
1756825419.372000 -0.349806 -0.131474 0.647380 -0.035407 -0.404292 -0.153760 0.900918 2 1.000000
1756825419.571000 -0.354192 -0.126503 0.634757 -0.035769 -0.343655 -0.141492 0.927686 2 1.000000
1756825419.971000 -0.348939 -0.132706 0.646990 -0.036173 -0.303760 -0.132282 0.942827 2 1.000000
1756825420.738000 -0.351027 -0.131854 0.659918 -0.057597 -0.263559 -0.133234 0.953660 2 1.000000
1756825421.071000 -0.354747 -0.133013 0.671821 -0.058099 -0.222903 -0.107998 0.967096 2 1.000000
1756825421.503000 -0.360321 -0.133643 0.684847 -0.060084 -0.179420 -0.100295 0.976801 2 1.000000
1756825422.837000 -0.364914 -0.137364 0.724367 -0.044703 -0.215340 -0.122361 0.967811 2 1.000000
1756825423.113000 -0.364720 -0.136645 0.723330 -0.050079 -0.263816 -0.121767 0.955545 2 1.000000
1756825423.304000 -0.366492 -0.136839 0.719486 -0.048105 -0.311198 -0.122019 0.941251 2 1.000000
1756825423.471000 -0.366947 -0.136606 0.717590 -0.046144 -0.354032 -0.118687 0.926523 2 1.000000
1756825423.705000 -0.366465 -0.135479 0.715080 -0.034863 -0.400065 -0.116117 0.908432 2 1.000000
1756825423.903000 -0.366231 -0.138654 0.713892 -0.042757 -0.439277 -0.124466 0.888659 2 1.000000
1756825424.204000 -0.369327 -0.133338 0.705718 -0.039154 -0.478644 -0.129232 0.867563 2 1.000000
1756825424.470000 -0.371869 -0.135462 0.707388 -0.040267 -0.515875 -0.137460 0.844604 2 1.000000
1756825424.770000 -0.376828 -0.135454 0.705750 -0.037250 -0.553463 -0.150931 0.818237 2 1.000000
1756825425.339000 -0.391904 -0.136367 0.711074 -0.028847 -0.589150 -0.162385 0.791013 2 1.000000
1756825425.504000 -0.397047 -0.138274 0.717274 -0.020653 -0.623168 -0.165276 0.764146 2 1.000000
1756825425.668000 -0.401429 -0.139373 0.721337 -0.005699 -0.654360 -0.178395 0.734817 2 1.000000
1756825425.837000 -0.403585 -0.140400 0.724823 -0.011705 -0.684905 -0.188172 0.703818 2 1.000000
1756825426.676000 -0.406944 -0.143941 0.731209 -0.023741 -0.714642 -0.171330 0.677768 2 1.000000
1756825426.806000 -0.406590 -0.144087 0.731403 -0.020344 -0.742678 -0.179319 0.644873 2 1.000000
1756825426.995000 -0.406399 -0.144638 0.731938 -0.009569 -0.769116 -0.189020 0.610443 2 1.000000
1756825427.104000 -0.411335 -0.146268 0.740349 -0.007235 -0.795079 -0.192188 0.575206 2 1.000000
1756825427.436000 -0.411279 -0.147415 0.742170 -0.012531 -0.820666 -0.179847 0.542223 2 1.000000
1756825427.885000 -0.409849 -0.148012 0.741222 -0.021482 -0.843853 -0.175772 0.506512 2 1.000000
1756825428.153000 -0.409944 -0.147899 0.741091 -0.021566 -0.866059 -0.178120 0.466636 2 1.000000
1756825428.337000 -0.411613 -0.147469 0.740624 -0.017827 -0.888266 -0.178139 0.423005 2 1.000000
1756825428.473000 -0.411576 -0.147514 0.740694 -0.010839 -0.906831 -0.177486 0.382150 2 1.000000
1756825428.603000 -0.411803 -0.147718 0.741326 -0.004151 -0.922894 -0.181690 0.339467 2 1.000000
1756825428.770000 -0.411803 -0.147711 0.741288 -0.002504 -0.939327 -0.182869 0.290204 2 1.000000
1756825429.003000 -0.411957 -0.147665 0.741208 -0.013763 -0.951554 -0.178258 0.250159 2 1.000000
1756825429.355000 -0.412217 -0.147580 0.741140 -0.015071 -0.962000 -0.177528 0.206913 2 1.000000
1756825429.604000 -0.413557 -0.148023 0.742435 -0.011550 -0.970862 -0.179743 0.158070 2 1.000000
1756825429.953000 -0.412943 -0.147593 0.741529 0.013849 -0.975437 -0.186731 0.116026 2 1.000000
1756825434.361000 0.010517 -0.004300 0.026279 -0.009146 -0.018394 -0.007148 0.999763 2 1.000000
1756825434.682000 0.025783 -0.006079 0.041974 -0.006466 -0.063131 -0.012528 0.997906 2 1.000000
1756825435.423000 0.014758 -0.010014 0.092109 -0.006748 -0.075616 -0.020661 0.996900 2 1.000000
1756825435.976000 -0.031810 -0.012149 0.073352 -0.003686 -0.070045 -0.023030 0.997271 2 1.000000
1756825436.579000 -0.071354 -0.011481 0.052112 0.006867 -0.111069 -0.045470 0.992748 2 1.000000
1756825437.535000 -0.119413 -0.007305 0.036449 0.012213 -0.125018 -0.035098 0.991458 2 1.000000
1756825438.053000 -0.159617 -0.006531 0.016961 0.010580 -0.079242 -0.031565 0.996299 2 1.000000
1756825441.078000 -0.163057 -0.002925 0.026891 -0.034060 -0.043695 -0.030472 0.997999 2 1.000000
1756825441.188000 -0.160706 0.004350 0.043874 -0.088735 -0.049138 -0.021584 0.994608 2 1.000000
1756825441.302000 -0.159649 0.008364 0.066918 -0.116801 -0.050639 0.016833 0.991721 2 1.000000
1756825441.401000 -0.159178 0.018965 0.088119 -0.139734 -0.052384 0.053898 0.987333 2 1.000000
1756825441.536000 -0.156644 0.026027 0.120490 -0.183214 -0.024375 0.073804 0.979996 2 1.000000
1756825441.603000 -0.152974 0.036008 0.137423 -0.227963 -0.000301 0.073304 0.970906 2 1.000000
1756825441.669000 -0.145030 0.036767 0.141792 -0.280588 0.019218 0.074595 0.956732 2 1.000000
