# ORB-SLAM3 Path Recording
# Format: timestamp tx ty tz qx qy qz qw tracking_state confidence
# Translation in meters, quaternion (x,y,z,w), timestamp in seconds
# Coordinate system: Camera frame
1756822692.170000 0.212983 -0.374337 -0.095393 -0.099045 0.040127 0.038674 0.993521 2 1.000000
1756822692.313000 0.250628 -0.312776 -0.064231 -0.084409 0.052972 0.050422 0.993744 2 1.000000
1756822692.404000 0.301534 -0.312295 -0.018999 -0.071283 0.091513 0.029218 0.992819 2 1.000000
1756822692.522000 0.333032 -0.322195 0.020080 -0.083775 0.103909 0.013307 0.990963 2 1.000000
1756822692.626000 0.383928 -0.325953 0.044882 -0.064515 0.097791 0.031710 0.992607 2 1.000000
1756822692.694000 0.432807 -0.323257 0.056814 -0.052421 0.077247 0.029231 0.995204 2 1.000000
1756822692.762000 0.455795 -0.313835 0.073346 -0.085615 0.034420 0.024092 0.995442 2 1.000000
1756822692.795000 0.470657 -0.311892 0.086622 -0.093524 -0.009451 0.026624 0.995216 2 1.000000
1756822692.847000 0.522447 -0.326301 0.097219 -0.108743 -0.029309 0.031522 0.993138 2 1.000000
1756822692.921000 0.575382 -0.327507 0.116703 -0.105267 -0.040273 0.039758 0.992832 2 1.000000
1756822693.004000 0.621887 -0.332965 0.148953 -0.093607 -0.039651 0.032484 0.994289 2 1.000000
1756822693.091000 0.655494 -0.328133 0.186282 -0.083400 -0.030518 0.017107 0.995902 2 1.000000
1756822693.209000 0.681001 -0.323793 0.232400 -0.072406 -0.025650 0.005375 0.997031 2 1.000000
1756822693.326000 0.712336 -0.326771 0.272456 -0.093713 -0.055983 -0.018931 0.993844 2 1.000000
1756822693.391000 0.732505 -0.316540 0.296055 -0.102586 -0.106019 -0.021805 0.988818 2 1.000000
1756822693.440000 0.753484 -0.310899 0.318392 -0.127125 -0.141892 -0.032881 0.981134 2 1.000000
1756822693.486000 0.757583 -0.303651 0.322412 -0.140234 -0.206323 -0.036120 0.967709 2 1.000000
1756822693.526000 0.758655 -0.301702 0.324287 -0.151511 -0.253416 -0.033507 0.954831 2 1.000000
1756822693.558000 0.773297 -0.315597 0.357734 -0.153835 -0.299352 -0.027133 0.941269 2 1.000000
1756822693.613000 0.779869 -0.336546 0.367998 -0.152099 -0.342691 -0.023147 0.926765 2 1.000000
1756822693.701000 0.783537 -0.318648 0.369834 -0.118802 -0.378114 -0.019609 0.917895 2 1.000000
1756822693.955000 0.809750 -0.338194 0.312343 -0.132107 -0.355986 -0.028026 0.924682 2 1.000000
1756822694.018000 0.838977 -0.303627 0.324603 -0.111461 -0.391582 -0.012787 0.913278 2 1.000000
1756822694.066000 0.838387 -0.293502 0.312221 -0.089799 -0.408133 0.021481 0.908241 2 1.000000
1756822694.097000 0.855510 -0.282495 0.316026 -0.062204 -0.407137 0.058673 0.909356 2 1.000000
1756822694.178000 0.802076 -0.229624 0.265766 -0.070709 -0.414675 0.072482 0.904318 2 1.000000
1756822694.224000 0.866719 -0.239145 0.279363 -0.112816 -0.430824 0.069630 0.892645 2 1.000000
1756822694.287000 0.930712 -0.236009 0.294948 -0.093268 -0.412305 0.068140 0.903694 2 1.000000
1756822694.352000 0.941373 -0.240750 0.287287 -0.073159 -0.408347 0.026179 0.909514 2 1.000000
1756822694.400000 0.960462 -0.244858 0.276505 -0.080176 -0.444025 0.006069 0.892400 2 1.000000
1756822694.431000 0.972390 -0.230120 0.266897 -0.114127 -0.475732 -0.021308 0.871895 2 1.000000
1756822694.474000 0.969850 -0.241554 0.278212 -0.133173 -0.508513 -0.022775 0.850388 2 1.000000
1756822694.536000 0.991232 -0.232518 0.274085 -0.098856 -0.516946 -0.054891 0.848517 2 1.000000
1756822694.740000 0.989939 -0.240273 0.276293 -0.073275 -0.493181 -0.079575 0.863175 2 1.000000
1756822694.823000 0.992658 -0.244347 0.268828 -0.059897 -0.467986 -0.121851 0.873243 2 1.000000
1756822694.926000 0.988998 -0.240960 0.272804 -0.047506 -0.448663 -0.084314 0.888446 2 1.000000
1756822695.122000 0.984365 -0.244081 0.271070 -0.010766 -0.418037 -0.073338 0.905401 2 1.000000
1756822695.213000 0.985314 -0.251635 0.272079 -0.009989 -0.376651 -0.082769 0.922596 2 1.000000
1756822695.261000 0.955440 -0.249708 0.278625 -0.019519 -0.336846 -0.096593 0.936388 2 1.000000
1756822695.573000 0.903999 -0.257421 0.296898 -0.059496 -0.338667 -0.086055 0.935072 2 1.000000
1756822695.733000 0.904903 -0.269145 0.316315 -0.086892 -0.298086 -0.102206 0.945065 2 1.000000
1756822695.930000 0.910340 -0.284682 0.332116 -0.111199 -0.308407 -0.061558 0.942725 2 1.000000
1756822696.018000 0.905111 -0.290828 0.333559 -0.119814 -0.351174 -0.039887 0.927756 2 1.000000
1756822696.249000 0.893274 -0.292357 0.337879 -0.135720 -0.388409 -0.044348 0.910358 2 1.000000
1756822696.716000 0.856191 -0.308289 0.354123 -0.124465 -0.417800 -0.074142 0.896914 2 1.000000
1756822696.898000 0.844953 -0.314442 0.375909 -0.087725 -0.434512 -0.054863 0.894703 2 1.000000
1756822697.138000 0.829936 -0.313070 0.388044 -0.066814 -0.469800 -0.053265 0.878628 2 1.000000
1756822697.535000 0.819158 -0.318195 0.397254 -0.092244 -0.444112 -0.079113 0.887692 2 1.000000
1756822698.393000 0.831074 -0.329042 0.407090 -0.093747 -0.406030 -0.068637 0.906444 2 1.000000
1756822699.330000 0.838622 -0.332705 0.406319 -0.107963 -0.365557 -0.053715 0.922945 2 1.000000
1756822699.831000 0.849659 -0.332065 0.404721 -0.141952 -0.338066 -0.063716 0.928171 2 1.000000
1756822700.197000 0.853770 -0.335811 0.415178 -0.139319 -0.306700 -0.033889 0.940945 2 1.000000
1756822700.510000 0.855790 -0.330942 0.419839 -0.135597 -0.265238 -0.033156 0.954025 2 1.000000
1756822701.307000 0.855130 -0.329815 0.421069 -0.113489 -0.298345 -0.050101 0.946362 2 1.000000
1756822703.140000 0.855583 -0.322748 0.428092 -0.112603 -0.344306 -0.043599 0.931060 2 1.000000
1756822703.756000 0.823016 -0.317766 0.418773 -0.083467 -0.312388 -0.047914 0.945067 2 1.000000
1756822705.123000 0.804785 -0.308163 0.421864 -0.100385 -0.275753 -0.061827 0.953971 2 1.000000
1756822710.648000 0.804271 -0.305049 0.427119 -0.090351 -0.235305 -0.069649 0.965203 2 1.000000
