# ORB-SLAM3 Path Recording
# Format: timestamp tx ty tz qx qy qz qw tracking_state confidence
# Translation in meters, quaternion (x,y,z,w), timestamp in seconds
# Coordinate system: Camera frame
1756821961.717000 0.000000 0.000000 0.000000 -0.000000 -0.000000 -0.000000 1.000000 1 0.500000
1756821969.472000 -0.035862 -0.007002 -0.023536 0.013984 -0.045996 -0.022544 0.998589 2 1.000000
1756821973.889000 -0.010057 0.022491 0.030898 -0.040752 0.030916 -0.049863 0.997445 2 1.000000
1756821974.536000 -0.034639 0.049121 0.066253 -0.063482 0.024335 -0.067566 0.995396 2 1.000000
1756821974.603000 -0.036959 0.045362 0.068797 -0.067542 -0.015912 -0.042625 0.996678 2 1.000000
1756821974.975000 -0.040934 0.046676 0.074809 -0.037412 0.019357 -0.060869 0.997257 2 1.000000
1756821975.243000 -0.040504 0.037097 0.053014 -0.046787 0.004402 -0.020439 0.998686 2 1.000000
1756821975.349000 -0.009776 0.020686 0.027081 -0.025028 0.024133 0.014654 0.999288 2 1.000000
1756821975.430000 0.023035 0.018249 0.008014 -0.031166 0.017437 0.058035 0.997676 2 1.000000
1756821975.514000 0.050768 0.013172 -0.001817 -0.043449 0.010892 0.111569 0.992747 2 1.000000
1756821975.575000 0.080585 0.010595 -0.012527 -0.031191 0.026516 0.153267 0.987336 2 1.000000
1756821975.632000 0.114999 0.013128 -0.023845 -0.018602 0.046977 0.196158 0.979270 2 1.000000
1756821975.685000 0.149621 0.024387 -0.029747 -0.016312 0.079951 0.235565 0.968427 2 1.000000
1756821975.756000 0.186497 0.034187 -0.051125 -0.016569 0.122115 0.260740 0.957511 2 1.000000
1756821975.806000 0.207653 0.047016 -0.049445 -0.009080 0.152245 0.292284 0.944091 2 1.000000
1756821975.872000 0.239460 0.064936 -0.060337 -0.011595 0.152756 0.341314 0.927381 2 1.000000
1756821975.936000 0.283716 0.087789 -0.076138 -0.005323 0.173313 0.386567 0.905815 2 1.000000
1756821975.987000 0.331392 0.116180 -0.090884 -0.004664 0.179507 0.418618 0.890233 2 1.000000
1756821976.035000 0.374708 0.162944 -0.100494 0.001786 0.217199 0.444694 0.868947 2 1.000000
1756821976.078000 0.424090 0.198772 -0.129871 -0.008604 0.242863 0.458913 0.854601 2 1.000000
1756821976.119000 0.452666 0.227153 -0.188144 -0.018794 0.279413 0.465559 0.839541 2 1.000000
1756821976.133000 0.481741 0.282114 -0.169398 -0.011732 0.281484 0.468294 0.837454 2 1.000000
1756821976.174000 0.512640 0.294802 -0.210559 -0.031528 0.303273 0.471581 0.827432 2 1.000000
1756821976.263000 0.552326 0.320694 -0.234823 -0.032107 0.321875 0.497062 0.805168 2 1.000000
1756821976.362000 0.583457 0.333962 -0.226027 0.004284 0.335894 0.470317 0.816063 2 1.000000
1756821976.429000 0.612233 0.328228 -0.196733 0.022844 0.339493 0.434500 0.833926 2 1.000000
1756821976.495000 0.639451 0.324737 -0.162700 0.043519 0.330290 0.400277 0.853694 2 1.000000
1756821976.585000 0.685020 0.331096 -0.136426 0.034022 0.356839 0.379555 0.852905 2 1.000000
1756821976.662000 0.734983 0.331166 -0.130286 0.023938 0.367519 0.406467 0.836147 2 1.000000
1756821981.195000 -0.017806 0.003416 -0.002437 -0.008426 0.012874 -0.003964 0.999874 2 1.000000
1756821981.578000 -0.011225 0.003388 0.007587 -0.032466 -0.025326 -0.004735 0.999141 2 1.000000
1756821994.087000 0.000988 0.007293 0.008783 -0.047209 -0.068259 -0.005285 0.996536 2 1.000000
1756821997.071000 -0.004302 0.007848 0.007326 -0.054083 -0.058276 -0.047517 0.995701 2 1.000000
1756822000.232000 -0.006234 0.009148 0.008768 -0.040723 -0.095480 -0.026648 0.994241 2 1.000000
1756822023.634000 -0.005268 -0.022062 0.006975 -0.006854 -0.019706 -0.001797 0.999781 2 1.000000
1756822024.937000 -0.004194 -0.014569 0.003958 -0.009300 0.012025 -0.034340 0.999295 2 1.000000
1756822025.138000 -0.003395 -0.010291 0.009520 0.003912 -0.034417 -0.033707 0.998831 2 1.000000
1756822025.722000 -0.003885 -0.008756 0.007859 -0.015163 0.003140 -0.022035 0.999637 2 1.000000
1756822026.945000 -0.000341 -0.008299 -0.000168 -0.040927 0.056209 -0.040082 0.996774 2 1.000000
1756822026.972000 -0.002661 -0.008710 -0.011520 -0.039486 0.137320 -0.074347 0.986943 2 1.000000
1756822027.000000 -0.002331 -0.007778 0.002364 -0.042852 0.208815 -0.084353 0.973368 2 1.000000
1756822027.070000 -0.002980 -0.007364 -0.005906 -0.088204 0.206960 -0.038834 0.973591 2 1.000000
1756822027.098000 -0.000300 -0.006215 -0.001388 -0.113525 0.170247 -0.005777 0.978823 2 1.000000
1756822027.157000 -0.001370 -0.006432 -0.002806 -0.134802 0.138861 0.019186 0.980907 2 1.000000
1756822027.268000 0.000729 -0.007071 -0.001635 -0.134474 0.094065 0.040040 0.985629 2 1.000000
1756822027.282000 0.000775 -0.001413 -0.001091 -0.116095 -0.035636 0.045599 0.991551 2 1.000000
1756822027.378000 0.009289 0.013668 0.010654 -0.104966 -0.076823 0.034940 0.990888 2 1.000000
1756822027.746000 0.041732 0.017467 0.039858 -0.146351 -0.098923 0.030802 0.983792 2 1.000000
1756822027.869000 0.042609 0.018794 0.058503 -0.157813 -0.143700 0.010509 0.976901 2 1.000000
1756822027.904000 0.049846 0.018157 0.066310 -0.185272 -0.178726 0.002587 0.966294 2 1.000000
1756822028.094000 0.048634 0.008619 0.085100 -0.155711 -0.210098 0.023254 0.964921 2 1.000000
1756822028.185000 0.057331 0.008316 0.093166 -0.142179 -0.247509 0.005092 0.958383 2 1.000000
1756822028.264000 0.069462 0.009020 0.100296 -0.104369 -0.278737 -0.012747 0.954594 2 1.000000
1756822028.382000 0.099138 0.007025 0.116736 -0.103284 -0.314194 -0.041188 0.942825 2 1.000000
1756822028.644000 0.123416 0.006921 0.127843 -0.060513 -0.316436 -0.048891 0.945419 2 1.000000
1756822028.974000 0.144595 0.006605 0.117212 -0.051984 -0.359316 -0.047572 0.930552 2 1.000000
1756822029.171000 0.148092 0.003644 0.102299 -0.015189 -0.367629 -0.018742 0.929660 2 1.000000
1756822029.209000 0.146891 0.003195 0.094064 0.037236 -0.381816 0.006646 0.923464 2 1.000000
1756822029.318000 0.137763 0.003170 0.081441 -0.004959 -0.354667 0.011935 0.934903 2 1.000000
1756822029.905000 0.130553 0.008275 0.069969 -0.025234 -0.328305 -0.014623 0.944121 2 1.000000
1756822034.453000 0.133324 0.006210 0.059702 0.016354 -0.305938 -0.019398 0.951713 2 1.000000
1756822034.723000 0.133146 0.006920 0.059832 0.006529 -0.264170 -0.022954 0.964181 2 1.000000
1756822035.558000 0.133887 0.007199 0.062364 -0.011698 -0.303948 -0.027630 0.952216 2 1.000000
1756822035.733000 0.132654 0.008123 0.062364 -0.031349 -0.343574 -0.031724 0.938066 2 1.000000
1756822037.680000 0.148609 -0.000768 0.079989 0.006379 -0.364826 -0.027240 0.930655 2 1.000000
1756822040.413000 0.143120 -0.003713 0.088225 0.010686 -0.407603 -0.024679 0.912763 2 1.000000
1756822041.227000 0.145406 -0.004114 0.089877 -0.004539 -0.371746 -0.037200 0.927578 2 1.000000
1756822041.463000 0.144763 -0.003690 0.090364 -0.002565 -0.330829 -0.036130 0.942995 2 1.000000
1756822042.130000 0.141424 -0.002602 0.088093 -0.010130 -0.381183 -0.029519 0.923973 2 1.000000
1756822042.179000 0.140968 -0.001315 0.089298 -0.019410 -0.420222 -0.028591 0.906763 2 1.000000
1756822042.272000 0.140596 -0.000559 0.089893 -0.034739 -0.458213 -0.030462 0.887641 2 1.000000
1756822042.886000 0.145493 -0.004230 0.092094 -0.029166 -0.414518 -0.034479 0.908920 2 1.000000
1756822042.961000 0.147302 -0.003741 0.092337 -0.019841 -0.366928 -0.028128 0.929612 2 1.000000
1756822043.099000 0.147088 -0.004215 0.091836 -0.009918 -0.320963 -0.027422 0.946643 2 1.000000
1756822045.469000 0.157108 -0.000498 0.091340 0.027345 -0.348614 -0.010305 0.936811 2 1.000000
1756822048.014000 0.112108 -0.000044 0.067069 0.041166 -0.345824 0.013100 0.937305 2 1.000000
1756822048.190000 0.103696 -0.002323 0.064666 0.043794 -0.386487 0.019570 0.921047 2 1.000000
1756822048.376000 0.097606 -0.003573 0.061274 0.065758 -0.421054 0.016370 0.904501 2 1.000000
1756822048.643000 0.095297 -0.004472 0.055148 0.068224 -0.379928 0.021411 0.922248 2 1.000000
1756822049.409000 0.091031 -0.003692 0.032383 0.047093 -0.368589 0.058612 0.926547 2 1.000000
1756822056.110000 0.091698 0.000591 0.018468 0.040046 -0.367827 0.013647 0.928931 2 1.000000
1756822056.542000 0.090441 0.001160 0.015946 0.009194 -0.355567 -0.016901 0.934453 2 1.000000
1756822060.141000 0.082667 0.001683 0.020850 -0.017719 -0.323181 -0.023489 0.945880 2 1.000000
1756822060.636000 0.071757 0.000145 0.028391 0.029238 -0.310107 -0.016991 0.950100 2 1.000000
1756822060.945000 0.059923 0.002881 0.037629 0.020535 -0.282683 0.017918 0.958826 2 1.000000
1756822061.175000 0.050975 0.006755 0.040900 -0.021303 -0.277308 0.005688 0.960528 2 1.000000
1756822063.316000 0.033992 0.004162 0.030366 0.016049 -0.247434 0.004395 0.968762 2 1.000000
1756822063.561000 0.023317 0.005622 0.023482 -0.004741 -0.210428 0.008507 0.977561 2 1.000000
1756822063.775000 0.007611 0.004687 0.013451 -0.015316 -0.165230 0.019258 0.985948 2 1.000000
1756822064.387000 -0.026064 0.003888 0.002575 -0.013292 -0.112200 0.008920 0.993557 2 1.000000
1756822064.655000 -0.039581 0.003145 -0.001875 -0.004371 -0.070861 0.019144 0.997293 2 1.000000
1756822064.975000 -0.061760 0.003209 -0.015003 -0.040359 -0.055961 0.042606 0.996707 2 1.000000
1756822065.278000 -0.067020 0.006228 -0.021899 -0.068339 -0.013958 0.049336 0.996344 2 1.000000
1756822065.472000 -0.070037 0.012771 -0.020098 -0.084683 0.030474 0.047258 0.994820 2 1.000000
1756822065.874000 -0.072809 0.045877 -0.016262 -0.063787 0.069388 0.049344 0.994325 2 1.000000
1756822066.841000 -0.067020 0.067669 -0.037227 -0.050214 0.092880 0.083823 0.990871 2 1.000000
1756822067.176000 -0.068571 0.070422 -0.041085 -0.066350 0.125699 0.110701 0.983638 2 1.000000
1756822067.617000 -0.072548 0.070845 -0.040556 -0.038179 0.160350 0.109785 0.980193 2 1.000000
1756822068.115000 -0.076300 0.073650 -0.038216 -0.037605 0.203698 0.116956 0.971295 2 1.000000
1756822072.442000 -0.082449 0.075345 -0.040757 -0.044093 0.189571 0.076631 0.977879 2 1.000000
1756822084.384000 -0.085015 0.080965 -0.047787 -0.084056 0.171541 0.074175 0.978778 2 1.000000
