# ORB-SLAM3 Path Recording
# Format: timestamp tx ty tz qx qy qz qw tracking_state confidence
# Translation in meters, quaternion (x,y,z,w), timestamp in seconds
# Coordinate system: Camera frame
1756774568.084000 0.000000 0.000000 0.000000 -0.000000 -0.000000 -0.000000 1.000000 1 0.500000
1756774572.150000 -0.014947 0.003793 -0.007027 0.011031 0.018298 -0.040694 0.998943 2 1.000000
1756774572.506000 -0.019555 0.011193 -0.020809 0.016067 0.051324 -0.010252 0.998500 2 1.000000
1756774572.597000 -0.019890 0.007681 -0.020536 -0.003551 0.016042 0.008910 0.999825 2 1.000000
1756774572.741000 -0.024556 0.007354 -0.023279 -0.010522 -0.033071 -0.000022 0.999398 2 1.000000
1756774573.008000 -0.023813 0.008169 -0.014659 0.005796 0.013976 -0.006031 0.999867 2 1.000000
1756774573.817000 -0.004211 0.009115 -0.011089 -0.003896 0.028434 0.035580 0.998955 2 1.000000
1756774574.016000 0.010464 0.008689 -0.005322 -0.016144 0.070954 0.053203 0.995929 2 1.000000
1756774574.113000 0.018766 0.009688 -0.001481 -0.005701 0.119543 0.062120 0.990867 2 1.000000
1756774574.205000 0.021562 0.008717 -0.004290 -0.002199 0.156313 0.084349 0.984097 2 1.000000
1756774574.298000 0.026606 0.012637 -0.000617 0.007063 0.199263 0.084987 0.976228 2 1.000000
1756774574.525000 0.016498 0.005972 0.007582 -0.017460 0.181717 0.050424 0.981902 2 1.000000
1756774574.606000 0.010884 0.003677 0.014019 -0.010951 0.141048 0.036209 0.989280 2 1.000000
1756774574.709000 0.002423 0.000587 0.024728 -0.010260 0.106923 0.008665 0.994177 2 1.000000
1756774574.800000 -0.006232 -0.000689 0.030955 -0.011706 0.056459 -0.006311 0.998316 2 1.000000
1756774574.890000 -0.010987 -0.000509 0.036584 -0.007733 0.002767 -0.013777 0.999871 2 1.000000
1756774574.959000 -0.011844 -0.001406 0.041040 -0.017781 -0.039615 -0.019045 0.998875 2 1.000000
1756774575.048000 -0.014707 -0.003490 0.052189 -0.022744 -0.088223 -0.024288 0.995545 2 1.000000
1756774575.131000 -0.017768 -0.004794 0.069817 -0.018393 -0.132034 -0.021708 0.990837 2 1.000000
1756774575.215000 -0.017903 -0.007820 0.077778 -0.016068 -0.176120 -0.017121 0.984089 2 1.000000
1756774575.685000 -0.014798 -0.005503 0.088802 -0.039377 -0.216105 -0.022491 0.975317 2 1.000000
1756774575.768000 -0.013351 -0.005357 0.075587 -0.027955 -0.254295 -0.056916 0.965046 2 1.000000
1756774575.853000 -0.012153 -0.000623 0.061142 -0.020631 -0.297511 -0.077442 0.951349 2 1.000000
1756774575.917000 -0.009435 -0.000933 0.052913 -0.035513 -0.336436 -0.085195 0.937172 2 1.000000
1756774576.001000 -0.009402 0.001921 0.048543 -0.039497 -0.379023 -0.105266 0.918532 2 1.000000
1756774576.093000 -0.017548 -0.017888 0.066066 -0.058513 -0.402358 -0.148303 0.901493 2 1.000000
1756774578.572000 -0.002976 0.010884 0.003323 -0.067928 -0.015374 0.031130 0.997086 2 1.000000
1756774578.834000 -0.003170 0.010595 0.031089 -0.064836 0.013246 -0.005114 0.997795 2 1.000000
1756774579.101000 -0.018919 0.007072 0.052853 -0.064956 -0.028651 -0.022486 0.997223 2 1.000000
1756774579.297000 -0.025324 0.006990 0.069043 -0.071466 -0.069269 -0.040946 0.994192 2 1.000000
1756774579.536000 -0.020058 -0.001259 0.099210 -0.039847 -0.094589 -0.021955 0.994476 2 1.000000
1756774579.694000 -0.016389 -0.002943 0.114748 -0.036359 -0.140914 -0.020768 0.989136 2 1.000000
1756774580.100000 -0.013624 0.000614 0.117870 -0.035070 -0.178304 -0.049992 0.982079 2 1.000000
1756774580.219000 -0.010369 0.000366 0.102185 -0.013618 -0.216788 -0.067385 0.973795 2 1.000000
1756774580.516000 0.000001 0.004096 0.075806 -0.006537 -0.246989 -0.100790 0.963740 2 1.000000
1756774583.565000 0.024470 0.000381 0.109824 -0.014235 -0.278631 -0.072468 0.957554 2 1.000000
1756774585.301000 0.035626 0.008998 0.064649 -0.029697 -0.299278 -0.107968 0.947572 2 1.000000
1756774585.531000 0.035166 0.011778 0.061320 -0.043966 -0.331522 -0.129526 0.933479 2 1.000000
1756774586.679000 -0.056566 -0.007378 0.122846 -0.019990 -0.418299 -0.107586 0.901694 2 1.000000
1756774587.755000 -0.048942 -0.005558 0.121869 -0.009661 -0.378942 -0.114375 0.918275 2 1.000000
1756774594.182000 -0.042468 -0.004211 0.127756 0.008030 -0.343413 -0.102137 0.933580 2 1.000000
1756774596.164000 -0.031696 -0.000091 0.109156 0.041447 -0.367065 -0.114018 0.922250 2 1.000000
1756774597.640000 -0.031586 -0.004105 0.139333 0.015942 -0.361375 -0.079374 0.928899 2 1.000000
1756774598.979000 -0.028288 -0.003148 0.135322 0.001642 -0.402341 -0.065477 0.913144 2 1.000000
1756774599.144000 -0.029817 -0.004281 0.132724 -0.010287 -0.441199 -0.075137 0.894199 2 1.000000
1756774599.272000 -0.029993 -0.004041 0.132182 -0.004327 -0.479428 -0.087203 0.873227 2 1.000000
1756774599.415000 -0.027469 -0.005538 0.126193 0.000524 -0.517328 -0.096729 0.850303 2 1.000000
1756774600.015000 -0.028142 -0.004000 0.133572 -0.012275 -0.480859 -0.090818 0.871995 2 1.000000
1756774600.149000 -0.030400 -0.002754 0.138986 -0.006776 -0.439197 -0.079993 0.894796 2 1.000000
1756774600.264000 -0.030970 -0.003004 0.144117 0.008722 -0.396750 -0.077710 0.914590 2 1.000000
1756774600.469000 -0.031417 -0.000707 0.147633 0.010780 -0.355665 -0.084200 0.930751 2 1.000000
1756774601.059000 -0.030458 -0.001610 0.147384 -0.007956 -0.392393 -0.073865 0.916792 2 1.000000
1756774601.174000 -0.031119 -0.003121 0.141541 -0.004704 -0.432485 -0.076367 0.898389 2 1.000000
1756774601.260000 -0.031006 -0.002510 0.137549 -0.001856 -0.472959 -0.078836 0.877548 2 1.000000
1756774601.361000 -0.030162 -0.003379 0.131132 0.004251 -0.513802 -0.087802 0.853393 2 1.000000
1756774601.481000 -0.030476 -0.003031 0.125230 0.005625 -0.552012 -0.095157 0.828370 2 1.000000
1756774601.847000 -0.032474 -0.002156 0.122126 0.004240 -0.516078 -0.119250 0.848189 2 1.000000
1756774601.923000 -0.030890 -0.002109 0.132863 0.004359 -0.473666 -0.112532 0.873475 2 1.000000
1756774601.982000 -0.029644 -0.002267 0.138301 0.003986 -0.434398 -0.103823 0.894709 2 1.000000
1756774602.042000 -0.028971 -0.001925 0.141332 0.005009 -0.386315 -0.093692 0.917582 2 1.000000
1756774602.102000 -0.027172 -0.001880 0.151146 0.004813 -0.340295 -0.081971 0.936727 2 1.000000
1756774602.160000 -0.026629 -0.002476 0.153309 0.003056 -0.288530 -0.071445 0.954797 2 1.000000
1756774602.221000 -0.022841 -0.002998 0.155255 0.001804 -0.242146 -0.063251 0.968174 2 1.000000
1756774602.279000 -0.020478 -0.002881 0.163274 -0.000513 -0.199375 -0.054444 0.978409 2 1.000000
1756774602.337000 -0.017192 -0.002215 0.166914 -0.002160 -0.156003 -0.047947 0.986590 2 1.000000
1756774602.409000 -0.009742 -0.005812 0.163252 -0.007480 -0.105964 -0.039241 0.993567 2 1.000000
1756774602.483000 -0.004548 -0.006715 0.164579 -0.007443 -0.060468 -0.032102 0.997626 2 1.000000
1756774602.582000 0.000007 -0.006004 0.166845 -0.009132 -0.010358 -0.022162 0.999659 2 1.000000
1756774602.935000 -0.005197 -0.005821 0.163941 -0.006617 -0.065943 -0.026473 0.997450 2 1.000000
1756774603.012000 -0.010850 -0.005448 0.162154 -0.004443 -0.121764 -0.040556 0.991720 2 1.000000
1756774603.068000 -0.014785 -0.004115 0.159051 0.000015 -0.165774 -0.052776 0.984751 2 1.000000
1756774603.147000 -0.019639 -0.004107 0.155486 0.003763 -0.210382 -0.067436 0.975283 2 1.000000
1756774603.251000 -0.025247 -0.002425 0.150205 0.006408 -0.259124 -0.082611 0.962283 2 1.000000
1756774603.356000 -0.029890 -0.000666 0.143286 0.008693 -0.305179 -0.099328 0.947061 2 1.000000
1756774603.490000 -0.030554 -0.000797 0.137913 0.014892 -0.346999 -0.099749 0.932427 2 1.000000
1756774606.206000 -0.029521 0.001172 0.142206 0.002042 -0.385327 -0.103928 0.916907 2 1.000000
1756774609.099000 -0.029160 0.003842 0.138080 0.000903 -0.420611 -0.122681 0.898908 2 1.000000
1756774609.287000 -0.029648 0.004005 0.135113 -0.001226 -0.461909 -0.124367 0.878164 2 1.000000
1756774610.102000 -0.032492 0.003839 0.139617 -0.004180 -0.423008 -0.124804 0.897480 2 1.000000
1756774610.211000 -0.031413 0.004012 0.141233 -0.004207 -0.381692 -0.119971 0.916461 2 1.000000
1756774610.307000 -0.030492 0.004176 0.141119 -0.003924 -0.337243 -0.118655 0.933902 2 1.000000
1756774610.400000 -0.027234 0.002301 0.144178 -0.013898 -0.293188 -0.105505 0.950114 2 1.000000
1756774610.462000 -0.025681 0.001674 0.145794 -0.019863 -0.252874 -0.094053 0.962712 2 1.000000
1756774610.522000 -0.023980 0.001596 0.146178 -0.024800 -0.207569 -0.086904 0.974037 2 1.000000
1756774610.608000 -0.021337 0.001200 0.147558 -0.027981 -0.153355 -0.079910 0.984537 2 1.000000
1756774610.686000 -0.016778 -0.000990 0.148129 -0.029473 -0.110682 -0.068028 0.991087 2 1.000000
1756774611.002000 -0.023571 -0.000960 0.142398 -0.028329 -0.165101 -0.082724 0.982393 2 1.000000
1756774611.061000 -0.027295 -0.000696 0.137999 -0.026254 -0.212961 -0.094862 0.972090 2 1.000000
1756774611.121000 -0.034309 0.001172 0.134994 -0.020209 -0.256770 -0.110979 0.959867 2 1.000000
1756774611.182000 -0.039519 0.000820 0.131210 -0.013010 -0.299629 -0.125035 0.945738 2 1.000000
1756774611.267000 -0.041871 -0.000094 0.126261 0.001264 -0.344709 -0.138315 0.928463 2 1.000000
1756774611.408000 -0.045122 0.000934 0.124308 0.010774 -0.386848 -0.143359 0.910868 2 1.000000
1756774616.657000 -0.031627 0.002971 0.110311 0.032824 -0.361916 -0.115979 0.924385 2 1.000000
1756774617.160000 -0.037718 0.003220 0.105817 0.031734 -0.407176 -0.127482 0.903852 2 1.000000
1756774617.274000 -0.039130 0.003980 0.102334 0.035523 -0.447280 -0.134011 0.883584 2 1.000000
1756774617.378000 -0.040048 0.004323 0.098988 0.036826 -0.486380 -0.135711 0.862358 2 1.000000
1756774617.567000 -0.041667 0.003492 0.095833 0.044312 -0.522395 -0.142567 0.839532 2 1.000000
1756774617.853000 -0.042040 0.002321 0.102257 0.044968 -0.483956 -0.143595 0.862059 2 1.000000
1756774617.988000 -0.042507 0.002142 0.105492 0.040737 -0.441479 -0.140492 0.885268 2 1.000000
1756774618.122000 -0.038485 0.002157 0.111865 0.038053 -0.398359 -0.129071 0.907305 2 1.000000
1756774618.236000 -0.038253 0.002275 0.112405 0.034011 -0.355696 -0.122483 0.925916 2 1.000000
1756774618.377000 -0.033805 0.002770 0.117486 0.031087 -0.312062 -0.116785 0.942344 2 1.000000
1756774618.541000 -0.030771 0.002328 0.119762 0.029889 -0.264204 -0.112389 0.957430 2 1.000000
1756774618.650000 -0.027851 0.001258 0.116691 0.030695 -0.217694 -0.109687 0.969348 2 1.000000
1756774618.760000 -0.024066 0.001681 0.129945 0.025176 -0.175950 -0.100356 0.978947 2 1.000000
1756774619.138000 -0.028799 0.002253 0.124580 0.022120 -0.222060 -0.109244 0.968641 2 1.000000
1756774619.225000 -0.031766 0.001705 0.117534 0.029129 -0.265700 -0.112697 0.957003 2 1.000000
1756774619.381000 -0.034793 0.003073 0.113481 0.036785 -0.308036 -0.125383 0.942359 2 1.000000
1756774621.780000 -0.041940 0.002923 0.113015 0.030145 -0.350624 -0.128875 0.927117 2 1.000000
1756774621.946000 -0.043265 0.002783 0.106208 0.033068 -0.390667 -0.131327 0.910516 2 1.000000
1756774622.081000 -0.045656 0.003984 0.101746 0.038464 -0.437673 -0.136872 0.887823 2 1.000000
1756774622.214000 -0.048681 0.006727 0.096406 0.043161 -0.484828 -0.141575 0.861995 2 1.000000
1756774622.350000 -0.047081 0.006996 0.091583 0.041797 -0.527210 -0.146455 0.835974 2 1.000000
1756774622.533000 -0.045330 0.006664 0.089426 0.040166 -0.564019 -0.152974 0.810474 2 1.000000
1756774623.014000 -0.045362 0.004874 0.097148 0.026401 -0.525025 -0.148399 0.837633 2 1.000000
1756774623.147000 -0.041886 0.003646 0.102894 0.019254 -0.485894 -0.141112 0.862337 2 1.000000
1756774623.281000 -0.040357 0.003478 0.108128 0.011015 -0.449399 -0.132023 0.883453 2 1.000000
1756774623.447000 -0.039013 0.003688 0.113373 0.010288 -0.409687 -0.123388 0.903784 2 1.000000
1756774623.647000 -0.034954 0.002833 0.117560 0.009902 -0.364892 -0.114002 0.923991 2 1.000000
1756774624.813000 -0.039777 0.002020 0.124713 0.000107 -0.323466 -0.120649 0.938517 2 1.000000
1756774625.813000 -0.069547 -0.004828 0.166294 -0.025516 -0.340975 -0.096246 0.934784 2 1.000000
1756774626.847000 -0.091958 -0.007146 0.192782 -0.026578 -0.297560 -0.103732 0.948679 2 1.000000
1756774627.081000 -0.104794 -0.013285 0.202500 -0.030182 -0.254359 -0.093759 0.962081 2 1.000000
1756774627.847000 -0.137636 -0.021603 0.240117 -0.035546 -0.291994 -0.085792 0.951901 2 1.000000
1756774628.647000 -0.164617 -0.030238 0.283512 -0.045566 -0.316755 -0.088144 0.943303 2 1.000000
1756774629.480000 -0.203465 -0.038354 0.314795 -0.049991 -0.333219 -0.082483 0.937903 2 1.000000
1756774629.781000 -0.211126 -0.043934 0.343664 -0.042780 -0.375127 -0.089912 0.921610 2 1.000000
1756774630.468000 -0.223364 -0.051875 0.383050 -0.044643 -0.414371 -0.100429 0.903448 2 1.000000
1756774630.981000 -0.258733 -0.060389 0.418342 -0.048368 -0.417148 -0.114007 0.900362 2 1.000000
1756774631.315000 -0.269272 -0.064304 0.442585 -0.055872 -0.455954 -0.114603 0.880824 2 1.000000
1756774631.514000 -0.270252 -0.068739 0.465817 -0.052261 -0.490619 -0.135785 0.859142 2 1.000000
1756774631.840000 -0.275406 -0.073621 0.489321 -0.053763 -0.527137 -0.145460 0.835510 2 1.000000
1756774632.446000 -0.305018 -0.076228 0.529797 -0.051734 -0.561891 -0.152280 0.811427 2 1.000000
1756774632.914000 -0.332055 -0.082360 0.542070 -0.045867 -0.597531 -0.160304 0.784319 2 1.000000
1756774633.115000 -0.344204 -0.083654 0.549799 -0.045321 -0.635845 -0.168851 0.751755 2 1.000000
1756774633.247000 -0.353220 -0.080062 0.557394 -0.034597 -0.665355 -0.181843 0.723214 2 1.000000
1756774633.381000 -0.363627 -0.083739 0.560829 -0.036475 -0.695398 -0.201526 0.688824 2 1.000000
1756774633.548000 -0.371658 -0.083223 0.558805 -0.028646 -0.726044 -0.215790 0.652284 2 1.000000
1756774633.681000 -0.383021 -0.087148 0.574182 -0.029247 -0.756255 -0.219219 0.615765 2 1.000000
1756774633.915000 -0.391475 -0.084158 0.575640 -0.030441 -0.784600 -0.218740 0.579335 2 1.000000
1756774634.514000 -0.421922 -0.081058 0.563718 -0.017956 -0.807129 -0.232036 0.542567 2 1.000000
1756774634.915000 -0.442141 -0.077628 0.548383 -0.003974 -0.827828 -0.240420 0.506836 2 1.000000
1756774635.181000 -0.458945 -0.075264 0.546428 -0.000080 -0.850478 -0.240640 0.467740 2 1.000000
1756774635.486000 -0.483087 -0.072750 0.540879 0.002037 -0.864612 -0.262875 0.428180 2 1.000000
1756774636.330000 -0.523802 -0.058618 0.515477 0.011455 -0.863914 -0.281857 0.417226 2 1.000000
1756774636.489000 -0.529147 -0.052962 0.498374 0.028641 -0.880002 -0.286790 0.377528 2 1.000000
1756774636.648000 -0.530604 -0.050167 0.485689 0.033070 -0.896342 -0.291926 0.332048 2 1.000000
1756774636.815000 -0.530552 -0.046359 0.478422 0.035986 -0.910059 -0.301825 0.281780 2 1.000000
1756774636.947000 -0.529728 -0.042120 0.470695 0.038693 -0.921191 -0.308958 0.233357 2 1.000000
1756774637.049000 -0.532265 -0.038329 0.465847 0.039934 -0.930882 -0.309600 0.189766 2 1.000000
1756774637.148000 -0.533574 -0.034201 0.459054 0.040164 -0.939610 -0.307420 0.144959 2 1.000000
1756774637.281000 -0.536446 -0.033091 0.452492 0.041288 -0.944876 -0.312587 0.088284 2 1.000000
1756774637.415000 -0.539143 -0.032369 0.444719 0.048907 -0.946197 -0.316953 0.043127 2 1.000000
1756774637.581000 -0.541055 -0.029902 0.438761 -0.052231 0.945941 0.320000 0.008209 2 1.000000
1756774637.748000 -0.539699 -0.028134 0.433081 -0.054087 0.943227 0.322288 0.059398 2 1.000000
1756774637.914000 -0.540022 -0.026339 0.427981 -0.050448 0.940092 0.320239 0.105497 2 1.000000
1756774638.114000 -0.539943 -0.022990 0.419402 -0.043295 0.934723 0.317202 0.154277 2 1.000000
1756774638.481000 -0.519975 -0.016855 0.403644 -0.043748 0.931729 0.302895 0.195507 2 1.000000
1756774638.748000 -0.504065 -0.016064 0.396416 -0.044735 0.922972 0.297171 0.240439 2 1.000000
1756774639.114000 -0.488743 -0.011648 0.376793 -0.040812 0.914353 0.286707 0.283005 2 1.000000
1756774639.381000 -0.482748 -0.007173 0.357666 -0.039618 0.903880 0.274244 0.325916 2 1.000000
1756774640.358000 -0.465277 0.002537 0.311405 -0.034997 0.915995 0.250682 0.311266 2 1.000000
1756774640.747000 -0.444142 0.003914 0.294493 -0.032741 0.925926 0.262738 0.269365 2 1.000000
1756774642.019000 -0.405346 0.007585 0.261918 -0.037628 0.930681 0.241948 0.271806 2 1.000000
1756774642.655000 -0.391215 0.018655 0.214058 -0.035000 0.925895 0.245720 0.284807 2 1.000000
1756774642.914000 -0.383036 0.022184 0.194513 -0.027267 0.937860 0.246606 0.242614 2 1.000000
1756774643.181000 -0.373403 0.020961 0.181401 -0.021549 0.949323 0.243953 0.196999 2 1.000000
1756774643.414000 -0.371326 0.021847 0.174296 -0.020103 0.955738 0.250343 0.153263 2 1.000000
1756774643.648000 -0.373481 0.022664 0.168304 -0.020099 0.961134 0.252664 0.109443 2 1.000000
1756774644.415000 -0.415402 0.017514 0.162975 -0.041830 0.960506 0.265939 0.070388 2 1.000000
1756774645.048000 -0.442280 0.013516 0.161095 -0.024254 0.964657 0.261024 0.026737 2 1.000000
1756774653.367000 -0.413597 0.013933 0.153900 -0.035146 0.963574 0.254597 0.073968 2 1.000000
1756774653.581000 -0.397398 0.016939 0.151930 -0.038022 0.959025 0.254229 0.119131 2 1.000000
1756774653.849000 -0.382305 0.019735 0.148368 -0.043794 0.951296 0.257977 0.162991 2 1.000000
1756774654.416000 -0.364943 0.036069 0.100377 -0.052217 0.949306 0.276159 0.140814 2 1.000000
1756774654.744000 -0.361215 0.040430 0.068702 -0.034099 0.952726 0.285053 0.099472 2 1.000000
1756774654.951000 -0.361502 0.045944 0.045978 -0.023253 0.954287 0.293214 0.053106 2 1.000000
1756774655.149000 -0.361786 0.049924 0.029009 -0.015310 0.953596 0.300547 0.009593 2 1.000000
1756774655.350000 -0.358715 0.054129 0.008132 0.008979 -0.952587 -0.301696 0.038420 2 1.000000
1756774655.615000 -0.356766 0.058946 -0.018953 0.008742 -0.947075 -0.310294 0.081800 2 1.000000
1756774656.182000 -0.382425 0.071751 -0.062036 -0.009623 -0.942053 -0.316957 0.109460 2 1.000000
1756774656.815000 -0.410028 0.078269 -0.092204 -0.025794 -0.934369 -0.321888 0.150592 2 1.000000
1756774657.648000 -0.445711 0.090496 -0.125531 -0.031088 -0.928062 -0.347892 0.129248 2 1.000000
1756774657.930000 -0.468819 0.092896 -0.139906 -0.017880 -0.931723 -0.353273 0.082283 2 1.000000
1756774658.282000 -0.489265 0.098245 -0.156845 -0.021664 -0.932422 -0.358684 0.038288 2 1.000000
1756774658.582000 -0.499338 0.107282 -0.176957 0.012453 -0.928737 -0.370478 0.006170 2 1.000000
1756774658.982000 -0.503967 0.115538 -0.198226 -0.023655 0.929236 0.366727 0.038373 2 1.000000
1756774659.316000 -0.505030 0.122978 -0.210204 -0.051834 0.925067 0.368842 0.074297 2 1.000000
1756774659.582000 -0.509515 0.130101 -0.227033 -0.044676 0.919953 0.370438 0.120276 2 1.000000
1756774659.815000 -0.517257 0.135356 -0.247000 -0.054045 0.913787 0.367467 0.164440 2 1.000000
1756774660.050000 -0.523960 0.135831 -0.265501 -0.055422 0.915845 0.340445 0.205557 2 1.000000
1756774660.415000 -0.520978 0.135892 -0.288054 -0.048634 0.924684 0.302635 0.225847 2 1.000000
1756774661.182000 -0.493727 0.143730 -0.327151 -0.085072 0.925478 0.280897 0.239477 2 1.000000
1756774661.802000 -0.488678 0.145731 -0.348213 -0.088139 0.920953 0.255239 0.280946 2 1.000000
1756774661.975000 -0.490554 0.150247 -0.364274 -0.086635 0.910147 0.245562 0.322221 2 1.000000
1756774662.249000 -0.491750 0.154213 -0.379143 -0.078986 0.892870 0.255461 0.362332 2 1.000000
1756774669.083000 -0.495184 0.150724 -0.389618 -0.054772 0.888834 0.233168 0.390650 2 1.000000
1756774672.283000 -0.491477 0.144222 -0.380166 -0.055680 0.873835 0.214194 0.432935 2 1.000000
1756774672.417000 -0.488231 0.143117 -0.373774 -0.052393 0.851858 0.212385 0.475905 2 1.000000
1756774672.550000 -0.486141 0.139529 -0.364395 -0.054993 0.828484 0.205134 0.518179 2 1.000000
1756774672.716000 -0.485644 0.132280 -0.353482 -0.049478 0.800754 0.197977 0.563161 2 1.000000
1756774672.883000 -0.485117 0.127429 -0.338928 -0.048467 0.776922 0.187297 0.599136 2 1.000000
1756774673.331000 -0.496893 0.109888 -0.292929 -0.056921 0.751853 0.182522 0.631002 2 1.000000
1756774673.650000 -0.507067 0.097865 -0.257638 -0.047623 0.725109 0.162647 0.667454 2 1.000000
1756774673.850000 -0.506622 0.094148 -0.237814 -0.057087 0.697839 0.134795 0.701136 2 1.000000
1756774674.016000 -0.497652 0.095089 -0.228977 -0.050203 0.661618 0.130487 0.736691 2 1.000000
1756774674.284000 -0.487011 0.097830 -0.215418 -0.033193 0.631081 0.134173 0.763304 2 1.000000
1756774674.817000 -0.459625 0.091931 -0.192519 -0.053981 0.658356 0.153993 0.734805 2 1.000000
1756774674.984000 -0.450638 0.090737 -0.172289 -0.053370 0.695900 0.151376 0.699972 2 1.000000
1756774675.117000 -0.451594 0.077558 -0.161520 -0.055561 0.728228 0.156468 0.664917 2 1.000000
1756774675.284000 -0.442631 0.075624 -0.134160 -0.072546 0.755842 0.159721 0.630816 2 1.000000
1756774675.917000 -0.408943 0.063302 -0.097264 -0.045377 0.767209 0.149844 0.621996 2 1.000000
1756774676.383000 -0.355364 0.059023 -0.089397 -0.034780 0.779291 0.165054 0.603534 2 1.000000
1756774676.750000 -0.317830 0.058710 -0.071146 -0.033490 0.806406 0.170359 0.565301 2 1.000000
1756774676.955000 -0.294069 0.056911 -0.056152 -0.019039 0.826047 0.186692 0.531442 2 1.000000
1756774677.251000 -0.261906 0.052268 -0.037610 -0.032295 0.849502 0.173035 0.497355 2 1.000000
1756774677.684000 -0.208378 0.053965 -0.035373 -0.017091 0.828068 0.181417 0.530187 2 1.000000
1756774678.050000 -0.156213 0.053751 -0.046143 -0.034845 0.809866 0.198855 0.550781 2 1.000000
1756774678.384000 -0.113691 0.060787 -0.047672 -0.047961 0.830381 0.208037 0.514673 2 1.000000
1756774678.751000 -0.061658 0.060942 -0.036691 -0.052205 0.848575 0.217514 0.479460 2 1.000000
1756774678.984000 -0.039185 0.058416 -0.025491 -0.052650 0.828979 0.197580 0.520561 2 1.000000
1756774679.118000 -0.024891 0.061967 -0.023028 -0.043377 0.806342 0.188385 0.558965 2 1.000000
1756774679.251000 -0.012170 0.055761 -0.016481 -0.033530 0.781708 0.188533 0.593519 2 1.000000
1756774679.385000 -0.000567 0.058678 -0.013821 -0.023486 0.755100 0.187294 0.627848 2 1.000000
1756774679.551000 0.017166 0.057954 -0.018154 -0.021187 0.721469 0.196420 0.663666 2 1.000000
1756774679.785000 0.046451 0.051640 -0.006982 -0.032358 0.693049 0.190164 0.694603 2 1.000000
1756774680.251000 0.099591 0.063885 0.000387 -0.064762 0.681410 0.208543 0.698567 2 1.000000
1756774680.584000 0.148070 0.058843 0.013714 -0.036672 0.680968 0.219947 0.697539 2 1.000000
1756774680.818000 0.171368 0.065006 0.023449 -0.026659 0.673622 0.177895 0.716851 2 1.000000
1756774681.018000 0.193089 0.066890 0.028966 -0.014823 0.649217 0.154442 0.744610 2 1.000000
1756774681.156000 0.215694 0.074537 0.026203 -0.008118 0.621771 0.135061 0.771423 2 1.000000
1756774681.365000 0.251442 0.075331 0.034680 -0.001499 0.585921 0.129451 0.799960 2 1.000000
1756774681.785000 0.300574 0.080174 0.056171 -0.011350 0.572748 0.115392 0.811490 2 1.000000
1756774682.185000 0.347253 0.081872 0.075856 -0.030331 0.552137 0.110529 0.825837 2 1.000000
1756774682.318000 0.360207 0.082151 0.078137 -0.029968 0.507694 0.092714 0.856010 2 1.000000
1756774682.517000 0.370374 0.080006 0.082060 -0.026597 0.470619 0.083545 0.877969 2 1.000000
1756774682.701000 0.381250 0.079053 0.086681 -0.026653 0.430023 0.079429 0.898922 2 1.000000
1756774682.761000 0.387285 0.081764 0.093652 -0.023184 0.387017 0.065866 0.919425 2 1.000000
1756774682.833000 0.388545 0.083330 0.110406 -0.024014 0.343828 0.042818 0.937748 2 1.000000
1756774682.952000 0.394007 0.086489 0.121489 -0.019767 0.298669 0.029364 0.953700 2 1.000000
1756774683.117000 0.402759 0.087473 0.133465 -0.019584 0.253638 0.012774 0.967017 2 1.000000
1756774683.325000 0.405647 0.087844 0.138443 -0.020982 0.207240 -0.004533 0.978055 2 1.000000
1756774683.439000 0.405952 0.087903 0.139055 -0.017412 0.160046 -0.009144 0.986914 2 1.000000
1756774683.512000 0.406026 0.087902 0.138630 -0.013657 0.113425 -0.005679 0.993436 2 1.000000
1756774683.745000 0.406248 0.087827 0.139129 -0.007962 0.065578 -0.016346 0.997682 2 1.000000
1756774684.078000 0.405867 0.087786 0.138409 -0.006611 0.021170 -0.031923 0.999244 2 1.000000
1756774684.545000 0.405586 0.087737 0.138232 0.007832 -0.022985 -0.041218 0.998855 2 1.000000
1756774684.778000 0.405519 0.087742 0.138223 0.009026 -0.067905 -0.035927 0.997004 2 1.000000
1756774685.280000 0.405457 0.087717 0.138274 -0.005436 -0.109925 -0.035691 0.993284 2 1.000000
1756774685.880000 0.405808 0.087731 0.139583 -0.003795 -0.156472 -0.035647 0.987032 2 1.000000
1756774686.212000 0.405910 0.087691 0.139902 -0.015614 -0.197894 -0.041467 0.979222 2 1.000000
1756774691.506000 0.020594 0.015583 -0.025471 -0.023776 -0.050804 -0.020548 0.998214 2 1.000000
1756774693.848000 0.007406 0.033727 -0.072235 -0.018102 -0.051180 -0.053812 0.997074 2 1.000000
1756774694.442000 0.001811 0.039862 -0.090320 0.011571 -0.083437 -0.057120 0.994807 2 1.000000
1756774696.786000 -0.004056 0.042233 -0.098735 0.033097 -0.118156 -0.075220 0.989589 2 1.000000
1756774697.185000 -0.021263 0.041752 -0.094339 0.043055 -0.153787 -0.101102 0.981975 2 1.000000
1756774697.453000 -0.035996 0.036659 -0.081670 0.049134 -0.193595 -0.116508 0.972899 2 1.000000
1756774697.653000 -0.057427 0.034849 -0.059779 0.036963 -0.237999 -0.122012 0.962862 2 1.000000
1756774697.886000 -0.094269 0.031594 -0.024492 0.026713 -0.273940 -0.135940 0.951716 2 1.000000
1756774698.086000 -0.114693 0.022325 -0.015856 0.021375 -0.313436 -0.157026 0.936292 2 1.000000
1756774698.421000 -0.156106 0.019878 0.014634 0.042404 -0.322046 -0.187125 0.927078 2 1.000000
1756774698.685000 -0.188934 0.011285 0.034029 0.071465 -0.287798 -0.184546 0.937021 2 1.000000
1756774698.952000 -0.231638 -0.003738 0.057500 0.067672 -0.256362 -0.191623 0.944976 2 1.000000
1756774699.320000 -0.275108 -0.013649 0.084710 0.073305 -0.291327 -0.173431 0.937911 2 1.000000
1756774699.620000 -0.311940 -0.037817 0.117305 0.066902 -0.324330 -0.183399 0.925580 2 1.000000
1756774699.892000 -0.346947 -0.063404 0.155586 0.043197 -0.346043 -0.179934 0.919789 2 1.000000
1756774700.186000 -0.387573 -0.080355 0.182788 0.059884 -0.337456 -0.192717 0.919455 2 1.000000
1756774700.485000 -0.436861 -0.091803 0.204920 0.067625 -0.309772 -0.200937 0.926872 2 1.000000
1756774700.787000 -0.484169 -0.108480 0.212287 0.090533 -0.300386 -0.177878 0.932701 2 1.000000
1756774700.986000 -0.508301 -0.111432 0.220219 0.083264 -0.338376 -0.191625 0.917523 2 1.000000
1756774701.222000 -0.549614 -0.114730 0.235197 0.072779 -0.382949 -0.189291 0.901234 2 1.000000
1756774701.353000 -0.575366 -0.117915 0.243833 0.043326 -0.415523 -0.201406 0.885946 2 1.000000
1756774701.553000 -0.622444 -0.128913 0.250071 0.030384 -0.450387 -0.232423 0.861515 2 1.000000
1756774701.687000 -0.651014 -0.128800 0.253380 0.045014 -0.475622 -0.259462 0.839308 2 1.000000
1756774701.887000 -0.694612 -0.123184 0.247775 0.056531 -0.496858 -0.293494 0.814738 2 1.000000
1756774702.119000 -0.752250 -0.119830 0.236104 0.050145 -0.504316 -0.311822 0.803690 2 1.000000
1756774702.320000 -0.800732 -0.120652 0.218830 0.078071 -0.501999 -0.316046 0.801260 2 1.000000
1756774702.420000 -0.819071 -0.120623 0.213656 0.066683 -0.545396 -0.289757 0.783669 2 1.000000
1756774702.519000 -0.844372 -0.116387 0.207155 0.058498 -0.581957 -0.293918 0.755987 2 1.000000
1756774702.653000 -0.872399 -0.110692 0.208663 0.050696 -0.620639 -0.316012 0.715803 2 1.000000
1756774702.756000 -0.901486 -0.105257 0.202503 0.040529 -0.656888 -0.335351 0.674089 2 1.000000
1756774702.852000 -0.930395 -0.102648 0.201279 0.033783 -0.686907 -0.359885 0.630476 2 1.000000
1756774702.988000 -0.967015 -0.099005 0.191225 0.056326 -0.710844 -0.370898 0.594947 2 1.000000
1756774703.120000 -1.004825 -0.094732 0.187155 0.064781 -0.733126 -0.380691 0.559825 2 1.000000
1756774703.353000 -1.054813 -0.085751 0.176065 0.078845 -0.722909 -0.382829 0.569762 2 1.000000
1756774703.486000 -1.086511 -0.078720 0.169901 0.092229 -0.691258 -0.387831 0.602696 2 1.000000
1756774703.553000 -1.103217 -0.076468 0.166806 0.088917 -0.659571 -0.405843 0.626379 2 1.000000
1756774703.720000 -1.144835 -0.075663 0.150967 0.085154 -0.634568 -0.389309 0.662202 2 1.000000
1756774703.853000 -1.171301 -0.076733 0.135495 0.069747 -0.646273 -0.345624 0.676765 2 1.000000
1756774704.060000 -1.222109 -0.063852 0.120115 0.050527 -0.663771 -0.329672 0.669456 2 1.000000
1756774704.155000 -1.246530 -0.057958 0.113348 0.019104 -0.692932 -0.327740 0.641924 2 1.000000
1756774704.252000 -1.275196 -0.056213 0.104246 -0.010462 -0.700596 -0.355059 0.618861 2 1.000000
1756774704.421000 -1.324578 -0.061669 0.081687 0.005728 -0.693495 -0.369526 0.618451 2 1.000000
1756774704.520000 -1.350878 -0.063018 0.072092 0.050917 -0.681220 -0.361148 0.634759 2 1.000000
1756774704.720000 -1.400016 -0.057911 0.072429 0.061411 -0.649457 -0.354098 0.670111 2 1.000000
1756774704.820000 -1.421244 -0.053868 0.074363 0.043218 -0.617821 -0.350324 0.702640 2 1.000000
1756774704.887000 -1.436482 -0.058495 0.074764 0.028718 -0.584249 -0.358383 0.727592 2 1.000000
1756774704.956000 -1.454523 -0.056434 0.073249 0.021946 -0.553355 -0.343959 0.758293 2 1.000000
1756774705.089000 -1.480139 -0.060591 0.078774 0.016925 -0.524711 -0.318322 0.789344 2 1.000000
1756774705.154000 -1.488699 -0.060014 0.082521 -0.015734 -0.515783 -0.293026 0.804895 2 1.000000
1756774705.254000 -1.501987 -0.066373 0.089242 -0.042496 -0.490691 -0.271516 0.826859 2 1.000000
1756774705.355000 -1.515826 -0.068899 0.098863 -0.053172 -0.458595 -0.246135 0.852221 2 1.000000
1756774705.453000 -1.527170 -0.072752 0.110993 -0.079474 -0.442893 -0.212983 0.867276 2 1.000000
1756774705.555000 -1.536715 -0.073195 0.127667 -0.088222 -0.397338 -0.206367 0.889804 2 1.000000
1756774705.912000 -1.556956 -0.072594 0.152131 -0.123016 -0.371667 -0.190324 0.900282 2 1.000000
1756774706.008000 -1.565755 -0.070002 0.164219 -0.153122 -0.306047 -0.221419 0.913161 2 1.000000
1756774706.075000 -1.573954 -0.060941 0.181647 -0.179608 -0.253306 -0.262719 0.913540 2 1.000000
1756774712.560000 -0.006256 0.025133 0.002842 0.042540 0.021594 0.006206 0.998842 2 1.000000
1756774713.580000 -0.008775 0.031279 0.008134 0.081830 0.039535 0.013889 0.995765 2 1.000000
1756774713.733000 -0.009204 0.028744 0.007777 0.117292 0.068457 0.000354 0.990735 2 1.000000
1756774717.221000 -0.008744 0.027075 0.006714 0.136937 0.101993 0.021808 0.985074 2 1.000000
1756774718.355000 -0.010334 0.031696 0.008089 0.133358 0.150785 0.031527 0.979023 2 1.000000
1756774718.520000 -0.013747 0.023866 0.013443 0.118798 0.200279 0.044675 0.971483 2 1.000000
1756774718.687000 -0.010854 0.026490 0.014801 0.114941 0.242006 0.061705 0.961465 2 1.000000
1756774718.854000 -0.010064 0.031652 0.012484 0.108392 0.277141 0.088136 0.950619 2 1.000000
1756774719.020000 -0.009923 0.035213 0.017508 0.116643 0.318208 0.104220 0.935028 2 1.000000
1756774719.154000 -0.010040 0.034084 0.025814 0.133226 0.353041 0.120651 0.918181 2 1.000000
1756774719.419000 -0.009294 0.034072 0.030155 0.156982 0.384597 0.136055 0.899406 2 1.000000
1756774720.254000 0.015612 0.027434 0.057549 0.169078 0.357844 0.098698 0.913028 2 1.000000
1756774720.621000 0.014850 0.018901 0.061767 0.176528 0.318406 0.080686 0.927871 2 1.000000
1756774720.789000 0.017009 0.017762 0.067843 0.180510 0.269138 0.082304 0.942447 2 1.000000
1756774720.921000 0.018070 0.016768 0.069657 0.177107 0.225816 0.070869 0.955310 2 1.000000
1756774721.054000 0.022583 0.013054 0.070941 0.164896 0.179039 0.058571 0.968155 2 1.000000
1756774721.188000 0.024446 0.011482 0.073230 0.166526 0.131498 0.048552 0.976023 2 1.000000
1756774721.354000 0.023859 0.010007 0.075917 0.163655 0.082194 0.031760 0.982574 2 1.000000
1756774721.521000 0.023885 0.007729 0.079124 0.173719 0.043860 0.011330 0.983753 2 1.000000
1756774722.055000 0.018422 -0.001420 0.089789 0.158749 0.035254 -0.028648 0.986274 2 1.000000
1756774722.188000 0.016871 -0.001784 0.093245 0.155274 -0.006115 -0.050986 0.986536 2 1.000000
1756774722.354000 0.014501 -0.003223 0.095588 0.152519 -0.048439 -0.081041 0.983780 2 1.000000
1756774722.525000 0.012203 -0.005913 0.097896 0.156329 -0.091523 -0.097780 0.978583 2 1.000000
1756774722.656000 0.011196 -0.007501 0.101001 0.153163 -0.137358 -0.109169 0.972500 2 1.000000
1756774722.821000 0.008531 -0.009626 0.104808 0.152358 -0.176637 -0.126462 0.964154 2 1.000000
1756774723.788000 -0.006168 -0.013065 0.115994 0.144060 -0.218133 -0.139351 0.955116 2 1.000000
1756774725.389000 -0.042681 -0.018912 0.125549 0.123889 -0.222096 -0.094994 0.962445 2 1.000000
1756774727.420000 -0.080359 -0.031588 0.156520 0.094470 -0.218046 -0.122650 0.963581 2 1.000000
1756774727.587000 -0.082554 -0.033149 0.160001 0.091307 -0.264004 -0.144190 0.949302 2 1.000000
1756774727.821000 -0.087020 -0.035932 0.164997 0.085575 -0.304118 -0.167181 0.933938 2 1.000000
1756774728.256000 -0.093821 -0.039067 0.170293 0.081944 -0.347119 -0.177571 0.917203 2 1.000000
1756774729.021000 -0.112564 -0.043823 0.178740 0.094567 -0.374102 -0.212110 0.897838 2 1.000000
1756774729.254000 -0.117597 -0.044282 0.181266 0.093978 -0.416786 -0.218762 0.877269 2 1.000000
1756774729.421000 -0.122130 -0.045662 0.183951 0.091973 -0.451151 -0.239024 0.854910 2 1.000000
1756774729.588000 -0.126475 -0.046980 0.186175 0.094722 -0.488531 -0.251634 0.830088 2 1.000000
1756774729.822000 -0.131086 -0.048868 0.189534 0.090492 -0.524871 -0.259672 0.805538 2 1.000000
1756774731.321000 -0.171633 -0.053282 0.199092 0.069857 -0.557711 -0.263892 0.783862 2 1.000000
1756774731.789000 -0.185685 -0.053757 0.202031 0.075629 -0.590595 -0.275576 0.754676 2 1.000000
1756774732.223000 -0.197170 -0.052209 0.198276 0.085268 -0.614630 -0.300815 0.724203 2 1.000000
1756774732.423000 -0.200386 -0.051185 0.196290 0.084739 -0.643224 -0.315834 0.692337 2 1.000000
1756774732.588000 -0.201830 -0.050468 0.195751 0.086117 -0.671731 -0.331677 0.656774 2 1.000000
1756774732.722000 -0.202804 -0.050214 0.196788 0.078248 -0.699434 -0.339863 0.623829 2 1.000000
1756774732.922000 -0.203548 -0.050116 0.197948 0.076351 -0.726547 -0.348732 0.587099 2 1.000000
1756774733.156000 -0.204944 -0.051436 0.201903 0.055857 -0.751173 -0.353215 0.554849 2 1.000000
1756774733.388000 -0.205536 -0.051609 0.204605 0.040898 -0.765580 -0.376866 0.519795 2 1.000000
1756774733.921000 -0.201256 -0.051751 0.203059 0.024290 -0.790328 -0.379960 0.480022 2 1.000000
1756774735.688000 -0.196510 -0.052248 0.202351 0.064024 -0.778010 -0.379170 0.496822 2 1.000000
1756774736.188000 -0.192018 -0.055196 0.206805 0.058282 -0.803946 -0.373178 0.459360 2 1.000000
1756774736.507000 -0.190896 -0.058800 0.213851 0.035380 -0.813992 -0.391616 0.427553 2 1.000000
1756774736.957000 -0.187701 -0.063315 0.220216 0.040519 -0.835889 -0.385562 0.388575 2 1.000000
1756774737.507000 -0.185384 -0.065857 0.224686 0.039443 -0.848982 -0.395604 0.348097 2 1.000000
1756774737.822000 -0.185653 -0.069514 0.229218 0.025600 -0.863867 -0.400796 0.304041 2 1.000000
1756774738.055000 -0.188721 -0.071446 0.232114 0.014358 -0.879669 -0.397227 0.261126 2 1.000000
1756774738.322000 -0.194826 -0.072752 0.236637 0.013024 -0.887770 -0.406139 0.216210 2 1.000000
1756774738.721000 -0.199305 -0.076252 0.243499 0.009919 -0.901406 -0.396488 0.173681 2 1.000000
1756774739.056000 -0.201887 -0.079919 0.249921 0.006900 -0.905771 -0.403754 0.128506 2 1.000000
1756774739.621000 -0.208611 -0.083471 0.254873 -0.000186 -0.914758 -0.395076 0.084459 2 1.000000
1756774739.826000 -0.213095 -0.082691 0.256463 -0.006748 -0.919000 -0.392336 0.038283 2 1.000000
1756774740.088000 -0.218643 -0.082012 0.257031 -0.002803 0.912154 0.409831 0.002457 2 1.000000
1756774741.122000 -0.225242 -0.081297 0.256613 0.003581 0.919504 0.390733 0.042744 2 1.000000
1756774741.389000 -0.230068 -0.078572 0.252287 0.021265 0.917644 0.385591 0.093792 2 1.000000
1756774741.621000 -0.232707 -0.075908 0.249236 0.019291 0.911960 0.385368 0.139455 2 1.000000
1756774742.190000 -0.235295 -0.069626 0.240675 0.030287 0.904151 0.385127 0.182402 2 1.000000
1756774742.793000 -0.233504 -0.066152 0.230809 0.040460 0.896525 0.379430 0.225030 2 1.000000
1756774743.063000 -0.232517 -0.060896 0.223084 0.041684 0.882543 0.383620 0.268730 2 1.000000
1756774743.319000 -0.231886 -0.056132 0.215929 0.040140 0.870120 0.377945 0.313747 2 1.000000
1756774744.655000 -0.218134 -0.046458 0.193783 0.046274 0.852953 0.381627 0.353116 2 1.000000
1756774744.953000 -0.215911 -0.043283 0.186412 0.055504 0.837074 0.369325 0.399782 2 1.000000
1756774745.361000 -0.211995 -0.038093 0.179001 0.053639 0.818783 0.365547 0.439424 2 1.000000
1756774746.456000 -0.191892 -0.030858 0.165088 0.063822 0.813165 0.334737 0.471849 2 1.000000
1756774746.722000 -0.187290 -0.028438 0.160062 0.070994 0.793580 0.318951 0.513284 2 1.000000
1756774747.022000 -0.183622 -0.025450 0.154753 0.072263 0.770488 0.313713 0.550192 2 1.000000
1756774748.455000 -0.156198 -0.022129 0.147705 0.095695 0.766647 0.278108 0.570745 2 1.000000
1756774748.722000 -0.148977 -0.021385 0.144214 0.110669 0.744936 0.264280 0.602477 2 1.000000
1756774748.923000 -0.145520 -0.020661 0.143101 0.118821 0.718617 0.251258 0.637448 2 1.000000
1756774749.489000 -0.141724 -0.020883 0.142197 0.140750 0.695681 0.235402 0.663930 2 1.000000
1756774754.690000 -0.140460 -0.021422 0.143192 0.139746 0.666782 0.227567 0.695763 2 1.000000
1756774759.591000 -0.090207 -0.021640 0.145096 0.132868 0.666094 0.243213 0.692468 2 1.000000
1756774760.923000 -0.051979 -0.025807 0.150136 0.135924 0.637702 0.228988 0.722790 2 1.000000
1756774762.557000 -0.005022 -0.032777 0.158979 0.160139 0.610073 0.206841 0.747919 2 1.000000
1756774764.358000 0.044141 -0.040050 0.168532 0.159717 0.590306 0.200234 0.765464 2 1.000000
1756774765.089000 0.068990 -0.043454 0.171842 0.152863 0.627813 0.205168 0.735113 2 1.000000
1756774766.424000 0.106015 -0.044578 0.170422 0.127137 0.656836 0.212359 0.712255 2 1.000000
1756774766.957000 0.121013 -0.046005 0.173947 0.122969 0.687170 0.228659 0.678521 2 1.000000
1756774768.817000 0.168004 -0.050394 0.176961 0.121693 0.716948 0.237476 0.644036 2 1.000000
1756774770.657000 0.177267 -0.049396 0.176133 0.113692 0.746650 0.242200 0.609038 2 1.000000
1756774770.790000 0.178826 -0.049444 0.175704 0.103712 0.775007 0.250075 0.571025 2 1.000000
1756774770.923000 0.173565 -0.047952 0.174626 0.096170 0.808123 0.253168 0.523063 2 1.000000
1756774770.957000 0.175179 -0.050755 0.178966 0.088860 0.827968 0.265830 0.485703 2 1.000000
1756774776.248000 -0.001935 0.020638 0.003355 -0.069018 0.020970 -0.002488 0.997392 2 1.000000
1756774776.387000 -0.000396 0.023133 0.002499 -0.117588 0.018672 -0.003189 0.992882 2 1.000000
1756774776.435000 -0.000962 0.038235 0.008447 -0.168489 0.019052 0.003048 0.985515 2 1.000000
