# ORB-SLAM3 Path Recording
# Format: timestamp tx ty tz qx qy qz qw tracking_state confidence
# Translation in meters, quaternion (x,y,z,w), timestamp in seconds
# Coordinate system: Camera frame
1756818564.775000 0.000000 0.000000 0.000000 -0.000000 -0.000000 -0.000000 1.000000 1 0.500000
1756818565.741000 -0.001669 -0.036927 0.016647 -0.029740 0.040792 -0.007746 0.998695 2 1.000000
1756818571.137000 -0.000988 -0.022847 0.014090 -0.046067 0.079368 0.021819 0.995541 2 1.000000
1756818571.366000 -0.000349 -0.023726 0.011074 -0.051072 0.124765 0.034977 0.990253 2 1.000000
1756818571.624000 -0.000623 -0.023462 0.012203 -0.061490 0.161611 0.068056 0.982583 2 1.000000
1756818571.901000 -0.000195 -0.023275 0.010512 -0.044398 0.193652 0.091119 0.975820 2 1.000000
1756818573.479000 -0.000413 -0.023135 0.011056 -0.052607 0.222567 0.054404 0.971976 2 1.000000
1756818574.753000 -0.000266 -0.022374 0.010551 -0.067567 0.188545 0.077725 0.976650 2 1.000000
1756818574.935000 -0.000583 -0.022792 0.009902 -0.063413 0.144521 0.052954 0.986047 2 1.000000
1756818574.977000 0.000040 -0.022939 0.007578 -0.056994 0.106390 0.027244 0.992316 2 1.000000
1756818575.360000 0.000534 -0.023090 0.005942 -0.035398 0.102938 0.069054 0.991656 2 1.000000
1756818579.133000 0.000910 -0.020615 0.002253 -0.007989 0.076371 0.048445 0.995870 2 1.000000
1756818589.376000 0.001708 -0.029495 0.000834 0.000791 0.071545 0.006047 0.997419 2 1.000000
1756818589.524000 0.001629 -0.029386 0.001095 -0.012760 0.088432 -0.032254 0.995478 2 1.000000
1756818590.846000 0.002274 -0.027612 -0.007279 -0.039324 0.038078 0.022763 0.998241 2 1.000000
1756818592.181000 0.002112 -0.032228 -0.001843 -0.023498 0.064767 0.054600 0.996128 2 1.000000
1756818592.713000 0.002382 -0.034799 -0.003360 -0.023631 0.098179 0.025255 0.994568 2 1.000000
1756818593.015000 0.002478 -0.034727 -0.004884 -0.010411 0.138390 0.000900 0.990323 2 1.000000
1756818593.214000 0.002558 -0.035268 -0.005112 -0.007218 0.184211 -0.008075 0.982827 2 1.000000
1756818593.580000 0.002455 -0.035701 -0.009929 -0.000801 0.224524 0.005677 0.974452 2 1.000000
1756818593.913000 0.001093 -0.037369 -0.012759 0.007566 0.181823 0.011190 0.983238 2 1.000000
1756818594.052000 0.000571 -0.038524 -0.012775 0.003873 0.135596 0.014143 0.990656 2 1.000000
1756818594.213000 -0.002489 -0.039695 -0.013833 -0.003663 0.087071 0.017552 0.996041 2 1.000000
1756818594.414000 -0.002436 -0.040309 -0.013911 -0.003302 0.044281 0.005550 0.998998 2 1.000000
1756818596.016000 -0.004231 -0.036699 -0.018297 0.001936 0.090657 0.009570 0.995834 2 1.000000
1756818596.738000 -0.004061 -0.036096 -0.016945 -0.002303 0.134462 -0.008962 0.990875 2 1.000000
1756818602.779000 -0.001761 -0.035789 -0.013796 0.034620 0.129752 0.014311 0.990839 2 1.000000
1756818619.356000 0.002131 -0.034290 -0.014043 0.006782 0.106757 0.039923 0.993460 2 1.000000
1756818619.577000 0.005322 -0.033659 -0.008493 0.029254 0.068505 0.051888 0.995871 2 1.000000
1756818619.911000 0.009350 -0.032307 0.001405 0.057813 0.073609 0.085147 0.991962 2 1.000000
1756818620.086000 0.015342 -0.034848 0.006851 0.078079 0.115836 0.114003 0.983610 2 1.000000
1756818620.211000 0.021983 -0.035443 0.008007 0.101988 0.136455 0.143403 0.974892 2 1.000000
1756818620.944000 0.023170 -0.031843 0.007062 0.064968 0.115801 0.130147 0.982564 2 1.000000
1756818622.070000 0.024886 -0.030109 0.007855 0.095162 0.116627 0.094722 0.984058 2 1.000000
1756818622.523000 0.021922 -0.031272 0.006658 0.091521 0.092477 0.055122 0.989967 2 1.000000
1756818623.124000 0.021582 -0.031305 0.007778 0.060727 0.092612 0.018797 0.993671 2 1.000000
1756818623.422000 0.020824 -0.030479 0.007958 0.023142 0.102983 -0.007173 0.994388 2 1.000000
1756818624.321000 0.019820 -0.029278 0.007315 -0.009577 0.134519 0.000935 0.990864 2 1.000000
1756818634.250000 0.020845 -0.027017 0.007414 0.002031 0.163264 -0.029501 0.986139 2 1.000000
1756818635.311000 0.027254 -0.049191 0.029382 -0.028825 0.137726 -0.011248 0.989987 2 1.000000
1756818635.721000 0.024855 -0.056161 0.030669 -0.058593 0.165194 0.008265 0.984484 2 1.000000
1756818636.844000 0.015900 -0.057728 0.048427 -0.033077 0.199640 -0.010546 0.979254 2 1.000000
1756818637.043000 0.008124 -0.058146 0.055963 -0.014311 0.244123 -0.023609 0.969351 2 1.000000
1756818638.543000 0.010919 -0.057327 0.106860 -0.025637 0.263094 -0.013320 0.964338 2 1.000000
1756818639.584000 0.030860 -0.051029 0.153061 -0.039696 0.259912 -0.015162 0.964697 2 1.000000
1756818640.410000 0.057034 -0.047726 0.199530 -0.049497 0.227991 -0.014060 0.972303 2 1.000000
1756818641.175000 0.082878 -0.046894 0.242351 -0.035326 0.239669 -0.005101 0.970198 2 1.000000
1756818641.910000 0.107313 -0.041488 0.286589 -0.042334 0.228902 0.001081 0.972528 2 1.000000
1756818642.710000 0.132528 -0.037650 0.332179 -0.029278 0.210830 0.014331 0.976979 2 1.000000
1756818643.542000 0.157390 -0.032850 0.376679 -0.041839 0.230992 0.009491 0.972009 2 1.000000
1756818644.442000 0.184144 -0.029964 0.420277 -0.034636 0.233711 0.012298 0.971611 2 1.000000
1756818645.376000 0.207490 -0.030244 0.465757 -0.054584 0.262869 0.006122 0.963267 2 1.000000
1756818646.775000 0.224028 -0.029591 0.500116 -0.086422 0.294568 -0.000529 0.951715 2 1.000000
1756818647.176000 0.225511 -0.028205 0.502276 -0.099171 0.333308 0.005602 0.937571 2 1.000000
1756818651.071000 0.227031 -0.027687 0.504040 -0.076627 0.302161 0.023676 0.949877 2 1.000000
1756818656.459000 0.224260 -0.023411 0.514269 -0.088689 0.257396 0.047087 0.961074 2 1.000000
1756818656.641000 0.223067 -0.023215 0.516074 -0.080680 0.206546 0.054584 0.973576 2 1.000000
1756818656.942000 0.214143 -0.028597 0.524024 -0.106268 0.166371 0.037633 0.979598 2 1.000000
1756818657.407000 0.204351 -0.028685 0.540233 -0.107970 0.128928 0.063464 0.983714 2 1.000000
1756818657.575000 0.204377 -0.024800 0.539425 -0.099434 0.081666 0.059059 0.989927 2 1.000000
1756818660.026000 0.203734 -0.024844 0.537231 -0.101065 0.046003 0.033454 0.993253 2 1.000000
1756818683.906000 0.043736 0.007551 -0.017591 -0.003718 -0.119651 -0.015290 0.992691 2 1.000000
1756818684.203000 0.015957 0.001541 -0.013374 -0.013169 -0.165750 -0.015873 0.985952 2 1.000000
1756818684.321000 0.017400 0.002656 -0.021246 -0.017371 -0.212474 -0.028257 0.976604 2 1.000000
1756818684.435000 0.016827 0.002416 -0.022303 -0.020465 -0.255294 -0.038275 0.965889 2 1.000000
1756818684.516000 0.017920 -0.000160 -0.022392 -0.008771 -0.296432 -0.038238 0.954248 2 1.000000
1756818684.580000 0.017605 0.002075 -0.014831 -0.000231 -0.337556 -0.037003 0.940578 2 1.000000
1756818684.725000 0.019069 0.001907 -0.026334 -0.006510 -0.378003 -0.036690 0.925054 2 1.000000
1756818688.189000 0.009800 -0.009790 0.018793 -0.005421 -0.008258 -0.007556 0.999923 2 1.000000
1756818688.551000 0.030748 -0.021183 0.075842 0.005505 -0.024372 0.001555 0.999687 2 1.000000
1756818688.782000 0.060156 -0.026965 0.116685 0.016254 -0.051957 0.011524 0.998451 2 1.000000
1756818688.938000 0.086398 -0.041131 0.159248 0.004120 -0.071663 0.002482 0.997417 2 1.000000
1756818689.091000 0.113564 -0.048570 0.201631 0.000307 -0.079269 0.005347 0.996839 2 1.000000
1756818689.273000 0.132012 -0.056681 0.247434 0.002216 -0.097511 -0.003268 0.995227 2 1.000000
1756818689.461000 0.143794 -0.068270 0.301393 -0.005465 -0.102077 -0.010822 0.994703 2 1.000000
1756818689.740000 0.151574 -0.081008 0.352073 -0.005972 -0.116915 0.000421 0.993124 2 1.000000
1756818690.006000 0.168509 -0.087363 0.404200 -0.008291 -0.158274 -0.017437 0.987206 2 1.000000
1756818690.173000 0.179007 -0.098178 0.436549 -0.020116 -0.206939 -0.029907 0.977690 2 1.000000
1756818690.439000 0.184996 -0.107416 0.485741 -0.033993 -0.244447 -0.050338 0.967758 2 1.000000
1756818690.779000 0.184558 -0.116360 0.539559 -0.030417 -0.274264 -0.047025 0.960022 2 1.000000
1756818690.974000 0.181426 -0.131202 0.588843 -0.028926 -0.293044 -0.041472 0.954761 2 1.000000
1756818691.239000 0.185088 -0.138593 0.644122 -0.027067 -0.317435 -0.052227 0.946454 2 1.000000
1756818691.477000 0.188805 -0.153194 0.695523 -0.034368 -0.346154 -0.060512 0.935593 2 1.000000
1756818691.706000 0.189643 -0.158338 0.735967 -0.044342 -0.386373 -0.074502 0.918259 2 1.000000
1756818691.973000 0.184962 -0.165010 0.788308 -0.039074 -0.405017 -0.084026 0.909601 2 1.000000
1756818692.306000 0.170373 -0.180042 0.836257 -0.046330 -0.413530 -0.091629 0.904683 2 1.000000
1756818692.573000 0.167292 -0.188175 0.873541 -0.048683 -0.453920 -0.091246 0.885020 2 1.000000
1756818692.813000 0.165724 -0.186744 0.897292 -0.046894 -0.497813 -0.101841 0.860007 2 1.000000
1756818692.909000 0.171933 -0.190000 0.922677 -0.059750 -0.538833 -0.114397 0.832468 2 1.000000
1756818693.139000 0.170970 -0.197099 0.949452 -0.076352 -0.575635 -0.127459 0.804095 2 1.000000
1756818693.372000 0.168517 -0.199000 0.973454 -0.074738 -0.607129 -0.143055 0.778039 2 1.000000
1756818693.639000 0.156893 -0.200917 0.989614 -0.068501 -0.634660 -0.164156 0.752042 2 1.000000
1756818693.877000 0.138900 -0.198110 1.011431 -0.059513 -0.669113 -0.170186 0.720960 2 1.000000
1756818694.038000 0.118951 -0.202611 1.024636 -0.070921 -0.698052 -0.178848 0.689715 2 1.000000
1756818694.205000 0.100130 -0.206901 1.032140 -0.063259 -0.729401 -0.181961 0.656401 2 1.000000
1756818694.338000 0.090688 -0.208070 1.028848 -0.060349 -0.760785 -0.180384 0.620505 2 1.000000
1756818694.476000 0.078498 -0.211421 1.029651 -0.062727 -0.790344 -0.188853 0.579445 2 1.000000
1756818694.605000 0.066935 -0.210923 1.029270 -0.065689 -0.816662 -0.196558 0.538622 2 1.000000
1756818694.797000 0.055505 -0.211339 1.029447 -0.070134 -0.845097 -0.198522 0.491408 2 1.000000
1756818694.858000 0.047418 -0.209741 1.029345 -0.063753 -0.868413 -0.200160 0.449144 2 1.000000
1756818694.938000 0.038917 -0.208976 1.029567 -0.065402 -0.892640 -0.197642 0.399817 2 1.000000
1756818695.041000 0.028985 -0.208259 1.032990 -0.071452 -0.913086 -0.198651 0.348865 2 1.000000
1756818695.171000 0.028340 -0.211577 1.035452 -0.080188 -0.927337 -0.202889 0.304060 2 1.000000
1756818695.307000 0.022932 -0.211665 1.036798 -0.092872 -0.939227 -0.200805 0.262498 2 1.000000
1756818695.508000 0.021557 -0.211319 1.036983 -0.091743 -0.950776 -0.197769 0.220219 2 1.000000
1756818695.771000 0.020886 -0.211209 1.036747 -0.076760 -0.963654 -0.185338 0.176432 2 1.000000
1756818696.171000 0.021020 -0.211152 1.036654 -0.047915 -0.974106 -0.172579 0.137981 2 1.000000
1756818696.471000 0.020928 -0.211208 1.036633 -0.020302 -0.983122 -0.142245 0.113246 2 1.000000
1756818697.776000 0.021542 -0.211217 1.036378 0.010299 -0.987242 -0.110258 0.114415 2 1.000000
1756818698.505000 0.021345 -0.211167 1.036313 -0.003682 -0.990777 -0.113779 0.073500 2 1.000000
1756818698.674000 0.021407 -0.211141 1.036267 -0.040281 -0.992996 -0.100934 0.046361 2 1.000000
1756818698.852000 0.021081 -0.211136 1.036288 -0.078587 -0.993866 -0.068078 0.037687 2 1.000000
1756818699.070000 0.021358 -0.211129 1.036212 -0.105187 -0.992765 -0.057819 0.003377 2 1.000000
1756818699.238000 0.020975 -0.211106 1.036043 0.091997 0.992295 0.075007 0.035511 2 1.000000
1756818699.472000 0.021145 -0.211030 1.035956 0.074998 0.989567 0.091257 0.082487 2 1.000000
