# ORB-SLAM3 Path Recording
# Format: timestamp tx ty tz qx qy qz qw tracking_state confidence
# Translation in meters, quaternion (x,y,z,w), timestamp in seconds
# Coordinate system: Camera frame
1756826442.914000 0.009379 0.000885 0.000150 -0.013462 -0.084055 0.005449 0.996355 2 1.000000
1756826453.110000 0.009895 0.000921 -0.000089 -0.008817 -0.047830 -0.018113 0.998652 2 1.000000
1756826456.637000 0.009660 0.000860 -0.000190 -0.005771 -0.073693 0.016817 0.997122 2 1.000000
1756826459.765000 0.009319 0.000840 -0.000279 -0.018152 -0.113771 -0.014419 0.993237 2 1.000000
1756826459.819000 0.009108 0.000831 -0.000242 -0.020748 -0.160346 -0.032341 0.986313 2 1.000000
1756826459.872000 0.009188 0.000869 -0.000295 -0.030906 -0.210589 -0.035786 0.976431 2 1.000000
1756826459.936000 0.009157 0.000848 -0.000406 -0.035672 -0.256019 -0.036294 0.965331 2 1.000000
1756826461.430000 0.008951 0.000820 -0.000271 -0.052473 -0.217719 -0.024665 0.974288 2 1.000000
1756826462.483000 0.008815 0.000847 -0.000129 -0.034669 -0.162162 -0.022409 0.985900 2 1.000000
1756826464.412000 0.008745 0.000841 -0.000322 -0.032628 -0.201412 -0.041964 0.978063 2 1.000000
1756826465.615000 0.011156 -0.000333 -0.004533 -0.005052 -0.184782 0.009957 0.982716 2 1.000000
1756826465.804000 0.009229 0.000846 -0.000220 -0.003783 -0.136414 0.010137 0.990593 2 1.000000
1756826466.347000 0.008124 0.000753 -0.000023 -0.000978 -0.091977 0.003016 0.995756 2 1.000000
1756826466.864000 0.007736 0.000732 -0.000077 -0.012292 -0.052614 -0.012086 0.998466 2 1.000000
1756826468.252000 0.007552 0.000707 -0.000065 -0.015954 -0.002540 -0.007498 0.999841 2 1.000000
1756826468.384000 0.007799 0.000752 -0.000057 -0.021265 0.057973 -0.005451 0.998077 2 1.000000
1756826468.485000 0.007990 0.000912 0.001075 -0.026501 0.104096 -0.005049 0.994201 2 1.000000
1756826468.731000 0.008011 0.000682 0.002838 -0.021475 0.154156 -0.005559 0.987797 2 1.000000
1756826468.888000 0.008029 0.000740 0.002848 -0.018512 0.198484 -0.012614 0.979848 2 1.000000
1756826469.520000 0.009267 0.001283 0.005102 -0.022144 0.243041 -0.021312 0.969529 2 1.000000
1756826470.019000 0.009298 0.001290 0.005101 -0.005423 0.199772 -0.011020 0.979765 2 1.000000
1756826470.167000 0.009222 0.001281 0.004967 -0.009514 0.146731 -0.009191 0.989088 2 1.000000
1756826470.284000 0.009383 0.001012 0.004413 -0.026380 0.100069 -0.009896 0.994581 2 1.000000
1756826470.451000 0.009937 0.001375 0.004648 -0.034651 0.052882 -0.007386 0.997972 2 1.000000
1756826470.652000 0.014581 0.002064 0.006826 -0.031241 0.006475 -0.013795 0.999396 2 1.000000
1756826470.785000 0.013821 0.001945 0.008667 -0.013787 -0.036023 -0.018681 0.999081 2 1.000000
1756826471.187000 0.032044 0.004873 0.014333 -0.003055 -0.091679 -0.014861 0.995673 2 1.000000
1756826472.037000 0.029138 0.003179 0.030745 -0.023266 -0.132107 -0.010835 0.990903 2 1.000000
1756826472.254000 0.027055 -0.005495 0.032182 -0.061374 -0.117183 -0.031310 0.990717 2 1.000000
1756826472.417000 0.038055 -0.010187 0.033480 -0.097813 -0.117576 -0.058829 0.986482 2 1.000000
1756826473.384000 0.019836 -0.015857 0.030421 -0.111759 -0.086527 -0.028947 0.989538 2 1.000000
1756826477.754000 -0.002341 -0.017406 0.032905 -0.103312 -0.054648 0.000086 0.993147 2 1.000000
