# ORB-SLAM3 Path Recording
# Format: timestamp tx ty tz qx qy qz qw tracking_state confidence
# Translation in meters, quaternion (x,y,z,w), timestamp in seconds
# Coordinate system: Camera frame
1756832443.402000 -0.003075 -0.015392 0.012322 -0.066161 0.000167 -0.030390 0.997346 2 1.000000
1756832444.241000 -0.002726 -0.013987 0.011570 -0.049964 -0.040698 -0.032593 0.997389 2 1.000000
1756832445.872000 -0.002663 -0.013388 0.011088 -0.019724 -0.030100 -0.002447 0.999349 2 1.000000
1756832452.351000 -0.001597 -0.007476 0.006203 -0.007818 0.011398 -0.014247 0.999803 2 1.000000
1756832477.120000 -0.000872 -0.004088 0.003374 -0.002953 0.050058 -0.035856 0.998098 2 1.000000
1756832477.167000 -0.000816 -0.004125 0.003264 -0.011614 0.093542 -0.047142 0.994431 2 1.000000
1756832477.215000 -0.000812 -0.004051 0.003302 -0.022905 0.144222 -0.047858 0.988122 2 1.000000
1756832477.259000 -0.000784 -0.004127 0.003073 -0.036668 0.194451 -0.053283 0.978777 2 1.000000
1756832477.568000 -0.001025 -0.004192 0.002979 -0.026579 0.153634 -0.036023 0.987113 2 1.000000
1756832477.640000 -0.001067 -0.004244 0.003443 -0.019622 0.102720 -0.036126 0.993860 2 1.000000
1756832477.809000 -0.000824 -0.004114 0.003306 -0.016398 0.057373 -0.037556 0.997511 2 1.000000
1756832484.783000 -0.000620 -0.002973 0.002414 0.024848 0.059135 -0.020873 0.997722 2 1.000000
1756832492.722000 -0.000531 -0.002952 0.001920 -0.016729 0.049988 -0.004677 0.998599 2 1.000000
1756832494.979000 -0.000562 -0.002990 0.002005 -0.033390 0.013574 -0.022443 0.999098 2 1.000000
1756832495.278000 -0.000515 -0.003070 0.001721 -0.030626 -0.035150 -0.025866 0.998578 2 1.000000
1756832496.679000 -0.000522 -0.002810 0.001917 -0.028003 0.009174 -0.034004 0.998987 2 1.000000
1756832498.044000 -0.000501 -0.002636 0.001799 -0.022632 0.052262 -0.037960 0.997655 2 1.000000
1756832520.043000 -0.000542 -0.003228 0.001776 0.002145 0.016147 -0.036687 0.999194 2 1.000000
1756832529.248000 -0.002475 -0.006288 0.009166 0.021848 0.057661 -0.041346 0.997240 2 1.000000
1756832537.840000 -0.001349 -0.006396 0.004042 -0.017604 0.031192 -0.029783 0.998914 2 1.000000
1756832538.076000 -0.001371 -0.004695 0.001236 -0.056523 0.023766 -0.011045 0.998057 2 1.000000
1756832538.231000 -0.001047 -0.004373 0.000815 -0.074440 -0.025151 -0.028502 0.996501 2 1.000000
1756832538.382000 -0.000482 -0.004411 0.001018 -0.068794 -0.031765 0.015834 0.996999 2 1.000000
1756832538.692000 -0.000675 -0.004132 0.000577 -0.035974 -0.010241 0.035533 0.998668 2 1.000000
1756832539.010000 -0.000234 -0.003965 -0.000441 -0.006871 0.002051 0.003997 0.999966 2 1.000000
1756832539.593000 -0.000208 -0.003868 -0.000365 0.017825 -0.036324 -0.006163 0.999162 2 1.000000
1756832544.704000 -0.000171 -0.003324 -0.000437 0.040712 -0.073600 -0.002014 0.996454 2 1.000000
1756832550.309000 -0.000202 -0.003338 -0.000326 0.047127 -0.025823 0.012131 0.998481 2 1.000000
