# ORB-SLAM3 Path Recording
# Format: timestamp tx ty tz qx qy qz qw tracking_state confidence
# Translation in meters, quaternion (x,y,z,w), timestamp in seconds
# Coordinate system: Camera frame
1756816932.267000 -0.026920 -0.003612 0.005028 0.007092 0.039572 -0.024514 0.998891 2 1.000000
1756816932.348000 -0.014409 -0.001357 0.005431 0.021553 -0.005474 -0.024277 0.999458 2 1.000000
1756816932.837000 -0.015251 -0.000359 0.007172 -0.022431 -0.008276 -0.008992 0.999674 2 1.000000
1756816936.938000 -0.014586 0.000657 0.007750 -0.061010 0.011589 -0.002921 0.998066 2 1.000000
1756816937.529000 -0.010222 -0.001130 -0.002035 -0.024384 0.015416 0.022272 0.999336 2 1.000000
1756816941.863000 -0.009990 -0.002288 -0.001529 -0.040095 -0.024874 0.027015 0.998521 2 1.000000
1756816942.681000 -0.012207 -0.001231 0.002602 -0.048745 -0.004374 -0.011587 0.998734 2 1.000000
1756816943.102000 -0.008148 -0.002099 -0.001523 -0.033719 -0.048415 -0.016978 0.998114 2 1.000000
1756816943.624000 -0.008230 -0.001978 -0.000771 -0.040495 -0.019650 0.016525 0.998850 2 1.000000
1756816954.315000 -0.009873 -0.002673 -0.002775 -0.022477 0.016960 -0.004656 0.999593 2 1.000000
1756816954.876000 -0.007843 -0.000773 -0.011202 -0.013984 -0.010046 0.028934 0.999433 2 1.000000
1756816955.546000 -0.005642 0.000481 -0.012912 0.017337 0.003602 0.001430 0.999842 2 1.000000
1756816956.217000 -0.003926 0.000621 -0.017899 0.053503 -0.017811 -0.009680 0.998362 2 1.000000
1756816963.696000 0.021652 -0.003161 -0.009822 -0.009859 -0.021005 0.004203 0.999722 2 1.000000
1756816966.989000 -0.005034 0.001539 -0.012635 -0.005852 -0.064889 0.009255 0.997832 2 1.000000
1756816968.592000 -0.004663 0.001551 -0.010609 -0.004144 -0.020375 0.013665 0.999690 2 1.000000
1756816968.857000 -0.003711 0.000962 -0.010022 0.002547 0.024056 0.017554 0.999553 2 1.000000
1756816969.858000 -0.005550 0.001201 -0.009188 -0.001617 -0.020433 0.010959 0.999730 2 1.000000
1756816972.425000 -0.007404 -0.000134 -0.006104 -0.007149 -0.052737 -0.017966 0.998421 2 1.000000
1756816974.192000 -0.007715 -0.002480 -0.003607 -0.022457 -0.013956 -0.004718 0.999639 2 1.000000
1756816997.761000 -0.007297 -0.002142 -0.001477 -0.017476 -0.051593 -0.026519 0.998163 2 1.000000
1756816997.960000 -0.006906 -0.002048 -0.001334 0.020642 -0.065325 -0.049343 0.996430 2 1.000000
1756816998.227000 -0.006599 -0.002086 -0.001045 0.039881 -0.102583 -0.037946 0.993200 2 1.000000
1756816998.693000 -0.006189 -0.002375 0.007259 0.005623 -0.092562 -0.013012 0.995606 2 1.000000
1756816999.561000 0.002854 0.001570 0.024209 -0.028019 -0.060042 -0.010512 0.997747 2 1.000000
1756817000.099000 0.004543 0.002914 0.034548 -0.027788 -0.017766 0.002970 0.999452 2 1.000000
1756817003.227000 0.021911 0.007454 0.056817 0.001948 -0.049504 0.001122 0.998771 2 1.000000
1756817003.428000 0.023581 0.008777 0.063644 -0.007796 -0.106198 0.000967 0.994314 2 1.000000
1756817004.061000 0.022356 -0.008047 0.076527 -0.008241 -0.062676 0.005810 0.997983 2 1.000000
1756817004.394000 0.028433 -0.014111 0.078095 -0.018329 -0.021839 0.021354 0.999365 2 1.000000
1756817004.862000 0.036537 -0.017834 0.080403 -0.046321 -0.053414 0.039779 0.996704 2 1.000000
1756817005.162000 0.041620 -0.019760 0.086087 -0.035320 -0.095656 0.042116 0.993896 2 1.000000
1756817006.561000 0.042615 -0.014648 0.135976 -0.063372 -0.111419 0.027562 0.991368 2 1.000000
1756817006.795000 0.042199 -0.014864 0.147790 -0.040436 -0.148908 0.027719 0.987635 2 1.000000
1756817008.564000 0.037190 -0.008280 0.197958 -0.070842 -0.162085 0.027454 0.983848 2 1.000000
1756817009.208000 0.011078 -0.001656 0.242906 -0.086131 -0.177686 0.027594 0.979922 2 1.000000
1756817010.670000 -0.010144 0.006759 0.287925 -0.093888 -0.191938 0.031180 0.976408 2 1.000000
1756817011.192000 -0.031419 0.013628 0.334679 -0.111441 -0.178440 0.018128 0.977452 2 1.000000
1756817011.438000 -0.034537 0.018933 0.357727 -0.128334 -0.214191 -0.004828 0.968313 2 1.000000
1756817011.919000 -0.045903 0.023074 0.405354 -0.132975 -0.168979 0.008033 0.976575 2 1.000000
1756817013.451000 -0.053575 0.030242 0.441935 -0.137642 -0.212587 0.007839 0.967367 2 1.000000
1756817013.719000 -0.057143 0.033711 0.465312 -0.152488 -0.248918 -0.011243 0.956379 2 1.000000
1756817014.329000 -0.075811 0.042248 0.512679 -0.177656 -0.241768 -0.012249 0.953854 2 1.000000
1756817014.556000 -0.079192 0.046705 0.533006 -0.168897 -0.283936 -0.021347 0.943609 2 1.000000
1756817016.265000 -0.095132 0.054359 0.580124 -0.184437 -0.295342 -0.042409 0.936460 2 1.000000
1756817016.789000 -0.115936 0.057695 0.621233 -0.191254 -0.339370 -0.043056 0.919998 2 1.000000
1756817016.967000 -0.119884 0.058692 0.637327 -0.177465 -0.380339 -0.050533 0.906253 2 1.000000
1756817017.260000 -0.127592 0.062328 0.650285 -0.195390 -0.414940 -0.059242 0.886644 2 1.000000
1756817017.692000 -0.138028 0.063612 0.658133 -0.195750 -0.453254 -0.049159 0.868231 2 1.000000
1756817018.059000 -0.144017 0.064912 0.673542 -0.173964 -0.487918 -0.038306 0.854520 2 1.000000
1756817019.421000 -0.156881 0.065674 0.676905 -0.178776 -0.523191 -0.060312 0.831067 2 1.000000
1756817019.567000 -0.156407 0.065959 0.678547 -0.168843 -0.563612 -0.061445 0.806262 2 1.000000
1756817019.705000 -0.154263 0.064776 0.679981 -0.158562 -0.603866 -0.071694 0.777859 2 1.000000
1756817019.833000 -0.152727 0.066124 0.683381 -0.154468 -0.643922 -0.077930 0.745272 2 1.000000
1756817019.983000 -0.150550 0.066071 0.683759 -0.143914 -0.677962 -0.071895 0.717278 2 1.000000
1756817021.552000 -0.148479 0.065180 0.687232 -0.135431 -0.709260 -0.058085 0.689373 2 1.000000
1756817021.990000 -0.149587 0.065808 0.687460 -0.127308 -0.742602 -0.060670 0.654717 2 1.000000
1756817022.129000 -0.149798 0.065982 0.687656 -0.122797 -0.773482 -0.068224 0.618055 2 1.000000
1756817023.188000 -0.150482 0.063593 0.677269 -0.143501 -0.754983 -0.104045 0.631334 2 1.000000
1756817023.248000 -0.151819 0.064878 0.680869 -0.153862 -0.725945 -0.098830 0.662996 2 1.000000
1756817023.291000 -0.152156 0.065908 0.682874 -0.161028 -0.695308 -0.097111 0.693675 2 1.000000
1756817023.363000 -0.154642 0.066365 0.683760 -0.170715 -0.647548 -0.095486 0.736492 2 1.000000
1756817023.432000 -0.155830 0.066747 0.689353 -0.179777 -0.608163 -0.087239 0.768249 2 1.000000
1756817023.497000 -0.156812 0.067766 0.696491 -0.185659 -0.570310 -0.077388 0.796422 2 1.000000
1756817023.592000 -0.158761 0.069148 0.704944 -0.188577 -0.536558 -0.057036 0.820544 2 1.000000
1756817023.734000 -0.160628 0.070157 0.717322 -0.194797 -0.496174 -0.047213 0.844770 2 1.000000
1756817023.843000 -0.162743 0.073121 0.728480 -0.197238 -0.450570 -0.043217 0.869607 2 1.000000
1756817023.924000 -0.165089 0.072453 0.735961 -0.213700 -0.405586 -0.039017 0.887868 2 1.000000
1756817026.507000 -0.187216 0.076331 0.757763 -0.187840 -0.425423 -0.072507 0.882312 2 1.000000
1756817026.582000 -0.190795 0.073742 0.758824 -0.185898 -0.470520 -0.069720 0.859763 2 1.000000
1756817026.635000 -0.193889 0.073217 0.760315 -0.172509 -0.520025 -0.079366 0.832776 2 1.000000
1756817026.695000 -0.198068 0.073587 0.761730 -0.160747 -0.559312 -0.092765 0.807914 2 1.000000
1756817026.753000 -0.200998 0.073416 0.763105 -0.157610 -0.613272 -0.101778 0.767266 2 1.000000
1756817026.795000 -0.203286 0.075313 0.765413 -0.147117 -0.650777 -0.106988 0.737156 2 1.000000
1756817026.856000 -0.206311 0.074419 0.768695 -0.131191 -0.694863 -0.119632 0.696881 2 1.000000
1756817026.913000 -0.210222 0.075633 0.771413 -0.114242 -0.733186 -0.129603 0.657716 2 1.000000
1756817026.977000 -0.209807 0.073690 0.774803 -0.108337 -0.766855 -0.131512 0.618790 2 1.000000
1756817027.033000 -0.211855 0.074534 0.778110 -0.102948 -0.795658 -0.132170 0.582118 2 1.000000
1756817027.092000 -0.211401 0.073578 0.779344 -0.097105 -0.822109 -0.127846 0.546227 2 1.000000
1756817027.150000 -0.208239 0.076631 0.779885 -0.084983 -0.848548 -0.118622 0.508598 2 1.000000
1756817027.221000 -0.204666 0.072815 0.781604 -0.086543 -0.873402 -0.119608 0.464083 2 1.000000
1756817027.300000 -0.198694 0.075740 0.779539 -0.070358 -0.893602 -0.127980 0.424436 2 1.000000
1756817027.377000 -0.193989 0.076465 0.779932 -0.062517 -0.907694 -0.152389 0.385953 2 1.000000
1756817027.434000 -0.186584 0.077315 0.781302 -0.050213 -0.922237 -0.165113 0.345969 2 1.000000
1756817027.482000 -0.184033 0.079661 0.782228 -0.037924 -0.941501 -0.162410 0.292850 2 1.000000
1756817027.517000 -0.183234 0.078116 0.783874 -0.034877 -0.953306 -0.165058 0.250495 2 1.000000
1756817027.549000 -0.183568 0.076303 0.784005 -0.025977 -0.962749 -0.175511 0.204048 2 1.000000
1756817027.579000 -0.183261 0.077039 0.784295 -0.021349 -0.971463 -0.174643 0.159070 2 1.000000
1756817027.612000 -0.182195 0.077204 0.783663 -0.018860 -0.977883 -0.174965 0.113032 2 1.000000
1756817027.639000 -0.184118 0.077545 0.782724 -0.014515 -0.982373 -0.176230 0.060619 2 1.000000
1756817031.761000 -0.014874 -0.003120 0.017201 -0.009149 0.020688 0.007118 0.999719 2 1.000000
1756817031.934000 -0.004252 -0.008986 0.067916 -0.017226 0.061513 0.019677 0.997764 2 1.000000
1756817032.038000 0.007421 -0.016274 0.122751 -0.054493 0.082474 0.020073 0.994900 2 1.000000
1756817032.113000 0.004740 -0.035285 0.158037 -0.084042 0.089631 -0.014631 0.992315 2 1.000000
1756817032.149000 0.004634 -0.042889 0.170327 -0.092319 0.073961 -0.065930 0.990788 2 1.000000
1756817032.192000 -0.000993 -0.053121 0.186627 -0.114236 0.084129 -0.143493 0.979429 2 1.000000
1756817032.250000 -0.007384 -0.050622 0.216566 -0.082795 0.062346 -0.185852 0.977096 2 1.000000
1756817032.721000 -0.015100 -0.056827 0.268931 -0.090288 0.029051 -0.205569 0.974036 2 1.000000
1756817032.795000 -0.011290 -0.076560 0.310658 -0.104020 0.017040 -0.164922 0.980658 2 1.000000
1756817032.862000 -0.007920 -0.094583 0.345736 -0.087039 0.069282 -0.144551 0.983224 2 1.000000
1756817032.910000 -0.007873 -0.111332 0.381312 -0.072062 0.112673 -0.132633 0.982100 2 1.000000
1756817033.027000 -0.015316 -0.124478 0.438063 -0.085766 0.104419 -0.156491 0.978392 2 1.000000
1756817033.082000 -0.013616 -0.124538 0.462434 -0.113911 0.047455 -0.175251 0.976760 2 1.000000
1756817033.131000 -0.034413 -0.129515 0.474730 -0.124775 0.014813 -0.206382 0.970370 2 1.000000
1756817033.164000 -0.034965 -0.133834 0.483463 -0.117969 -0.017177 -0.237696 0.963996 2 1.000000
1756817033.198000 -0.043456 -0.130684 0.498639 -0.107064 -0.039730 -0.282032 0.952584 2 1.000000
1756817033.235000 -0.050350 -0.135085 0.513980 -0.108308 -0.070886 -0.325317 0.936704 2 1.000000
