# ORB-SLAM3 Path Recording
# Format: timestamp tx ty tz qx qy qz qw tracking_state confidence
# Translation in meters, quaternion (x,y,z,w), timestamp in seconds
# Coordinate system: Camera frame
1756832606.697000 -0.011501 -0.000299 0.000485 -0.000614 -0.010726 -0.002507 0.999939 2 1.000000
1756832607.643000 -0.011581 0.000123 0.003982 -0.008623 0.034653 0.010999 0.999302 2 1.000000
1756832609.085000 -0.015025 -0.000030 0.004118 0.000513 -0.012289 0.002371 0.999922 2 1.000000
1756832609.796000 -0.014844 0.000157 0.005709 -0.038715 0.012032 0.005145 0.999165 2 1.000000
1756832609.851000 -0.014848 0.000379 0.006409 -0.066138 0.046905 0.008866 0.996668 2 1.000000
1756832610.098000 -0.014817 0.000406 0.006958 -0.054849 0.089967 0.026924 0.994069 2 1.000000
1756832610.225000 -0.014960 -0.000004 0.005277 -0.051144 0.055494 0.071815 0.994559 2 1.000000
1756832610.267000 -0.014846 0.000258 0.006254 -0.031796 0.048315 0.111229 0.992110 2 1.000000
1756832610.295000 -0.015057 0.000141 0.004483 -0.069737 0.055013 0.010285 0.995994 2 1.000000
1756832610.646000 -0.020430 -0.000361 0.010905 -0.041575 0.060858 -0.026094 0.996939 2 1.000000
1756832610.974000 -0.021367 0.000403 0.009280 0.005046 0.068809 -0.020130 0.997414 2 1.000000
1756832611.252000 -0.023129 0.000727 0.011477 0.012034 0.054938 0.022606 0.998161 2 1.000000
1756832611.449000 -0.026026 0.000450 0.011101 0.032736 0.058132 -0.015538 0.997651 2 1.000000
1756832613.363000 -0.017593 0.000764 0.009129 -0.007632 0.042187 -0.021528 0.998849 2 1.000000
1756832618.568000 -0.017625 0.000513 0.007157 0.022106 0.048921 -0.054551 0.997067 2 1.000000
1756832622.968000 -0.012990 0.000235 0.005362 0.025258 0.068436 -0.014934 0.997224 2 1.000000
1756832624.265000 -0.016834 0.000345 0.006966 0.011819 0.103304 -0.039491 0.993795 2 1.000000
1756832631.611000 -0.013496 0.000064 0.005742 0.002656 0.060417 -0.044870 0.997161 2 1.000000
1756832636.328000 -0.008710 -0.001444 0.025640 0.026030 0.096507 -0.035385 0.994363 2 1.000000
1756832642.275000 -0.007753 -0.001585 0.018457 0.095172 0.102282 -0.040980 0.989344 2 1.000000
1756832642.354000 -0.009228 -0.000726 0.019266 0.052104 0.093316 -0.028159 0.993873 2 1.000000
1756832642.644000 -0.007990 -0.000843 0.019541 0.008549 0.095177 -0.019813 0.995226 2 1.000000
1756832678.466000 -0.004246 -0.001542 0.014506 0.051266 0.078040 -0.012746 0.995550 2 1.000000
1756832679.432000 0.001847 -0.003151 0.026954 0.009890 0.092466 0.006440 0.995646 2 1.000000
1756832682.465000 0.009113 -0.003874 0.071001 -0.002884 0.050889 -0.007068 0.998675 2 1.000000
1756832683.267000 0.011402 -0.007226 0.112997 -0.038300 0.075491 -0.013432 0.996320 2 1.000000
1756832684.100000 0.018216 -0.008546 0.162531 -0.031422 0.054043 -0.041181 0.997194 2 1.000000
1756832684.932000 0.018603 -0.016898 0.213336 -0.034156 0.058333 -0.021083 0.997490 2 1.000000
1756832685.765000 0.017293 -0.020182 0.263339 -0.055775 0.081454 -0.023520 0.994837 2 1.000000
1756832686.698000 0.020927 -0.018227 0.313962 -0.070822 0.055032 -0.026511 0.995617 2 1.000000
1756832687.631000 0.024957 -0.017749 0.365609 -0.070436 0.061989 -0.015422 0.995469 2 1.000000
1756832688.732000 0.024734 -0.013555 0.416106 -0.073631 0.082947 -0.013970 0.993732 2 1.000000
1756832689.867000 0.029234 -0.009929 0.466228 -0.077512 0.093224 -0.008382 0.992588 2 1.000000
1756832694.499000 0.016538 0.008056 -0.016554 0.003009 0.083056 0.018502 0.996369 2 1.000000
1756832694.664000 0.008749 0.004271 -0.012535 0.004837 0.136390 0.024246 0.990347 2 1.000000
1756832694.864000 0.008944 0.004444 -0.012018 0.006110 0.188217 0.027600 0.981721 2 1.000000
1756832695.131000 0.012644 0.002033 -0.011849 0.003690 0.233155 0.031398 0.971926 2 1.000000
1756832695.435000 0.015721 0.001269 -0.011361 -0.003054 0.276904 0.036805 0.960188 2 1.000000
1756832695.732000 0.019745 0.000071 -0.009800 -0.003585 0.320761 0.046055 0.946033 2 1.000000
1756832696.604000 0.024278 0.000164 -0.010271 -0.003978 0.361091 0.059746 0.930606 2 1.000000
1756832699.711000 0.037814 0.003647 -0.016914 -0.019522 0.392172 0.082504 0.915977 2 1.000000
1756832702.496000 0.057778 -0.000187 0.024340 -0.027721 0.430619 0.100181 0.896528 2 1.000000
1756832703.538000 0.098423 -0.003185 0.055116 -0.046004 0.439686 0.095767 0.891845 2 1.000000
1756832704.339000 0.135033 -0.008112 0.089402 -0.047494 0.450894 0.097404 0.885975 2 1.000000
1756832705.017000 0.177197 -0.008921 0.120710 -0.056711 0.464054 0.119236 0.875911 2 1.000000
1756832705.470000 0.208243 -0.008879 0.139688 -0.065851 0.499188 0.130720 0.854042 2 1.000000
1756832705.799000 0.231542 -0.010145 0.158784 -0.078877 0.531637 0.152107 0.829460 2 1.000000
1756832706.388000 0.275440 -0.012497 0.183273 -0.055632 0.517982 0.121574 0.844879 2 1.000000
1756832707.167000 0.317416 -0.016184 0.210735 -0.047934 0.498208 0.118395 0.857598 2 1.000000
1756832707.912000 0.329259 -0.020343 0.217301 -0.046790 0.463945 0.099871 0.878972 2 1.000000
1756832708.688000 0.331074 -0.020220 0.216644 -0.034170 0.428933 0.084916 0.898687 2 1.000000
1756832708.751000 0.329779 -0.017648 0.219681 -0.075949 0.406984 0.100027 0.904760 2 1.000000
