# ORB-SLAM3 Path Recording
# Format: timestamp tx ty tz qx qy qz qw tracking_state confidence
# Translation in meters, quaternion (x,y,z,w), timestamp in seconds
# Coordinate system: Camera frame
1756818215.674000 0.000000 0.000000 0.000000 -0.000000 -0.000000 -0.000000 1.000000 1 0.500000
1756818216.342000 -0.020467 0.000126 -0.044001 -0.010428 0.046291 0.002169 0.998871 2 1.000000
1756818223.513000 -0.031962 -0.002500 0.006201 0.001371 0.002846 0.001595 0.999994 2 1.000000
1756818223.594000 -0.008378 0.002011 0.008063 0.014608 -0.023575 0.037238 0.998922 2 1.000000
1756818226.157000 -0.018229 0.005558 0.022340 0.003036 -0.063147 0.023003 0.997735 2 1.000000
1756818232.566000 -0.023274 0.005380 0.022007 -0.000607 -0.052069 -0.019161 0.998459 2 1.000000
1756818232.739000 -0.021380 0.005861 0.022651 -0.010916 -0.094810 -0.009815 0.995387 2 1.000000
1756818233.296000 -0.019507 0.005799 0.025772 -0.036311 -0.060972 0.000557 0.997479 2 1.000000
1756818233.380000 -0.016347 0.008142 0.028110 -0.047423 -0.082404 0.041710 0.994596 2 1.000000
1756818235.387000 -0.014075 0.005111 0.021853 -0.020167 -0.058796 0.015803 0.997941 2 1.000000
1756818238.524000 -0.012840 0.005076 0.022908 -0.013587 -0.094091 -0.017896 0.995310 2 1.000000
1756818238.749000 -0.015579 0.009291 0.031710 -0.033796 -0.126624 -0.041024 0.990526 2 1.000000
1756818238.870000 -0.024699 0.012666 0.042402 -0.032939 -0.119720 0.003862 0.992254 2 1.000000
1756818238.979000 -0.007102 0.008538 0.039723 -0.023871 -0.095664 0.042590 0.994216 2 1.000000
1756818248.285000 0.002433 0.010579 0.033493 0.010671 -0.077057 0.018618 0.996796 2 1.000000
1756818249.292000 -0.003828 0.004369 0.019997 0.001748 -0.072005 -0.025203 0.997084 2 1.000000
1756818250.778000 -0.004266 0.004560 0.020174 -0.037020 -0.045997 -0.023045 0.997989 2 1.000000
1756818250.988000 -0.004429 0.005009 0.021927 -0.079701 -0.031329 -0.006719 0.996304 2 1.000000
1756818251.075000 -0.004194 0.006066 0.021999 -0.099405 0.009098 0.003960 0.994998 2 1.000000
1756818251.371000 0.002096 0.008099 0.025299 -0.122676 0.048607 -0.003690 0.991249 2 1.000000
1756818252.312000 0.006986 0.007962 0.025582 -0.122588 0.075178 0.030744 0.989129 2 1.000000
1756818255.695000 -0.029377 -0.001316 0.008655 0.001353 0.014684 0.002840 0.999887 2 1.000000
1756818255.864000 0.004992 -0.006264 0.028133 0.023291 -0.000460 0.039963 0.998930 2 1.000000
1756818256.101000 -0.008458 -0.004841 -0.000392 -0.001616 0.005019 0.001184 0.999985 2 1.000000
1756818266.765000 0.000834 -0.016597 -0.005174 0.044631 0.024841 -0.017799 0.998536 2 1.000000
1756818266.926000 0.002849 -0.023318 -0.016827 0.020570 0.004550 -0.051559 0.998448 2 1.000000
1756818267.076000 -0.000995 -0.018812 -0.034996 -0.023208 0.020562 -0.041483 0.998658 2 1.000000
1756818267.152000 0.005523 -0.016955 -0.044742 -0.021927 0.061861 -0.026730 0.997486 2 1.000000
1756818267.291000 0.000466 -0.012459 -0.058373 -0.031947 0.105609 -0.048194 0.992725 2 1.000000
1756818267.427000 0.001020 -0.013823 -0.061139 -0.003173 0.075912 -0.026974 0.996745 2 1.000000
1756818267.885000 -0.002032 -0.003842 -0.029367 -0.016061 0.034059 -0.021394 0.999062 2 1.000000
1756818268.405000 0.004991 -0.006006 -0.033861 -0.044029 0.003659 0.001036 0.999023 2 1.000000
1756818269.863000 0.004944 -0.008867 -0.037444 -0.016025 0.036667 -0.008545 0.999163 2 1.000000
1756818271.678000 0.005155 -0.009140 -0.036936 -0.015334 -0.005289 0.005898 0.999851 2 1.000000
1756818273.855000 0.006819 -0.008709 -0.035032 -0.024096 0.036394 -0.004480 0.999037 2 1.000000
1756818274.151000 0.010458 -0.008610 -0.034222 -0.029104 0.078673 -0.013742 0.996381 2 1.000000
1756818275.021000 0.006792 -0.008682 -0.033336 -0.031243 0.036457 -0.002013 0.998845 2 1.000000
1756818275.421000 0.001630 -0.008844 -0.033615 -0.026992 -0.006336 -0.009062 0.999575 2 1.000000
1756818278.754000 0.000765 -0.009747 -0.034609 -0.010650 0.024401 0.018161 0.999481 2 1.000000
