# ORB-SLAM3 Path Recording
# Format: timestamp tx ty tz qx qy qz qw tracking_state confidence
# Translation in meters, quaternion (x,y,z,w), timestamp in seconds
# Coordinate system: Camera frame
1756768269.475000 -0.060625 0.027628 0.018145 -0.038344 0.032993 -0.004169 0.998711 2 1.000000
1756768271.608000 -0.036328 0.036234 0.030513 -0.035680 0.025996 0.038873 0.998269 2 1.000000
1756768271.722000 -0.013173 0.024257 -0.005526 -0.009596 0.006462 0.084329 0.996371 2 1.000000
1756768271.796000 0.005560 0.014204 -0.054573 -0.003573 -0.018603 0.105012 0.994291 2 1.000000
1756768271.862000 0.016974 0.003868 -0.111269 0.008351 -0.022577 0.078866 0.996595 2 1.000000
1756768271.928000 0.032169 0.002400 -0.180950 0.026203 -0.036095 0.088951 0.995037 2 1.000000
1756768271.990000 0.043067 -0.011702 -0.233956 -0.021603 -0.045364 0.107275 0.992959 2 1.000000
1756768272.044000 0.056232 -0.016885 -0.287793 -0.030855 -0.037544 0.105213 0.993262 2 1.000000
1756768272.100000 0.045092 -0.029618 -0.337048 -0.037743 -0.048787 0.103525 0.992712 2 1.000000
1756768272.138000 0.079646 -0.029607 -0.372104 -0.000518 -0.068564 0.089649 0.993611 2 1.000000
1756768272.175000 0.043846 -0.037423 -0.415075 0.063342 -0.027836 0.062633 0.995635 2 1.000000
1756768272.283000 0.041137 -0.034547 -0.470211 0.114570 -0.025195 0.062600 0.991121 2 1.000000
1756768272.390000 0.051134 -0.012722 -0.519436 0.136974 -0.047319 0.066121 0.987232 2 1.000000
1756768275.661000 -0.002411 0.020157 -0.001958 0.040843 0.016484 -0.010766 0.998972 2 1.000000
1756768275.998000 -0.001158 0.007409 -0.000731 -0.004186 0.019356 0.005753 0.999787 2 1.000000
1756768276.168000 -0.002251 0.012556 0.006185 -0.048227 0.018931 0.022645 0.998400 2 1.000000
1756768276.316000 -0.003632 0.016580 0.021825 -0.088785 0.009951 0.042168 0.995108 2 1.000000
1756768276.406000 -0.005592 0.016426 0.030173 -0.083671 -0.022400 0.075709 0.993361 2 1.000000
1756768276.664000 -0.004870 0.017101 0.024183 -0.064260 -0.011329 0.036142 0.997214 2 1.000000
1756768277.102000 -0.002151 0.012632 0.004410 -0.105820 0.012292 0.042909 0.993383 2 1.000000
1756768277.250000 -0.003224 0.014618 0.004920 -0.154431 0.023102 0.024791 0.987422 2 1.000000
1756768277.334000 -0.003773 0.016095 0.010218 -0.193371 0.029567 0.045182 0.979639 2 1.000000
1756768277.565000 -0.003009 0.020803 0.007631 -0.232074 0.027659 0.025258 0.971977 2 1.000000
1756768283.487000 -0.009153 -0.012632 0.016906 0.006680 0.005512 -0.008058 0.999930 2 1.000000
1756768283.651000 -0.018862 -0.007091 0.047862 0.040976 -0.013168 -0.035068 0.998458 2 1.000000
1756768283.704000 -0.036350 -0.000918 0.067590 0.044445 -0.036837 -0.086375 0.994589 2 1.000000
1756768283.754000 -0.029082 0.000990 0.056735 0.068674 -0.072718 -0.081817 0.991616 2 1.000000
1756768283.791000 -0.021350 0.006447 0.054535 0.101347 -0.108595 -0.055597 0.987342 2 1.000000
1756768283.826000 -0.031838 0.014249 0.073144 0.142383 -0.136490 -0.037041 0.979656 2 1.000000
1756768283.883000 -0.014981 0.008553 0.065600 0.091193 -0.120768 -0.055618 0.986917 2 1.000000
1756768283.945000 -0.004147 0.009798 0.067652 0.065437 -0.127121 -0.097878 0.984875 2 1.000000
1756768284.034000 -0.011143 0.010040 0.100106 0.078185 -0.160115 -0.063683 0.981934 2 1.000000
1756768284.646000 -0.058122 0.014861 0.092802 0.072048 -0.170939 -0.108738 0.976609 2 1.000000
1756768284.698000 -0.074443 0.016866 0.083754 0.090057 -0.159925 -0.147008 0.971958 2 1.000000
1756768288.131000 -0.018361 0.002116 -0.004350 0.022587 0.020788 -0.019658 0.999335 2 1.000000
1756768288.339000 -0.018753 0.002122 -0.005545 -0.000774 0.057741 -0.029358 0.997900 2 1.000000
1756768288.404000 -0.015655 0.001311 -0.001541 -0.039443 0.087629 -0.029996 0.994920 2 1.000000
1756768288.656000 -0.014797 0.000807 -0.004176 -0.036609 0.072929 0.014158 0.996565 2 1.000000
1756768288.748000 -0.014698 0.000641 -0.002915 -0.010244 0.062527 0.054281 0.996513 2 1.000000
1756768289.190000 -0.013969 -0.000424 -0.002931 -0.002476 0.085802 0.013976 0.996211 2 1.000000
1756768291.817000 -0.012478 -0.000170 -0.001842 0.000751 0.047769 -0.014503 0.998753 2 1.000000
1756768301.099000 -0.012438 -0.000215 -0.001916 0.005946 0.084789 0.014968 0.996269 2 1.000000
1756768301.212000 -0.012328 -0.000321 -0.001664 -0.026574 0.112441 0.036496 0.992632 2 1.000000
1756768301.254000 -0.012335 -0.000179 -0.001434 -0.076580 0.108181 0.044597 0.990173 2 1.000000
1756768304.178000 -0.014645 -0.000613 -0.001355 -0.065233 0.133683 0.005990 0.988857 2 1.000000
1756768304.687000 -0.014887 -0.000974 -0.003087 -0.060860 0.180669 0.014985 0.981545 2 1.000000
1756768304.727000 -0.015188 -0.001053 -0.003349 -0.052201 0.217229 0.042812 0.973783 2 1.000000
1756768305.055000 -0.014407 -0.000992 -0.003129 -0.055338 0.173873 0.057223 0.981545 2 1.000000
1756768305.167000 -0.014522 -0.000985 -0.003146 -0.067589 0.134578 0.044397 0.987598 2 1.000000
1756768305.616000 -0.014559 -0.000983 -0.003046 -0.045264 0.173185 0.042202 0.982943 2 1.000000
1756768306.083000 -0.015924 -0.001065 -0.003336 -0.054354 0.213202 0.054021 0.973998 2 1.000000
1756768308.304000 -0.016596 -0.001132 -0.003394 -0.042790 0.164505 0.057564 0.983765 2 1.000000
1756768308.358000 -0.016585 -0.001183 -0.003358 -0.046911 0.114682 0.071257 0.989732 2 1.000000
1756768308.403000 -0.014630 -0.000977 -0.003422 -0.052301 0.063944 0.074513 0.993793 2 1.000000
1756768308.458000 -0.012845 -0.000169 -0.001257 -0.063432 0.014166 0.065531 0.995732 2 1.000000
1756768308.515000 -0.012477 -0.000277 0.002051 -0.074480 -0.031667 0.060881 0.994858 2 1.000000
1756768308.599000 -0.005193 0.000283 -0.007415 -0.064227 -0.072041 0.075470 0.992466 2 1.000000
1756768308.769000 0.000922 -0.002848 -0.020619 -0.049499 -0.115935 0.064487 0.989924 2 1.000000
1756768308.928000 -0.000855 -0.000602 -0.021036 -0.046473 -0.148267 0.034955 0.987236 2 1.000000
1756768309.406000 -0.000948 -0.001668 -0.023800 -0.044576 -0.105246 0.040194 0.992633 2 1.000000
1756768311.735000 0.001020 -0.004171 -0.041243 -0.087209 -0.132860 0.036473 0.986617 2 1.000000
1756768313.716000 0.001645 -0.003986 -0.040019 -0.059341 -0.085482 0.040306 0.993754 2 1.000000
1756768318.543000 0.002742 -0.004717 -0.043172 -0.041723 -0.046812 0.029439 0.997598 2 1.000000
1756768321.651000 0.003729 -0.004996 -0.044095 -0.026922 -0.007699 0.017155 0.999461 2 1.000000
1756768336.012000 0.003706 -0.005825 -0.046096 -0.002204 0.029172 0.010882 0.999513 2 1.000000
1756768336.345000 0.004852 -0.002322 -0.011686 -0.046443 -0.008445 0.037574 0.998178 2 1.000000
1756768338.952000 0.004718 0.004081 -0.010758 -0.038027 -0.051350 0.048422 0.996781 2 1.000000
1756768339.445000 0.006134 0.004379 -0.014802 -0.023257 -0.093896 0.058117 0.993612 2 1.000000
1756768346.791000 0.003656 0.003803 -0.009960 -0.032897 -0.058515 0.034655 0.997142 2 1.000000
1756768347.279000 0.004521 0.004025 -0.009270 -0.032284 -0.012755 0.030185 0.998941 2 1.000000
1756768347.513000 0.004396 0.003989 -0.008667 -0.034211 0.031057 0.025842 0.998598 2 1.000000
1756768348.216000 0.005551 0.004267 -0.005481 -0.035296 0.077080 0.029049 0.995976 2 1.000000
1756768348.446000 0.005716 0.004588 -0.006946 -0.034165 0.121670 0.019930 0.991782 2 1.000000
1756768348.679000 0.005938 0.003787 -0.010999 -0.040124 0.161734 0.004779 0.986007 2 1.000000
1756768354.479000 0.005461 0.002835 -0.012928 -0.030431 0.115405 0.023540 0.992573 2 1.000000
1756768354.614000 0.005353 0.002507 -0.014157 -0.018668 0.071497 0.031992 0.996753 2 1.000000
1756768354.746000 0.005130 0.002647 -0.014207 -0.005018 0.022507 0.038599 0.998989 2 1.000000
1756768354.879000 0.005485 0.001897 -0.016690 0.006639 -0.028259 0.055827 0.998018 2 1.000000
1756768354.981000 0.005396 0.000409 -0.022137 0.011037 -0.076638 0.072619 0.994350 2 1.000000
1756768355.079000 0.005528 0.001306 -0.018090 0.017518 -0.123190 0.078993 0.989079 2 1.000000
1756768355.779000 0.005822 0.001936 -0.014453 0.006249 -0.172823 0.080239 0.981659 2 1.000000
1756768356.280000 0.004700 0.002796 -0.010828 -0.008475 -0.131054 0.078678 0.988212 2 1.000000
1756768357.313000 0.007782 0.002809 -0.011945 -0.023669 -0.175878 0.094246 0.979604 2 1.000000
1756768357.481000 0.007841 0.003162 -0.011077 -0.019937 -0.216703 0.109216 0.969904 2 1.000000
1756768357.980000 0.005245 0.002813 -0.011520 -0.013463 -0.260119 0.097731 0.960523 2 1.000000
1756768358.147000 0.005282 0.002947 -0.011321 -0.008318 -0.300646 0.109038 0.947446 2 1.000000
1756768358.546000 0.004915 0.003462 -0.011327 -0.008274 -0.342271 0.110139 0.933087 2 1.000000
1756768359.146000 0.004796 0.003500 -0.011143 -0.008611 -0.383581 0.115712 0.916189 2 1.000000
1756768364.347000 0.004550 0.003549 -0.010610 -0.011908 -0.343723 0.109822 0.932551 2 1.000000
1756768365.081000 0.004488 0.003518 -0.010688 0.007273 -0.309839 0.089642 0.946526 2 1.000000
1756768365.415000 0.004518 0.003495 -0.010865 0.012093 -0.262695 0.094765 0.960138 2 1.000000
1756768365.914000 0.004506 0.003572 -0.011037 0.042447 -0.253184 0.064688 0.964319 2 1.000000
1756768367.180000 0.004253 0.003779 -0.010322 0.000053 -0.257434 0.079367 0.963031 2 1.000000
1756768368.648000 0.004244 0.003715 -0.010309 -0.008061 -0.211863 0.081072 0.973898 2 1.000000
1756768370.314000 0.004273 0.003801 -0.009805 -0.022844 -0.170305 0.074669 0.982293 2 1.000000
1756768371.149000 0.002106 0.004291 -0.006995 -0.007307 -0.130319 0.066135 0.989237 2 1.000000
1756768371.571000 0.003315 0.004699 -0.004007 -0.028309 -0.102185 0.038767 0.993607 2 1.000000
1756768371.706000 0.002267 0.003794 -0.000516 -0.058220 -0.066889 0.027760 0.995673 2 1.000000
1756768371.790000 0.002159 0.005280 0.002968 -0.098508 -0.070797 0.052341 0.991234 2 1.000000
1756768371.881000 -0.004109 0.004215 -0.000022 -0.130208 -0.032239 0.041821 0.990080 2 1.000000
1756768371.948000 -0.011674 0.014246 -0.002025 -0.130056 0.023159 0.031522 0.990735 2 1.000000
1756768372.082000 -0.019105 0.019568 0.001907 -0.168814 0.041587 0.019131 0.984584 2 1.000000
1756768379.739000 -0.030400 -0.017189 -0.000630 -0.000055 -0.043108 -0.012587 0.998991 2 1.000000
1756768380.037000 -0.029712 -0.012246 -0.001169 -0.061998 -0.040018 0.013628 0.997181 2 1.000000
1756768380.119000 -0.026616 -0.013377 -0.007222 -0.036805 -0.075821 0.007956 0.996410 2 1.000000
1756768380.294000 -0.018832 -0.008047 -0.006269 -0.034481 -0.035994 0.026239 0.998412 2 1.000000
1756768380.398000 -0.011190 -0.011591 -0.021113 -0.009220 -0.002248 0.051106 0.998648 2 1.000000
1756768380.465000 -0.002881 -0.008407 -0.022080 -0.021387 0.038280 0.065779 0.996870 2 1.000000
1756768380.545000 0.009759 -0.002241 -0.020999 -0.019797 0.077049 0.097855 0.992016 2 1.000000
1756768380.614000 0.021261 -0.005178 -0.020219 0.000476 0.124482 0.112771 0.985792 2 1.000000
1756768380.753000 0.035864 -0.006004 -0.000089 0.014706 0.164931 0.107683 0.980299 2 1.000000
1756768380.870000 0.043942 -0.012489 0.055914 0.042530 0.160381 0.085757 0.982403 2 1.000000
1756768380.959000 0.048535 -0.004427 0.105565 0.043722 0.151021 0.075289 0.984689 2 1.000000
1756768381.281000 0.076753 -0.006177 0.120869 0.079682 0.125073 0.068537 0.986565 2 1.000000
1756768381.566000 0.081589 -0.013911 0.067663 0.061980 0.118344 0.085089 0.987377 2 1.000000
1756768381.734000 0.079746 -0.012872 0.008895 0.079288 0.140678 0.102888 0.981497 2 1.000000
1756768382.041000 0.097944 -0.010751 0.029231 0.096579 0.136678 0.061449 0.983980 2 1.000000
1756768382.131000 0.126922 -0.001860 0.061523 0.141624 0.167021 0.064917 0.973567 2 1.000000
1756768382.315000 0.135579 -0.007839 0.069489 0.098082 0.169710 0.072238 0.977937 2 1.000000
1756768382.850000 0.136227 -0.008462 0.105366 0.072036 0.190437 0.043539 0.978084 2 1.000000
1756768384.965000 0.106855 0.017621 0.116253 0.065848 0.188564 -0.003890 0.979843 2 1.000000
1756768385.060000 0.090841 0.031971 0.162856 0.088279 0.226577 -0.021180 0.969753 2 1.000000
1756768385.092000 0.089010 0.018169 0.176539 0.047727 0.228043 -0.005163 0.972467 2 1.000000
1756768385.216000 0.077430 0.011510 0.193376 0.079723 0.198671 -0.009446 0.976773 2 1.000000
1756768385.314000 0.075977 0.006135 0.208107 0.103723 0.165050 0.021061 0.980590 2 1.000000
1756768385.483000 0.078689 0.003066 0.210062 0.122488 0.116252 0.038103 0.984901 2 1.000000
1756768385.716000 0.057031 -0.020634 0.214834 0.154261 0.109750 0.008484 0.981879 2 1.000000
1756768386.048000 0.047402 -0.027613 0.213092 0.184578 0.100748 -0.023705 0.977353 2 1.000000
1756768390.282000 0.023266 -0.030534 0.202909 0.214041 0.067253 -0.023119 0.974232 2 1.000000
1756768390.782000 0.013543 -0.039486 0.190515 0.220328 0.019384 -0.003579 0.975227 2 1.000000
1756768390.950000 0.006542 -0.063962 0.145848 0.223075 -0.012874 -0.011836 0.974644 2 1.000000
1756768391.084000 -0.001738 -0.079640 0.098131 0.221633 -0.023766 -0.018022 0.974674 2 1.000000
1756768391.249000 -0.014545 -0.098507 0.047513 0.215664 -0.023082 -0.023040 0.975923 2 1.000000
1756768391.482000 -0.037746 -0.114288 0.000112 0.208234 -0.014802 -0.028360 0.977556 2 1.000000
1756768392.017000 -0.061582 -0.127669 -0.044376 0.195992 -0.032261 0.000442 0.980075 2 1.000000
1756768392.083000 -0.018851 0.002660 0.000825 -0.069385 -0.000542 0.038749 0.996837 2 1.000000
1756768392.483000 -0.007973 0.005030 0.002947 -0.041297 -0.042068 0.041735 0.997388 2 1.000000
1756768392.849000 -0.006928 0.005466 0.003487 -0.027378 -0.004004 0.023716 0.999336 2 1.000000
1756768393.018000 -0.007441 0.005373 0.007941 -0.038805 0.043702 0.005441 0.998276 2 1.000000
1756768393.183000 -0.010248 0.005871 0.013130 -0.038487 0.080928 -0.017006 0.995831 2 1.000000
1756768393.351000 -0.008556 0.006279 0.015732 -0.028554 0.123360 -0.023107 0.991682 2 1.000000
1756768393.501000 -0.010139 0.007211 0.021983 -0.034018 0.171018 -0.029828 0.984229 2 1.000000
1756768394.316000 -0.006685 0.010202 0.030990 -0.033288 0.214512 -0.019877 0.975951 2 1.000000
1756768396.483000 -0.005267 0.010231 0.033641 -0.039683 0.248094 0.007607 0.967893 2 1.000000
1756768399.683000 -0.005197 0.010306 0.034448 -0.032196 0.213505 0.034271 0.975810 2 1.000000
1756768400.285000 -0.005285 0.010263 0.034241 -0.076857 0.190758 0.028410 0.978211 2 1.000000
1756768400.671000 -0.005113 0.010100 0.033786 -0.048105 0.153030 0.038611 0.986295 2 1.000000
1756768400.950000 -0.004820 0.010521 0.036167 -0.017266 0.122286 0.024807 0.992035 2 1.000000
1756768401.918000 -0.001285 0.010070 0.038548 -0.033961 0.164746 0.016550 0.985612 2 1.000000
1756768402.516000 0.001146 0.013697 0.046545 -0.019907 0.124147 0.019191 0.991879 2 1.000000
1756768404.083000 0.009490 0.018897 0.081003 -0.066173 0.120000 0.005851 0.990549 2 1.000000
1756768404.451000 0.011320 0.021573 0.091396 -0.108014 0.102588 0.010555 0.988786 2 1.000000
1756768405.272000 0.014969 0.031759 0.127236 -0.144501 0.114544 -0.012314 0.982775 2 1.000000
1756768405.551000 0.015521 0.034463 0.139077 -0.144495 0.158914 -0.009535 0.976615 2 1.000000
1756768406.184000 0.021084 0.045568 0.177403 -0.134052 0.113560 -0.008652 0.984408 2 1.000000
1756768406.686000 0.020898 0.051311 0.205373 -0.135803 0.156125 -0.029547 0.977911 2 1.000000
1756768407.450000 0.028253 0.060479 0.246804 -0.160552 0.119885 -0.017060 0.979571 2 1.000000
1756768407.984000 0.034841 0.070012 0.285562 -0.146067 0.145448 -0.049329 0.977280 2 1.000000
1756768408.285000 0.031072 0.071526 0.293227 -0.144475 0.098821 -0.058454 0.982825 2 1.000000
1756768408.417000 0.033835 0.073261 0.297873 -0.132493 0.055665 -0.067954 0.987284 2 1.000000
1756768408.691000 0.035731 0.076560 0.304959 -0.126358 0.012091 -0.064966 0.989781 2 1.000000
1756768408.984000 0.034822 0.073525 0.304166 -0.128588 -0.029657 -0.051599 0.989911 2 1.000000
1756768413.150000 0.036664 0.073777 0.304260 -0.116460 0.010756 -0.038119 0.992405 2 1.000000
1756768413.351000 0.038573 0.073335 0.308892 -0.126467 0.053480 -0.023821 0.990242 2 1.000000
1756768413.684000 0.047278 0.077298 0.321955 -0.127742 0.096888 -0.019866 0.986864 2 1.000000
1756768414.317000 0.048998 0.081791 0.345794 -0.168834 0.112775 -0.027913 0.978774 2 1.000000
1756768414.418000 0.047719 0.081741 0.352172 -0.127254 0.078737 -0.046684 0.987637 2 1.000000
1756768414.618000 0.043753 0.081956 0.360755 -0.104651 0.115514 -0.033955 0.987194 2 1.000000
1756768415.117000 0.033887 0.086263 0.375336 -0.090637 0.074909 -0.043621 0.992104 2 1.000000
1756768415.518000 0.034319 0.088325 0.381414 -0.119304 0.043614 -0.032707 0.991360 2 1.000000
1756768415.850000 0.030342 0.086685 0.378784 -0.102531 -0.000174 -0.040376 0.993910 2 1.000000
1756768416.352000 0.029880 0.086474 0.374223 -0.093746 -0.046879 -0.041821 0.993612 2 1.000000
1756768417.251000 0.027104 0.082221 0.362212 -0.072732 -0.083643 -0.025794 0.993503 2 1.000000
1756768417.651000 0.024797 0.081103 0.356941 -0.055673 -0.127135 -0.034416 0.989724 2 1.000000
1756768418.154000 0.022577 0.081687 0.358135 -0.070918 -0.169526 -0.025235 0.982647 2 1.000000
1756768418.552000 0.024504 0.080971 0.356959 -0.070401 -0.213949 -0.029367 0.973862 2 1.000000
1756768418.911000 0.028262 0.080256 0.355163 -0.060152 -0.256627 -0.026860 0.964263 2 1.000000
1756768419.578000 0.031308 0.079738 0.353609 -0.052180 -0.298296 -0.029238 0.952597 2 1.000000
1756768420.611000 -0.001158 0.081192 0.351932 -0.059111 -0.337292 -0.042110 0.938598 2 1.000000
1756768421.147000 -0.018389 0.078312 0.340734 -0.040166 -0.372612 -0.055713 0.925442 2 1.000000
1756768421.450000 -0.025628 0.076377 0.331362 -0.045135 -0.412343 -0.065071 0.907580 2 1.000000
1756768421.618000 -0.028212 0.076286 0.327441 -0.042079 -0.455647 -0.065069 0.886781 2 1.000000
1756768421.785000 -0.031371 0.077572 0.324663 -0.040079 -0.495363 -0.061978 0.865545 2 1.000000
1756768422.239000 -0.040101 0.075655 0.318228 -0.045575 -0.538114 -0.063974 0.839204 2 1.000000
1756768422.334000 -0.043505 0.075201 0.313937 -0.036026 -0.573979 -0.053131 0.816350 2 1.000000
1756768426.222000 -0.021931 -0.005271 0.048271 0.011026 -0.013802 -0.001656 0.999843 2 1.000000
1756768426.531000 -0.039190 -0.018872 0.099246 -0.001536 -0.003652 0.013819 0.999897 2 1.000000
1756768426.627000 -0.042776 -0.017050 0.122540 0.005046 -0.050189 0.000984 0.998727 2 1.000000
1756768426.728000 -0.050031 -0.020968 0.150108 0.012366 -0.099481 -0.012387 0.994886 2 1.000000
1756768426.797000 -0.055250 -0.027840 0.166167 0.031618 -0.143503 -0.024202 0.988849 2 1.000000
1756768427.019000 -0.067683 -0.030417 0.185835 0.029095 -0.186824 -0.020808 0.981742 2 1.000000
1756768427.284000 -0.077218 -0.031053 0.192079 0.057956 -0.230516 -0.026009 0.970993 2 1.000000
1756768427.424000 -0.080383 -0.031742 0.193923 0.064913 -0.278367 -0.025195 0.957948 2 1.000000
1756768427.518000 -0.073681 -0.032874 0.188095 0.071581 -0.338714 -0.040906 0.937270 2 1.000000
1756768427.789000 -0.069522 -0.034266 0.183474 0.077712 -0.410866 -0.039905 0.907501 2 1.000000
1756768427.816000 -0.066738 -0.035027 0.180968 0.074286 -0.483339 -0.061521 0.870104 2 1.000000
1756768431.593000 -0.010280 -0.003926 0.015988 0.008641 0.000056 -0.016122 0.999833 2 1.000000
1756768431.894000 -0.040564 -0.012290 0.062182 0.017166 0.002787 -0.033894 0.999274 2 1.000000
1756768432.072000 -0.076603 -0.021646 0.102032 -0.009800 -0.019977 -0.046498 0.998671 2 1.000000
1756768432.318000 -0.104004 -0.028147 0.147556 -0.013088 -0.036531 -0.041471 0.998386 2 1.000000
1756768432.553000 -0.120214 -0.038597 0.196457 -0.031915 -0.065981 -0.034542 0.996712 2 1.000000
1756768432.889000 -0.141796 -0.047278 0.246992 -0.042337 -0.070981 -0.045462 0.995541 2 1.000000
1756768433.153000 -0.175500 -0.058899 0.288997 -0.026209 -0.034068 -0.036876 0.998395 2 1.000000
1756768433.420000 -0.213729 -0.069756 0.322484 -0.025643 -0.020459 -0.034366 0.998871 2 1.000000
1756768433.739000 -0.239159 -0.077871 0.370651 -0.035722 -0.058706 -0.037737 0.996922 2 1.000000
1756768433.898000 -0.259289 -0.086581 0.424187 -0.036330 -0.072693 -0.029904 0.996244 2 1.000000
1756768434.216000 -0.279309 -0.101906 0.467579 -0.026294 -0.075528 -0.037882 0.996077 2 1.000000
1756768434.353000 -0.287993 -0.101827 0.469013 -0.032371 -0.026420 -0.025618 0.998798 2 1.000000
1756768434.519000 -0.298477 -0.103626 0.463821 -0.041597 0.018657 -0.004125 0.998952 2 1.000000
1756768434.953000 -0.289596 -0.093720 0.411926 -0.014438 0.027028 0.007964 0.999499 2 1.000000
1756768435.186000 -0.258114 -0.078355 0.367240 -0.025496 0.023303 -0.016873 0.999261 2 1.000000
1756768435.451000 -0.229487 -0.072345 0.321392 -0.028265 0.020543 -0.001793 0.999388 2 1.000000
1756768435.687000 -0.219817 -0.062868 0.270265 0.002378 0.053531 0.001424 0.998562 2 1.000000
1756768435.924000 -0.212874 -0.050450 0.221490 0.004807 0.038609 -0.008841 0.999204 2 1.000000
1756768436.253000 -0.207957 -0.046640 0.168772 0.011800 0.057474 -0.012843 0.998195 2 1.000000
1756768436.620000 -0.183524 -0.039369 0.127830 0.041282 0.092009 -0.002954 0.994898 2 1.000000
1756768436.968000 -0.149319 -0.026921 0.087222 0.047343 0.099224 -0.000955 0.993938 2 1.000000
1756768437.420000 -0.120057 -0.015690 0.045633 0.035445 0.078368 0.013208 0.996207 2 1.000000
1756768438.520000 -0.106847 -0.009216 0.079366 0.001172 0.068066 0.038508 0.996937 2 1.000000
1756768438.754000 -0.110481 -0.010998 0.133706 -0.026650 0.040698 0.036862 0.998136 2 1.000000
1756768438.920000 -0.120388 -0.020322 0.184100 -0.053145 0.025488 0.025554 0.997934 2 1.000000
1756768439.119000 -0.127831 -0.032510 0.235687 -0.068994 0.058507 0.019529 0.995709 2 1.000000
1756768439.287000 -0.125304 -0.033588 0.279462 -0.107046 0.044127 0.039037 0.992507 2 1.000000
1756768439.426000 -0.129075 -0.036388 0.321529 -0.101506 0.052549 0.099026 0.988498 2 1.000000
1756768439.487000 -0.127152 -0.046476 0.336214 -0.155955 0.040345 0.162192 0.973521 2 1.000000
1756768439.519000 -0.124053 -0.044763 0.352099 -0.206597 0.034601 0.182837 0.960568 2 1.000000
1756768439.554000 -0.127308 -0.044120 0.370518 -0.248521 0.028104 0.187381 0.949914 2 1.000000
1756768439.690000 -0.133315 -0.057541 0.419669 -0.270065 0.025148 0.173406 0.946764 2 1.000000
1756768439.786000 -0.150332 -0.064942 0.447312 -0.242567 -0.015877 0.139021 0.959991 2 1.000000
1756768439.852000 -0.153599 -0.067541 0.460504 -0.271753 -0.039959 0.085953 0.957688 2 1.000000
1756768439.919000 -0.171913 -0.073780 0.489071 -0.307177 -0.055448 0.040647 0.949166 2 1.000000
1756768440.053000 -0.186793 -0.057165 0.524038 -0.312436 -0.092368 0.009693 0.945388 2 1.000000
1756768440.120000 -0.190435 -0.053780 0.542170 -0.356372 -0.081875 0.010999 0.930685 2 1.000000
1756768440.189000 -0.196278 -0.055534 0.565730 -0.411764 -0.062925 0.028370 0.908673 2 1.000000
1756768440.252000 -0.202813 -0.071115 0.600283 -0.446370 -0.039948 0.044689 0.892839 2 1.000000
1756768440.291000 -0.187640 0.016409 0.543088 -0.316102 -0.054689 0.056685 0.945450 2 1.000000
1756768440.316000 -0.188671 0.022381 0.536297 -0.266555 -0.045515 0.059243 0.960920 2 1.000000
1756768440.349000 -0.195621 0.030688 0.533085 -0.213724 -0.030303 0.063809 0.974337 2 1.000000
1756768440.384000 -0.203799 -0.027158 0.576745 -0.262337 -0.013476 0.068759 0.962429 2 1.000000
1756768440.419000 -0.199035 -0.070573 0.641574 -0.328977 -0.023177 0.080664 0.940601 2 1.000000
1756768440.454000 -0.226503 -0.108731 0.665417 -0.360905 -0.008904 0.074027 0.929617 2 1.000000
1756768440.619000 -0.252669 -0.117116 0.714828 -0.388223 -0.053895 0.078588 0.916625 2 1.000000
1756768440.718000 -0.271503 -0.121104 0.743142 -0.410842 -0.096084 0.056841 0.904846 2 1.000000
1756768440.784000 -0.269827 -0.128896 0.774528 -0.433676 -0.146799 0.039725 0.888143 2 1.000000
1756768440.817000 -0.284116 -0.121645 0.765168 -0.397878 -0.163294 0.008393 0.902750 2 1.000000
1756768440.884000 -0.296537 -0.123313 0.785326 -0.388672 -0.203181 -0.036567 0.897950 2 1.000000
1756768440.949000 -0.308023 -0.129399 0.778884 -0.343670 -0.219492 -0.082566 0.909339 2 1.000000
1756768441.017000 -0.333207 -0.138889 0.819636 -0.337243 -0.230664 -0.129784 0.903448 2 1.000000
1756768441.118000 -0.353130 -0.168650 0.871828 -0.350949 -0.252655 -0.164302 0.886569 2 1.000000
1756768441.317000 -0.402679 -0.167764 0.903603 -0.340031 -0.218903 -0.135109 0.904547 2 1.000000
1756768441.417000 -0.417742 -0.153522 0.927556 -0.359730 -0.177898 -0.096007 0.910895 2 1.000000
