# ORB-SLAM3 Path Recording
# Format: timestamp tx ty tz qx qy qz qw tracking_state confidence
# Translation in meters, quaternion (x,y,z,w), timestamp in seconds
# Coordinate system: Camera frame
1756755887.323000 0.000505 -0.017591 -0.012341 0.046399 0.024608 0.000804 0.998620 2 1.000000
1756755887.983000 -0.002223 -0.018205 -0.011183 0.032528 0.066254 -0.000575 0.997272 2 1.000000
1756755891.719000 -0.012684 -0.009577 -0.006489 0.040960 0.109063 -0.004323 0.993181 2 1.000000
1756755896.558000 -0.000949 -0.006518 -0.001615 0.047382 0.068868 0.011863 0.996429 2 1.000000
1756755905.135000 -0.013832 0.000875 -0.032254 0.035633 0.112900 0.014444 0.992862 2 1.000000
1756755912.130000 -0.012886 0.000802 -0.035396 0.038568 0.069052 0.008120 0.996834 2 1.000000
1756755912.568000 0.000457 0.000719 -0.033980 0.017297 0.029991 0.007943 0.999369 2 1.000000
1756755916.296000 -0.001649 0.001691 -0.032556 0.016017 -0.016202 0.001506 0.999739 2 1.000000
1756755916.396000 -0.005032 0.001372 -0.033933 0.015462 -0.064293 -0.004813 0.997800 2 1.000000
1756755916.512000 -0.006893 0.001494 -0.035401 0.011665 -0.111404 -0.011477 0.993640 2 1.000000
1756755916.717000 -0.011621 0.002195 -0.035114 0.004028 -0.154949 -0.016656 0.987774 2 1.000000
1756755918.739000 -0.012921 0.002023 -0.033361 0.002649 -0.110630 -0.023163 0.993588 2 1.000000
1756755918.840000 -0.010519 0.001776 -0.032864 0.006438 -0.063187 -0.021657 0.997746 2 1.000000
1756755918.941000 -0.007790 0.002136 -0.032117 0.011644 -0.011356 -0.019013 0.999687 2 1.000000
1756755919.054000 -0.006497 0.001948 -0.032183 0.014199 0.040104 -0.012727 0.999014 2 1.000000
1756755919.204000 -0.003046 0.001900 -0.032708 0.014976 0.082816 -0.003488 0.996446 2 1.000000
1756755927.738000 -0.003062 -0.004234 -0.030923 0.066511 0.095674 -0.006159 0.993169 2 1.000000
1756755927.797000 -0.003592 -0.009286 -0.031602 0.128873 0.114109 -0.001242 0.985073 2 1.000000
1756755927.827000 -0.003997 -0.016031 -0.032136 0.175902 0.125383 -0.000007 0.976390 2 1.000000
1756755927.848000 -0.004145 -0.014550 -0.033367 0.231560 0.133181 0.005685 0.963644 2 1.000000
1756755928.059000 -0.004291 0.000178 -0.026147 0.057406 0.092665 0.026303 0.993693 2 1.000000
1756755928.114000 -0.004155 0.002831 -0.022992 0.010258 0.089101 0.000294 0.995970 2 1.000000
1756755928.366000 -0.005065 0.004310 -0.022855 -0.019993 0.099414 -0.033491 0.994281 2 1.000000
1756755930.958000 -0.007715 0.004918 -0.024271 -0.022809 0.143572 -0.024712 0.989068 2 1.000000
1756755933.021000 -0.008713 0.003772 -0.025771 0.003662 0.179679 -0.027101 0.983345 2 1.000000
1756755933.260000 -0.008749 0.005447 -0.026825 -0.020990 0.144186 -0.032099 0.988807 2 1.000000
1756755933.517000 -0.009528 0.002546 -0.025113 0.020074 0.163627 -0.039768 0.985516 2 1.000000
1756755934.125000 -0.010315 0.001143 -0.026283 0.032296 0.140733 -0.003883 0.989513 2 1.000000
1756755941.032000 -0.013641 0.001980 -0.028342 0.035462 0.092639 -0.014648 0.994960 2 1.000000
1756755941.113000 -0.017810 0.002431 -0.028039 0.034794 0.042585 -0.023539 0.998209 2 1.000000
1756755941.195000 -0.017844 0.002863 -0.028973 0.033341 -0.002440 -0.028533 0.999034 2 1.000000
1756755941.453000 -0.012517 0.001567 -0.027532 0.027930 0.051631 -0.012585 0.998196 2 1.000000
1756755941.533000 -0.008704 0.001780 -0.025650 0.027840 0.104928 -0.002098 0.994088 2 1.000000
1756755941.609000 -0.007678 0.002006 -0.025280 0.029714 0.153358 0.005498 0.987709 2 1.000000
1756755941.914000 -0.010748 0.002128 -0.025154 0.027739 0.108623 -0.010548 0.993640 2 1.000000
1756755942.041000 -0.013737 0.002273 -0.025284 0.028783 0.063817 -0.018902 0.997367 2 1.000000
1756755942.403000 -0.010187 0.001831 -0.025330 0.029699 0.106735 -0.008833 0.993805 2 1.000000
1756755942.505000 -0.007254 0.002111 -0.025032 0.027978 0.150868 0.003524 0.988152 2 1.000000
1756755942.810000 -0.007658 0.002050 -0.026560 0.023455 0.108087 -0.008412 0.993829 2 1.000000
1756755942.919000 -0.014134 0.002176 -0.025887 0.025174 0.061985 -0.015563 0.997638 2 1.000000
1756755943.270000 -0.009295 0.002105 -0.025616 0.032120 0.103854 -0.003855 0.994066 2 1.000000
1756755943.372000 -0.007587 0.002066 -0.025347 0.030821 0.150623 0.002234 0.988108 2 1.000000
1756755943.573000 -0.008999 0.002315 -0.027054 0.023802 0.106528 -0.006304 0.994005 2 1.000000
1756755943.653000 -0.013912 0.001991 -0.025938 0.024426 0.057916 -0.013158 0.997936 2 1.000000
1756755943.759000 -0.016297 0.002287 -0.026427 0.027943 0.009399 -0.023031 0.999300 2 1.000000
1756755943.976000 -0.012343 0.002073 -0.025328 0.024349 0.056190 -0.013735 0.998029 2 1.000000
1756755944.055000 -0.009054 0.001967 -0.024728 0.020870 0.109979 -0.002207 0.993712 2 1.000000
1756755944.372000 -0.013911 0.002982 -0.024153 0.015504 0.070477 -0.022436 0.997141 2 1.000000
1756755945.441000 -0.012578 0.002612 -0.026127 -0.037975 0.041233 -0.002705 0.998424 2 1.000000
1756755945.458000 -0.012299 0.000239 -0.023788 -0.081407 0.025683 0.008426 0.996314 2 1.000000
1756755945.491000 -0.013076 0.000929 -0.022852 -0.127455 0.012863 0.032980 0.991212 2 1.000000
1756755945.712000 -0.013641 0.002494 -0.022944 -0.048907 0.046667 0.027702 0.997328 2 1.000000
1756755945.887000 -0.012648 0.000799 -0.027394 0.006157 0.061818 0.006582 0.998047 2 1.000000
1756755947.802000 -0.016710 0.000368 -0.028041 0.023058 0.054109 -0.034711 0.997665 2 1.000000
1756755947.959000 -0.017013 -0.001385 -0.030344 0.056322 0.026581 -0.026589 0.997705 2 1.000000
1756755948.369000 -0.015505 -0.000655 -0.030228 0.022604 0.045819 -0.006956 0.998670 2 1.000000
1756755950.581000 -0.013711 0.000238 -0.030016 0.028238 0.089957 0.001488 0.995544 2 1.000000
1756755950.689000 -0.012659 -0.000166 -0.028828 0.029912 0.136478 0.015169 0.990075 2 1.000000
1756755951.287000 -0.014007 0.000047 -0.030665 0.023631 0.094186 0.008711 0.995236 2 1.000000
1756755951.477000 -0.017112 0.000354 -0.031064 0.022085 0.044949 -0.000932 0.998745 2 1.000000
1756755951.663000 -0.019048 0.000485 -0.031139 0.022651 0.001574 -0.009207 0.999700 2 1.000000
1756755952.068000 -0.014514 -0.000244 -0.030734 0.026293 0.052254 -0.000448 0.998287 2 1.000000
1756755952.225000 -0.010941 -0.000206 -0.030147 0.023702 0.100761 0.010927 0.994568 2 1.000000
1756755952.644000 -0.014951 0.000462 -0.030404 0.018008 0.054056 0.001067 0.998375 2 1.000000
1756755952.754000 -0.018434 0.000742 -0.030742 0.018070 0.008279 -0.003314 0.999797 2 1.000000
1756755952.982000 -0.018635 0.000536 -0.031530 0.017915 -0.038683 -0.007650 0.999062 2 1.000000
1756755953.302000 -0.015449 0.000627 -0.030512 0.022537 0.006911 0.002480 0.999719 2 1.000000
1756755953.520000 -0.012928 -0.000216 -0.031467 0.025622 0.050922 0.003877 0.998366 2 1.000000
1756755959.120000 -0.003610 -0.001596 0.000388 0.015851 0.008591 0.002222 0.999835 2 1.000000
1756755960.270000 -0.001125 -0.007085 0.050358 0.023738 0.035785 0.017521 0.998924 2 1.000000
1756755961.127000 0.004968 -0.011384 0.101808 0.007247 0.013699 0.011796 0.999810 2 1.000000
1756755961.962000 0.005301 -0.017519 0.152913 -0.003350 0.035794 0.022699 0.999096 2 1.000000
1756755962.755000 0.004960 -0.023473 0.202666 0.012381 0.014915 0.015454 0.999693 2 1.000000
1756755963.576000 -0.000136 -0.028982 0.253186 -0.012373 0.026617 0.021261 0.999343 2 1.000000
1756755964.364000 -0.005178 -0.034548 0.303245 -0.001748 0.042550 0.012981 0.999009 2 1.000000
1756755965.184000 -0.008824 -0.040885 0.354299 0.004194 0.049576 0.006997 0.998737 2 1.000000
1756755966.017000 -0.016684 -0.046748 0.403787 0.004628 0.059306 0.010376 0.998175 2 1.000000
1756755966.880000 -0.016815 -0.052876 0.454219 0.003620 0.054210 0.004392 0.998513 2 1.000000
1756755967.652000 -0.026320 -0.057385 0.498503 -0.020409 0.090190 0.018613 0.995541 2 1.000000
1756755968.584000 -0.022847 -0.062007 0.548638 -0.024626 0.093768 0.006757 0.995267 2 1.000000
1756755969.188000 -0.025458 -0.065901 0.580056 -0.044376 0.131499 0.020221 0.990116 2 1.000000
1756755970.199000 -0.015508 -0.063870 0.629644 -0.071216 0.133151 0.020973 0.988311 2 1.000000
1756755970.585000 -0.017593 -0.065820 0.650152 -0.091571 0.167327 0.042095 0.980737 2 1.000000
1756755971.491000 -0.010409 -0.066764 0.676929 -0.059372 0.191029 0.023721 0.979500 2 1.000000
1756755972.053000 -0.010829 -0.067118 0.677927 -0.040610 0.228805 0.034565 0.972011 2 1.000000
1756755974.517000 -0.009961 -0.067456 0.684184 -0.044614 0.273096 0.042942 0.959992 2 1.000000
1756755974.919000 -0.005767 -0.068587 0.694540 -0.044529 0.317051 0.048989 0.946095 2 1.000000
1756755975.083000 -0.001401 -0.067501 0.699448 -0.028757 0.359573 0.052581 0.931190 2 1.000000
1756755975.351000 0.002857 -0.068368 0.704332 -0.034416 0.401653 0.048067 0.913882 2 1.000000
1756755975.598000 0.007522 -0.068139 0.709415 -0.031889 0.447603 0.059035 0.891711 2 1.000000
1756755975.784000 0.008988 -0.066881 0.715325 -0.013774 0.485672 0.085615 0.869830 2 1.000000
1756755975.951000 0.010068 -0.068558 0.715023 -0.010681 0.497213 0.127434 0.858152 2 1.000000
1756755976.417000 0.022291 -0.066739 0.747711 -0.039965 0.523800 0.117735 0.842718 2 1.000000
1756755977.020000 0.042619 -0.071371 0.772209 -0.031017 0.561828 0.116296 0.818451 2 1.000000
1756755977.287000 0.050129 -0.072857 0.783027 -0.030428 0.601562 0.124669 0.788451 2 1.000000
1756755977.488000 0.056115 -0.075931 0.791533 -0.027613 0.632794 0.144468 0.760222 2 1.000000
1756755978.084000 0.082893 -0.077558 0.808967 -0.027654 0.666555 0.141742 0.731334 2 1.000000
1756755978.938000 0.130574 -0.080003 0.827665 -0.015439 0.675999 0.153384 0.720597 2 1.000000
1756755979.820000 0.181014 -0.080442 0.839792 -0.043064 0.671259 0.141474 0.726321 2 1.000000
1756755980.612000 0.225948 -0.081981 0.846604 -0.038455 0.699734 0.155857 0.696134 2 1.000000
1756755981.481000 0.276926 -0.080100 0.843385 -0.052569 0.700447 0.158228 0.693955 2 1.000000
1756755982.045000 0.309193 -0.080961 0.844828 -0.045248 0.732045 0.166178 0.659126 2 1.000000
1756755983.079000 0.353149 -0.082713 0.845257 -0.026755 0.759007 0.151278 0.632699 2 1.000000
