# ORB-SLAM3 Path Recording
# Format: timestamp tx ty tz qx qy qz qw tracking_state confidence
# Translation in meters, quaternion (x,y,z,w), timestamp in seconds
# Coordinate system: Camera frame
1756811527.903000 0.000000 0.000000 0.000000 -0.000000 -0.000000 -0.000000 1.000000 1 0.500000
1756811528.007000 0.034277 -0.001419 0.013251 0.076939 -0.067978 -0.006793 0.994693 2 1.000000
1756811528.466000 0.039471 -0.002533 0.015507 0.121984 -0.080869 0.004472 0.989222 2 1.000000
1756811528.637000 0.042123 -0.002354 0.016569 0.096436 -0.063850 -0.026380 0.992939 2 1.000000
1756811528.996000 0.045181 -0.004545 0.019490 0.075260 -0.016684 -0.020418 0.996815 2 1.000000
1756811529.821000 0.050807 0.000022 0.012734 0.079554 -0.066047 -0.006513 0.994619 2 1.000000
1756811529.909000 0.053301 -0.001555 0.009404 0.087376 -0.108845 -0.013114 0.990124 2 1.000000
1756811697.546000 0.056785 -0.001163 0.012331 0.111555 -0.104544 -0.055418 0.986689 2 1.000000
1756811697.783000 0.056594 -0.001473 0.012227 0.151213 -0.100740 -0.028401 0.982944 2 1.000000
1756811698.450000 0.056464 -0.002413 0.014466 0.114327 -0.093868 0.001311 0.988998 2 1.000000
1756811699.116000 0.044469 -0.008399 0.037570 0.114133 -0.125179 -0.031964 0.985029 2 1.000000
1756811700.282000 0.063304 -0.009366 0.022255 0.156197 -0.114372 -0.039336 0.980293 2 1.000000
1756811701.750000 0.042149 -0.025359 0.065569 0.160556 -0.138013 -0.039227 0.976543 2 1.000000
1756811702.149000 0.083838 -0.033692 0.113121 0.158990 -0.159381 -0.040831 0.973474 2 1.000000
1756811702.449000 0.093477 -0.037861 0.131903 0.183754 -0.188309 -0.017867 0.964601 2 1.000000
1756811702.749000 0.065814 -0.041317 0.133259 0.191992 -0.145900 -0.020176 0.970281 2 1.000000
1756811703.316000 0.045940 -0.040199 0.132008 0.186238 -0.187229 -0.038603 0.963728 2 1.000000
1756811704.117000 0.011755 -0.048134 0.169787 0.180700 -0.182708 -0.019099 0.966230 2 1.000000
1756811704.382000 0.006743 -0.060400 0.220501 0.183580 -0.187951 -0.027721 0.964471 2 1.000000
1756811704.691000 -0.027576 -0.075462 0.256823 0.148307 -0.175327 -0.018046 0.973108 2 1.000000
1756811705.058000 -0.049919 -0.087007 0.300694 0.109500 -0.180188 -0.022269 0.977265 2 1.000000
1756811705.284000 -0.035075 -0.105829 0.345800 0.099046 -0.213711 -0.030681 0.971379 2 1.000000
1756811705.551000 -0.029073 -0.125803 0.395449 0.101388 -0.246222 -0.043537 0.962912 2 1.000000
1756811705.783000 -0.023187 -0.143955 0.442410 0.094416 -0.282420 -0.044515 0.953595 2 1.000000
1756811705.983000 -0.025374 -0.153407 0.481598 0.081672 -0.310758 -0.074273 0.944057 2 1.000000
1756811706.150000 -0.028158 -0.162997 0.518298 0.078450 -0.348814 -0.096902 0.928862 2 1.000000
1756811706.384000 -0.043564 -0.181298 0.562804 0.067052 -0.376428 -0.122736 0.915829 2 1.000000
1756811706.617000 -0.058051 -0.201923 0.614069 0.051882 -0.405235 -0.121403 0.904629 2 1.000000
1756811706.786000 -0.068148 -0.213176 0.652601 0.057202 -0.438414 -0.149424 0.884417 2 1.000000
1756811706.919000 -0.074484 -0.220909 0.681013 0.049724 -0.474990 -0.178614 0.860238 2 1.000000
1756811707.018000 -0.079498 -0.231108 0.701246 0.036460 -0.507033 -0.198119 0.838056 2 1.000000
1756811707.152000 -0.087032 -0.239247 0.720226 0.026360 -0.543942 -0.217723 0.809956 2 1.000000
1756811707.352000 -0.098415 -0.247840 0.754845 0.027892 -0.567944 -0.245987 0.784953 2 1.000000
1756811707.585000 -0.101984 -0.261213 0.788956 -0.000331 -0.597943 -0.260990 0.757858 2 1.000000
1756811707.752000 -0.109011 -0.269596 0.811910 -0.007886 -0.636999 -0.266681 0.723222 2 1.000000
1756811707.952000 -0.111327 -0.276072 0.828061 -0.002393 -0.673260 -0.273115 0.687112 2 1.000000
1756811708.523000 -0.103009 -0.278519 0.825124 0.015423 -0.647730 -0.249347 0.719746 2 1.000000
1756811708.686000 -0.102328 -0.278601 0.804998 0.020287 -0.616521 -0.239202 0.749849 2 1.000000
1756811708.852000 -0.097711 -0.267753 0.776571 0.031496 -0.581213 -0.237189 0.777780 2 1.000000
1756811708.985000 -0.093124 -0.253194 0.747179 0.040015 -0.544856 -0.225275 0.806711 2 1.000000
1756811709.087000 -0.088558 -0.241784 0.722633 0.042078 -0.510232 -0.206251 0.833878 2 1.000000
1756811709.219000 -0.079563 -0.229672 0.687145 0.041505 -0.473552 -0.195894 0.857701 2 1.000000
1756811709.418000 -0.063161 -0.215424 0.636698 0.038615 -0.429828 -0.186018 0.882697 2 1.000000
1756811709.555000 -0.050308 -0.200843 0.607935 0.027108 -0.399241 -0.153509 0.903497 2 1.000000
1756811709.719000 -0.037340 -0.187761 0.564090 0.002657 -0.350773 -0.127886 0.927683 2 1.000000
1756811709.851000 -0.026451 -0.172835 0.536722 0.030636 -0.320970 -0.151162 0.934446 2 1.000000
1756811710.018000 -0.008793 -0.157956 0.484238 0.036800 -0.302220 -0.105422 0.946676 2 1.000000
1756811710.119000 -0.000854 -0.149042 0.448712 0.030004 -0.279828 -0.069090 0.957091 2 1.000000
1756811710.186000 0.003429 -0.145398 0.424568 -0.005254 -0.271238 -0.030003 0.962030 2 1.000000
1756811710.252000 -0.001161 -0.121189 0.394145 -0.036202 -0.256332 0.010736 0.965851 2 1.000000
1756811710.429000 0.003946 -0.095162 0.342373 -0.057540 -0.245473 -0.006123 0.967675 2 1.000000
1756811710.600000 -0.000060 -0.070393 0.296145 -0.056440 -0.222329 0.011627 0.973267 2 1.000000
1756811710.719000 0.003308 -0.057395 0.266185 -0.064611 -0.200135 0.053396 0.976176 2 1.000000
1756811710.919000 -0.012877 -0.027232 0.212439 -0.057892 -0.149154 0.034255 0.986523 2 1.000000
1756811711.152000 -0.010154 -0.037782 0.160778 -0.050841 -0.153974 0.046881 0.985652 2 1.000000
1756811711.356000 0.017703 -0.030945 0.112317 -0.043765 -0.176241 0.052084 0.981993 2 1.000000
1756811711.695000 0.019003 -0.016075 0.066918 -0.003362 -0.180107 0.067945 0.981292 2 1.000000
1756811712.353000 0.022423 -0.003267 0.018996 -0.021834 -0.153663 0.100541 0.982753 2 1.000000
1756811712.554000 0.027546 -0.005952 0.014447 -0.023270 -0.108130 0.097186 0.989101 2 1.000000
1756811712.753000 0.031664 0.000550 0.012343 -0.004290 -0.096504 0.054668 0.993821 2 1.000000
1756811712.986000 0.042226 0.004417 0.010774 0.027842 -0.123889 0.035171 0.991282 2 1.000000
1756811713.319000 0.049521 -0.000853 0.012437 0.060623 -0.120886 0.002915 0.990809 2 1.000000
1756811713.603000 0.050007 -0.000785 0.011882 0.105555 -0.125676 0.001386 0.986439 2 1.000000
1756811713.887000 0.048778 -0.000762 0.012916 0.059078 -0.121232 0.003921 0.990857 2 1.000000
1756811714.055000 0.047818 -0.000738 0.013874 0.016559 -0.114897 -0.012522 0.993160 2 1.000000
1756811714.731000 0.045400 -0.000930 0.013006 0.062880 -0.113437 -0.016047 0.991424 2 1.000000
1756811715.259000 0.044000 -0.001042 0.011839 0.106192 -0.117395 0.010232 0.987338 2 1.000000
1756811715.484000 0.045164 -0.001089 0.010401 0.099885 -0.123567 0.056485 0.985679 2 1.000000
1756811716.113000 0.047479 -0.014047 0.034039 0.112916 -0.125397 0.011787 0.985590 2 1.000000
1756811716.453000 0.082897 -0.021492 0.049527 0.127711 -0.172323 0.016670 0.976584 2 1.000000
1756811716.921000 0.102024 -0.037932 0.100380 0.113375 -0.215698 0.010165 0.969803 2 1.000000
1756811717.150000 0.104192 -0.055550 0.148144 0.098606 -0.248483 0.014903 0.963489 2 1.000000
1756811717.316000 0.115332 -0.067502 0.210757 0.102576 -0.263651 0.004492 0.959138 2 1.000000
1756811717.488000 0.102952 -0.079822 0.267777 0.106954 -0.263220 -0.026462 0.958424 2 1.000000
1756811717.651000 0.079037 -0.103448 0.320993 0.090111 -0.271891 -0.021945 0.957848 2 1.000000
1756811717.783000 0.070714 -0.122844 0.373176 0.094509 -0.301104 -0.038742 0.948105 2 1.000000
1756811717.920000 0.044797 -0.135893 0.413995 0.083967 -0.302840 -0.043920 0.948319 2 1.000000
1756811718.084000 0.019967 -0.159795 0.460434 0.066309 -0.316369 -0.060308 0.944392 2 1.000000
1756811718.251000 0.010429 -0.185893 0.512853 0.057941 -0.364002 -0.073637 0.926673 2 1.000000
1756811718.418000 -0.002010 -0.196477 0.555649 0.058285 -0.410210 -0.092059 0.905459 2 1.000000
1756811718.518000 -0.010472 -0.205084 0.580784 0.057152 -0.442371 -0.124234 0.886345 2 1.000000
1756811718.653000 -0.021600 -0.219501 0.618299 0.039041 -0.480803 -0.152917 0.862509 2 1.000000
1756811718.753000 -0.029405 -0.229826 0.650228 0.038343 -0.516300 -0.164468 0.839592 2 1.000000
1756811718.888000 -0.046547 -0.237079 0.682404 0.051165 -0.547599 -0.183483 0.814771 2 1.000000
1756811719.025000 -0.064441 -0.244877 0.713921 0.055359 -0.572796 -0.212431 0.789755 2 1.000000
1756811719.186000 -0.082071 -0.262158 0.744181 0.024308 -0.608140 -0.218915 0.762660 2 1.000000
1756811719.287000 -0.089895 -0.267006 0.767324 0.018101 -0.647753 -0.226685 0.727120 2 1.000000
1756811719.351000 -0.096487 -0.270124 0.781715 0.000569 -0.672565 -0.242926 0.699030 2 1.000000
1756811719.419000 -0.106763 -0.275841 0.796206 -0.014879 -0.698987 -0.254981 0.667968 2 1.000000
1756811719.519000 -0.114904 -0.282697 0.812822 -0.028610 -0.733946 -0.268689 0.623146 2 1.000000
1756811719.585000 -0.122371 -0.291919 0.825389 -0.042504 -0.770440 -0.285645 0.568351 2 1.000000
1756811719.653000 -0.130919 -0.296687 0.833538 -0.050366 -0.802807 -0.299719 0.512964 2 1.000000
1756811719.752000 -0.138264 -0.295762 0.841163 -0.047980 -0.824212 -0.310421 0.471181 2 1.000000
1756811720.254000 -0.156558 -0.304160 0.870942 -0.013537 -0.828188 -0.331156 0.451949 2 1.000000
1756811721.554000 -0.171202 -0.305906 0.886682 -0.011848 -0.803799 -0.339807 0.488158 2 1.000000
1756811721.653000 -0.171930 -0.304514 0.884786 0.004693 -0.788108 -0.320929 0.525231 2 1.000000
1756811721.720000 -0.173154 -0.302841 0.882294 0.017462 -0.760656 -0.305347 0.572592 2 1.000000
1756811721.786000 -0.171333 -0.304136 0.877646 0.025015 -0.722780 -0.297236 0.623389 2 1.000000
1756811721.885000 -0.173624 -0.307881 0.879811 0.005014 -0.699817 -0.272752 0.660180 2 1.000000
1756811722.386000 -0.150490 -0.306380 0.859188 -0.035514 -0.718258 -0.275055 0.638114 2 1.000000
1756811722.586000 -0.125756 -0.293460 0.810958 0.018642 -0.740965 -0.278705 0.610694 2 1.000000
1756811722.753000 -0.110454 -0.275947 0.758705 0.040233 -0.715718 -0.270659 0.642552 2 1.000000
1756811722.853000 -0.098056 -0.264491 0.724454 0.047646 -0.683264 -0.260206 0.680569 2 1.000000
1756811722.920000 -0.090498 -0.255477 0.695944 0.072197 -0.657343 -0.252674 0.706288 2 1.000000
1756811723.020000 -0.080555 -0.245737 0.650148 0.034730 -0.634904 -0.230495 0.736589 2 1.000000
1756811723.153000 -0.065636 -0.226633 0.596831 0.037015 -0.627852 -0.214390 0.747308 2 1.000000
1756811723.252000 -0.054589 -0.205743 0.540815 0.031935 -0.639221 -0.198846 0.742184 2 1.000000
1756811723.353000 -0.043415 -0.178587 0.479419 0.028640 -0.651812 -0.187696 0.734228 2 1.000000
1756811723.486000 -0.025636 -0.151053 0.420848 0.028772 -0.680287 -0.193458 0.706368 2 1.000000
1756811744.617000 0.024253 -0.001305 -0.000905 0.000867 -0.058782 -0.010232 0.998218 2 1.000000
