# ORB-SLAM3 Path Recording
# Format: timestamp tx ty tz qx qy qz qw tracking_state confidence
# Translation in meters, quaternion (x,y,z,w), timestamp in seconds
# Coordinate system: Camera frame
1756756416.698000 -0.014541 -0.010447 0.030941 -0.009589 0.079846 0.013725 0.996667 2 1.000000
1756756421.805000 0.002133 -0.009635 0.022223 0.006605 0.118473 0.025140 0.992617 2 1.000000
1756756423.552000 -0.002264 -0.013531 0.014442 0.021988 0.076105 0.017111 0.996710 2 1.000000
1756756425.500000 0.003740 -0.009178 0.012270 0.027068 0.117808 0.030677 0.992193 2 1.000000
1756756429.643000 0.001249 -0.006820 0.013662 -0.000258 0.087691 0.014497 0.996042 2 1.000000
1756756430.028000 0.002475 -0.004577 0.020492 -0.010898 0.050503 -0.009943 0.998615 2 1.000000
1756756430.252000 0.000981 -0.005594 0.018963 -0.007609 0.004069 0.002390 0.999960 2 1.000000
1756756430.484000 -0.000597 -0.006079 0.018799 0.000716 -0.041078 0.006482 0.999135 2 1.000000
1756756430.711000 -0.003930 -0.006288 0.019113 -0.010146 -0.080401 -0.015274 0.996594 2 1.000000
1756756431.169000 -0.010550 -0.006307 0.016331 -0.039596 -0.113917 -0.015001 0.992588 2 1.000000
1756756439.955000 -0.011146 -0.007413 0.017954 -0.044288 -0.069967 -0.017036 0.996420 2 1.000000
1756756440.079000 -0.005431 -0.009058 0.018418 -0.042343 -0.020486 -0.013592 0.998801 2 1.000000
1756756440.166000 -0.000657 -0.009378 0.020579 -0.040897 0.028060 -0.006540 0.998748 2 1.000000
1756756440.267000 0.003690 -0.008746 0.023162 -0.046502 0.071165 -0.011900 0.996309 2 1.000000
1756756440.884000 -0.002447 -0.008968 0.022247 -0.050143 0.027494 -0.002570 0.998360 2 1.000000
1756756440.993000 -0.009145 -0.008428 0.021261 -0.050925 -0.016448 -0.011994 0.998495 2 1.000000
1756756441.081000 -0.015237 -0.008153 0.019278 -0.049043 -0.063373 -0.020217 0.996579 2 1.000000
1756756441.168000 -0.020087 -0.007872 0.017393 -0.046855 -0.109193 -0.022188 0.992668 2 1.000000
1756756441.344000 -0.023582 -0.007274 0.016172 -0.048778 -0.152479 -0.019391 0.986912 2 1.000000
1756756441.608000 -0.017167 -0.007572 0.019328 -0.054626 -0.106171 -0.004875 0.992834 2 1.000000
1756756441.713000 -0.012303 -0.007439 0.021898 -0.057244 -0.063006 0.000497 0.996370 2 1.000000
1756756441.806000 -0.006562 -0.007927 0.023400 -0.060718 -0.013070 -0.003754 0.998062 2 1.000000
1756756441.962000 0.000091 -0.008236 0.024996 -0.062431 0.030292 0.001064 0.997589 2 1.000000
1756756442.315000 -0.005369 -0.008158 0.022834 -0.063180 -0.015605 0.004662 0.997869 2 1.000000
1756756442.461000 -0.011640 -0.007782 0.021316 -0.056296 -0.063757 0.002001 0.996374 2 1.000000
1756756442.630000 -0.017022 -0.007278 0.019570 -0.054644 -0.106394 -0.006783 0.992798 2 1.000000
1756756443.439000 -0.013772 -0.007589 0.020127 -0.049861 -0.059151 0.000708 0.997003 2 1.000000
1756756443.698000 -0.007633 -0.008063 0.021140 -0.047821 -0.014964 0.014863 0.998633 2 1.000000
1756756444.627000 -0.009761 -0.007961 0.020630 -0.063223 -0.050917 0.035649 0.996062 2 1.000000
1756756446.412000 -0.008421 -0.007563 0.015156 -0.035704 -0.015484 0.024108 0.998952 2 1.000000
1756756446.534000 -0.009197 -0.007096 0.016485 -0.034352 0.028019 -0.000040 0.999017 2 1.000000
1756756446.700000 -0.006701 -0.005011 0.017086 -0.008078 0.063255 -0.015394 0.997846 2 1.000000
1756756446.780000 -0.005474 -0.005507 0.018605 -0.021585 0.105268 -0.014386 0.994106 2 1.000000
1756756446.836000 -0.004785 -0.006528 0.014545 -0.043928 0.161713 -0.023790 0.985573 2 1.000000
1756756446.891000 -0.004366 -0.004989 0.018837 -0.018533 0.202801 -0.000426 0.979045 2 1.000000
1756756447.031000 -0.000729 -0.002463 0.021582 -0.038544 0.252139 -0.000711 0.966923 2 1.000000
1756756447.094000 -0.001189 -0.005008 0.019053 -0.056204 0.297353 -0.002186 0.953110 2 1.000000
1756756447.161000 0.000240 -0.004549 0.020214 -0.058005 0.341291 -0.008960 0.938123 2 1.000000
1756756447.467000 0.002489 -0.005299 0.017862 -0.041188 0.382497 -0.003065 0.923033 2 1.000000
1756756451.026000 -0.002357 -0.005636 0.015276 -0.049184 0.342649 -0.011863 0.938100 2 1.000000
1756756454.908000 -0.002390 -0.005884 0.015672 -0.029148 0.305914 -0.010806 0.951552 2 1.000000
1756756455.337000 -0.002302 -0.005942 0.016172 -0.004973 0.269335 -0.015374 0.962911 2 1.000000
1756756458.329000 -0.022802 -0.000680 0.022641 -0.029921 0.177817 -0.019646 0.983412 2 1.000000
1756756461.805000 -0.023874 -0.001891 0.017753 -0.050087 0.139305 -0.002107 0.988980 2 1.000000
1756756461.986000 -0.031015 -0.002582 0.017641 -0.048044 0.092643 -0.010917 0.994480 2 1.000000
1756756462.313000 -0.037064 -0.002197 0.016357 -0.048167 0.049312 -0.023010 0.997356 2 1.000000
1756756462.983000 -0.028681 -0.001834 0.017277 -0.060523 0.094208 -0.012178 0.993636 2 1.000000
1756756463.139000 -0.022432 -0.001028 0.018338 -0.072966 0.136412 -0.002494 0.987958 2 1.000000
1756756463.604000 -0.030257 -0.001635 0.017016 -0.063398 0.095224 -0.016573 0.993297 2 1.000000
1756756464.125000 -0.022973 -0.001329 0.017852 -0.075451 0.136806 -0.011061 0.987658 2 1.000000
1756756466.528000 -0.018370 -0.002389 0.018438 -0.084413 0.187626 -0.014652 0.978497 2 1.000000
1756756466.681000 -0.011371 -0.002932 0.017574 -0.091667 0.238077 -0.000756 0.966911 2 1.000000
1756756466.834000 -0.004686 -0.001894 0.018859 -0.102654 0.284128 0.006431 0.953253 2 1.000000
1756756467.379000 -0.011370 -0.003428 0.016821 -0.104402 0.238117 0.008772 0.965569 2 1.000000
1756756467.551000 -0.020486 -0.003363 0.017995 -0.099594 0.179078 0.001914 0.978779 2 1.000000
1756756467.615000 -0.025909 -0.003381 0.018662 -0.091165 0.122239 -0.002692 0.988301 2 1.000000
1756756467.747000 -0.030003 -0.002852 0.018271 -0.082293 0.079590 -0.011702 0.993356 2 1.000000
1756756468.379000 -0.022750 -0.002459 0.020337 -0.095164 0.121530 -0.007337 0.987988 2 1.000000
1756756468.546000 -0.015721 -0.002041 0.019988 -0.098599 0.167363 -0.002201 0.980950 2 1.000000
1756756469.446000 -0.017488 -0.001015 0.018041 -0.079305 0.134204 0.017736 0.987616 2 1.000000
1756756469.746000 -0.017676 -0.002452 0.016557 -0.051179 0.101643 0.013900 0.993406 2 1.000000
1756756470.014000 -0.020781 -0.003326 0.014748 -0.027208 0.052175 0.004349 0.998258 2 1.000000
1756756470.147000 -0.023092 -0.003957 0.012423 -0.037912 -0.005264 0.012175 0.999193 2 1.000000
1756756470.583000 -0.025787 -0.004852 0.014501 -0.025947 -0.048853 0.003994 0.998461 2 1.000000
1756756470.779000 -0.026469 -0.006130 0.012992 -0.033097 -0.093559 0.004099 0.995055 2 1.000000
1756756471.149000 -0.025438 -0.005859 0.010983 -0.017175 -0.129629 -0.015211 0.991297 2 1.000000
1756756471.546000 -0.023821 -0.005396 0.012998 -0.037380 -0.090597 -0.018270 0.995018 2 1.000000
1756756471.913000 -0.023111 -0.004317 0.014917 -0.038961 -0.048769 -0.036623 0.997378 2 1.000000
1756756472.079000 -0.021105 -0.004402 0.016051 -0.035141 0.003812 -0.052705 0.997984 2 1.000000
1756756472.246000 -0.017985 -0.005467 0.016637 -0.029416 0.048481 -0.054527 0.996901 2 1.000000
1756756472.352000 -0.015834 -0.005939 0.016648 -0.034271 0.094585 -0.056542 0.993319 2 1.000000
1756756472.512000 -0.010803 -0.005437 0.016684 -0.041385 0.137554 -0.063978 0.987559 2 1.000000
1756756472.746000 -0.004939 -0.005771 0.015321 -0.051596 0.183005 -0.057224 0.980088 2 1.000000
1756756473.145000 0.001074 -0.004918 0.017587 -0.056889 0.207579 -0.020074 0.976356 2 1.000000
1756756473.578000 0.001453 -0.004781 0.017559 -0.040404 0.191409 0.017639 0.980520 2 1.000000
1756756474.211000 0.001493 -0.004582 0.017019 -0.038018 0.163225 0.052141 0.984476 2 1.000000
1756756474.450000 0.001517 -0.004376 0.016523 -0.037199 0.110554 0.067355 0.990887 2 1.000000
1756756474.577000 0.001571 -0.004377 0.016406 -0.045842 0.064365 0.055057 0.995351 2 1.000000
1756756474.811000 0.001604 -0.004460 0.011569 -0.047157 0.025245 0.032857 0.998028 2 1.000000
1756756475.078000 0.001770 -0.004554 0.009756 -0.047207 -0.021208 0.026440 0.998310 2 1.000000
1756756475.511000 0.002045 -0.004429 0.008037 -0.048649 -0.065334 0.020507 0.996466 2 1.000000
1756756475.978000 0.002005 -0.004476 0.007768 -0.053900 -0.109751 0.027023 0.992129 2 1.000000
1756756478.824000 0.001755 -0.004057 0.007511 -0.048107 -0.066880 0.034612 0.995999 2 1.000000
1756756481.720000 0.001542 -0.003711 0.007371 -0.057509 -0.023073 0.039228 0.997307 2 1.000000
1756756483.746000 0.001540 -0.003576 0.007244 -0.057999 0.015011 0.016660 0.998065 2 1.000000
1756756483.845000 0.001608 -0.003623 0.007316 -0.055069 0.059226 0.002264 0.996722 2 1.000000
1756756483.980000 0.001805 -0.003228 0.008721 -0.071709 0.101401 0.002614 0.992254 2 1.000000
1756756484.078000 0.002480 -0.002746 0.011540 -0.072018 0.152926 0.001357 0.985609 2 1.000000
1756756484.167000 0.001619 -0.002811 0.010782 -0.074826 0.195894 0.001443 0.977765 2 1.000000
1756756484.446000 -0.003064 -0.005532 0.005093 -0.030345 0.201933 0.010575 0.978872 2 1.000000
1756756484.920000 -0.002922 -0.006627 0.003704 -0.013348 0.161361 0.027593 0.986419 2 1.000000
1756756485.045000 -0.004182 -0.006815 0.002747 -0.007943 0.116080 0.028941 0.992786 2 1.000000
1756756485.218000 -0.005173 -0.006999 0.002526 0.006672 0.073572 0.027672 0.996884 2 1.000000
1756756485.346000 -0.006123 -0.007483 0.000646 0.009736 0.028623 0.028116 0.999147 2 1.000000
1756756485.530000 -0.007000 -0.006682 0.001539 0.001832 -0.015912 0.024158 0.999580 2 1.000000
1756756485.778000 -0.007573 -0.006238 0.001196 -0.002731 -0.060187 0.022416 0.997932 2 1.000000
1756756486.151000 -0.007012 -0.006244 0.000690 0.007643 -0.105167 0.021763 0.994187 2 1.000000
1756756486.511000 -0.006971 -0.005490 0.004381 0.016287 -0.053275 0.001520 0.998446 2 1.000000
1756756486.612000 -0.006589 -0.006012 0.005327 0.004228 0.005475 0.008145 0.999943 2 1.000000
1756756486.745000 -0.005610 -0.006563 0.005543 -0.000724 0.054048 0.013438 0.998448 2 1.000000
1756756486.859000 -0.004961 -0.006300 0.007347 -0.000690 0.101295 0.016766 0.994715 2 1.000000
1756756487.049000 -0.004620 -0.006250 0.008103 0.010254 0.151164 0.018230 0.988287 2 1.000000
1756756487.212000 -0.003186 -0.006499 0.007597 0.012449 0.197237 0.021595 0.980039 2 1.000000
1756756487.378000 -0.001343 -0.006567 0.008799 0.008017 0.241862 0.022082 0.970026 2 1.000000
1756756487.680000 -0.003250 -0.007624 0.008871 -0.005781 0.283515 0.024015 0.958650 2 1.000000
1756756488.013000 -0.003345 -0.007658 0.008794 -0.009569 0.235452 0.021917 0.971592 2 1.000000
1756756488.221000 -0.004354 -0.007474 0.008067 -0.013682 0.186946 0.020264 0.982066 2 1.000000
1756756488.411000 -0.004324 -0.007438 0.007186 -0.002900 0.138234 0.014836 0.990284 2 1.000000
1756756488.644000 -0.004985 -0.006739 0.005792 0.004284 0.094328 0.011177 0.995469 2 1.000000
1756756496.989000 -0.004657 -0.005650 0.005809 -0.023430 0.064698 0.027120 0.997261 2 1.000000
1756756503.585000 -0.006573 -0.005647 0.004545 -0.011064 0.022727 0.009860 0.999632 2 1.000000
