# ORB-SLAM3 Path Recording
# Format: timestamp tx ty tz qx qy qz qw tracking_state confidence
# Translation in meters, quaternion (x,y,z,w), timestamp in seconds
# Coordinate system: Camera frame
1756750429.492000 -0.001237 -0.008019 0.003625 -0.007664 -0.007599 -0.005546 0.999926 2 1.000000
1756750429.822000 -0.000302 -0.001548 0.003800 -0.056142 0.009331 0.009260 0.998336 2 1.000000
1756750429.963000 -0.000487 -0.000309 0.002681 -0.066707 0.055316 0.026395 0.995888 2 1.000000
1756750431.695000 0.000721 -0.000018 0.002680 -0.058451 0.011649 0.027499 0.997843 2 1.000000
1756750434.219000 0.000651 0.000007 0.002177 -0.041558 -0.013088 0.064507 0.996966 2 1.000000
1756750434.476000 0.000635 0.000005 0.002100 -0.050231 -0.041533 0.100666 0.992783 2 1.000000
1756750436.060000 0.000627 0.000019 0.002127 -0.058476 -0.047795 0.058497 0.995427 2 1.000000
1756750436.768000 0.000623 0.000012 0.002065 -0.031455 -0.022138 0.035371 0.998634 2 1.000000
1756750441.195000 0.000602 0.000016 0.002009 -0.047905 -0.056701 0.014563 0.997135 2 1.000000
1756750444.294000 0.000593 0.000020 0.001982 -0.077819 -0.094995 0.007738 0.992401 2 1.000000
1756750451.428000 0.000582 0.000029 0.001942 -0.104151 -0.123655 -0.013837 0.986748 2 1.000000
1756750484.487000 0.000578 0.000027 0.001921 -0.106112 -0.166939 -0.012566 0.980160 2 1.000000
1756750486.156000 0.000573 0.000022 0.001901 -0.108863 -0.209334 -0.020596 0.971547 2 1.000000
1756750488.458000 0.000541 0.000023 0.001795 -0.124521 -0.172704 -0.043388 0.976107 2 1.000000
1756750488.685000 0.000539 0.000025 0.001801 -0.131472 -0.129049 -0.024204 0.982586 2 1.000000
1756750489.732000 0.000517 0.000027 0.001755 -0.129152 -0.173241 -0.013198 0.976285 2 1.000000
1756750489.975000 0.000524 0.000022 0.001758 -0.123926 -0.219301 -0.023739 0.967464 2 1.000000
1756750490.794000 0.000522 0.000022 0.001757 -0.131021 -0.177197 -0.038790 0.974644 2 1.000000
1756750491.137000 0.000525 0.000026 0.001765 -0.137424 -0.134305 -0.022751 0.981101 2 1.000000
1756750491.831000 0.000523 0.000021 0.001741 -0.135396 -0.180083 -0.020476 0.974073 2 1.000000
1756750492.883000 0.000517 0.000025 0.001741 -0.138108 -0.148662 -0.051461 0.977843 2 1.000000
1756750496.126000 0.000514 0.000022 0.001726 -0.121876 -0.162204 -0.013467 0.979109 2 1.000000
1756750497.092000 0.000510 0.000017 0.001696 -0.129412 -0.130471 0.015223 0.982852 2 1.000000
1756750506.976000 0.000506 0.000010 0.001667 -0.153723 -0.103626 -0.017177 0.982515 2 1.000000
1756750507.232000 0.000512 0.000006 0.001644 -0.154282 -0.065538 -0.050189 0.984572 2 1.000000
1756750507.864000 0.000532 -0.000013 0.001611 -0.117653 -0.042280 -0.057316 0.990497 2 1.000000
1756750512.128000 0.000536 -0.000021 0.001590 -0.131525 0.000637 -0.064351 0.989222 2 1.000000
1756750512.394000 0.000535 -0.000019 0.001592 -0.128941 0.048265 -0.070015 0.987999 2 1.000000
1756750512.698000 0.000534 -0.000019 0.001590 -0.121429 0.093088 -0.071785 0.985615 2 1.000000
1756750513.483000 0.000528 -0.000019 0.001589 -0.127771 0.051178 -0.061216 0.988589 2 1.000000
1756750513.752000 0.000527 -0.000015 0.001596 -0.130716 0.006959 -0.054727 0.989884 2 1.000000
1756750513.992000 0.000528 -0.000012 0.001599 -0.134137 -0.036842 -0.047291 0.989148 2 1.000000
1756750514.151000 0.000524 -0.000016 0.001601 -0.140714 -0.088159 -0.036164 0.985454 2 1.000000
1756750514.376000 0.000522 -0.000020 0.001598 -0.151014 -0.141311 -0.022450 0.978122 2 1.000000
1756750514.526000 0.000515 -0.000020 0.001595 -0.151763 -0.192019 -0.015091 0.969468 2 1.000000
1756750515.312000 0.000520 -0.000021 0.001593 -0.112948 -0.215097 -0.020731 0.969818 2 1.000000
1756750516.485000 0.000518 -0.000026 0.001583 -0.074556 -0.200202 -0.003133 0.976909 2 1.000000
1756750517.173000 0.000520 -0.000027 0.001584 -0.074240 -0.229255 0.029633 0.970079 2 1.000000
