# ORB-SLAM3 Path Recording
# Format: timestamp tx ty tz qx qy qz qw tracking_state confidence
# Translation in meters, quaternion (x,y,z,w), timestamp in seconds
# Coordinate system: Camera frame
1756723139.599000 -0.035063 -0.022695 -0.060378 -0.009277 0.083850 -0.006160 0.996416 2 1.000000
1756723139.660000 -0.037728 -0.026154 -0.062591 0.032057 0.100876 -0.024423 0.994082 2 1.000000
1756723139.750000 -0.031076 -0.020745 -0.061814 0.065142 0.096425 -0.061622 0.991293 2 1.000000
1756723139.901000 -0.032734 -0.014052 -0.059281 0.096934 0.121541 -0.076727 0.984858 2 1.000000
1756723140.001000 -0.035814 -0.014933 -0.058502 0.107350 0.075149 -0.067325 0.989088 2 1.000000
1756723140.102000 -0.001477 -0.005143 -0.027317 0.150789 0.041040 -0.070786 0.985174 2 1.000000
1756723140.190000 0.003299 -0.000208 -0.019744 0.150677 0.032504 -0.113350 0.981525 2 1.000000
1756723140.301000 -0.003011 -0.014157 -0.015765 0.124592 -0.006253 -0.106058 0.986504 2 1.000000
1756723140.430000 -0.002844 -0.014851 -0.012010 0.105936 -0.047986 -0.118933 0.986068 2 1.000000
1756723143.363000 0.000574 -0.013043 -0.016787 0.097009 -0.072281 -0.153488 0.980717 2 1.000000
1756723146.181000 0.001991 -0.013569 -0.021055 0.095293 -0.076183 -0.110309 0.986381 2 1.000000
