# ORB-SLAM3 Path Recording
# Format: timestamp tx ty tz qx qy qz qw tracking_state confidence
# Translation in meters, quaternion (x,y,z,w), timestamp in seconds
# Coordinate system: Camera frame
1756832839.151000 0.008356 -0.011640 -0.003552 0.012454 -0.037191 -0.007689 0.999201 2 1.000000
1756832839.859000 0.005448 -0.007549 -0.002539 0.002538 -0.078352 -0.022742 0.996663 2 1.000000
1756832840.019000 0.004989 -0.007107 -0.002686 -0.001755 -0.122543 -0.041347 0.991600 2 1.000000
1756832840.315000 0.004783 -0.006469 -0.001929 -0.051227 -0.118366 -0.032836 0.991104 2 1.000000
1756832844.935000 0.003917 -0.005886 -0.002018 -0.007732 -0.110258 -0.028710 0.993458 2 1.000000
1756832903.212000 0.004796 -0.007141 -0.002720 0.019244 -0.143989 -0.032441 0.988860 2 1.000000
1756832903.746000 0.004019 -0.005938 -0.002235 0.022210 -0.186967 -0.030022 0.981656 2 1.000000
1756832905.179000 0.004124 -0.006006 -0.002361 0.015143 -0.137209 -0.031584 0.989923 2 1.000000
1756832905.589000 0.003943 -0.005762 -0.002026 0.016368 -0.089028 -0.026531 0.995541 2 1.000000
1756832905.713000 0.003885 -0.005679 -0.002039 0.015797 -0.044313 -0.033445 0.998333 2 1.000000
1756832909.713000 0.010666 -0.014923 -0.003451 -0.009408 -0.031937 -0.072520 0.996811 2 1.000000
1756832910.179000 0.016934 -0.016616 0.012793 -0.003800 -0.047923 -0.030607 0.998375 2 1.000000
1756832910.590000 0.016937 -0.016955 0.014262 -0.040099 -0.035448 -0.055849 0.997004 2 1.000000
1756832923.077000 0.019277 -0.014610 0.022545 0.000487 -0.047572 -0.045603 0.997826 2 1.000000
1756832933.444000 0.016848 -0.016791 0.017667 0.040177 -0.065015 -0.041965 0.996192 2 1.000000
1756832934.110000 0.018494 -0.018125 0.028753 0.023620 -0.024627 -0.033008 0.998872 2 1.000000
1756832934.562000 0.017664 -0.017506 0.028961 0.001116 0.011947 -0.024745 0.999622 2 1.000000
1756832936.746000 0.020766 -0.017645 0.054458 -0.017136 -0.027462 -0.029275 0.999047 2 1.000000
1756832942.138000 0.006491 -0.013044 0.102647 -0.024080 -0.032385 -0.031926 0.998675 2 1.000000
1756832942.900000 -0.002624 -0.015338 0.151897 -0.037190 -0.032934 -0.037354 0.998067 2 1.000000
1756832943.630000 -0.009208 -0.015596 0.170485 -0.031569 0.010906 -0.046751 0.998348 2 1.000000
1756832944.177000 -0.008897 -0.017643 0.175298 -0.009209 0.040223 -0.023183 0.998879 2 1.000000
1756832944.870000 -0.010208 -0.019809 0.178984 -0.034137 0.074065 -0.038394 0.995929 2 1.000000
1756832945.028000 -0.010356 -0.018103 0.177506 -0.053667 0.115527 -0.041056 0.991003 2 1.000000
1756832945.130000 -0.008753 -0.017840 0.175010 -0.056019 0.160335 -0.024919 0.985157 2 1.000000
1756832945.783000 -0.012326 -0.020322 0.156861 -0.067074 0.155959 0.017317 0.985331 2 1.000000
1756832945.995000 -0.014586 -0.021349 0.151272 -0.055504 0.198087 0.006504 0.978590 2 1.000000
1756832946.084000 -0.015547 -0.021420 0.150389 -0.058028 0.248878 0.015079 0.966677 2 1.000000
1756832946.170000 -0.017027 -0.021864 0.149075 -0.066941 0.305361 0.026901 0.949500 2 1.000000
1756832946.253000 -0.018645 -0.020635 0.148086 -0.068388 0.345582 0.050963 0.934505 2 1.000000
1756832946.311000 -0.020958 -0.021216 0.147073 -0.072412 0.385784 0.057295 0.917957 2 1.000000
1756832946.370000 -0.020092 -0.020331 0.146442 -0.068407 0.428785 0.061277 0.898726 2 1.000000
1756832946.429000 -0.020418 -0.020764 0.143782 -0.064258 0.470700 0.054588 0.878256 2 1.000000
1756832946.502000 -0.020577 -0.021201 0.139823 -0.056513 0.521993 0.056497 0.849198 2 1.000000
1756832946.574000 -0.020270 -0.022551 0.135307 -0.051297 0.572970 0.069886 0.814979 2 1.000000
1756832949.881000 0.018414 -0.007670 0.015550 -0.001834 -0.019878 -0.002744 0.999797 2 1.000000
1756832950.161000 0.038196 -0.019882 0.061358 0.012967 -0.050530 -0.034017 0.998059 2 1.000000
1756832950.249000 0.054176 -0.034992 0.101795 0.022524 -0.086018 -0.061744 0.994123 2 1.000000
1756832950.341000 0.051071 -0.054652 0.120596 0.026374 -0.122345 -0.088486 0.988183 2 1.000000
1756832952.712000 0.047987 -0.066969 0.129509 0.039357 -0.180142 -0.098942 0.977860 2 1.000000
1756832952.750000 0.046013 -0.069184 0.128207 0.047011 -0.220850 -0.113719 0.967514 2 1.000000
1756832952.791000 0.037376 -0.073419 0.128663 0.050235 -0.261234 -0.125502 0.955763 2 1.000000
1756832952.828000 0.036755 -0.073546 0.132196 0.049511 -0.301123 -0.144131 0.941329 2 1.000000
1756832952.866000 0.038866 -0.075516 0.138034 0.047301 -0.345077 -0.160363 0.923563 2 1.000000
1756832952.903000 0.044759 -0.079534 0.139930 0.049006 -0.390316 -0.173782 0.902802 2 1.000000
1756832952.937000 0.049968 -0.082401 0.137929 0.061118 -0.432425 -0.188308 0.879667 2 1.000000
1756832952.973000 0.068637 -0.086523 0.117172 0.061262 -0.475941 -0.200922 0.854024 2 1.000000
