# ORB-SLAM3 Path Recording
# Format: timestamp tx ty tz qx qy qz qw tracking_state confidence
# Translation in meters, quaternion (x,y,z,w), timestamp in seconds
# Coordinate system: Camera frame
1756751427.463000 -0.030477 -0.007224 -0.026864 -0.014705 -0.063058 -0.029113 0.997477 2 1.000000
1756751433.992000 -0.033082 -0.008347 -0.029991 0.029639 -0.071441 -0.016543 0.996867 2 1.000000
1756751461.136000 -0.030591 -0.003648 -0.028477 0.048470 -0.033509 -0.000368 0.998262 2 1.000000
1756751461.218000 -0.032898 -0.000676 -0.028613 0.061363 0.008420 0.046939 0.996976 2 1.000000
1756751461.295000 -0.033176 0.002516 -0.029092 0.072460 0.045887 0.073669 0.993588 2 1.000000
1756751462.162000 -0.044355 0.034342 -0.021130 0.131360 0.050008 0.073125 0.987368 2 1.000000
1756751464.075000 -0.034549 0.010068 -0.024625 0.121159 0.008461 0.053230 0.991169 2 1.000000
1756751464.208000 -0.033997 0.010552 -0.024863 0.133851 -0.044835 0.039713 0.989190 2 1.000000
1756751464.308000 -0.033162 0.010631 -0.024870 0.140255 -0.086513 0.025148 0.986008 2 1.000000
1756751464.426000 -0.031503 0.011019 -0.024505 0.148540 -0.138343 0.008944 0.979141 2 1.000000
1756751464.578000 -0.030232 0.011193 -0.024645 0.156115 -0.179422 -0.012154 0.971230 2 1.000000
1756751465.374000 -0.031028 0.010860 -0.024423 0.138832 -0.133702 -0.012753 0.981166 2 1.000000
1756751465.512000 -0.031863 0.011095 -0.024491 0.127401 -0.082654 0.002100 0.988399 2 1.000000
1756751465.681000 -0.033057 0.010643 -0.024861 0.111921 -0.038076 0.020136 0.992783 2 1.000000
1756751465.946000 -0.032983 0.010408 -0.024491 0.100782 0.002460 0.036758 0.994226 2 1.000000
1756751467.008000 -0.033985 0.010111 -0.024548 0.103339 -0.044495 0.022357 0.993399 2 1.000000
1756751467.142000 -0.032666 0.010859 -0.024834 0.107127 -0.091745 0.008550 0.989966 2 1.000000
1756751467.285000 -0.032401 0.010722 -0.024641 0.104143 -0.136157 -0.008066 0.985165 2 1.000000
1756751467.441000 -0.032351 0.010608 -0.024767 0.097240 -0.169659 -0.034459 0.980088 2 1.000000
1756751468.181000 -0.030574 0.010534 -0.024181 0.092787 -0.122650 -0.012902 0.988019 2 1.000000
1756751468.342000 -0.030482 0.010578 -0.024281 0.087615 -0.080335 0.007596 0.992881 2 1.000000
1756751468.556000 -0.030519 0.010610 -0.024550 0.081988 -0.037808 0.032499 0.995386 2 1.000000
1756751468.909000 -0.031059 0.010562 -0.024631 0.075849 -0.002995 0.058272 0.995411 2 1.000000
1756751469.680000 -0.033935 0.010151 -0.024212 0.064877 -0.040021 0.035739 0.996450 2 1.000000
1756751471.975000 -0.032547 0.008535 -0.026075 0.103796 -0.055728 0.048617 0.991845 2 1.000000
1756751476.008000 -0.032543 0.007521 -0.027108 0.129953 -0.025481 0.068598 0.988816 2 1.000000
1756751477.805000 -0.032940 0.007703 -0.027733 0.158372 -0.046353 0.042655 0.985368 2 1.000000
1756751478.539000 -0.032698 0.007331 -0.028004 0.186710 -0.028375 -0.002496 0.982002 2 1.000000
1756751479.143000 -0.032603 0.007500 -0.028085 0.157843 -0.046312 0.029063 0.985949 2 1.000000
1756751480.940000 -0.033110 0.008060 -0.027653 0.158731 -0.002450 0.034791 0.986706 2 1.000000
1756751482.311000 -0.034020 0.008304 -0.027046 0.173103 0.037760 0.049498 0.982934 2 1.000000
1756751482.673000 -0.034244 0.008518 -0.027059 0.175612 0.082381 0.056575 0.979374 2 1.000000
1756751483.374000 -0.035238 0.010318 -0.026967 0.220668 0.072564 0.056992 0.970975 2 1.000000
1756751484.666000 -0.035016 0.009475 -0.026964 0.193120 0.065229 0.025030 0.978684 2 1.000000
1756751485.173000 -0.034954 0.009537 -0.026836 0.199585 0.010472 0.024209 0.979525 2 1.000000
1756751485.674000 -0.035734 0.009611 -0.027889 0.157147 -0.008330 0.007654 0.987511 2 1.000000
1756751486.040000 -0.038548 0.010015 -0.028530 0.148351 0.042167 0.017626 0.987878 2 1.000000
1756751486.241000 -0.039091 0.009758 -0.029687 0.124396 0.081710 0.032272 0.988336 2 1.000000
1756751486.717000 -0.041761 0.009561 -0.033065 0.106532 0.094188 0.070002 0.987360 2 1.000000
1756751487.080000 -0.042295 0.009506 -0.033436 0.123736 0.132288 0.056363 0.981841 2 1.000000
1756751487.453000 -0.042313 0.009506 -0.033217 0.134204 0.148830 0.014885 0.979601 2 1.000000
1756751492.207000 -0.042162 0.009163 -0.032407 0.141298 0.130031 -0.025719 0.981053 2 1.000000
1756751497.255000 -0.042199 0.008904 -0.032633 0.163075 0.164021 -0.011391 0.972818 2 1.000000
1756751503.405000 -0.042102 0.008923 -0.032239 0.183245 0.173766 0.030013 0.967122 2 1.000000
1756751503.972000 -0.042054 0.008815 -0.032253 0.166946 0.216084 0.017588 0.961836 2 1.000000
1756751504.105000 -0.041927 0.008774 -0.032057 0.205702 0.207298 -0.010354 0.956351 2 1.000000
1756751504.271000 -0.041678 0.008381 -0.031794 0.238021 0.241549 -0.020611 0.940519 2 1.000000
1756751504.374000 -0.041764 0.008725 -0.031794 0.217313 0.229103 -0.072533 0.946058 2 1.000000
1756751504.452000 -0.040411 0.008147 -0.030677 0.193095 0.192782 -0.103183 0.956505 2 1.000000
1756751504.538000 -0.039577 0.007887 -0.029995 0.194636 0.138815 -0.104432 0.965371 2 1.000000
1756751504.645000 -0.039597 0.007697 -0.029594 0.188469 0.078791 -0.099409 0.973853 2 1.000000
1756751504.805000 -0.038823 0.007656 -0.028640 0.187492 0.018833 -0.092291 0.977739 2 1.000000
1756751504.906000 -0.037611 0.007744 -0.027271 0.218881 -0.029674 -0.064937 0.973136 2 1.000000
1756751505.005000 -0.037869 0.008045 -0.026617 0.268544 -0.051395 -0.026922 0.961518 2 1.000000
1756751505.072000 -0.037803 0.007457 -0.027071 0.295183 -0.067875 0.009913 0.952975 2 1.000000
1756751505.172000 -0.034951 0.005140 -0.024733 0.293654 -0.130799 0.011817 0.946847 2 1.000000
1756751505.438000 -0.037336 0.006607 -0.027579 0.307914 -0.135883 -0.030228 0.941175 2 1.000000
1756751505.572000 -0.037636 0.006843 -0.027966 0.325939 -0.095171 -0.021954 0.940332 2 1.000000
1756751505.705000 -0.038687 0.007473 -0.028339 0.318195 -0.039338 0.003447 0.947203 2 1.000000
1756751505.806000 -0.038404 0.007476 -0.028682 0.285174 0.008888 -0.004393 0.958424 2 1.000000
1756751505.874000 -0.038485 0.007291 -0.028516 0.253180 0.057795 -0.008360 0.965655 2 1.000000
1756751505.963000 -0.038258 0.007323 -0.028490 0.208656 0.099297 -0.028051 0.972531 2 1.000000
1756751506.038000 -0.038315 0.007326 -0.028372 0.198039 0.151926 -0.024419 0.968041 2 1.000000
1756751506.178000 -0.038506 0.007217 -0.027788 0.143729 0.153510 -0.027445 0.977253 2 1.000000
1756751506.272000 -0.033568 0.008544 -0.026176 0.135102 0.103403 -0.021446 0.985188 2 1.000000
1756751506.504000 -0.033499 0.007853 -0.026220 0.120991 0.059828 -0.012357 0.990772 2 1.000000
