# ORB-SLAM3 Path Recording
# Format: timestamp tx ty tz qx qy qz qw tracking_state confidence
# Translation in meters, quaternion (x,y,z,w), timestamp in seconds
# Coordinate system: Camera frame
1756808375.096000 0.000000 0.000000 0.000000 -0.000000 -0.000000 -0.000000 1.000000 1 0.500000
1756808382.202000 0.066894 -0.007141 -0.019632 -0.005125 0.007973 0.001881 0.999953 2 1.000000
1756808382.331000 0.092254 -0.034725 -0.053587 -0.026702 0.038487 -0.003988 0.998894 2 1.000000
1756808382.402000 0.155037 -0.015251 -0.062686 -0.023739 0.026425 0.024707 0.999063 2 1.000000
1756808382.447000 0.209093 -0.011047 -0.059697 -0.031116 0.008214 0.050535 0.998204 2 1.000000
1756808382.523000 0.258987 0.006239 -0.046024 -0.025547 -0.017574 0.058860 0.997785 2 1.000000
1756808383.178000 0.213989 0.017711 -0.027414 -0.021459 -0.014573 0.062022 0.997738 2 1.000000
1756808384.022000 0.161734 0.013449 -0.023337 -0.021387 -0.009239 0.062161 0.997794 2 1.000000
1756808386.265000 0.158601 0.012995 -0.023150 0.023083 -0.004418 0.067414 0.997448 2 1.000000
1756808391.036000 0.142923 0.011207 -0.021452 0.006785 -0.047536 0.061146 0.996973 2 1.000000
1756808391.373000 0.137609 0.008460 -0.057518 0.003008 -0.003327 0.066674 0.997765 2 1.000000
1756808391.724000 0.171403 0.007145 -0.109944 0.005410 -0.008912 0.063702 0.997915 2 1.000000
1756808392.497000 0.201435 0.012004 -0.120255 0.029270 -0.050928 0.051287 0.996955 2 1.000000
1756808393.967000 0.245227 0.016350 -0.123510 0.067035 -0.027160 0.063092 0.995383 2 1.000000
1756808409.603000 0.008115 -0.043235 0.004752 -0.071815 0.011110 -0.039765 0.996563 2 1.000000
1756808409.698000 -0.001103 -0.014493 0.009607 -0.106012 0.044879 -0.062465 0.991386 2 1.000000
1756808409.773000 -0.003040 -0.015728 0.026862 -0.106443 0.072739 -0.010557 0.991598 2 1.000000
1756808409.827000 -0.005249 -0.014709 0.033097 -0.101312 0.079006 0.035656 0.991072 2 1.000000
1756808409.868000 -0.004717 -0.016411 0.025858 -0.104201 0.051812 0.070451 0.990704 2 1.000000
1756808409.911000 -0.004504 -0.016793 0.027943 -0.103080 0.080929 0.107924 0.985483 2 1.000000
1756808409.999000 -0.002484 -0.003023 0.030876 -0.126655 0.103260 0.076710 0.983571 2 1.000000
1756808410.057000 -0.007608 -0.005299 0.028425 -0.166320 0.088296 0.060424 0.980250 2 1.000000
1756808410.285000 -0.007312 -0.008439 0.025082 -0.144316 0.055257 0.088445 0.984021 2 1.000000
1756808410.919000 -0.006223 -0.007985 0.020076 -0.102904 0.050420 0.101641 0.988199 2 1.000000
1756808411.871000 -0.006754 -0.008569 0.019911 -0.140844 0.018617 0.079811 0.986634 2 1.000000
1756808411.949000 -0.005870 -0.007504 0.021029 -0.183694 0.012067 0.086014 0.979139 2 1.000000
1756808412.064000 -0.005201 -0.006820 0.022505 -0.229339 0.006205 0.098514 0.968329 2 1.000000
1756808412.135000 -0.006028 -0.008315 0.021548 -0.179220 0.013887 0.091308 0.979464 2 1.000000
1756808412.161000 -0.006022 -0.008221 0.021491 -0.132345 0.021408 0.080097 0.987730 2 1.000000
1756808412.552000 -0.006223 -0.008419 0.022116 -0.089891 0.012717 0.100683 0.990768 2 1.000000
1756808413.013000 -0.006591 -0.008853 0.020575 -0.055467 0.039217 0.083152 0.994219 2 1.000000
1756808413.385000 -0.006524 -0.008710 0.020907 -0.100658 0.031794 0.085443 0.990735 2 1.000000
1756808413.897000 -0.006588 -0.008804 0.020595 -0.097241 0.018319 0.040647 0.994262 2 1.000000
1756808413.956000 -0.006766 -0.009130 0.019626 -0.106326 0.009354 -0.014002 0.994189 2 1.000000
1756808414.043000 -0.007073 -0.009639 0.018178 -0.102794 0.019772 0.042793 0.993585 2 1.000000
1756808414.133000 -0.006878 -0.009146 0.022197 -0.084494 0.040304 0.079091 0.992462 2 1.000000
1756808414.411000 -0.007001 -0.009365 0.021733 -0.052981 0.056340 0.105251 0.991434 2 1.000000
1756808414.927000 -0.006993 -0.009344 0.021888 -0.089679 0.042477 0.084885 0.991437 2 1.000000
1756808416.289000 -0.006575 -0.008902 0.022915 -0.093666 0.086119 0.070347 0.989374 2 1.000000
1756808416.528000 -0.007080 -0.009217 0.024183 -0.092974 0.039613 0.074022 0.992123 2 1.000000
1756808453.631000 -0.006795 -0.008789 0.022832 -0.094756 0.012692 0.025667 0.995089 2 1.000000
1756808453.965000 -0.007022 -0.009150 0.021851 -0.058506 0.028338 0.050636 0.996599 2 1.000000
1756808454.397000 -0.007000 -0.009824 0.023803 -0.057137 -0.014283 0.061288 0.996381 2 1.000000
1756808454.632000 -0.009559 -0.008827 0.028620 -0.066726 -0.046779 0.095378 0.992100 2 1.000000
1756808455.065000 -0.009545 -0.007386 0.033480 -0.065048 -0.002793 0.119296 0.990722 2 1.000000
1756808455.598000 -0.010469 -0.007388 0.052279 -0.108376 -0.007543 0.117321 0.987134 2 1.000000
1756808455.997000 0.217368 0.004763 -0.061454 0.027254 -0.011540 0.107143 0.993803 2 1.000000
1756808456.464000 0.213927 -0.007783 -0.022095 0.021034 0.030559 0.129194 0.990925 2 1.000000
1756808456.697000 0.233235 -0.005923 -0.002685 0.019645 -0.013688 0.138692 0.990046 2 1.000000
1756808457.864000 0.276104 -0.030356 0.008665 0.002099 -0.049723 0.126338 0.990738 2 1.000000
1756808458.498000 0.293809 -0.037402 0.020413 0.001192 -0.093776 0.129139 0.987182 2 1.000000
1756808458.798000 0.288943 -0.046710 0.048802 -0.025662 -0.049082 0.120884 0.991120 2 1.000000
1756808459.132000 0.321485 -0.064734 0.084560 -0.041772 -0.040647 0.110492 0.992167 2 1.000000
1756808459.900000 0.317743 -0.086133 0.132433 -0.049584 -0.030602 0.098495 0.993430 2 1.000000
1756808460.264000 0.311426 -0.093312 0.184037 -0.064466 -0.040622 0.093963 0.992656 2 1.000000
1756808460.665000 0.312996 -0.097820 0.234608 -0.057494 -0.067697 0.070398 0.993557 2 1.000000
1756808461.066000 0.302239 -0.110466 0.285088 -0.049904 -0.051849 0.072103 0.994798 2 1.000000
1756808461.331000 0.277833 -0.120051 0.328992 -0.029694 -0.053430 0.059541 0.996353 2 1.000000
1756808461.665000 0.270582 -0.114763 0.378439 -0.033814 -0.053418 0.088784 0.994043 2 1.000000
1756808461.865000 0.267205 -0.110980 0.408397 -0.013306 -0.089588 0.059613 0.994104 2 1.000000
1756808461.932000 0.272803 -0.110858 0.414478 -0.008553 -0.146420 0.067379 0.986888 2 1.000000
1756808461.999000 0.267325 -0.118285 0.420841 -0.019093 -0.190383 0.063151 0.979491 2 1.000000
1756808462.165000 0.228766 -0.128106 0.400132 -0.038902 -0.241163 0.044858 0.968667 2 1.000000
1756808462.265000 0.230640 -0.128203 0.403221 -0.054581 -0.286279 0.044141 0.955572 2 1.000000
1756808462.366000 0.230158 -0.124254 0.413044 -0.064455 -0.328079 0.033898 0.941839 2 1.000000
1756808462.632000 0.226195 -0.123285 0.432544 -0.086134 -0.334275 -0.004711 0.938520 2 1.000000
1756808462.966000 0.230682 -0.115209 0.442946 -0.113463 -0.364153 -0.018847 0.924210 2 1.000000
1756808463.133000 0.245059 -0.117755 0.457375 -0.112628 -0.415025 -0.039826 0.901933 2 1.000000
1756808463.266000 0.256297 -0.117725 0.471599 -0.108965 -0.457106 -0.031443 0.882152 2 1.000000
1756808463.366000 0.261382 -0.119708 0.483657 -0.107272 -0.495579 -0.040939 0.860940 2 1.000000
1756808463.534000 0.266441 -0.123403 0.503164 -0.105340 -0.534105 -0.054553 0.837054 2 1.000000
1756808463.701000 0.261563 -0.121484 0.520451 -0.108940 -0.564344 -0.077242 0.814667 2 1.000000
1756808463.833000 0.256937 -0.123927 0.545970 -0.109431 -0.592897 -0.101238 0.791359 2 1.000000
1756808464.033000 0.249007 -0.126625 0.570308 -0.100441 -0.627431 -0.118806 0.762973 2 1.000000
1756808464.267000 0.239718 -0.129946 0.597463 -0.121311 -0.652686 -0.134931 0.735581 2 1.000000
1756808464.466000 0.234989 -0.132456 0.617467 -0.118972 -0.684220 -0.158128 0.701914 2 1.000000
1756808464.667000 0.234959 -0.138467 0.640402 -0.103883 -0.711733 -0.181359 0.670636 2 1.000000
1756808465.166000 0.236233 -0.149418 0.673132 -0.062330 -0.725488 -0.182412 0.660688 2 1.000000
1756808465.500000 0.242789 -0.149006 0.660982 -0.035869 -0.723212 -0.141474 0.675028 2 1.000000
1756808465.800000 0.259059 -0.137011 0.620134 -0.057009 -0.692481 -0.140928 0.705237 2 1.000000
1756808466.032000 0.273230 -0.130241 0.579258 -0.066144 -0.659099 -0.118821 0.739659 2 1.000000
1756808466.101000 0.274416 -0.126378 0.565025 -0.065307 -0.625872 -0.106359 0.769875 2 1.000000
1756808466.198000 0.276263 -0.122485 0.548860 -0.081434 -0.585735 -0.091459 0.801198 2 1.000000
1756808466.300000 0.271747 -0.116328 0.534892 -0.088289 -0.547082 -0.088850 0.827654 2 1.000000
1756808466.532000 0.265614 -0.114338 0.491282 -0.092097 -0.513038 -0.068344 0.850670 2 1.000000
1756808466.668000 0.262466 -0.108629 0.464340 -0.092016 -0.474919 -0.045879 0.874003 2 1.000000
1756808466.900000 0.269923 -0.097093 0.405238 -0.125527 -0.438108 -0.025056 0.889762 2 1.000000
1756808467.133000 0.284667 -0.095911 0.352214 -0.141015 -0.416588 -0.010689 0.898028 2 1.000000
1756808467.267000 0.295360 -0.095197 0.315463 -0.110958 -0.384419 -0.004980 0.916453 2 1.000000
1756808467.400000 0.309821 -0.097460 0.276178 -0.123206 -0.349820 0.019198 0.928481 2 1.000000
1756808467.567000 0.317625 -0.101281 0.237840 -0.154252 -0.306045 0.028097 0.939017 2 1.000000
1756808467.800000 0.327417 -0.098422 0.186450 -0.152124 -0.281048 0.052415 0.946109 2 1.000000
1756808468.000000 0.327980 -0.089631 0.135829 -0.165381 -0.254140 0.067332 0.950541 2 1.000000
1756808468.233000 0.325058 -0.080934 0.084119 -0.194055 -0.244505 0.057487 0.948291 2 1.000000
1756808468.500000 0.318173 -0.074438 0.031152 -0.171980 -0.230811 0.067387 0.955305 2 1.000000
1756808468.833000 0.313478 -0.073761 -0.019181 -0.157298 -0.200649 0.077367 0.963853 2 1.000000
1756808469.077000 0.308469 -0.068767 -0.045010 -0.138018 -0.237555 0.100203 0.956284 2 1.000000
1756808469.399000 0.300710 -0.067378 -0.067344 -0.128566 -0.262564 0.136182 0.946565 2 1.000000
1756808469.700000 0.294086 -0.055257 -0.081439 -0.139782 -0.221661 0.158623 0.951928 2 1.000000
1756808469.868000 0.292313 -0.053666 -0.085313 -0.156743 -0.179356 0.155508 0.958687 2 1.000000
1756808469.967000 0.280064 -0.047198 -0.089829 -0.150867 -0.126167 0.147280 0.969345 2 1.000000
1756808470.100000 0.274125 -0.033309 -0.095973 -0.124559 -0.090171 0.156922 0.975566 2 1.000000
1756808470.367000 0.278966 -0.010106 -0.097869 -0.112735 -0.048617 0.151114 0.980863 2 1.000000
1756808470.700000 0.277157 0.013727 -0.101300 -0.087038 -0.061883 0.109652 0.988216 2 1.000000
1756808470.967000 0.275511 0.025988 -0.103978 -0.041953 -0.058531 0.124355 0.989621 2 1.000000
1756808471.399000 0.275929 0.028101 -0.102816 0.001447 -0.055753 0.141273 0.988398 2 1.000000
1756808471.467000 0.277190 0.028425 -0.104057 0.032754 -0.058995 0.109001 0.991749 2 1.000000
1756808472.067000 0.286189 0.032343 -0.105020 -0.010217 -0.096292 0.100781 0.990185 2 1.000000
1756808472.199000 0.284044 0.030644 -0.108214 -0.013353 -0.159422 0.096187 0.982423 2 1.000000
1756808472.432000 0.284787 0.037820 -0.105879 0.042585 -0.160188 0.092730 0.981798 2 1.000000
1756808472.700000 0.288306 0.033190 -0.105871 0.048863 -0.110998 0.100632 0.987504 2 1.000000
1756808472.902000 0.284169 0.036817 -0.106362 0.005715 -0.112740 0.089081 0.989607 2 1.000000
1756808473.000000 0.277922 0.031193 -0.103679 -0.055895 -0.101267 0.087267 0.989447 2 1.000000
1756808473.134000 0.280493 0.035240 -0.102355 -0.102674 -0.112694 0.084273 0.984711 2 1.000000
1756808473.285000 0.280561 0.032747 -0.100933 -0.152143 -0.116365 0.080598 0.978170 2 1.000000
1756808473.567000 0.278108 0.030861 -0.094743 -0.098042 -0.118058 0.080512 0.984870 2 1.000000
1756808473.934000 0.285948 0.030537 -0.105308 -0.050280 -0.111226 0.086187 0.988773 2 1.000000
1756808474.167000 0.285982 0.032536 -0.107211 -0.007972 -0.107821 0.075400 0.991275 2 1.000000
