# ORB-SLAM3 Path Recording
# Format: timestamp tx ty tz qx qy qz qw tracking_state confidence
# Translation in meters, quaternion (x,y,z,w), timestamp in seconds
# Coordinate system: Camera frame
1756822193.920000 0.080990 -0.031396 0.063213 0.016679 -0.147534 -0.089643 0.984845 2 1.000000
1756822193.952000 0.083519 -0.023541 0.065614 -0.012971 -0.156291 -0.123274 0.979902 2 1.000000
1756822193.983000 0.086086 -0.030577 0.082599 -0.067136 -0.158037 -0.145801 0.974299 2 1.000000
1756822194.029000 0.090243 -0.029617 0.094968 -0.023542 -0.141100 -0.120913 0.982302 2 1.000000
1756822194.174000 0.104114 -0.045879 0.135443 -0.020893 -0.112747 -0.087452 0.989547 2 1.000000
1756822194.327000 0.105889 -0.048903 0.161290 -0.029748 -0.149781 -0.109615 0.982174 2 1.000000
1756822194.411000 0.118566 -0.054134 0.178936 -0.017912 -0.193689 -0.111488 0.974543 2 1.000000
1756822194.521000 0.132875 -0.060758 0.199604 -0.033835 -0.221120 -0.145308 0.963767 2 1.000000
1756822194.647000 0.142729 -0.064163 0.211450 -0.045580 -0.265957 -0.127968 0.954365 2 1.000000
1756822195.365000 0.187118 -0.065906 0.193255 -0.025240 -0.303442 -0.130986 0.943466 2 1.000000
1756822195.475000 0.198153 -0.065400 0.201014 -0.045579 -0.324005 -0.166359 0.930198 2 1.000000
1756822195.571000 0.203660 -0.066606 0.201747 -0.029015 -0.359799 -0.150364 0.920377 2 1.000000
1756822196.074000 0.223276 -0.069693 0.202925 -0.035147 -0.400203 -0.151527 0.903129 2 1.000000
1756822201.213000 0.223772 -0.065838 0.205529 -0.028277 -0.360347 -0.149891 0.920263 2 1.000000
1756822202.490000 0.226294 -0.068059 0.202123 -0.009372 -0.388618 -0.122079 0.913228 2 1.000000
1756822203.035000 0.223965 -0.071209 0.200422 -0.039581 -0.361402 -0.135943 0.921597 2 1.000000
1756822203.163000 0.223939 -0.074209 0.196889 -0.000656 -0.392624 -0.148101 0.907696 2 1.000000
1756822204.896000 0.227771 -0.073993 0.199172 -0.024380 -0.356990 -0.142073 0.922919 2 1.000000
1756822206.971000 0.220718 -0.076728 0.207071 -0.027104 -0.337112 -0.104772 0.935224 2 1.000000
1756822207.693000 0.223404 -0.075248 0.207434 -0.024204 -0.298482 -0.128316 0.945440 2 1.000000
1756822208.069000 0.214252 -0.077676 0.224623 -0.032930 -0.341348 -0.142402 0.928504 2 1.000000
1756822208.259000 0.207407 -0.079739 0.237897 -0.037769 -0.360799 -0.180505 0.914230 2 1.000000
1756822209.079000 0.223834 -0.093801 0.282299 -0.061733 -0.391146 -0.156522 0.904818 2 1.000000
1756822209.241000 0.225434 -0.094373 0.283669 -0.086929 -0.418252 -0.177667 0.886534 2 1.000000
1756822209.575000 0.237699 -0.092709 0.258438 -0.060089 -0.430749 -0.212980 0.874920 2 1.000000
1756822210.047000 0.256592 -0.092395 0.236089 -0.019832 -0.453747 -0.206244 0.866709 2 1.000000
1756822211.781000 0.218365 -0.083660 0.224946 -0.039816 -0.415691 -0.210661 0.883876 2 1.000000
1756822212.232000 0.179210 -0.079488 0.214118 -0.042175 -0.370434 -0.206480 0.904636 2 1.000000
1756822212.294000 0.172206 -0.076478 0.209660 -0.039884 -0.329018 -0.203211 0.921337 2 1.000000
1756822212.546000 0.160489 -0.071573 0.196091 -0.033025 -0.299473 -0.172583 0.937785 2 1.000000
1756822212.894000 0.149449 -0.064323 0.182403 -0.064757 -0.330352 -0.176602 0.924925 2 1.000000
1756822213.011000 0.146870 -0.062253 0.183283 -0.085856 -0.287104 -0.188930 0.935150 2 1.000000
1756822213.076000 0.138434 -0.058086 0.181908 -0.097912 -0.237486 -0.183859 0.948794 2 1.000000
1756822213.161000 0.128691 -0.058789 0.179716 -0.052566 -0.215995 -0.179232 0.958363 2 1.000000
1756822213.318000 0.110452 -0.059868 0.174646 -0.046982 -0.222196 -0.136402 0.964270 2 1.000000
1756822213.654000 0.080955 -0.050402 0.151827 -0.038633 -0.178237 -0.145646 0.972382 2 1.000000
1756822213.891000 0.058087 -0.039214 0.131069 -0.048140 -0.129620 -0.155696 0.978080 2 1.000000
1756822214.201000 0.032153 -0.031600 0.120475 -0.041328 -0.087050 -0.146773 0.984465 2 1.000000
1756822214.659000 -0.018290 -0.021335 0.120744 -0.033404 -0.052424 -0.139691 0.988242 2 1.000000
1756822215.117000 -0.064257 -0.015201 0.102886 -0.041532 -0.009502 -0.134662 0.989975 2 1.000000
1756822215.620000 -0.081465 -0.014572 0.113818 -0.058395 -0.008157 -0.094479 0.993779 2 1.000000
1756822215.920000 -0.089860 -0.015444 0.104578 -0.029058 0.026243 -0.099550 0.994262 2 1.000000
1756822217.274000 -0.095981 -0.008328 0.055149 -0.015273 0.012824 -0.065968 0.997622 2 1.000000
1756822217.781000 -0.090609 -0.008931 0.053653 -0.030660 0.009144 -0.021999 0.999246 2 1.000000
1756822218.228000 -0.062124 -0.013510 0.055819 -0.009951 -0.024608 -0.043606 0.998696 2 1.000000
1756822218.529000 -0.032576 -0.015868 0.056690 -0.008775 -0.069807 -0.045333 0.996491 2 1.000000
1756822219.166000 0.005568 -0.026881 0.092090 -0.024522 -0.056833 -0.032501 0.997553 2 1.000000
1756822219.518000 0.032076 -0.038180 0.117116 -0.067306 -0.053663 -0.012089 0.996215 2 1.000000
1756822219.634000 0.039977 -0.040339 0.123584 -0.070880 -0.108219 0.006058 0.991579 2 1.000000
1756822219.685000 0.049182 -0.041896 0.124547 -0.077537 -0.150283 -0.013693 0.985503 2 1.000000
1756822219.815000 0.066867 -0.044989 0.130186 -0.095588 -0.186730 -0.027070 0.977375 2 1.000000
1756822219.897000 0.075425 -0.048000 0.132028 -0.101187 -0.179965 -0.072931 0.975733 2 1.000000
1756822220.056000 0.087762 -0.052524 0.137643 -0.057592 -0.199306 -0.093912 0.973725 2 1.000000
1756822220.255000 0.099479 -0.057577 0.149138 -0.039933 -0.210833 -0.131540 0.967808 2 1.000000
1756822220.432000 0.106106 -0.058473 0.160262 -0.021785 -0.177836 -0.162432 0.970317 2 1.000000
1756822220.539000 0.104841 -0.059904 0.164173 0.003618 -0.195744 -0.193264 0.961416 2 1.000000
1756822220.646000 0.111665 -0.063264 0.174977 0.009563 -0.229598 -0.164552 0.959227 2 1.000000
1756822220.841000 0.117070 -0.064601 0.185858 -0.021655 -0.192406 -0.152423 0.969164 2 1.000000
1756822221.035000 0.122843 -0.066599 0.188897 -0.035869 -0.233848 -0.147693 0.960320 2 1.000000
1756822221.171000 0.134001 -0.069263 0.192570 -0.038909 -0.285654 -0.160066 0.944069 2 1.000000
1756822221.462000 0.162616 -0.076661 0.199750 -0.034874 -0.326973 -0.146654 0.932934 2 1.000000
1756822224.235000 0.152561 -0.068919 0.181847 -0.043205 -0.281906 -0.152164 0.946313 2 1.000000
1756822224.479000 0.136407 -0.058978 0.168511 -0.054601 -0.235865 -0.148311 0.958848 2 1.000000
1756822224.913000 0.122461 -0.051998 0.143523 -0.037999 -0.218394 -0.112343 0.968628 2 1.000000
1756822225.524000 0.091932 -0.041966 0.111658 -0.032979 -0.175848 -0.123025 0.976143 2 1.000000
1756822225.985000 0.047944 -0.031824 0.089693 -0.022583 -0.195221 -0.130881 0.971725 2 1.000000
1756822227.850000 0.040825 -0.028296 0.081018 -0.004956 -0.226699 -0.154673 0.961592 2 1.000000
1756822232.280000 0.066587 -0.036997 0.101546 -0.037726 -0.226098 -0.118034 0.966191 2 1.000000
1756822232.652000 0.076772 -0.042311 0.112034 -0.036204 -0.259054 -0.083788 0.961540 2 1.000000
1756822233.842000 0.065276 -0.030055 0.079654 -0.048688 -0.219068 -0.092115 0.970131 2 1.000000
1756822238.944000 0.063387 -0.027373 0.070107 -0.015120 -0.230833 -0.117536 0.965750 2 1.000000
1756822243.663000 0.097409 -0.034073 0.061902 -0.039947 -0.254563 -0.082475 0.962704 2 1.000000
1756822243.863000 0.099496 -0.035550 0.064291 -0.058357 -0.213363 -0.099256 0.970164 2 1.000000
1756822243.944000 0.096207 -0.036625 0.066638 -0.071796 -0.175911 -0.082225 0.978335 2 1.000000
1756822244.082000 0.095753 -0.036177 0.069415 -0.077069 -0.133679 -0.071533 0.985431 2 1.000000
1756822244.193000 0.085275 -0.041379 0.059181 -0.032421 -0.139365 -0.070927 0.987165 2 1.000000
1756822244.238000 0.088472 -0.043524 0.059750 0.010156 -0.170162 -0.071521 0.982765 2 1.000000
1756822262.604000 -0.016909 0.009321 -0.001607 -0.038848 -0.150005 -0.045128 0.986890 2 1.000000
1756822262.937000 -0.008318 0.005496 -0.004520 -0.028019 -0.106213 -0.030429 0.993483 2 1.000000
1756822263.045000 -0.004542 0.005129 -0.003526 -0.029163 -0.062963 -0.013495 0.997498 2 1.000000
1756822263.297000 -0.004767 0.004621 -0.002718 -0.041611 -0.103707 -0.025937 0.993399 2 1.000000
1756822265.975000 -0.003374 0.003588 -0.001249 -0.072959 -0.072160 -0.019693 0.994526 2 1.000000
1756822266.195000 -0.008754 0.003065 0.021893 -0.079517 -0.027122 -0.008434 0.996429 2 1.000000
1756822266.336000 -0.010467 -0.006853 0.045715 -0.067549 0.022229 -0.010428 0.997414 2 1.000000
1756822266.713000 0.076527 -0.048492 0.160738 -0.087071 -0.157069 -0.094579 0.979185 2 1.000000
1756822267.006000 0.084542 -0.057493 0.187704 -0.084143 -0.197007 -0.116982 0.969754 2 1.000000
1756822267.620000 0.108091 -0.063650 0.183041 -0.094737 -0.239024 -0.096756 0.961525 2 1.000000
1756822268.034000 0.127986 -0.065574 0.187575 -0.070849 -0.204604 -0.105283 0.970584 2 1.000000
1756822268.628000 0.158358 -0.073154 0.219886 -0.085036 -0.233724 -0.132291 0.959500 2 1.000000
1756822271.004000 0.172650 -0.076120 0.220475 -0.099688 -0.273175 -0.120711 0.949140 2 1.000000
1756822271.430000 0.169029 -0.073051 0.214942 -0.118831 -0.310809 -0.126472 0.934495 2 1.000000
1756822271.472000 0.171486 -0.073501 0.216234 -0.135045 -0.348886 -0.140889 0.916620 2 1.000000
1756822271.554000 0.173567 -0.074996 0.215242 -0.145103 -0.387708 -0.151336 0.897622 2 1.000000
1756822271.883000 0.174287 -0.075079 0.217277 -0.131003 -0.349760 -0.150142 0.915404 2 1.000000
1756822271.974000 0.175035 -0.076244 0.218073 -0.115845 -0.311501 -0.128198 0.934405 2 1.000000
1756822272.139000 0.173670 -0.075639 0.220105 -0.100803 -0.272707 -0.123382 0.948813 2 1.000000
1756822273.775000 0.168569 -0.072148 0.214423 -0.074848 -0.292736 -0.152230 0.941026 2 1.000000
1756822274.465000 0.155293 -0.066507 0.208302 -0.062062 -0.263852 -0.182431 0.945119 2 1.000000
1756822274.720000 0.138640 -0.063971 0.200087 -0.065701 -0.222649 -0.159418 0.959529 2 1.000000
1756822274.891000 0.127313 -0.061703 0.193117 -0.070076 -0.179143 -0.148231 0.970064 2 1.000000
1756822275.806000 0.085062 -0.059532 0.209298 -0.070288 -0.135273 -0.141838 0.978081 2 1.000000
1756822276.792000 0.052681 -0.062744 0.249032 -0.057446 -0.176636 -0.138114 0.972843 2 1.000000
1756822277.182000 0.051279 -0.069690 0.281474 -0.062463 -0.217970 -0.155971 0.961385 2 1.000000
1756822277.546000 0.036456 -0.073162 0.298674 -0.040614 -0.254858 -0.149104 0.954550 2 1.000000
1756822277.772000 0.030481 -0.073985 0.306132 -0.039351 -0.300297 -0.151773 0.940871 2 1.000000
1756822277.940000 0.028947 -0.074648 0.316457 -0.035296 -0.343191 -0.161631 0.924581 2 1.000000
1756822278.071000 0.030046 -0.077195 0.328952 -0.038644 -0.381969 -0.175442 0.906546 2 1.000000
1756822278.225000 0.034318 -0.080144 0.338942 -0.047800 -0.422409 -0.189676 0.885047 2 1.000000
1756822278.461000 0.042354 -0.081351 0.342217 -0.062906 -0.456846 -0.203522 0.863662 2 1.000000
1756822278.798000 0.054754 -0.082678 0.343220 -0.064420 -0.488746 -0.223339 0.840891 2 1.000000
1756822278.971000 0.064020 -0.086581 0.353717 -0.058689 -0.529744 -0.217755 0.817624 2 1.000000
1756822279.110000 0.071827 -0.087600 0.364924 -0.058591 -0.565528 -0.233979 0.788669 2 1.000000
1756822279.259000 0.080522 -0.091582 0.371624 -0.055760 -0.602237 -0.242921 0.758414 2 1.000000
1756822279.567000 0.098667 -0.094249 0.367987 -0.065143 -0.637568 -0.242370 0.728368 2 1.000000
1756822279.940000 0.114796 -0.092904 0.362077 -0.065963 -0.663935 -0.262252 0.697182 2 1.000000
1756822280.579000 0.132173 -0.091618 0.348778 -0.065015 -0.630393 -0.252197 0.731283 2 1.000000
1756822280.711000 0.134655 -0.090018 0.339864 -0.068671 -0.596756 -0.238846 0.762967 2 1.000000
1756822280.897000 0.138305 -0.088677 0.333106 -0.067433 -0.558104 -0.240231 0.791367 2 1.000000
1756822281.180000 0.145924 -0.091703 0.333087 -0.062239 -0.521362 -0.232073 0.818810 2 1.000000
1756822283.114000 0.159155 -0.094237 0.328037 -0.063002 -0.487608 -0.216703 0.843391 2 1.000000
1756822283.482000 0.171236 -0.088904 0.299835 -0.055786 -0.453136 -0.201792 0.866508 2 1.000000
1756822284.915000 0.209052 -0.088847 0.267098 -0.045820 -0.442004 -0.185613 0.876402 2 1.000000
1756822285.995000 0.228738 -0.089765 0.272455 -0.062951 -0.471077 -0.204597 0.855724 2 1.000000
1756822291.546000 0.223552 -0.090054 0.262986 -0.028726 -0.462610 -0.181032 0.867406 2 1.000000
1756822294.351000 0.233261 -0.092407 0.258864 -0.001034 -0.446163 -0.155167 0.881397 2 1.000000
1756822306.286000 0.226846 -0.092381 0.276982 -0.039659 -0.463363 -0.167869 0.869219 2 1.000000
1756822307.072000 0.181058 -0.090872 0.298750 -0.034327 -0.439580 -0.161308 0.882933 2 1.000000
1756822307.561000 0.143004 -0.092453 0.331162 -0.041664 -0.457717 -0.165994 0.872471 2 1.000000
1756822308.243000 0.103353 -0.096380 0.364998 -0.041248 -0.473398 -0.169818 0.863339 2 1.000000
1756822308.784000 0.058436 -0.097598 0.388664 -0.042610 -0.456225 -0.171513 0.872139 2 1.000000
1756822309.313000 0.023943 -0.099864 0.426509 -0.050204 -0.487281 -0.175537 0.853946 2 1.000000
1756822309.822000 -0.015074 -0.100072 0.459044 -0.061079 -0.481207 -0.186702 0.854313 2 1.000000
1756822310.316000 -0.063312 -0.100911 0.479180 -0.063866 -0.467944 -0.189858 0.860757 2 1.000000
1756822310.838000 -0.106482 -0.099300 0.505588 -0.062681 -0.491034 -0.194936 0.846733 2 1.000000
1756822311.243000 -0.154001 -0.101451 0.531302 -0.059133 -0.501851 -0.208887 0.837267 2 1.000000
1756822311.648000 -0.204427 -0.098555 0.538831 -0.056117 -0.496989 -0.207493 0.840714 2 1.000000
1756822312.187000 -0.254603 -0.094271 0.556590 -0.069150 -0.531557 -0.213148 0.816844 2 1.000000
1756822312.838000 -0.300433 -0.094559 0.579350 -0.059734 -0.515471 -0.209658 0.828713 2 1.000000
1756822313.449000 -0.349528 -0.092214 0.591887 -0.056252 -0.496152 -0.200837 0.842813 2 1.000000
1756822314.126000 -0.387550 -0.096822 0.625119 -0.043500 -0.529128 -0.205983 0.822011 2 1.000000
1756822314.781000 -0.421368 -0.095860 0.636872 -0.044373 -0.489900 -0.205645 0.846014 2 1.000000
1756822315.247000 -0.435041 -0.096900 0.642276 -0.049249 -0.534216 -0.209326 0.817540 2 1.000000
1756822315.468000 -0.443506 -0.097594 0.649435 -0.053697 -0.571045 -0.224739 0.787729 2 1.000000
1756822315.746000 -0.451127 -0.095600 0.655143 -0.041869 -0.603934 -0.238187 0.759459 2 1.000000
1756822316.851000 -0.450584 -0.102943 0.674689 -0.049797 -0.573456 -0.219528 0.787703 2 1.000000
1756822317.589000 -0.460097 -0.103433 0.681178 -0.054259 -0.540007 -0.209658 0.813322 2 1.000000
1756822319.148000 -0.501485 -0.106324 0.711010 -0.047464 -0.527415 -0.218122 0.819758 2 1.000000
1756822319.488000 -0.508305 -0.105388 0.714844 -0.054650 -0.488585 -0.215558 0.843702 2 1.000000
1756822319.748000 -0.510984 -0.105631 0.716104 -0.053915 -0.447901 -0.205092 0.868571 2 1.000000
1756822320.416000 -0.510800 -0.112555 0.744868 -0.058887 -0.488156 -0.215444 0.843694 2 1.000000
1756822320.647000 -0.508157 -0.115659 0.759562 -0.053067 -0.519891 -0.239814 0.818160 2 1.000000
1756822323.347000 -0.505624 -0.117774 0.770856 -0.064453 -0.557880 -0.262201 0.784772 2 1.000000
1756822323.745000 -0.488936 -0.121087 0.777249 -0.067094 -0.592074 -0.271054 0.755961 2 1.000000
1756822324.355000 -0.466457 -0.131188 0.806801 -0.048974 -0.621947 -0.279730 0.729750 2 1.000000
1756822324.862000 -0.437134 -0.136670 0.810410 -0.054885 -0.655361 -0.285079 0.697295 2 1.000000
1756822325.053000 -0.435566 -0.137141 0.808658 -0.049854 -0.687594 -0.280770 0.667756 2 1.000000
1756822327.529000 -0.438825 -0.138372 0.813613 -0.054881 -0.720735 -0.285648 0.629233 2 1.000000
1756822327.638000 -0.436427 -0.136645 0.806353 -0.060279 -0.750760 -0.300449 0.585198 2 1.000000
1756822327.721000 -0.434955 -0.137903 0.807639 -0.060520 -0.780452 -0.302519 0.543795 2 1.000000
1756822327.804000 -0.432962 -0.138047 0.810323 -0.059134 -0.807435 -0.302733 0.502896 2 1.000000
1756822327.898000 -0.431231 -0.140506 0.812523 -0.058357 -0.831314 -0.305995 0.460303 2 1.000000
1756822328.515000 -0.423784 -0.143727 0.813573 -0.051900 -0.853061 -0.300718 0.423275 2 1.000000
1756822329.713000 -0.438057 -0.138980 0.828070 -0.036447 -0.868407 -0.309472 0.385704 2 1.000000
1756822330.746000 -0.441984 -0.145255 0.841156 -0.043995 -0.883794 -0.313861 0.344186 2 1.000000
1756822331.089000 -0.443340 -0.146925 0.847727 -0.038324 -0.899623 -0.311217 0.303898 2 1.000000
1756822331.388000 -0.454396 -0.147501 0.858176 -0.025936 -0.913292 -0.314512 0.257503 2 1.000000
1756822331.665000 -0.460983 -0.148657 0.865201 -0.024623 -0.922180 -0.320932 0.214431 2 1.000000
1756822331.987000 -0.463090 -0.152549 0.873822 -0.040813 -0.934225 -0.307231 0.176542 2 1.000000
1756822332.288000 -0.459180 -0.157085 0.882951 -0.039690 -0.943871 -0.299766 0.132942 2 1.000000
1756822332.612000 -0.454475 -0.160222 0.893084 -0.033078 -0.949224 -0.300311 0.087704 2 1.000000
1756822332.888000 -0.452418 -0.162371 0.896902 -0.037308 -0.953090 -0.298107 0.036877 2 1.000000
1756822333.144000 -0.455323 -0.163354 0.900104 0.040791 0.955561 0.291889 0.006335 2 1.000000
1756822333.380000 -0.458831 -0.163690 0.901860 0.032756 0.957879 0.280755 0.050701 2 1.000000
1756822333.612000 -0.459985 -0.164592 0.904841 0.030946 0.954739 0.278899 0.098649 2 1.000000
1756822333.946000 -0.460273 -0.166134 0.908453 0.030498 0.953988 0.263065 0.140617 2 1.000000
1756822334.446000 -0.452024 -0.169772 0.914522 0.035898 0.950717 0.248105 0.182464 2 1.000000
1756822336.902000 -0.433790 -0.173653 0.917799 0.042011 0.953359 0.213958 0.208719 2 1.000000
1756822339.174000 -0.403229 -0.166198 0.876679 0.039249 0.945367 0.218225 0.238994 2 1.000000
1756822339.768000 -0.364507 -0.161966 0.844633 0.042514 0.948453 0.231237 0.212506 2 1.000000
1756822340.391000 -0.331292 -0.156498 0.805591 0.049089 0.949231 0.229256 0.209745 2 1.000000
1756822340.880000 -0.308665 -0.149476 0.758861 0.045401 0.943552 0.233536 0.230456 2 1.000000
1756822341.379000 -0.275623 -0.146246 0.717362 0.055457 0.951519 0.228283 0.198555 2 1.000000
1756822341.923000 -0.253490 -0.137027 0.670264 0.058316 0.946559 0.228175 0.220368 2 1.000000
1756822342.445000 -0.237072 -0.127101 0.624021 0.048086 0.940432 0.238381 0.237594 2 1.000000
1756822342.845000 -0.204763 -0.122030 0.582450 0.045553 0.947421 0.239345 0.207442 2 1.000000
1756822343.365000 -0.179119 -0.115023 0.539763 0.051585 0.937908 0.242927 0.242185 2 1.000000
1756822343.737000 -0.166794 -0.109841 0.503564 0.047849 0.928824 0.233285 0.283858 2 1.000000
1756822344.258000 -0.136373 -0.100637 0.460952 0.041477 0.924853 0.232173 0.298366 2 1.000000
1756822344.647000 -0.109733 -0.098438 0.429596 0.044358 0.909406 0.231241 0.342842 2 1.000000
1756822344.945000 -0.096576 -0.094090 0.399932 0.040405 0.893856 0.220718 0.388165 2 1.000000
1756822345.366000 -0.080236 -0.088083 0.365275 0.030624 0.876004 0.218652 0.428801 2 1.000000
1756822346.108000 -0.048455 -0.083440 0.327294 0.030405 0.857916 0.204456 0.470376 2 1.000000
1756822346.407000 -0.048702 -0.078981 0.309698 0.021555 0.836617 0.199951 0.509535 2 1.000000
1756822346.748000 -0.059978 -0.075221 0.290616 0.023871 0.816841 0.180732 0.547299 2 1.000000
1756822347.377000 -0.080698 -0.075691 0.285688 0.022858 0.790656 0.184299 0.583416 2 1.000000
1756822347.987000 -0.090201 -0.072381 0.284791 0.023128 0.763785 0.172732 0.621500 2 1.000000
1756822348.149000 -0.091928 -0.069840 0.267882 0.031007 0.739068 0.154781 0.654873 2 1.000000
1756822348.318000 -0.087037 -0.065289 0.252006 0.022560 0.712425 0.140916 0.687084 2 1.000000
1756822351.021000 -0.035934 -0.070969 0.252741 0.038847 0.697006 0.142445 0.701700 2 1.000000
1756822351.658000 0.009852 -0.079084 0.256359 0.036970 0.666052 0.128978 0.733739 2 1.000000
1756822352.766000 0.061338 -0.085209 0.258126 0.028322 0.646702 0.117744 0.753067 2 1.000000
