# ORB-SLAM3 Path Recording
# Format: timestamp tx ty tz qx qy qz qw tracking_state confidence
# Translation in meters, quaternion (x,y,z,w), timestamp in seconds
# Coordinate system: Camera frame
1756755705.496000 0.001148 0.006648 -0.007887 0.023907 -0.005049 0.000065 0.999701 2 1.000000
1756755706.717000 0.001404 0.008955 -0.009500 0.014488 0.032008 0.021814 0.999145 2 1.000000
1756755711.347000 0.001412 0.009066 -0.009424 0.020098 -0.011058 0.018500 0.999566 2 1.000000
1756755714.624000 0.001591 0.009341 -0.011109 0.055144 -0.036097 0.007535 0.997797 2 1.000000
1756755721.192000 0.002310 0.010123 -0.010319 0.057978 0.006896 0.001564 0.998293 2 1.000000
1756755724.469000 0.001673 0.010257 -0.007805 0.017574 0.015285 0.015472 0.999609 2 1.000000
1756755728.702000 -0.000698 0.003646 0.042520 0.024793 0.019724 -0.022321 0.999249 2 1.000000
1756755729.255000 -0.010086 -0.012675 0.090828 0.009225 0.034015 -0.023958 0.999092 2 1.000000
1756755729.780000 -0.011398 -0.022583 0.139831 -0.001207 0.027101 -0.013819 0.999536 2 1.000000
1756755730.243000 -0.006523 -0.030731 0.186009 -0.001288 -0.011953 -0.033755 0.999358 2 1.000000
1756755730.773000 -0.013374 -0.036656 0.235782 -0.014654 0.009274 -0.023644 0.999570 2 1.000000
1756755731.247000 -0.021946 -0.044431 0.284642 -0.015580 0.000679 -0.026980 0.999514 2 1.000000
1756755731.819000 -0.024453 -0.053798 0.334295 -0.024550 0.011023 -0.022928 0.999375 2 1.000000
1756755732.354000 -0.034438 -0.061752 0.384435 -0.029814 0.033044 -0.012311 0.998933 2 1.000000
1756755732.882000 -0.043411 -0.068989 0.434105 -0.026469 0.020305 -0.018609 0.999270 2 1.000000
1756755733.112000 -0.049755 -0.073339 0.456689 -0.038594 0.056621 0.002237 0.997647 2 1.000000
1756755733.567000 -0.054814 -0.080410 0.506539 -0.046471 0.071416 -0.009886 0.996314 2 1.000000
1756755733.839000 -0.060102 -0.083346 0.531405 -0.066686 0.107312 0.006016 0.991968 2 1.000000
1756755734.405000 -0.055381 -0.085361 0.581246 -0.073862 0.123355 0.014742 0.989500 2 1.000000
1756755735.113000 -0.047158 -0.087151 0.630874 -0.048357 0.143976 0.001271 0.988398 2 1.000000
1756755736.180000 -0.041263 -0.088523 0.659278 -0.075978 0.165977 0.026385 0.982844 2 1.000000
1756755741.881000 -0.036802 -0.089476 0.670957 -0.071543 0.207581 0.035931 0.974936 2 1.000000
1756755742.003000 -0.034045 -0.090341 0.674554 -0.071370 0.252350 0.044448 0.963976 2 1.000000
1756755742.109000 -0.031880 -0.091200 0.678288 -0.068576 0.299817 0.058069 0.949755 2 1.000000
1756755742.236000 -0.030436 -0.091898 0.683340 -0.075987 0.344618 0.075769 0.932590 2 1.000000
1756755742.448000 -0.028315 -0.093342 0.689964 -0.067856 0.387955 0.084642 0.915272 2 1.000000
1756755742.778000 -0.024544 -0.094568 0.698372 -0.060127 0.429069 0.085296 0.897223 2 1.000000
1756755742.963000 -0.025799 -0.096144 0.709043 -0.044712 0.467305 0.100386 0.877240 2 1.000000
1756755743.130000 -0.026986 -0.097157 0.720744 -0.047926 0.495393 0.134114 0.856915 2 1.000000
1756755743.432000 -0.018612 -0.100010 0.731598 -0.036686 0.533254 0.128606 0.835317 2 1.000000
1756755743.714000 -0.014247 -0.101170 0.734483 -0.024767 0.569646 0.115991 0.813287 2 1.000000
1756755743.962000 -0.013941 -0.101676 0.735827 -0.010082 0.597464 0.140870 0.789361 2 1.000000
1756755744.323000 -0.010518 -0.101856 0.736046 -0.002995 0.633248 0.137108 0.761701 2 1.000000
1756755744.600000 -0.001618 -0.102621 0.737973 -0.003839 0.667426 0.143736 0.730663 2 1.000000
1756755744.804000 0.001815 -0.103743 0.740350 0.019086 0.689710 0.162273 0.705410 2 1.000000
1756755745.699000 0.057549 -0.108751 0.756821 -0.003421 0.717320 0.167614 0.676273 2 1.000000
1756755746.218000 0.107302 -0.111573 0.767613 -0.010040 0.735393 0.169541 0.656013 2 1.000000
1756755746.478000 0.167288 -0.113715 0.782247 -0.025739 0.737658 0.157000 0.656163 2 1.000000
1756755746.896000 0.220429 -0.121436 0.809134 -0.023095 0.747668 0.160371 0.644004 2 1.000000
1756755747.490000 0.269330 -0.125143 0.820809 -0.009745 0.743011 0.142199 0.653926 2 1.000000
1756755748.553000 0.293740 -0.129360 0.830906 -0.005358 0.773468 0.131701 0.619978 2 1.000000
