# ORB-SLAM3 Path Recording
# Format: timestamp tx ty tz qx qy qz qw tracking_state confidence
# Translation in meters, quaternion (x,y,z,w), timestamp in seconds
# Coordinate system: Camera frame
1756815170.590000 -0.018327 -0.010633 -0.044114 -0.066804 0.108834 0.083923 0.988256 2 1.000000
1756815171.017000 -0.016286 -0.017845 -0.048322 -0.024938 0.116606 0.074453 0.990070 2 1.000000
1756815171.522000 -0.011414 -0.022366 -0.041833 -0.006208 0.150756 0.055069 0.987016 2 1.000000
1756815171.800000 -0.007018 -0.020388 0.003566 -0.049296 0.165806 0.047659 0.983772 2 1.000000
1756815171.946000 -0.009384 -0.025334 -0.007578 -0.055544 0.150537 0.090393 0.982895 2 1.000000
1756815172.161000 -0.019465 -0.021953 -0.036322 -0.026224 0.163993 0.059585 0.984311 2 1.000000
1756815172.297000 -0.019876 -0.021991 -0.039763 -0.009759 0.131771 0.031495 0.990732 2 1.000000
1756815172.540000 -0.017432 -0.009339 -0.009716 -0.049968 0.109979 0.024807 0.992367 2 1.000000
1756815172.645000 -0.017219 0.003931 0.006758 -0.098711 0.090564 0.015451 0.990866 2 1.000000
1756815172.723000 -0.014970 0.011747 0.016126 -0.142693 0.074358 0.033821 0.986390 2 1.000000
1756815172.897000 -0.017251 0.012055 0.016444 -0.138963 0.030360 0.037016 0.989140 2 1.000000
1756815172.972000 -0.018903 0.008404 0.012274 -0.092675 0.030835 0.063496 0.993191 2 1.000000
1756815173.027000 -0.017566 0.003072 0.009556 -0.047609 0.056211 0.083817 0.993755 2 1.000000
1756815173.063000 -0.018303 0.000440 0.008290 -0.008893 0.069445 0.068348 0.995202 2 1.000000
1756815173.098000 -0.018944 0.001104 0.005859 0.033048 0.063645 0.047987 0.996270 2 1.000000
1756815173.278000 -0.021144 0.002735 0.008121 -0.021774 0.065630 0.038014 0.996882 2 1.000000
1756815176.594000 -0.038012 0.002341 0.029658 -0.035639 0.013064 -0.041223 0.998429 2 1.000000
1756815176.816000 -0.021599 -0.004378 0.012660 0.017528 0.009568 -0.041583 0.998935 2 1.000000
1756815177.487000 -0.005940 -0.003988 0.006376 -0.017106 0.037594 -0.027410 0.998771 2 1.000000
1756815178.032000 -0.008668 -0.005059 -0.002555 0.022370 0.058690 -0.023226 0.997755 2 1.000000
1756815178.756000 -0.020745 -0.001724 -0.000123 0.012341 0.106957 0.030689 0.993713 2 1.000000
1756815180.294000 -0.030757 -0.005706 -0.004933 0.015938 0.050785 0.010602 0.998526 2 1.000000
1756815180.474000 -0.030248 -0.004923 -0.000729 0.015145 0.003447 0.004468 0.999869 2 1.000000
1756815181.317000 -0.023489 -0.003406 -0.002436 0.042283 0.027304 0.029519 0.998296 2 1.000000
1756815188.187000 -0.025526 -0.004461 -0.004765 0.063005 -0.010953 0.036447 0.997287 2 1.000000
1756815189.518000 -0.023982 -0.004515 -0.003067 0.073023 0.015690 0.001492 0.997206 2 1.000000
1756815190.798000 -0.026567 -0.004950 -0.006881 0.099585 0.052453 0.008608 0.993608 2 1.000000
1756815191.268000 -0.026664 -0.004960 -0.007293 0.067148 0.022589 0.009199 0.997445 2 1.000000
1756815192.812000 -0.026449 -0.004943 -0.006839 0.108525 0.034920 0.021097 0.993256 2 1.000000
1756815195.468000 -0.024690 -0.004848 -0.004773 0.064642 0.027390 0.039655 0.996744 2 1.000000
1756815200.930000 -0.023668 -0.004750 -0.005195 0.093929 -0.004594 0.030804 0.995092 2 1.000000
1756815204.749000 -0.023333 -0.004745 -0.005148 0.108983 0.018066 0.067886 0.991558 2 1.000000
1756815204.974000 -0.023432 -0.004760 -0.005108 0.065133 0.017882 0.065755 0.995547 2 1.000000
1756815205.109000 -0.024381 -0.003823 -0.007956 0.032389 0.020672 0.033275 0.998707 2 1.000000
1756815205.517000 -0.011041 -0.005884 -0.007804 0.029333 0.042048 0.076693 0.995736 2 1.000000
1756815207.735000 -0.038107 -0.006894 0.006105 0.027546 0.073268 0.036119 0.996277 2 1.000000
1756815207.842000 -0.049403 -0.004553 0.010833 0.011431 0.061421 -0.007996 0.998015 2 1.000000
1756815207.960000 -0.059212 -0.002763 0.011905 0.038816 0.075254 0.027905 0.996018 2 1.000000
1756815209.012000 -0.064805 -0.003149 0.012511 0.049061 0.031423 0.046093 0.997237 2 1.000000
1756815209.251000 -0.068752 -0.004787 0.010738 0.061260 -0.012596 0.031975 0.997530 2 1.000000
1756815210.909000 -0.070075 -0.002287 0.017921 0.038567 -0.049655 0.019376 0.997833 2 1.000000
1756815210.982000 -0.066033 -0.000992 0.019219 0.057167 -0.108162 0.028814 0.992070 2 1.000000
1756815211.133000 -0.051108 -0.004058 0.001587 0.037087 -0.147918 0.035786 0.987656 2 1.000000
1756815211.243000 -0.035988 -0.012707 0.002028 0.042255 -0.093438 0.052783 0.993327 2 1.000000
1756815211.427000 -0.024380 -0.022328 -0.008816 0.028147 -0.053011 0.063253 0.996191 2 1.000000
1756815211.667000 -0.013153 -0.026481 -0.018558 0.022705 -0.006036 0.050079 0.998469 2 1.000000
1756815212.214000 -0.009401 -0.022247 -0.018318 0.054510 0.026495 0.052533 0.996778 2 1.000000
1756815213.575000 -0.012794 -0.021826 -0.025506 0.055658 0.041945 0.010106 0.997517 2 1.000000
1756815214.585000 -0.024511 -0.026935 -0.037704 0.041310 -0.001252 0.028408 0.998742 2 1.000000
1756815214.748000 -0.027816 -0.028742 -0.040065 0.055476 -0.045221 0.034582 0.996836 2 1.000000
1756815215.747000 -0.019477 -0.024111 -0.033811 0.047120 0.001639 0.043926 0.997922 2 1.000000
1756815216.500000 -0.025146 -0.025141 -0.032934 0.044736 -0.049524 0.052056 0.996412 2 1.000000
1756815216.598000 -0.028121 -0.023187 -0.036802 0.055726 -0.093569 0.054902 0.992535 2 1.000000
1756815217.101000 -0.023572 -0.022826 -0.033121 0.040951 -0.051755 0.070311 0.995340 2 1.000000
1756815217.241000 -0.015272 -0.020367 -0.031559 0.027070 -0.003625 0.080677 0.996366 2 1.000000
1756815217.610000 -0.009727 -0.018629 -0.033390 0.002782 0.041301 0.076015 0.996247 2 1.000000
1756815217.711000 -0.010473 -0.017587 -0.034891 -0.058820 0.065183 0.080979 0.992841 2 1.000000
1756815217.734000 -0.010528 -0.018415 -0.034250 -0.107889 0.070062 0.091271 0.987482 2 1.000000
1756815218.683000 -0.012147 -0.017901 -0.032477 -0.014380 0.028623 0.069664 0.997056 2 1.000000
1756815224.185000 -0.012789 -0.019185 -0.041508 -0.009910 0.074810 0.064143 0.995083 2 1.000000
1756815224.921000 -0.009853 -0.023816 -0.052743 0.012282 0.043172 0.090647 0.994871 2 1.000000
1756815226.300000 -0.006325 -0.032437 -0.050616 0.032285 0.081878 0.092299 0.991834 2 1.000000
1756815228.053000 -0.006672 -0.032016 -0.051307 0.034646 0.030802 0.106417 0.993240 2 1.000000
1756815228.126000 -0.006154 -0.032638 -0.053605 0.031103 -0.020027 0.103829 0.993907 2 1.000000
1756815228.252000 -0.009534 -0.028438 -0.051586 0.022701 -0.066369 0.099780 0.992534 2 1.000000
1756815228.811000 -0.007834 -0.026161 -0.048010 0.026730 0.003508 0.095151 0.995098 2 1.000000
1756815228.863000 -0.006197 -0.026359 -0.047931 0.025961 0.056085 0.092468 0.993796 2 1.000000
1756815228.959000 -0.005747 -0.026049 -0.048332 0.027952 0.102705 0.088073 0.990411 2 1.000000
1756815229.635000 -0.008783 -0.027746 -0.053272 0.023374 0.052329 0.094092 0.993913 2 1.000000
1756815229.705000 -0.009823 -0.028428 -0.055403 0.024206 -0.001755 0.097646 0.994925 2 1.000000
1756815229.783000 -0.010730 -0.027909 -0.054581 0.026800 -0.045535 0.095702 0.994007 2 1.000000
1756815230.661000 -0.008064 -0.025256 -0.049649 0.028040 0.016626 0.087822 0.995603 2 1.000000
1756815230.735000 -0.007613 -0.025399 -0.048509 0.018795 0.066709 0.084514 0.994009 2 1.000000
1756815232.238000 -0.010179 -0.026690 -0.054226 0.013099 0.008582 0.087745 0.996020 2 1.000000
1756815232.285000 -0.009799 -0.026421 -0.054357 0.019695 -0.035859 0.088322 0.995252 2 1.000000
1756815232.349000 -0.010038 -0.026830 -0.054732 0.020904 -0.081458 0.090650 0.992326 2 1.000000
1756815232.677000 -0.008718 -0.025155 -0.051779 0.022252 -0.035018 0.089179 0.995151 2 1.000000
1756815232.771000 -0.008562 -0.024696 -0.050176 0.017662 0.013360 0.087347 0.995932 2 1.000000
1756815237.276000 -0.009612 -0.024145 -0.054166 0.007028 -0.035041 0.091312 0.995181 2 1.000000
1756815237.938000 -0.008969 -0.022995 -0.051596 0.015730 0.009561 0.084929 0.996217 2 1.000000
1756815247.332000 -0.006784 0.003489 -0.031227 -0.050549 0.222706 -0.063649 0.971492 2 1.000000
1756815247.437000 -0.006133 -0.002894 -0.031931 -0.005819 0.215176 -0.031134 0.976061 2 1.000000
1756815247.514000 -0.005967 -0.009699 -0.031270 0.021710 0.187772 -0.001739 0.981971 2 1.000000
1756815247.570000 -0.007194 -0.012766 -0.033878 0.066863 0.178551 0.022985 0.981387 2 1.000000
1756815247.948000 -0.006275 -0.016884 -0.040796 0.060880 0.140510 0.049439 0.986968 2 1.000000
1756815248.229000 -0.008640 -0.018442 -0.044394 0.054672 0.093306 0.048800 0.992937 2 1.000000
1756815248.343000 -0.009862 -0.018293 -0.045099 0.048346 0.045419 0.042671 0.996885 2 1.000000
1756815248.578000 -0.009158 -0.018769 -0.048551 0.036702 0.003815 0.054143 0.997851 2 1.000000
1756815249.045000 -0.008688 -0.017760 -0.044797 0.024003 0.052951 0.048740 0.997118 2 1.000000
1756815250.034000 -0.005608 -0.021631 -0.048628 0.046057 0.091520 0.055001 0.993216 2 1.000000
1756815251.150000 -0.006822 -0.022976 -0.041223 0.002867 0.085449 0.039030 0.995574 2 1.000000
1756815258.000000 -0.000126 -0.024517 -0.034894 0.034795 0.115272 0.034977 0.992108 2 1.000000
1756815267.168000 0.000096 -0.021252 -0.029589 0.007615 0.084585 0.051755 0.995042 2 1.000000
1756815270.801000 -0.003245 -0.020076 -0.028728 -0.006075 0.042564 0.045996 0.998016 2 1.000000
1756815271.234000 -0.008608 -0.021994 -0.034072 0.005262 -0.000395 0.040873 0.999150 2 1.000000
1756815271.369000 -0.012085 -0.023561 -0.036384 0.009857 -0.043548 0.032404 0.998477 2 1.000000
1756815271.568000 -0.017077 -0.025670 -0.041418 0.024086 -0.085917 0.026928 0.995647 2 1.000000
1756815271.734000 -0.016614 -0.024669 -0.044805 0.035481 -0.135086 0.029034 0.989773 2 1.000000
1756815271.868000 -0.017509 -0.022572 -0.046854 0.043724 -0.181364 0.030152 0.981981 2 1.000000
1756815271.969000 -0.018415 -0.023632 -0.050382 0.045507 -0.224008 0.030908 0.973033 2 1.000000
1756815272.067000 -0.026980 -0.024210 -0.047134 0.045935 -0.266210 0.031455 0.962306 2 1.000000
1756815272.301000 -0.034177 -0.026384 -0.046335 0.046059 -0.312289 0.029307 0.948417 2 1.000000
1756815272.601000 -0.038172 -0.026867 -0.044585 0.052885 -0.355063 0.023566 0.933048 2 1.000000
1756815279.169000 -0.037904 -0.028071 -0.053015 0.028168 -0.326124 0.003150 0.944902 2 1.000000
1756815279.468000 -0.032977 -0.026460 -0.051775 0.018381 -0.280690 -0.003676 0.959615 2 1.000000
1756815279.835000 -0.024022 -0.024755 -0.051394 0.003942 -0.235180 -0.007884 0.971912 2 1.000000
1756815280.302000 -0.020510 -0.023291 -0.047610 -0.006197 -0.191940 -0.007828 0.981356 2 1.000000
1756815281.768000 -0.021261 -0.025175 -0.055706 0.015491 -0.224876 0.018033 0.974097 2 1.000000
1756815282.136000 -0.026339 -0.026595 -0.059734 0.039485 -0.264182 0.027662 0.963267 2 1.000000
1756815282.302000 -0.029322 -0.027025 -0.061912 0.033983 -0.313203 0.033585 0.948484 2 1.000000
1756815284.936000 -0.030479 -0.025127 -0.063543 0.000000 -0.322591 0.008094 0.946504 2 1.000000
1756815290.988000 -0.029329 -0.025058 -0.063081 0.009082 -0.279689 -0.000279 0.960048 2 1.000000
1756815291.129000 -0.026378 -0.025832 -0.061105 0.013398 -0.231177 -0.000916 0.972819 2 1.000000
1756815291.267000 -0.023276 -0.025629 -0.058911 0.018686 -0.184820 -0.004759 0.982583 2 1.000000
1756815291.433000 -0.019477 -0.025727 -0.056887 0.014335 -0.138778 -0.002783 0.990216 2 1.000000
1756815291.594000 -0.018038 -0.024448 -0.052010 0.019977 -0.086446 0.001534 0.996055 2 1.000000
1756815291.724000 -0.017213 -0.023149 -0.045969 0.020127 -0.042799 0.001933 0.998879 2 1.000000
1756815292.242000 -0.017030 -0.021823 -0.039184 0.012765 0.006547 0.005582 0.999882 2 1.000000
1756815292.603000 -0.013738 -0.021371 -0.037264 0.010585 0.052042 0.012320 0.998513 2 1.000000
1756815294.836000 -0.012872 -0.023322 -0.048176 0.021201 0.005168 0.014549 0.999656 2 1.000000
1756815294.904000 -0.011833 -0.023637 -0.047634 0.014894 -0.059563 0.041843 0.997236 2 1.000000
1756815295.039000 -0.009469 -0.022374 -0.040800 0.039365 -0.001199 0.042258 0.998330 2 1.000000
1756815295.269000 -0.009260 -0.021134 -0.041826 0.033014 0.038280 0.018831 0.998544 2 1.000000
1756815296.618000 -0.005974 -0.022586 -0.043671 0.038372 0.083238 0.020281 0.995584 2 1.000000
1756815296.871000 -0.005703 -0.021319 -0.040593 0.031188 0.123348 0.005362 0.991859 2 1.000000
1756815297.403000 -0.004905 -0.019971 -0.034590 0.009480 0.162923 0.005763 0.986576 2 1.000000
1756815298.538000 -0.008595 -0.018024 -0.033190 0.000028 0.121210 0.020659 0.992412 2 1.000000
1756815298.837000 -0.012811 -0.017846 -0.032945 -0.002737 0.078030 0.023869 0.996662 2 1.000000
1756815300.004000 -0.009449 -0.018014 -0.034322 0.003151 0.121854 0.015968 0.992415 2 1.000000
1756815300.242000 -0.005383 -0.017766 -0.035825 -0.001935 0.164116 0.007751 0.986409 2 1.000000
1756815300.438000 -0.001529 -0.017277 -0.034921 -0.005541 0.208129 0.006462 0.978064 2 1.000000
1756815300.639000 0.002591 -0.016360 -0.034344 -0.008843 0.257087 0.004874 0.966335 2 1.000000
1756815300.941000 0.004074 -0.016658 -0.036582 -0.009001 0.304006 0.010599 0.952569 2 1.000000
1756815301.539000 0.006779 -0.016742 -0.035930 -0.004671 0.346107 0.011256 0.938116 2 1.000000
1756815302.105000 0.011180 -0.015525 -0.034822 -0.001619 0.389171 0.002076 0.921162 2 1.000000
1756815304.205000 0.007661 -0.016584 -0.036228 -0.003364 0.427014 -0.011856 0.904161 2 1.000000
1756815319.228000 0.011292 -0.017859 -0.038270 -0.015199 0.387709 0.010712 0.921594 2 1.000000
1756815319.553000 0.008738 -0.018561 -0.032181 -0.022610 0.343818 0.020889 0.938532 2 1.000000
1756815319.812000 0.006479 -0.017696 -0.029548 -0.024896 0.293933 0.017211 0.955347 2 1.000000
1756815319.912000 0.001110 -0.016570 -0.024910 -0.028529 0.248227 0.012294 0.968204 2 1.000000
1756815320.025000 -0.000296 -0.015522 -0.021072 -0.018469 0.198924 0.015902 0.979712 2 1.000000
1756815320.109000 -0.002946 -0.015611 -0.020170 -0.014915 0.157124 0.029237 0.987033 2 1.000000
1756815320.350000 -0.001575 -0.016254 -0.019609 0.006654 0.121540 0.042249 0.991665 2 1.000000
1756815320.571000 -0.001483 -0.016945 -0.026857 0.023069 0.070055 0.054580 0.995782 2 1.000000
1756815320.848000 -0.005377 -0.015233 -0.016997 0.013954 0.031548 0.029385 0.998973 2 1.000000
1756815325.539000 -0.009191 -0.018292 -0.025280 0.039344 0.023624 -0.005453 0.998932 2 1.000000
1756815330.139000 -0.013231 -0.020229 -0.025730 0.067294 -0.001304 -0.027714 0.997347 2 1.000000
1756815343.606000 -0.015415 -0.018374 -0.026828 0.038326 -0.023244 -0.002734 0.998991 2 1.000000
1756815343.939000 -0.014930 -0.018493 -0.026227 0.034785 0.027993 -0.012058 0.998930 2 1.000000
1756815344.108000 -0.010670 -0.020493 -0.016634 0.049262 0.074809 -0.003028 0.995976 2 1.000000
1756815344.240000 -0.006615 -0.024950 -0.004617 0.049145 0.121125 0.001928 0.991418 2 1.000000
1756815344.407000 -0.000160 -0.031121 0.007614 0.065330 0.137258 0.041053 0.987526 2 1.000000
1756815344.573000 -0.008607 -0.036496 0.005814 0.043317 0.174973 0.044001 0.982635 2 1.000000
1756815344.706000 -0.014642 -0.039798 0.008478 0.011362 0.210198 0.029568 0.977146 2 1.000000
1756815344.806000 -0.005834 -0.045224 0.014942 -0.019897 0.248329 0.008317 0.968436 2 1.000000
1756815344.940000 0.001707 -0.048418 0.018994 -0.024761 0.294459 0.000474 0.955343 2 1.000000
1756815345.073000 0.014854 -0.043823 0.026899 -0.026563 0.341330 -0.019199 0.939372 2 1.000000
1756815345.206000 0.023852 -0.043542 0.034923 -0.039819 0.385368 -0.021684 0.921648 2 1.000000
1756815345.541000 0.035470 -0.040945 0.038154 -0.032415 0.427738 -0.022879 0.903032 2 1.000000
1756815346.383000 0.046921 -0.041154 0.047039 -0.050256 0.456683 -0.046974 0.886966 2 1.000000
1756815346.641000 0.056242 -0.039674 0.057311 -0.057765 0.497598 -0.040886 0.864516 2 1.000000
1756815346.808000 0.061391 -0.041080 0.064296 -0.065532 0.481101 -0.000391 0.874212 2 1.000000
1756815347.642000 0.093114 -0.039930 0.088495 -0.062832 0.500393 0.038314 0.862665 2 1.000000
1756815347.808000 0.098948 -0.040325 0.093375 -0.069301 0.540868 0.046885 0.836935 2 1.000000
1756815347.975000 0.104590 -0.039915 0.100269 -0.072962 0.579418 0.062200 0.809372 2 1.000000
1756815348.145000 0.109522 -0.039681 0.107713 -0.085422 0.607241 0.084750 0.785353 2 1.000000
1756815348.775000 0.132884 -0.037587 0.124276 -0.075794 0.569728 0.084316 0.813976 2 1.000000
1756815349.442000 0.167122 -0.034948 0.128207 -0.084644 0.601193 0.061612 0.792216 2 1.000000
1756815350.225000 0.207677 -0.034897 0.128318 -0.100407 0.570981 0.042130 0.813710 2 1.000000
1756815351.375000 0.251014 -0.032651 0.132830 -0.122024 0.550205 0.012960 0.825964 2 1.000000
1756815351.644000 0.259883 -0.033570 0.134308 -0.107473 0.514560 0.006310 0.850669 2 1.000000
1756815351.811000 0.265562 -0.033435 0.134395 -0.106093 0.476184 0.006662 0.872896 2 1.000000
1756815352.177000 0.271767 -0.033363 0.133272 -0.112002 0.437381 -0.005227 0.892259 2 1.000000
1756815352.440000 0.277868 -0.032868 0.135879 -0.097858 0.394980 -0.013954 0.913356 2 1.000000
1756815352.643000 0.278706 -0.032772 0.135756 -0.091292 0.344586 -0.018526 0.934122 2 1.000000
1756815352.777000 0.278637 -0.032756 0.135586 -0.085331 0.294909 -0.011860 0.951634 2 1.000000
1756815352.876000 0.278569 -0.032808 0.135707 -0.081926 0.250544 -0.013768 0.964534 2 1.000000
1756815352.975000 0.272508 -0.032299 0.132483 -0.077600 0.191531 -0.022847 0.978147 2 1.000000
1756815353.076000 0.273503 -0.030702 0.135203 -0.064092 0.131946 -0.029417 0.988745 2 1.000000
1756815357.282000 -0.000960 -0.003401 0.033472 -0.018639 -0.001108 0.022501 0.999572 2 1.000000
1756815357.568000 0.000846 -0.009648 0.086596 -0.006085 -0.026552 0.021639 0.999395 2 1.000000
1756815357.672000 0.001763 -0.014162 0.119967 -0.004524 -0.068867 0.002496 0.997612 2 1.000000
1756815357.856000 0.005739 -0.024571 0.172138 0.000301 -0.091068 -0.014755 0.995735 2 1.000000
1756815358.039000 -0.001681 -0.037632 0.221269 0.013413 -0.083115 -0.034629 0.995848 2 1.000000
1756815358.440000 -0.001642 -0.054986 0.269158 0.026212 -0.108287 -0.030306 0.993312 2 1.000000
1756815359.943000 0.020432 -0.047548 0.281827 0.014192 -0.119300 0.013317 0.992668 2 1.000000
1756815360.124000 0.035012 -0.052101 0.305241 -0.014373 -0.096168 0.045103 0.994239 2 1.000000
1756815360.240000 0.030871 -0.057579 0.320212 -0.024525 -0.051410 0.042779 0.997460 2 1.000000
1756815360.508000 0.028251 -0.065212 0.373134 -0.033827 -0.079319 0.016150 0.996144 2 1.000000
1756815360.809000 0.016556 -0.084060 0.422467 -0.025568 -0.104671 0.008957 0.994138 2 1.000000
1756815361.079000 0.010041 -0.088975 0.472872 -0.028514 -0.136081 -0.003874 0.990280 2 1.000000
1756815361.309000 0.013486 -0.098049 0.525597 -0.021257 -0.167951 -0.023669 0.985282 2 1.000000
1756815361.542000 0.010905 -0.111133 0.575881 -0.019439 -0.185396 -0.033522 0.981900 2 1.000000
1756815361.842000 0.000088 -0.118475 0.629590 -0.020526 -0.210011 -0.041216 0.976614 2 1.000000
1756815362.115000 -0.018329 -0.130670 0.674486 -0.013892 -0.219883 -0.047972 0.974247 2 1.000000
1756815362.308000 -0.044461 -0.145071 0.719471 -0.008651 -0.231003 -0.049190 0.971670 2 1.000000
1756815362.541000 -0.068017 -0.152132 0.764638 -0.012018 -0.276831 -0.049896 0.959547 2 1.000000
1756815362.709000 -0.089694 -0.158699 0.796034 -0.010129 -0.318642 -0.058284 0.946027 2 1.000000
1756815362.910000 -0.106342 -0.170041 0.838278 -0.008261 -0.366544 -0.062918 0.928234 2 1.000000
1756815363.209000 -0.140832 -0.178485 0.880427 -0.004373 -0.391243 -0.078758 0.916901 2 1.000000
1756815363.477000 -0.179258 -0.188045 0.921517 -0.001240 -0.403622 -0.092030 0.910285 2 1.000000
1756815363.776000 -0.218579 -0.199333 0.946917 -0.002910 -0.446366 -0.092951 0.890005 2 1.000000
1756815363.944000 -0.239923 -0.204787 0.965131 -0.003463 -0.486678 -0.102716 0.867515 2 1.000000
1756815364.109000 -0.260691 -0.211378 0.987793 -0.006303 -0.528470 -0.110018 0.841769 2 1.000000
1756815364.310000 -0.293748 -0.224489 1.017779 -0.009942 -0.560098 -0.130337 0.818049 2 1.000000
1756815364.542000 -0.322067 -0.227427 1.042007 0.001535 -0.594725 -0.145967 0.790566 2 1.000000
1756815364.843000 -0.372343 -0.231903 1.068900 0.006663 -0.621974 -0.162942 0.765868 2 1.000000
1756815365.042000 -0.412443 -0.238531 1.075011 0.007327 -0.653914 -0.177446 0.735429 2 1.000000
1756815365.277000 -0.457667 -0.245909 1.078086 0.012514 -0.686527 -0.191211 0.701401 2 1.000000
1756815365.444000 -0.488000 -0.252082 1.086407 0.009387 -0.721074 -0.203138 0.662343 2 1.000000
1756815365.611000 -0.523914 -0.254297 1.098605 0.018448 -0.752225 -0.213322 0.623147 2 1.000000
1756815365.744000 -0.554098 -0.261885 1.111691 0.022908 -0.779000 -0.227888 0.583696 2 1.000000
1756815365.876000 -0.579291 -0.268302 1.124237 0.028753 -0.802851 -0.241739 0.544210 2 1.000000
1756815366.109000 -0.621526 -0.274204 1.134778 0.035496 -0.817682 -0.265403 0.509605 2 1.000000
1756815366.410000 -0.675746 -0.273410 1.144658 0.052555 -0.824276 -0.283521 0.487260 2 1.000000
1756815366.710000 -0.728198 -0.280449 1.146605 0.037650 -0.840635 -0.298597 0.450284 2 1.000000
1756815366.876000 -0.754623 -0.282007 1.148009 0.033138 -0.861841 -0.300590 0.407159 2 1.000000
1756815367.009000 -0.778330 -0.281298 1.152713 0.038383 -0.879731 -0.304528 0.363130 2 1.000000
1756815367.143000 -0.803425 -0.283647 1.159996 0.049441 -0.895210 -0.311436 0.314900 2 1.000000
1756815367.277000 -0.827896 -0.289377 1.163217 0.055918 -0.908350 -0.317103 0.266870 2 1.000000
1756815367.410000 -0.845635 -0.293962 1.162390 0.053632 -0.919977 -0.319979 0.219955 2 1.000000
1756815367.543000 -0.858371 -0.294962 1.160521 0.057068 -0.931138 -0.314194 0.176087 2 1.000000
1756815367.710000 -0.872950 -0.291732 1.151255 0.064189 -0.939099 -0.310687 0.132085 2 1.000000
1756815367.910000 -0.881238 -0.288462 1.136348 0.083134 -0.936832 -0.326191 0.095046 2 1.000000
1756815368.011000 -0.881748 -0.285964 1.131405 0.092129 -0.936957 -0.333172 0.051199 2 1.000000
1756815368.110000 -0.880802 -0.284899 1.126451 0.095285 -0.935458 -0.340269 0.007421 2 1.000000
1756815368.181000 -0.880113 -0.283942 1.124747 -0.100252 0.934174 0.340371 0.037618 2 1.000000
1756815368.278000 -0.878236 -0.281329 1.121287 -0.107702 0.929616 0.338594 0.097818 2 1.000000
1756815368.344000 -0.878476 -0.281725 1.121687 -0.109896 0.923721 0.338718 0.141179 2 1.000000
1756815368.443000 -0.876793 -0.280584 1.118816 -0.121739 0.912789 0.333759 0.201495 2 1.000000
1756815368.547000 -0.876740 -0.281008 1.119052 -0.132234 0.901013 0.330239 0.248258 2 1.000000
1756815368.678000 -0.877581 -0.281441 1.119418 -0.144151 0.887975 0.317948 0.299383 2 1.000000
1756815368.912000 -0.879034 -0.283175 1.122046 -0.156364 0.873217 0.311065 0.341000 2 1.000000
1756815369.744000 -0.880299 -0.284471 1.123154 -0.162466 0.894953 0.291827 0.295805 2 1.000000
1756815369.816000 -0.880148 -0.284292 1.122950 -0.161589 0.912994 0.270715 0.258929 2 1.000000
1756815369.878000 -0.880339 -0.284250 1.123052 -0.158078 0.928292 0.252368 0.222700 2 1.000000
1756815369.976000 -0.880187 -0.284241 1.122857 -0.138836 0.945301 0.238430 0.174014 2 1.000000
1756815370.077000 -0.880927 -0.284078 1.123655 -0.117969 0.955925 0.231338 0.137014 2 1.000000
1756815370.211000 -0.881266 -0.284113 1.124170 -0.106855 0.965222 0.218336 0.096219 2 1.000000
1756815370.844000 -0.880790 -0.283894 1.124188 -0.089844 0.970153 0.218319 0.055391 2 1.000000
1756815377.477000 -0.880391 -0.283780 1.124100 -0.086577 0.964445 0.227974 0.101870 2 1.000000
1756815377.617000 -0.880517 -0.283590 1.123610 -0.093483 0.955588 0.239729 0.143677 2 1.000000
1756815377.743000 -0.879384 -0.281545 1.120051 -0.097167 0.945146 0.251517 0.184380 2 1.000000
1756815377.896000 -0.878585 -0.279979 1.118460 -0.097304 0.930567 0.258910 0.239881 2 1.000000
1756815377.944000 -0.876498 -0.278425 1.116999 -0.090460 0.913462 0.264065 0.296099 2 1.000000
1756815378.077000 -0.874519 -0.276583 1.114241 -0.088638 0.898459 0.262138 0.340880 2 1.000000
1756815378.543000 -0.870164 -0.272670 1.107764 -0.074832 0.882320 0.268419 0.379292 2 1.000000
1756815378.979000 -0.866996 -0.270223 1.103669 -0.071748 0.900443 0.267528 0.335387 2 1.000000
1756815380.644000 -0.859977 -0.263450 1.097193 -0.045624 0.915232 0.261516 0.303115 2 1.000000
1756815381.344000 -0.857087 -0.259081 1.092430 -0.023613 0.923817 0.224465 0.309224 2 1.000000
1756815381.778000 -0.855501 -0.256962 1.089733 0.010160 0.920440 0.205493 0.332356 2 1.000000
1756815382.210000 -0.854259 -0.255918 1.088305 0.043585 0.926222 0.176079 0.330468 2 1.000000
1756815382.877000 -0.852060 -0.254261 1.085756 0.045600 0.943272 0.158425 0.288201 2 1.000000
1756815383.444000 -0.850652 -0.253481 1.084117 0.060063 0.955971 0.141213 0.250143 2 1.000000
1756815384.110000 -0.849494 -0.253703 1.081331 0.061388 0.967464 0.136681 0.203871 2 1.000000
1756815384.444000 -0.848635 -0.253938 1.079947 0.059802 0.974546 0.148225 0.157205 2 1.000000
1756815384.810000 -0.847685 -0.254220 1.078339 0.066941 0.974893 0.174157 0.121541 2 1.000000
1756815385.078000 -0.847263 -0.254457 1.077086 0.077575 0.976237 0.186994 0.077314 2 1.000000
1756815385.445000 -0.847026 -0.254544 1.075400 0.093554 0.973472 0.205477 0.037144 2 1.000000
1756815385.644000 -0.847107 -0.254540 1.074670 -0.100632 -0.971581 -0.214122 0.007471 2 1.000000
1756815385.811000 -0.847092 -0.254490 1.073958 -0.104569 -0.968549 -0.219518 0.052817 2 1.000000
1756815385.977000 -0.847111 -0.254513 1.073266 -0.109203 -0.963796 -0.220965 0.101720 2 1.000000
1756815386.213000 -0.847231 -0.254539 1.072592 -0.126442 -0.955300 -0.222704 0.147705 2 1.000000
1756815386.406000 -0.847505 -0.254405 1.072060 -0.133112 -0.945072 -0.228441 0.192186 2 1.000000
1756815386.777000 -0.848411 -0.254114 1.071085 -0.147715 -0.932339 -0.234297 0.232440 2 1.000000
1756815387.145000 -0.849533 -0.253963 1.070525 -0.150461 -0.920987 -0.229615 0.276443 2 1.000000
1756815387.411000 -0.850043 -0.253817 1.070162 -0.159311 -0.904362 -0.240307 0.314644 2 1.000000
1756815387.645000 -0.850434 -0.253746 1.069856 -0.155817 -0.889332 -0.237518 0.358323 2 1.000000
1756815387.786000 -0.850734 -0.253695 1.069540 -0.156829 -0.865968 -0.238346 0.410725 2 1.000000
1756815387.979000 -0.851050 -0.253604 1.069321 -0.164688 -0.843155 -0.245759 0.448966 2 1.000000
1756815388.211000 -0.851451 -0.253482 1.069125 -0.177701 -0.816611 -0.255997 0.485834 2 1.000000
1756815388.478000 -0.851949 -0.253233 1.069113 -0.182687 -0.793165 -0.252782 0.523083 2 1.000000
1756815388.979000 -0.852655 -0.252859 1.069099 -0.197102 -0.769024 -0.245866 0.556150 2 1.000000
1756815389.293000 -0.853558 -0.252529 1.068730 -0.209201 -0.738664 -0.262583 0.584518 2 1.000000
1756815389.477000 -0.854112 -0.252335 1.068460 -0.190245 -0.713345 -0.258451 0.623016 2 1.000000
1756815389.911000 -0.854434 -0.252262 1.068205 -0.168054 -0.705396 -0.229466 0.649246 2 1.000000
1756815399.580000 -0.852429 -0.252778 1.068894 -0.214405 -0.689160 -0.237972 0.649968 2 1.000000
1756815399.679000 -0.852428 -0.252725 1.069084 -0.248832 -0.646245 -0.250325 0.676600 2 1.000000
1756815399.746000 -0.852485 -0.252680 1.069191 -0.264754 -0.612671 -0.258208 0.698476 2 1.000000
1756815399.846000 -0.852441 -0.252690 1.069240 -0.282603 -0.575405 -0.264443 0.720496 2 1.000000
1756815399.945000 -0.852447 -0.252730 1.069221 -0.294713 -0.526562 -0.267335 0.751271 2 1.000000
1756815403.538000 -0.009371 0.023061 -0.000483 -0.002078 -0.001712 -0.012824 0.999914 2 1.000000
1756815404.084000 -0.011607 0.031004 0.008125 -0.031868 0.007933 -0.045710 0.998415 2 1.000000
1756815404.316000 0.009680 0.029573 0.026129 -0.055558 0.043142 -0.033996 0.996944 2 1.000000
1756815404.427000 0.034992 0.022352 0.049795 -0.079374 0.080869 -0.001733 0.993558 2 1.000000
1756815404.514000 0.054042 0.012947 0.064882 -0.091799 0.097174 0.039604 0.990233 2 1.000000
1756815404.602000 0.080221 -0.001098 0.080665 -0.103125 0.099481 0.082559 0.986232 2 1.000000
1756815404.844000 0.106383 -0.026858 0.108059 -0.089855 0.092920 0.127514 0.983378 2 1.000000
1756815405.812000 0.071492 -0.028402 0.086590 -0.064476 0.128941 0.106865 0.983767 2 1.000000
1756815406.144000 0.062878 0.003177 0.068275 -0.076592 0.172883 0.096264 0.977230 2 1.000000
1756815407.544000 0.083559 0.021114 0.071711 -0.082977 0.189371 0.135407 0.968978 2 1.000000
