-0.28231 0.0767248 0.871889
0.284017 0.198525 1.18394
0.709344 0.135876 1.4574
-0.104145 -0.0266769 0.821888
0.935777 0.137979 1.94519
0.230544 0.169804 0.490491
0.00937403 -0.00546297 0.0456697
-0.0536245 0.0334038 0.169342
-0.0606676 0.0338639 0.176712
-0.432542 0.114665 0.914669
-0.0585503 0.0289667 0.125019
-0.130451 0.054511 0.204872
-0.444118 0.0851792 0.894773
-0.173332 0.0676601 0.279651
0.00331072 0.0489307 0.178962
-0.376567 0.0753535 0.910809
-0.180727 0.0675672 0.267145
0.365139 -0.0137302 1.01062
-0.0639146 0.0271731 0.14922
-0.0646259 0.027913 0.129241
-0.0660095 0.0221302 0.134767
-0.0513339 0.0185183 0.110842
-0.0609299 0.0199726 0.115702
-0.0879517 0.0314376 0.170339
0.297439 0.191519 0.531687
-0.0954108 0.0620709 0.472909
0.116246 -0.00779515 1.6174
0.470688 -0.0992573 1.04588
0.09688 0.069927 1.43382
-0.297131 0.0740934 0.887563
-0.0911283 0.0447913 0.26355
1.07157 0.659392 1.83222
0.758042 0.440174 1.25678
0.0342349 0.0892117 1.42918
-0.474305 -0.0610936 1.02772
-0.769646 0.253581 1.9867
-0.0659113 0.0389776 0.120592
0.54161 -0.218288 0.997631
0.0759788 0.0587575 0.172969
-0.116619 0.0595036 0.786603
0.380801 -0.157422 1.24915
0.34212 -0.0968967 1.15463
0.734999 -0.0681356 1.33003
0.425235 -0.0989823 0.990448
0.369371 -0.239647 1.15249
-0.58931 0.0341334 0.988121
0.208439 -0.0893907 1.03449
-0.272312 -0.328767 1.03683
0.625836 0.0899276 1.26696
0.577084 -0.0655281 1.1548
-0.379905 0.103424 0.852702
0.00269656 0.0920135 1.47349
-0.295129 0.0915649 0.868402
-0.484541 -0.093972 1.03205
-0.225407 0.0957816 0.917357
-0.183235 0.12549 0.8255
0.0219472 0.0405097 0.24461
0.0268994 0.0456328 0.275714
-0.21627 0.0900629 0.729495
-0.0618444 0.0282858 0.172415
-0.117065 0.0719128 0.154425
-0.403182 0.200636 0.856146
-0.0207705 0.0303812 0.181663
-0.302058 0.126907 0.890683
-0.0615671 0.0298818 0.177214
-0.0400699 0.0347862 0.180476
0.35524 -0.0425518 0.448018
0.385993 -0.246389 0.855304
-0.793076 -0.0751833 0.683037
0.0818861 0.189643 0.621766
1.28421 -0.102616 2.33514
-0.749658 0.00367231 1.05735
-0.0567484 0.0380841 0.178174
-0.0801024 0.0307786 0.169824
0.00237122 0.0407113 0.183007
-0.377878 0.121274 0.961233
-0.223468 0.0934359 0.764288
-0.0989264 0.0788218 0.189217
0.0625263 0.070176 0.172965
0.0754617 0.0586734 0.172836
1.02033e-05 0.0669336 0.175189
-0.0464872 0.00878693 0.104115
0.00419163 -0.00304666 0.0259014
0.0116642 0.00664241 0.0281048
-0.0333825 0.0126335 0.0524946
-0.0598741 -0.0907792 0.26823
-0.0189284 0.0110757 0.0845358
-0.0422272 0.0192985 0.0657172
0.846789 0.0516965 1.64731
0.369314 -0.193896 1.23335
-0.182761 0.0671208 0.272135
0.37598 -0.0101776 1.07487
-0.16441 0.072823 0.288951
0.367533 0.192773 1.11231
0.409468 0.0368231 1.04209
-0.177409 0.0734213 0.268351
-0.58946 0.0402095 0.952075
-0.0966601 0.0511464 0.320981
-0.527292 0.0351914 0.907484
-0.0801034 0.0326227 0.173012
0.0193597 0.169949 0.921257
-0.0916392 0.0251503 0.169259
-0.113198 0.0473374 0.723594
-0.00165829 0.000250691 0.00260059
-0.00464465 0.0663673 0.31821
0.00901508 0.151516 1.36676
-0.126558 0.0582582 0.799815
0.0058835 0.0500252 0.268796
-0.054757 0.0149646 0.100493
-0.181499 0.0645009 0.309209
-0.257693 0.0693407 0.520535
-0.89226 0.459089 2.2817
-0.485884 0.141805 1.02205
-0.0877786 0.0440568 0.171502
-0.176747 0.0777301 0.860013
-0.156133 0.0709945 0.534493
1.06543 0.729817 2.07872
-0.175649 0.0682893 0.274383
-0.0628881 0.0229125 0.123718
0.0850082 0.125084 0.372256
-0.0485613 0.0822078 0.628265
0.190083 0.226539 1.37029
0.00559236 0.0673281 0.278633
-0.428486 0.0981115 0.86292
0.45439 0.0458573 1.15337
-0.566814 -0.249629 1.01752
-0.591129 -0.11693 1.08705
-0.179042 0.081597 0.856987
0.166755 0.216614 1.33432
0.281959 0.14349 0.495687
0.533734 -0.259346 0.847591
-0.572313 0.0840915 0.925906
0.382616 0.201077 1.04314
0.383413 -0.1033 1.28524
-0.651647 -0.074235 1.01243
-0.104685 -0.0190782 0.798483
0.3916 0.00491962 1.08521
-0.0305173 0.0331972 0.181774
0.18095 0.201556 0.793216
-0.396613 0.0892725 0.849382
-0.13351 0.108227 0.809629
-0.47587 0.196776 0.940429
0.200852 0.230453 1.41993
-0.0615188 0.113289 0.828154
0.0362939 0.0560089 0.187811
0.011586 0.0324462 0.233417
0.00183613 0.0410871 0.182983
-0.0702079 0.034495 0.175353
-0.0223823 0.0107175 0.0541068
-0.0888364 0.0427087 0.170824
-0.00412034 -0.00236396 0.00880891
0.00624837 -0.00286635 0.0353981
-0.00283338 -0.00176108 0.00633986
-0.020347 0.0546066 0.215772
-0.0219054 0.00765708 0.0417364
-0.039385 0.0350883 0.180766
-0.00545045 0.0358753 0.182495
-0.100178 0.0402913 0.259641
-0.0752641 0.0265281 0.173015
0.00290075 0.0473709 0.185684
-0.0856386 0.0344361 0.171798
-0.0678207 0.0342783 0.175579
-0.0930966 0.0361433 0.169643
-0.00766456 0.00246522 0.0129572
-0.525545 0.218032 0.936801
-0.0757282 0.0273746 0.165794
-0.0591955 0.0357691 0.877536
0.0219836 0.15247 1.05713
-0.0951794 0.0330306 0.172619
-0.0762551 0.0275975 0.165117
-0.0219936 0.0351388 0.208896
-0.0491223 0.0228249 0.100143
-0.0416471 0.01501 0.080353
-0.0879324 0.0456715 0.171392
-0.0789556 0.0328452 0.172379
-0.16733 0.0791348 0.291772
-0.291772 0.0402383 0.883519
0.162039 0.116822 1.39645
-0.513652 -0.0805427 0.922243
-0.00407638 0.042487 0.183001
-0.0121334 0.0358323 0.180463
-0.655279 0.0367378 1.10072
-0.63362 -0.0708129 0.982574
-0.0133672 0.0429246 0.182741
-0.60222 -0.0137114 0.963727
-0.00528786 0.0331177 0.182885
0.397804 0.0542403 0.868262
-0.737248 0.0405497 1.04654
0.391961 -0.131657 1.02593
0.986224 0.0349192 2.17688
-0.173889 0.076388 0.275839
-0.0828229 0.0408898 0.172836
-0.685018 0.0589656 0.960785
0.00285322 0.0408453 0.183389
-0.659348 -0.184447 0.980511
-0.742854 -0.203534 1.11117
-0.380992 0.104203 0.88073
-0.0632509 -0.266409 0.944892
0.370859 -0.192242 1.23757
0.600408 -0.101988 1.0035
-0.0448239 0.0218473 0.0866285
0.00430701 -0.00886486 0.0548566
-0.013548 0.0430803 0.182466
-0.0866802 0.0314769 0.170989
-0.0636638 -0.110404 1.07466
-0.376277 0.0937541 1.01225
-0.321967 -0.215855 0.767306
0.0464636 0.076866 1.42063
-0.587267 -0.0828034 0.927889
0.363669 -0.224435 1.10471
-0.0835129 0.0390721 0.171854
-0.0901089 0.0400024 0.171094
0.00231904 0.051868 0.195165
-0.069242 -0.226111 1.06565
-0.0593814 -0.0500787 0.826614
-0.174651 0.0765199 0.277812
0.383538 -0.0146381 1.0798
0.59359 -0.141214 1.00297
0.395588 -0.256192 0.886807
-0.45023 0.0666353 0.978773
0.395918 0.0534068 1.00037
-0.525132 -0.0878916 0.91528
-0.124038 0.0796443 0.819067
-0.293858 0.0705489 0.880687
-0.397489 0.0742913 0.931658
0.374389 -0.260974 1.11452
-0.614037 -0.0757895 0.965116
-0.0608789 0.0339245 0.17696
-0.587755 0.0890232 0.953492
0.399956 -0.0413332 1.27944
0.108651 -0.166618 1.58591
0.525679 -0.220092 0.982746
0.546121 0.0506898 1.19938
-0.523463 0.137079 0.895824
-0.0129101 0.0373982 0.183916
0.189057 0.210366 0.820788
0.523445 -0.230171 0.967803
0.361399 -0.257755 0.908781
0.657662 -0.10506 1.1057
-0.00333255 0.0383744 0.182893
0.256293 0.116732 0.453799
-0.601877 0.0948989 0.947969
-0.0135791 0.185874 1.21394
-0.289059 0.0528892 0.888681
-0.015677 0.0457081 0.182711
-0.0804424 0.0399331 0.173042
-0.030455 0.0404858 0.269306
-0.0143889 0.0284503 0.19556
0.54463 -0.105028 1.13419
0.293111 0.136661 0.533003
-0.289536 0.037017 0.872985
0.430788 -0.0926317 0.906369
0.717014 -0.0962473 1.38728
-0.177352 0.0784823 0.853598
0.901604 0.00485942 1.77836
0.398345 -0.036383 1.27241
0.4487 0.0416162 1.0425
0.324832 0.098149 0.568607
-0.552148 -0.104359 1.0047
-0.577943 0.0371823 0.927874
0.196806 -0.0934334 1.1411
0.612233 0.0315969 1.02112
0.0267297 0.0862549 1.41558
-0.065507 0.132866 1.29204
-0.692944 0.184114 1.05133
0.368531 -0.261941 0.91197
0.386593 0.224416 1.25475
0.0222154 0.0830109 0.468595
-0.430303 0.105078 0.908074
0.437835 0.04459 1.01803
0.513806 -0.214057 0.963105
-0.0206866 0.044507 0.181219
0.602713 0.0324717 1.17183
0.041896 0.0987923 1.31553
0.365572 0.221756 0.795164
-0.0292009 0.0385949 0.182094
0.447732 -0.0883852 1.42925
-0.176574 0.0831944 0.837047
0.392851 -0.032049 1.25304
0.389445 0.00759212 1.07583
-0.0688668 0.0543507 1.38616
0.526816 -0.230667 0.972022
0.0432137 0.0788637 1.4261
-0.540478 -0.0179748 0.925777
-0.545021 -0.0204071 0.863703
-0.513244 -0.0877482 0.892741
0.503969 0.076117 1.10591
-0.0249263 0.0347369 0.18219
-0.284176 0.0407948 0.888846
-0.457132 0.0732018 0.987935
-0.514959 0.130721 1.10358
0.371493 0.214098 1.22741
0.128194 -0.0405066 1.67298
0.222564 -0.119046 1.48478
0.370209 0.203034 1.08973
-0.453521 -0.0801112 0.967337
0.2379 -0.0493058 0.526399
0.407988 -0.168574 1.32527
-0.586659 0.030651 0.978957
-0.393359 0.0738066 0.91204
0.114095 -0.0992815 1.48051
0.355792 -0.254227 0.884692
0.767172 -0.0445395 1.48497
0.505234 0.0994174 1.10785
-0.542276 -0.0106805 0.929125
0.45098 -0.108022 1.04849
-0.436197 0.100305 0.8846
0.483291 -0.0893623 0.946639
-0.0600072 -0.293563 0.861026
0.363248 0.203383 1.0783
-0.377676 0.0632629 0.94295
-0.549761 0.0371314 0.940122
-0.550692 0.0971226 0.930572
0.397649 0.214466 1.04456
-0.69218 -0.198748 1.04224
-0.123656 0.0782385 0.828669
0.408383 0.0363779 1.04251
-0.269995 0.078106 0.842846
-0.58705 0.0368296 0.946017
0.142842 0.204641 1.23958
0.417457 -0.137538 1.08744
0.0592321 0.199891 0.572453
-0.68052 -0.123607 0.987691
-0.0791936 0.0449596 0.174623
-0.0284745 0.0377319 0.182326
-0.188771 0.0747573 0.267346
0.0367859 0.0581778 0.18722
-0.277768 0.0799992 0.855115
-0.447395 0.061284 0.940211
0.00373073 0.0446353 0.18416
-0.278324 -0.29062 0.955009
-0.00588449 0.0264678 0.181786
-0.728997 -0.127909 1.05016
0.0976234 -0.159624 1.47216
-0.596147 0.0943596 0.953475
0.389256 0.00622663 1.08731
0.486154 0.0380358 1.1222
-0.557543 0.0847458 0.94378
-0.19132 0.0606952 0.289675
-0.190722 0.0775381 0.267245
-0.0200968 0.0437879 0.18118
-0.00304328 0.038147 0.182504
-0.530096 0.0853057 0.904247
-0.0294557 0.0479752 0.182408
-0.0290722 0.0449871 0.181186
0.0766247 0.180312 0.593268
-0.577187 -0.191075 1.21113
0.282247 0.1408 0.495795
0.594705 0.167775 0.99181
-0.0181876 0.0322971 0.182403
-0.600036 0.132697 0.942184
0.572949 0.0337346 0.95401
0.375486 -0.251277 0.890392
-0.456956 0.0282256 0.980382
-0.548979 0.0762651 0.924121
-0.11995 -0.519613 2.13161
-0.680857 -0.0685574 1.07117
-0.434068 -0.0715552 0.745287
-0.11112 -0.0217708 0.808367
-0.239313 -0.352959 1.08762
-0.035523 0.0430293 0.182608
-0.610173 0.102541 0.957949
-0.0248222 0.0344795 0.181831
0.738577 0.0948143 1.59658
-0.0568281 0.0374875 0.178096
0.0042127 0.0587697 0.197267
0.431313 0.0408196 1.04572
-0.0201466 0.0446514 0.182344
-0.291641 0.0331825 0.753742
-0.00172849 0.0398477 0.159528
-0.0229864 0.0483046 0.183009
0.00262943 0.0545565 0.18439
-0.167605 0.0791656 0.290848
-0.0542651 0.027245 0.178187
0.441546 0.123039 0.740699
-0.00832721 0.0481763 0.193385
-0.200135 0.0899164 0.817646
-0.43623 0.125748 0.909936
-0.437575 0.109754 0.645528
-0.423611 0.106101 0.870729
-0.0280442 0.0449479 0.182356
0.144576 0.150564 1.41485
0.433156 0.0389994 1.05733
0.515083 -0.0937069 1.00772
-0.507452 -0.00697169 1.10889
-0.0287371 0.0303204 0.181161
0.497586 0.116347 1.12413
-0.217382 0.107618 0.788085
-0.0217153 0.0524157 0.195773
1.2644 -0.116479 2.72049
-0.0893679 -0.31336 0.864611
-0.476784 0.119016 0.889491
-0.547391 0.134168 1.05572
-0.149304 0.121004 0.817468
-0.760515 0.0310736 1.01097
-0.0872011 -0.292368 0.817934
-0.741156 0.0377644 1.06454
-0.0613763 0.0293412 0.176749
-0.0536208 -0.171479 1.00688
-0.0396011 0.0349962 0.180881
-0.673687 0.178063 1.02274
-0.0148181 0.0246696 0.183469
-0.215031 0.071917 0.287866
-0.301253 0.122147 0.860419
0.448245 0.12653 0.74741
-0.368192 0.106938 0.794866
-0.167853 0.0697899 0.301612
-0.070617 0.193238 0.832511
0.363564 0.189283 1.09319
-0.783637 -0.126188 0.710443
-0.783405 -0.193306 0.691479
-0.877739 -0.0463896 0.571141
-0.271373 0.0841387 0.22189
-0.60508 -0.202283 0.611891
-0.476945 -0.0779972 1.01076
-0.0496199 0.0217036 0.164191
-0.377917 0.115143 0.977996
-0.567011 -0.0266022 0.906152
-0.568816 0.123545 0.889751
-0.241424 0.0704501 0.371578
-0.567914 -0.104425 1.03341
-0.951435 -0.0777612 1.24823
-0.622002 -0.136426 0.9189
0.186273 -0.150202 1.31805
-0.0287813 0.0306572 0.181175
-0.055318 0.0296501 0.177656
-0.328938 0.12181 0.640606
0.507532 0.0979932 1.10144
-0.333937 0.0814627 0.882681
0.336722 -0.123246 1.58796
0.309774 0.155211 0.476963
-0.746876 0.0299206 0.993939
-0.017939 0.0319398 0.181845
-0.761723 0.00560236 1.0728
-0.361159 0.0960308 0.812995
-0.66014 -0.11726 0.943941
-0.209113 0.107194 0.848528
-0.0244353 0.041437 0.182836
-0.0494218 0.0352287 0.179601
-0.0188215 0.0355435 0.182306
-0.732414 0.036057 1.06053
-0.154133 0.0502474 0.786749
-0.116167 0.0582715 0.813884
-0.297636 0.0849272 0.456393
-0.442593 0.082101 0.914233
-0.544712 0.0789322 0.853161
0.463244 0.0718671 1.02193
-0.585287 0.130041 0.916946
0.293899 0.166817 0.47886
0.31255 0.166717 0.515413
-0.0289205 0.0459818 0.18352
0.144225 -0.233907 1.40268
-0.22396 0.0592616 0.318266
-0.0917411 0.0475112 0.17491
-0.090443 0.027294 0.18371
-0.0851794 0.0495679 0.172962
-0.368522 0.0413336 0.394015
-0.0699362 0.0401845 0.180093
0.00396684 0.0591094 0.197644
0.00231614 0.034213 0.183846
0.469477 -0.256213 1.01367
0.145758 0.204241 1.18394
-0.199401 -0.25695 0.776677
-0.0154358 0.096848 1.50031
0.0909538 -0.31334 2.05803
-0.137124 0.18859 0.794455
-0.0666776 -0.218685 0.986979
-0.392184 0.114402 0.910368
-0.019048 0.0441435 0.182937
0.36926 0.0560773 1.22946
0.333235 -0.24619 0.848724
-0.253555 -0.296211 0.910793
-0.395351 0.0725655 0.930887
-0.0873335 0.0301864 0.168383
-0.428647 0.117498 0.87752
-0.0131406 0.0425642 0.181155
-0.586804 0.0409363 1.00129
-0.0717351 0.0398892 0.174581
-0.0132305 0.0372418 0.182675
0.04683 -0.248341 1.59184
0.472811 -0.100086 1.04977
-0.691589 -0.148211 1.03097
-0.00679602 0.0365535 0.182677
0.281821 0.0970779 0.489952
-0.0514235 0.0350631 0.179489
-0.476919 0.0230161 1.02973
-0.00622063 0.0263179 0.179132
0.428684 -0.256874 1.04162
-0.426847 0.212251 1.04796
-0.101683 0.0349612 0.195365
0.197142 0.180722 0.652987
-0.0296779 0.0267313 0.182895
0.647688 -0.0686519 1.46253
-0.130201 0.0556328 0.85004
-0.0805633 0.0399051 0.172373
0.00458134 0.0544431 0.183159
-0.0926927 0.0289171 0.188956
-0.0914118 0.0250274 0.171088
0.28749 0.100412 0.493395
0.0792434 0.0589963 0.17124
-0.215772 0.10192 0.780114
-0.0211129 0.0517576 0.189752
-0.0720453 0.0396073 0.1744
-0.293001 0.0409858 0.876639
0.00330824 0.0339744 0.18334
-0.100562 -0.0167334 0.80192
-0.0150272 0.0248347 0.183131
0.00172936 0.0421129 0.185238
0.527693 0.0772947 1.10049
-0.0885488 0.0428777 0.171734
-0.216197 0.101355 0.898755
-0.0837447 -0.29939 0.821074
-0.0241736 0.0440586 0.18282
0.362293 -0.0151846 1.00341
0.694317 0.134101 1.34853
0.476114 -0.256672 1.00566
-0.00184591 0.0440323 0.182856
0.384568 -0.199648 1.38304
0.447452 -0.265416 1.07233
-0.0128858 0.0367633 0.181554
0.365418 0.146308 0.667526
-0.603575 0.233029 1.06405
0.00222503 0.0416345 0.183698
-0.0332729 0.0310953 0.180389
-0.00713197 0.0321277 0.18235
-0.0854062 0.0368333 0.171079
-0.18338 0.134598 0.839982
-0.454778 0.137128 0.880823
-0.12951 0.0949189 0.811178
-0.466661 0.189237 0.923441
-0.318645 -0.29819 0.953651
-0.263183 -0.292734 0.909398
-0.298004 -0.107557 0.877846
-0.0909433 0.0469967 0.173127
0.298173 0.168611 0.485336
-0.0645972 0.0269315 0.170329
0.146972 0.119517 1.23975
-0.0606778 0.0346556 0.119974
-0.0293223 0.0269887 0.183118
-0.0325098 0.0270202 0.182131
-0.0227186 0.0271099 0.185718
-0.224816 0.0966891 0.767952
-0.186724 0.0672544 0.937357
-0.0676691 0.0341782 0.175939
0.493569 0.1163 1.11821
-0.0224218 0.0304352 0.18188
0.00370499 0.033949 0.182374
-0.117572 -0.027429 0.871687
-0.118146 -0.0159562 0.829492
0.650692 -0.0883896 1.33031
-0.00362939 0.0471333 0.185168
-0.0605412 0.026433 0.176345
0.583696 -0.140129 0.984765
-0.051345 0.146565 1.26863
-0.0604405 0.0263701 0.176223
0.56172 -0.135399 0.946349
0.117705 0.186245 0.663928
0.372236 -0.118474 1.43538
0.197679 0.0794828 0.267097
0.00432693 0.0300409 0.182938
0.11233 0.0930544 1.33637
-0.0677643 0.0375301 0.175683
0.176226 0.201111 0.777766
-0.603287 0.17586 0.937914
-0.695649 -0.150943 1.03855
0.00338473 0.046768 0.182407
-0.365751 0.0618527 0.912425
-0.349494 -0.292379 0.967004
-0.061663 0.0292465 0.178177
-0.545417 0.151668 1.11307
0.606019 -0.318124 1.23816
0.3674 0.116184 0.646426
0.508732 0.23224 1.05506
0.127521 0.190277 1.36255
0.205732 0.241278 1.46364
-0.287709 0.0510846 0.296358
0.115911 0.177113 0.636279
0.130564 0.207524 0.757546
-0.218608 0.141097 0.769242
-0.138849 0.142233 0.789612
-0.300748 0.105966 0.862254
-0.0223527 0.0263069 0.181443
0.296035 0.155349 0.484417
0.172288 0.183244 0.726824
0.867065 -0.117395 1.68939
-0.668775 -0.0957101 1.06078
0.849428 -0.0740947 1.66581
-0.252799 0.0689555 0.305427
-0.381487 0.120728 0.97409
0.366478 -0.272875 0.953161
0.627271 -0.0327723 1.17738
-0.0565177 0.0351783 0.178049
0.675008 -0.0877602 1.25946
0.256602 0.191863 1.14354
-0.424354 0.10193 0.901584
-0.336705 -0.32944 1.04825
-0.163527 0.0699306 0.293652
-0.0113904 0.0409206 0.182393
0.516089 0.0976741 0.99865
-0.189878 0.0803363 0.83947
-0.52296 -0.179638 1.0961
0.406751 0.216654 1.09273
0.787674 -0.125233 1.60647
-0.0638285 0.029139 0.177316
0.290893 0.138639 0.45978
0.114843 0.183131 0.671038
-0.0149163 0.0247228 0.183086
-0.51655 0.208641 0.985884
0.488059 0.0947187 1.06427
0.536291 0.0986025 1.07633
0.501807 -0.33552 1.21764
-0.172171 0.151116 0.966173
0.0373736 0.0901634 1.19647
0.50911 -0.217102 0.951473
0.480935 -0.254434 0.984553
-0.374148 0.0980945 0.974732
-0.13391 0.101248 0.718783
-0.153828 0.119001 0.857755
-0.305276 0.101739 0.826345
0.654703 -0.0682495 1.4866
0.320371 -0.164236 1.26698
0.00409782 0.0242616 0.179962
-0.278273 0.0644749 0.315384
-0.302531 0.0559933 0.350856
-0.059068 0.123693 0.873604
-0.21886 0.140746 0.770536
-0.00326489 0.0389039 0.183709
-0.0768733 0.0633226 0.370619
0.493338 0.103481 1.09529
-0.377341 0.101889 0.850366
-0.0530659 -0.143588 1.43005
-0.465809 0.208032 0.960462
0.173556 0.1896 0.605192
0.332839 0.261738 0.999005
0.500216 -0.245002 0.791155
-0.600431 0.170072 0.92601
-0.017691 0.0243875 0.169999
-0.285651 0.0736556 0.767377
-0.266144 0.0717174 0.332187
0.245628 -0.108078 1.41455
0.377143 0.110469 0.481031
-0.38165 0.102335 0.815566
0.338364 0.168826 0.476434
0.414016 0.0909377 0.493552
-0.305893 0.178723 0.870809
0.61233 -0.10509 1.03797
-0.015013 0.0414483 0.17572
-0.00484565 0.0445754 0.177935
-0.00399735 0.0275865 0.186991
0.00425186 0.0292 0.18401
0.382453 -0.161386 1.23469
0.404888 -0.167317 1.28764
0.189146 0.193709 0.742495
0.281161 0.144055 0.49357
-0.470334 0.105075 0.937238
-0.0777307 0.0310846 0.173941
0.00370714 0.0263757 0.170922
-0.00713689 0.0321184 0.182145
-0.223418 0.0973837 0.773754
-0.443652 0.164544 0.873839
-0.387914 0.109788 1.02088
0.311005 0.0501775 0.517006
-0.0741455 -0.122617 1.19547
0.0126753 0.0715936 0.79017
0.185168 -0.108989 1.39148
-0.135495 0.131015 0.791206
0.372152 0.225484 1.10763
-0.298112 0.124991 0.875354
0.29489 0.150652 0.510717
0.0898768 -0.137559 1.30935
-0.516397 0.207105 0.986008
0.399542 0.203102 1.25853
-0.062526 0.026313 0.176347
-0.0669512 0.0274222 0.179938
-0.665633 -0.0898668 1.0486
-0.067412 0.0259575 0.17473
-0.366746 0.0940347 0.951274
-0.235723 0.16392 0.781175
-0.307356 0.145555 0.86641
0.510435 -0.269636 1.04667
0.390591 -0.043418 0.492923
-0.282622 0.0782146 0.831187
0.294934 0.0930696 0.512713
-0.15413 0.181729 0.806303
0.113167 -0.0976512 1.46571
-0.199303 0.151639 0.798719
-0.3647 0.182558 0.898849
0.198525 0.219738 0.854469
-0.346474 0.191137 0.940869
-0.22293 0.165629 0.7736
-0.299142 0.110251 0.794937
-0.383409 0.173169 0.896971
0.202376 0.235913 0.894721
-0.652076 0.0245427 1.07921
0.10984 0.0932924 1.31194
-0.254575 0.13875 1.01372
0.347875 0.0551746 0.433696
0.364155 0.105659 0.44878
0.399703 0.0949918 0.471422
0.406584 0.087206 0.473737
0.32129 0.0909334 0.438487
1.07968 -0.00413136 2.17339
0.422119 -0.252612 1.02829
-0.399713 0.160366 0.919042
-0.219435 0.143162 0.774457
0.388942 0.0849678 0.488152
-0.0631645 0.130575 1.24444
-0.382962 0.197666 0.816928
-0.384336 0.123825 0.979972
0.716789 0.151637 0.969288
0.358965 -0.0429357 0.451956
-0.217972 0.127746 0.746591
-0.28452 0.0890847 0.869848
-0.365619 0.0803598 0.830841
-0.418327 0.100122 0.888988
0.682836 0.143902 0.919016
0.694265 0.146434 0.935631
-0.288573 0.106321 0.834822
0.762179 -0.0434273 1.28021
-0.215183 0.110309 0.860882
-0.277769 0.149129 0.932848
-0.444297 0.194961 0.914122
-0.174202 0.143183 0.740189
-0.293011 0.181335 0.870513
-0.289788 0.179324 0.860763
0.404441 0.21582 1.05514
0.593506 0.165604 0.988944
-0.148904 0.165525 0.727857
-0.308978 0.184089 0.782595
-0.405161 0.173746 0.913196
0.364275 0.142424 0.443072
-0.198951 0.0895325 0.847079
0.596664 -0.0507363 1.33471
0.255933 0.0691978 0.849815
-0.116034 0.0601689 0.794581
0.386588 0.0822631 0.485579
0.394471 -0.0432621 0.497098
0.289052 0.146343 0.49247
-0.215849 0.155254 0.75023
0.10727 0.31216 2.70367
-0.232331 0.143366 0.876826
-0.383336 0.195033 0.956334
-0.283294 0.0825845 0.756475
-0.31309 0.150188 0.879812
-0.180679 -0.255149 0.759838
0.630892 0.105974 0.827091
0.135468 0.205007 0.73361
0.3937 -0.263764 0.887204
-0.0477564 -0.0167952 0.63515
0.542812 -0.261684 0.855572
-0.457895 0.0780956 0.984317
0.436586 0.0592258 1.11101
-0.0574227 -0.15055 0.845614
-0.122899 0.103723 0.69708
-0.00594284 0.032332 0.181921
-0.0476727 0.0668587 0.395365
0.0303805 -0.0223711 0.017092
0.497986 0.092253 0.969762
-0.217463 0.143436 0.771505
-0.183594 0.0703481 0.259898
0.47023 0.0935933 1.03572
0.443215 -0.168079 0.468654
-0.144059 0.120079 0.770642
0.592776 0.0303886 0.994475
-0.139135 0.0963344 0.733297
0.498799 0.0656605 1.08926
-0.136482 0.173148 0.751496
-0.383715 0.133298 0.83463
0.480022 0.0937125 1.04693
0.756265 0.0409071 1.67966
1.06982 0.371561 1.83632
0.442748 -0.108709 1.02994
0.583848 0.0299682 0.977431
-0.12828 0.185888 0.78281
-0.347118 0.0426915 0.922618
-0.208954 0.156301 0.817681
-0.286167 -0.254095 0.814812
-0.212003 0.0755768 0.28018
-0.520284 0.141918 0.695723
0.181882 0.250743 1.45719
-0.183445 0.173338 0.776338
-0.294805 0.0588811 0.305628
-0.456208 -0.18853 0.474626
-0.0601224 -0.12409 0.829366
0.281824 0.138642 0.493638
0.421695 0.169549 0.76752
0.296117 0.154618 0.509789
0.0170236 0.107389 0.766516
-0.115298 0.0894534 0.7604
0.0844443 0.162793 0.664891
0.168382 0.19466 0.906583
0.378101 0.0731142 0.47039
0.377621 -0.266575 0.959584
0.558069 -0.13493 0.939624
-0.0583359 -0.09696 0.875189
0.361074 0.143583 0.45206
0.16215 0.163168 1.36481
-0.152178 -0.356124 1.03127
0.393106 -0.262267 0.874992
0.155705 0.160766 1.2598
-0.309977 0.0790564 0.890804
0.37011 -0.119109 1.23223
0.39652 0.0934144 0.467872
0.751704 -0.0878946 1.45868
0.0937745 0.0674283 1.54179
0.789735 -0.0501506 1.53119
0.0909413 0.208872 0.689605
-0.0572545 -0.220544 1.4768
-0.0392329 -0.0782239 0.520649
-0.141119 -0.15411 0.438502
0.0825285 -0.00211301 0.139299
-0.0115601 0.0916312 0.927294
-0.175189 -0.295901 0.868738
-0.0152274 -0.198455 1.22546
-0.0295098 0.0389045 0.251497
-0.134586 0.0615652 0.163959
-0.317381 0.0600242 0.940798
-0.091422 0.187586 0.755938
-0.2261 0.140547 0.879455
-0.0201696 0.0414787 0.868263
0.228212 0.244597 0.774789
0.160487 -0.106342 0.355113
0.373025 -0.248819 0.909132
0.169932 0.192849 0.757343
0.382829 -0.0150394 1.06687
0.527992 -0.218052 0.984768
0.142184 0.143431 1.21419
0.237993 -0.118677 1.46211
-0.388275 0.0528097 0.425756
-0.683441 -0.122018 0.988989
0.341279 -0.0361484 0.975742
0.232374 0.249918 0.793442
0.858683 -0.0996814 1.45596
0.296473 0.132972 0.436682
0.636831 0.0863909 1.62103
-0.592997 0.0395265 0.957741
-0.181736 0.0554653 0.288015
0.167771 -0.0416507 0.29786
0.0193872 0.139639 1.28387
0.445603 0.234683 0.938791
-0.58651 -0.259124 1.06322
-0.460693 0.107161 0.871354
-0.33647 0.0678071 0.628063
-0.0842023 -0.189141 1.88004
0.012856 -0.0544104 0.0814463
0.395536 -0.122588 0.423849
0.371769 0.00627906 1.06213
0.0593419 -0.0532184 0.25294
0.423391 0.00819244 1.17343
0.192795 -0.116413 1.25117
-0.279471 -0.288776 0.917825
-0.0635759 -0.00798092 0.842661
0.45536 0.0376854 1.06099
0.336851 0.19254 0.612455
-0.00106967 0.158457 1.06191
0.801175 0.219959 0.798797
0.0241366 0.127568 1.26774
-0.0532405 0.167198 1.1568
0.29455 0.167781 0.480692
0.20392 0.173383 0.49143
-0.263022 0.060059 0.29516
-0.0132513 0.0368103 0.181852
-0.0776811 0.0427145 0.173846
0.00806307 0.00663554 0.227302
0.327231 0.162422 0.460666
-0.0496476 0.0349761 0.179433
-0.606641 0.0480192 0.984867
0.210805 -0.109335 1.46855
-0.0571153 0.0375061 0.178144
-0.268805 0.0547902 0.390156
-0.165657 0.10945 0.579281
-0.183453 0.0543074 0.28411
-0.310343 0.0522102 0.354906
-0.296838 0.0644782 0.375271
-0.191736 0.0588274 0.301536
-0.0380064 0.0179732 0.158146
-0.727001 0.0164895 1.05302
-0.688431 0.059395 0.96796
-0.261657 0.0997889 0.270009
-0.871773 -0.0819247 0.755517
0.571877 -0.161237 0.620243
0.00931175 -0.134729 0.743033
0.0262869 0.130953 1.01514
-0.0393126 0.0686214 1.48036
-0.262783 0.081343 0.27782
-0.170429 0.0708259 0.304142
-0.107289 0.0935846 0.62072
-0.288683 0.0557245 0.14081
-0.260175 0.0548749 0.124117
-0.266778 0.0879792 0.205424
-0.264375 0.0501053 0.0961068
-0.129827 0.0815826 0.175064
-0.0104428 0.0643157 0.180362
-0.0370272 0.0214932 0.174765
-0.010613 0.0512232 0.183729
-0.168529 0.0803856 0.290591
-0.060033 0.0877018 0.261995
-0.0106133 0.0444956 0.158004
-0.119398 0.0691412 0.151843
-0.0367398 0.0668827 0.18319
-0.126564 0.0763613 0.16649
-0.0302323 0.0664531 0.178598
-0.109702 0.0913214 0.173217
-0.104344 0.0819809 0.20133
-0.139445 0.0987646 0.163463
-0.0361913 0.0670171 0.18264
-0.121833 0.0738135 0.156137
-0.0407228 0.0887357 0.192174
-0.0988888 0.0976786 0.197912
-0.107572 0.0913422 0.178125
-0.0898652 0.0777103 0.171227
-0.0227314 0.0533737 0.183491
-0.0898426 0.078429 0.172891
-0.275013 0.0962129 0.195083
-0.368319 0.0532383 0.22944
-0.548851 0.0308421 0.651808
-0.246358 0.0677325 0.243278
0.114217 -0.0394106 1.54022
0.0472148 0.0640611 0.260821
0.414455 0.0333919 1.03933
-0.642134 0.200033 1.25668
-0.401051 0.125863 0.838936
-0.0251726 0.039901 0.231575
-0.514396 0.193553 0.893408
-0.159201 0.0536045 0.756338
0.542232 0.0770248 1.10674
-0.260389 0.0791861 0.298789
-0.313647 0.0460095 0.254894
-0.255374 0.075058 0.303248
-0.287274 0.0503883 0.293621
-0.352192 0.179297 0.746695
-0.343307 0.198229 0.966763
0.38579 0.220041 1.23394
0.202353 -0.0872783 0.881856
-0.30044 0.189345 0.93172
-0.0873599 0.0306321 0.168899
-0.235927 0.0735254 0.29457
0.305664 0.203739 1.20849
0.467767 0.202066 1.56226
0.595853 -0.10064 0.996005
0.311932 0.133312 0.427071
0.260421 0.176793 0.434864
0.326678 0.221583 0.532733
0.110617 -0.0991597 1.46589
0.00382346 0.0977555 0.972359
0.295082 0.139961 0.510023
0.00649006 0.212653 1.38617
0.376386 0.177348 0.478198
0.38341 -0.24993 0.838711
-0.2733 0.0676877 0.313289
-0.28434 0.0821863 0.314885
0.0537319 0.178464 0.517879
-0.761719 0.200839 1.06257
-0.300387 0.0563015 0.347831
-0.213398 0.0720635 0.283565
-0.0584833 -0.270399 0.893058
-0.0834589 0.0329855 0.171747
-0.19235 0.0784021 0.270588
-0.173233 0.0749521 0.276533
-0.277449 0.0729149 0.314896
-0.768416 -0.132871 0.897964
-0.373996 0.0405182 0.234512
-0.374385 0.0185895 0.268516
-0.399175 0.159393 0.908529
-0.284619 0.0619321 0.504489
-0.0902942 0.0461436 0.171429
-0.110623 0.0640901 0.799057
-0.042793 0.0350919 0.180272
-0.0203194 0.0356292 0.181822
0.000800607 0.0970221 1.54289
-0.783192 -0.04447 0.79227
-0.335366 0.142725 0.957536
-0.526454 -0.0715535 0.529041
-0.26716 0.0837414 0.218304
-0.169393 -0.0279871 0.113417
-0.277263 0.0543942 0.130656
-0.249882 0.0691125 0.148286
-0.0257451 0.0222254 0.164211
-0.259458 0.0958599 0.279103
-0.0266047 0.0245671 0.180614
-0.26805 0.0828509 0.217561
-0.344147 0.0235912 0.269385
-0.34454 0.0563693 0.239336
-0.259458 0.0791279 0.24526
-0.341574 0.05591 0.236684
-0.320183 0.0443986 0.235862
-0.291371 0.044867 0.256966
-0.337727 0.0621864 0.232729
-0.313243 0.0125168 0.268689
-0.36336 0.0331633 0.280258
-0.216686 0.0814287 0.269151
-1.34871 0.608689 2.79835
-0.171271 0.0730917 0.2719
-0.314593 0.0466806 0.254907
-0.180054 0.0811955 0.262324
-0.336087 0.0157696 0.2705
-0.238048 0.0893458 0.236357
-0.597982 -0.201858 0.600974
-0.629963 -0.177768 0.632356
-0.247802 0.0467413 0.144185
-0.797455 -0.127502 0.725171
-0.787308 -0.124867 0.716062
-0.51156 -0.147353 0.501747
-0.54891 -0.186427 0.548427
-0.258932 0.0773289 0.247804
-0.279951 0.0590787 0.26213
-0.0666252 0.0278724 0.176331
-0.531834 -0.0849952 0.916174
0.381581 -0.246626 0.849654
0.646376 -0.176915 0.705294
-0.0564642 0.106568 1.04707
-0.0680026 0.0375054 0.175451
0.0541118 0.179553 0.473291
-0.584022 0.141045 0.91526
0.0853742 0.204254 0.663414
-0.0597964 -0.185332 0.864115
-0.0855224 0.0342782 0.171886
-0.470136 0.169615 0.804395
-0.448849 0.0742958 0.243281
-0.215284 0.0876875 0.236455
-0.253013 0.0576117 0.139616
-0.515346 0.0721825 0.506799
-0.250002 0.0963328 0.171187
-0.235423 0.0725019 0.230902
-0.235103 0.0885988 0.159824
-0.236092 0.0843287 0.178348
-0.522596 0.182729 0.890785
0.374233 -0.265876 0.938613
-0.546251 -0.00897816 0.893392
-0.27998 0.0575392 0.727523
-0.0525304 -0.159271 0.784595
0.0249958 0.216652 1.35901
-0.0479176 -0.233875 0.651982
-0.621548 0.171151 0.918845
-0.532382 0.210022 1.01218
-0.694667 0.154594 0.972277
-0.577143 0.177832 0.905164
-0.238364 0.0661545 0.193675
-0.246195 0.0730177 0.189071
-0.115506 0.0573699 0.151978
-0.0507326 0.0518732 0.141688
-0.115602 0.0571907 0.151651
-0.261057 0.0894559 0.239389
-0.360963 0.0286019 0.252619
-0.0580899 0.0622327 0.177113
-0.302889 0.0484933 0.112887
-0.344993 0.0222272 0.270237
-0.212575 0.0843414 0.233928
-0.247871 0.080134 0.216219
-0.213355 0.0945097 0.231833
-0.035231 0.0558866 0.185339
-0.114466 0.0567143 0.149989
-0.282737 0.0528284 0.136044
-0.935504 -0.159944 0.51354
-0.686377 -0.188656 0.696072
-0.847304 0.0390421 0.566913
-0.929567 -0.0441323 0.504704
-0.973013 -0.0534661 0.543122
-0.723492 -0.0276271 0.877604
-0.715241 -0.112592 0.75729
-0.792898 0.00718961 0.489109
-0.720662 -0.0800831 0.766421
-0.874667 -0.0180318 0.517625
-0.168059 0.0809119 0.28405
-0.28596 0.0774159 0.208798
-0.354553 0.0305865 0.269213
-0.934617 -0.151807 0.511575
-0.772572 0.0938036 0.923919
-0.540171 -0.0988243 0.748271
-0.784644 -0.119578 0.724485
-0.59089 -0.199405 0.592
-0.376914 0.0528983 0.196712
-0.256551 0.0788033 0.201568
-0.6283 -0.155175 0.32702
-0.885321 -0.0488542 0.575683
-0.924496 -0.0556384 0.59856
-0.285678 0.0558278 0.24751
-0.614583 -0.0215182 0.229737
-0.803544 0.0195262 0.424516
-0.797554 -0.00650436 0.529219
-0.618658 -0.0257463 0.734498
-0.299727 0.0496768 0.270695
-0.297861 0.0536065 0.308473
-0.767829 -0.178397 0.414891
-0.296562 0.0466899 0.263327
-0.534568 -0.0297612 0.517556
-0.663398 -0.0351479 0.655299
-0.686597 0.0121006 0.948842
-0.0689913 0.0377527 0.167751
-0.265663 0.0860281 0.239865
-0.0295966 0.0658892 0.177958
-0.0136759 0.0936668 0.2257
-0.0415292 0.0276628 0.204983
-0.184679 0.118831 0.243768
-0.157418 0.109445 0.167826
-0.0409739 0.0917352 0.198615
-0.0841868 0.0977408 0.197224
0.00338357 0.0837852 0.18796
-0.15844 0.110087 0.16991
-0.0792337 0.0689369 0.183136
-0.0108562 0.0822526 0.193037
-0.109264 0.0974854 0.169507
-0.0399047 0.0845308 0.158527
-0.140535 0.0987019 0.163087
-0.112606 0.100656 0.177452
-0.0519502 0.090216 0.193209
-0.226835 0.0670388 0.175265
0.000432475 0.0743988 0.162189
0.000305579 0.0686873 0.191261
-0.0806921 0.102581 0.196318
-0.0408869 0.101439 0.196442
-0.0129052 0.0742442 0.172848
-0.138841 0.0981193 0.16302
-0.133511 0.0585109 0.157008
-0.0405597 0.0934523 0.178661
-0.0606636 0.0801346 0.166871
-0.0124599 0.0570509 0.184264
-0.168517 0.119231 0.18695
-0.0501009 0.086123 0.183893
0.00652255 0.075059 0.151748
-0.125374 0.095159 0.226946
-0.0499264 0.0855799 0.182633
-0.0521151 0.0994271 0.201099
-0.0822217 0.085881 0.196411
-0.133747 0.0628537 0.172911
-0.125546 0.100884 0.154161
-0.140733 0.0719204 0.165341
-0.089788 0.101258 0.144758
-0.347383 0.0148532 0.279178
-0.584167 -0.235261 0.591315
-0.755347 -0.185355 0.666305
-0.317957 0.202099 0.812668
-0.0897508 0.198315 0.79961
-0.0665898 0.195203 0.822716
-0.518295 -0.182477 0.561438
-0.376049 0.0906771 0.26335
-0.296 0.0548801 0.163114
-0.308985 0.102535 0.252014
-0.287526 0.0508842 0.294345
-0.577285 -0.16872 0.634442
-0.280128 0.0544398 0.240618
-0.533589 -0.186516 0.579381
-0.488252 0.13034 0.65539
-0.548093 0.152432 0.749132
-0.540261 0.147914 0.735122
-0.367602 0.0172434 0.261937
-0.458669 0.0146036 0.340735
-0.345902 0.0554201 0.176559
-0.270714 0.076724 0.298572
-0.457062 -0.0835896 0.477961
-0.356159 0.017775 0.288624
-0.384467 0.0559828 0.200411
-0.250531 0.0809224 0.22415
-0.350923 0.0623293 0.222473
-0.338873 0.0194473 0.264483
-0.0429162 0.035477 0.181043
-0.673648 -0.273813 0.949871
-0.026533 0.0270294 0.182436
-0.0909095 0.0280492 0.183042
-0.0850952 0.0490283 0.171809
-0.214501 0.0770258 0.282803
-0.286431 0.0513589 0.291448
-0.248086 0.074429 0.247199
-0.131992 0.104164 0.793044
-0.382339 0.0629027 0.952903
-0.191972 0.101726 0.256145
-0.257191 0.0767715 0.269068
-0.241867 0.073579 0.309211
-0.101866 -0.026283 0.792911
-0.086287 0.0287098 0.165845
-0.168193 0.106749 0.289784
-0.275282 0.0523829 0.232916
-0.365731 0.0315309 0.256592
-0.285289 0.0677543 0.208058
-0.330493 0.0496424 0.232444
-0.223854 0.0848373 0.250335
-0.358271 0.0314841 0.249834
-0.312117 0.0024105 0.226639
-0.32697 0.0496524 0.231432
-0.367977 -0.00376629 0.246832
-0.290526 0.0115457 0.195288
-0.31257 0.0272062 0.294164
-0.169617 0.0818884 0.293565
-0.305938 0.059335 0.235706
-0.278688 0.0464354 0.268956
-0.359333 0.0108366 0.268395
-0.222451 0.0845343 0.250056
-0.438354 0.109368 0.572278
-0.392668 0.053114 0.245079
-0.298738 0.0715712 0.19644
-0.33996 0.0204866 0.265578
-0.266137 0.100441 0.289864
-0.188578 0.181622 0.808175
-0.0690071 0.0379642 0.17269
-0.0712166 0.133686 0.575887
-0.0761813 0.021218 0.170865
-0.248748 0.0669006 0.298466
-0.0769392 0.0285882 0.174114
-0.164418 0.0957371 0.287176
-0.0907186 0.0609755 0.170784
-0.166624 0.0924147 0.290088
-0.285093 0.0503701 0.290224
-0.286943 0.065837 0.295514
-0.0544057 0.0281446 0.176146
-0.213762 0.0609859 0.299301
-0.641803 -0.0730517 0.999454
-0.332538 0.0452424 0.861515
0.0474416 0.163282 0.480852
0.118331 -0.184353 1.80103
-0.0178747 0.0300116 0.181656
0.600706 0.113033 1.21465
0.382517 0.111471 0.514484
0.0716064 0.0812877 0.160572
0.0308433 0.0191479 0.0531879
0.0778326 0.0949063 0.236701
-0.0192516 0.0348798 0.154809
-0.0397689 0.0234061 0.175751
-0.0103483 0.0811519 0.19057
0.629488 0.0295684 1.06006
-0.032854 0.0222541 0.17762
0.00429474 0.0547017 0.183416
-0.196674 0.0805376 0.262525
-0.0525699 0.0238694 0.176972
0.0663193 0.062864 0.135863
0.0706522 0.0613717 0.158968
0.0204832 0.0568177 0.133136
-0.0361263 0.0588373 0.17757
0.0206432 0.057007 0.133684
-0.0770899 0.0417698 0.171086
0.133268 0.0852252 0.232585
0.112985 0.0688711 0.12914
-0.0296761 0.0505039 0.182915
-0.0244833 0.0459186 0.182824
0.796756 -0.182312 0.890431
0.541603 -0.133542 0.552504
0.790409 -0.18567 0.883524
0.683655 -0.164738 0.765675
-0.162759 0.121992 0.351901
-0.0801959 0.05931 0.213083
-0.204374 0.0801257 0.309699
-0.252442 0.0739294 0.238294
-0.344221 0.056371 0.215997
-0.374875 -0.000529764 0.267646
-0.173768 0.00522562 0.0598407
-0.255181 0.0751889 0.24228
-0.176507 0.0708683 0.264172
-0.295717 0.069595 0.193758
-0.32844 0.00158796 0.267061
-0.250664 0.0745932 0.202088
0.00282215 0.0560602 0.184282
0.00417279 0.057945 0.191271
0.00122824 0.076221 0.177288
-0.0411979 0.0888436 0.192989
-0.119689 0.0794128 0.148399
-0.0877544 0.094476 0.168632
-0.111267 0.099666 0.175176
0.00141573 0.0476218 0.184219
-0.109647 0.0782457 0.150625
-0.107502 0.0946124 0.164128
-0.0404408 0.0249046 0.188355
-0.182372 0.101492 0.244466
-0.0115061 0.0364314 0.18391
-0.284642 0.0552484 0.243756
-0.380629 0.0600528 0.240929
-0.197951 0.0816307 0.26641
-0.234343 0.0700313 0.297003
-0.345226 -0.013173 0.231765
-0.612177 0.0114529 0.515524
-0.390877 0.166713 0.812584
-0.117663 -0.017386 0.828954
-0.00746167 0.0516863 0.185443
-0.339715 0.0653321 0.216885
-0.319543 0.0718187 0.213435
-0.0140443 0.0554873 0.185364
-0.165 0.120499 0.536664
-0.225069 0.18912 0.775386
-0.21977 0.149451 0.785057
-0.290316 0.0847893 0.319216
-0.409899 -0.00986548 0.288536
-0.204021 0.0867523 0.263765
-0.329649 0.050655 0.224752
-0.261517 0.0899523 0.233073
-0.310637 0.0454578 0.25271
-0.24248 0.0755556 0.242627
-0.232744 0.0702125 0.226563
-0.361794 -0.00186099 0.254239
-0.22622 0.0866481 0.254807
-0.329192 0.0460749 0.233137
-0.326004 -0.115608 0.970885
-0.497108 -0.0834947 0.857848
-0.289159 0.199939 0.839438
-0.11162 0.0752438 0.180051
-0.241411 0.0703702 0.27314
-0.0593348 0.0794955 0.181235
-0.274143 0.0505882 0.14595
-0.369924 -0.00157039 0.256814
-0.209229 0.0894737 0.263358
-0.311744 -0.00645277 0.234613
0.35985 0.142372 0.446593
-0.0593587 -0.0983694 0.841054
-0.059809 0.0297354 0.176739
0.420789 0.186206 0.84408
0.175271 0.019353 0.584771
-0.0567209 0.0350413 0.178026
-0.0476152 -0.149084 0.678102
-0.0231309 0.0453091 0.15313
-0.107369 0.104091 0.143639
-0.109472 0.100636 0.147598
0.00512738 0.07978 0.164489
0.464197 -0.0886204 0.896636
-0.0837052 0.0389799 0.171765
-0.52456 -0.179022 1.09786
-0.882311 -0.0525371 0.568826
-0.858073 -0.196154 0.470016
-0.308763 0.0511664 0.278728
-0.669453 -0.00329708 0.25527
-0.753418 0.0616761 0.76114
-0.774907 0.134271 0.39841
-0.760909 -0.128606 0.490849
-0.801705 -0.131815 0.517614
-0.605894 -0.180009 0.254724
-0.833086 -0.136087 0.541173
-0.358139 0.0342983 0.280517
-0.621247 -0.184363 0.262964
-0.952937 -0.0500062 0.535305
-0.78745 -0.0438732 0.414829
-0.522726 0.0790262 0.200952
-0.21343 0.0939302 0.22974
-0.873967 -0.199497 0.481158
-0.806886 0.14966 0.340405
-0.634765 -0.187932 0.269738
-0.305652 0.0727176 0.202689
-0.282856 0.0635672 0.183061
-0.77067 0.133125 0.395483
-0.0660357 0.0264103 0.170188
-0.231077 0.047513 0.0790023
-0.0774924 0.0438808 0.175573
-0.224725 0.0448096 0.0751559
-0.788903 -0.131901 0.512136
-0.254003 0.0938402 0.256642
-0.850891 -0.137143 0.474865
-0.660589 -0.0508562 0.662368
-0.264958 0.0689584 0.125956
-0.272697 0.0816174 0.212161
-0.40301 0.00514014 0.323515
-0.079442 0.0481482 0.175343
-0.266298 0.0692074 0.126521
-0.268328 0.0700713 0.127911
-0.30076 0.05641 0.231959
-0.0354209 0.0583418 0.194308
-0.176537 0.116424 0.234101
-0.254176 0.0938354 0.199203
-0.234143 0.0488989 0.0816737
-0.384759 0.0373436 0.357223
-0.279351 0.0554126 0.16301
-0.354111 0.0617911 0.852914
-0.405307 -0.0778222 0.408386
-0.629885 -0.0115344 0.261736
-0.272094 0.0786121 0.1966
-0.277665 0.0865381 0.205515
-0.258799 0.0874526 0.231582
-0.261339 0.0722171 0.141646
-0.234203 0.0480726 0.082069
-0.877895 -0.139047 0.561102
-0.898698 -0.152597 0.491634
-0.695023 0.116755 0.352654
-0.730707 0.0151211 0.379462
-0.81894 0.144476 0.424401
-0.684502 -0.00243629 0.261367
-0.25187 0.0689376 0.303472
-0.724836 0.0142602 0.374573
-1.00371 -0.0623507 0.653294
-0.898206 -0.0379862 0.483233
-0.71275 -0.171826 0.472211
-0.625762 -0.0767456 0.654521
-0.864233 -0.137097 0.501316
-0.617532 -0.0114596 0.254992
-0.817858 -0.138141 0.441581
-0.754948 0.0166588 0.393205
-0.779395 0.00718767 0.541837
-0.805059 -0.0867889 0.428484
-0.595135 0.0347847 0.58229
-0.320365 0.0103142 0.27624
-0.834924 -0.142083 0.452758
-0.617007 -0.0367025 0.606624
-0.254932 0.0701177 0.141099
-0.909997 0.0208011 0.940501
-0.737037 -0.0714595 0.758927
-0.695436 -0.0361028 0.691035
-0.344523 0.0115271 0.252319
-0.709565 -0.00731141 0.302015
-0.525448 -0.00802055 0.885814
-0.702143 0.0203066 1.01653
-0.27499 0.0525896 0.148409
-0.296721 0.0686622 0.216693
0.641068 0.120373 1.30802
0.0367079 0.0580029 0.186132
-0.147347 0.117417 0.801194
0.28333 -0.0186427 0.548249
0.573621 0.0165569 0.955862
0.359322 0.0793125 0.425266
0.0743316 0.0596407 0.174767
-0.0659959 0.062702 0.0936977
0.0340258 0.0844838 0.175183
-0.0112706 0.0846451 0.12848
-0.104225 0.0700395 0.216979
-0.0715 0.0704304 0.109196
0.0560457 0.0672094 0.12324
0.0381423 0.0598409 0.188093
0.0509214 0.0675573 0.119031
0.0747872 0.0590784 0.173185
-0.00534149 0.0453461 0.0774929
-0.0403328 0.0935895 0.12287
-0.0468359 0.0884218 0.100949
0.0505335 0.0623536 0.112322
0.00990741 0.0831421 0.106452
0.106294 0.0895386 0.19751
-0.051743 0.107836 0.133779
0.067331 0.063086 0.113348
-0.0503104 0.101198 0.12328
0.0318633 0.083655 0.172333
-0.0292755 0.0918837 0.11375
0.0690186 0.0847383 0.156556
-0.00695324 0.104246 0.149868
0.0685575 0.0845912 0.155813
0.0411863 0.101145 0.205809
-0.0965435 0.0840638 0.139783
-0.111655 0.100199 0.176037
0.0230548 0.0955008 0.159721
-0.107627 0.0763691 0.146443
-0.00155122 0.0898549 0.141248
-0.0231494 0.100592 0.180214
-0.0130566 0.0761622 0.178649
0.0303273 0.0955767 0.15661
0.0467759 0.133895 0.2556
-0.169229 0.0808629 0.295449
-0.0408747 0.107702 0.210942
0.00783758 0.0973969 0.151611
-0.0742439 0.0911241 0.128043
-0.0103483 0.0915347 0.142781
-0.0383481 0.112819 0.181012
-0.0571744 0.100561 0.141521
0.0256603 0.0951138 0.177746
-0.0400561 0.0908344 0.118042
-0.0762412 0.077154 0.172457
-0.0288288 0.102746 0.15254
-0.0106638 0.102413 0.214511
-0.11135 0.0803428 0.155097
0.0404205 0.0865304 0.163535
-0.0931399 0.0932286 0.180189
-0.0686286 0.0912305 0.104619
-0.00975252 0.106131 0.223503
0.0325031 0.0857299 0.175451
0.0216757 0.144505 1.32595
-0.559163 -0.168038 0.611973
-1.18582 0.0651544 1.05239
-0.558877 -0.167503 0.608082
-0.286779 0.0479011 0.276186
-0.503386 0.176267 0.86142
-0.208971 0.0708896 0.275773
-0.0616083 -0.114677 0.858785
0.0150023 -0.203949 1.2136
-0.238257 0.0675772 0.301115
-0.0183571 0.0468412 0.183858
-0.0496889 0.0351498 0.179024
-0.26552 0.0545696 0.124823
-0.238497 0.0885518 0.172255
-0.257206 0.0704156 0.13655
-0.262189 0.0879604 0.24109
-0.122512 0.0741616 0.158264
-0.255433 0.0476314 0.0913001
-0.270406 0.0641933 0.146952
-0.0780832 0.0678059 0.175495
-0.214822 0.0962884 0.235454
-0.811655 -0.127142 0.742676
-0.377382 0.0548442 0.222468
-0.239489 0.107893 0.161754
-0.220458 0.109223 0.28277
-0.259585 0.0715414 0.140233
-0.342316 0.055285 0.236546
-0.932399 -0.0503377 0.520737
-0.925233 -0.145408 0.604597
-0.386465 0.0543249 0.226293
0.676214 -0.0689592 1.52293
-0.0497608 0.0716845 0.383012
0.133235 0.250144 0.633681
-0.00751479 0.0565623 0.190474
-0.0294979 0.0565822 0.184526
0.0629453 0.0783305 0.144382
0.0773651 0.0616552 0.172288
-0.0301128 0.0688302 0.183661
-0.0694425 0.113557 0.209035
0.0846972 0.058794 0.168566
0.407667 0.0873557 0.47233
0.00429061 0.0561004 0.188034
0.196158 -0.0225072 0.232552
0.154988 -0.0047836 0.180671
0.260327 0.171258 0.4632
0.106858 -0.00525585 0.104517
0.33638 0.144106 0.455957
0.36432 0.0634772 0.451889
0.234823 -0.0206973 0.283578
0.304324 0.1335 0.431045
0.351512 0.0580437 0.688364
0.413475 -0.169756 1.34601
-0.0590463 -0.329419 1.00035
0.00534823 -0.0268213 -0.00706856
0.183145 0.203029 0.794114
-0.179443 0.0775017 0.278906
-0.0548999 -0.21716 0.805759
-0.109377 0.062004 0.151932
-0.14875 0.0785777 0.181576
-0.106718 0.075238 0.143506
-0.304993 0.103718 0.553422
-0.0216476 0.0521013 0.190284
-0.822383 0.0482252 0.996513
-0.0521429 0.0250136 0.18086
-0.0774729 0.0805243 0.179292
0.396 0.0909637 0.467306
0.736328 0.155492 0.990008
0.0842681 0.0587116 0.168226
-0.421624 0.133822 1.05838
0.0564865 0.0726255 0.170888
-0.00573543 0.0489638 0.158036
0.207011 -0.0212804 0.246574
0.217721 -0.0197215 0.261272
-0.0615427 0.0298275 0.17847
-0.182494 0.0655245 0.886145
0.0052708 0.0274936 0.182779
-0.0222314 0.0265374 0.182228
-0.0131873 0.0370662 0.181984
0.574598 -0.0366729 1.11064
0.0434037 0.0947492 0.230231
0.362964 -0.0126956 1.04147
-0.327617 0.0501969 0.269004
-0.486699 0.0190847 0.667452
0.54783 -0.0210552 1.10827
-0.0650313 0.0290549 0.176616
0.348732 0.0975583 0.574681
-0.0211503 0.0482561 0.183231
-0.0301416 0.079007 0.184577
-0.0965592 0.100002 0.14854
-0.0661475 0.035866 0.17671
-0.0762147 0.0691272 0.391452
0.0710161 0.0452605 0.119626
-0.0318021 0.0480204 0.289747
-0.125483 0.0960351 0.883418
0.613222 -0.147123 0.63894
0.490012 0.131767 0.814135
0.578606 0.028708 0.9705
-0.0419705 -0.144424 0.894321
0.112499 -0.170569 1.59879
0.552195 -0.139069 0.615866
0.066258 -0.0299351 0.10631
0.378341 0.143851 0.431241
0.532182 0.289804 0.992139
-0.0881373 0.0498022 0.173915
-0.000419818 0.046874 0.188235
-0.0372594 0.0587476 0.187726
-0.025962 0.0233383 0.16606
-0.10129 0.0653291 0.524569
0.564848 -0.275332 0.911351
-0.21501 -0.313946 0.965618
-0.0225422 0.0263513 0.18038
0.0475961 0.0598699 0.105994
0.0265588 0.10253 0.174957
0.00642464 0.102068 0.226707
0.00724635 0.0809074 0.167738
-0.000169954 0.0606629 0.117386
0.00245032 0.0989347 0.181481
0.0503478 0.0883873 0.163005
0.0703774 0.0944604 0.173657
0.0656803 0.0941405 0.172064
-0.0100114 0.0632637 0.179466
0.0329942 0.0847273 0.173725
-0.015948 0.103647 0.184427
-0.105546 0.101002 0.212178
-0.00622928 0.0905226 0.147038
-0.00268184 0.0853844 0.132939
-0.0185832 0.0912163 0.149499
0.0328883 0.109359 0.209706
-0.0481595 0.0789449 0.182382
0.286491 0.205785 1.21894
0.00133403 0.0333738 0.180471
-0.0775457 0.0290422 0.167684
0.510849 0.266923 1.37032
-0.0119342 0.0322028 0.182436
-0.513698 0.185395 0.888266
-0.21657 0.181107 0.743559
-0.415973 0.0862411 0.884574
0.00833731 0.0363643 0.183754
-0.21418 0.0862508 0.217764
-0.243802 0.0929261 0.20089
-0.219112 0.0884898 0.284255
-0.260795 0.0981245 0.284175
-0.0796398 0.0445784 0.17363
-0.253203 0.0775399 0.284487
-0.265873 0.084192 0.309801
-0.184193 0.112635 0.255086
-0.281872 0.0897011 0.212529
-0.230818 0.111679 0.18145
-0.0025539 0.028271 0.19286
-0.0808267 0.0320222 0.175458
-0.268728 0.0812401 0.227789
-0.0353114 0.0429652 0.182335
-0.263261 0.080867 0.227154
-0.192919 0.0809828 0.264069
-0.085334 0.0404982 0.171371
-0.174327 0.103887 0.317294
-0.330952 0.180949 0.888059
-0.317872 0.0948287 0.87119
0.00372332 0.0583251 0.195139
0.0228375 -0.08128 0.187242
-0.020698 0.0510502 0.197723
-0.188945 0.0839879 0.362605
0.00488643 0.079201 0.16354
0.460197 -0.0523427 1.02826
-0.126702 0.0596897 0.162497
-0.057051 0.0331507 0.19833
-0.0895917 0.0499793 0.184997
-0.0783852 0.0805282 0.181254
-0.0476986 0.0324723 0.241348
-0.116746 0.0614782 0.15127
-0.20692 0.101875 0.224364
-0.0652338 0.0278397 0.111813
-0.0323891 0.033586 0.179662
-0.0863481 0.0481682 0.275135
0.482058 -0.00857153 0.825161
-0.0147201 0.0956018 1.46308
0.36844 -0.249791 0.839037
-0.0182267 0.0322275 0.181973
0.169393 0.11266 1.38954
-0.287699 0.0583256 0.137806
-0.308558 0.0568832 0.168629
-0.259112 0.0733197 0.149545
-0.0336443 0.0251572 0.191259
-0.0808974 0.0487311 0.172442
-0.0115146 0.073581 0.200752
-0.10398 0.0824775 0.202511
-0.0511709 0.0443703 0.14896
0.063926 0.0457352 0.112768
0.0581743 0.0481852 0.108857
-0.0276435 0.0431598 0.183015
-0.0322764 0.0208631 0.168217
-0.0363742 0.0550138 0.183799
0.0860041 0.0558959 1.10042
-0.0901684 0.0506588 0.175623
-0.0313972 0.0348693 0.183251
-0.00186376 0.0581981 0.198668
-0.0263066 0.0255661 0.188644
0.0506233 0.0681044 0.167316
0.594741 -0.100073 0.993708
0.310771 0.106376 0.54544
-0.0887265 0.0425881 0.170598
-0.292331 0.0922026 0.46433
0.377098 0.102151 0.626298
0.137697 0.0462401 0.246764
-0.0905605 0.0622464 0.170669
0.0915702 0.0625547 0.158731
0.14532 0.199249 1.21893
0.084247 0.0572134 0.145568
0.573532 -0.0980347 0.964773
0.0335388 0.0726137 0.187703
-0.188171 0.0711342 0.279844
-0.114962 0.0569831 0.151176
-0.33291 0.205673 0.835128
-0.0296928 0.0530262 0.183393
-0.130362 0.0602943 0.163974
-0.192629 0.0963594 0.243997
0.00198735 0.0790666 0.185602
-0.0299782 0.0787518 0.1834
0.00423491 0.0812742 0.180163
-0.0262038 0.0628698 0.203469
0.712619 -0.156868 0.769395
-0.37627 0.184126 0.819734
-0.0116201 0.0353732 0.180983
0.231296 0.205885 0.742229
0.304663 0.0925699 0.454878
0.313961 -0.228741 0.761567
0.401843 -0.129215 1.0364
-0.190817 0.170737 1.00771
0.832586 0.00893622 1.63699
0.300167 -0.0338027 0.574088
0.0209656 0.109819 0.888934
-0.0368965 0.0234723 0.178223
0.00722842 0.039761 0.175099
-0.0256707 0.0784776 0.184055
0.69325 -0.0992898 1.27841
-0.0180211 0.032405 0.184764
0.581963 -0.0962761 0.977217
-0.0220686 0.0486921 0.162938
0.712458 0.0889758 1.52189
-0.063901 0.0800751 0.182298
0.400175 0.218114 1.20925
0.111104 0.0682855 0.127035
0.0320821 -0.185587 1.14489
0.406393 0.05323 1.02125
-0.0776329 0.0759449 0.224266
-0.0302918 0.0328761 0.181312
-0.217514 0.0866033 0.281518
-0.089058 0.0452086 0.168448
-0.0907209 0.0795443 0.174381
0.389942 0.11701 0.678276
0.311128 0.211022 1.23791
-0.687682 -0.125355 1.00064
-0.0877662 0.0312214 0.171923
-0.404694 0.0699543 0.953131
0.517567 -0.276953 1.10174
-0.0635389 0.0297752 0.177248
-0.0143673 0.044416 0.247775
0.379043 0.181977 0.492147
-0.0916426 0.0668288 0.162711
-0.0990265 0.067236 0.200864
-0.321087 0.0402432 0.977412
-0.896062 -0.0221789 1.17218
-0.752991 -0.131074 0.877707
-0.968638 0.133532 1.18335
0.108011 -0.0415067 1.45418
-0.187403 0.071638 0.266198
-0.234948 0.083049 0.182196
-0.247292 0.0694097 0.365824
-0.0622664 0.0532524 0.170737
-0.210176 0.114733 0.214553
-0.268478 0.0543567 0.244489
-0.0894463 0.0438851 0.166988
-0.0732179 0.0571561 0.172822
-0.49314 -0.0219105 1.08339
0.574468 -0.150098 0.636488
-0.00716963 0.0357027 0.179761
-0.0982163 0.0781817 0.188004
-0.0229719 0.0479693 0.160464
-0.0648456 0.0465773 0.180974
-0.0608053 0.0481002 0.148877
-0.0787391 0.0859306 0.23009
-0.328023 0.178809 0.880119
-0.0626549 0.066653 0.184268
-0.526611 -0.0258346 0.90767
-0.0877248 0.0455831 0.170913
-0.275801 -0.296425 0.923271
-0.00793688 0.0404249 0.183866
-0.0637297 0.0294786 0.176206
-0.0316431 0.0345977 0.184428
0.074728 0.0453366 0.12873
-0.00480891 0.0535108 0.182465
-0.00855518 0.0524145 0.191729
0.433374 -0.0978985 1.01166
-0.0223721 0.057131 0.183485
0.753492 -0.0163576 1.28807
0.469581 0.105766 0.549088
-0.127437 0.0618731 0.146675
-0.21794 0.0797076 0.289288
-0.0804303 0.0396652 0.172752
-0.235567 0.0702398 0.301991
-0.213355 0.092627 0.219072
-0.786865 -0.143877 0.900765
-0.342391 0.147892 0.79011
-0.920196 0.121416 1.12039
-0.397186 0.125468 0.834848
-0.242151 0.0894272 0.285809
-0.115342 0.0589136 0.159953
-0.246597 0.0734576 0.317614
0.101308 0.136257 0.863904
-0.188254 0.0938053 0.24068
-0.0769939 0.0622786 0.165433
-0.11712 0.0586029 0.158578
-0.0278037 0.0483836 0.182892
-0.276627 0.0724585 0.312689
-0.118297 0.0719495 0.145457
-0.11709 0.0623073 0.153091
-0.124551 0.0580632 0.160175
-0.103171 0.0831041 0.203629
-0.21466 0.085201 0.23512
-0.993237 0.0709921 1.0375
-0.810339 -0.138693 0.957653
-0.746943 -0.13849 0.853655
-0.242778 0.0828537 0.250269
-0.0407509 0.0380553 0.290971
0.0407627 0.0607393 0.195129
0.57223 -0.362745 1.32577
0.959707 0.152618 1.03986
0.370996 -0.0429219 0.468247
-0.301483 0.0900058 0.809509
0.497481 -0.156273 0.513913
-0.0413622 0.0275707 0.179398
0.0414882 0.0806734 0.232464
0.0664967 0.0924248 0.692667
0.740301 -0.178966 0.821154
0.642974 -0.150586 0.691001
0.731325 -0.174373 0.815794
0.00452503 0.0819414 0.180143
0.585828 -0.150706 0.652082
0.0839246 0.0923187 0.183231
0.763796 -0.165268 0.83546
-0.0403092 0.0380419 0.1289
-0.0300445 0.071206 0.163967
-0.0508005 0.0462261 0.141794
-0.0630551 0.0411783 0.162051
-0.0488649 0.0445069 0.117111
-0.0413572 0.0435006 0.138641
-0.0617747 0.041748 0.159891
-0.0507109 0.0460304 0.139362
-0.0626249 0.0408973 0.160413
-0.057369 0.0490231 0.146884
-0.0274054 0.0576816 0.165119
-0.0645034 0.043161 0.172026
-0.0435582 0.0786498 0.182002
0.0924662 0.0391567 0.0978426
-0.0780199 0.0315952 0.172814
-0.0632749 0.0788943 0.179886
0.0941693 0.0358234 0.0967997
0.090539 0.0570022 0.159649
-0.0170122 0.0785937 0.183753
0.372944 0.0708072 0.461572
0.12334 0.0342992 0.211899
-0.0300921 0.0504077 0.181599
-0.0362909 0.0250455 0.190015
-0.0576437 -0.169825 0.811291
0.387758 -0.257287 0.881926
0.0452164 0.0717478 0.539333
-0.0852827 0.0334372 0.169954
0.125474 0.0993435 1.44298
-0.249434 0.0875831 0.22962
-0.0904598 0.0467219 0.172944
-0.287554 0.0516203 0.328176
-0.0775268 0.0424608 0.172619
-0.249462 0.0671172 0.299573
-0.271677 0.042238 0.854139
-0.171888 0.0838371 0.329458
-0.307812 0.187483 0.870275
-0.236748 0.081649 0.276431
-0.758724 -0.036547 0.860051
-0.213763 0.156791 0.747602
-0.108407 0.0102753 0.135592
-0.250196 0.0801641 0.154641
-0.603643 -0.0225162 0.95731
-0.249483 0.089214 0.186471
-0.268239 0.0674296 0.271945
-0.261902 0.0656541 0.155333
-0.266056 0.0568672 0.120933
-0.093214 0.211796 0.805776
-0.379146 0.0697676 0.86782
0.00161624 0.207663 1.35293
-0.509556 0.170543 1.00616
-0.329501 0.0226239 0.26491
-0.300055 0.0969085 0.212568
-0.256625 0.0940666 0.154059
-0.268092 0.0883336 0.19482
-0.352781 0.0476509 0.205641
-0.150835 0.0782492 0.299483
-0.0357739 0.0687232 0.185532
-0.209169 0.107118 0.843288
-0.0785905 0.032409 0.171362
-0.194975 0.0870268 0.257917
-0.818921 0.00933213 1.15312
-0.487583 0.131818 0.739346
-0.979723 0.0896234 1.3934
-0.0581818 0.0372411 0.178718
-0.11078 0.0623003 0.15171
-0.518977 0.130234 0.882818
0.666732 0.0877562 1.69014
-0.0201103 0.0864014 0.188702
0.626468 -0.0659506 1.40799
0.415197 0.0560334 1.06509
-0.0553049 0.0414935 0.120785
0.114525 0.074282 0.123647
0.0122708 0.0429717 0.191113
0.0327771 0.0561931 0.344247
0.0507306 0.0881647 0.162964
0.113938 0.0802078 0.122582
0.000336249 0.0852878 0.186931
-0.0119257 0.0638475 0.175235
0.034548 0.0835392 0.192407
-0.00557488 0.0681333 0.210608
0.376004 0.0972333 0.44862
0.0919402 0.0580796 0.162064
-0.0569665 0.040612 0.124696
-0.0481342 0.0800672 0.184333
-0.139514 0.0508984 0.809064
-0.00993605 0.0567916 0.178553
-0.0271932 0.0602393 0.172638
-0.0549102 0.0420061 0.194533
-0.0205999 0.0517842 0.19653
-0.0507795 0.0496984 0.133183
-0.0107249 0.0813023 0.192892
0.00366789 0.0731746 0.189751
-0.018878 0.0709413 0.164339
-0.0566248 0.0434815 0.163076
0.0556204 0.0727924 0.177706
-0.364174 0.0970192 0.951356
-0.0902117 0.0612247 0.170627
-0.0819896 0.0359783 0.185734
0.0330681 0.0867932 0.177642
-0.0125119 0.0375221 0.184929
0.386759 -0.044869 1.24413
0.376649 -0.0425756 0.475393
0.416414 0.0824881 0.515219
-0.247171 0.0621108 0.33604
-0.177288 0.132879 0.818599
-0.252939 0.0827024 0.206796
-0.712598 0.0164096 0.801974
-0.203011 0.107114 0.203793
-0.0502274 0.040004 0.1643
-0.213992 0.106852 0.186852
-0.543698 0.0296391 0.900475
-1.02726 -0.121863 1.32282
-0.0859038 0.0397062 0.173767
-0.261939 0.102536 0.293692
-0.459779 0.205272 0.951608
-0.0206486 0.0292728 0.175476
-0.21746 0.0884273 0.225912
0.00194707 0.030217 0.181288
-0.275814 0.178749 0.783436
-0.192345 0.0744463 0.282798
-0.255955 0.0888242 0.213717
-0.256069 0.0939186 0.181545
-0.255017 0.0787544 0.267065
-0.298775 0.0535295 0.305015
-0.509769 0.0477396 0.57536
-0.847288 0.0639508 0.990827
-0.71742 -0.000908673 1.0148
-0.139208 0.0487613 0.101286
-0.258308 0.0768097 0.307026
0.00297259 0.204369 1.33551
-0.586517 0.139614 0.860904
-0.712964 0.0451748 0.814166
-0.00615025 0.0356247 0.183383
-0.189121 0.0784081 0.259382
-0.256716 0.0761329 0.304505
0.0634831 0.0708803 0.173834
-0.194328 0.119074 0.238376
-0.412863 0.0837471 0.876604
0.380218 0.192898 1.01857
-0.302261 0.0549406 0.349927
-0.0555709 -0.200519 0.836235
0.660815 -0.118186 1.28762
-0.260479 0.193406 0.85788
-0.67458 0.189849 0.99931
-0.568182 0.166834 0.879771
-0.777221 -0.134142 0.91189
-0.263518 0.174484 0.75077
-0.589203 0.0867041 0.952797
-0.73834 -0.0182675 0.950866
-0.945169 0.082778 1.17689
-0.891731 0.0929048 0.95445
0.347997 0.183561 0.938871
-0.266007 0.0601929 0.297857
-0.243014 0.0943269 0.261271
-0.245195 0.0910024 0.227558
-0.213129 0.09304 0.228042
-0.274268 0.10907 0.308242
-0.549918 0.195355 0.937134
-0.260733 0.0959111 0.240434
-0.0350827 0.0721999 0.192298
-0.510846 -0.0866575 0.887428
-0.29117 0.0604515 0.300646
-0.221958 0.0723092 0.212781
-0.0270862 0.0665592 0.182728
-0.189992 0.0900922 0.261489
-0.0840536 0.0359404 0.168
-0.261807 0.0730026 0.689692
-0.0640308 0.0268841 0.169979
-0.236306 0.0764023 0.295377
-1.00449 0.196895 1.30403
0.379686 -0.203617 1.27224
-0.115939 -0.0279111 0.846614
-0.387857 -0.040341 0.811132
-0.0934763 0.0491649 0.170766
0.473609 0.210982 0.952019
0.317396 -0.106124 1.26584
-0.167529 0.0960402 0.297701
0.455503 0.0929504 1.00249
-0.463081 0.175271 0.912108
-0.186529 0.0674521 0.843433
-0.165362 0.0973883 0.287565
-0.266155 0.0626847 0.267895
-0.118057 0.0718813 0.151581
-0.0880655 0.0314911 0.170448
-0.257379 0.0744835 0.251018
0.356599 0.204045 1.18771
-0.39589 0.126831 0.830989
-0.181682 0.0823281 0.263645
-0.12687 0.0611433 0.144997
-0.065519 0.0306087 0.242398
-0.0662452 0.0905612 0.641972
-0.137387 0.0633232 0.167479
-0.199267 0.0814083 0.249718
-0.0918838 0.0256063 0.170202
-0.000801252 0.0672578 0.185573
-0.16808 0.0756331 0.311139
-0.211297 0.0757105 0.27891
-0.36408 0.0958001 0.517901
-0.132612 0.0582301 0.156537
-0.124909 0.0587004 0.161914
-0.0864696 0.0307383 0.17295
-0.277324 0.0733156 0.310015
-0.442338 0.125628 0.886056
-0.233819 0.0718709 0.289783
0.250794 0.0343472 0.205313
0.042694 0.0687794 0.183452
-0.018905 0.0297191 0.19586
-0.230074 0.0951198 0.201847
-0.276886 0.07937 0.295972
0.0993422 -0.162393 1.49898
-0.225061 0.0912543 0.205315
-0.0253834 0.0335175 0.179529
-0.0147939 0.0288952 0.19281
-0.0328739 0.0229091 0.1547
-0.251541 0.0815563 0.220888
-0.590279 -0.00251473 1.01256
-0.471454 -0.0792865 0.908636
-0.324448 0.0444685 0.228368
-0.238788 0.0865324 0.18137
0.529112 0.114365 0.62783
0.296536 0.145788 0.481123
-0.0207315 0.0302918 0.181912
0.500727 -0.0599946 1.02953
1.59094 -0.115393 2.89463
-0.253849 -0.106186 0.76702
0.616536 -0.145569 1.04157
0.348402 0.106089 0.504231
-0.0751153 0.029822 0.173993
0.351723 0.107373 0.508901
0.565147 0.00398868 1.08582
0.188486 0.138055 1.66024
0.00438904 0.16091 1.05603
-0.203057 0.113964 0.277639
-0.311549 0.041951 0.332684
-1.08741 0.0932272 1.05245
-0.361333 0.0375875 0.223453
-0.256904 0.090533 0.178752
-0.111174 0.00259213 0.0637366
-0.0629331 0.0255823 0.173755
-0.245962 0.0744042 0.148292
-0.233989 0.0771525 0.157078
-0.191447 0.109481 0.262653
-0.223489 0.053209 0.11854
-0.248785 0.0692951 0.247568
-0.0521067 0.0253841 0.181503
-0.241153 0.088209 0.183352
-0.272889 0.0840883 0.200857
-0.270335 0.0709881 0.129206
-0.156543 0.0258343 0.248959
-0.826227 0.0369114 1.11514
-0.295364 0.381375 1.57311
-0.216245 0.0859671 0.393883
-0.149827 0.16895 0.799721
-0.162432 0.200889 1.15894
-0.242117 0.0772425 0.297789
-0.264394 0.0844382 0.303595
-0.0546669 0.0293282 0.179264
-0.0848901 0.0495563 0.172942
-0.263637 0.0858383 0.199722
-0.0830098 0.0328309 0.172247
-0.215587 0.101637 0.779097
-0.0629468 0.0324411 0.171354
-0.0907256 0.0614184 0.173465
-0.0499341 0.0511352 0.19335
-0.206276 0.0751877 0.271739
-0.503258 0.0521944 1.09418
-0.17475 0.138905 0.737326
-0.00735987 0.0514022 0.184548
-0.23834 0.0581834 0.335411
-0.448473 0.0790997 0.924825
0.407199 0.0673577 1.33358
-0.607375 -0.0268462 0.965038
0.300732 -0.104606 1.29207
-0.0307223 0.0499715 0.17835
-0.226592 0.0897719 0.218655
-0.00698554 0.0266415 0.185479
0.340543 -0.114624 1.4454
-0.0555274 0.0203214 0.117255
-0.0719496 0.0305558 0.115185
-0.0924008 0.0515636 0.143012
-0.0485847 0.032632 0.211669
-0.234735 0.114196 0.184883
0.345294 0.160182 0.74782
-0.152033 0.17282 0.752893
0.444522 0.0473343 1.02794
-0.17798 0.0751029 0.271821
-0.50648 0.19147 0.880921
-0.210148 0.0663354 0.273972
-0.509009 0.156789 0.776425
-0.61444 -0.088554 0.973475
-0.217431 0.0819239 0.274479
-0.175259 0.118535 0.307629
-0.224647 0.114308 0.193957
-0.180163 0.0735567 0.259827
-0.125814 0.182847 0.779366
-1.04208 -0.0521069 0.967947
-0.929713 0.114224 1.01488
-0.304844 0.0874398 0.496885
-0.254333 0.0784367 0.181129
-0.161013 0.0527979 0.34165
-0.268031 0.0847644 0.203612
-0.256114 0.0706811 0.153857
-0.180299 0.096943 0.276583
-0.132643 -0.00275616 0.0347459
-0.181099 0.0815901 0.268278
-0.276277 0.0791193 0.303388
-0.880735 -0.107245 0.577567
-0.195988 0.0766963 0.279438
-0.65733 0.22592 1.05346
-0.741862 -0.0430205 0.389154
-0.317799 0.0553004 0.180996
-0.294493 0.0603891 0.215102
-0.2663 0.0296675 0.187176
-1.14766 -0.0435546 1.06927
-0.252196 0.0694202 0.141245
-0.188524 0.0895281 0.794368
-0.51874 -0.0873225 0.904305
-0.249764 0.0702011 0.238517
-0.399908 0.0705954 0.929878
-0.218338 0.167379 0.869075
-0.425294 0.119577 0.880404
-0.35795 0.0461157 0.205747
-0.425036 0.100688 0.825231
-0.372869 -0.00132988 0.258605
-0.198037 0.0675061 0.297074
-0.137274 0.0635564 0.166103
-0.248139 0.0832278 0.204396
-0.58096 -0.00767305 0.928769
-0.944457 0.124929 1.15569
-0.631577 0.0525599 0.854253
-0.087477 0.0486363 0.169599
-0.183482 0.129752 0.827897
0.41991 0.0428247 0.978393
-0.283127 0.0960237 0.204408
-0.256735 0.0826353 0.16744
-0.381897 0.0754064 0.919828
-0.240785 0.0779277 0.304034
-0.155749 0.188938 0.437851
-1.06178 -0.0534528 0.99013
-0.234768 0.0591847 0.133331
-0.128257 0.0916824 0.818971
-0.231786 0.0689436 0.29368
-0.261985 0.0706758 0.247448
-0.272294 0.0776308 0.182751
-0.230374 0.0926043 0.254048
-0.345856 0.057017 0.173791
-0.25235 0.0693783 0.153106
-0.223959 0.0943343 0.208536
-0.255012 0.092466 0.179979
-0.388027 -0.00950901 0.268633
-0.205904 0.206285 0.573728
-0.366286 0.060705 0.2311
-0.098269 0.0673387 0.204422
-0.658557 0.135805 0.807842
-0.246044 0.0851187 0.168505
-0.391765 -0.00976579 0.27196
-0.267983 0.0885179 0.20557
-0.277939 0.0754243 0.205226
-0.0557949 0.0282892 0.17336
-0.2551 0.0704231 0.165273
-0.0656311 0.118571 0.747576
-0.285972 0.050289 0.215876
-0.813454 0.00603165 0.564743
-0.133743 0.0472652 0.764899
-0.187524 0.129319 0.266646
-0.261542 0.0768078 0.176712
-0.222834 0.0952521 0.243704
-0.238061 0.0851389 0.207088
-0.220011 0.0799637 0.271005
-0.277929 0.0740736 0.162045
-0.181317 0.0822606 0.2656
-0.0641811 0.100417 0.762955
-0.837762 0.0663874 0.986243
-0.215233 0.110328 0.853881
-0.605657 0.182437 0.950219
-0.0680919 0.18918 0.80429
-0.348783 0.0415542 0.217697
-0.216283 0.0949675 0.223862
-0.0615294 -0.198237 0.8486
-0.258063 0.0879846 0.23432
-0.248246 0.0660844 0.141451
-0.0615674 -0.2126 0.841561
-0.243057 0.0865621 0.183222
-0.241696 0.106935 0.159933
-0.206776 0.0896201 0.269839
-0.969324 0.0748843 1.02337
0.00424967 0.211564 1.38011
-0.328621 0.0485622 0.245694
-0.276979 0.0871509 0.207762
-0.332533 -0.108048 0.906382
-0.277851 0.0435665 0.134444
-0.524902 -0.00210563 0.297792
-0.251328 0.0668105 0.200338
-0.13621 0.116797 0.821446
-0.261821 0.0643228 0.152037
-0.0780646 0.0452554 0.205587
-0.201356 0.10219 0.256903
-0.243447 0.0834177 0.169398
-0.24436 0.0923421 0.179231
-0.948215 0.119426 1.03287
-0.267087 0.0703847 0.128187
-0.451522 0.047303 0.317477
-0.753237 -0.0432402 0.393736
-0.189005 0.044448 0.28299
-0.363956 0.0691419 0.272322
-0.230802 0.0924809 0.254093
-0.225056 0.0859113 0.287171
-0.263025 0.068196 0.12614
-0.23714 0.102396 0.153618
-0.30518 0.0307481 0.182256
-0.834027 0.00956034 0.562986
-0.713587 0.0452941 0.81521
-0.271283 0.100483 0.168257
0.5674 -0.185765 2.40272
-0.711251 0.0477758 1.02964
-0.226721 0.0635838 0.296721
-0.189241 0.113861 0.245918
-0.486031 0.0358482 0.453531
-0.220445 0.21265 0.588135
0.10455 -0.118589 1.55491
-0.208722 0.0621475 0.278293
-0.0806331 0.0318964 0.173069
-0.200751 0.114092 0.227929
-0.242711 0.0881345 0.190288
-0.249878 0.0764213 0.20646
-0.283418 0.0898047 0.248343
-0.117012 0.0492505 0.145319
-0.265643 0.0855146 0.192791
-0.258654 0.0810118 0.238477
-0.184842 0.0996418 0.254002
-0.0248388 0.0346911 0.182057
-0.0243411 0.0409108 0.182728
-0.293662 0.0522077 0.303897
-0.126389 0.0842704 0.812707
-0.000138348 0.216129 1.39191
-0.299999 0.047596 0.267058
-0.203967 0.0926336 0.248342
-0.175978 0.0661189 0.277034
0.359467 -0.123532 1.6869
-0.4045 0.108641 0.602493
-0.1758 0.07251 0.265055
-0.0201557 0.0447223 0.183077
-0.200464 0.0623598 0.284943
-0.220712 0.110329 0.188206
-0.0931779 0.0642576 0.172486
-0.204581 0.105661 0.195448
-0.244127 0.0895803 0.288956
-0.264625 0.0527567 0.242577
-0.0920034 0.0683109 0.165285
-0.216969 0.0752025 0.289591
-0.547967 0.151126 0.83339
-0.603385 0.164006 0.880709
-0.664027 0.176382 0.919136
-0.230539 0.204042 0.763015
-0.694522 0.040525 1.0126
-0.176681 0.0845917 0.276125
-0.196479 0.115892 0.240298
-0.259447 0.208929 0.640634
-0.210839 0.147902 0.765894
-0.0557637 0.0372494 0.178237
0.442439 0.201457 0.402873
0.43791 0.200745 0.400945
-0.0559218 0.0346725 0.176849
-0.0548597 0.0292175 0.179161
-0.0551363 0.028814 0.177127
0.466503 0.0973155 0.392961
-0.170317 0.0741645 0.826212
0.312023 0.175418 0.500033
-0.429668 0.12233 0.875185
-0.209809 0.0634316 0.281215
-0.179742 0.19739 0.786893
-0.060609 -0.213645 0.860966
-0.91629 -0.108641 1.16838
-0.085997 0.04986 0.174146
-0.304456 0.181718 0.774069
-0.517912 0.0838925 0.577284
-0.115323 0.0885496 0.193967
-0.242703 0.0801434 0.2908
-0.251485 0.0780278 0.153647
-0.033311 0.0313536 0.18083
-0.389919 0.124253 0.990686
-0.285718 0.0985794 0.222352
-0.258794 0.0603379 0.144746
-0.460943 0.0344057 0.343841
-0.803737 -0.00821812 0.533593
-0.485397 0.0343873 0.452148
-0.282286 0.0979807 0.22013
-0.810553 -0.0372826 0.566806
-0.729913 0.0663038 1.00464
-0.288541 0.0208189 0.277509
-0.292489 0.0466604 0.330772
-0.393917 0.0535973 0.246774
-0.243337 0.075207 0.148003
-0.130055 0.196437 0.755484
-0.289602 0.066891 0.211448
-0.246087 0.0752915 0.233658
-0.071414 0.0408788 0.162035
-0.192804 0.0618482 0.156411
-0.170509 0.0887625 0.217434
-0.00394508 0.0343345 0.184482
-1.06361 -0.144988 1.0199
-0.756464 -0.0623429 0.977414
-0.759653 -0.134855 0.860609
-0.834454 -0.014557 1.19726
-0.248509 0.049911 0.230356
-0.054477 0.0717877 0.198013
-0.0666412 0.0243437 0.161636
-0.436077 0.126272 0.930466
-0.37951 0.11908 0.971385
-0.205155 0.0643472 0.288868
0.000690877 0.0268165 0.180452
-0.0131277 0.0303676 0.195016
-0.0645133 0.0836832 0.24208
-0.0702468 0.0754809 0.405226
-0.149528 0.0861832 0.236055
-0.0328684 0.0267326 0.181497
-0.656844 0.0064724 0.939244
-0.191214 0.078692 0.261409
-0.944014 0.0836459 1.17756
-0.351476 0.0766479 0.500139
-0.905188 -0.109014 1.15285
-0.263029 0.0927648 0.220316
-0.172301 0.0662983 0.263913
-0.220904 0.14149 0.699554
0.166326 0.170177 1.3446
-0.0591946 0.0297818 0.122455
-0.0589787 0.0297622 0.12289
-0.215547 0.110799 0.196375
-0.260311 0.0770795 0.311867
0.00248725 0.0420331 0.184815
0.23085 0.201601 0.562842
-0.418539 0.214887 1.06576
-0.592854 0.0863755 0.9322
-0.543103 -0.0957764 0.983448
-0.228653 0.0557299 0.344031
-0.137045 0.127386 0.766725
0.369309 -0.195738 1.23227
-0.121366 0.0965908 0.803562
-0.144597 0.120183 0.787207
-0.601658 0.142599 0.947165
-0.0963168 0.0770076 0.405396
0.437247 -0.0259885 1.37125
-0.0602651 -0.131528 0.753751
-0.225453 0.122494 0.639254
-0.210711 0.0614237 0.50892
-0.175522 -0.0306512 0.417777
-0.269335 -0.0267478 0.483075
-0.26377 0.0608198 0.465456
-0.264784 -0.0101632 0.459927
-0.265764 -0.0258832 0.474478
-0.205789 0.0571703 0.536318
-0.19794 0.0516066 0.457398
-0.0405164 0.0333311 0.176043
0.0790136 0.0590078 0.171036
0.148026 0.0145331 0.152203
0.348075 -0.0135453 0.978702
-0.00464624 0.0275974 0.184791
0.563497 -0.0444953 0.364348
0.577249 0.160454 0.389062
-0.000453059 0.0600079 0.18543
0.0550387 0.072772 0.178779
0.0448563 0.0593235 0.18513
0.654867 0.20257 0.393181
-0.00839509 0.0278662 0.181533
-0.0145901 0.0242281 0.182337
0.0909641 0.0608176 0.160048
-0.0773637 0.0299734 0.170156
0.610687 -0.143803 1.03179
-0.0334374 0.0260835 0.178124
-0.0330003 0.0263182 0.179731
0.0547014 0.0858728 0.217357
0.0879928 0.0558266 0.160468
-0.0954113 -0.0213051 0.029057
-0.391017 0.0380768 0.318075
-0.25207 0.100632 0.176476
-0.248627 0.0957936 0.257478
-0.0592641 -0.142364 0.799665
-0.390447 -0.0102719 0.270283
-0.190354 0.187142 0.442982
-0.995369 -0.0188204 0.930689
-0.171223 0.0573574 0.765374
-0.678149 0.125595 0.773431
-0.182082 0.128619 0.82526
0.130193 0.178576 1.32082
-0.830505 0.0609152 0.857651
-0.276993 0.059407 0.168303
-0.396544 0.0361271 0.284477
-0.483113 0.0360097 0.450323
-0.263389 0.0759386 0.144816
-0.174123 0.0757373 0.288611
-0.383252 0.0530087 0.224065
-0.379353 -0.00948391 0.275929
-0.369884 -0.0088149 0.253521
-0.244962 0.0653598 0.145935
-0.263709 0.0568333 0.126349
-0.792616 -0.037591 0.553859
-0.0612288 0.15312 0.88085
-0.153114 0.180349 0.79971
-0.216528 0.0553724 0.149462
-0.357942 0.158012 0.83286
-0.254241 0.0763028 0.18935
-0.238474 0.0853992 0.185842
-0.261638 0.0729854 0.141827
-0.238729 0.10764 0.161865
-0.871817 0.174391 1.04801
-0.177831 0.0764521 0.276494
-0.160554 0.624351 1.77022
-0.342104 0.0640059 0.971784
-0.802969 0.0753558 0.995545
-0.258677 0.0578045 0.288319
-0.213738 0.0956488 0.23332
-0.243261 0.079929 0.197894
-0.241592 0.0872057 0.190816
-0.278498 0.0717444 0.145977
-0.277908 0.0912814 0.239631
-0.585041 0.142176 0.917323
-0.126633 0.0606266 0.144405
-0.237632 0.0875555 0.23489
-0.421494 0.0551993 0.656091
-0.545779 0.196329 0.938682
-0.168659 0.0717847 0.277878
-0.13783 0.141646 0.784724
-0.115949 0.0725131 0.156705
-0.0677308 0.0360754 0.142819
-0.238639 0.0965597 0.247637
-0.0853433 0.0352751 0.171184
0.0807629 0.0536699 1.41654
0.0622563 0.078831 0.187225
0.0369174 0.0577894 0.186796
0.296966 0.144336 0.527959
0.0763861 0.0620805 0.171669
-0.455453 0.0813615 0.947745
-0.353421 0.153651 0.773214
-0.179782 0.0882807 0.324796
-0.259853 0.0784651 0.214524
-0.238171 0.0680598 0.301086
-0.512485 0.134102 0.86485
-0.171447 0.0660502 0.819956
-0.308414 0.146287 0.846187
-0.295506 0.0546071 0.163235
-0.342398 0.0115424 0.25009
-0.244857 0.0859864 0.220938
-0.219455 0.0647638 0.312812
-0.367469 -0.0016767 0.254742
-0.27669 0.0861452 0.223529
-0.249015 0.0777195 0.149076
-0.269908 0.0642379 0.146706
-0.306116 0.0420474 0.23394
-0.127406 0.185115 0.781188
-0.216734 0.150987 0.789655
-0.216765 0.224541 0.620934
-0.200584 0.110221 0.215426
-0.350844 0.0356968 0.274295
-0.070417 0.0299345 0.174235
-0.0778116 0.0351396 0.172555
-0.183631 0.111959 0.253716
-0.355627 0.236667 0.93445
-0.497179 0.0536138 0.354336
-0.75375 -0.127324 0.889868
-0.245994 0.0769326 0.145879
-0.327878 0.00204396 0.315746
-0.403471 0.0698709 0.921235
-0.0617838 -0.0828068 0.885882
-0.240936 0.0742752 0.145809
-0.256082 0.0820461 0.168542
-0.175878 -0.0257707 0.147522
-0.238275 0.083333 0.239707
-0.0496055 0.0350462 0.178511
-0.578524 -0.0125083 0.916336
-0.436068 0.1623 0.807271
-0.103043 -0.0200788 0.0364836
-0.000660488 0.0419931 0.191314
-0.203418 0.0927281 0.82945
-0.116354 -0.0152712 0.820323
-0.272728 0.106784 0.312126
-0.37307 0.156739 0.830998
-0.266669 0.0629242 0.268712
0.303179 0.254221 1.51035
-0.353296 0.0832883 0.487392
-0.0141028 0.0551629 0.184282
-0.19368 0.116444 0.248135
-0.0603265 0.0343017 0.117034
-0.0972353 0.0636181 0.19761
-0.0558687 0.0184268 0.111811
-0.0240033 0.0348778 0.182712
-0.428879 0.0558382 0.412381
-0.23762 0.0881101 0.214151
-0.18927 0.111512 0.262282
-0.597376 0.161822 0.872237
-0.748456 0.169137 1.0547
-0.12625 0.184637 0.78436
-0.289663 0.0905479 0.202204
-0.238212 0.0758055 0.298011
-0.52943 -0.0130964 0.915448
0.112551 -0.159255 1.52769
-0.465254 -0.0786506 0.990395
-0.0279255 0.0256465 0.186121
-0.192286 0.0710057 0.265191
-0.232114 0.0885935 0.18357
-0.362776 0.0956822 0.766889
-0.50449 0.0660971 0.492607
-0.0132578 0.0369392 0.182427
-0.193173 0.11732 0.236018
-0.306029 0.0932605 0.221225
-0.0517932 0.0359568 0.180945
-0.240044 0.089634 0.152376
-0.220027 0.191155 0.764156
-0.0589797 0.0336655 0.175156
-0.0682524 0.0352969 0.175403
-0.315529 0.0332789 0.1586
-0.626923 -0.17734 0.934225
-0.265234 0.0784375 0.216864
-0.190537 0.134862 0.266575
-0.276231 0.0835709 0.218916
-0.24471 0.0972369 0.268526
-0.24756 0.0943037 0.201923
-0.25857 0.0780793 0.306378
-0.259435 0.00348718 0.211516
-0.0581205 -0.00575478 0.305107
-0.220109 0.112325 0.195075
-0.271222 0.0564661 0.125588
-0.385696 0.0698176 0.200291
-0.286478 0.0501594 0.183861
-0.261036 0.061326 0.144037
-0.269197 0.0880918 0.196493
-0.178326 0.0945274 0.266484
-0.293702 0.0815551 0.197141
-0.2706 0.0853196 0.239999
-0.103635 -0.0283028 0.805723
-0.127941 0.0914684 0.77318
-0.274736 0.0577959 0.126092
-0.234367 0.0858648 0.223109
-0.131116 0.0616821 0.16808
-0.315541 0.0426986 0.230602
-0.0852713 0.0348959 0.171924
-0.362276 0.0217621 0.277843
-0.352318 0.0198232 0.268529
-0.821565 0.0478152 0.780602
-0.221497 0.0791636 0.299872
-0.955539 -0.0156124 1.26334
-0.26724 0.0825794 0.324069
-0.210744 0.079655 0.370329
-0.176491 -0.0676182 0.441625
-0.196981 0.0662458 0.328206
-0.178086 0.00394587 0.240646
-0.240088 0.0840616 0.397426
0.430387 -0.070936 1.35398
0.00580564 0.191447 1.42412
-0.21087 0.0734753 0.227313
0.443169 -0.0669058 1.3914
0.0226191 0.0226266 0.954336
-0.214364 0.078191 0.284347
-0.243837 0.0661182 0.239604
-0.356617 0.0231752 0.333622
-0.232163 0.0926328 0.297639
-0.193908 0.0377712 0.27433
-0.2154 0.0775223 0.283999
0.435789 0.248986 1.36845
-0.157635 0.1947 0.840109
-0.167268 0.129356 0.690509
-0.210216 0.0501164 0.215816
-0.242555 0.0576687 0.291318
-0.516811 -0.0944591 0.528534
-0.247438 0.070383 0.288528
-0.799727 0.147682 1.03273
-0.186551 0.074627 0.986814
-0.117878 0.0541525 0.453013
-0.595449 -0.0179503 0.954257
-0.260282 0.0803641 0.351598
-0.928762 0.205882 1.2407
0.518603 0.402899 2.22119
-0.667756 -0.181945 0.832716
0.295703 0.23754 1.39628
0.0625128 -0.0184077 0.16393
-0.0223749 0.0302375 0.180887
-0.168221 0.0791708 0.292313
0.172888 -0.106346 1.47135
0.289627 0.100462 0.528056
-0.0669514 0.0259941 0.173999
-0.00445978 0.0459375 0.16817
0.0989391 0.0366061 0.121706
0.0692218 0.0749415 0.180302
-0.00683282 0.0390393 0.173037
0.109 0.0426919 0.124862
-0.0234693 0.0329728 0.199241
0.133237 0.0128523 0.153096
-0.0539434 0.0218468 0.170138
0.0643754 0.226464 1.61555
-0.297763 0.0740979 0.220416
-0.164967 0.102204 0.275522
-0.216892 0.062638 0.304843
-0.256393 0.100778 0.178391
-0.319725 0.0432961 0.225107
-0.243864 0.0896016 0.226111
-0.305232 0.0278888 0.267625
-0.222276 0.0922438 0.761053
-0.193699 0.104363 0.261236
-0.177931 0.0978331 0.215641
-0.421868 0.12229 0.887451
-0.177983 0.202499 0.480019
-0.243192 0.0843118 0.178381
-0.363171 -0.00227911 0.246191
-0.165059 0.0558096 0.190858
-0.0802349 0.15195 0.658346
-0.312236 0.0775509 0.208196
-0.269256 0.0745665 0.129893
-0.232565 0.0993042 0.151048
-0.05949 -0.20216 0.919092
-0.175324 0.088004 0.830575
-0.0599241 -0.030722 0.807976
-0.281967 0.0655583 0.320494
-0.355027 0.0896171 0.228254
-0.353482 0.0748383 0.215369
-0.207867 0.0952518 0.253974
-0.901605 0.115675 1.09511
-0.259132 0.084704 0.125403
-0.0563713 0.0264142 0.17688
-0.0611235 0.0259859 0.174378
-0.275858 0.0838839 0.456188
-0.839813 0.136597 0.989697
-0.246462 0.069138 0.18958
-0.542933 0.0963365 0.340362
-0.220288 0.0919983 0.244792
-0.249043 0.100505 0.160563
-0.849784 0.0140085 0.599984
-0.195159 0.169875 0.79354
-0.0919255 0.0288049 0.176312
-0.0952233 0.0487861 0.201287
-0.240375 0.0862415 0.186262
-0.245868 0.0829319 0.145577
-0.272487 0.0598088 0.132412
-0.202501 0.186355 0.484591
-0.194145 0.062167 0.295613
-0.196527 0.168283 0.86028
-0.29434 0.0506602 0.287073
-0.235863 0.0861341 0.168819
-0.0666306 0.174619 0.86187
-0.516293 0.13135 0.878754
-0.146468 0.159081 0.700851
-0.182656 0.091012 0.238726
-0.200598 0.124639 0.288027
-0.706795 -0.0092366 1.01727
-0.21672 0.0646884 0.139031
-0.223626 0.0945637 0.210788
-0.249977 0.0846974 0.206689
-0.104199 -0.0159427 0.829554
-0.302896 0.0582575 0.321477
-0.182939 0.0995806 0.278129
-0.214125 0.097732 0.220149
-0.554098 0.00705847 0.920947
-0.303138 0.00284864 0.212553
-0.853166 0.170044 0.904697
-0.202654 0.0856144 0.300182
-0.821263 0.109208 0.996514
-0.224113 0.093022 0.228929
-0.327374 0.0839796 0.221136
-0.31078 0.0492093 0.155055
-0.351884 0.0956538 0.243101
-0.182098 0.0761031 0.267559
-0.477919 0.0232058 0.620638
-0.640265 0.108332 0.744313
-0.250119 0.0986002 0.254277
-0.200985 0.0700798 0.301033
-0.60097 0.0968399 0.960735
-0.381058 0.0420507 0.239919
-0.0875922 0.043715 0.170957
-0.255693 0.0768234 0.301261
-0.187081 0.105684 0.260859
0.0546223 -0.00883943 0.110258
-0.0754089 0.0264878 0.172441
-0.013776 0.0368081 0.181654
-0.0984389 -0.0174551 0.751141
0.0703802 0.142568 1.23514
0.81903 0.192035 1.10443
0.506198 -0.16842 0.544388
-0.0676459 0.0382074 0.175522
-0.0392265 0.0350016 0.180257
-0.0310397 0.0336966 0.182576
0.0082684 0.0290096 0.188623
-0.0730162 0.033735 0.172856
0.342258 -0.0441084 1.08427
0.120596 -0.115453 0.919822
0.18534 -0.107351 0.442034
-0.0680297 0.0633557 0.343928
0.428631 0.153711 0.418161
-0.0253604 0.0341947 0.18072
0.351359 -0.0978669 1.20041
0.354287 -0.150628 1.17672
0.36591 -0.0988 1.23255
0.333656 -0.0195088 1.00635
0.0877509 0.00669895 0.187875
0.0797097 0.0651622 1.3723
0.397117 -0.103952 1.32404
0.064934 -0.0318978 0.187592
0.130324 0.189323 1.3475
-0.448105 -0.0796041 0.878001
-0.0605088 0.026254 0.175592
0.221357 -0.0909065 1.05002
-0.126676 0.0930484 0.792539
-0.162157 0.0131645 0.368246
-0.152605 0.017916 0.310694
0.702862 0.141078 0.970219
0.379417 -0.189889 1.2536
0.691739 0.16634 0.955037
-0.0733343 0.0340608 0.174116
-0.0553041 0.0279679 0.174133
-0.0335888 0.0293446 0.187858
0.110839 0.0717182 1.43427
0.78415 -0.166002 0.861914
0.163325 0.142618 1.37284
0.70311 0.140792 0.969684
0.691817 0.160936 0.948171
-0.0347881 -0.00275337 0.0683323
0.00655207 -0.0167546 0.0762903
0.00730576 -0.0402535 0.220021
-0.0595912 -0.164425 1.00161
0.0336356 0.206833 0.76936
-0.0418719 0.0252308 0.171564
-0.0432491 -0.0145474 0.0581767
0.0298724 -0.00808684 0.0851137
0.404224 -0.0844369 0.527475
-0.0778207 0.0299883 0.168269
-0.0675975 -0.0206696 0.0800008
-0.0685652 0.0320198 0.167562
-0.0676718 -0.0212191 0.0768878
-0.0627681 0.0198954 0.152984
0.337021 0.148464 0.469456
-0.0424355 0.0396037 0.15935
-0.0676665 -0.0212185 0.0768907
0.11543 0.0414216 0.12349
-0.067614 -0.021929 0.0728506
-0.0405351 0.0213326 0.172362
0.0332049 -0.300382 2.03413
-0.0453388 0.0351279 0.180118
-0.0281387 -0.0152901 0.084393
0.41876 0.132575 0.609921
-0.0627365 0.0467516 0.195965
0.0428287 0.0634351 0.186522
-0.0398117 0.0407286 0.866273
0.414188 0.131612 0.603196
0.103392 0.0834703 1.47704
0.259014 0.0724626 0.369949
-0.0555493 0.0286022 0.174741
-0.0357757 0.0310872 0.180389
0.0810264 0.0598945 0.172897
-0.0294827 0.0481262 0.182458
0.436274 0.199873 0.39683
0.496895 -0.155574 0.511592
0.0760986 0.0620823 0.171373
0.0927486 0.00519619 0.122301
0.826107 -0.172543 0.888692
0.191984 0.0384943 0.22141
0.140279 0.0545226 0.138488
-0.0430915 -0.00187482 0.0859296
0.118498 0.0428218 0.125717
-0.016202 0.0236219 0.180088
-0.0441421 -0.00603826 0.0944007
-0.0507731 -0.178419 1.12866
-0.067268 0.0380484 0.175414
0.675758 0.135199 0.932053
-0.0066328 0.0053807 0.124917
-0.0412625 0.0283713 0.179466
0.282925 0.141722 0.4811
0.712396 -0.156091 0.784111
-0.0119678 0.0442966 0.183403
0.00574822 -0.00759103 0.114215
-0.0324892 -0.0185506 0.0594333
0.289511 0.103427 0.532332
-0.0273271 -0.0181625 0.0627653
0.150609 -0.0601774 0.245409
0.0750026 -0.21474 1.24565
0.0401956 0.0710146 0.183101
0.0842476 -0.070447 0.786828
0.95936 0.153477 0.830074
0.967066 0.152714 0.829641
-0.00864723 0.0379666 0.141518
-0.0132758 0.0826949 0.678365
-0.0702388 0.0284996 0.17168
0.0427411 0.0620195 0.18566
0.290837 0.0385955 0.317039
0.191303 0.015037 0.197102
0.192513 0.0157489 0.198519
-0.0119012 0.042427 0.183192
0.19379 -0.151742 1.27203
-0.0174998 -0.019856 0.0634998
-0.0294547 0.0463409 0.182866
0.10723 0.0345714 0.287896
-0.0289919 0.0475627 0.185605
0.0848937 0.0589801 0.168722
-0.0284791 0.0303378 0.181512
0.280998 0.0898842 0.448961
-0.0396842 0.0268702 0.181446
0.0912015 0.0626492 0.166359
-0.0113339 0.0379393 0.183238
0.00566736 0.027161 0.18382
-0.0282573 0.0476482 0.187608
-0.00440493 0.045889 0.183666
0.382074 0.075459 0.47791
1.10055 0.180149 0.995697
0.322149 0.148674 0.478484
0.251735 0.0274806 0.257056
0.122974 -0.0896788 0.917526
0.377441 0.0934697 0.413646
-0.0224379 0.0300657 0.181299
0.265777 0.0741123 0.376815
0.112315 -0.17852 0.987577
-0.0605708 -0.122692 0.916736
-0.0129431 -0.0260037 0.0695019
-0.00696697 0.0412831 0.183234
0.311439 0.136654 1.05802
-0.0601516 -0.120537 0.917213
-0.0605554 -0.048601 0.844136
0.121613 -0.0372562 1.58645
0.0549941 -0.0507385 0.441256
0.294865 0.165412 0.480494
0.238426 0.291232 1.72672
-0.0277337 0.0276529 0.184691
-0.0751761 0.0245935 0.167592
0.11186 0.0401104 0.122825
-0.042089 0.0119523 0.130215
0.241186 0.0831528 0.26666
0.0897261 0.0685001 0.230192
0.0601717 -0.035456 0.27514
-0.0675623 -0.0157094 0.134934
-0.00182641 0.0447008 0.184842
-0.203145 0.0642541 0.283423
0.397733 0.220285 1.26801
0.764701 -0.127721 1.57359
0.036916 0.134825 1.41278
-0.0544688 -0.273106 0.791726
-0.519655 0.087225 0.870059
-0.0572598 -0.250605 0.779768
0.11063 -0.0607961 0.396556
-0.199995 0.096666 0.532286
-0.197386 0.0726864 0.897403
-0.120745 0.183165 0.715865
0.277427 0.0951529 0.48233
-0.20007 0.175223 0.884013
-0.168779 0.130684 0.686285
0.149792 0.13488 0.469575
-0.00837856 0.0333683 0.177409
0.00218752 0.0329131 0.181176
0.00585518 0.0357235 0.187555
0.00293135 0.0261961 0.179747
-0.0283247 0.0445357 0.181557
0.044901 0.0880662 0.255478
0.0020053 0.0399574 0.181998
-0.0604071 0.0254184 0.173258
0.00407951 0.0339464 0.183235
-0.00203765 0.0286321 0.170557
-0.0616941 0.0278055 0.161827
0.0044446 0.0425361 0.187818
0.00591192 0.0356689 0.187906
0.00628141 0.0305953 0.188749
-0.0355098 0.0272999 0.181958
0.450735 0.199168 0.4177
-0.0565413 0.038389 0.177888
-0.0496394 0.0351769 0.179382
0.478946 -0.0467259 0.471655
0.119608 0.0560715 0.131787
-0.0627971 0.0359068 0.978584
0.405314 0.00996355 0.503058
0.115785 0.0686963 0.13397
0.117219 0.0689712 0.135643
0.622666 -0.0212219 0.352079
0.61434 0.149071 0.315464
0.544282 -0.0436042 0.354399
0.59473 0.143638 0.304098
0.591152 0.143285 0.303209
0.648863 0.0940488 0.389097
0.610646 0.0949356 0.310737
-0.00620829 0.0535895 0.18898
0.1328 -0.0372915 0.197257
0.650512 0.0945614 0.38887
0.616614 -0.0207711 0.346775
0.057601 0.0733454 0.174616
-0.035803 0.026286 0.179662
0.178883 0.0570218 0.215886
0.362243 0.103973 0.446037
0.0426469 0.0690226 0.183417
-0.0929505 -0.019428 0.598384
-0.0608113 0.0268321 0.177685
0.336399 -0.151414 1.90925
-0.0286902 0.0398885 0.18153
0.940462 -0.204903 1.0028
-0.0521033 -0.0248041 0.045945
0.227659 -0.151109 1.16589
0.157864 0.0298682 0.199068
-0.023817 -0.0143565 0.081623
-0.0784048 0.0353714 0.173395
-0.0628502 0.0806397 0.429555
-0.0413821 0.0253623 0.173595
0.0522621 -0.00500223 0.119898
0.322909 -0.038237 1.02387
-0.0716221 0.0330848 0.171348
0.285332 -0.115973 1.2677
0.36914 -0.117817 0.969694
-0.0162392 -0.107807 0.578047
0.441252 -0.0898066 0.57474
0.225701 -0.09865 1.07975
-0.036827 -0.000436316 0.112093
0.40063 0.156299 0.42586
