0.404656 -0.315143 1.4208
0.267791 -0.342286 1.56014
0.439435 0.0171995 1.28759
0.101766 0.119167 0.548719
-0.160263 0.101858 0.650407
-0.0742695 0.137112 0.561346
0.472933 0.0216214 1.21467
-0.0637129 0.155604 0.558487
-0.0769296 0.150087 0.53869
-0.236549 0.125473 0.402759
-0.446126 0.34239 0.732875
-0.410968 0.313651 0.623915
-0.190968 0.0806723 0.351611
0.00258611 0.0902458 0.67216
0.518255 0.0224448 1.19315
-0.157255 -0.0226498 0.617447
0.47209 -0.169432 1.32001
0.446599 -0.139111 1.30714
0.465873 -0.0412733 1.24968
-0.118365 -0.0743588 0.641867
-0.112671 0.0884854 0.379227
0.482775 -0.0407181 1.2912
0.552929 -0.150839 1.40008
0.292103 -0.460919 1.55018
-0.109341 0.0844905 0.594242
-0.0520192 0.111289 0.58518
0.509782 -0.151541 1.23053
-0.0648579 0.00689313 0.614652
0.340785 -0.284822 1.49434
0.483699 -0.0725812 1.27518
-0.070069 0.0154722 0.617433
0.435767 -0.27894 1.36757
0.556097 -0.294602 1.19622
0.496189 -0.141277 1.2732
0.591933 -0.100758 1.13533
0.315025 -0.0107996 1.45632
-0.126481 0.0670367 0.573557
-0.0634271 0.155402 0.556034
-0.110368 -0.073485 0.638612
0.3966 -0.165214 1.38057
0.547609 -0.0963656 1.20506
0.46667 -0.122664 1.29812
0.403833 -0.227656 1.40681
0.242232 -0.470109 1.64704
-0.313341 0.217486 0.48341
-0.157209 0.152333 0.319126
-0.138558 0.0963021 0.335471
0.380613 0.0150004 0.980139
0.0296825 -0.114739 0.85573
-0.0262631 0.105901 0.658586
0.00769535 0.0805854 0.715113
0.00539626 0.032626 0.61983
-0.133856 0.254394 1.02644
-0.109387 0.100367 0.467185
0.586322 -0.138753 1.12496
-0.175594 0.138356 0.296901
-0.151489 -0.111658 0.655974
-0.0665948 0.099743 0.588926
0.701436 -0.443469 1.11173
-0.103427 0.117821 0.422908
-0.128592 0.173903 0.52889
0.118422 0.166857 0.485747
0.0824048 0.128486 0.475426
-0.0713488 0.170949 0.4419
-0.0298089 0.0966161 0.182885
-0.121059 0.192867 0.646481
0.0388913 0.124146 0.610064
-0.0503013 0.10922 0.609776
0.0998381 0.199569 1.07638
-0.129465 0.249447 0.998134
-0.179585 0.304355 1.01753
-0.0814265 0.0680502 0.561978
0.104288 0.12079 0.554488
0.0919938 -0.62674 1.95775
-0.0721954 0.0163775 0.60634
0.308178 -0.449616 1.57283
0.451243 -0.329192 1.36316
0.405327 -0.230187 1.41338
0.254437 0.136963 0.499805
-0.0599229 0.144245 0.560044
-0.0751273 0.0760624 0.57292
0.266516 -0.382804 1.59468
-0.0549614 0.109804 0.569489
-0.452854 -1.06039 3.07292
0.461406 -0.0927393 1.29881
0.17115 -0.62016 1.91982
0.464665 -0.0915977 1.30377
0.509646 -0.06521 1.20447
-0.152868 0.0225478 0.641963
-0.0696314 0.0994829 0.587835
-0.144896 -0.101902 0.658406
-0.049263 0.158074 0.586507
-0.0281054 0.0810119 0.599565
-0.153274 0.0157134 0.636127
0.294679 -0.447476 1.6164
0.472583 -0.0416746 1.2673
0.281145 -0.459132 1.56565
0.421477 -0.115852 1.35257
-0.137318 0.150971 0.591636
0.207226 -0.364994 1.48618
0.545264 -0.0928232 1.19918
-0.0457702 0.11109 0.588446
-0.0983686 0.0158047 0.643556
-0.0359469 0.178117 0.605142
0.550744 -0.462215 1.3087
-0.121337 -0.0434946 0.559356
-0.128916 0.0763232 0.615877
-0.0978093 0.0164229 0.641999
-0.07094 0.0996566 0.552953
-0.0976003 0.0166546 0.64218
-0.0905533 0.0873057 0.179004
0.352121 -0.522934 1.53662
0.376608 0.0422596 0.96431
-0.154839 -0.00828242 0.655863
0.254291 0.119272 1.47819
-0.00207894 0.0200524 0.636101
0.372723 0.12822 0.627945
0.500574 -0.142403 1.23918
-0.00729234 0.0520839 0.617696
-0.14722 -0.0977944 0.674703
-0.0557009 -0.0800056 0.609736
-0.101757 0.013457 0.579144
0.651522 -0.2092 1.61675
-0.0706945 -0.0205989 0.647003
-0.0714697 0.020028 0.596224
-0.0105737 0.167714 0.572006
0.579663 -0.350748 1.13429
-0.152957 -0.075531 0.586949
0.645027 -0.283944 1.08929
0.453212 -0.342103 1.3079
-0.845936 -0.400691 1.4948
0.626248 -0.107262 1.08259
0.4832 -0.0646934 1.25957
-0.179429 0.116367 0.243816
0.256676 -0.0064777 1.62288
-0.161413 0.14378 0.313925
-0.130834 0.131035 0.329354
-0.170657 0.112464 0.347137
-0.307912 0.12941 0.584783
-0.325529 0.361382 0.532465
-0.176013 0.0869101 0.385108
0.201689 -0.0557615 1.63691
0.292469 -0.0727672 1.49557
-0.226311 0.173617 0.491297
0.454354 -0.119706 1.2939
0.637455 -0.317918 1.06389
-0.273235 -0.278915 0.906695
0.548685 -0.212186 1.21089
0.573364 -0.311616 1.16553
0.576123 -0.312454 1.16682
-0.219454 -0.0095523 1.12968
0.464346 -0.123469 1.30202
0.379448 -0.33421 1.23674
0.414881 -0.237513 1.37845
0.61342 -0.308897 1.12202
0.452886 -0.119226 1.29464
0.636139 -0.187882 1.03496
0.503677 -0.357983 1.34421
0.644137 -0.322035 1.06837
0.153723 0.158829 0.499378
-0.128667 0.151 0.35441
-0.28246 0.348087 1.25494
0.614907 -0.0327552 1.55273
0.610883 -0.179638 0.99672
0.602235 -0.14179 1.1487
0.0240517 0.0467683 0.741167
-0.1302 -0.109733 0.663117
0.644907 -0.354893 1.12179
0.519788 -0.374301 1.25076
0.609556 -0.30819 1.14558
0.433996 -0.293905 1.38273
0.474321 -0.366251 1.30989
-0.111368 0.00532082 0.5944
0.575548 -0.168152 1.13406
0.427931 -0.294642 1.35418
-0.0463137 0.134378 0.585799
0.460048 -0.253042 1.35534
0.350328 -0.0654846 1.39588
-0.019823 0.138146 0.570503
-0.129625 -0.0392073 0.488943
0.671654 -0.159019 1.0983
0.454564 -0.40029 1.42033
0.625517 -0.231214 1.121
-0.128393 0.0694685 0.323197
-0.111481 0.00775195 0.569804
-0.134856 0.0571286 0.375542
-0.0543568 -0.0128228 0.446182
-0.12708 0.263992 1.04098
-0.162971 -0.0303506 0.654063
-0.068667 0.15637 0.429545
0.473772 -0.172145 1.32652
-0.288218 -0.259383 1.05232
-0.147852 0.138079 0.671664
0.461397 -0.30174 1.45468
0.443788 -0.224044 1.33093
-0.809928 -0.330223 1.66894
0.508809 -0.503515 1.3609
0.0237476 0.0681027 0.707994
-0.057934 0.0714111 0.510085
0.0997505 -0.327838 1.87137
0.530105 -0.382212 1.16006
0.503354 -0.365639 1.24905
0.126167 -0.536708 1.85966
0.0951469 -0.514319 1.92017
0.353053 -0.42286 1.51385
0.26675 -0.491229 1.63717
0.164535 -0.613975 1.91907
0.236231 -0.575893 1.73795
-0.16779 0.0959711 0.692709
0.0255707 0.0542357 0.721778
-0.100935 0.0110532 0.580551
0.0542568 0.138097 0.704396
0.285808 -0.456937 1.54042
0.089639 0.105416 0.373946
-0.0790394 0.0510923 0.418436
-0.233228 0.263223 0.822166
0.288834 0.0401075 0.91367
0.417882 0.0189214 1.17773
-0.0698321 0.102518 0.539692
0.371471 0.141903 0.616068
0.218072 0.0737555 0.758115
0.116693 0.147171 2.31338
-0.0905517 0.120326 0.477679
0.360126 0.141959 0.603496
0.12836 0.134691 0.521007
0.157871 0.0199532 0.682623
0.0495647 0.0641248 0.294753
0.606341 -0.290579 1.1474
-0.703849 -0.427934 1.93112
-0.0487924 0.159067 0.602068
0.0658413 0.0509587 0.815081
-0.244969 0.201612 0.83496
-0.049484 0.0390233 0.629499
0.455447 -0.339514 1.35066
0.0935444 0.117652 0.539006
0.407836 -0.134626 1.26101
0.267154 0.00189115 0.603128
-0.169672 0.147972 0.737101
0.197301 0.0171514 0.886534
0.425611 -0.049784 0.819098
0.377425 -0.200536 1.42996
-1.4618 -0.676234 3.17396
0.873755 -0.622007 1.27093
0.00402464 0.0204209 0.653855
0.0253247 -0.36232 3.89553
-0.0626743 0.0170995 0.375984
-0.08779 0.13619 0.241863
-0.166403 0.159454 0.700098
-0.136335 0.0595872 0.296461
-0.0597025 0.019064 0.527432
-0.148675 0.130809 0.377587
-0.0807881 0.114947 0.377228
0.431217 -0.348247 1.39457
-0.187599 0.0297349 0.563079
0.566696 -0.188297 1.17506
-0.21115 0.12381 0.394915
-0.185016 0.0887478 0.405394
-0.0699584 0.0718148 0.611037
0.336366 -0.297609 1.53944
-0.264263 0.155783 0.46518
-0.0267693 0.182925 0.303584
-0.134934 0.140217 0.286335
0.0360913 0.21049 0.495046
-0.172247 0.138047 0.365641
-0.288691 0.147559 0.435391
-0.350652 0.236892 0.593997
-0.25747 0.157296 0.437936
-0.341626 0.142331 0.504742
-0.132336 0.087383 0.417599
-0.164631 0.157986 0.384977
-0.173352 0.138427 0.370346
-0.561814 0.368682 0.727656
-0.663387 0.52119 0.933567
-0.450604 0.358273 0.673788
-0.1751 0.157729 0.387722
-0.449148 0.369326 0.696719
-0.20437 0.159337 0.435885
-0.3797 0.250011 0.633234
-0.186698 0.188013 0.441419
-0.16144 0.157583 0.388341
-0.196094 0.0862869 0.429635
-0.325799 0.117449 0.542109
-0.20733 0.110983 0.3838
-0.247103 0.142963 0.429949
-0.186182 0.0886311 0.407552
-0.0271392 0.176342 0.301614
-0.206591 0.107127 0.381874
0.0158054 0.160303 0.33738
-0.00521416 0.192782 0.437275
-0.204424 0.131044 0.368494
-0.302673 0.120732 0.490815
-0.215157 0.11954 0.3719
-0.17536 0.178055 0.370328
-0.362602 0.130709 0.57262
0.0105542 0.193564 0.461716
-0.229098 0.146879 0.42196
-0.192608 0.194754 0.488591
-0.240417 0.111368 0.431136
-0.108623 0.179695 0.412186
-0.138447 0.142615 0.395322
-0.184995 0.0819631 0.424708
-0.0962717 0.0552237 0.581897
-0.0367356 -0.0184683 0.628249
-0.115313 0.195526 0.681619
0.0687812 0.167351 0.524723
-0.11326 0.00539248 0.597668
-0.415403 0.0247896 1.16085
-0.13195 0.042039 0.859644
-0.108931 0.118228 0.564129
-0.508127 -0.123757 2.03906
-0.136835 0.118039 0.617083
-0.261576 -0.163604 1.19129
-0.135651 -0.00799522 0.61916
-0.175338 0.0207861 0.666881
-0.0860362 0.0395359 0.529921
0.0846946 -0.121042 0.834166
-0.189986 0.0318256 0.581657
-0.134629 0.154621 0.611937
0.659184 -0.200317 1.06212
0.142326 0.117309 0.955701
0.0392217 0.0739787 0.644796
0.318901 0.0343379 0.97053
-0.0287334 -0.00725513 0.692396
0.0736645 -0.0866328 1.19519
0.472607 0.0237077 1.12377
0.456528 0.0271338 1.09469
-0.0886701 0.199258 0.69539
-0.335251 0.114299 0.54541
-0.159942 0.150261 0.393293
-0.14607 0.0821122 0.358391
-0.213836 0.110259 0.388256
-0.311101 0.363381 0.529944
-0.343753 0.221997 0.571453
-0.178737 0.14152 0.392998
-0.483783 0.237675 0.705615
-0.158285 0.0811109 0.372627
-0.234726 0.143884 0.452659
-0.213851 0.162608 0.281826
-0.31935 0.271604 0.375401
-0.218126 0.305191 1.01482
-0.0533124 0.161788 0.64758
-0.12656 0.216329 0.690257
-0.0692258 0.0333085 0.506167
0.290707 -0.387009 1.65968
-0.0526994 0.186298 0.578208
-0.0441874 0.0944991 0.590082
0.03646 -0.0800585 0.6773
-0.118395 0.00769594 0.613851
-0.0389088 0.162441 0.78946
-0.0935811 0.138947 0.572688
0.329434 -0.398539 1.69679
0.0882078 0.169414 0.468446
-0.0930754 0.0231838 0.594942
-0.0495686 0.152691 0.577123
0.298705 -0.464361 1.55782
0.668919 -0.283715 1.14105
0.302773 -0.26461 1.41558
-0.042639 0.0243051 0.637945
0.550905 -0.164851 1.20132
0.502265 -0.404757 1.27044
-0.109136 0.0131066 0.618578
0.48755 -0.192512 1.32088
0.574869 -0.669436 1.66585
-0.192776 0.100807 0.393816
-0.143248 0.0876076 0.343049
0.196209 0.138107 1.21943
-0.128759 0.0999834 0.347832
-0.195352 0.0868704 0.427328
-0.232567 0.113161 0.407355
-0.156006 0.0905214 0.407918
-0.411905 0.344699 0.611657
-0.207695 0.135124 0.384876
-0.195502 0.175431 0.430698
-0.143493 -0.0984557 0.634961
0.233681 -0.650006 1.64972
0.503731 -0.452862 1.32358
0.51674 -0.466696 1.34727
-0.0747282 0.0482175 0.589567
0.818392 -0.408292 1.22024
-0.0786127 0.0233378 0.619814
0.122259 0.167954 0.494886
-0.340475 0.2762 0.897848
-0.444306 0.26422 1.37754
-0.11764 0.138468 0.302229
0.0810699 -0.0230546 0.951096
-0.364243 0.305915 0.444043
-0.11047 0.122385 0.0848373
-0.149835 0.130167 0.37105
0.249678 -0.476003 1.68206
-0.0315993 0.0161481 0.481197
0.422135 0.0189849 1.12683
0.178565 0.188334 0.631149
-0.167937 0.234363 1.0787
0.490696 -0.17023 1.17681
0.219225 -0.271498 1.63096
0.228179 -0.00561245 1.68427
0.393785 -0.214382 1.45722
-0.224397 0.0715395 0.438751
-0.344546 0.433571 0.757284
-0.300742 0.293218 0.713869
-0.268471 0.103605 0.379247
-0.388768 0.158404 0.615018
-0.43844 0.361652 0.673244
-0.140183 0.12906 0.361946
0.30169 -0.322311 2.12855
-0.222535 -0.66902 2.51577
-0.151719 0.154888 0.338691
0.485028 -0.13368 1.2984
0.422944 -0.126545 1.33662
-0.249618 0.117268 0.421441
-0.227058 0.0560936 0.412394
0.177194 -0.0391123 1.60433
-0.21382 0.0613083 0.492584
-0.303392 0.212487 0.457105
-0.293436 0.202988 0.295305
-0.185331 0.145973 0.176241
-0.139885 0.135096 0.100368
0.183027 -0.580551 1.70214
0.372298 -0.434653 1.52732
0.467585 0.000689772 1.32416
0.405396 -0.122508 1.36637
-0.180519 0.161341 0.576514
-0.192824 0.147873 0.394937
-0.156247 0.141284 0.221981
-0.143836 0.133528 0.172957
0.209374 -0.0682639 1.64656
0.558311 -0.189269 1.18224
0.53118 -0.27263 1.17938
0.225558 -0.269357 1.64465
0.230757 -0.267481 1.61254
0.0486186 -0.482015 1.98988
0.339165 -0.279319 1.47558
0.279827 0.121172 1.57508
0.320056 0.134791 0.539132
0.440438 -0.440127 1.43376
-0.155253 0.0961951 0.608802
-0.126832 0.0714253 0.614113
-0.0844865 -0.106644 0.638258
0.25292 -0.279506 1.54537
0.317898 0.134084 0.536021
-0.0752511 0.0512472 0.612725
-0.130006 0.0748679 0.644747
-0.0462261 0.154314 0.683748
-0.130962 0.145326 0.680425
0.245183 0.0957043 0.604253
0.479996 -0.154802 1.27727
0.482134 -0.283588 1.34079
-0.110509 0.0325795 0.602268
0.603113 -0.28946 1.14508
-0.095415 -0.0349818 0.627568
-1.25662 -0.617579 2.60678
-0.169122 0.153812 0.321545
-0.755875 -0.36468 2.19581
0.289897 0.106068 0.629223
-0.0249737 0.19951 0.738383
-0.105892 0.201476 0.613143
0.214512 0.0925696 0.524284
0.054813 0.155218 0.568397
-0.126212 0.0460442 0.529506
-0.136751 0.0121223 0.356567
-0.132639 0.0159135 0.354873
-0.131746 0.0194728 0.345667
-0.0715039 0.0727362 0.600818
0.124011 0.086862 0.808033
0.463038 -0.141965 1.81053
0.329991 -0.510392 1.52178
-0.158516 0.100228 0.626356
0.42065 -0.130602 1.4095
-0.172838 0.0602493 0.660492
-0.170358 0.169292 0.755598
-0.0679956 0.0101932 0.639087
0.365408 -0.438668 1.51868
-0.306662 0.285377 0.923649
0.43017 -0.350764 1.39458
0.141457 0.161639 0.4986
-0.116141 0.108441 0.520619
-0.125848 0.107576 0.602157
-0.208152 0.191008 1.05939
-0.0303999 -0.0555165 0.598451
-0.187392 0.00151788 0.648399
-0.069187 0.0277456 0.516876
-0.0452654 0.0963486 0.563407
0.484366 -0.282528 1.36335
0.560093 -0.122654 1.12486
0.277497 -0.450321 1.54748
0.169605 0.115298 1.17067
0.415892 -0.200549 1.31298
0.39846 -0.189227 1.42008
-0.0703617 -0.118359 0.646444
0.0980155 -0.129059 0.730418
0.458631 -0.090894 1.29423
0.600296 -0.220301 1.12985
0.543511 -0.085194 1.18454
0.585073 -0.170096 1.13959
0.605269 -0.352422 1.14264
0.486816 -0.476434 1.30999
-0.0743636 -0.0109265 0.610367
0.594407 -0.176321 1.17412
-0.136359 -0.0932654 0.623881
-0.0792242 -0.0975613 0.600716
0.0211096 0.0795526 0.662967
0.236941 -0.395757 1.61529
0.0641851 0.133344 0.733973
0.288207 -0.150688 1.35364
-0.152222 -0.0262245 0.650052
-0.112565 0.00623788 0.588835
0.340338 -0.322158 1.53851
-0.118963 0.0226011 0.585145
0.293535 -0.441601 1.60087
0.333965 -0.386071 1.52755
-0.142571 -0.0685509 0.629166
0.546202 -0.165887 1.19561
0.286914 0.121974 1.61011
0.424815 -0.429464 1.39884
-0.0635524 0.160651 0.577297
0.482767 -0.279162 1.19628
-0.0545543 0.0139378 0.60417
0.497264 0.0187941 1.16702
0.0896283 0.164428 0.515035
0.245508 0.0999321 0.593381
-0.0537848 0.0147895 0.611995
0.465347 -0.401201 1.37096
0.459462 -0.253039 1.3572
0.426832 -0.344823 1.38214
-0.121354 0.0281922 0.585199
-0.147958 0.0897618 0.630149
0.444712 -0.225088 1.3364
0.331509 -0.383039 1.51904
-0.0942659 -0.0482906 0.493689
0.583054 -0.137485 1.18901
-0.119497 -0.0370507 0.541478
0.563431 -0.211117 1.34958
-0.0544773 -0.000384919 0.608098
-0.168353 0.168168 0.299547
0.305529 -0.160739 1.54549
-0.103025 -0.0043932 0.615138
-0.0201154 0.00190311 0.556034
0.000516605 -0.410518 1.88634
0.130945 -0.360955 1.8332
-0.112079 -0.649162 2.41544
0.276551 -0.374471 1.65665
0.303449 -0.430034 1.57593
0.14648 -0.552618 1.72216
0.155982 -0.24808 1.76543
0.238837 0.0229491 1.64216
0.407268 -0.12799 1.38553
0.111064 -0.655691 1.89621
-0.13617 0.123244 0.382004
0.287531 -0.353652 1.55735
-0.139007 0.129452 0.355607
-0.147596 0.131951 0.361922
-0.0206775 0.166574 0.611239
-0.000729566 0.164238 0.657943
0.00221444 0.175121 0.409546
-0.0981488 0.154706 0.490784
-0.195366 0.137939 0.392538
0.0805116 0.163046 0.493848
0.138447 0.115307 0.940138
0.00384494 0.172965 0.39509
-0.187855 0.138487 0.365087
-0.192462 0.15285 0.399492
-0.19069 0.119942 0.40972
-0.367808 0.335028 0.746225
-0.274589 0.154315 0.478932
0.273065 -0.252085 1.58227
-0.393403 0.181456 0.545963
-0.100114 0.176634 0.385631
-0.374145 0.14472 0.604313
-0.254213 0.307823 0.461999
-0.443676 0.416566 0.69675
-0.271314 0.149157 0.472023
-0.106186 0.03152 0.581224
-0.110028 0.116831 0.559224
-0.0269646 0.0304987 0.631049
-0.0684589 0.0987811 0.579103
-0.0841375 0.0491709 0.616829
-0.0275553 0.0808949 0.592534
-0.0588038 0.0813809 0.580803
-0.124169 0.00673168 0.58218
-0.0927359 0.116493 0.556368
-0.0432223 0.0946012 0.582385
-0.120199 -0.0163017 0.60625
-0.134068 0.0523482 0.582145
0.0238017 0.146368 0.728128
-0.16397 0.08938 0.683849
-0.124584 0.0117665 0.59915
-0.0926482 -0.082386 0.573796
-0.0920875 0.0239309 0.59333
0.326385 0.14008 0.542855
-0.139684 0.0860227 0.707062
0.0767607 0.100397 0.64452
0.00387427 0.0931624 0.665977
0.457601 -0.259511 1.62607
-0.0659356 0.105591 0.587463
0.491556 -0.352717 1.42365
0.449577 -0.146929 1.33729
-0.0575104 0.136851 0.555849
0.406318 -0.120495 1.36507
-0.135015 0.117092 0.607772
0.375238 -0.356675 1.45629
-0.0723597 0.0754697 0.594756
0.461908 -0.0839712 1.28722
-0.114812 0.00665795 0.614791
0.47788 -0.2766 1.35557
-0.102157 -0.00501693 0.617966
0.292719 -0.0775868 1.50671
0.538006 -0.245374 1.42072
-0.0546976 0.111963 0.58214
-0.161589 0.0978517 0.654077
0.0256513 -0.102926 0.855198
0.028594 -0.15688 0.833081
-0.0725321 0.0751001 0.584849
0.00364386 0.0883533 0.685868
0.0431304 -0.107229 0.834781
-0.0599682 0.145979 0.564374
0.279885 0.108896 1.57941
0.545503 -0.0923604 1.19617
-0.0778675 0.0589661 0.627362
0.474234 -0.346996 1.4151
-0.0490329 0.153374 0.573216
0.271038 0.139571 0.503597
0.470971 -0.26534 1.34019
0.470119 -0.165513 1.30396
-0.110662 -0.0715074 0.632131
0.198167 -0.277983 1.71372
0.450545 -0.392638 1.41022
-0.10828 0.117758 0.556325
0.529747 -0.385112 1.27201
-0.0596978 0.145407 0.564711
-0.0952928 0.0518784 0.575994
0.477817 -0.190901 1.30586
0.367688 -0.134177 1.46479
-0.0946079 0.116522 0.565031
0.530205 -0.25026 1.35172
-0.0843041 -0.00594467 0.590216
-0.189901 0.00895256 0.662879
0.516614 -0.185228 1.26595
0.210739 -0.538537 1.64007
0.11546 0.125575 0.586477
0.377956 -0.0505273 1.36792
0.0224857 0.156468 0.704993
-0.150091 0.0159181 0.620223
0.374879 -0.20024 1.42003
0.285682 0.00181118 1.56268
0.46707 -0.160938 1.29173
-0.143634 0.202615 0.671045
0.548831 -0.294598 1.1927
0.521352 -0.327156 1.23884
0.21297 0.0403328 0.894618
0.36896 -0.520597 1.57389
0.313028 -0.0112642 1.4463
0.16876 0.151413 0.613285
0.340363 -0.00765561 1.34013
-0.15019 0.0150852 0.6247
0.52433 0.024628 1.20175
-0.129048 0.0761706 0.613397
0.509136 -0.296832 1.24589
0.500158 -0.0413736 1.21898
0.415383 -0.263667 1.35067
0.351063 -0.0133342 1.58485
-0.0994794 0.0874555 0.57653
-0.0693807 0.0152175 0.61311
0.22053 -0.0982897 1.59347
-0.0757843 -0.108671 0.632814
0.384295 -0.0889003 1.528
0.278664 -0.13374 1.595
0.127432 -0.352032 1.8136
0.195222 -0.267852 1.64428
0.204581 -0.175924 1.63355
0.424457 -0.117628 1.35413
0.0236348 -0.161776 0.9504
-0.049009 0.154957 0.579888
0.252743 0.136117 0.495465
0.388606 -0.186347 1.40524
0.199483 -0.4306 1.74644
0.218745 -0.553663 1.69089
-0.0456463 -0.0250901 0.622575
0.393573 -0.0837733 1.39166
-0.0399607 0.0800389 0.6071
-0.0151446 0.177886 0.605857
0.364953 0.0378813 1.47427
0.143645 -0.441453 1.79037
-0.0048723 -0.106489 0.743701
-0.169823 0.046176 0.645494
0.348237 -0.0836044 1.41722
-0.115358 0.0127511 0.588939
0.0596652 0.17045 0.511467
0.0903928 0.172514 0.525044
-0.0497809 0.152851 0.568693
0.247939 -0.603678 1.81854
0.0876127 -0.608775 1.90259
0.48029 0.021514 1.22227
-0.0317315 0.120649 0.596096
0.210682 -0.181157 1.66046
-0.0630317 0.00770966 0.603733
-0.0991889 0.0870122 0.578114
0.456132 -0.250033 1.34408
-0.0448563 -0.0247439 0.616384
0.501237 -0.154976 1.26882
0.155415 -0.358605 1.72445
0.196249 -0.610517 1.77033
-0.100363 0.155861 0.544962
0.304964 -0.281754 1.68106
-0.093878 0.0525688 0.55759
0.470978 -0.345531 1.35117
0.332514 -0.529079 1.54271
0.393572 -0.086777 1.35895
0.30192 -0.363931 1.56143
-0.0354953 0.00116396 0.572567
-0.134434 -0.00566567 0.646394
0.270756 0.141078 0.506559
-0.129426 -0.004046 0.616742
0.471593 -0.401645 1.33231
-0.103535 0.0633961 0.243013
-0.0848657 -0.0353384 0.611506
0.602508 -0.350272 1.67779
-0.101469 0.0886284 0.57788
0.582461 -0.298403 1.11945
0.530068 -0.171117 1.23059
0.592828 -0.156306 1.1222
0.0961847 0.165565 0.46402
0.505564 -0.0627994 1.19201
0.227943 -0.39943 0.822
0.402063 -0.163918 1.38317
0.092091 -0.508434 1.90771
0.69958 -0.271293 1.03817
0.552007 -0.383021 1.19399
0.230688 0.0234214 1.63525
-0.0760084 -0.606995 2.26771
0.383657 -0.0820355 1.36616
0.190443 -0.269847 1.6889
0.318375 -0.372713 1.53022
0.417736 -0.226612 1.34118
0.287306 0.00362235 1.55578
-0.0163242 -0.588125 2.05701
0.4707 -0.303808 1.329
-0.140439 0.171836 0.283793
-0.151506 0.195016 0.400083
-0.146911 0.110151 0.420521
0.129952 0.00830323 0.950987
-0.224566 0.135835 0.433776
-0.120203 0.0829177 0.655556
-0.123292 0.16433 0.358163
-0.157495 0.147457 0.363276
-0.114178 0.131433 0.368982
0.240723 -0.399153 2.73361
-0.289043 0.264544 0.501185
-0.110768 0.148358 0.323851
-0.178063 0.104169 0.416685
0.0350828 0.208007 0.537887
-0.128848 0.147405 0.251291
-0.128929 0.147986 0.266054
0.102472 0.214322 0.650821
-0.123361 0.1594 0.303476
0.191859 0.191484 0.642101
0.238912 -0.274498 1.63486
-0.16648 0.127419 0.612576
-0.61087 0.154094 1.43124
0.502681 -0.142872 1.2428
0.546465 -0.127471 1.22635
0.401418 -0.119212 1.34934
0.45899 -0.141889 1.32389
0.428273 -0.20372 1.36998
0.419753 -0.120329 1.35246
-0.122896 0.0469817 0.517137
0.553386 -0.188881 1.17756
-0.143095 -0.01026 0.607252
0.601184 -0.220788 1.12745
0.691429 -0.34062 1.08002
0.585722 -0.0978013 1.12085
-0.324723 -0.186165 1.62947
-0.190754 0.101905 0.788513
0.0927477 0.161612 0.450581
-0.143553 0.171125 0.615024
-0.139717 0.0935185 0.25028
-0.0181354 0.131808 0.247131
-0.249136 0.257039 0.685178
-0.123118 0.0512238 0.26736
0.0615235 0.167929 0.911336
-1.26863 -0.561902 2.71599
0.48073 -0.552216 1.42201
-0.535395 -0.201394 1.46418
-0.0574413 0.00882699 0.405302
-0.0984706 0.0504024 0.369662
-0.101457 0.125609 0.276699
0.0356272 -0.219002 1.00631
-0.821729 -0.287318 1.69041
-0.358102 -0.165518 1.59615
-0.123712 0.0203199 0.32846
0.658522 -0.276618 1.12258
-0.208636 -0.0835144 0.610109
-0.179038 -0.0534701 0.672439
-0.12841 0.0904905 0.269183
-0.0648748 0.106297 1.00776
-0.142057 0.043592 0.300384
-0.146706 0.0281608 0.511297
-0.144974 0.0211132 0.651324
-0.124301 0.0298984 0.597562
-0.151651 0.0228997 0.632425
0.157186 -0.584608 1.81152
-0.0837153 -0.10262 0.614729
0.160627 -0.4762 1.89112
-0.0727459 0.0750267 0.593592
0.367463 -0.435437 1.52884
-0.14941 0.208 0.687604
-0.133236 0.174947 0.584106
0.00390954 0.0880217 0.689757
0.506936 -0.298929 1.25173
0.547306 -0.165636 1.19676
0.203188 -0.436086 1.75437
0.256872 -0.355037 1.60048
0.555795 -0.261764 1.39653
-0.0761089 0.155049 0.568052
-0.12916 0.0493177 0.564799
0.48634 -0.354658 1.21872
-0.122362 0.0336334 0.599578
-0.125396 0.0352008 0.620117
0.52154 -0.435523 1.2495
0.520136 -0.152405 1.24599
0.51278 -0.460598 1.35254
0.302318 0.135808 0.566665
0.509709 -0.374209 1.45202
0.522948 -0.223922 1.24759
-0.122262 0.0351342 0.602448
0.477322 -0.470775 1.291
-0.131839 -0.115105 0.648841
0.00451423 0.0881086 0.687578
-0.135506 0.0237581 0.60303
-0.107922 0.0069774 0.594991
-0.138332 0.111558 0.61627
-0.107662 0.00600916 0.610356
0.269978 -0.37064 1.64969
-0.11731 -0.0154531 0.588161
0.28033 -0.0685408 1.44019
-0.108342 0.0844982 0.604053
0.135759 -0.308598 1.55382
-0.108212 0.0849729 0.581462
-0.139016 0.110215 0.67484
-0.146307 0.0253459 0.511234
-0.789608 -0.210387 1.76573
0.27051 -0.393441 1.61875
0.465755 -0.333976 1.36544
-0.270108 0.331274 1.15749
-0.2481 0.0143516 1.09448
0.00821919 -0.0660816 0.805052
-0.132588 0.226694 0.852435
-0.184056 0.0389653 0.546518
-0.102915 0.0936733 0.523996
0.178771 0.109176 1.18939
-0.267536 0.328375 1.13843
-0.306039 0.131302 1.10311
0.545649 0.103267 0.961249
-0.110605 0.189152 0.610877
0.279148 0.142195 0.549475
-0.208593 0.0396979 0.798862
-0.377128 0.367132 0.966265
-0.204822 0.110133 0.873954
-0.217086 0.107924 0.968641
-0.211353 0.364247 1.31184
0.241889 0.267421 1.01423
-0.0159839 0.0292595 0.584899
-0.109789 0.199601 0.668233
-0.111563 0.210264 0.760386
-0.0818246 0.0680551 0.555577
-0.0448068 0.0833696 0.597767
-0.11136 -0.0101082 0.544856
-0.135043 0.116933 0.600019
-0.0904506 0.195963 0.671093
0.317172 0.138891 0.578293
0.0475419 -0.0077442 0.276799
-0.0947548 0.123989 0.0894544
0.549687 -0.164679 1.20015
0.48857 -0.115453 1.26405
0.451429 -0.141465 1.31948
0.310459 -0.456347 1.58835
0.659176 -0.199797 1.06288
0.239786 -0.453186 1.61357
-0.0395009 -0.458798 1.59579
-0.0627251 0.0154537 0.744687
0.282369 0.125824 0.546582
-0.125917 0.0224539 0.726803
0.0229701 0.11898 0.575309
0.241542 0.101172 0.581709
-0.0848706 -0.0581604 0.610114
-0.160113 0.0989188 0.61913
-0.163596 0.0795767 0.634652
-0.0544038 0.112589 0.585568
-0.112444 -0.0710307 0.630354
-0.12283 -0.104252 0.630435
-0.0934328 0.109457 0.529499
-0.0359541 0.000699069 0.568338
0.0277511 0.160914 0.740872
-0.0769442 0.157663 0.573688
-0.109179 0.117131 0.555762
0.0512951 0.135141 0.682435
-0.0745449 0.0543662 0.57888
-0.114438 0.0204128 0.615475
0.145352 0.0704376 0.928457
-0.0710326 0.0143239 0.576105
-0.0733321 0.123319 0.555541
0.262892 0.111909 0.603392
-0.0808231 0.0486148 0.597768
0.0326938 0.0359213 0.7112
-0.0752919 0.135666 0.5536
-0.0690803 -0.0927625 0.614118
-0.124639 0.0290738 0.609215
-0.0733946 -0.0898138 0.594998
-0.102265 0.0867507 0.573106
0.289077 -0.372384 1.68342
0.238026 -0.309246 1.90774
-0.0692584 0.0155416 0.610939
0.257272 -0.356618 1.60642
0.291095 0.00291668 1.58548
0.34675 0.0540729 1.33236
0.0304546 0.177793 0.802764
-0.0711506 0.12575 0.556342
-0.0783097 0.0490097 0.578798
-0.0721198 -0.09221 0.603467
-0.0378976 0.12575 0.56587
-0.0864363 -0.0612712 0.619799
-0.132415 0.0261611 0.634255
-0.0663956 0.106333 0.585785
-0.0623488 0.019847 0.572005
-0.105879 0.0462089 0.511778
-0.0453704 0.0879573 0.594966
-0.085188 -0.11544 0.630515
-0.148034 0.131878 0.618917
-0.0558379 0.0113525 0.623841
0.0236606 0.0213956 0.698614
-0.0626985 0.135868 0.528598
-0.0622976 -0.109259 0.609213
0.254909 0.115017 0.498848
-0.0421244 -0.0226032 0.614244
-0.181657 0.176128 0.913364
-0.0637997 0.104907 0.597315
-0.044214 0.0916664 0.592068
-0.129879 0.0674264 0.620605
-0.0485426 0.0142744 0.677633
0.0237816 0.104262 0.532803
-0.10923 0.162412 0.659918
-0.129817 -0.104584 0.626944
0.170035 0.0872718 0.5844
0.0164282 0.00741206 0.716245
0.478928 -0.127597 1.2882
0.585351 -0.216762 1.11385
0.477105 -0.0342216 1.31274
0.607777 -0.0674429 1.10228
0.643309 -0.190853 1.08873
0.524136 -0.170019 1.22643
0.477299 -0.353227 1.3653
0.513456 -0.14851 1.26477
-0.0334379 0.108339 0.618803
0.285717 -0.254809 1.51603
0.606477 -0.286792 1.14048
0.651866 -0.317199 1.09768
0.641754 -0.163369 1.08829
0.594436 -0.151354 1.15857
0.548975 -0.182535 1.18611
0.520499 -0.274161 1.24983
0.42128 -0.449366 1.40779
0.525055 -0.277139 1.2607
-0.184076 0.116934 0.366306
0.231979 0.0883415 0.616499
0.59934 -0.21509 1.08632
0.55936 -0.22755 1.19953
0.00410151 0.250112 1.10812
0.543532 -0.125703 1.21428
0.450799 -0.334333 1.33752
-0.0951012 0.0719611 0.638106
0.632114 -0.26255 1.08718
-0.04584 0.0509654 0.376862
-0.0928052 0.0751541 0.646076
0.61943 -0.341422 1.12764
0.634274 -0.316861 1.14578
-0.148275 -0.116076 0.665421
0.00424772 0.250831 1.10852
0.626862 -0.195393 1.11162
-0.137055 0.0982725 0.235197
0.133342 0.135282 0.531319
0.490089 -0.560133 1.43976
-0.190101 0.103283 0.707418
0.128263 0.134275 0.519715
-0.873908 -0.366061 1.82905
0.290844 -0.435899 1.58762
-0.936101 -0.420467 1.96272
-0.221963 -0.0665319 0.95164
0.285243 -0.139763 1.52001
-0.108467 -0.0921743 0.630644
0.0013588 0.16586 0.385108
0.178249 -0.212375 0.976537
0.440037 -0.296566 1.36858
0.251676 -0.00756709 1.60976
0.132628 -0.393855 1.82249
0.159825 -0.25349 1.80709
0.415092 -0.168609 1.40907
0.211079 -0.0632616 1.66533
0.224962 -0.564115 1.70988
0.543901 -0.0765971 1.19329
-0.181099 0.125111 0.407496
-0.144278 0.166594 0.375162
-0.23453 0.146816 0.439595
-0.175426 0.168618 0.396856
-1.0753 -0.117879 1.98235
-0.192994 0.128607 0.375975
-0.178656 0.214138 0.502955
-0.144587 0.268258 0.680673
-0.337544 0.154165 0.538448
-0.264129 0.157563 0.495969
0.0784621 0.152393 0.832884
-0.108953 0.149845 0.533896
-0.352673 0.32495 0.708526
-0.0668572 0.165077 0.49369
-0.169828 0.163047 0.462477
-0.163567 0.181913 0.387683
-0.19524 0.174452 0.428852
-0.193662 0.268295 0.760085
-0.121017 0.0887462 0.577834
-0.124084 0.0827945 0.43558
-0.537251 0.411983 0.913379
0.00733387 0.199507 0.433
-0.174873 0.15818 0.387415
-0.174829 0.112192 0.396528
-0.452453 0.387443 0.895351
-0.440233 0.164206 0.716182
-0.573787 0.213346 0.75403
-0.132642 0.136906 0.279061
-0.352412 0.244051 0.545987
-0.461724 0.275854 0.538594
-0.048012 0.161949 0.520456
-0.214051 0.0864545 0.401047
-0.26472 0.0461539 0.53778
-0.278163 0.241117 0.676777
0.00712483 0.0434755 0.689935
-0.157113 0.148679 0.268
-0.363975 0.0622501 1.01834
-0.13539 -0.110726 3.02914
-0.148494 0.145163 0.231033
0.499883 -0.406 1.27294
-0.242219 -0.0364976 1.30965
-0.11225 0.106852 0.249692
-0.162599 0.137168 0.263596
0.636272 -0.161855 1.0844
-0.165881 0.153377 0.30479
-0.111544 0.0806205 0.456996
-0.151243 0.196481 1.82476
-0.136178 0.133106 0.172553
-0.0710495 0.0751388 0.596267
-1.66363 -0.285587 3.60001
0.385535 -0.154098 1.32112
0.0695455 0.168886 0.52081
0.42481 -0.485049 1.44076
0.237332 0.0947113 0.600912
-0.111558 0.123146 0.114064
-0.111648 0.123162 0.114263
-0.144158 0.119483 0.371823
0.648446 -0.149294 1.06967
-0.145125 0.399836 2.13141
0.75566 -0.474261 1.15208
0.276062 -0.535495 1.60517
0.0317439 -0.0636908 0.416117
0.495687 -0.158109 1.3043
0.545007 -0.210928 1.20241
-0.196163 0.0173716 0.912252
0.00648072 -0.110368 0.638085
0.578082 -0.216409 1.17233
0.652212 -0.264206 1.09977
-0.14481 0.137892 0.191429
-0.11923 0.118601 0.14822
-0.185579 0.117814 0.293628
-0.962737 -0.205833 1.79623
0.312518 -0.0272642 0.942499
0.991737 -0.346912 1.47304
-0.100082 -0.0164196 0.559293
-0.154238 -0.0195714 0.588065
-0.115962 0.0636372 0.255611
-0.0937594 -0.0659489 0.646011
-0.115748 0.131493 0.168637
0.124812 0.135368 0.490734
0.240941 0.0836029 0.456514
0.57557 -0.117225 1.10618
0.482752 -0.0722723 1.27053
-0.060394 0.116407 0.151308
0.239584 -0.181122 0.663129
0.461792 0.0316945 0.706015
0.279643 -0.267204 1.56932
0.547074 -0.540162 1.34734
-0.00253266 -0.604254 2.02573
0.537164 -0.394619 1.28812
-0.251959 0.154505 0.460212
-0.289679 0.197774 0.468037
-0.137183 0.0544418 0.501292
-0.122909 0.0988811 0.437364
-0.124063 0.105221 0.382156
-0.0957548 0.176609 0.402354
-0.146439 0.0529302 0.662314
-0.144448 0.118363 0.320367
-0.223854 0.152691 0.430453
-0.249857 0.120957 0.415642
-0.134609 0.12686 0.392916
-0.343103 0.132064 0.530011
-0.211517 0.11402 0.393748
-0.135413 0.126161 0.386636
-0.141163 0.0682533 0.442188
0.086894 0.0870333 0.897202
-0.143726 0.163634 0.356911
-0.00202953 0.16872 0.377957
-0.261508 0.160727 0.450847
-0.139252 0.129341 0.359761
-0.15373 0.120255 0.369137
0.0314439 0.212002 0.520904
-0.00840995 0.169446 0.363252
-0.0812635 0.17147 0.462887
-0.141582 0.153758 0.244316
0.00412584 0.187977 0.442386
-0.209194 0.149845 0.362205
-0.0831852 0.167636 0.448947
-0.213153 0.238629 0.597722
-0.111525 0.121884 0.299748
-0.156384 0.145643 0.101063
-0.117808 0.111108 0.388325
-0.0906597 0.128939 0.321393
0.380598 -0.0824936 1.32443
0.29044 -0.149481 1.41865
-0.0348713 0.12099 0.608957
0.288774 -0.54914 1.6473
0.535156 -0.427931 1.32704
-0.770215 -0.425914 2.10077
-0.789296 -0.442816 2.16338
-0.177721 0.15123 0.240662
-0.124052 0.016188 0.601943
-0.133946 0.189642 0.573823
0.32931 -0.283426 1.48218
-0.125417 0.0950448 0.142109
0.0252706 0.146819 0.675715
-0.125603 0.00295427 0.352127
0.0157946 0.147633 0.670232
0.5892 -0.27306 1.13982
0.543862 -0.459354 1.3108
-0.0650302 0.0894782 0.526426
0.321443 -0.0712036 1.34188
-0.114667 0.0985608 0.227727
-0.107044 0.0725391 0.273457
0.411841 0.0358253 1.02281
-0.0211099 0.0939756 0.524084
0.18753 0.130512 0.399721
0.247737 0.102594 0.586415
0.2389 0.130733 0.455379
-0.622057 -0.772165 3.06784
0.173753 -0.38471 1.75289
0.277247 -0.413901 1.65743
0.300066 -0.487428 1.62633
0.493696 -0.154719 1.26186
0.237609 0.0928633 0.625587
-0.00490436 -0.441994 2.07177
0.350599 -0.439302 1.51448
0.588651 -0.207671 1.1498
0.0338699 -0.602578 2.61044
0.542499 -0.37771 1.18214
0.27195 -0.13023 1.53614
0.128104 -0.349163 1.81549
-0.0768864 -0.0369274 0.449334
0.414905 -0.32426 1.4389
0.159787 -0.26144 1.81775
0.60485 -0.305386 1.13633
0.509001 -0.120415 1.29939
0.23783 0.022739 1.65237
-0.224208 -0.682959 2.34496
0.592915 -0.32323 1.27435
-1.28968 -1.24551 3.73544
-0.664455 -0.80969 3.25685
0.236679 0.0912307 0.613806
0.519589 -0.112651 1.26955
0.603109 -0.231852 1.12033
0.578055 -0.21973 1.17898
0.158918 -0.374061 1.74429
0.274412 -0.363582 1.61852
0.0921447 -0.621509 1.87448
0.170108 -0.395234 1.79931
0.222814 -0.245876 1.45785
0.251644 -0.273346 1.54779
0.594697 -0.164402 1.15903
-0.123956 0.0413575 0.475047
0.60484 -0.291337 1.14915
0.401274 -0.469754 1.67378
0.552361 -0.0928229 1.1138
0.206269 -0.0582496 1.66453
0.487407 -0.137064 1.23887
0.13339 -0.307198 1.52267
-0.136381 0.0346573 0.859802
0.0919208 -0.63633 1.92467
0.574174 -0.0874705 1.13884
0.594598 -0.355881 1.13105
0.24086 0.0240045 1.68835
-0.243926 0.153949 0.402808
-0.315012 0.103831 0.504083
-0.229878 0.276062 0.355072
-0.187006 -0.108766 1.43515
-0.227172 0.271362 0.346366
-0.281009 0.22299 0.293001
-0.127385 0.143361 0.290874
-0.185213 0.176761 0.383595
-0.332332 0.316235 0.443947
0.141218 0.232408 0.610825
-0.122285 0.150907 0.368565
-0.17449 0.11532 0.370743
-0.223558 0.097716 0.4367
-0.109894 0.148382 0.329192
-0.269354 0.300512 0.404334
-0.120092 0.0954612 0.421547
-0.0589483 0.201754 0.683575
-0.169757 0.126956 0.380287
-0.329889 0.24412 0.647262
-0.438593 0.298654 0.954199
-0.194516 0.17085 0.415952
-0.207237 0.105404 0.403624
-0.153405 0.152538 0.207625
0.136116 -0.198342 1.39496
-0.398144 0.21148 0.526998
-0.196173 0.100771 0.410575
0.0725134 0.169605 0.529417
0.132778 -0.038472 1.84158
0.130414 -0.035317 1.81194
-0.394703 0.376215 0.568515
-0.142983 0.114381 0.354075
0.280062 0.103305 1.60439
-0.145271 0.0807746 0.376562
-0.213126 0.136233 0.405393
-0.19 0.126825 0.38428
-0.383489 0.18887 0.548109
-0.226273 0.10804 0.392365
-0.156953 0.119077 0.394119
-0.178771 0.145828 0.372436
-0.154855 0.119929 0.376882
-0.171309 0.161648 0.35627
-0.265049 0.272125 0.354074
-0.235232 0.186342 0.295963
-0.128999 0.142965 0.309492
-0.161373 0.218404 0.44336
-0.460349 0.364732 0.6923
-0.201179 0.254295 0.317997
-0.227265 0.27439 0.35209
-0.270437 0.267056 0.287432
-0.250273 0.1879 0.343735
0.260026 0.0445785 1.60498
-0.20091 0.0893102 0.370489
-0.165697 0.15717 0.32298
-0.581408 0.462256 0.786034
-0.472393 0.0676717 0.708126
-0.403775 0.214754 0.534631
-0.134588 0.163044 0.280995
-0.199871 0.0976869 0.432006
-0.156238 0.104827 0.382946
-0.462444 0.258102 0.553001
-0.203433 0.10702 0.357776
-0.196246 0.110503 0.388674
0.298889 0.0297688 1.4787
0.445109 -0.29903 1.37694
-0.322254 0.458339 0.730623
-0.199093 0.134749 0.399008
0.201196 -0.177276 1.63816
-0.211276 0.0953297 0.380807
-0.180011 0.0747492 0.36703
-0.166715 0.0955695 0.400996
-0.150536 0.072525 0.437386
-0.23038 0.128066 0.484998
0.200833 -0.362895 1.66226
-0.207122 0.0663418 0.543417
-0.136958 0.0833345 0.358367
-0.220361 0.0546165 0.526182
0.25535 -0.171301 1.57718
0.0759987 0.184782 0.518045
0.0680279 0.19563 0.540985
-0.134707 0.167966 0.374007
-0.279746 0.273813 0.636973
-0.254484 0.13571 0.43762
-0.123293 0.15127 0.360498
0.218842 -0.0961202 1.59614
-0.121305 0.147973 0.346118
-0.135841 0.145123 0.262642
-0.165036 0.157545 0.316677
-0.147778 0.158184 0.253951
0.23132 -0.618914 1.66134
0.519685 -0.375311 1.25102
0.525111 -0.329371 1.24288
0.11639 0.128366 0.549371
0.217034 0.135251 0.463633
-0.169475 0.181298 0.608136
-0.140614 0.255404 0.617769
-0.146721 0.134651 0.157949
-0.272961 0.376149 2.56231
-0.0993993 0.198148 0.424225
-0.119889 0.0988742 0.467433
-0.159667 0.128498 0.165545
-0.212 0.229688 0.581962
-0.147232 0.115021 0.349615
-0.171151 0.123137 0.395877
0.0303959 0.155552 0.399532
-0.170715 0.141701 0.357427
-0.189969 0.180229 0.424654
-0.17909 0.125007 0.394484
0.0122192 0.169275 0.35611
-0.105556 0.171925 0.393271
-0.070714 0.0896339 0.570436
0.0392688 0.166935 0.44704
-0.177539 0.170609 0.400178
-0.147847 0.133434 0.356288
-0.0169133 0.191408 0.413892
0.0139003 0.187508 0.408819
-0.197272 0.112383 0.380727
-0.113464 0.108186 0.382162
-0.278465 0.276229 0.623754
-0.176078 0.214444 0.507708
-0.129311 0.131887 0.175116
-0.194418 0.132627 0.377614
-0.142074 0.136656 0.165619
-0.194763 0.20438 0.422563
-0.349216 0.280337 0.900759
-0.196251 0.150228 0.414246
-0.204153 0.158323 0.421254
-0.175833 0.143398 0.382176
-0.193615 0.147157 0.398938
-0.174989 0.168737 0.381709
-0.486731 0.323617 0.61375
-0.121083 0.153665 0.438686
-0.157684 -0.0081097 0.941651
-0.469603 0.377994 0.763841
-0.135538 0.107628 0.384298
-0.178242 0.114778 0.257501
-0.143942 0.117074 0.409051
-0.164646 0.098354 0.37783
-0.160628 0.0804695 0.375046
-0.174004 0.12312 0.409319
-0.200817 0.111911 0.364967
-0.170191 0.128316 0.378317
-0.233977 0.0413934 0.598028
-0.150153 0.0760785 0.390574
-0.194444 0.149178 0.415615
0.0695239 0.20814 0.550493
-0.221722 0.089914 0.409588
-0.334351 0.323392 0.675076
-0.159746 0.130405 0.367325
0.0413855 0.182294 0.482445
-0.389701 0.323016 0.600216
-0.167185 0.0942797 0.412415
-0.535524 0.569066 0.93886
-0.172912 0.139694 0.367318
-0.214664 0.122319 0.407037
-0.326594 0.27605 0.46653
0.0566508 0.0656499 0.568718
-0.238039 0.160969 0.465117
0.247587 -0.00514504 1.59727
0.196178 0.0618481 1.71589
0.212584 -0.0507511 1.63855
-0.0664121 0.174247 0.23523
-0.221133 0.0633718 0.500563
-0.438284 0.360947 0.58133
-0.467872 0.239267 0.650874
-0.0799083 0.142392 0.519084
-0.14124 0.168628 0.158684
-0.261013 0.15752 0.447239
-0.224121 0.117348 0.406797
-0.199858 0.110757 0.415564
0.151054 -0.228154 1.73883
0.458756 -0.03189 1.2678
-0.183565 0.127892 0.327328
-0.247681 0.0529318 0.428454
0.474349 -0.305338 1.30368
0.128732 -0.21184 0.958053
0.31799 -0.162101 1.45629
0.473251 -0.0703598 1.26076
0.106903 -0.522237 1.86709
-0.111009 0.175461 0.280463
-0.333209 0.15453 0.632269
-0.44704 0.270146 0.584181
-0.134447 0.161875 0.273936
-0.187656 0.0656184 0.419044
-0.300633 0.138108 0.484231
-0.167024 0.0739001 0.544907
-0.158226 0.101812 0.414694
-0.187784 0.125606 0.375544
-0.152542 0.149609 0.173687
0.510488 -0.441501 1.45075
0.502209 -0.266129 1.29059
-0.267886 0.294378 0.392107
0.310222 -0.304671 1.52471
-0.207909 0.110072 0.389923
0.179768 0.0216903 1.78061
0.103693 -0.0145898 1.86879
-0.139778 0.128498 0.33011
-0.233904 0.0643725 0.395534
0.0610333 0.109947 0.883645
-0.132608 0.145009 0.254927
-0.145241 0.144958 0.0881947
-0.13058 0.141132 0.315329
-0.134221 0.152917 0.226511
0.232784 0.0250647 1.60102
-0.197351 0.119406 0.326222
0.240849 -0.466278 1.64155
-0.148003 0.132631 0.364466
-0.167265 0.139498 0.314894
-0.132646 0.144983 0.251373
-0.180678 0.128535 0.335879
-0.70038 0.145502 1.00392
-0.125609 0.146593 0.389671
-0.193262 0.156552 0.382061
-0.262241 0.073546 0.460865
-0.175751 0.155863 0.341338
-0.651957 0.0972539 0.865007
-0.193794 0.0756287 0.407402
-0.205629 0.118395 0.335847
-0.139097 0.220065 0.459203
-0.360524 0.237511 0.592239
0.560035 -0.201928 1.19981
0.252628 -0.306758 1.62414
0.240437 -0.467337 1.64453
0.134961 -0.224504 1.49278
-0.179254 0.12476 0.388893
-0.316102 0.143154 0.479767
0.0418406 0.19298 0.512157
-0.179768 0.196862 0.447188
-0.684761 0.122413 1.28356
0.47535 -0.0108341 1.27813
-0.134133 0.17002 0.387342
-0.302841 0.1457 0.447927
-0.30377 0.136674 0.503182
0.38808 -0.0546637 1.3835
-0.114672 0.149904 0.452631
0.253048 -0.305994 1.61623
0.128277 -0.357726 1.81803
0.446422 -0.226659 1.34672
0.458975 -0.169011 1.31369
0.269611 -0.128423 1.51751
0.206886 -0.0653038 1.63236
0.413777 -0.0818256 1.34507
-0.146076 0.14558 0.264864
-0.0339694 0.177263 0.32374
-0.39338 0.188378 0.592109
-0.16344 0.170567 0.369389
-0.183001 0.100717 0.357155
-0.23857 0.166874 0.484793
-0.205315 0.100568 0.369144
-0.079424 0.176685 0.480191
-0.149487 0.124441 0.300248
0.391924 -0.150513 1.53336
0.134149 -0.149592 1.08616
0.045077 0.221072 0.59044
-0.220931 0.137973 0.424266
0.446351 -0.0878423 1.27151
0.173376 -0.34738 1.72593
0.141894 -0.127444 1.75545
0.426743 -0.116021 1.3459
-0.0932003 0.176535 0.356382
0.293435 -0.0751183 1.48059
-0.150035 0.132413 0.252301
-0.0791716 0.159405 0.190416
-0.2998 0.297515 0.708358
-0.400023 0.287091 0.614846
-0.213335 0.136612 0.405692
-0.136791 0.15192 0.239855
-0.330867 0.369231 0.543304
-0.434674 0.222463 0.588487
-0.486333 0.298411 0.573002
-0.423763 0.283042 0.721844
-0.208009 0.0640147 0.470954
-0.07589 0.155064 0.183769
-0.161012 0.178903 0.378372
-0.227822 0.119715 0.398534
-0.474054 0.318579 0.581042
-0.27098 0.260196 0.326077
-0.0559957 0.172232 0.243266
0.0423306 0.205713 0.547527
0.0258128 0.222775 0.463494
-0.252661 0.159027 0.483971
0.161429 0.172711 0.674712
-0.139095 0.103806 0.294942
-0.151951 0.147982 0.35013
-0.0702701 -0.668683 2.45434
-0.221486 0.0702019 0.439158
0.318232 -0.161405 1.46178
-0.219948 0.0765532 0.377097
-0.168101 0.124351 0.376596
-0.222548 0.151845 0.402488
-0.32439 0.142997 0.473377
-0.257713 0.153513 0.447152
-0.190431 0.144134 0.391315
-0.31554 0.118483 0.522056
-0.130791 0.154634 0.35105
-0.234342 0.254254 0.722885
-0.09915 0.0848956 0.506102
-0.178544 0.0772234 0.358642
0.191851 -0.251731 1.61192
-0.321248 0.145401 0.493378
0.268934 -0.24703 1.55088
-0.187777 0.162362 0.492361
-0.157001 0.12126 0.339454
-0.13217 0.129557 0.41413
0.0356807 0.180174 0.47227
-0.0134585 0.188463 0.336908
-0.0014491 0.1731 0.375838
0.0391991 0.180937 0.442665
0.0683895 0.208089 0.556957
-0.187964 0.0897817 0.406053
-0.254001 0.272011 0.77486
0.239709 -0.0306262 0.972144
0.0307136 0.195458 0.468852
0.0833944 0.163501 0.514519
-0.124861 0.154592 0.353095
-0.108553 0.115262 0.493029
-0.281987 0.275875 0.612234
-0.410976 0.373155 0.87357
-0.387793 0.254121 0.65244
-0.159078 0.130793 0.362443
-0.186227 0.121745 0.363762
-0.395343 0.375119 1.21876
-0.181706 0.123362 0.353571
-0.103074 0.197339 0.532948
-0.162757 0.0755222 0.408772
0.111087 0.189668 0.581219
-0.16471 0.173952 0.387719
0.0276913 0.212972 0.507424
0.0238906 0.171952 0.440713
-0.135094 0.131538 0.134316
-0.159279 0.131042 0.355167
-0.222747 0.117742 0.405407
-0.178121 0.223304 0.557474
0.354267 -0.202277 1.41999
-0.478219 0.239958 0.680652
-0.530491 0.280189 0.728874
-0.10786 0.178858 0.412926
-0.206124 0.127918 0.391488
-0.115079 0.133629 0.423054
-0.193194 0.129957 0.375067
-0.447227 0.357221 0.671801
-0.0748516 0.163571 0.200087
-0.13722 0.143313 0.315349
-0.340701 0.0815798 0.553143
-0.362527 0.353864 0.760126
-0.230386 0.310895 0.548272
-0.186563 0.138112 0.367936
-0.212983 0.129405 0.433798
-0.301844 0.132401 0.482092
-0.272097 0.10347 0.468534
0.444271 -0.320171 1.33968
-0.0817207 0.170259 0.453224
0.261356 -0.357556 1.58808
-0.115571 0.126912 0.303256
0.300816 -0.0088886 1.48993
-0.0292884 0.185553 0.348852
-0.1718 0.122944 0.362045
-0.0979115 0.19389 0.395192
-0.259748 0.232875 0.274684
-0.6541 0.358598 1.52918
-0.35455 0.258542 1.02635
0.110678 -0.0949265 1.84019
0.181364 -0.29722 1.77413
-0.266303 0.10208 0.453475
0.283249 -0.139399 1.50379
0.1656 -0.229276 1.71997
0.192363 0.0624286 1.66831
-0.221485 0.118487 0.402967
-0.291112 0.1392 0.539168
-0.161973 0.101239 0.353732
-0.232746 0.13569 0.449577
-0.110261 0.169477 0.3541
-0.0133907 0.168272 0.717683
-0.170701 0.103897 0.302585
-0.232745 0.0826601 0.506039
-0.161724 0.129562 0.372364
-0.144859 0.139684 0.533153
0.484493 -0.287396 1.34767
0.460476 -0.388062 1.36501
-0.260846 -0.607435 2.61947
0.296465 -0.0784901 1.50393
-0.114059 0.203943 0.430736
-0.168109 0.159137 0.336326
-0.134759 0.107855 0.284981
-0.338016 0.332151 0.559137
-0.16926 0.0772662 0.481852
-0.248213 0.154994 0.415937
-0.139927 0.0747763 0.420215
-0.195941 0.145739 0.402466
-0.203403 0.110713 0.371354
-0.0676671 0.123215 0.728654
-0.2253 0.142996 0.418622
-0.231901 0.0290488 0.518494
-0.172367 0.0999522 0.271439
0.0495006 0.153769 0.7197
-0.190837 0.203019 0.438646
-0.417669 0.281043 0.68197
-0.250666 0.128879 0.437322
-0.134866 0.105987 0.304388
-0.118376 0.112747 0.260658
-0.248437 0.0524798 0.45428
0.296236 -0.261195 1.50887
0.160246 -0.426257 2.05827
0.458052 -0.370885 1.41599
-0.759255 -0.0168068 1.31423
-0.127592 0.153755 0.328977
0.0596453 0.162672 0.500067
-0.168945 0.160432 0.351588
-0.187934 0.0667502 0.408913
-0.150352 0.130767 0.361313
-0.172177 0.149328 0.308676
-0.158952 0.184288 0.340059
-0.105276 0.187591 0.465235
-0.0550691 0.16638 0.224743
-0.220278 0.100038 0.39914
-0.289707 0.200808 0.439426
-0.184148 0.143747 0.358291
-0.232295 0.0824591 0.444168
-0.179475 0.114161 0.385773
-0.390443 0.0744191 0.65813
-0.219555 0.073456 0.357246
-0.35678 0.0581352 0.602053
-0.273062 0.0555804 0.454559
-0.164674 0.152621 0.135267
-0.204235 0.145008 0.224481
-0.127714 0.14078 0.140856
-0.14925 0.0921768 0.322817
0.0313216 0.215403 0.529745
-0.17362 0.14216 0.359132
0.284198 -0.0710201 1.45969
0.470635 -0.0426561 1.26026
-0.169195 0.146942 0.128328
-0.143419 0.153743 0.328249
0.0434046 0.199958 0.495959
-0.145917 0.148874 0.3447
0.00391937 0.19761 0.425526
-0.20872 0.113709 0.384065
-0.225163 0.0885614 0.415464
0.0953562 0.186149 0.54707
0.297126 -0.356015 1.53183
0.218981 -0.017323 1.64611
0.298437 -0.358152 1.53991
0.523972 -0.391755 1.31441
0.200984 0.251563 0.919309
0.118367 -0.502466 1.86227
-0.132565 0.149208 0.302146
0.11684 -0.543352 1.9444
-0.0432173 0.178321 0.336304
-0.130779 0.135314 0.0797031
-0.310061 0.195008 0.424665
-0.383557 0.284356 0.575237
-0.151977 0.125395 0.266375
0.129144 -0.542314 1.87219
0.309772 -0.452538 1.58447
1.7393e-05 -0.620222 2.08532
-0.117984 0.137377 0.116922
-0.0358917 0.163719 0.306814
0.387955 -0.220135 1.36561
-0.0298381 0.188153 0.375439
-0.186186 0.126245 0.289292
-0.261232 0.169912 0.333804
0.047204 0.162761 0.473077
-0.18124 0.157436 0.149275
0.317121 -0.311204 1.54791
0.152801 -0.461959 1.7561
0.204656 -0.420315 1.69638
-0.222337 -0.622937 2.3966
-0.187569 0.100237 0.380017
-0.104086 0.113442 0.446832
-0.211943 0.110726 0.384584
-0.184659 0.0856256 0.333521
-0.12908 0.140244 0.335933
-0.364526 0.432073 0.626832
-0.258372 0.115858 0.44809
0.0631802 0.215475 0.515198
-0.398614 0.456123 0.708243
-0.141796 0.0726768 0.444337
-0.400841 0.244222 0.732424
-0.374108 0.44703 0.685298
-0.304833 0.116713 0.491337
-0.210825 0.103802 0.421476
-0.159278 0.139941 0.339717
-0.192163 0.121002 0.327637
-0.172711 0.122988 0.404955
-0.183259 0.144285 0.272167
-0.262067 0.123143 0.403168
-0.25536 0.117822 0.38002
-0.229176 0.151304 0.386726
-0.201879 0.108642 0.364455
-0.17082 0.143846 0.350174
-0.253744 0.117244 0.431826
-0.22629 0.109952 0.326409
-0.404451 0.150067 0.62461
-0.13947 0.0744606 0.416089
0.436468 -0.240254 1.38782
-0.0956591 0.204773 0.435782
-0.175482 0.0940486 0.443547
-0.0503346 0.27548 0.809444
-0.160766 0.0752279 0.42784
-0.140989 0.0747285 0.383317
0.211605 -0.105211 1.6263
0.107273 -0.348685 1.73599
0.290536 -0.260331 1.53917
-0.13313 0.148738 0.214946
0.0190351 0.154727 0.376536
0.181439 0.0747131 1.75524
0.16786 -0.338159 1.70444
-0.21109 0.229865 0.582335
0.0297584 0.203414 0.449935
-0.505934 0.459537 0.807885
-0.0842073 0.0984294 0.508342
-0.06841 0.159196 0.220793
-0.313782 0.233863 0.479078
-0.481243 0.392646 0.76148
-0.313392 0.221667 0.495385
-0.129942 0.132078 0.146986
0.062868 0.204043 0.518482
-0.329239 0.225394 0.525867
0.398669 -0.224325 1.38436
-0.158668 -0.522619 2.38627
-0.128803 0.129308 0.368462
0.0726763 0.16352 0.480146
-0.148148 0.131961 0.324088
0.303705 -0.159658 1.50995
0.0712779 0.166723 0.510006
-0.124662 0.130773 0.0930154
0.295221 -0.0756811 1.49848
0.196999 -0.389486 1.70668
0.0566459 -0.507194 1.98988
0.0252272 -0.475305 2.07182
-0.151195 -0.525473 2.32885
-0.244932 -0.745747 2.56234
-0.28436 0.28304 0.652116
-0.452672 0.206334 0.624937
-0.652984 0.345746 0.815093
-0.162635 0.144383 0.118192
0.134464 -0.231358 1.83014
0.392861 -0.176013 1.37431
0.163304 -0.237729 1.80133
0.0286185 -0.45664 1.98369
0.122947 -0.463691 1.836
-0.317088 0.269391 0.378101
-0.372944 0.344028 0.769618
-0.0510933 0.125427 0.597617
-0.131195 0.110758 0.192497
-0.36686 0.339026 0.752876
0.0636108 0.183632 0.526365
-0.167847 0.156363 0.11738
-0.31567 0.302428 0.412658
0.30482 -0.157312 1.40807
0.0221799 0.338339 1.1457
-2.17245 -0.441077 4.38537
0.477995 -0.353607 1.33073
0.335243 -0.150035 1.41759
0.262778 -0.337133 1.53404
0.417349 -0.0961074 1.32618
0.465842 -0.452779 1.41887
0.0353003 -0.48459 1.98218
0.162367 0.0891954 1.78232
0.129058 -0.407732 1.81344
0.299519 0.0309349 1.47057
0.50236 -0.0630699 1.19689
0.494267 -0.153307 1.25744
0.424338 -0.0781124 1.3186
0.434222 -0.0997549 1.36345
0.084432 -0.162145 0.820648
0.481768 -0.107572 1.31738
-0.125562 0.139613 0.111269
0.159587 -0.485526 1.80994
-2.03519 -0.545517 3.9742
0.499866 -0.170113 1.25262
0.468823 -0.0724485 1.24977
-0.0879779 0.146964 0.290862
-0.257931 0.204225 0.329232
-0.416717 0.241199 0.490335
0.0477515 -0.480897 2.00278
-0.106111 0.114269 0.1277
0.524224 -0.197855 1.23385
0.506063 -0.450712 1.34413
0.235867 -0.280102 1.62224
-0.398673 0.235138 0.463023
-0.11855 0.172521 0.272593
-0.0634624 0.12792 0.280337
-0.193152 0.152953 0.234487
-0.333884 0.243975 0.495196
-0.103167 -0.263699 1.24932
-0.393818 0.232304 0.504438
0.190857 -0.392751 1.76652
-0.125588 0.125994 0.153139
-0.339099 0.24563 0.505548
-0.116611 0.150512 0.133866
