0.407242 -0.31773 1.43205
0.269992 -0.344195 1.56878
0.453742 0.0184296 1.33435
0.116915 0.140646 0.638721
-0.187715 0.118308 0.757322
-0.0886407 0.163147 0.667046
0.495262 0.0241573 1.27158
-0.0761339 0.18502 0.662996
-0.092298 0.179023 0.641301
-0.283775 0.15522 0.472816
-0.567563 0.427885 0.982278
-0.501193 0.381244 0.789282
0.00284939 0.105117 0.784275
0.543315 0.024376 1.25126
-0.18602 -0.0271227 0.73182
0.482939 -0.17389 1.35223
0.458733 -0.142621 1.34392
0.483692 -0.0418376 1.2977
-0.14016 -0.0886495 0.757331
-0.134605 0.0965675 0.543025
0.497685 -0.0415332 1.33279
0.560417 -0.149244 1.41036
0.287935 -0.457258 1.53662
-0.129464 0.100156 0.704439
-0.0617329 0.131886 0.69274
0.526894 -0.157658 1.27506
-0.0765112 0.00777236 0.725926
0.342639 -0.287409 1.50501
0.499118 -0.074076 1.31601
-0.0826464 0.0180172 0.72859
0.441063 -0.283133 1.38567
0.56824 -0.301158 1.22251
0.508675 -0.145945 1.30891
0.61444 -0.103597 1.1777
0.324281 -0.0110396 1.49677
-0.150508 0.0796637 0.68229
-0.0770846 0.187053 0.670342
-0.130517 -0.0871293 0.752716
0.404938 -0.168499 1.40963
0.563686 -0.0985067 1.24194
0.480311 -0.125808 1.33622
0.410348 -0.231659 1.43117
0.236839 -0.463128 1.62369
-0.358101 0.254798 0.544619
-0.193739 0.188541 0.365344
-0.179304 0.0929906 0.573026
0.411498 0.0175003 1.06116
0.0347609 -0.138106 1.00218
-0.0299922 0.123659 0.772809
0.00666257 0.0376851 0.729886
-0.144617 0.282371 1.15682
-0.132804 0.121224 0.565728
0.607042 -0.142608 1.16448
-0.220413 0.172713 0.377837
-0.178113 -0.133748 0.776934
-0.0788891 0.118236 0.696201
0.689586 -0.435818 1.09787
-0.131513 0.146594 0.473578
-0.153196 0.209819 0.655719
0.0921442 0.154204 0.556352
-0.085364 0.20792 0.545019
-0.0410129 0.122941 0.225127
-0.143718 0.205908 0.548353
0.0258609 0.148125 0.651637
-0.0589568 0.128815 0.720349
0.110167 0.217022 1.17528
-0.140357 0.27527 1.10342
-0.193987 0.334819 1.12586
-0.0967274 0.0808045 0.67099
0.120852 0.143105 0.649333
0.0898196 -0.601067 1.87637
-0.0852812 0.0190902 0.717189
0.304706 -0.446823 1.56054
0.455755 -0.333723 1.37965
0.404155 -0.230854 1.41664
0.293294 0.162765 0.578327
-0.072332 0.171923 0.66705
-0.0892994 0.090421 0.680465
0.265724 -0.382828 1.59213
-0.0653923 0.130477 0.67605
-0.381556 -0.904496 2.63142
0.475409 -0.0945397 1.33705
0.164169 -0.59533 1.84006
0.475943 -0.0933585 1.33899
0.526681 -0.0662743 1.24595
-0.179823 0.0263918 0.756924
-0.0825039 0.117907 0.696067
-0.170636 -0.119438 0.77327
-0.0586857 0.188051 0.696961
-0.0332576 0.0959242 0.708903
-0.180534 0.0183373 0.751368
0.289218 -0.441142 1.59136
0.488614 -0.0423008 1.3107
0.278219 -0.45771 1.5572
0.426411 -0.117702 1.37504
-0.162637 0.17844 0.699599
0.207869 -0.36764 1.49572
0.561096 -0.0952026 1.23608
-0.0541477 0.131507 0.695696
-0.115479 0.0186396 0.756773
-0.0424322 0.209575 0.710534
0.541078 -0.456357 1.29471
-0.145245 -0.0520211 0.666501
-0.152162 0.0901783 0.728302
-0.114456 0.0201727 0.749545
-0.0839019 0.118438 0.66485
-0.114563 0.01961 0.755593
-0.116743 0.111802 0.22115
0.342992 -0.508639 1.50091
0.398713 0.0490969 1.02917
-0.181898 -0.0111004 0.77563
0.290409 0.120346 1.61544
-0.00276817 0.0234549 0.744378
0.463665 0.146852 0.756078
0.485878 -0.132034 1.22309
-0.00884015 0.061269 0.725449
-0.172584 -0.115176 0.792177
-0.0658738 -0.0948905 0.718429
-0.12096 0.015941 0.688619
0.837836 -0.296254 1.94177
-0.0830765 -0.0244426 0.759806
-0.0846685 0.0234718 0.706071
-0.0125878 0.198491 0.6772
0.592268 -0.358711 1.15946
-0.183143 -0.090903 0.699011
0.660506 -0.290244 1.11485
0.46218 -0.35363 1.34023
-1.01037 -0.518255 1.84429
0.651237 -0.110646 1.12522
0.500541 -0.0667663 1.30423
0.258762 -0.00547482 1.62972
-0.163908 0.163609 0.384345
-0.209378 0.141647 0.406851
-0.331093 0.157966 0.593287
-0.359902 0.39903 0.574015
-0.222477 0.105391 0.489501
0.203445 -0.0557315 1.64746
0.297536 -0.0749706 1.52729
-0.272308 0.208705 0.593081
0.652512 -0.325235 1.08881
-0.310845 -0.319166 1.0358
0.563769 -0.218553 1.24543
0.585505 -0.318383 1.19097
0.588305 -0.319286 1.19215
-0.238724 -0.0109572 1.23038
0.476107 -0.125482 1.33477
0.422855 -0.376631 1.35251
0.424841 -0.243943 1.41294
0.626724 -0.315663 1.14682
0.466499 -0.122169 1.333
0.658869 -0.193784 1.07148
0.501222 -0.357586 1.34288
0.658271 -0.328855 1.09156
0.177284 0.188559 0.583609
-0.15779 0.184594 0.406835
-0.293058 0.368069 1.33244
0.413403 0.0221092 1.15795
0.639571 -0.186625 1.04196
0.62211 -0.145415 1.18572
0.0747631 0.0213694 1.08328
-0.152401 -0.128856 0.77756
0.654914 -0.360839 1.13987
0.528376 -0.38248 1.27478
0.621907 -0.314456 1.16886
0.43982 -0.298407 1.40238
0.480704 -0.371932 1.329
-0.132079 0.00622418 0.705182
0.596147 -0.172946 1.17348
0.433907 -0.299684 1.376
-0.055015 0.159038 0.692373
0.463841 -0.255636 1.36951
0.360625 -0.0674436 1.43678
-0.0238027 0.163704 0.674942
-0.156809 -0.0476943 0.590568
0.691981 -0.16247 1.13114
0.452606 -0.400512 1.41812
0.642027 -0.236539 1.15011
-0.160236 0.0856774 0.40197
-0.132489 0.00674916 0.687793
-0.169032 0.0569955 0.511067
-0.0684889 -0.010604 0.525095
-0.136773 0.290512 1.15415
-0.191749 -0.0374392 0.77759
-0.082968 0.190268 0.526678
0.486655 -0.178284 1.36243
-0.318914 -0.287615 1.17166
-0.171946 0.161467 0.783306
0.457228 -0.29433 1.43606
0.45389 -0.229049 1.3615
-1.49272 -0.817922 3.37106
0.51165 -0.509267 1.37207
0.0273622 0.0788782 0.819024
-0.0696266 0.0860288 0.613176
0.0973845 -0.319782 1.82302
0.543986 -0.392435 1.19092
0.518452 -0.376711 1.28618
0.121355 -0.516535 1.7883
0.0901708 -0.495475 1.84436
0.3511 -0.421862 1.50873
0.263607 -0.486441 1.61974
0.154034 -0.579306 1.80848
0.22962 -0.560074 1.6894
-0.195052 0.112094 0.808041
0.0294139 0.0626236 0.832147
-0.121351 0.0136298 0.704082
0.0632269 0.160969 0.819759
0.283739 -0.455391 1.53273
0.10871 0.128474 0.452103
-0.0968337 0.0620937 0.509812
-0.263737 0.301352 0.952153
0.319183 0.0443944 1.00852
0.47099 0.0139882 1.30238
-0.0828854 0.12206 0.648364
0.416709 0.16443 0.693462
0.249684 0.0839043 0.863978
0.202823 0.123862 2.83975
-0.108047 0.144624 0.592056
0.404417 0.164951 0.680514
0.145736 0.159599 0.603576
0.174175 0.0239526 0.766247
0.059525 0.0794156 0.359055
0.618557 -0.296005 1.17091
-0.720553 -0.454625 2.02823
-0.0576031 0.187582 0.709878
0.0753674 0.0577034 0.926906
-0.272623 0.228739 0.937779
-0.0595725 0.0437163 0.731624
0.452116 -0.335134 1.33988
0.108338 0.139893 0.633162
0.42032 -0.135321 1.294
0.279484 0.0129424 0.655883
-0.194113 0.171631 0.85198
0.219556 0.0191841 0.987473
0.316309 0.000656026 0.69964
0.383068 -0.20351 1.45229
-0.955276 -0.382005 2.05769
0.823231 -0.587081 1.20118
0.00401276 0.024088 0.761472
0.0733181 -0.392326 3.75336
-0.0769085 0.0181914 0.464989
-0.112361 0.170636 0.297429
-0.191204 0.185757 0.809072
-0.172105 0.0700807 0.381161
-0.071699 0.0221085 0.631739
-0.182825 0.162067 0.436322
-0.0994766 0.141052 0.463516
0.434152 -0.351596 1.40631
-0.221699 0.0388642 0.660038
0.583984 -0.193582 1.21079
-0.255476 0.153158 0.466721
-0.22424 0.112902 0.470938
-0.0823962 0.0849139 0.721222
0.336701 -0.298398 1.54238
-0.312354 0.188333 0.542502
-0.0221711 0.230882 0.410093
-0.169951 0.175363 0.332262
-0.00447811 0.238341 0.487722
-0.208183 0.171177 0.409569
-0.340169 0.178156 0.506718
-0.42201 0.283999 0.732188
-0.30646 0.190978 0.514456
-0.397 0.17193 0.58442
-0.163275 0.11033 0.484615
-0.201099 0.192975 0.449605
-0.211626 0.170952 0.433219
-0.66281 0.433641 0.887777
-0.770931 0.605498 1.13112
-0.541332 0.429494 0.836979
-0.214277 0.192801 0.461227
-0.50588 0.417435 0.795947
-0.246035 0.193272 0.514061
-0.433337 0.289295 0.727928
-0.224901 0.226059 0.517906
-0.198481 0.192802 0.465556
-0.236841 0.108337 0.505984
-0.384474 0.141643 0.640478
-0.237057 0.143413 0.392567
-0.297995 0.174122 0.514476
-0.225406 0.112333 0.475267
-0.0233883 0.223056 0.394754
-0.251391 0.133569 0.454694
0.0474258 0.201864 0.46014
-0.0124958 0.233317 0.517517
-0.246939 0.162555 0.429481
-0.346033 0.149467 0.54754
-0.26497 0.146909 0.456475
-0.213811 0.216552 0.43464
-0.407736 0.157945 0.634959
0.0100416 0.234505 0.553569
-0.272123 0.178654 0.484739
-0.229683 0.231997 0.568922
-0.286745 0.138308 0.503411
-0.136082 0.217606 0.485443
-0.114161 0.0658669 0.692219
-0.0433941 -0.0221387 0.738053
-0.133457 0.228139 0.800321
0.0822262 0.200095 0.622889
-0.134228 0.00610066 0.709617
-0.452784 0.0243579 1.29019
-0.149935 0.0499616 0.959408
-0.129604 0.140793 0.671887
-0.504267 -0.135444 2.09584
-0.162484 0.138136 0.718703
-0.285043 -0.185804 1.32843
-0.158861 -0.00815525 0.716343
-0.205459 0.0245438 0.783018
-0.0992905 0.038632 0.682689
0.0961357 -0.141605 0.959225
-0.225593 0.03834 0.693753
-0.158185 0.18253 0.722183
0.678246 -0.20466 1.09221
0.165647 0.128796 1.08329
0.20245 0.0211948 1.3415
0.322845 0.0444013 1.00832
-0.0567138 0.0259318 0.666799
0.0790093 -0.0925831 1.2783
0.501387 0.0257856 1.19082
-0.10113 0.233412 0.830342
-0.385253 0.139951 0.620397
-0.195255 0.183808 0.456917
-0.259886 0.136937 0.463686
-0.384367 0.451877 0.6835
-0.403639 0.262417 0.678144
-0.21807 0.174168 0.466801
-0.543496 0.271946 0.804178
-0.196073 0.101837 0.45124
-0.285202 0.17436 0.549495
-0.462885 0.257978 0.914229
-0.394378 0.335883 0.473562
-0.237677 0.332279 1.10482
-0.0619535 0.189677 0.76284
-0.148192 0.253341 0.816138
-0.0834074 0.0395162 0.608628
0.291021 -0.388407 1.65542
-0.0633544 0.220162 0.683132
-0.0523468 0.111855 0.697752
0.0429748 -0.0938503 0.79233
-0.142168 0.00905544 0.737998
-0.0451771 0.182682 0.894373
-0.111661 0.166959 0.677608
0.321264 -0.390001 1.6583
0.105614 0.20293 0.56157
-0.110165 0.0274981 0.702558
-0.0592007 0.180933 0.683518
0.295828 -0.462623 1.54943
0.680164 -0.287983 1.15967
0.308731 -0.269549 1.44319
-0.0509117 0.0272781 0.748235
0.568229 -0.169682 1.2392
0.50784 -0.410582 1.28689
-0.128354 0.0156085 0.729731
0.49742 -0.196098 1.34834
0.532458 -0.630674 1.5694
-0.233532 0.126848 0.460552
-0.176973 0.119004 0.370369
0.236544 0.148334 1.38537
-0.161199 0.127629 0.402295
-0.234821 0.110514 0.49482
-0.267763 0.143983 0.438991
-0.190562 0.11506 0.471981
-0.467773 0.39233 0.700401
-0.251212 0.166583 0.45272
-0.235013 0.211443 0.500766
-0.169167 -0.118002 0.752799
0.229382 -0.644706 1.62914
0.503175 -0.457195 1.32948
-0.0884808 0.0570951 0.699302
0.797817 -0.396739 1.19085
-0.092655 0.0273835 0.731655
0.14002 0.199839 0.580247
-0.372985 0.308316 1.00026
-0.801996 0.402419 2.99353
-0.146069 0.173954 0.394221
0.0925829 -0.0275529 1.06635
-0.424592 0.358517 0.52095
-0.144346 0.157807 0.106996
-0.185381 0.160978 0.445906
0.239219 -0.46337 1.63019
-0.0496388 0.0365679 0.5255
0.461444 0.0171354 1.22031
0.241939 0.225453 0.799923
-0.179421 0.256035 1.17396
0.545132 -0.194476 1.31385
0.224949 -0.00495441 1.65604
0.399519 -0.217148 1.47759
-0.265348 0.0948114 0.498202
-0.407384 0.516865 0.933733
-0.322165 0.130452 0.448119
-0.454145 0.187507 0.726307
-0.512631 0.422499 0.806784
0.281647 -0.300864 1.98706
-0.198499 -0.605214 2.27628
-0.187999 0.191217 0.405419
0.434786 -0.129324 1.37369
-0.297242 0.145554 0.491251
-0.270937 0.0766177 0.474776
0.182156 -0.0401158 1.64505
-0.252263 0.0817004 0.55826
-0.376862 0.262019 0.582841
-0.319767 0.197367 0.412392
0.190837 -0.595867 1.73203
0.581462 -0.0219412 1.56392
0.413319 -0.125148 1.39382
-0.195746 0.182645 0.451928
-0.230543 0.180844 0.446905
-0.196261 0.178633 0.263886
-0.184885 0.165227 0.264206
0.574292 -0.194436 1.21679
0.550119 -0.282028 1.22142
0.226912 -0.271695 1.65473
0.231198 -0.267831 1.61382
0.0487936 -0.462592 1.91389
0.34184 -0.282924 1.49092
0.282902 0.122334 1.59389
0.367542 0.15874 0.619025
0.435576 -0.438029 1.42593
-0.183199 0.113649 0.721594
-0.149672 0.0844422 0.726281
-0.099424 -0.126364 0.750327
0.25477 -0.281987 1.55675
0.363588 0.15804 0.614009
-0.0888957 0.0603477 0.723906
-0.152999 0.0877679 0.758325
-0.0536507 0.179607 0.796601
-0.152614 0.168183 0.789293
0.283843 0.112188 0.698161
0.491187 -0.157732 1.30799
0.486883 -0.286598 1.35585
-0.131431 0.0376756 0.71245
0.616044 -0.295261 1.17009
-0.112653 -0.0417081 0.740147
-1.23878 -0.633188 2.6409
-0.205555 0.189629 0.380338
-0.766921 -0.394301 2.30576
0.315876 0.124591 0.699146
-0.0278029 0.229781 0.853223
-0.122915 0.240113 0.749398
0.237895 0.111452 0.595776
0.0642985 0.183453 0.671256
-0.15124 0.0538998 0.642523
-0.16997 0.0142315 0.440348
-0.164824 0.0192194 0.437561
-0.163992 0.0236592 0.426749
-0.0844974 0.0860342 0.710749
0.143293 0.0991878 0.926714
0.308225 -0.103 1.31086
0.325223 -0.507002 1.50838
-0.186715 0.1182 0.743551
-0.201328 0.0702493 0.775407
-0.194989 0.195827 0.880769
-0.0742138 -0.00711611 0.832826
0.361367 -0.436251 1.50827
-0.345776 0.32501 1.07326
0.43165 -0.353056 1.40342
0.167168 0.193491 0.590354
-0.138916 0.130484 0.622314
-0.148237 0.127568 0.714006
-0.20597 0.203571 0.975813
-0.0457744 -0.0386827 0.640969
-0.224061 -0.00538969 0.796032
-0.0832691 0.0327905 0.620001
-0.0519653 0.113 0.684665
0.49984 -0.294335 1.40612
0.581966 -0.127069 1.16809
0.275836 -0.451261 1.54581
0.258473 0.1158 1.51539
0.489888 -0.230341 1.52604
0.405217 -0.192219 1.44459
-0.0830541 -0.139406 0.757469
0.23518 -0.300139 1.18517
0.471687 -0.092235 1.33061
0.618309 -0.226386 1.16361
0.556914 -0.086669 1.21458
0.604648 -0.175099 1.17731
0.615044 -0.358342 1.16178
0.487018 -0.47973 1.31622
-0.0879319 -0.0131979 0.721315
0.611351 -0.180687 1.20725
-0.161057 -0.110836 0.73757
-0.09441 -0.115416 0.707765
0.0262735 0.0931075 0.778437
0.235213 -0.394353 1.60656
0.0741862 0.153737 0.843835
0.295099 -0.155273 1.39149
-0.180507 -0.0320882 0.76821
-0.133593 0.00712313 0.699825
0.333821 -0.318874 1.51987
-0.141325 0.0267169 0.695351
0.288282 -0.436188 1.57895
0.33204 -0.384913 1.52141
-0.16762 -0.0808491 0.73972
0.562578 -0.17047 1.23232
0.286884 0.121754 1.6149
0.428135 -0.434089 1.41173
-0.0757272 0.19099 0.686588
0.497033 -0.287382 1.23117
-0.064604 0.0162721 0.713392
0.521704 0.0206808 1.22416
0.10747 0.197513 0.615151
0.283588 0.116874 0.685157
-0.064859 0.0163507 0.726959
0.465641 -0.402362 1.37376
0.463183 -0.256508 1.37261
0.428662 -0.34636 1.38982
-0.143935 0.0335231 0.694814
-0.174058 0.105789 0.742584
0.451991 -0.228863 1.36116
0.330524 -0.383511 1.51851
-0.114969 -0.0540141 0.582241
0.60119 -0.141099 1.22564
-0.143442 -0.0461632 0.651794
0.568269 -0.213292 1.36123
-0.0643215 -0.00127381 0.719404
-0.207549 0.208441 0.36608
0.300283 -0.155211 1.51096
-0.121729 -0.00520578 0.726936
-0.00186163 -0.0313866 0.774079
0.128677 -0.352791 1.79156
0.299962 -0.427034 1.56245
0.153185 -0.244926 1.73858
0.238931 0.023716 1.63954
0.416563 -0.130136 1.41539
-0.168945 0.152843 0.444277
0.285559 -0.351635 1.54865
-0.173059 0.160135 0.437941
-0.182315 0.163652 0.422663
-0.0342479 0.195049 0.675377
-0.0176216 0.19254 0.704556
-0.00313962 0.216026 0.488216
-0.121694 0.185808 0.564264
-0.237367 0.169532 0.465062
0.0787792 0.195771 0.559368
-0.227612 0.171277 0.428496
-0.230825 0.186048 0.456055
-0.229789 0.14893 0.47426
-0.444981 0.403683 0.941646
-0.308813 0.186248 0.51081
-0.438726 0.213375 0.605185
-0.125501 0.215532 0.458648
-0.394969 0.173104 0.613678
-0.305154 0.369682 0.559716
-0.520713 0.490788 0.84396
-0.319126 0.180292 0.545932
-0.126111 0.0374106 0.690834
-0.131162 0.139819 0.668704
-0.0317505 0.0357514 0.741061
-0.0812915 0.116814 0.684274
-0.0992251 0.0579677 0.727946
-0.0326608 0.0956671 0.699741
-0.0699102 0.0969599 0.692404
-0.147479 0.00789382 0.692136
-0.110453 0.138894 0.66251
-0.0513212 0.11214 0.689623
-0.142307 -0.0195947 0.718841
-0.159141 0.0619241 0.690582
0.0284732 0.169814 0.846141
-0.191212 0.104338 0.799114
-0.147602 0.0138748 0.711116
-0.109157 -0.0973348 0.676119
-0.109124 0.0282311 0.7037
0.37384 0.161931 0.621636
-0.162663 0.0998246 0.822912
0.0890044 0.117003 0.748508
0.004448 0.108796 0.778231
0.452568 -0.257868 1.61047
-0.0780099 0.125185 0.695292
0.480999 -0.346321 1.40068
0.459487 -0.149934 1.36855
-0.0686856 0.16299 0.66104
0.414793 -0.123304 1.39817
-0.159341 0.138421 0.718421
0.375993 -0.35906 1.46316
-0.0856185 0.089365 0.703916
0.475122 -0.085761 1.32556
-0.135319 0.00765387 0.72645
0.486163 -0.281322 1.3793
-0.120936 -0.00648537 0.730995
0.297838 -0.0787143 1.53119
0.535669 -0.244393 1.41779
-0.0646085 0.133802 0.694638
-0.18917 0.11495 0.769215
0.0272725 -0.113098 0.960707
0.0324164 -0.177429 0.93978
-0.0860407 0.0890754 0.693313
0.00419126 0.102745 0.797267
0.0489919 -0.121698 0.944359
-0.0713864 0.17349 0.669853
0.284855 0.110899 1.60049
0.564453 -0.0948047 1.23796
-0.0915982 0.0694089 0.739252
0.473794 -0.347505 1.41678
-0.0583931 0.181999 0.679316
0.317254 0.165871 0.587598
0.47868 -0.270311 1.36375
0.480112 -0.168741 1.3331
-0.13033 -0.0848029 0.745354
0.198713 -0.277645 1.70878
0.449688 -0.39347 1.41141
-0.129095 0.140436 0.663159
0.533825 -0.389438 1.28494
-0.0718989 0.173274 0.67194
-0.113243 0.0613242 0.681344
0.488638 -0.195484 1.33744
0.370416 -0.134634 1.47549
-0.112742 0.138778 0.67281
0.535792 -0.252733 1.36677
-0.0999288 -0.00738498 0.700219
-0.223507 0.0101015 0.78374
0.527077 -0.188189 1.29212
0.207955 -0.53205 1.61898
0.136216 0.148941 0.688568
0.389265 -0.0517972 1.40872
0.0265369 0.180922 0.814593
-0.177381 0.0186074 0.734133
0.381833 -0.204017 1.44683
0.289706 0.00279725 1.57962
0.478899 -0.165034 1.32622
-0.167904 0.235907 0.782819
0.560316 -0.300624 1.21929
0.534322 -0.336403 1.27162
0.237614 0.0454674 0.998361
0.358094 -0.509802 1.53853
0.322358 -0.0116118 1.48785
0.197651 0.178602 0.717139
0.353224 -0.00794688 1.39215
-0.177319 0.0176835 0.739275
0.54945 0.026529 1.25964
-0.152389 0.0900098 0.725792
0.518452 -0.303459 1.27153
0.515698 -0.0413967 1.25923
0.42369 -0.26923 1.37947
0.339127 -0.0130216 1.54659
-0.118128 0.10397 0.685147
-0.0818755 0.0177522 0.72397
0.225788 -0.100263 1.6269
-0.0890869 -0.1282 0.743147
0.372507 -0.0877568 1.49854
0.278935 -0.134303 1.5989
0.125337 -0.345118 1.77699
0.19438 -0.26683 1.63566
0.205033 -0.177166 1.63889
0.434063 -0.119846 1.38531
0.0263315 -0.180058 1.0542
-0.0584446 0.183663 0.686807
0.296233 0.16187 0.579344
0.394321 -0.188923 1.42724
0.216033 -0.546364 1.66726
-0.0536836 -0.0297142 0.731833
0.396089 -0.0836817 1.40283
-0.0472222 0.0944833 0.715594
-0.0182314 0.210619 0.715837
0.374387 0.0387417 1.51396
0.140953 -0.43205 1.7515
-0.00541762 -0.122679 0.853712
-0.201536 0.0543038 0.76853
0.356996 -0.085556 1.45255
-0.137252 0.0148635 0.700862
0.0681293 0.203545 0.604563
0.104504 0.204687 0.616973
-0.0596156 0.181436 0.674012
0.238192 -0.583274 1.75346
0.503036 0.0235297 1.28076
-0.0378238 0.142542 0.702505
-0.0743841 0.00896321 0.712952
-0.118309 0.102416 0.681752
0.463215 -0.254268 1.36586
-0.0527994 -0.0293105 0.725256
0.510175 -0.156826 1.29323
0.154914 -0.356172 1.71122
0.190392 -0.592083 1.71537
-0.119628 0.185361 0.647181
-0.111963 0.0626666 0.665074
0.469804 -0.345059 1.352
0.333619 -0.531472 1.54784
0.405769 -0.0889529 1.40082
0.300507 -0.363548 1.55758
-0.042121 0.00129796 0.678558
-0.158471 -0.00738138 0.759227
-0.152932 -0.00507727 0.730679
0.471251 -0.403218 1.33653
-0.100428 -0.0421235 0.722274
0.580355 -0.337896 1.61402
-0.120529 0.105337 0.68653
0.597841 -0.306395 1.14924
0.542386 -0.175021 1.26127
0.614727 -0.1612 1.16244
0.115416 0.198622 0.556349
0.371832 -0.634573 1.15739
0.407011 -0.165486 1.40233
0.0873271 -0.491923 1.83738
0.715016 -0.275936 1.05974
0.560355 -0.389763 1.21336
0.231952 0.0254222 1.63238
0.392331 -0.0832769 1.3966
0.190881 -0.268832 1.68574
0.31706 -0.372645 1.52742
0.429613 -0.233565 1.38053
0.290019 0.00425428 1.56911
-0.0131551 -0.57255 2.00762
0.483544 -0.308596 1.35932
-0.178463 0.218341 0.371076
-0.196419 0.256808 0.625855
-0.179744 0.137152 0.484401
0.0117612 0.078731 0.648835
-0.268489 0.166304 0.50698
-0.143321 0.103092 0.719208
-0.154042 0.202482 0.43082
-0.193681 0.18138 0.425966
-0.143679 0.16285 0.432873
0.219665 -0.3512 2.39179
-0.322166 0.299167 0.540073
-0.141232 0.183518 0.375316
-0.216475 0.129054 0.493908
0.049961 0.251367 0.664928
-0.164389 0.185026 0.302265
-0.163793 0.185068 0.310188
0.10688 0.247326 0.732166
-0.156511 0.195871 0.34447
0.206109 0.221719 0.718256
0.238255 -0.274211 1.63175
-0.197477 0.149835 0.723871
-0.620345 0.159304 1.46582
0.51828 -0.147731 1.28196
0.565807 -0.133662 1.27248
0.41229 -0.121807 1.38524
0.469105 -0.14472 1.35442
0.436376 -0.207353 1.39587
0.431202 -0.123056 1.38614
-0.147647 0.0565482 0.621333
0.56953 -0.194248 1.21232
-0.169076 -0.0112094 0.722009
0.619712 -0.227152 1.16209
0.700593 -0.344586 1.09376
0.610151 -0.100956 1.16622
-0.626771 -0.793583 4.35691
-0.2149 0.119279 0.885123
0.0962355 0.192781 0.514658
-0.168857 0.203627 0.757247
-0.17497 0.120771 0.299531
-0.0310285 0.165048 0.29407
-0.298677 0.310915 0.865865
-0.15555 0.0634544 0.334432
0.0693325 0.187681 1.02001
-1.33829 -0.634471 2.96036
0.475098 -0.549717 1.41212
-0.513609 -0.169847 1.39572
-0.0712704 0.0104787 0.492187
-0.121511 0.0600546 0.459747
-0.129775 0.158758 0.305075
0.0389698 -0.242676 1.1099
-0.892832 -0.330903 1.89178
-0.366267 -0.173681 1.66995
-0.154963 0.0191527 0.418588
0.666083 -0.278413 1.13707
-0.248496 -0.101654 0.731705
-0.208648 -0.0622171 0.785676
-0.161582 0.113976 0.333902
-0.0665896 0.116504 1.15816
-0.180483 0.0474945 0.390848
-0.173527 0.0468799 0.566262
-0.170239 0.0245685 0.765608
-0.147263 0.035371 0.70912
-0.180588 0.0262638 0.751882
0.157722 -0.583391 1.80296
-0.0987555 -0.121529 0.724924
0.155032 -0.462371 1.83104
-0.0861202 0.088853 0.702723
0.361388 -0.43293 1.51406
-0.169915 0.228732 0.763025
-0.158642 0.209481 0.698708
0.00463717 0.102499 0.801157
0.517932 -0.306129 1.28066
0.563722 -0.170691 1.2346
0.198081 -0.427254 1.71543
0.255969 -0.355296 1.59801
0.548284 -0.257909 1.38046
-0.0908496 0.184544 0.675896
-0.153978 0.0586859 0.673505
0.512559 -0.373375 1.28191
-0.144848 0.0398571 0.71153
-0.147973 0.0414516 0.733185
0.528291 -0.443741 1.26943
0.534694 -0.156253 1.28166
0.509853 -0.45965 1.34828
0.348316 0.158143 0.652415
0.50319 -0.370669 1.43731
0.534724 -0.228788 1.27684
-0.145058 0.0413222 0.722078
0.485121 -0.478902 1.31249
-0.155028 -0.136212 0.763948
0.0048401 0.102395 0.800815
-0.163771 0.028984 0.729237
-0.127948 0.00822159 0.705663
-0.164498 0.132079 0.731707
-0.12728 0.00698704 0.721655
0.266204 -0.367274 1.63138
-0.139057 -0.0186021 0.697541
0.287683 -0.0702905 1.47716
0.14042 -0.317602 1.58905
-0.128278 0.100952 0.691837
-0.160989 0.130333 0.801038
-0.176561 0.0305116 0.61668
-0.841967 -0.240235 1.93774
0.270388 -0.392488 1.61485
0.465694 -0.334866 1.36864
-0.328617 0.407517 1.56535
-0.272013 0.0135603 1.22786
-0.00890334 -0.0515323 0.821993
-0.148043 0.258297 0.984308
-0.219628 0.0475191 0.65306
-0.123075 0.111994 0.633362
0.210058 0.113857 1.33601
-0.303784 0.378789 1.38481
-0.330527 0.145056 1.21288
0.577412 0.113684 1.02018
-0.129276 0.224948 0.742972
0.31901 0.167242 0.630764
-0.238938 0.0450499 0.928956
-0.394304 0.38592 1.00332
-0.231345 0.12483 1.0077
-0.242261 0.12003 1.10984
-0.221408 0.392157 1.44463
0.295615 0.301951 1.19482
-0.00538566 0.0179318 0.769109
-0.127025 0.237497 0.837669
-0.126826 0.246575 0.930789
-0.0973928 0.080981 0.663526
-0.0521247 0.0979527 0.71219
-0.133507 -0.0118059 0.649302
-0.159021 0.138639 0.710975
-0.103844 0.230351 0.803594
0.358933 0.162361 0.657513
0.0569864 -0.00957946 0.334881
-0.124603 0.160323 0.111356
0.567564 -0.16987 1.23892
0.505233 -0.11967 1.30781
0.464365 -0.146422 1.3577
0.306902 -0.453003 1.57435
0.679078 -0.204399 1.09382
0.239167 -0.452123 1.61006
-0.134314 0.0912091 0.272538
-0.0723657 0.0176292 0.858699
0.328966 0.14823 0.63549
-0.151937 0.0244088 0.86603
0.0269741 0.140948 0.680669
0.279934 0.118291 0.673181
-0.100172 -0.0690129 0.720427
-0.187049 0.115378 0.722522
-0.19219 0.0946869 0.750263
-0.0644609 0.133413 0.69292
-0.132582 -0.0843885 0.744071
-0.144835 -0.123728 0.744155
-0.111948 0.131121 0.633569
-0.0427535 0.000696176 0.673705
0.0308486 0.184427 0.84941
-0.0918547 0.18801 0.683696
-0.129734 0.139975 0.662414
0.0594778 0.157222 0.793955
-0.088515 0.0645148 0.687032
-0.135162 0.0239932 0.728457
0.162557 0.0789265 1.03871
-0.0843525 0.016893 0.683872
-0.0875821 0.146983 0.661557
0.303425 0.1304 0.695618
-0.0969149 0.0581034 0.717745
0.0376613 0.0415246 0.82156
-0.089908 0.16172 0.6592
-0.0807436 -0.108682 0.71775
-0.147377 0.0343229 0.721706
-0.0860912 -0.105652 0.697939
-0.121722 0.103085 0.68137
0.28489 -0.368027 1.66157
0.229397 -0.298018 1.8377
-0.0817767 0.0181944 0.721558
0.256946 -0.356975 1.60559
0.292825 0.00351585 1.5933
0.356683 0.057094 1.36743
0.0341966 0.200781 0.904212
-0.0851906 0.149075 0.659869
-0.0930248 0.0581614 0.687536
-0.0844525 -0.108269 0.706773
-0.0452356 0.150184 0.674665
-0.102122 -0.0728049 0.731369
-0.155571 0.0306802 0.746351
-0.0785793 0.126038 0.695021
-0.0733484 0.0244719 0.677844
-0.12804 0.0554753 0.616703
-0.0537003 0.104042 0.702719
-0.0999333 -0.136001 0.740338
-0.173701 0.155537 0.728033
-0.0657324 0.0132066 0.735209
0.027303 0.0246162 0.809649
-0.073026 0.163819 0.629976
-0.0738144 -0.129401 0.717269
0.296467 0.134955 0.579784
-0.0506784 -0.0268952 0.679177
-0.20355 0.196761 1.02281
-0.0754154 0.124115 0.706094
-0.0524117 0.10847 0.699978
-0.153344 0.079936 0.736053
-0.0567254 0.0164471 0.792005
0.0282043 0.124393 0.633209
-0.127915 0.190551 0.774871
-0.152764 -0.123658 0.738861
0.198326 0.102623 0.681122
0.0188936 0.00833005 0.828232
0.49209 -0.131236 1.32462
0.604253 -0.223171 1.14959
0.493651 -0.0344277 1.35712
0.634894 -0.069331 1.1499
0.662915 -0.195481 1.12106
0.534982 -0.173699 1.2541
0.478586 -0.355475 1.37242
0.526038 -0.151811 1.2961
-0.0392793 0.127522 0.728113
0.287478 -0.256291 1.52565
0.620657 -0.293397 1.16704
0.663675 -0.322144 1.11664
0.663786 -0.167717 1.12413
0.613852 -0.155282 1.19592
0.566209 -0.187836 1.22327
0.532581 -0.282311 1.28157
0.42216 -0.45249 1.41449
0.533641 -0.282049 1.28303
-0.223764 0.146536 0.426701
0.268432 0.102532 0.71238
0.619681 -0.221735 1.12282
0.574199 -0.233192 1.23131
0.562299 -0.129455 1.25595
0.461774 -0.344852 1.37383
-0.111473 0.0878127 0.766148
0.648567 -0.268497 1.11499
-0.0566544 0.0619261 0.461437
0.631036 -0.347935 1.14938
0.643388 -0.321142 1.16285
-0.174297 -0.137142 0.782732
0.00434735 0.270228 1.19249
0.64529 -0.199943 1.14425
-0.173537 0.124167 0.294008
0.153603 0.16031 0.620613
0.482755 -0.556146 1.42561
-0.2219 0.118902 0.847788
0.149852 0.160092 0.611512
-1.19182 -0.597847 2.65165
0.28533 -0.431422 1.56831
-0.992352 -0.469254 2.14411
0.289485 -0.141519 1.53993
-0.128058 -0.109503 0.743793
0.202817 -0.243688 1.0933
0.444265 -0.299535 1.38256
0.254913 -0.00769121 1.63119
0.156064 -0.247108 1.75977
0.418204 -0.170706 1.4255
0.210605 -0.0632188 1.66106
0.564287 -0.0793648 1.23863
-0.21925 0.154854 0.472876
-0.177937 0.202857 0.435475
-0.272479 0.179109 0.488691
-0.213754 0.205494 0.462971
-0.235982 0.159065 0.448898
-0.205091 0.238344 0.497558
-0.372193 0.183666 0.578517
-0.304517 0.188005 0.555199
0.0697883 0.172053 0.879387
-0.134106 0.179686 0.602518
-0.438765 0.401051 0.929058
-0.0944162 0.195802 0.524873
-0.204956 0.196828 0.543251
-0.201237 0.223568 0.473314
-0.234661 0.210175 0.498738
-0.146378 0.110591 0.642029
-0.151258 0.0952542 0.561617
-0.521147 0.409715 0.873263
0.00684533 0.242286 0.51983
-0.213151 0.193369 0.456464
-0.213349 0.138368 0.470714
-0.493042 0.424798 0.988453
-0.530001 0.193294 0.885281
-0.690913 0.250937 0.938045
-0.16767 0.171808 0.326112
-0.426595 0.295205 0.677025
-0.531473 0.322178 0.630519
-0.0744039 0.191698 0.544047
-0.259991 0.108515 0.47802
-0.321646 0.0515398 0.66182
-0.571294 0.460378 1.98213
0.00819863 0.0504665 0.801327
-0.200587 0.187794 0.353725
-0.373758 0.0813319 1.0309
-0.0796152 -0.262677 4.20793
-0.194461 0.185847 0.324541
0.50806 -0.414976 1.29736
-0.282678 -0.089573 1.72972
-0.141307 0.129317 0.344988
-0.2203 0.173433 0.397764
0.658141 -0.165883 1.12025
-0.206991 0.190601 0.382124
-0.14257 0.142638 0.251042
-0.140066 0.212579 2.99418
-0.174492 0.169805 0.219159
-0.0839461 0.0889851 0.705817
-1.21828 -0.17832 2.68699
0.394219 -0.155816 1.34873
0.421535 -0.483093 1.43325
0.273866 0.110647 0.693503
-0.145035 0.158853 0.14157
-0.145143 0.158857 0.141825
-0.17769 0.14704 0.461145
0.671989 -0.153188 1.10787
-0.140362 0.241214 0.769979
0.734756 -0.460988 1.1246
0.280168 -0.539081 1.61745
0.0375849 -0.0764983 0.498428
0.507243 -0.161362 1.33527
0.561148 -0.21719 1.23892
-0.218637 0.0216172 1.02505
0.00580801 -0.128445 0.74061
0.594603 -0.222092 1.20579
0.667 -0.269393 1.12422
-0.186369 0.175714 0.249779
-0.154423 0.150637 0.192354
-0.220478 0.150128 0.330719
-1.28935 -0.351695 2.53771
0.441278 -0.0705876 1.22581
1.29344 -0.487133 1.8181
-0.119562 -0.0202862 0.667807
-0.183253 -0.0241164 0.702742
-0.147061 0.0587921 0.373299
-0.110438 -0.0777319 0.759102
-0.148394 0.167594 0.20984
0.140417 0.161697 0.57013
0.286968 0.0995381 0.538931
0.600387 -0.121605 1.15287
-0.0785719 0.148322 0.189303
0.268878 -0.20424 0.745795
0.385435 0.0628537 0.64799
0.534238 -0.530951 1.32519
0.000733901 -0.58271 1.95658
0.537224 -0.395963 1.29288
-0.293907 0.18684 0.519678
-0.347398 0.23998 0.563354
-0.153402 0.128807 0.472109
-0.154108 0.130631 0.456023
-0.128571 0.21129 0.425684
-0.171786 0.0842344 0.64346
-0.179781 0.150763 0.364793
-0.270726 0.18573 0.513159
-0.295596 0.150264 0.479017
-0.166776 0.158294 0.438568
-0.393194 0.15985 0.601683
-0.254857 0.141985 0.461279
-0.167508 0.156366 0.449867
-0.172285 0.090224 0.50338
0.275485 0.0460531 1.63646
-0.178113 0.199983 0.412922
0.0234398 0.213082 0.518917
-0.308993 0.194911 0.52468
-0.17294 0.160867 0.416318
-1.71125 -0.453331 2.75805
-1.71247 -0.43378 2.84663
0.0482845 -0.46503 1.92795
0.327405 -0.0124914 1.49451
0.486667 -0.484635 1.35381
-0.539782 0.508452 0.896457
0.0456104 0.211848 0.42267
-1.21011 -1.20456 3.57124
-0.189197 0.149866 0.43213
0.0342091 0.254752 0.619215
-0.00634703 0.209406 0.454378
-0.0985376 0.207267 0.563169
-0.178698 0.193163 0.304437
-0.00706431 0.225568 0.508483
-0.265192 0.183349 0.480404
-0.102828 0.203176 0.53668
-0.257492 0.290395 0.764945
-0.198204 0.186795 0.119103
-0.147387 0.13902 0.451006
0.407221 -0.0893105 1.40947
0.299397 -0.154366 1.45993
-0.0411646 0.142696 0.716782
0.283652 -0.541083 1.62153
0.530076 -0.425492 1.32115
-0.814027 -0.48106 2.29268
-0.801952 -0.47353 2.26754
-0.214782 0.187991 0.278792
-0.15842 0.227685 0.707752
-0.162068 0.12212 0.178686
0.0282554 0.170693 0.788792
-0.155147 0.0241024 0.389665
0.0180691 0.171594 0.77765
0.600557 -0.277731 1.16374
0.537271 -0.456101 1.30254
-0.0785586 0.107619 0.633325
0.335945 -0.0749444 1.39769
-0.135168 0.0947313 0.326751
0.421981 0.0439985 1.06323
-0.0349357 0.117998 0.569962
0.286638 0.119547 0.676413
0.216465 0.157977 0.468742
0.171396 -0.386257 1.75168
0.299941 -0.491293 1.63211
0.507571 -0.159107 1.29849
-0.004168 -0.420451 1.97093
0.346824 -0.435722 1.50109
0.605514 -0.212892 1.18272
0.0319113 -0.545468 2.36543
0.552134 -0.385427 1.20445
0.275021 -0.13158 1.55074
0.125056 -0.341771 1.77454
0.416419 -0.326403 1.44734
0.153592 -0.247494 1.75873
0.618639 -0.312229 1.16303
0.523157 -0.123404 1.33482
0.237575 0.0237975 1.64438
-0.213743 -0.654204 2.24077
-0.545512 -0.669432 2.69036
0.527437 -0.115275 1.29205
0.620226 -0.237922 1.15198
0.593535 -0.225195 1.2105
0.157804 -0.370754 1.72721
-0.171454 0.175831 0.0879511
0.208237 -0.169756 1.13814
-0.0266153 0.178971 0.445867
-0.190466 0.173585 0.144927
0.253355 -0.343247 1.51619
0.0921472 -0.612116 1.84579
0.208437 -0.229357 1.41794
0.254156 -0.275615 1.56252
0.608356 -0.16923 1.18791
-0.150159 0.0506853 0.572097
0.617958 -0.297625 1.17404
0.577592 -0.0960773 1.16475
0.206632 -0.0583293 1.66534
0.500153 -0.140195 1.27222
0.132295 -0.323579 1.57483
-0.153948 0.0392166 0.970001
0.0897859 -0.612948 1.85464
-0.293787 0.188563 0.478406
-0.367016 0.128407 0.581848
-0.275884 0.32882 0.419096
-0.194943 -0.12972 1.56981
-0.272918 0.323488 0.408472
-0.338173 0.27111 0.351007
-0.161476 0.178536 0.328437
-0.224785 0.214645 0.449838
-0.40975 0.390425 0.563841
0.157255 0.271328 0.701954
-0.152994 0.185129 0.428683
-0.212533 0.14452 0.430581
-0.263872 0.124211 0.494571
-0.140212 0.183333 0.380781
-0.319258 0.355252 0.476848
-0.147996 0.118767 0.49821
-0.0713685 0.234006 0.788012
-0.208117 0.156939 0.45509
-0.612566 0.404273 1.4803
-0.541498 0.359395 1.24692
-0.235199 0.206199 0.486761
-0.249144 0.132376 0.468783
-0.193613 0.191863 0.245431
-0.485147 0.256737 0.657011
-0.236877 0.12589 0.480537
0.0871502 0.203212 0.632189
0.129333 -0.0387395 1.80723
0.127417 -0.0348898 1.77301
-0.464264 0.443565 0.684419
-0.176951 0.144234 0.407114
0.280463 0.103883 1.61017
-0.17895 0.106479 0.42928
-0.256211 0.167545 0.474096
-0.230443 0.15735 0.449475
-0.447951 0.224505 0.646187
-0.266431 0.137383 0.439985
-0.191647 0.148525 0.452262
-0.213595 0.179495 0.406409
-0.189851 0.149772 0.436524
-0.20959 0.198104 0.41771
-0.31539 0.32371 0.417275
-0.288259 0.23071 0.359132
-0.162356 0.177939 0.350423
-0.19562 0.261849 0.523758
-0.554228 0.438068 0.864503
-0.244842 0.305975 0.377436
-0.273248 0.327357 0.416351
-0.325929 0.32213 0.345462
-0.29924 0.228318 0.403021
0.264589 0.0438624 1.62577
-0.245473 0.113133 0.440932
-0.206387 0.194607 0.396514
-0.695907 0.552694 0.981219
-0.745088 0.0318809 1.22835
-0.478752 0.256365 0.643908
-0.169696 0.201144 0.323016
-0.240032 0.122438 0.501383
-0.191102 0.132761 0.438982
-0.612055 0.330722 0.770241
-0.245946 0.135791 0.41562
-0.239277 0.137385 0.463337
0.305387 0.0306352 1.51139
0.450774 -0.302478 1.39387
-0.37019 0.527795 0.859196
-0.240543 0.165892 0.467795
0.201611 -0.176071 1.63368
-0.254229 0.121684 0.44167
-0.219464 0.0975051 0.428792
-0.202666 0.121333 0.462604
-0.183832 0.091304 0.514912
-0.272963 0.156096 0.562999
0.198097 -0.358306 1.64056
-0.238918 0.0910005 0.582844
-0.260808 0.0703531 0.60932
0.256601 -0.174052 1.59293
0.0839241 0.220153 0.605157
0.045241 0.226851 0.56855
-0.166615 0.206437 0.452693
-0.335629 0.328563 0.788772
-0.30265 0.166115 0.512266
-0.154308 0.185962 0.422346
0.223635 -0.0987597 1.62041
-0.152777 0.182678 0.397416
-0.17147 0.181601 0.29859
-0.205188 0.195469 0.382577
-0.184605 0.195574 0.281124
0.225384 -0.610162 1.63297
0.529829 -0.384979 1.27899
0.531871 -0.334595 1.26118
0.128266 0.152169 0.629992
0.237029 0.161818 0.524926
-0.198003 0.213674 0.71298
-0.166439 0.306778 0.768504
-0.18849 0.171566 0.202942
-0.240143 0.33077 2.25616
-0.123678 0.239861 0.504998
-0.147913 0.123969 0.52962
-0.201561 0.165667 0.195011
-0.256347 0.27909 0.734047
-0.181593 0.145835 0.398992
-0.207921 0.152602 0.456493
0.0783449 0.194484 0.562032
-0.206415 0.174861 0.399063
-0.230259 0.219126 0.511779
-0.218189 0.15399 0.468644
0.00224321 0.206287 0.413782
-0.133998 0.205712 0.432725
-0.0870533 0.109464 0.655456
0.0882628 0.206958 0.625761
-0.215266 0.206784 0.464162
-0.180994 0.166517 0.395654
-0.0181984 0.235767 0.513301
0.00794044 0.226418 0.480807
-0.237648 0.141475 0.439082
-0.141671 0.135015 0.456066
-0.338507 0.335034 0.788062
-0.209177 0.252465 0.58111
-0.16602 0.168359 0.215429
-0.236183 0.164068 0.444653
-0.18197 0.174221 0.208949
-0.216651 0.22704 0.386442
-0.466285 0.361718 1.33803
-0.227805 0.182173 0.435033
-0.245688 0.193169 0.500587
-0.211654 0.176188 0.430186
-0.234599 0.180339 0.471839
-0.212926 0.20538 0.445885
-0.598239 0.396735 0.783819
-0.14799 0.186901 0.533234
-0.175663 0.015666 0.930362
-0.542271 0.437534 0.906849
-0.167835 0.135143 0.446958
-0.223661 0.144945 0.320836
-0.177365 0.144865 0.487719
-0.200965 0.125009 0.436951
-0.193838 0.110356 0.406121
-0.212437 0.151408 0.487752
-0.244378 0.140076 0.43133
-0.207487 0.159226 0.439665
-0.272125 0.0556133 0.679285
-0.181643 0.107203 0.413969
-0.235335 0.181915 0.490731
0.0249884 0.232434 0.531162
-0.274464 0.108055 0.513538
-0.389008 0.375592 0.798078
-0.196788 0.16163 0.433039
0.0230445 0.216133 0.522801
-0.451577 0.376378 0.707103
-0.20098 0.122413 0.453617
-0.584489 0.623602 1.05253
-0.21079 0.172677 0.427089
-0.256301 0.1517 0.469237
-0.363848 0.311981 0.508768
0.0403825 0.0883417 0.61113
-0.270103 0.19236 0.497596
0.249834 -0.00495276 1.61136
0.193185 0.0605761 1.6948
0.21402 -0.0504684 1.64608
-0.0251399 0.24661 0.4338
-0.247323 0.100105 0.489611
-0.519381 0.429361 0.708539
-0.0961516 0.171124 0.62444
-0.305778 0.190394 0.510807
-0.269648 0.145638 0.478298
-0.238349 0.138895 0.472945
0.14697 -0.227295 1.71729
0.481216 -0.0325624 1.32775
0.487884 -0.313699 1.3406
0.32362 -0.164791 1.48235
0.488254 -0.0748859 1.30759
0.104651 -0.511625 1.82659
-1.46984 -0.406219 2.93831
0.219169 -0.466172 1.6497
0.277889 -0.412569 1.64551
0.364104 -0.190567 1.48613
0.191822 -0.365217 1.75746
-1.41759 -0.250556 2.84011
-0.16143 0.16394 0.1869
-0.307086 0.180735 0.378512
-0.404448 0.179498 0.786222
-0.534742 0.323416 0.716729
-0.169806 0.200056 0.316765
-0.228133 0.0830507 0.498645
-0.366968 0.167699 0.599781
-0.197951 0.0950195 0.609285
-0.19241 0.128426 0.475136
-0.228004 0.15616 0.439074
0.5201 -0.453194 1.48678
0.50889 -0.268389 1.30578
0.311143 -0.3064 1.52955
-0.249919 0.137796 0.450494
0.177231 0.0216562 1.75255
-0.173549 0.157294 0.460395
-0.288225 0.080236 0.486986
0.052572 0.126976 0.93823
-0.168007 0.181961 0.300527
-0.164204 0.175675 0.356614
-0.170717 0.192204 0.27052
0.238648 0.0240984 1.62943
-0.24284 0.149416 0.393565
-0.180309 0.165856 0.394866
-0.206164 0.173895 0.369041
-0.168163 0.18202 0.296182
-0.842218 0.162724 1.25365
-0.156101 0.178767 0.409782
-0.235492 0.191793 0.458617
-0.339795 0.0758562 0.631658
-0.215544 0.19203 0.402824
-0.84158 0.102415 1.16628
-0.233807 0.0981762 0.472301
-0.284108 0.139397 0.522824
-0.170219 0.268201 0.566106
0.574817 -0.20662 1.23167
0.251314 -0.305645 1.61708
0.139002 -0.223345 1.50377
-0.227382 0.150676 0.531516
-0.379769 0.173684 0.580205
0.0286271 0.226607 0.564858
-0.2175 0.237478 0.533747
-0.737714 0.128736 1.415
0.493756 -0.010653 1.32629
-0.165725 0.207304 0.458214
-0.356528 0.177386 0.522769
-0.35184 0.165594 0.573466
0.399359 -0.0561264 1.42256
-0.142195 0.18128 0.51316
0.252826 -0.306331 1.61613
0.454628 -0.231198 1.37314
0.470941 -0.172432 1.3472
0.425663 -0.0836544 1.38341
-0.183808 0.182335 0.320303
-0.0603456 0.214805 0.360345
-0.453424 0.222853 0.688331
-0.200247 0.208147 0.435301
-0.221864 0.128328 0.412693
-0.283147 0.200425 0.567463
-0.241846 0.131327 0.404475
-0.0970513 0.213575 0.580634
-0.18692 0.153401 0.381053
0.144823 -0.162615 1.17809
0.134598 0.29386 0.923063
-0.265581 0.168758 0.500215
0.461564 -0.0887829 1.3107
0.172381 -0.343114 1.70863
0.140472 -0.124497 1.72562
0.437202 -0.118339 1.38012
-0.115556 0.217429 0.435278
0.299028 -0.0764429 1.50952
-0.196558 0.161808 0.425696
-0.2596 0.167305 0.485139
-0.173145 0.19032 0.280081
-0.3923 0.438351 0.65732
-0.550389 0.273992 0.776841
-0.586889 0.359648 0.712852
-0.504418 0.33542 0.886682
-0.242796 0.0880507 0.517444
-0.00426246 0.220787 0.408379
-0.189501 0.205087 0.332944
-0.273064 0.149008 0.465592
-0.569068 0.382476 0.718841
-0.331916 0.319276 0.402233
-0.00565838 0.242758 0.445525
0.104602 0.264363 0.795713
0.0114631 0.260948 0.513605
-0.301501 0.191846 0.574235
-0.174433 0.132251 0.34991
-0.186781 0.18121 0.39744
-0.0621603 -0.605227 2.22209
-0.264083 0.091491 0.507549
0.325956 -0.16543 1.49725
-0.205285 0.154541 0.439696
-0.266529 0.185467 0.469407
-0.380653 0.173639 0.5531
-0.306483 0.186266 0.524904
-0.230029 0.176932 0.454049
-0.358464 0.146325 0.580807
-0.163333 0.189937 0.408143
-0.260585 0.282671 0.769533
-0.124275 0.110719 0.559377
-0.217819 0.101172 0.416209
0.19033 -0.256531 1.6241
-0.367543 0.175691 0.553378
0.271522 -0.248611 1.56376
-0.223019 0.194133 0.56205
-0.191984 0.153235 0.377448
-0.162904 0.159322 0.487286
0.0380388 0.216985 0.557483
-0.0327979 0.228804 0.389121
0.0243795 0.221512 0.521239
0.0478659 0.220614 0.537233
0.0717367 0.245142 0.642734
-0.238022 0.102016 0.544685
-0.279561 0.302633 0.82879
0.272449 -0.0385947 1.08714
0.134665 0.198781 0.682838
-0.156541 0.190011 0.402754
-0.135844 0.143752 0.536453
-0.336003 0.328524 0.744627
-0.458203 0.416204 0.987967
-0.45003 0.296732 0.768688
-0.195654 0.162456 0.425327
-0.228976 0.149225 0.444243
-0.362002 0.346199 1.03552
-0.221902 0.153394 0.415272
-0.12775 0.230105 0.591134
-0.198042 0.0986032 0.470496
0.1423 0.226565 0.708689
-0.201075 0.211322 0.453875
0.019651 0.250441 0.575656
0.029482 0.208972 0.535121
-0.174678 0.169024 0.171004
-0.196476 0.162731 0.420807
-0.26731 0.146312 0.473702
-0.209506 0.261535 0.637017
0.360506 -0.206067 1.44606
-0.525754 0.272432 0.750982
-0.662723 0.343729 0.95128
-0.139215 0.21096 0.43061
-0.248413 0.1583 0.456703
-0.234038 0.161092 0.437434
-0.539114 0.430173 0.839327
-0.172391 0.177653 0.395727
-0.408229 0.0970829 0.670534
-0.418859 0.410582 0.901181
-0.275491 0.372985 0.668715
-0.224909 0.170818 0.419633
-0.344892 0.161918 0.537569
0.447878 -0.324931 1.35497
-0.103798 0.205179 0.52496
0.261484 -0.359982 1.59213
-0.14504 0.158484 0.37096
0.30813 -0.00822022 1.52252
0.208593 -0.0626075 1.68087
0.0797699 0.167656 0.906827
-0.208355 0.153633 0.412691
-0.12344 0.233689 0.459685
-0.326624 0.292608 0.350744
-0.879376 0.457284 2.24328
-0.528723 0.353745 1.80763
0.108575 -0.0924123 1.79843
-0.318349 0.126281 0.537023
0.288402 -0.142101 1.53181
0.165242 -0.227203 1.70788
0.19225 0.0623635 1.67038
-0.265622 0.147325 0.469695
-0.349948 0.166763 0.655521
-0.197566 0.130984 0.396066
-0.277956 0.165702 0.52761
0.0918954 0.207165 1.3221
-0.207926 0.13498 0.34094
-0.243086 0.12333 0.43598
-0.199 0.160092 0.447067
-0.173789 0.16755 0.621384
0.487772 -0.290008 1.35907
0.462466 -0.390926 1.37275
-0.230499 -0.539125 2.32476
0.302581 -0.0801572 1.53388
-0.145923 0.230125 0.415626
-0.210054 0.197167 0.419564
-0.169915 0.141349 0.313002
-0.431468 0.424197 0.754148
-0.297342 0.189121 0.490647
-0.171729 0.0967543 0.485061
-0.237952 0.17855 0.479008
-0.247095 0.138685 0.438577
-0.116482 0.156328 0.520835
-0.275438 0.174946 0.5133
-0.272142 0.0443571 0.589321
0.00846951 0.176426 0.669923
-0.226845 0.240751 0.497026
-0.544253 0.356624 0.946522
-0.297812 0.158095 0.509945
-0.169019 0.133512 0.367225
-0.150672 0.143192 0.312972
-0.288888 0.0751341 0.505709
0.301426 -0.266489 1.53132
0.151575 -0.404294 1.94956
0.451066 -0.365973 1.39621
-1.49526 -0.22846 2.89187
-0.163538 0.187086 0.307566
0.0779378 0.200137 0.614975
-0.277893 0.238916 1.121
-0.229324 0.084029 0.489576
-0.212269 0.185444 0.364287
-0.198927 0.233706 0.456533
0.00523494 0.234487 0.426157
-0.266815 0.125136 0.473549
-0.344135 0.241471 0.520301
-0.220354 0.177278 0.396092
-0.25904 0.116682 0.446168
-0.218141 0.142715 0.44991
-0.46178 0.0867915 0.790272
-0.227672 0.129943 0.278068
-0.483819 0.0440286 0.881733
-0.320101 0.0758568 0.519636
-0.202196 0.191086 0.146921
-0.245088 0.182428 0.250675
-0.157976 0.183368 0.247924
-0.18519 0.118278 0.381196
0.014797 0.251108 0.579092
-0.212533 0.175648 0.422982
0.292472 -0.0737054 1.49973
0.489027 -0.0434895 1.3083
-0.178905 0.189768 0.386901
0.0464228 0.23919 0.583073
-0.180867 0.184002 0.400374
-1.52578 -0.235711 2.9438
0.150079 -0.26699 1.75075
0.225576 -0.471718 1.66493
0.51849 -0.395309 1.3121
0.229363 -0.289515 1.61308
-0.00519596 -0.423074 1.9855
-0.246328 0.106647 0.519103
-0.327393 0.223626 0.538864
0.101702 -0.501952 1.80334
-0.659683 0.334945 0.865658
-0.145417 0.21872 0.444188
-1.54189 -0.172135 2.89359
-0.498191 0.0928414 0.743484
-0.67282 0.134883 0.972856
-0.182105 0.151973 0.194059
-0.254468 0.140713 0.460258
0.155043 0.22898 0.732187
0.222919 -0.01664 1.66896
0.292536 -0.352909 1.51405
0.30404 -0.445895 1.55789
-0.152959 0.176694 0.148102
-0.160295 0.179121 0.135372
-1.57589 -0.183426 2.92362
-0.0366157 0.231626 0.461611
0.440975 -0.0803379 1.36812
0.441613 -0.394572 1.39519
0.149279 -0.455643 1.72764
-0.203816 -0.579325 2.23026
-0.125729 0.136731 0.554261
0.0314208 0.210051 0.459958
-0.256067 0.138532 0.452038
0.0785169 0.20805 0.517956
0.0675528 0.207536 0.503005
0.0418623 0.224536 0.585001
-1.39504 -0.495093 3.1811
-1.69456 -0.256705 2.79738
-1.56916 0.149123 2.58873
0.125756 -0.349725 1.78031
0.054267 0.218438 0.52008
0.0789847 0.196041 0.464308
0.0312331 0.210938 0.49649
0.0730492 0.195737 0.456122
-0.0130846 0.215068 0.376839
0.0145437 0.207161 0.358705
0.0151241 0.230119 0.499857
0.0632024 0.20599 0.50248
-0.49773 0.464284 0.790031
0.0140456 0.198474 0.411403
0.271766 -0.375898 1.64937
0.00677313 0.217337 0.485892
-0.0746258 0.192235 0.475661
0.13241 0.202983 0.574722
0.345511 -0.528856 1.55639
0.125478 0.203187 0.56326
0.0111407 0.215186 0.380599
-1.42289 -0.745907 3.20347
-0.0147636 0.231841 0.487221
0.0596667 0.218235 0.540174
-0.0701943 0.193616 0.494107
0.0253405 0.246403 0.616597
0.0611382 0.220042 0.532783
0.0790919 0.196422 0.463653
-1.51116 -0.515839 3.24559
-0.227545 0.109506 0.398136
0.351436 -0.40219 1.548
-1.61584 -0.586588 3.15817
0.494727 -0.352017 1.3317
0.176821 -0.164913 0.80107
0.509434 -0.384938 1.28996
-1.81076 -0.494608 2.91562
0.514796 -0.303815 1.27012
0.145764 -0.557864 1.75289
-0.139877 0.102395 0.798683
-1.51834 0.0248328 2.64279
-1.59937 -0.224834 2.63651
0.278669 0.0548622 1.58302
-1.23294 1.33589 5.19115
-0.121922 0.149197 0.511545
-0.394287 0.326091 0.53517
-1.49264 -0.523474 3.1896
-0.438924 0.361265 0.684569
-0.164259 0.16575 0.191805
-0.370128 0.349974 0.47191
-0.161593 0.163637 0.186895
-0.170059 0.160736 0.277588
-0.169435 0.162598 0.259525
-0.57015 0.318181 0.715134
-0.464677 0.376969 0.743146
-0.184203 0.15092 0.199265
-0.28 0.231977 0.327714
-0.219569 0.205851 0.303346
-0.186989 0.164498 0.218204
-1.31513 -0.244192 3.11003
0.252467 0.116367 1.5979
-0.241321 0.1442 0.535137
-0.185002 0.148335 0.211934
-0.21307 0.161044 0.223881
-0.162789 0.17406 0.389689
-0.429827 0.510465 0.759845
-0.308896 0.142299 0.52973
0.0868666 0.262445 0.641154
-0.474246 0.54449 0.875017
-0.173236 0.0947451 0.508031
-0.441179 0.274352 0.801606
-0.437077 0.523566 0.824176
-0.372571 0.140405 0.608004
-0.247569 0.132302 0.466656
-0.231527 0.154134 0.367004
-0.209526 0.152322 0.469657
-0.216313 0.179256 0.285885
-0.315662 0.151911 0.48023
-0.308181 0.14715 0.451879
-0.274976 0.185377 0.45214
-0.245572 0.136205 0.430688
-0.209207 0.177551 0.410386
-0.304336 0.143893 0.512055
-0.269402 0.141127 0.371393
-0.528799 0.176846 0.855779
-0.171086 0.0988376 0.468239
0.443917 -0.24454 1.41189
-0.0949785 0.273116 0.687721
-0.21311 0.117763 0.522893
-0.0577004 0.313437 0.927317
-0.195857 0.0955984 0.500636
-0.172305 0.108099 0.396001
0.213948 -0.104443 1.63376
0.105992 -0.344533 1.71434
0.289187 -0.25835 1.53009
0.0921264 0.195751 0.590457
0.178558 0.0736545 1.72948
0.166872 -0.335168 1.68856
-0.245976 0.267327 0.660655
0.0386197 0.248075 0.55008
-0.58462 0.532307 0.965511
-0.102214 0.116664 0.616333
-0.0838928 0.202717 0.282248
-0.383461 0.285383 0.597084
-0.492708 0.408582 0.770531
-0.363399 0.261306 0.571686
-0.166885 0.169058 0.184078
0.0151354 0.22947 0.49639
-0.385379 0.266444 0.617812
-0.405058 0.246651 0.466801
-0.272016 0.228619 0.326747
-0.378698 0.261351 0.392327
0.536564 -0.10903 1.24547
0.0512419 -0.457428 1.86864
-0.368402 0.318859 0.404079
-0.484225 0.451361 0.766206
0.481609 -0.359816 1.38697
-0.582943 0.321361 0.730559
-0.382957 0.239274 0.445002
0.455674 -0.232742 1.37584
-0.780683 0.744028 3.10173
0.343098 -0.419443 1.4928
0.415236 -0.499772 1.44171
0.368236 -0.432209 1.51519
0.217296 -0.271705 1.63263
-0.0211086 0.219521 0.311193
0.0820444 -0.591209 1.85422
0.162756 -0.626385 1.75835
-0.170021 0.169093 0.147489
-0.142464 -0.498729 2.22701
-0.065813 0.223123 0.311365
-0.00873759 0.212608 0.368915
-0.0176333 0.209293 0.333376
-0.1743 0.15012 0.206428
-0.237125 0.125163 0.307485
-0.00752181 0.235743 0.533297
-0.217235 0.161036 0.214267
0.0401398 0.209694 0.413709
-0.190131 0.151536 0.212262
-0.432298 0.231232 0.599869
-0.186334 0.163834 0.328104
0.444816 -0.446817 1.44491
0.0512632 -0.478899 1.87036
0.0349201 0.258182 0.612688
-1.4132 -0.815047 3.2925
0.288328 -0.405875 1.68459
-0.194035 0.160999 0.28953
0.149103 -0.447684 1.76732
0.108482 -0.579588 2.20589
0.259228 0.0903043 1.64085
0.336931 -0.337155 1.53827
0.0514162 -0.473862 1.85246
-1.55382 -0.169063 2.92998
-1.59036 -0.882464 3.60954
0.512977 -0.397036 1.30052
0.126379 -0.399285 1.7665
-0.18882 0.163749 0.136709
0.0271022 -0.0877733 0.727856
-1.55229 -0.172521 2.92409
-0.00302362 -0.574659 1.98242
0.235762 0.00164255 1.64621
-0.535681 0.082956 1.56577
0.487282 -0.239091 1.31669
0.20393 -0.423602 1.70339
0.110056 -0.63695 1.84542
-0.188613 0.163487 0.145861
-1.0642 -0.631645 3.35722
0.365003 -0.109834 1.46189
-0.833594 -0.804556 2.97032
0.505807 -0.332883 1.35412
-0.373233 0.372589 0.615642
-1.63341 0.307674 2.71953
-1.03663 0.158711 1.63505
0.195378 -0.170595 1.60563
0.174486 -0.399348 1.81133
0.256411 -0.326253 1.52002
0.138279 0.213986 0.754207
0.344391 -0.336647 1.54797
0.415711 -0.47471 1.4191
0.430231 -0.0229875 1.34571
0.423252 -0.458729 1.42499
0.423316 -0.12449 1.39478
-0.0619575 0.0848556 0.477789
-0.112345 0.20409 0.666858
-1.74219 -0.587981 2.86701
-0.681516 0.112219 0.913431
0.12939 -0.353612 1.81196
0.39993 -0.346381 1.44974
-0.486331 0.275025 0.656426
0.02582 0.128034 0.50811
0.049692 0.201154 0.566409
0.00105708 -0.445154 2.04081
0.347242 0.0293682 1.2381
0.458694 -0.550141 1.43389
0.104807 0.157904 0.518189
0.389576 -0.0504639 1.41106
0.50507 -0.225232 1.28283
-0.165193 0.171412 0.164175
0.280079 -0.412582 1.62367
-0.269375 0.25257 1.12615
-0.140458 -0.49494 2.19802
0.513117 -0.3813 1.34121
0.182585 0.0693865 1.74138
0.232281 -0.393405 1.6234
0.518365 -0.185078 1.2807
-1.82226 -0.716803 2.97088
-0.38909 0.224082 0.501484
-0.936747 0.0894677 1.32577
-0.675456 0.533312 1.19815
0.406357 -0.229169 1.41205
-0.14258 -0.474812 2.17087
-0.169409 0.171442 0.199521
0.101632 0.198609 0.601326
-1.71021 -0.490956 2.79438
-0.184472 0.164804 0.379641
0.306756 -0.157729 1.51513
0.300262 -0.0773199 1.52585
0.195629 -0.388012 1.69816
0.0261581 -0.444121 1.93985
-0.35388 0.349933 0.857903
-0.552675 0.250921 0.792661
-0.639562 0.356472 0.805389
0.131345 -0.224707 1.78072
-0.446462 0.410401 0.957512
0.319431 -0.164845 1.46462
-1.54265 -0.311369 3.15441
0.488698 -0.361952 1.36084
0.342368 -0.153194 1.44771
0.450892 -0.437688 1.37501
0.309195 0.0326185 1.51468
0.519184 -0.0640588 1.23493
0.509295 -0.159328 1.30015
-1.55299 -0.421184 3.06948
0.511037 -0.17382 1.28699
0.497381 -0.443493 1.32304
-0.103397 0.164417 0.279889
-0.251934 0.195342 0.318158
-0.417291 0.300183 0.641335
-0.684109 0.355112 0.991283
-0.409257 0.296189 0.621801
-0.162552 0.169769 0.146751
-1.53217 -0.425486 3.05244
-0.409552 0.337151 0.571033
-0.142483 0.0995205 0.248732
0.301826 -0.156684 1.52554
-1.55741 -0.177766 2.91605
-1.48766 -0.275974 3.02303
0.214176 0.315504 1.11524
-0.520597 0.414808 0.76817
-0.190202 0.237279 0.466642
-0.16351 0.150283 0.249491
-0.514144 0.475075 0.827034
-0.205416 0.176619 0.381329
-0.214525 0.152504 0.287087
-0.986506 0.635147 2.94966
-0.0802304 0.166856 0.671337
-0.197448 0.187101 0.536774
-0.14874 0.172367 0.307135
-0.329435 0.38956 0.895581
-0.216673 0.178486 0.380729
-0.21385 0.200343 0.447708
-0.138794 0.207745 0.403018
-0.273611 0.211899 0.245594
-0.217458 0.194053 0.524607
-0.0876882 0.205757 0.554809
-0.192753 0.138477 0.243836
-0.196838 0.186313 0.485333
-0.209272 0.221812 0.520325
-0.204956 0.174686 0.390421
-1.55618 -0.68623 3.10025
-1.23421 -1.13145 3.75986
0.35204 -0.399119 1.51993
0.0942796 -0.61014 1.89857
-0.214397 0.143732 0.295788
-0.164537 0.152319 0.236168
-0.215241 0.147721 0.306752
-0.053453 0.22306 0.329001
-0.5758 0.337416 1.06859
0.0894632 -0.602685 1.8825
-0.786297 0.620746 3.08359
0.144807 -0.62561 1.77741
0.101229 -0.141667 0.881607
-1.53284 -0.236104 2.95111
-0.77922 0.270996 1.07657
-0.187606 0.159721 0.293699
-0.747099 0.563568 3.09692
-0.241323 0.124348 0.431177
-1.29163 -0.231573 3.05738
0.52969 -0.512042 1.42261
-1.40156 -0.654482 3.16312
-1.49868 -0.228612 2.89244
0.148191 -0.429819 2.15862
0.194718 -0.0381492 1.69957
0.140746 -0.376749 1.85463
0.311208 -0.156447 1.50685
0.244409 -0.00286069 1.6069
-1.52922 -0.0112159 2.71721
0.0687653 -0.217082 2.0926
-0.139934 0.123912 0.57983
0.230074 -0.101068 1.64005
0.335685 -0.313429 1.50825
0.226034 0.284108 1.03623
0.202798 -0.365631 1.65916
0.279669 -0.262822 1.56897
-0.22568 0.191262 0.229821
-0.51187 0.27792 0.644664
-0.159514 0.174036 0.183296
0.147547 -0.630279 1.79082
-1.00646 0.0146046 1.4194
-0.181046 0.151054 0.200948
-0.217516 -0.732319 2.29886
-0.216842 -0.721176 2.27168
-0.0482615 0.191968 0.631265
0.443413 -0.246567 1.34146
-0.786292 0.563506 3.09469
0.370375 -0.528303 1.57258
-0.134527 0.205301 0.374268
-0.323381 0.172007 0.561794
0.543972 -0.123946 1.25332
0.17627 0.0614669 0.971431
0.137717 -0.345016 1.72344
0.4769 -0.412336 1.35987
0.0979073 -0.321784 1.81641
0.175703 -0.223502 1.64657
-0.179476 0.173648 0.091745
-0.254799 0.234648 0.250583
-0.0854835 0.217129 0.265326
-0.194037 0.165409 0.17036
-0.0515113 0.201748 0.279137
-0.0734346 0.209385 0.274903
-0.05455 0.20623 0.25475
-0.0554934 0.193085 0.256682
-0.195599 0.164032 0.204066
-0.0631183 0.208501 0.247693
-0.261155 0.238494 0.263269
-0.208452 0.155423 0.289883
-0.125737 0.211857 0.204677
-0.215546 0.200349 0.461591
-0.216082 0.149539 0.293137
-0.131807 0.164932 0.380687
-0.187542 0.151077 0.192261
-0.0336271 0.196893 0.339707
-0.190309 0.150861 0.199966
-0.0289495 0.210066 0.346018
-0.131013 0.142636 0.299281
-0.0762485 0.222308 0.310396
-0.527484 0.430863 0.859221
-0.0332819 0.214345 0.293216
-0.187572 0.149273 0.176191
-1.59709 0.302076 2.64613
-1.80383 -0.143162 2.71861
0.208425 -0.066061 1.64475
-0.132071 0.195588 0.353264
0.26371 -0.49432 1.73338
0.103907 0.226303 0.700615
-1.36156 -0.69034 3.0136
-0.1984 0.162169 0.223116
-0.190201 0.169718 0.150449
-0.0550992 0.221661 0.303509
-0.0299124 0.214948 0.359105
-0.0176868 0.201991 0.32274
0.0183756 0.210811 0.36884
-0.0371841 0.211576 0.278956
-0.190179 0.167375 0.153725
-0.0240772 0.218668 0.307215
-0.0268224 0.208847 0.337941
0.0532674 0.20055 0.450628
-0.190754 0.176687 0.29442
-0.269861 0.244456 0.276843
-0.0239337 0.190577 0.312054
-0.18017 0.227495 0.422343
-0.141125 0.200819 0.340393
-0.185981 0.164305 0.269696
-0.203155 0.155852 0.245511
-0.188735 0.152524 0.191332
-0.0146329 0.20882 0.33663
-0.182147 0.175603 0.103556
-0.290544 0.258681 0.288618
-0.17935 0.206401 0.260693
-0.195877 0.166577 0.242935
-0.41259 0.462935 0.804893
0.000814271 0.252656 0.476263
-0.122073 0.199737 0.382472
-0.207626 0.162852 0.299957
-0.205136 0.155062 0.24889
-0.203843 0.15265 0.253054
0.510472 -0.182299 1.26527
0.0417357 0.255149 0.602898
-0.385327 0.376078 0.625241
-0.321795 0.0801224 0.792558
-0.332724 0.074367 0.845587
