-0.400581 0.0776985 0.951784
-0.289746 0.0767864 0.900329
0.349799 0.247871 1.45806
0.641138 0.120669 1.30682
-0.344591 0.0889721 0.799096
0.41879 -0.112362 1.39468
-0.108847 -0.0269927 0.857495
0.281513 -0.0887357 0.930932
0.873328 0.128433 1.81404
0.138444 0.101983 0.295257
0.0127793 -0.00744318 0.0622824
-0.060813 0.0378898 0.192032
-0.0622925 0.0349993 0.18214
-0.0893586 0.0356078 0.183443
-0.43146 0.115656 0.913206
-0.0782225 0.0396416 0.147411
-0.069859 0.0346148 0.149249
-0.173612 0.0728674 0.272787
-0.454792 0.0878094 0.916339
-0.184235 0.0687347 0.276262
-0.175046 0.0685303 0.282284
0.00310821 0.0499061 0.182384
-0.386419 0.0771379 0.93767
-0.182887 0.0688559 0.270087
0.354264 -0.0152494 0.979079
-0.0714216 0.0303779 0.166745
-0.0753313 0.0325598 0.15067
-0.0782394 0.0262621 0.159734
-0.064987 0.02348 0.140443
-0.0726856 0.0294428 0.161069
-0.0571935 0.0250981 0.167212
-0.0742238 0.0243382 0.140983
-0.089539 0.0321495 0.173188
0.290477 0.186474 0.518944
-0.0772995 0.0499403 0.381589
0.152657 0.092007 0.304775
0.184035 -0.0133537 2.48756
-0.46942 0.109355 0.88797
0.507895 -0.108076 1.12965
0.119027 0.08634 1.74195
-0.301726 0.0749899 0.903262
-0.0934928 0.0459468 0.270347
0.955905 0.589031 1.6339
0.700915 0.549939 2.07772
0.200086 0.259342 1.58784
0.715211 0.414939 1.18509
0.0405573 0.102177 1.62078
0.00839564 0.0337812 0.246567
-0.226998 0.0721024 0.576767
-0.453025 -0.0577041 0.980771
-0.724133 0.23891 1.87148
-0.076185 0.0450569 0.139396
-0.467155 0.138894 0.722731
0.602642 -0.243324 1.10919
0.407394 0.139665 0.707179
0.0785212 0.0610336 0.178708
-0.586357 -0.0972299 1.27038
-0.114153 0.0568356 0.770555
0.385558 -0.160921 1.26427
0.382167 -0.106987 1.30926
0.988343 -0.089793 1.79483
0.459286 -0.106557 1.06954
0.417632 -0.269951 1.30914
-0.633076 0.0362547 1.06364
0.0101662 0.0627515 0.234015
-0.684672 -0.306742 1.24671
0.203749 -0.0924045 1.03352
-0.242686 -0.292708 0.920666
-0.0813209 0.0404571 0.175494
-0.669008 -0.0244371 1.06502
0.652579 0.0933404 1.32181
-0.0625033 0.0301827 0.18041
-0.0201138 0.0358998 0.849987
0.653343 -0.0842823 1.31317
0.0769934 -0.0562975 0.0766454
0.371437 0.146932 0.460092
-0.110522 0.0271269 0.229771
-0.141489 0.0518845 0.844176
0.276904 0.132242 0.492323
-0.395289 0.110672 0.894203
0.0100978 0.111583 1.75617
-0.283299 0.0878667 0.834673
-0.613728 -0.122567 1.30763
-0.213701 0.0930185 0.89101
-0.429539 0.113684 0.876109
-0.199948 0.142074 0.91637
-0.23234 -0.293584 0.891315
0.283784 0.223884 1.3444
-0.768954 0.249874 1.20818
0.364522 -0.27103 0.942448
-0.581655 0.306681 1.27022
-0.0213792 0.0312893 0.187195
-0.37939 0.17168 1.13731
-0.0647882 0.0336858 0.155686
-0.786727 0.0334939 1.1252
-0.0630415 0.030621 0.182798
-0.0208152 0.227052 1.4799
-0.360404 0.0632534 0.874073
-0.405773 0.0950873 0.839347
-0.0409767 0.0356953 0.1854
-0.101597 0.0397745 0.217231
0.155493 -0.0429691 0.190717
-0.280981 0.199658 0.911191
0.449195 -0.287117 0.999207
-0.0672299 0.0259295 0.174601
0.111388 0.259143 0.836506
1.13116 -0.0968253 2.04842
-0.821632 0.00512511 1.16056
0.0770949 0.0591086 0.174168
-0.0578431 0.0389385 0.181483
-0.109489 0.0631603 0.797422
-0.223967 0.0939666 0.770405
-0.604879 0.237258 1.06205
-0.0809916 0.0311792 0.171254
0.00166151 0.0402375 0.183011
-0.362061 0.114194 0.918094
-0.224846 0.094356 0.776407
-0.085446 0.0358722 0.179509
-0.461666 0.172336 0.911036
-0.00354084 0.0408211 0.19015
-0.0485682 0.00918169 0.108607
-0.0601262 0.034145 0.178561
0.005704 -0.0041119 0.0352591
0.0164065 0.00931466 0.0395377
-0.0413138 0.0156742 0.0650233
-0.228585 -0.351679 1.04108
-0.0240998 0.0141211 0.107716
-0.0474297 0.021654 0.0738209
0.769605 0.0496833 1.497
-0.143548 0.142738 0.865433
-0.393799 -0.0789315 0.842019
-0.078892 0.0314374 0.176307
0.432219 -0.223383 1.43474
0.274954 0.138722 0.473671
-0.185036 0.0682236 0.276098
-0.0504558 0.0356455 0.183552
0.431849 -0.0103368 1.24284
-0.166487 0.0740278 0.29254
0.444267 0.233872 1.34519
0.469191 0.0433369 1.19659
-0.188341 0.0791103 0.286234
-0.0856494 0.0495962 0.173456
-0.0859763 0.0329766 0.173092
-0.625808 0.0414975 1.00856
-0.214993 0.105702 0.780616
-0.104196 0.0555729 0.347737
-0.573667 0.0378338 0.987521
-0.195449 0.0797522 0.273569
-0.0633309 0.0578052 0.203903
-0.540755 -0.0115689 0.92445
-0.128874 0.086675 0.829079
-0.0827162 0.0338651 0.179009
0.0199242 0.173006 0.937571
-0.080146 0.0220528 0.147678
-0.130286 0.0560655 0.849826
0.0171144 0.0150751 0.0452379
-0.0021235 0.000320745 0.00333014
-0.173109 0.0674406 0.279415
0.180082 0.120145 1.49283
0.198732 0.147469 1.63466
-0.00384136 0.0510388 0.244479
0.0113969 0.174439 1.57781
-0.129278 0.0594839 0.821834
0.00455308 0.0407833 0.219464
-0.0749267 0.0206045 0.137738
-0.303562 0.108067 0.517877
-0.244423 0.0658798 0.493837
-0.808619 0.416843 2.06982
0.297973 0.151224 0.508795
-0.246366 0.071566 0.517367
-0.0895663 0.0449342 0.174847
-0.173774 0.0756848 0.850704
-0.0985533 0.0444634 0.336391
0.954272 0.653105 1.86048
-0.176765 0.0688916 0.275843
-0.0794453 0.0289985 0.156544
1.04776 -0.0679413 2.02849
0.0931089 0.137005 0.407775
0.234691 -0.0462615 3.12188
-0.0482969 0.0805256 0.617579
0.225815 0.262595 1.59691
0.442946 0.0565809 1.11389
0.00411622 0.0523791 0.217109
-0.453285 0.104986 0.914617
0.951104 -0.0441341 1.8438
0.419658 0.0403754 1.06237
-0.618796 -0.274375 1.11662
-0.63376 -0.126466 1.16669
0.394692 -0.270274 1.16035
-0.176122 0.0806709 0.844133
0.190907 0.242127 1.50343
0.500798 0.0478582 1.28047
0.302055 0.154132 0.53079
0.595881 -0.290392 0.946963
-0.606499 0.0883599 0.983407
0.511425 0.275709 1.39245
0.417347 -0.112612 1.40649
-0.687934 -0.0791261 1.06973
-0.106884 -0.0186563 0.823809
0.430216 0.00653192 1.19606
0.610798 -0.118774 1.17922
-0.0315166 0.0342166 0.18799
0.20893 0.235056 0.920296
-0.215949 0.132591 0.840811
-0.419217 0.0951942 0.901452
-0.130838 0.10607 0.797786
-0.503479 0.209646 0.995111
0.219329 0.24174 1.51422
-0.0487558 0.0825795 0.665956
0.0654026 0.10075 0.335792
0.0178369 0.0503045 0.357976
-0.170015 0.106412 0.688254
0.00180912 0.0429976 0.191564
-0.0720423 0.0354072 0.179774
-0.028142 0.0134784 0.068057
-0.0905997 0.0438168 0.174423
-0.00571142 -0.00327837 0.0122097
0.00860616 -0.00395909 0.0487683
-0.00398857 -0.00248563 0.00893208
-0.0203265 0.0485065 0.199146
-0.0285962 0.00986693 0.0545562
-0.0404055 0.0359032 0.1853
-0.00604149 0.040579 0.205592
-0.0646705 0.0524487 0.321491
-0.105325 0.0421791 0.276039
-0.0759447 0.0266872 0.174736
-0.0912744 0.0444857 0.177203
0.00211223 0.0469849 0.184425
-0.0866766 0.0350043 0.173803
-0.0683089 0.0344486 0.17701
-0.0952667 0.0368836 0.17404
-0.0363857 0.0438851 0.186872
-0.0336418 0.0118585 0.0637362
0.00431786 0.0408243 0.228866
-0.114295 0.0503731 0.382127
-0.629538 0.26203 1.12212
-0.0786328 0.0292249 0.1712
-0.0855222 0.0599583 1.29123
0.0201555 0.116675 0.835973
-0.0972923 0.0341756 0.176174
-0.0804211 0.0298499 0.173599
-0.0197029 0.0323989 0.210095
-0.059194 0.0275206 0.120715
-0.0492346 0.0177492 0.0949465
-0.08893 0.046206 0.173066
0.00484343 -0.00256907 0.0321646
-0.0805027 0.0335987 0.175797
-0.166687 0.0787678 0.289807
-0.294755 0.0397346 0.899481
-1.01066 -0.272163 1.53039
0.186775 0.133386 1.60992
-0.554348 -0.0851033 0.994978
-0.319949 -0.112872 0.889173
-0.00445649 0.0441649 0.190449
-0.0123345 0.0374554 0.188026
-0.65622 0.0375844 1.10286
-0.679028 -0.076999 1.05477
-0.0140339 0.0443287 0.188923
-0.621886 -0.0198412 1.00112
-0.00565633 0.03356 0.187105
-0.559231 -0.00750107 0.947516
-0.566822 -0.0221195 0.90361
0.471734 0.0634808 1.0331
-0.754116 0.0428557 1.06938
0.459324 -0.154377 1.20546
0.71604 0.00761825 1.56851
-0.17633 0.0780101 0.279508
-0.0835319 0.0413752 0.174594
0.78454 -0.0823434 1.7793
-0.753257 0.0663815 1.05829
0.00252068 0.0416258 0.187668
-0.858342 -0.234811 1.29097
-0.834185 -0.233114 1.26088
-1.00183 -0.272534 1.53252
-0.367191 0.0981581 0.841706
-0.879206 -0.240643 1.3261
-0.116232 0.109422 0.64532
-0.0214306 0.0512674 0.186179
-0.0505707 -0.205657 0.682619
0.429657 -0.221236 1.43569
0.641633 -0.111399 1.0713
-0.145421 0.108814 0.761757
-0.0647888 0.031683 0.125559
0.00573213 -0.0117738 0.0730661
-0.0140606 0.0432177 0.184199
-0.0875543 0.0319283 0.173013
-0.0725653 -0.118253 1.20854
-0.0428515 0.0197001 0.123219
-0.401114 0.0988088 1.08461
-0.406771 -0.27261 0.970663
-0.046117 0.0327215 0.16677
0.0565507 0.0876897 1.60929
-0.0779955 0.0316472 0.183033
-0.623844 -0.0901371 0.988954
0.183279 -0.107492 1.41358
-0.673212 -0.0733502 1.06255
0.0393119 0.132691 1.42111
0.436391 -0.266736 1.33101
-0.0844957 0.0390777 0.172444
-0.0915712 0.0405756 0.173699
-0.11302 -0.265999 1.76325
0.00237127 0.0535719 0.201652
-0.0913601 -0.296148 1.40245
0.197455 -0.0520347 2.60731
-0.116658 -0.10084 1.70218
-0.176559 0.0778273 0.280446
0.412041 -0.0162729 1.15877
0.647829 -0.157082 1.09502
0.421133 -0.273756 0.943194
-0.456989 0.0676035 0.994209
0.447519 0.0611172 1.13279
-0.569947 -0.0968611 0.995535
-0.118991 0.0748382 0.783857
-0.290187 0.0683537 0.871019
-0.380588 0.0700264 0.89362
0.389961 -0.271406 1.16598
-0.684271 -0.0777386 1.06451
-0.628887 0.0398405 1.01263
-0.675893 -0.0838265 1.06463
-0.0627642 0.0351795 0.182861
-0.631068 0.0958879 1.02293
-0.337469 0.036963 0.939649
0.49803 -0.0507831 1.60272
0.113744 -0.172835 1.67289
0.562592 -0.236763 1.05143
0.0232767 0.117315 1.92082
0.728228 0.0725344 1.60295
-0.576302 0.152882 0.986043
-0.0136583 0.0381642 0.189246
0.227105 0.252973 0.982447
0.573668 -0.253201 1.06197
0.387719 -0.276844 0.974624
0.727683 -0.116342 1.22509
-0.00375102 0.0384554 0.185428
-0.0892752 0.031995 0.172321
-0.60083 -0.00733469 0.948436
0.275737 0.126515 0.489121
0.0814482 0.060824 0.17572
0.00519061 0.060398 0.201271
-0.616612 0.0987055 0.970541
-0.0144475 0.0274816 0.373999
-0.283552 0.0509379 0.871895
-0.0167598 0.048191 0.192189
-0.0829439 0.0417699 0.1789
-0.0330508 0.040684 0.277759
-0.0153534 0.035683 0.226609
0.0864386 0.0600659 0.171068
-0.0119387 0.040528 0.182582
0.561869 -0.113967 1.16907
0.333679 0.153962 0.603706
0.360453 0.239395 0.730603
-0.27643 0.0328355 0.839336
0.573068 -0.116129 1.2063
0.889665 -0.116244 1.72347
-0.172908 0.0752219 0.836145
1.11652 0.0105632 2.20574
0.536338 -0.0467349 1.7214
0.524685 0.0496498 1.21982
0.344524 0.103803 0.602895
-0.578096 -0.110776 1.05331
-0.62135 0.0402192 0.999416
0.266649 -0.114106 1.48314
0.645284 0.0294352 1.07608
0.0256016 0.0966945 1.58334
-0.0688405 0.145285 1.41665
0.191215 0.179076 1.66325
-0.38959 0.0759026 0.943248
-0.65791 0.170306 0.991463
0.426751 -0.300634 1.05653
-0.2851 0.0550889 0.87149
0.470528 0.274156 1.52431
0.140451 0.11758 1.20039
0.0228979 0.0857041 0.483688
-0.0600378 -0.147358 0.83622
-0.413935 0.0990172 0.870662
0.515368 0.0546672 1.19423
0.552079 -0.231245 1.03445
-0.0221531 0.048934 0.190329
0.985324 0.0593383 1.92753
0.0505824 0.110145 1.46575
-0.562274 -0.0967721 0.981857
0.374283 0.226397 0.812557
-0.0301221 0.0399574 0.187436
0.460997 -0.0931723 1.47188
-0.0758798 0.0654005 1.30745
-0.435655 0.0759351 0.895005
-0.182611 0.0868151 0.877641
-0.531753 -0.0142791 0.916201
0.509873 -0.0404108 1.63237
-0.0782408 -0.185552 1.06298
0.420506 0.00803499 1.16273
-0.0756342 0.0633926 1.59888
0.57239 -0.251736 1.05706
0.0573612 0.10037 1.74589
-0.554514 -0.020085 0.949525
-0.0815214 0.0687986 1.67655
-0.656223 -0.027533 1.04264
-0.554484 -0.0957789 0.967613
0.533847 0.0803448 1.17167
-0.0257897 0.0354537 0.186795
-0.288576 0.0439245 0.912908
-0.442167 0.0704658 0.956719
-0.415415 0.114351 0.829464
-0.439285 0.0994586 0.944522
-0.345512 -0.122388 1.01836
0.139642 0.104848 1.89033
0.461451 0.267097 1.52504
0.654647 0.0398556 1.60468
-0.542691 -0.0893993 1.15645
0.178931 -0.0491026 2.33347
-0.131634 0.105356 0.808631
-0.954665 0.042379 1.28236
-0.698378 -0.0157509 1.12832
0.196083 -0.104188 1.29437
0.461688 0.253262 1.35351
-0.510164 -0.0883142 1.10338
0.258331 -0.0553369 0.574591
0.414968 -0.172841 1.35328
-0.611854 0.0306625 1.02162
-0.409791 0.077315 0.95381
0.150276 -0.120056 1.90983
0.398209 -0.283004 0.993569
0.912631 -0.0542545 1.76771
0.538275 0.10515 1.18053
-0.557215 -0.0121829 0.958398
0.485419 -0.118282 1.13228
-0.462388 0.106884 0.939733
0.112695 0.0797562 1.73194
-0.6152 -0.0194147 0.98907
0.566172 -0.103199 1.11203
-0.060403 -0.299145 0.874347
0.43603 0.244963 1.29163
-0.0930537 0.0610369 1.34242
-0.394077 0.066137 0.986847
-0.582548 0.0389853 0.997782
-0.542912 0.0954882 0.917467
0.4565 0.245428 1.19397
-0.745488 -0.214083 1.12331
-0.121999 0.0768177 0.819896
0.480537 0.0439609 1.22966
-0.55092 0.0901532 0.944411
-0.105885 -0.0163441 0.841413
-0.267005 0.0766583 0.834158
-0.633313 -0.014635 1.01002
-0.437858 0.0758097 0.913812
-0.626015 0.038824 1.00971
0.165543 0.235627 1.43617
0.432178 -0.141561 1.12112
0.592573 -0.123632 1.12602
0.324922 -0.170907 1.3001
-0.311729 -0.307101 0.991381
0.0623605 0.210591 0.605462
-0.72842 -0.208215 1.09294
-0.468629 -0.0197127 0.745229
-0.754282 -0.137414 1.09882
0.65854 -0.0794063 1.48205
-0.0806528 0.0460036 0.17809
-0.029721 0.0391627 0.189549
-0.190827 0.0761742 0.269971
0.247297 0.254962 2.0343
0.0383788 0.061142 0.195044
-0.291446 0.0852334 0.899768
-0.470978 0.0655475 0.987757
0.00346707 0.0460565 0.190252
-0.324389 -0.342596 1.12665
-0.576205 -0.096305 0.998888
-0.146804 0.0303893 0.162256
-0.0062175 0.0273942 0.188753
-0.772374 -0.13427 1.11339
0.129045 -0.19599 1.90644
0.101071 0.0667834 1.70882
-0.619293 0.0975785 0.990865
-0.374644 0.0730954 0.907137
0.437849 0.00714762 1.22362
0.415998 0.0252895 0.960207
-0.573867 0.0869115 0.970037
0.489036 0.262003 1.30561
-0.193742 0.0619179 0.293006
-0.174887 0.0924655 0.659517
-0.109041 -0.0277205 0.853782
-0.192945 0.0788492 0.269715
-0.0207605 0.0460055 0.188923
-0.00352327 0.0382657 0.184482
-0.54001 0.0858564 0.9214
-0.0297438 0.0471581 0.181548
-0.0774539 -0.277238 1.91204
-0.0301588 0.0468544 0.187391
0.091022 0.212208 0.694116
-0.580744 -0.19372 1.22055
0.303085 0.151271 0.532556
0.576893 0.161139 0.959903
0.0050881 0.0284443 0.189996
-9.0211e-05 0.0531919 0.211685
-0.0413889 0.0372264 0.190603
-0.00653973 0.0360032 0.185722
-0.0188567 0.0329672 0.187615
-0.606444 0.136307 0.95003
0.635019 0.0370626 1.0578
0.406986 -0.272584 0.967103
-0.504294 0.0310553 1.08416
-0.0905221 -0.0977002 1.40535
-0.586704 0.082371 0.989416
-0.141871 -0.695707 2.59502
-0.782413 -0.0780738 1.23867
-0.590604 -0.0897296 1.01911
-0.119445 -0.0215018 0.875591
0.00171949 0.0442998 0.196012
-0.205318 -0.308294 0.946377
-0.0372844 0.0442933 0.189343
-0.754651 -0.137131 1.09873
-0.61598 0.10433 0.966655
-0.0255793 0.03535 0.186804
-0.736383 -0.135277 1.07338
-0.18451 0.0748604 0.270858
0.792493 0.0962416 1.71446
-0.10811 -0.0269869 0.845689
-0.0572583 0.0372106 0.177903
0.0038841 0.0581156 0.195156
0.46182 0.0426585 1.11992
-0.0206967 0.0453081 0.185358
-0.358806 0.048984 0.929291
-0.00202065 0.0462077 0.18493
-0.0237237 0.0491578 0.187145
0.00254878 0.0548003 0.18541
0.159629 0.224041 1.34696
-0.171001 0.0815933 0.298037
-0.0576749 0.0317398 0.19294
0.412243 0.113974 0.689308
-0.00758566 0.0527302 0.207071
-0.529538 -0.0210084 0.895703
-0.487036 0.157118 1.28601
-0.203191 0.0913185 0.834256
-0.456121 0.132834 0.939223
-0.94016 0.290827 1.47758
-0.489986 0.123433 0.916247
-0.489318 0.0639047 1.07554
-0.445178 0.11224 0.919118
-0.02946 0.0473673 0.192972
0.167337 0.174804 1.63552
0.472949 0.0438881 1.1557
0.586428 -0.106932 1.14834
-0.478454 -0.00674784 1.04699
-0.0292616 0.0307048 0.184275
-0.105163 -0.442379 1.72908
0.510586 0.119443 1.15223
0.302036 0.0930772 1.00949
-0.212357 0.106591 0.776881
-0.0615164 -0.305511 0.889652
-0.0231772 0.0577158 0.211248
0.834965 -0.0886662 1.76437
-0.0900134 -0.314094 0.867917
-0.485843 0.12006 0.909933
-0.567927 0.140027 1.08877
-0.148008 0.118904 0.813803
-0.921509 0.042136 1.23481
-0.0982125 -0.327677 0.925241
-0.613743 0.0212321 0.865185
-0.0634752 0.0304199 0.184271
-0.215733 0.0800678 0.285892
-0.101045 -0.305965 1.88196
-0.369004 0.123079 0.617476
-0.0403654 0.0352422 0.183318
-0.729748 0.193926 1.10879
-0.0251157 0.0356534 0.188605
-0.219689 0.10444 0.797027
-0.456245 0.102331 0.874188
-0.0251994 0.0463515 0.183734
-0.0341651 0.0393733 0.203539
-0.0156636 0.0259496 0.192169
-0.19081 0.0596398 0.246673
-0.397381 0.143288 0.688407
-0.292937 0.11719 0.83624
0.363759 0.102139 0.605509
-0.386261 0.113708 0.841289
-0.170717 0.0712869 0.308068
-0.039284 0.0710626 0.40299
-0.892046 -0.238955 1.33959
-0.411549 0.12653 1.07947
-1.08355 0.0195237 1.54294
-0.373659 0.111404 0.923181
-0.176129 0.0766515 0.279846
-0.265521 0.101937 0.596666
-0.631423 -0.0299746 1.01141
-0.578742 0.126175 0.904748
0.653351 0.032804 1.09649
-0.462794 -0.0770324 0.811645
-0.247174 0.0720801 0.380271
-0.606944 -0.112086 1.10519
-0.98226 -0.0791748 1.28477
-1.36148 -0.102578 1.80182
-0.716328 -0.153675 1.06187
0.219243 -0.174879 1.53454
-0.0300204 0.0317145 0.188035
-0.0566883 0.0306033 0.183556
-0.246433 0.0831154 0.460973
0.548681 0.106462 1.18894
-0.340447 0.0828754 0.903847
0.302572 -0.114052 1.43762
0.316371 0.157742 0.486629
-0.181343 0.0924341 0.860353
-0.673113 0.0184785 0.885894
-0.167273 0.120873 0.767025
-0.475249 0.133928 0.967266
-0.0184575 0.0329407 0.187742
-0.771302 0.00242825 1.0789
-0.398453 0.109867 0.907458
-0.200286 0.0864034 0.816876
-0.880388 -0.149647 1.27888
-1.1119 0.296272 1.69152
-0.217127 0.111973 0.881692
-0.941004 -0.0763087 1.227
-0.0255917 0.0434364 0.19135
-0.636639 0.0435897 1.02961
-0.0870136 0.0413324 0.175123
-0.086292 0.0502911 0.175121
-0.0506104 0.0362634 0.184807
-0.500844 0.142054 0.77211
-0.0194271 0.036475 0.187956
-0.781967 0.0381338 1.13487
-0.0875066 0.0353842 0.175766
-0.166806 0.0559902 0.847251
-0.115979 0.0577238 0.818561
-0.0580409 0.0325185 0.219531
0.0374901 0.0594651 0.197082
-0.437507 0.0803802 0.906699
-0.631505 0.0915842 0.989988
-0.00628784 0.0261501 0.178871
0.519924 0.0801698 1.14503
-0.608465 0.136489 0.95308
0.227813 0.115511 0.368029
-0.114544 0.0472049 0.249765
0.434953 0.243551 0.712425
0.314973 0.165514 0.516413
-0.0123009 0.0445442 0.186273
-0.0288732 0.0444669 0.17999
-0.212136 0.0671447 0.30039
0.180025 -0.265877 1.63893
-0.093608 0.0425073 0.199199
-0.221492 0.0592371 0.314654
0.22548 -0.112248 1.48924
-0.0233619 -0.250285 1.67063
-0.0935435 0.0486426 0.178272
-0.185763 0.0588449 0.238095
-0.0898143 0.0262789 0.180269
-0.0549331 -0.164785 0.772756
-0.0859892 0.0501365 0.17418
-0.0382644 0.0448306 0.189499
-0.0708313 0.0395516 0.181204
-0.0747031 -0.269165 1.11991
0.0036731 0.0582015 0.194926
0.00204891 0.0351362 0.189853
0.518794 -0.284651 1.12319
-0.199045 0.0731393 0.315575
0.183821 0.258397 1.49162
-0.175918 0.0684194 0.273932
-0.618977 0.14868 0.980595
-0.214725 -0.275524 0.836881
0.542775 0.146697 0.90179
0.633777 -0.290238 1.07283
-0.169348 0.0702045 0.306506
-0.0876575 -0.284511 1.33202
-0.40703 0.119035 0.947244
-0.0192331 0.0440703 0.183858
0.348278 0.0528447 1.15885
0.364229 -0.272182 0.934459
-0.264693 -0.308912 0.950392
-0.0560861 0.0298713 0.183746
-0.0254984 0.036938 0.192554
-0.0231781 0.0269413 0.186215
-0.0680693 0.0354758 0.175783
-0.566501 0.144319 0.96533
-0.393124 0.0707813 0.926608
-0.0409512 0.0166595 0.0808107
0.224029 -0.0537212 2.93028
-0.093208 0.0339503 0.18308
-0.439161 0.0998749 0.885954
-0.481465 0.116429 0.932623
-0.443289 0.121463 0.911421
-0.643953 0.0956491 1.04666
-0.0794433 0.0480097 0.175047
-0.01363 0.0451665 0.192614
-0.0532396 0.0599803 0.213276
-0.585031 0.0418974 0.997959
0.549158 0.304222 1.68003
-0.0728236 0.0406181 0.177701
-0.0137643 0.0378774 0.186764
0.0524764 -0.277115 1.79572
-0.810427 0.00657974 1.14537
0.500787 -0.107652 1.11335
-0.725166 -0.155339 1.08132
-0.00732904 0.0369138 0.186228
-0.64756 -0.0934557 1.02758
0.302799 0.105134 0.527622
-0.0519153 0.0420324 0.26549
-0.955514 0.317583 1.89311
0.570241 -0.106529 1.16581
-0.300726 -0.31188 0.9941
-0.0523616 0.0356099 0.182379
-0.398354 0.0201723 0.859551
-0.0255118 0.0353604 0.186457
-0.00684187 0.0282238 0.18773
0.487668 -0.292023 1.18431
-0.350631 0.172048 0.846181
-0.11665 0.0441286 0.232255
0.237112 0.21662 0.783014
-0.0321767 0.0328006 0.212399
0.939106 -0.0960948 2.12037
-0.12787 0.0548046 0.845401
-0.0830907 0.0414352 0.178268
0.00510039 0.0593345 0.198843
-0.0230386 0.029646 0.213259
-0.087932 0.0249717 0.174573
-0.0741264 0.0251033 0.161724
-0.0968467 0.0280206 0.184059
0.301915 0.108424 0.519053
0.418745 0.209034 0.734425
-0.140033 0.036511 0.241769
0.0921837 0.0714628 0.201692
0.0883713 0.0616662 0.175331
-0.218992 0.104352 0.796307
0.0374262 0.0586167 0.188148
0.114501 0.0529294 0.129555
-0.0205485 0.0503683 0.184903
-0.0729808 0.0400184 0.17625
-0.0482549 0.0337411 0.227537
0.634113 0.119633 1.28968
-0.226779 -0.329758 0.995648
0.00328861 0.0335999 0.183081
-0.0390158 0.0233316 0.179194
-0.29432 0.0405643 0.884691
0.00356364 0.0368911 0.195569
-0.103683 -0.0153974 0.834779
-0.037046 0.0296421 0.199059
-0.00837516 0.0269473 0.181361
-0.0159053 0.0267756 0.193638
-0.184932 0.0799515 0.337532
0.00845599 0.0470097 0.227034
-0.433712 0.103721 0.84205
0.801055 0.117729 1.66829
-0.166606 0.0607323 0.849551
-0.0908111 0.0444794 0.177232
-0.219765 0.105881 0.925478
-0.0876948 -0.310921 0.855024
-0.0252404 0.0453145 0.188883
0.3959 -0.0167243 1.09745
0.00347551 0.045021 0.187084
0.681215 0.131542 1.32336
-0.298132 0.0728108 0.775373
-0.0060288 0.0390204 0.197734
-0.0252033 0.0419754 0.188973
0.555049 -0.299175 1.17414
-0.00174523 0.0450887 0.187146
0.0934319 -0.0294152 0.312735
0.479263 -0.242836 1.70118
0.467593 -0.2771 1.12055
-0.0127238 0.0385313 0.189738
-0.0139445 0.0463825 0.19496
0.0893559 0.0627164 0.177821
0.0703177 0.0640959 0.175298
0.0984736 0.0623568 0.172867
0.500484 0.205185 0.916797
-0.455371 0.132025 0.953526
-0.573698 0.225563 1.01143
-0.0512889 0.0567238 0.202844
0.00185895 0.0462243 0.20151
-0.034356 0.031817 0.185165
0.152813 0.123398 1.74783
-0.519374 -0.021804 1.13464
-0.473133 -0.0869466 1.02501
0.571118 0.183684 0.915481
-0.00735512 0.0360773 0.200003
0.795885 -0.0447169 1.48028
-0.0873987 0.0378778 0.175371
-0.173468 0.124353 0.795015
-0.451423 0.136412 0.872318
-0.12724 0.0921316 0.806371
-0.454896 0.183397 0.898693
-0.313742 -0.29273 0.930408
-0.281966 -0.311049 0.972686
-0.314844 -0.114622 0.923317
-0.180882 0.0743889 0.260685
-0.175656 0.0664732 0.276834
-0.0911743 0.0468444 0.173339
0.0506747 0.0685643 0.198612
0.246763 0.137873 0.399384
0.308093 0.174587 0.500885
-0.177462 0.0752206 0.272526
-0.0766879 0.0371288 0.213479
-0.0861198 0.0409877 0.17239
0.159771 0.13518 1.35773
-0.0301242 0.0500011 0.181923
-0.0719942 0.0411309 0.142347
-0.0314999 0.0314666 0.203836
0.000848459 0.0599609 0.253677
-0.0346941 0.0297928 0.195492
-0.0232277 0.0281786 0.191745
-0.0354318 0.0415647 0.209751
-0.0870683 0.0396686 0.175353
-0.030593 0.0277332 0.161075
-0.0290583 0.0356438 0.174135
-0.247603 0.111136 0.855394
-0.168522 0.056149 0.859942
-0.558301 -0.0784448 1.20812
-0.0687202 0.0347127 0.178898
0.5973 0.140764 1.35537
0.0571412 0.0932106 1.64544
-0.116491 0.057649 0.816624
-0.0231665 0.031589 0.188696
0.121355 -0.187561 1.79419
-0.113066 -0.0273573 0.825547
-0.110179 -0.0182676 0.776234
0.727293 -0.0999489 1.4903
-0.00372939 0.0478336 0.188863
-0.0661146 0.0313908 0.198736
0.602782 -0.147768 1.01556
-0.0500824 0.150638 1.24455
-0.0619649 0.0272928 0.181663
0.595 -0.146472 1.00286
0.423361 -0.275655 0.92515
0.134241 0.208722 0.745276
-0.0245153 0.0415684 0.177412
0.00318914 0.0361866 0.193097
-0.810797 -0.359298 1.47143
0.133863 -0.109188 1.73089
0.366702 -0.116304 1.40239
-0.0318725 0.0320431 0.187094
0.198652 0.078521 0.270152
-0.18035 0.0804199 0.283694
0.00407291 0.0311623 0.187974
0.145895 0.119313 1.68279
-0.456748 0.191341 1.05785
-0.18891 0.110187 0.71357
-0.257167 -0.291408 0.928431
-0.0696534 0.0390018 0.180753
0.210835 0.241064 0.929771
-0.65816 0.196875 1.03407
-0.380792 -0.0823918 0.568487
-0.647833 0.180947 0.953734
0.00378811 0.0503507 0.196463
-0.141845 -0.140915 2.52025
-0.0814035 0.0315819 0.173492
-0.00451695 0.0523502 0.207993
-0.382898 0.0642242 0.959166
-0.0735717 0.0404573 0.177517
-0.025855 0.0364505 0.189785
-0.300778 -0.256626 0.818152
-0.0672845 -0.105362 0.97503
0.00374407 0.0356044 0.189868
-0.0731385 0.0778548 0.391398
-0.00372572 0.0847266 0.694372
-0.304134 0.143608 0.858837
-0.307672 0.0764632 0.88171
-0.0198451 0.049851 0.591712
-0.0620807 0.0288712 0.179062
-0.172691 0.113357 0.779588
-0.0653162 0.132398 0.899583
-0.54896 0.249595 1.1474
-0.461405 0.124345 0.92287
0.497217 -0.263677 1.0073
0.350988 0.107536 0.616661
0.293399 0.16606 0.52557
-0.194085 0.0774461 0.347658
0.50222 0.229105 1.04345
0.123406 0.179579 1.31172
0.238534 0.272668 1.6545
-0.0405246 0.0358408 0.185643
0.00482595 0.0284337 0.188025
-0.569353 0.152806 0.97578
0.443118 0.232834 1.3909
-0.629254 -0.0249721 0.998733
0.422597 0.182247 1.40524
-0.511732 -0.0274933 0.880795
-0.227627 0.0652408 0.282111
-0.279021 0.0487363 0.283314
0.135059 0.207486 0.741339
0.00544467 0.0255117 0.187617
-0.296647 0.0544161 0.306278
0.127467 0.203133 0.741635
-0.233902 0.0663071 0.304595
-0.210174 0.13366 0.739261
-0.22891 0.0656479 0.319423
-0.121875 0.0842264 0.778611
-0.133348 0.135169 0.761481
0.183868 0.208819 0.66519
-0.63429 0.0419521 1.02364
-0.301863 0.107164 0.870101
-0.466155 0.164214 0.916567
-0.0231622 0.0266712 0.185199
0.309611 0.162183 0.50656
0.338332 0.194801 0.55399
0.0019837 0.031292 0.187786
0.284726 0.305943 1.18744
0.101215 -0.0244711 1.42302
0.941015 -0.129797 1.83387
-0.00252429 0.0423533 0.195838
-0.0750124 -0.314097 1.1788
-0.664602 -0.0946819 1.05493
0.955411 -0.0816962 1.87512
0.265902 -0.010574 0.738282
0.486347 0.0915868 1.06213
-0.0648552 0.0298859 0.179547
-0.0328866 0.0254295 0.179138
-0.0580258 0.0361294 0.182879
0.897919 -0.118365 1.68001
-0.273275 0.0333037 0.839661
0.414807 -0.015239 1.19159
0.296725 0.219892 1.30888
0.457279 0.26226 1.46111
-0.434352 0.10466 0.923864
-0.339181 -0.328022 1.05236
-0.127645 0.142126 0.705786
-0.177722 0.0797838 0.326157
-0.0119049 0.0415499 0.185854
-0.00607866 0.0380327 0.18831
0.572801 0.108338 1.11042
-0.0905786 0.0586972 0.615936
-0.194796 0.0792589 0.864867
-0.510809 -0.178382 1.06957
0.481187 0.256932 1.29276
0.753562 -0.122797 1.53564
-0.0651064 0.0299846 0.179845
0.332356 0.161321 0.529394
-0.448026 0.13588 0.96484
0.00651759 0.0293476 0.194558
-0.584268 0.224725 1.09939
-0.0569801 0.0378132 0.181665
0.125775 0.20253 0.736449
-0.0156804 0.0263728 0.192911
-0.56024 0.229129 1.07317
-0.174425 0.129591 0.808102
-0.633147 0.228816 1.08881
0.537802 0.104771 1.17448
0.57021 0.104343 1.14269
-0.441576 0.0836568 0.906832
0.366601 -0.245594 0.893028
-0.13164 0.10218 0.683395
0.840904 -0.0576816 1.61435
0.0505298 0.115812 1.48954
-0.0180759 0.137818 1.9809
0.528389 -0.227415 0.988831
-0.0844445 0.0419875 0.17666
0.541529 -0.284742 1.10827
-0.490206 0.138447 1.3127
-0.142764 0.109058 0.769673
-0.152222 0.117305 0.849217
-0.301706 0.101194 0.817996
0.702272 -0.0789976 1.59343
0.49216 0.169305 0.870094
0.360614 -0.183198 1.42409
0.00411324 0.0306839 0.20814
-0.22499 0.0456381 0.241406
-0.253581 0.0698732 0.304835
-0.296264 0.0547399 0.341809
-0.253449 0.0743661 0.298293
-0.268766 0.069417 0.301149
-0.290663 0.0780338 0.330193
-0.0557303 0.121219 0.885789
-0.210393 0.133425 0.740578
-0.363493 0.0554849 0.835331
-0.00405247 0.0404906 0.191937
-0.0416193 0.0160024 0.160609
0.545748 0.115123 1.20874
-0.01375 0.0383201 0.188876
-0.123731 0.123976 0.68359
0.848434 -0.111574 1.71232
0.438889 0.266178 1.33248
0.914075 -0.105274 1.76493
0.434616 0.24739 1.29006
-0.0026607 0.0244305 0.180377
0.124921 0.225912 0.720573
-0.460206 0.197061 0.934334
-0.438503 0.191066 0.993023
-0.417454 0.0988198 0.881614
-0.385616 0.105967 0.876447
-0.359667 0.113655 0.905467
-0.319912 0.203791 0.818652
-0.0551382 -0.150348 1.51689
-0.430969 0.122612 0.900456
-0.438745 0.194913 0.900875
0.197298 0.216705 0.690356
-0.145091 0.138789 0.746602
-0.0355626 -0.119078 0.613679
0.261889 0.206453 0.785278
-0.293531 0.0985832 0.786562
-0.103077 -0.162077 0.413224
0.319897 0.164873 0.507432
0.172453 0.243416 0.811482
0.540633 -0.266291 0.855851
0.622752 -0.0947513 1.14558
0.59778 0.148068 0.725611
-0.00755906 -0.0145229 0.0809707
-0.372683 -0.294667 0.977794
-0.68565 0.199312 1.06119
-0.354629 0.101172 0.765595
-0.301401 0.10649 0.864724
-0.0511444 0.023404 0.140565
-0.0187672 0.0298856 0.19178
-0.290138 0.0749846 0.78602
-0.444917 0.196991 0.915809
-0.567207 0.0305775 0.945564
-0.263161 0.0690825 0.326349
-0.198669 0.054022 0.331438
0.25558 -0.112084 1.46739
0.398621 0.115386 0.506063
-0.423778 0.116595 0.91382
-0.140135 0.124585 0.698219
0.366526 0.181633 0.515054
-0.342388 0.0621562 0.741401
0.447517 0.0996885 0.535146
-0.311366 0.183438 0.889817
0.689018 -0.116705 1.16466
-0.0166491 0.0467532 0.194157
-0.00542752 0.0471035 0.187896
-0.00457712 0.0262273 0.186709
0.00390938 0.0307187 0.190427
-0.00332079 0.0255978 0.184453
0.409061 -0.172429 1.31663
-0.0140061 0.0381769 0.1874
0.417298 -0.174712 1.33286
0.178165 0.245928 1.42685
0.20765 0.214833 0.822174
0.292524 0.150124 0.513368
-0.478811 0.106607 0.953968
-0.0780526 0.0309864 0.173948
0.316484 0.0994532 0.49341
0.00517646 0.0338984 0.196924
-0.00595268 0.0393194 0.211139
-0.0581009 0.0389796 0.183462
-0.0248351 0.0349675 0.185763
0.136348 0.147256 1.48172
-0.242771 0.107593 0.849684
-0.0623543 -0.306236 0.896903
-0.514831 0.196751 1.02361
-0.410298 0.115015 1.08292
0.53164 0.0855394 0.883126
-0.360485 0.0706195 0.918936
-0.00557442 0.0333192 0.186418
-0.379828 0.0829169 0.860728
-0.0757947 -0.121416 1.20903
-0.0309745 0.0217737 0.163207
-0.0625186 0.170658 0.750258
0.0140336 0.0749166 0.832987
0.34144 0.101148 0.488261
0.193376 -0.115242 1.54478
-0.13478 0.13108 0.785589
-0.021812 0.150692 2.14686
-0.0170156 0.117038 1.67428
-0.0616699 -0.191865 0.909434
0.459697 0.281661 1.37766
-0.437689 0.109174 0.894211
-0.308503 0.129699 0.902872
0.0853582 0.191108 0.652745
-0.175653 0.1398 0.74637
0.301704 0.154868 0.523389
-0.365499 0.0608632 0.767614
-0.0908298 0.0565522 1.26063
-0.654657 -0.292654 1.19037
-0.194792 0.0724103 0.918193
0.106724 -0.160303 1.53826
0.00369987 0.102895 1.62805
-0.0575861 0.0355389 0.181525
0.352136 -0.230891 0.904619
-0.56682 0.231389 1.08642
0.55703 0.290206 1.52023
0.506289 0.259755 1.61196
-0.0637708 0.0268553 0.180141
-0.0704416 0.028474 0.186706
-0.668659 -0.0853802 1.04561
-0.661177 -0.0841828 1.03701
-0.0691423 0.0278395 0.183546
-0.0172334 0.0415981 0.185903
-0.365237 0.0935595 0.949529
-0.224798 0.15374 0.744537
-0.301992 0.142068 0.854239
0.407786 0.23303 1.36138
-0.212775 0.107639 0.901419
-0.0464336 0.0246939 0.990329
0.402399 0.0765522 0.498843
-0.276142 0.0790936 0.750301
1.1841 0.204297 2.40825
0.257534 0.301622 2.01435
0.546913 -0.287405 1.11791
-0.417989 0.123478 0.972381
0.564437 0.104617 0.76739
0.415865 -0.046736 0.527317
0.415864 0.0991568 0.490613
-0.322858 0.0971554 0.96975
0.424493 0.0996531 0.500738
0.423427 0.143966 0.74161
0.385599 0.111022 0.474083
-0.0435175 -0.2133 0.628725
0.111601 -0.175696 1.65083
-0.153304 0.177005 0.832375
-0.410003 0.113497 0.88089
0.166083 -0.124693 2.03762
-0.194943 0.146876 0.778138
-0.344908 0.168988 0.848595
0.246652 0.268785 1.04365
-0.350931 0.193005 0.951707
-0.371932 0.146991 0.851121
-0.383314 0.200078 0.814963
0.27633 0.0383956 0.327363
-0.228738 0.169409 0.796056
-0.293495 0.108042 0.784697
-0.389967 0.177865 0.916129
0.254827 0.296109 1.11286
-0.138844 -0.305873 0.870847
0.16266 -0.259027 1.58097
-0.139953 0.0441378 0.774029
0.160026 0.135094 1.8017
-0.196718 0.0960096 0.773808
-0.309138 0.131018 0.904865
0.371651 0.0625278 0.465746
0.375335 0.108606 0.461967
-0.0544515 -0.118046 1.11039
0.428421 0.102331 0.506463
0.409738 0.0966164 0.482793
0.021978 0.111272 0.84381
0.444325 0.0960538 0.519336
0.330062 0.101955 0.500445
0.356575 0.101587 0.484934
-0.363936 0.156803 0.757114
0.866008 -0.0156359 1.73225
-0.0646681 0.183304 0.78858
0.44936 -0.270663 1.09694
0.403194 0.191345 0.726537
-0.474062 0.199922 1.09244
-0.21231 0.136808 0.749519
0.413844 0.0909921 0.519871
-0.0902701 -0.362482 2.60678
-0.141012 0.0939904 0.730833
-0.0977174 0.231821 2.06894
-0.384456 0.198897 0.820431
-0.342929 0.105678 0.868281
0.417684 0.0690906 0.559142
0.380092 -0.0461977 0.481338
-0.220573 0.130593 0.761017
-0.221077 0.161701 0.769034
-0.408087 0.126205 0.863218
-0.286207 0.088651 0.878477
-0.382038 0.0829838 0.867274
-0.372218 0.0937972 0.955643
-0.421025 0.0983702 0.907414
-0.421825 0.131414 0.891261
0.697867 0.144354 0.940026
0.758139 0.158511 1.01748
-0.307998 0.115661 0.89554
-0.134533 0.13777 0.774539
-0.120949 0.118073 1.65399
1.05479 -0.0625645 1.77425
-0.212376 0.108124 0.85298
-0.296637 0.0780167 0.719477
-0.433465 0.172497 0.849458
0.360954 0.221927 0.642665
0.420103 0.08331 0.525486
0.382163 0.00501379 1.09024
0.518892 0.10171 1.14258
0.327727 0.0996078 0.500379
-0.143125 -0.260673 0.752005
-0.223785 0.115359 0.737541
-0.0351571 0.0428685 0.466807
-0.445971 0.196284 0.918049
-0.142522 0.0520209 0.834892
-0.446259 0.140839 0.915545
-0.370317 0.186805 0.91184
-0.184362 0.149422 0.781984
-0.297253 0.184251 0.883147
-0.279127 0.166912 0.829142
-0.241365 0.170391 0.805561
-0.304041 0.182097 0.775562
-0.200696 0.195937 0.867247
-0.142185 0.144671 0.792468
-0.367437 0.10138 0.769192
0.483919 0.259948 1.2605
0.00274925 0.197416 1.30249
-0.252386 0.175206 0.834751
-0.225571 0.186708 0.774588
0.240861 0.0417955 0.397194
-0.130571 0.139026 0.637935
-0.301953 0.178482 0.76151
-0.460628 0.139404 0.890485
-0.132858 0.141379 0.650626
-0.136441 0.120756 0.680339
-0.119231 0.0940371 0.71603
-0.445901 0.196077 1.01299
0.374005 0.145478 0.454866
0.318733 0.163088 0.469668
-0.415287 0.0782227 0.974459
-0.201692 0.0893319 0.867651
1.00299 -0.0848764 2.24319
0.217675 0.0594115 0.726476
-0.107869 0.0517506 0.730455
0.420384 0.0913851 0.530239
0.0295907 0.0956826 1.56711
-0.19076 0.0750239 0.914771
0.3324 -0.0452468 0.418404
-0.311382 0.105004 0.847694
0.431775 0.0848142 0.536503
0.301363 0.152494 0.512169
-0.298019 0.183368 0.886733
-0.220257 0.159217 0.768485
-0.147906 0.170764 0.811338
-0.124702 0.0675207 0.878635
-0.237446 0.11385 1.0027
0.0471804 0.183816 1.74453
-0.276139 0.140003 1.17148
-0.331643 0.165113 0.694088
-0.209547 0.12535 0.796902
-0.192268 0.06984 0.878553
-0.227891 0.173297 0.888557
-0.233956 0.126624 0.78335
-0.279194 0.192917 0.815138
-0.328344 0.158749 0.807068
-0.305395 0.0917396 0.823366
-0.305784 0.145977 0.860209
-0.228637 -0.320965 0.981825
0.492972 0.071299 0.644289
-0.118505 0.0987789 0.714047
0.147963 0.222047 0.796765
0.283846 0.225382 0.770064
0.426739 -0.268955 1.31604
0.468346 0.346359 1.08778
0.390918 -0.265125 0.884662
-0.0126501 -0.00390425 0.152786
0.102158 -0.0497684 0.163198
-0.2987 0.0362105 0.919914
-0.433108 0.0726242 0.938878
-0.403097 0.111038 1.06145
0.355992 -0.239495 1.265
0.504105 0.070045 1.28599
0.367722 -0.243083 0.851432
0.421609 -0.255815 1.2802
-0.0728287 -0.173512 0.99482
-0.561829 -0.592477 1.55332
-0.0665875 0.0545549 0.913436
-0.126434 0.108681 0.727094
-0.0239627 -0.00287508 0.312374
-0.0108336 -0.00743278 0.129639
-0.0245053 -0.00180311 0.32199
-0.335425 0.162249 0.821284
-0.11952 0.092348 0.734013
-0.419527 -0.502376 1.68156
0.314801 0.238767 0.735821
0.657013 0.0209692 1.0984
0.0919237 -0.260757 1.64506
-0.200956 0.127399 0.705247
-0.203935 0.132284 0.722517
0.194829 0.143514 1.69887
0.253016 -0.0865922 0.258661
-0.156854 0.236132 0.976492
-0.0389466 0.0569711 0.319364
0.242953 -0.112608 0.252228
-0.123082 0.0962418 0.662218
-0.135859 0.0913099 0.707919
0.479129 0.0603903 1.05133
-0.0831009 0.0905255 0.460288
-0.468033 -0.107535 1.06611
-0.398748 0.138975 0.872254
-0.252519 -0.202959 0.641447
-0.433265 -0.316997 1.09266
0.521311 0.100924 1.13756
1.04214 0.0537109 2.31858
0.255403 0.000796223 0.526932
0.58658 0.204601 1.00694
0.477401 -0.118415 1.11329
0.655224 0.032077 1.0973
-0.13912 0.0745353 0.829493
-0.0603179 -0.219132 0.854351
0.772286 0.152257 1.06557
-0.206358 0.123145 0.789566
-0.142427 0.212213 0.881343
-0.345019 0.0403986 0.917403
0.655767 -0.106891 1.09588
0.550381 -0.115242 1.0492
-0.0423592 -0.144003 0.822348
-0.19117 0.13949 0.747891
0.433974 -0.146858 1.13572
-0.156975 -0.349496 1.02499
-0.306131 0.12434 0.866892
-0.340358 -0.29682 0.97453
-0.0733725 -0.153612 1.08915
-0.0217826 -0.112506 0.562363
-0.114005 -0.173062 1.65204
-0.0436722 0.0297841 0.569605
0.503765 0.204723 0.919123
0.48957 0.257453 1.47249
-0.121862 -0.0153496 0.85778
0.268616 -0.0331179 0.536485
-0.166148 -0.273086 0.775276
0.279775 0.144784 0.480924
0.0544828 -0.0499307 0.175108
0.0232578 0.140218 0.957396
-0.130879 0.106738 0.799019
-0.106257 0.0788296 0.699384
-0.124302 0.101025 0.831575
-0.0475579 -0.200641 1.28122
0.546143 0.0792453 1.19799
0.0920622 -0.264863 1.67137
0.406837 0.0791639 0.506969
-0.0564947 -0.109499 0.229083
0.0136493 -0.0620875 0.045897
0.278891 0.0940131 0.482887
-0.109856 -0.0153243 0.875837
0.385307 -0.275822 0.972343
-0.28696 0.12549 0.818378
0.00105693 -0.0281174 0.0559637
-0.0946665 -0.178829 0.46001
-0.129792 0.131722 0.737989
-0.0663361 0.167383 0.91839
0.3897 -0.275741 0.992191
0.35805 -0.121719 0.919498
0.439704 0.0978416 0.554124
0.580587 -0.141887 0.977112
-0.048333 -0.0884057 0.708323
0.00349979 -0.0810749 0.299641
0.388305 0.154444 0.486772
0.215116 0.211013 1.77226
-0.188381 0.0675845 0.86664
-0.128618 -0.303039 0.855746
0.359698 -0.2581 0.9167
-0.186157 0.0780493 0.81582
0.420142 -0.215565 1.38435
0.405149 -0.271928 0.904201
-0.133655 0.0728444 0.810143
-0.230096 0.0995489 0.787876
-0.146946 -0.146944 0.39958
-0.336726 -0.293315 0.954697
0.881488 0.00545096 1.73347
0.188743 0.195497 1.5125
-0.293431 0.0714434 0.840571
0.400998 -0.131451 1.34286
-0.37309 0.0960244 0.94382
-0.248343 -0.0888182 0.614486
0.353069 0.0763811 0.415686
0.434797 -0.277721 0.965948
-0.0638709 -0.151222 0.352473
0.559194 -0.250375 1.05107
0.661916 -0.108839 1.24479
0.407651 -0.26381 0.908963
-0.282458 -0.267311 0.843665
0.0802954 -0.00208632 0.136596
-0.293435 0.0294178 0.868715
-0.0963184 0.0323048 0.563032
-0.176588 -0.197167 0.562343
0.121811 -0.126237 1.71461
-0.268039 -0.292734 0.925661
-0.10133 -0.191395 0.499593
-0.0623158 -0.169283 0.83294
-0.120157 -0.027401 0.868148
-0.180957 0.0746927 0.829534
-0.0238025 -0.0638209 0.314101
0.383289 0.145562 0.668131
0.0760326 -0.0701423 0.600336
-0.281175 0.0124656 0.873651
-0.224166 0.130449 0.850341
-0.00525821 0.0964495 0.922209
-0.209048 -0.201281 0.605072
0.419042 0.222382 0.771101
-0.187916 -0.216699 0.646155
-0.0144726 -0.168139 0.929773
-0.304643 0.176524 0.868507
0.531423 0.053356 1.3448
-0.0401449 -0.198841 0.59252
0.107643 -0.0485448 0.363844
-0.300871 0.129403 0.87569
0.465763 0.255463 1.36487
0.480577 0.263461 1.40474
0.929492 -0.104417 1.80317
-0.0403863 -0.0793392 0.130591
-0.0735467 0.158135 1.49918
-0.0598028 0.21236 1.41916
-0.176062 0.0582672 0.853974
-0.155436 -0.315982 0.892114
-0.0531831 -0.186892 0.782004
-0.30669 0.124871 0.875824
-0.186367 -0.320773 0.939634
-0.0156675 -0.165623 0.957953
0.0232697 0.00179532 0.526851
-0.00508045 0.0099969 0.348276
-0.071635 0.13846 0.596123
0.214867 0.0231834 0.258596
0.156696 -0.0917039 0.185081
0.00726789 -0.0412745 0.0166792
-0.0875705 0.0234086 0.548627
0.270428 0.0317305 0.331921
-0.179283 0.129305 0.81694
-0.225313 0.133994 0.780515
-0.0908094 0.146141 0.628913
-0.143678 0.156416 0.701715
0.00972212 -0.0483192 0.0357068
0.412673 0.0890656 0.519396
0.00738569 -0.0379159 0.0162988
-0.0793597 -0.149404 0.357494
0.392713 0.182956 0.489535
0.0131108 -0.0520589 0.06795
-0.0106103 -0.0782074 0.13235
-0.0100573 -0.0759604 0.124959
0.27474 0.0405031 0.354605
-0.128189 -0.132494 0.343975
-0.198236 -0.265117 0.792083
-0.0816658 -0.155507 0.380207
-0.0443189 -0.0859439 0.152365
-0.0194668 -0.0199274 0.0873716
-0.109354 0.0249692 0.494756
-0.100393 -0.14066 0.356047
-0.107013 0.0868085 0.669783
-0.33086 0.0615067 0.971847
0.0576581 -0.0193664 0.19864
0.913125 -0.101409 1.7454
-0.0677372 -0.10847 0.9283
-0.0117394 -0.0242145 0.242138
-0.0735945 -0.0996757 0.960915
-0.077146 -0.17673 1.18636
-0.157296 0.0511244 0.842642
0.550754 -0.229988 1.02672
0.551133 -0.243493 1.01837
0.142139 0.104222 1.80037
-0.120925 0.0820392 0.808232
-0.199173 0.078016 0.79164
-0.1559 0.0511904 0.826665
-0.221507 0.113844 0.890953
-0.113049 0.0670055 0.820815
-0.38055 -0.25984 1.0581
-0.0159754 -0.0149537 0.175856
-0.0187446 -0.121854 0.632012
-0.0275706 -0.0529265 0.382636
-0.149939 -0.29587 0.857281
-0.347814 0.192804 0.941135
-0.120811 0.0756232 0.804365
-0.0822967 -0.0236417 0.592157
-0.00985736 -0.0175963 0.115849
0.341103 0.104003 0.503514
0.0481845 -0.0456472 0.145418
-0.0232829 -0.038142 0.168415
0.148056 -0.0151278 0.337753
0.324416 0.025394 0.708386
-0.213677 0.0997465 0.880368
0.301493 0.170374 0.491517
-0.187103 0.0911418 0.615886
0.317329 0.101496 0.501656
-0.305347 -0.312506 0.989688
0.438462 0.233707 1.19978
0.767108 -0.0803931 1.74772
0.540423 -0.0378441 1.24016
0.782729 -0.0817473 1.78075
-0.0979106 -0.0215748 0.688646
-0.185837 0.0800613 0.832561
-0.151178 -0.16734 0.476231
0.284394 0.141846 0.487345
-0.0180308 -0.020022 0.064225
-0.209964 0.11045 0.759751
-0.149171 -0.260254 0.731571
-0.195306 0.118555 0.796336
-0.157251 0.110914 0.692258
-0.137101 0.156909 0.791118
-0.0129276 -0.0274373 0.0563993
0.0105915 -0.035118 0.009744
-0.212189 0.115134 0.769274
-0.0731317 0.157163 1.52351
-0.246677 -0.265858 0.813142
-0.183178 -0.211567 0.628727
0.0278446 -0.0020117 0.0938417
-0.122806 -0.211252 0.574268
-0.0877437 -0.187252 0.491351
-0.245606 0.0370661 0.837416
-0.0087724 -0.00666667 0.129109
0.0614569 -0.0170268 0.213614
