0.734368 -0.121589 1.6414
-0.127007 0.120712 1.36892
0.751105 -0.338817 1.63977
0.0531843 0.119307 0.401173
0.0496392 0.111028 0.421342
0.116365 0.082272 0.411706
-0.0568276 0.11057 1.31101
0.766969 -0.353874 1.66949
0.110792 0.134997 0.418491
0.0290977 0.109703 0.452657
-0.162246 0.146854 0.534415
0.057401 0.105641 0.401903
0.100512 0.128703 0.401054
-0.165042 0.150283 0.54483
0.121863 0.0861734 0.429938
-0.0408335 0.0855378 0.39154
0.144713 0.0886307 0.385948
0.204674 0.0798247 0.322421
-0.125691 0.118857 1.37494
-0.0404263 0.0855284 0.391119
0.0445561 0.0850608 0.420637
-0.00949601 0.062114 0.403316
-0.100635 0.0903874 0.48955
-0.00377859 0.0881234 0.402647
-0.210923 0.146157 0.495588
-0.4974 0.0589171 1.51169
0.0683933 0.128242 0.401444
-0.181388 0.147477 0.516363
1.04698 0.0755714 6.40758
-0.213372 0.148215 0.500651
0.0363676 0.0821073 0.353818
-0.0897776 0.0764279 0.382058
-0.30533 0.238665 1.52222
0.0244414 0.0629413 0.392884
0.55231 0.0834024 0.965598
0.0275432 0.0728478 0.394288
-0.0644197 0.0989992 0.441123
0.469439 0.0390947 0.801443
-0.128896 0.13162 1.37366
0.00722106 0.0821999 0.357815
0.12079 0.0882966 0.437548
0.21087 0.100599 0.328131
0.135666 0.0813807 0.365291
0.0446413 0.0940335 0.35455
-0.266777 0.0864734 1.33152
0.214117 0.105083 0.329187
-0.0963578 -0.0893739 0.418316
0.106329 0.0978369 0.467695
0.169559 0.116117 0.365552
0.0299079 0.0516157 0.502271
0.444075 0.20295 0.53787
0.215299 0.0953783 0.299812
0.0101361 -0.055372 0.265146
0.0417394 0.0533547 0.403685
0.152259 0.0693215 0.380992
0.152044 0.0695135 0.382228
-0.0893688 0.0712123 0.375244
0.175646 0.0812191 0.449382
-0.0828758 0.0686763 0.36247
0.054454 0.0927825 0.289961
-0.0117388 0.117904 0.298525
0.0475433 0.125758 0.397888
0.103298 0.111557 0.473863
0.193094 0.0862724 0.394439
0.160064 0.120401 0.378687
0.0427317 0.163342 0.487292
0.0770692 0.13378 0.353442
0.0670207 0.126605 0.398895
0.0586569 0.120553 0.384217
0.0888974 0.105488 0.394413
-0.0579088 0.0849993 0.399332
-0.0174874 0.0927908 0.405563
-0.00678225 0.123119 0.394325
-0.0675643 0.0817976 0.38863
0.0999442 0.0909712 0.287805
0.655795 0.0104043 0.682297
0.682545 0.0109944 0.708429
0.0041734 -0.022068 0.225052
0.00966313 -0.0246466 0.225049
0.0131362 -0.0246577 0.221063
0.0110513 -0.0246556 0.220838
-0.00371929 -0.018158 0.228328
-0.0270217 0.293762 1.26507
0.0292226 0.0758089 0.409786
0.208807 0.0822166 0.328438
0.142154 0.0803504 0.425116
-0.649941 0.322164 1.43679
-0.126528 0.127508 0.379876
-0.165001 0.145302 1.35287
0.194775 0.119762 0.381676
0.146071 0.0668446 0.362474
-0.173816 0.144782 0.58321
-0.536965 0.256865 1.48084
0.697846 -0.439441 2.0302
0.784765 -0.341449 1.631
0.159088 0.067613 0.375007
-0.0552122 0.0826865 0.387999
-0.0411231 0.0847139 0.390269
0.862484 -0.0599175 1.66696
0.209718 0.126431 0.353558
0.175426 0.21266 1.96528
0.992603 0.0184593 1.47957
-0.0742516 0.0706193 0.343596
-0.0444914 0.163695 1.51912
1.05177 -0.492932 1.18231
0.575171 0.0839779 0.707793
0.511009 0.103666 0.634328
0.0489755 0.0515133 0.487747
0.10408 0.0807629 0.417867
0.216932 0.053333 0.306655
-0.0570886 0.126741 1.27112
-0.0821822 0.0989744 0.37602
-0.00195626 0.078172 0.379587
0.366248 0.0684029 0.59676
0.00477953 0.0479727 0.429654
0.0270971 0.064655 0.396663
0.854612 -0.297602 1.76028
0.065318 0.128897 0.409346
0.0372285 0.118976 0.483669
-0.0380491 0.163807 0.458558
-0.29609 0.321398 1.51688
-0.0715184 0.083814 1.46432
0.143689 0.0731019 0.371509
-0.685668 0.155281 1.56419
0.117635 0.14911 0.540771
0.0396174 0.136111 1.24253
0.750389 -0.259612 1.55766
0.135196 0.0745715 0.397785
1.20071 -0.502124 2.21818
-0.0835738 0.0911355 0.373633
0.0536272 0.113884 0.427682
-0.00514042 0.143369 0.425431
0.318851 -0.270238 2.35994
-0.434607 0.28805 1.2739
0.225295 -0.132765 0.895411
0.117595 0.0827879 0.409388
-0.114169 0.105021 0.453594
-0.0676994 0.0843957 1.38602
-0.523883 0.173244 1.57565
0.47701 0.048101 2.39052
0.0915277 0.0825399 0.37503
0.154682 0.0765344 0.387262
0.299608 -0.027397 2.21613
0.193901 0.105142 0.38274
-0.439555 0.211851 1.36847
0.515463 0.186682 2.17346
0.134565 0.0827978 0.372682
0.480493 0.214378 2.24616
0.0399652 0.0283516 1.49742
0.97208 -0.261746 1.78586
0.0231702 0.102406 0.429061
1.48897 -0.48645 2.66013
-0.4612 0.239676 1.42638
0.140082 0.0675913 0.350762
-0.0718072 0.0851986 1.44657
0.174221 0.0676532 0.375999
-0.145874 0.127266 0.529064
-0.629996 0.087286 1.45692
-0.0436115 0.0871787 0.398493
0.0391629 0.0823127 0.406648
0.178584 0.0643863 0.382453
0.102382 0.142925 0.419119
1.33762 -0.558251 2.50165
0.00448736 0.119853 0.450265
0.703057 0.119117 1.72758
0.000992851 0.117723 0.436413
-0.0597823 0.106702 0.425615
-0.517985 0.177545 1.62873
-0.193477 0.153416 0.541296
0.0979935 0.0824504 0.434856
0.11402 0.102422 0.509211
-0.184143 0.173383 1.30411
0.0298905 0.137546 0.458658
-0.0807548 0.131346 0.372762
0.0240543 0.0984682 0.429571
-0.176628 0.139812 0.496131
0.38939 -0.4405 1.76269
-0.455457 0.231923 1.45541
-1.02498 0.544793 2.2831
-0.521081 0.3123 1.33464
0.739756 -0.262687 1.53459
-0.0469728 0.0717289 0.389192
-0.583285 0.212755 1.42059
-0.143694 0.104997 0.38954
-0.0521414 0.0974973 0.380908
-0.46758 0.212964 1.32032
-0.0512938 0.0506923 0.365832
0.181657 0.115661 0.281113
0.161039 0.10875 0.343774
0.201354 0.140963 0.418427
-0.00569649 -0.158199 1.38214
0.139645 0.0792046 0.42022
-0.124327 0.124851 0.378589
0.670415 -0.420744 1.97402
-0.0454853 0.0859559 0.395099
-0.529 -0.0184995 1.24076
0.785838 0.143911 1.68698
-0.0846977 0.13435 0.381373
0.101538 0.177919 0.47819
0.0978842 0.139366 0.399719
-0.110092 0.150217 0.424375
0.0831569 0.137079 0.341334
-0.454956 0.216312 1.44127
1.0454 -0.419241 1.96083
0.256137 0.0780462 0.3627
0.171936 0.0653562 0.368994
1.07562 0.0105106 1.62243
-0.414525 0.15413 1.56397
-0.400253 0.148927 1.51513
0.049942 0.0865629 0.218192
0.751722 -0.235862 0.840979
0.171686 0.123329 0.283434
-0.368842 0.148692 1.36219
-0.0682113 0.077191 0.406268
-0.159756 0.158277 1.37883
-0.0653178 -0.46594 1.44277
0.481001 0.107953 0.794379
-0.149001 0.135631 1.23904
-0.495762 0.238121 1.44604
0.0470922 0.0842181 0.512611
0.173671 0.0820409 0.369864
-0.0658158 0.0813339 0.389387
-0.019881 0.0915902 0.396395
0.0850465 0.0679278 0.36256
-0.211215 0.179775 1.37162
0.659864 -0.329578 1.95559
0.00415969 0.0722447 0.391945
0.0409672 0.103113 0.428084
0.000133071 0.0982637 0.737566
0.0256029 0.0622467 0.398242
0.388696 0.0983077 0.572365
0.232819 0.0685943 0.322662
0.213776 0.0722778 0.307944
0.591673 0.17517 0.703285
0.00567312 0.0716033 0.380945
-0.0666809 0.0809168 0.383955
-0.0880477 0.0664754 0.40759
0.84745 -0.105864 1.52325
-0.0343944 0.0697497 0.395777
0.240266 0.25329 2.33254
0.197774 0.0497425 0.309558
-0.327907 0.194882 1.33512
-0.0781868 0.148345 1.2298
0.181445 0.116682 0.367171
0.213608 0.0410534 0.31926
0.154158 0.114227 0.357401
-0.089928 0.113779 0.412749
0.689843 -0.377297 1.68156
-0.51429 0.172356 1.56564
0.0209217 0.0804371 0.386152
0.00469553 0.102797 0.389834
0.0218121 0.106137 0.416624
-0.179925 0.14925 0.538664
-0.458453 0.245045 1.45018
0.173242 0.0667635 0.373407
0.145806 0.0677756 0.348901
0.148342 0.066751 0.345533
-0.047317 0.0707451 0.383566
-0.0175062 0.108756 0.383926
-0.0761622 0.138537 0.381438
-0.184085 0.154345 0.543602
-0.508319 0.300007 1.29569
0.0230773 0.101204 0.435276
0.00230511 0.0567652 0.40635
-0.0907331 0.0721793 0.379901
-0.00236958 0.0961714 0.407592
-0.05269 0.119677 0.479671
0.111454 0.0895632 0.459924
0.176129 0.0637753 0.379117
2.30851 -2.56572 9.89857
1.36856 -0.40659 2.46604
0.282015 0.0191429 2.42718
0.691626 -0.382086 1.68918
0.0227939 0.111681 0.432519
0.207439 0.0954116 0.312859
0.570921 0.13182 1.71572
0.548342 0.0326556 0.790367
0.692809 0.136317 1.06035
0.0380449 0.0467796 0.411003
-0.0548341 0.0642517 0.409277
0.0874739 0.113515 0.372989
-0.0554446 0.0730455 0.397678
0.10469 0.124292 0.388716
-0.0796003 0.0955505 0.373179
0.221609 0.0776631 0.312679
-0.0721534 0.0850451 0.347972
0.272109 0.080656 0.382458
-0.112468 0.0800682 0.469792
0.464857 0.154722 0.836549
0.211274 0.0883701 0.322865
0.338083 0.155439 0.640159
0.203001 0.0847752 0.308743
-0.0897194 0.0808536 0.391573
0.0267375 0.121191 0.403249
-0.0741568 0.0669 0.393144
0.200693 0.127265 0.40505
0.0282286 0.108525 0.44532
0.281148 -0.221402 1.15552
-0.00958498 0.0534177 0.40169
0.158338 0.0667061 0.371839
0.217093 0.0751248 0.305939
0.0750633 0.152032 0.354605
0.149527 0.125202 0.307545
0.143495 0.149885 0.362266
0.193739 0.135698 0.3402
0.133316 0.12227 0.274636
0.132657 -0.0235719 0.314075
0.747294 -0.429827 0.871546
1.07691 -0.3545 1.35435
0.00193281 0.0725806 0.372898
0.970369 -0.0745756 1.69499
0.834666 -0.364351 1.74211
0.0307798 0.0757119 0.445119
0.0338171 0.0776155 0.388722
0.225353 0.0837798 0.317796
0.140105 0.06808 0.372872
0.0588707 0.11946 0.429316
0.0387029 0.0546463 0.470097
0.478937 0.06889 0.826212
0.173431 0.0881096 0.482139
0.0430807 0.154273 0.628856
0.0499495 0.126589 0.40435
0.094418 0.0861827 0.403431
-0.0177784 0.0924052 0.402718
-0.0176218 0.108523 0.388761
0.0894545 0.107047 0.402477
-0.0838385 0.0781479 0.373343
-0.17354 0.140269 0.570261
-0.0826799 0.0956006 0.383847
0.00306049 0.0657102 0.449257
-0.0127051 0.0618122 0.401952
0.154815 0.114712 0.360261
-0.0757032 0.07463 0.363354
-0.403127 0.223595 1.64365
0.222931 0.0341008 2.20239
0.447506 0.0368849 0.762152
0.369131 -0.017753 2.59209
0.190609 0.071269 0.413353
0.242314 0.111794 0.505924
0.000710692 0.11655 0.426756
-0.0806198 0.108682 0.379708
0.203347 0.0847579 0.309534
0.0139107 0.130074 0.426962
0.982833 -0.183288 1.52572
1.22913 -0.42407 2.21585
0.842596 -0.0574248 1.63463
0.0309495 0.115893 0.460574
0.244678 0.0369664 2.51784
-0.0406404 0.0808672 0.713289
0.11789 0.0869973 0.433613
-0.0570776 0.0781522 0.424901
0.050312 0.109356 0.413496
0.262963 0.0393562 2.3655
-0.0579869 0.0753304 0.378949
0.180592 0.117193 0.367869
0.143543 0.130921 0.357858
0.104492 0.134762 0.420419
-0.0563708 0.136189 0.391385
-0.180844 0.140847 0.468927
-0.160389 0.148785 1.35026
-0.0820822 0.133814 0.38085
-0.169149 0.133463 0.462858
0.0671903 0.121514 0.390278
-0.0949987 0.138328 1.05136
0.112944 0.0833191 0.416718
0.0258805 0.120349 0.403228
0.158784 0.102053 0.452008
0.0170553 0.0986444 0.374851
-0.00304055 0.0876401 0.408546
0.956892 -0.0673914 1.84544
-0.00322209 0.083457 0.403121
0.794441 -0.126916 1.63812
-0.465912 0.183496 1.61286
-0.0188278 0.11172 0.400708
0.0258254 0.105457 0.352384
-0.454773 0.229085 1.02359
0.208729 0.0998548 0.322922
0.0287428 0.108875 0.448907
-0.0655473 0.0646285 0.403978
-0.165297 0.126299 0.540177
0.0458899 0.0817732 0.531708
-0.138118 0.111757 0.387449
0.213304 0.0446252 0.320273
-0.562744 0.31232 1.62211
-0.43819 0.263892 1.12829
0.218348 0.05247 0.343091
-0.28534 0.163882 0.579529
-0.00451004 0.0567681 0.377595
-0.329285 0.145974 0.555151
-0.021955 0.148217 0.427191
-0.0615087 0.0632416 0.388933
0.0409713 0.0433325 0.428467
-0.29924 0.180417 0.659486
0.0124647 0.0741892 0.499071
-0.0383304 0.132774 0.39742
-0.0798336 0.0706303 0.382121
-0.119032 0.11975 0.360519
-0.197068 0.137685 0.468041
0.00586852 0.14957 0.444086
0.0626512 0.128369 0.408122
0.138272 0.0831192 0.363438
0.0447807 0.0991121 0.443655
0.0455055 0.15908 0.469987
0.1444 0.0720097 0.371177
0.043706 0.085277 0.423273
0.0708943 0.132912 0.429082
-0.0841323 0.111999 0.392237
-0.0597865 0.0888445 0.374361
0.024472 0.0544435 0.291193
0.11051 0.143047 0.452477
0.189838 0.125929 0.383845
0.033309 0.165162 0.506604
0.157017 0.0662871 0.341163
-0.0814152 0.102611 0.376525
-0.0323558 0.0688082 0.393036
-0.0886996 0.079954 0.387975
0.0377031 0.0411432 0.400237
-0.122228 0.108051 0.317599
-0.0530394 0.084295 0.358807
-0.122118 0.107481 0.315993
-0.0786628 0.069969 0.379067
0.205374 0.0935608 0.319778
0.0481874 0.11346 0.462581
0.0366188 0.1161 0.473194
-0.000769439 0.0960984 0.399949
-0.0199998 0.144587 0.418037
0.195102 0.0530507 0.313069
-0.0310181 0.0683682 0.389097
0.0419448 0.042917 0.419057
-0.0664658 0.07368 0.381692
-0.0660597 0.078459 0.373648
0.152194 0.101838 0.321344
-0.198971 0.151361 0.522461
-0.622086 0.216024 1.48301
-0.243533 0.163786 0.570312
-0.330288 0.177101 0.834631
-0.596193 0.210372 1.42829
-0.220798 -0.0754237 0.813829
-0.0499115 0.0755656 0.336131
0.041564 0.0967007 0.407396
0.937977 -0.36361 1.50884
0.0959848 0.137198 0.393783
0.022841 0.0904941 0.392233
0.161824 0.0688518 0.381698
0.0307466 0.0845061 0.413387
0.00307341 0.102352 0.376328
0.102192 0.0797459 0.408213
0.118109 0.127196 0.335833
-0.0865456 0.113231 0.405991
0.219771 0.123374 0.299496
0.0452464 0.131366 0.329601
0.141822 0.143516 0.344003
0.547578 0.0253686 0.913126
0.19764 0.116827 0.288848
0.179922 0.0783072 0.246448
0.0940616 0.212511 0.486334
0.0756726 0.154387 0.353909
0.191021 0.126008 0.369031
0.0691471 0.143202 0.367912
0.0236085 0.0362066 1.22984
-0.0340233 0.121756 0.365089
0.482674 0.0422581 0.80897
-0.054308 0.0820629 0.385466
0.733287 -0.093915 1.62277
0.13636 0.0749156 0.400245
-0.208468 0.171582 0.60686
0.118306 0.0825589 0.408679
-0.0651605 0.0950481 0.401364
-0.232596 0.154938 0.701573
-0.0676043 0.0927277 0.382078
0.017327 0.0746312 0.30699
0.0315501 0.112155 0.449766
0.137423 0.083869 0.378877
0.0114248 0.0901828 0.401593
-0.603221 0.305836 1.34844
-0.223062 0.15601 0.526603
1.69114 -0.541795 2.76802
-1.32546 0.701881 2.94179
-0.073553 0.0759181 0.368632
-0.0870471 0.133418 0.393822
0.00135065 0.0670777 0.424276
-0.481416 0.264271 1.20563
0.140062 0.0900279 0.396624
0.0425745 0.0975246 0.419755
-0.422445 0.167313 1.48886
0.976369 -0.244078 1.77617
-0.171517 0.140768 0.577397
-0.259136 0.159027 0.565686
-0.4798 0.261642 1.50604
0.167125 0.102594 0.340015
0.250667 0.104667 0.346559
0.314071 0.0798389 0.458146
0.257667 0.106828 0.355554
0.141249 0.110007 0.346191
0.227527 0.0763438 0.325112
0.0258801 0.13997 0.374494
0.210745 0.0834404 0.331545
-0.020893 0.147098 0.425225
-0.232511 0.178128 0.477716
-0.346943 0.155701 0.641353
0.302513 0.10941 0.524326
0.28913 0.0710892 0.418674
0.0577575 0.136467 0.396283
0.0490227 0.135139 0.371076
-0.680358 0.0813369 1.55542
-2.48395 -0.0357325 3.44593
-0.975256 -0.0377001 1.76228
-0.0688074 0.093396 0.373306
-0.0560174 0.0797664 0.367646
-0.071819 0.101763 0.379458
-0.136795 0.138141 0.744768
-0.177397 0.135474 0.504566
-0.200195 0.157824 0.519211
-0.197885 0.147482 0.546547
-0.0813906 0.0700915 0.368329
-0.159531 0.146323 0.537383
-0.492203 0.198488 1.48463
-0.29591 0.235945 0.741543
-0.198187 0.156876 0.515898
-0.170743 0.14566 0.517676
-0.17348 0.135011 0.526078
-0.0168112 0.128165 0.398034
0.179956 0.109487 0.370199
0.181068 0.126291 0.341148
0.120495 0.10148 0.273236
0.181149 0.106263 0.262678
0.13569 0.10494 0.330618
0.0611782 0.142584 0.414751
0.054332 0.125684 0.436365
-0.0211688 0.141442 0.438947
-0.321131 -0.348741 1.3445
0.172275 0.0603844 0.362917
-0.636854 0.0838587 1.47936
-0.440602 0.172268 1.45755
0.53534 0.0720942 0.918685
0.699579 -0.229548 1.79452
0.572153 -0.535858 1.43073
-0.00215837 -0.180901 1.51447
-0.00646212 0.0580615 0.405295
-0.213801 -0.0221352 0.362615
0.0149492 -0.0255749 0.219737
-0.214011 -0.0220418 0.362884
0.0327262 0.0621501 0.393478
0.600533 0.0342167 0.744443
0.59002 0.0871605 0.731135
0.785007 -0.398963 0.850856
0.916961 -0.101945 1.61863
0.0213076 0.0664951 0.555407
0.0266502 0.0468705 0.456691
-0.100379 0.0983903 0.681785
0.152665 0.069191 0.381682
-0.293991 0.096033 1.40593
0.759754 -0.40499 0.890407
1.0505 -0.488603 1.19108
0.197492 0.0777931 0.301182
0.44356 0.202254 0.505562
-0.103882 0.0822307 0.432962
0.0980395 0.136746 0.351048
0.14118 0.0986183 0.275764
0.226523 0.0751145 0.321699
-0.00125679 0.147449 0.431696
0.023606 0.151544 0.403543
-0.0542362 0.0824459 0.38655
-0.0737141 0.067789 0.384973
-0.0709139 0.13558 0.328604
-0.0759099 -0.0445823 1.38643
1.09126 -0.502422 1.81025
0.686186 -0.163744 1.68808
0.845967 -0.541136 1.56649
0.673439 0.0860168 0.678245
0.659494 0.00656761 0.783807
0.492026 0.0470558 0.813738
0.572612 -0.537647 1.44484
-0.173682 0.175582 1.4376
1.0898 -0.34483 1.23311
-0.414256 0.161781 1.46554
-0.513881 0.198245 1.54748
0.746915 -0.409968 0.784635
-0.0595893 -0.0329969 1.25557
-0.377503 0.142524 1.39626
0.299729 0.248207 2.3698
0.88031 -0.373746 1.64423
0.738614 0.135638 1.7404
1.07381 -0.199546 1.67106
1.11352 -0.368205 1.40243
-0.382936 0.225379 1.56655
0.0116706 0.089732 0.410849
0.039753 0.0649434 0.40839
0.658758 -0.00371839 0.792218
0.00163527 0.0787678 0.398478
0.318375 0.0799897 0.468321
0.610969 -0.195636 0.816432
0.596672 0.0272951 0.748953
0.684474 0.0843194 0.679902
0.700033 -0.37632 1.67999
0.785919 -0.147195 1.48897
0.585145 -0.537894 1.41855
0.612305 -0.192656 0.813863
-0.0683312 -0.0367397 1.32728
0.73954 -0.113693 1.64263
-0.465925 0.214397 1.41001
0.166381 0.117625 0.243426
0.179945 0.137831 0.325081
0.112509 0.118462 0.420121
0.173608 0.117939 0.280833
-0.0745513 0.0690641 0.38575
-0.0181406 0.16367 0.424925
0.0166492 0.108527 0.52925
-0.0883106 0.103286 0.407341
0.178482 0.121605 0.322676
0.0052894 0.155722 0.462151
-0.0751112 0.103555 0.377379
0.197962 0.147715 0.418444
0.0211586 0.155401 0.453206
0.0722619 0.135841 0.426453
0.163049 0.0690647 0.383807
0.596358 -0.53181 1.38362
-0.202773 0.167045 1.29819
0.917104 -0.584969 1.69144
0.28538 -0.364382 2.41778
-0.0343642 0.0606665 0.337742
0.47729 0.0389998 0.811095
-0.0477179 0.069622 0.383362
0.607209 0.085129 0.731019
0.0058758 0.0687931 0.399634
0.0410498 0.0525653 0.404897
0.0404139 0.0773935 0.483135
-0.0289189 0.163268 0.771373
0.183799 0.132412 0.29961
-0.0550395 0.154998 0.292726
0.338644 0.185705 0.421511
0.247603 0.108769 0.34482
0.191923 0.111813 0.255902
-0.115636 0.156182 0.439346
-0.0663414 0.07742 0.364358
-0.080322 0.0922569 0.375576
0.208231 0.125738 0.35048
-0.0898158 0.125605 0.406527
-0.393206 0.162702 1.45222
0.124842 0.0926587 0.256558
0.0620393 0.145972 0.415532
0.168 0.0730941 0.351757
0.0998384 0.12137 0.434148
0.799593 -0.274596 1.66386
0.261729 0.0809539 0.371696
-0.0605334 0.142233 0.411004
0.042098 0.0531393 0.399359
0.00231153 0.0764062 0.500185
-0.000213289 0.164481 0.43572
0.0362265 0.0758319 0.314802
0.109899 0.166698 0.481685
-0.0570759 0.136115 0.393287
0.0446616 0.165447 0.491705
0.71601 0.0687575 0.668843
-0.0827638 0.118564 0.383237
0.181848 0.121495 0.350048
-0.00695035 0.0757681 0.4128
-0.0155966 0.0900742 0.393549
0.0594954 0.122303 0.390836
-0.159678 0.186849 0.541803
0.245541 0.0754878 0.34554
0.092966 0.172197 0.44853
0.159165 0.10749 0.339286
0.228404 0.100991 0.316972
-0.126902 0.140558 1.36369
0.312305 0.17292 0.66106
-0.0336983 0.169688 0.365956
0.166511 0.140532 0.317116
0.664111 -0.48212 2.00584
-0.433014 0.29338 1.27497
-0.499446 0.266946 1.53409
-0.642969 0.126845 1.43462
0.590317 -0.0697183 1.14891
0.819242 -0.0579354 1.58878
-0.0701809 0.0669109 0.368508
-0.0660809 0.0766382 0.370066
-0.204048 0.191902 0.504086
-0.756828 -0.0271854 1.39062
0.109387 0.131927 0.412033
-0.0655096 0.0905726 0.373981
0.0257752 0.0543602 0.395044
-0.0800173 0.0699765 0.415172
-0.00693038 0.069474 0.413133
0.171349 0.070283 0.365195
0.992063 -0.32965 1.25651
0.0400243 0.0685421 0.399902
-0.088893 0.0655743 0.386017
0.73675 -0.429888 0.875377
0.642418 -0.00708585 0.808931
0.59339 0.0361078 0.739272
0.448417 0.205801 0.514785
0.212923 0.132075 0.325137
-0.483073 0.359567 1.5203
-0.0795607 0.0727274 0.367319
-0.0793239 0.0728334 0.367014
-0.197358 0.12969 0.484441
-0.0798608 0.0735965 0.368719
-0.378511 0.198062 1.34348
-0.28579 0.190139 1.3946
-0.188565 0.24736 1.35137
-0.582263 0.444973 1.82078
-0.144651 0.234353 1.29792
-0.034357 0.275832 1.32284
-0.284392 0.329222 1.54039
0.70722 -0.132642 1.16385
-0.170991 0.145955 0.51883
-0.170833 0.145836 0.519309
-0.771793 -0.113407 1.44031
-0.443736 0.234784 1.54158
-0.645651 0.154036 1.51502
-0.959599 -0.0353727 1.73002
-0.200852 0.152544 0.524882
-0.199833 0.148047 0.532944
-0.692236 -0.104775 1.3166
-0.992677 0.267636 1.55055
-0.998238 0.264939 1.56248
-0.199601 0.154038 0.517507
-0.235035 0.169914 0.533362
-0.188847 0.151709 0.523724
0.00239851 0.0625698 0.403077
0.720692 -0.167618 1.75513
-0.538718 0.26269 1.48394
-0.166304 0.171849 1.36708
-0.280844 0.104676 1.46677
-0.0761456 0.13857 0.381447
-0.223966 0.156328 0.528605
-0.196298 0.144683 0.539205
-0.627553 -0.0233928 1.43482
-0.189159 0.334575 1.41902
-0.31249 0.188545 0.673176
-0.211861 0.145993 0.507902
-0.70026 0.419963 1.41598
-0.192922 0.142052 0.533318
-0.145433 0.0889186 0.434391
-0.236306 0.142453 0.528962
-0.242015 0.190314 0.484457
-0.262453 0.200777 0.53923
0.290103 0.198088 2.31541
0.150048 0.132447 0.28369
0.169063 0.119219 0.250661
0.00365453 0.0454229 0.347887
0.1181 0.113149 0.2761
0.0732393 0.0883973 0.187922
0.149916 0.141898 0.303808
0.237934 0.150345 0.321706
-0.0502541 0.155392 0.396549
-0.0893277 0.171633 0.439854
0.14212 0.118212 0.289182
1.07429 -0.350993 1.34877
0.958373 -0.297063 1.08663
0.0430045 0.05462 0.411563
0.28482 0.0240697 2.44433
0.699534 -0.372852 0.786997
1.201 -0.5075 2.40077
1.70533 -0.348655 3.43289
0.760865 -0.414865 0.795643
-0.398874 0.165947 1.4743
0.838306 -0.086484 1.63419
0.335547 -0.173472 2.38337
0.810934 -0.0879348 1.58214
0.22601 0.18952 2.19466
0.78446 -0.0628504 1.40848
0.471547 0.0460726 2.38359
0.0943334 0.0244051 2.46378
0.00845654 0.0778853 0.392617
0.0924062 0.0757548 0.403508
0.579445 0.121587 0.735103
1.08171 -0.354748 1.35862
0.583147 -0.497336 1.72227
-0.441546 0.135335 1.4126
0.780362 -0.328304 2.14886
-0.270663 0.292693 1.19818
-0.0800715 0.179334 1.34724
-0.367142 0.219897 1.4818
-0.708481 0.163392 1.614
-0.646296 0.0818249 1.39296
-0.184947 0.172558 1.30172
0.762143 0.137539 1.95384
1.13749 -0.0116181 1.43233
-0.176877 0.24739 1.33709
-0.0537387 0.106192 1.30729
0.037695 0.0413266 0.395655
-0.0866039 0.11292 0.412704
-0.00171443 0.0898332 0.425118
0.0318289 0.0696705 0.390468
-0.0165704 0.0917165 0.400499
0.11159 0.0794571 0.394733
-0.0808708 0.0831772 0.568545
-0.22658 0.156032 0.531608
-0.554478 0.210414 1.34988
-0.446647 0.204465 1.30113
0.756983 -0.12304 1.63795
2.08544 -0.617318 3.40165
-0.191451 0.238844 1.5042
0.697907 -0.503936 2.10547
0.159985 0.0673635 0.349561
0.935619 -0.357121 1.50515
0.0247291 0.0620236 0.396879
-0.000174762 0.0666372 0.390645
-0.0788034 0.0821967 0.378004
-0.0383842 0.08771 0.35098
0.0168117 0.124327 0.362633
-0.0444488 0.0686781 0.31706
0.192913 0.120946 0.380119
0.24616 0.130706 0.380516
-0.0637639 0.0869479 0.355223
-0.0657453 -0.0423393 0.381363
0.037864 0.0515573 0.40433
0.360482 0.130875 0.613681
0.589061 -0.532576 1.68821
0.983039 -0.449353 1.62767
0.650973 0.00412762 0.776192
0.410129 -0.383865 1.02848
-0.126595 0.239023 1.31776
-0.206862 0.443214 2.0913
-0.679606 0.162852 1.49666
0.705724 0.151464 1.70159
-0.574441 -0.0228547 1.33605
-0.717447 0.154591 1.61581
-0.320697 0.203746 0.52071
-0.268377 0.186121 0.485703
1.06013 -0.391225 1.93681
-0.140332 0.129312 1.20031
-0.0772602 -0.181353 0.56823
0.309583 -0.261959 2.29049
0.513307 -0.406241 1.13998
0.758694 -0.121022 1.62728
0.273314 0.23687 2.22684
0.729201 0.186149 2.30319
0.687844 -0.192276 1.69322
0.554893 0.0958109 0.740251
-0.28062 0.323346 1.52304
0.199613 -0.116922 1.58239
-0.0824429 0.271426 1.31616
-0.816934 -0.116125 1.50496
-0.329002 0.207792 0.947734
0.777698 -0.105139 1.52427
-0.12094 0.213241 1.40081
0.857515 -0.323733 1.59135
-0.0929089 -0.331207 0.809405
-0.0482206 0.135334 1.00439
-0.0991347 0.0760328 1.34059
0.130615 0.446855 2.22166
0.0419465 0.113328 1.14661
-0.0819679 0.296172 1.45283
1.14862 -0.32628 1.98732
-0.0957982 0.0763798 0.40479
-0.0952475 0.14706 0.359228
0.889349 -0.0637011 1.70505
-0.0741118 0.0678458 0.512444
-0.0376613 0.0715236 0.400578
0.126215 0.219889 1.99558
-0.692889 0.243273 1.56619
1.23232 -0.418247 2.31871
-0.185859 0.247607 1.356
-0.0529492 0.284887 1.35948
0.751883 -0.328087 1.57778
1.74063 -0.8158 1.79117
-0.0678664 0.190265 1.3657
0.0334732 0.111342 1.14146
-0.295599 0.234047 1.47292
-0.0560655 0.115076 1.2723
-0.274606 0.14329 1.43194
-0.697518 0.143743 1.35618
-0.63454 0.0786958 1.37714
0.610319 0.0884319 0.738131
0.170854 -0.321011 1.40392
0.495502 -0.183579 1.45125
0.263192 0.238016 2.18801
0.227003 0.050717 2.44309
0.0622018 0.143019 1.38047
0.622972 -0.0118349 0.782873
0.0316944 0.00540143 0.27083
0.98608 -0.17743 1.53207
-0.187056 0.175941 1.32153
0.765904 -0.419017 2.61607
0.515103 0.198357 2.18343
-0.0687431 -0.0259736 1.26337
-0.0526358 -0.0300613 1.26501
-0.185658 0.180744 1.32244
0.834926 -0.399972 0.977264
-0.688667 -0.0578949 1.63437
-0.0487473 0.163988 1.679
-0.523551 -0.0320978 1.50341
0.603985 -0.504034 1.75902
-0.0175912 -0.206891 1.30159
-0.0528508 0.143298 0.842487
0.40939 -0.26071 1.82365
0.22913 0.243872 2.23809
0.252802 0.249588 2.35496
-0.470134 0.253749 1.45498
1.99381 0.427532 2.55837
0.653941 -0.00277804 0.791013
-0.000759352 -0.146068 1.30877
-0.0183601 0.167232 0.435971
0.311679 -0.090873 0.747549
0.343503 0.189881 0.429215
0.315408 0.174606 0.391798
0.131082 0.0896253 0.188699
-0.48237 0.174935 1.50889
0.145303 0.145682 0.355834
0.293103 0.0584595 0.441365
0.178663 0.143437 0.301727
0.0745205 0.150615 0.343535
-0.0551981 0.0836498 0.390117
0.112838 0.113823 0.242456
0.169835 0.120793 0.275477
0.441703 0.301565 0.831324
0.183865 0.137702 0.297683
0.172411 0.127608 0.276474
0.202344 0.117185 0.279526
0.240757 0.196423 0.5484
-0.0731033 0.163 0.385044
0.14158 0.13183 0.295513
0.0406631 0.114664 0.245513
-0.00100718 0.162648 0.431275
0.218749 0.113823 0.326938
0.0680095 0.140793 0.362512
0.110378 0.141716 0.534193
-0.503953 0.231108 1.50308
0.0155131 0.159897 0.467208
0.096473 0.138029 0.370534
-0.0509817 0.0716928 0.390989
0.0556836 -0.00467002 0.0567601
0.21212 0.12158 0.287881
0.642454 -0.0687479 0.816972
0.683376 0.0142439 0.748116
0.513497 0.115793 0.848351
0.695613 -0.342544 2.021
-0.15292 0.122197 0.497278
-0.177324 0.149184 0.537947
0.0302024 0.084662 0.409595
-0.340776 0.14867 0.576774
0.1299 0.0720958 0.37672
0.601371 -0.549118 1.73509
0.787659 -0.274397 1.64049
-0.224504 0.157195 0.530152
-0.0391876 0.151504 0.415575
0.131353 0.0720437 0.380869
0.188608 0.110565 0.273792
-0.0395596 0.0842329 0.38455
0.580991 0.0347403 0.744727
0.146242 0.121618 0.297617
0.168601 0.0783941 0.334154
0.137073 0.126771 0.349049
-0.0393015 0.0828937 0.330322
0.0351017 0.0607151 0.406978
0.0462833 0.0981164 0.387646
0.172052 0.126198 0.324122
-0.0739423 0.135879 0.374117
-0.0724457 0.108815 0.376411
0.205415 0.116959 0.278149
0.225081 0.0874058 0.359276
-0.0281491 0.1153 0.506087
0.251621 0.0836417 0.358337
-0.0547601 0.0780492 0.604248
0.373668 -0.0427129 0.692206
-0.0564014 0.136371 0.391855
-0.0567039 0.0699977 0.372111
0.177333 0.075473 0.392589
0.464589 0.0012395 0.449795
0.347789 0.110484 0.608891
-0.0579009 0.0868237 0.379814
0.607476 0.0866873 0.75741
-0.0829758 0.105951 0.38236
0.0235886 0.135917 0.356269
0.179213 0.126122 0.339009
-0.0639343 0.0989186 0.382878
0.0218318 0.0818485 0.882301
-0.0133099 -0.00758244 0.227346
0.0375989 0.145152 0.325794
0.159384 0.138743 0.339349
0.808749 -0.121344 1.65936
0.16381 0.115279 0.240197
0.154843 0.145756 0.327809
-0.286316 0.383496 1.57551
0.152325 0.141417 0.319677
0.716556 0.109574 1.73093
0.77678 -0.250279 1.61065
-0.082434 -0.036527 0.487332
-0.133275 0.184916 0.537988
-0.0527828 0.060887 0.3913
0.0251444 0.162981 0.340593
0.155221 0.0974091 0.226331
0.153543 0.115254 0.285623
-0.0105774 0.0545941 0.41158
0.0666139 0.278136 1.41505
2.22863 0.22181 2.82205
0.798326 -0.159845 1.45218
1.26521 -0.426172 2.35514
0.715396 -0.0566058 1.29826
1.09281 -0.390336 1.923
-0.227457 0.421419 1.59969
0.92883 -0.171685 1.46005
1.05751 -0.308613 1.85306
0.00767031 0.0794269 0.392139
-0.54416 0.139596 1.22246
0.904847 -0.0611491 1.67059
-0.612809 0.0903377 1.40162
-0.436797 0.188245 1.39509
0.763638 0.109223 1.91466
1.3817 -0.445638 2.26483
1.55605 -0.656913 2.95304
-0.352209 -0.308719 1.28528
0.351512 -0.012076 2.35041
0.828051 -0.188446 1.50719
0.307079 -0.193998 2.24622
-0.0869614 0.65078 2.77863
-0.122001 0.204872 1.55604
0.962559 -0.106553 1.67314
1.02518 -0.110074 1.90743
-0.0651733 0.0790774 1.25424
0.0622914 0.14023 1.37361
-0.301118 0.170958 1.57549
1.22682 -0.373498 2.11163
0.82859 -0.289927 1.7081
-0.235165 0.226185 2.17303
-0.105162 1.28578 5.16741
-0.0972022 0.248435 1.76234
0.797193 -1.14499 4.86177
-0.0534127 0.145345 1.50362
-0.0235795 -0.222259 1.16519
-0.0602166 0.144934 1.25777
-0.0583231 0.297384 1.41684
1.7609 -0.547653 3.17299
-0.0405165 -0.334045 1.33124
0.64644 0.00746948 0.769058
0.152041 0.271668 2.43654
-0.0543424 0.135525 1.34703
-0.0496924 -0.0289147 1.26601
0.657925 -0.0526623 0.839415
0.803867 -0.058384 1.54414
-0.083478 0.0738673 0.378475
-0.674121 0.16025 1.48745
0.167081 0.0734077 0.235432
0.226127 0.111179 0.351117
0.133987 0.14703 0.390104
0.0371793 0.140822 0.359372
0.0251586 0.0156332 0.346206
0.06919 0.0184939 0.0864185
-0.0524855 0.0763211 0.386987
0.0302733 0.004219 0.0314452
0.920192 -0.0654139 1.75986
0.0669263 0.140203 0.392643
0.000826363 0.0585072 0.413665
-0.0629889 0.0749982 0.40129
0.560836 0.169293 0.663882
0.145833 0.121224 0.297848
0.202228 0.0950825 0.296722
0.188968 0.127702 0.306901
0.177413 0.112728 0.27416
0.243795 0.121231 0.37872
0.181123 0.119692 0.321465
0.19404 0.136679 0.368883
0.063047 0.114896 0.246565
0.175916 0.11161 0.260319
0.206382 0.0954142 0.476502
0.100495 0.12446 0.463875
0.0295617 0.059404 0.383446
-0.0500993 0.0720184 0.393176
-0.00268232 0.0492725 0.368677
0.400661 0.18215 0.456348
0.000467129 0.0513212 0.402126
0.176628 0.135575 0.336201
0.193345 0.0527371 0.31077
-0.0297092 0.131005 0.372182
-0.0041923 0.0823039 0.420987
0.75496 -0.120122 1.6861
-0.0325298 0.0696825 0.396352
0.123419 0.109266 0.299252
0.217666 0.106679 0.332722
-0.00568382 -0.23446 2.05658
-0.0330386 0.0944157 0.398307
-0.551234 0.254231 1.52957
-0.542612 0.251297 1.50677
-0.143274 0.108969 1.40248
-0.48226 0.203844 1.42788
0.242194 0.0616122 2.06114
0.105743 -0.0362321 0.25323
0.0309893 0.136814 0.336484
0.110902 0.120461 0.33039
0.114756 0.0793835 0.394779
0.121648 0.092595 0.381637
0.0456927 0.158091 0.466649
0.0203706 0.0995739 0.397803
-0.0734045 0.199748 0.552167
0.203234 0.0414259 0.310014
0.244365 0.0899756 0.390902
0.122506 0.0844308 0.369781
0.21374 0.100988 0.315104
0.0621904 0.147487 0.366219
0.218405 0.0966179 0.301315
0.113566 0.080235 0.40406
0.136411 0.100669 0.314822
0.207317 0.0778354 0.306693
0.120914 0.0958898 0.387732
-0.16328 0.147936 0.538463
-0.0670988 0.0929472 0.382998
0.327094 0.0612794 0.392344
0.204824 0.124785 0.348629
0.201938 0.0987894 0.309465
0.0555268 0.126375 0.307744
0.0280687 0.000493248 0.0122989
0.0492537 0.076178 0.409655
0.0546913 0.127749 0.428681
0.142351 0.103337 0.325047
0.194956 0.0677852 0.317513
-0.490279 0.176448 1.55385
0.229871 0.134551 0.323019
0.216709 0.134397 0.375574
0.164603 0.0697746 0.388832
0.18088 0.134251 0.299272
-0.113128 0.158601 0.460404
-0.0236482 0.153012 0.435126
-0.0803404 0.0754897 0.360281
0.119037 0.0877348 0.199097
-0.0978531 0.151513 0.367162
0.194575 0.143934 0.322974
-0.084687 0.161884 0.420766
-0.0729174 0.158183 0.358879
0.0934399 0.116939 0.259825
0.183164 0.129005 0.270237
0.193151 0.109978 0.261423
-0.0780465 0.0901243 0.364707
-0.0873146 0.150438 0.338398
0.00177942 0.113571 0.402085
0.00591221 0.108541 0.414901
-0.0754894 0.13715 0.380005
0.0176686 0.0940083 0.362282
0.0301621 0.111902 0.418979
0.0350912 0.0938281 0.412424
0.0292562 0.108511 0.403242
0.111375 0.0783535 0.386939
0.0243244 0.140189 0.365422
0.109059 0.0921834 0.423971
0.112507 0.0781694 0.385125
0.113214 0.078953 0.390683
0.0559632 0.127743 0.44322
0.0169587 0.096742 0.387995
0.13151 0.123592 0.307169
0.1571 0.119892 0.294145
0.230357 0.0816642 0.331032
0.120959 0.116635 0.364921
0.0223868 0.1632 0.477349
0.0368863 0.150657 0.396615
0.0426491 0.0621539 0.407623
0.624876 0.220404 0.726385
0.0757288 0.143116 0.387959
0.442019 0.00631275 0.416244
0.695917 0.00662992 0.662706
0.0383804 0.137827 0.352965
-0.00831493 0.164188 0.434955
0.185357 0.124419 0.296609
0.193071 0.107346 0.258766
0.00335122 0.0804631 0.38731
0.108856 0.135384 0.378937
-0.0200783 0.153371 0.425515
0.0816496 0.141651 0.365736
0.125875 0.11303 0.305661
0.497341 0.105389 0.821311
0.20484 0.0687462 0.222818
-0.00844904 0.138345 0.345993
-0.00415694 0.146759 0.435224
0.196766 0.0782808 0.302392
0.0852504 0.140272 0.348996
0.211235 0.0757779 0.299126
0.160358 0.164062 0.397637
-0.0255123 0.1559 0.482322
0.533469 0.157885 0.631535
-0.121971 -0.0756807 0.640636
-0.00569515 0.168722 0.541243
0.747437 -0.108965 1.66481
0.0195339 0.0105733 0.0358272
0.739667 -0.130613 1.52874
0.0606843 0.14 0.409268
-0.0301138 0.132759 0.376156
0.0251053 0.149089 0.397067
0.0576971 0.123921 0.391039
0.094356 0.107413 0.337814
0.0997348 0.143592 0.387595
0.326453 0.117682 0.571638
0.182381 0.121807 0.351698
0.00762135 0.0754683 0.362664
0.0650737 0.15603 0.399923
-0.0701169 0.0939752 0.377062
0.055196 0.129224 0.440517
0.125196 0.188877 0.615129
0.199523 0.120317 0.3363
-0.00392373 0.15646 0.436857
0.508155 0.21083 2.27052
0.495016 0.0897573 0.681098
1.55387 -0.391936 2.67599
0.805387 -0.0610771 1.56365
-0.0579011 -0.338069 0.806587
-0.503919 -0.0350235 1.45967
-0.200803 0.167985 1.29259
-0.19308 0.230964 1.4116
0.0324102 0.0604857 0.399977
-0.125791 0.208162 1.38707
0.841742 -0.0594824 1.6199
0.0366696 0.400152 1.80904
0.732828 -0.255886 2.01591
0.0322944 0.332963 1.54263
0.777733 -0.0895017 1.53497
1.02114 0.0589808 1.46727
0.392015 0.0245535 2.32354
0.882462 -0.367134 1.61319
-0.0351458 0.343573 1.4581
-0.205665 0.284815 1.33498
1.10297 -0.0486814 1.40538
-0.187167 0.274475 1.35739
-0.0720601 0.276245 1.4384
-0.0348959 0.30827 1.45814
1.32367 -0.445163 2.22579
0.938355 0.0208616 1.41904
0.340461 -0.146219 0.708592
-0.155575 0.248438 1.3562
0.0646804 0.276794 1.41365
-0.212546 0.290502 1.40117
-0.127705 0.297088 1.41655
1.78496 0.389536 2.30685
1.07908 -0.372313 1.90403
0.745245 -0.245115 2.03424
1.34209 -0.0406489 1.62589
0.780632 -0.271468 1.44385
-0.177514 0.229895 1.28191
0.795292 -0.606522 1.66731
-0.170599 0.180047 1.22544
0.748574 -0.239252 2.03537
1.10362 -0.223895 2.28974
0.622197 -0.0889588 1.18502
0.951598 -0.114869 1.67316
0.568526 -0.507881 1.33437
1.1809 -0.130367 1.99857
1.69369 -0.39675 1.81726
0.554024 -0.519823 1.43012
0.597936 -0.543776 1.385
1.04662 -0.581417 1.0607
0.0473686 0.0829863 1.43014
0.762309 -0.0543668 1.42416
0.857447 -0.215045 1.55255
0.753074 -0.141532 1.22827
1.10469 -0.504065 1.23234
-0.0163281 -0.204141 1.24113
0.872339 -0.259512 1.75871
-0.23773 0.328821 1.50511
-0.0678407 0.227929 1.52792
-0.261402 0.194271 1.28935
-0.0393727 0.463959 1.89762
1.18842 -0.326418 2.04294
1.00543 -0.196742 1.5531
-0.512464 0.0899814 1.59255
-0.175999 0.180421 1.40037
-0.319369 0.164791 1.2012
-0.494979 0.200466 1.46943
-0.704259 0.252913 1.57958
-0.799044 0.102103 1.72668
-0.972582 -0.0390892 1.76862
0.345459 0.00638547 2.30397
0.748716 -0.129258 1.56354
0.783196 0.0781123 1.22547
-0.00560056 -0.016093 0.237739
0.272691 0.247135 2.25727
0.689784 -0.811273 3.49049
0.581841 -0.157043 1.41844
0.286434 -0.368936 2.43125
0.311412 -0.299073 2.42644
-0.116861 0.0832509 1.29534
-0.0380034 -0.318868 1.49474
0.248178 0.0133594 2.10825
1.05645 -0.398308 1.94448
1.015 -0.338114 1.17082
-0.0687772 0.192254 1.13787
0.958505 0.0195098 1.44779
0.469262 0.0902606 2.26376
0.809566 -0.53803 1.50714
0.803772 0.123559 1.75636
1.44021 0.125023 2.00894
0.834978 -0.54027 1.54799
0.237886 0.121273 2.09156
-0.306473 0.302913 1.44389
-0.531452 0.173645 1.28062
-0.575282 0.295049 1.28322
-0.624116 -0.0227392 1.42472
-0.220528 0.17349 0.519844
-0.121023 0.0918981 1.32857
0.885891 -0.117201 1.71081
0.955834 -0.346796 1.84127
-0.0740727 0.221667 1.66845
0.524696 0.0439606 0.852959
0.764008 -0.35544 1.66333
0.723507 -0.399453 1.76208
0.959878 -0.445269 1.56879
-0.0623261 0.133546 1.16676
0.761051 -0.061957 1.36936
0.70487 -0.159952 1.73309
0.726573 -0.48805 3.7543
0.334433 -0.176876 2.34127
-0.00210648 -0.104663 1.23731
0.396858 0.00471706 2.47527
0.559372 -0.509403 1.3349
-0.0635137 0.21835 1.35023
0.668531 -0.00583033 0.784987
-0.124964 0.0942154 1.38882
1.02149 -0.452157 1.12376
0.740571 0.118935 1.64747
0.0114436 -0.0215336 1.34976
0.542928 0.112834 2.62348
0.048558 0.0139451 1.04215
-0.0686937 -0.0277812 1.24867
0.525663 0.104667 0.856595
-0.630747 -0.0150852 1.42464
0.454039 -0.213089 0.586115
-0.739667 0.381195 1.56509
-0.824167 0.25495 1.3801
-0.618247 0.321707 1.38013
-0.429905 0.324322 1.53901
0.0614185 -0.145034 0.830768
-0.801119 0.306604 1.33045
-0.613884 -0.0137905 0.996354
-0.885887 -0.0684329 1.63808
-0.797491 0.251078 1.3532
-0.695772 0.0198989 1.43503
-0.648478 0.0842618 1.39545
-0.0549191 -0.0430447 1.2341
0.213733 0.0482018 1.8669
-0.917099 -0.13282 1.67089
-0.688677 0.16509 1.51193
0.0123615 -0.020061 0.224793
0.00498165 -0.0191962 0.221044
-1.29887 -0.106623 1.42966
-0.177493 0.188228 1.48927
-0.694459 0.387903 2.21031
0.761266 -0.121616 1.63141
-0.454449 0.172812 1.39675
0.305128 0.0224781 1.87687
1.07533 -0.320879 1.87734
-0.133342 0.118299 1.23222
0.395998 0.020942 0.737829
0.632666 0.0310335 0.82738
0.0068952 0.210125 1.30255
-0.206354 0.174435 1.29939
1.15433 -0.411684 2.1727
0.923735 -0.421749 1.03571
1.19441 0.120439 1.72856
-0.459086 0.433457 2.94185
0.161146 0.227445 3.15796
0.245863 0.0948083 2.20398
0.464479 -0.203012 1.38964
0.782935 0.139165 1.70755
2.33408 0.554209 2.91795
-0.353418 0.222428 1.7829
-0.400197 0.569055 3.23637
1.23405 -0.531325 1.32269
-0.06563 0.209972 1.29131
-0.336014 -0.0729086 1.11837
-0.293621 0.255763 1.43936
-0.319339 0.153895 1.35538
0.450554 0.0336442 2.19791
-0.426694 0.1547 1.60306
0.566907 -0.503434 1.40692
0.831699 -0.0478628 1.62051
0.553705 0.207416 2.30809
0.358095 -0.187331 2.55509
-0.337481 0.20035 1.372
-0.464984 0.219685 1.47953
1.24834 -0.55472 1.32911
1.23315 -0.244256 1.38714
0.446142 0.0380745 2.20099
1.10506 -0.581022 1.11992
0.985202 -0.15057 1.97173
-0.807543 -0.0632177 1.52151
0.995098 -0.277429 2.0076
0.554783 -0.0673966 1.07668
1.16712 -0.222068 2.00047
0.963037 -0.22386 1.14922
-0.184427 0.191495 1.3274
-0.0700052 0.190476 1.32205
0.850629 -0.319959 1.57779
0.632706 -0.275195 1.21626
0.169923 0.0360395 1.51317
0.755637 -0.352976 1.65201
0.511664 0.211471 2.29319
0.474611 -0.0490139 0.957554
-0.0848583 0.199782 1.3976
0.688058 0.121974 1.75962
0.0904818 -0.0620497 0.505827
0.0908638 0.0239729 2.48958
0.729045 -0.393197 1.74706
-0.973164 0.260351 1.52602
0.312839 -0.0477948 0.767023
0.19782 0.348013 1.68165
0.862405 -0.14306 1.88223
0.924175 -0.397782 1.88145
-0.0633841 0.15928 1.36684
-0.351136 -0.381214 1.46526
-0.0511293 -0.0306996 1.3125
-0.141971 0.310753 1.4938
-0.359661 0.103666 1.49688
-0.341894 0.397558 1.52987
0.852569 -0.566421 1.57612
-0.396169 0.176886 1.37075
0.620966 0.0569973 0.965473
-0.286067 0.158116 1.48778
-0.128086 0.125142 1.37653
-0.308471 0.303379 1.45297
-0.771726 0.0313871 1.57695
0.387356 0.177293 1.77852
-0.296372 0.121747 1.47022
-0.176313 0.216676 1.37016
-0.243077 0.334385 1.5163
-0.0747902 0.208751 1.24455
-0.321441 0.354415 2.04425
0.335111 0.159393 1.08017
0.0208708 0.374621 1.67842
1.18087 -0.0516967 1.48973
-0.162889 0.0436263 0.395224
-0.0486243 0.338489 1.44739
0.57632 -0.0909887 1.20525
0.917587 -0.0980494 1.76436
0.816766 -0.272262 1.6859
0.730202 -0.0536774 1.31569
0.831399 -0.33472 1.55355
1.00202 -0.34236 1.74347
1.41807 -0.660065 1.36858
-0.00373868 -0.0880646 1.16904
1.24149 -0.589973 1.36705
0.604472 -0.385222 1.19178
0.961238 -0.221167 1.7157
0.64675 -0.115196 1.38042
0.822186 -0.31639 1.47691
1.57478 -0.559104 2.66141
0.143801 -0.06854 0.511403
0.677642 -0.0503664 1.27745
-0.190338 0.226189 1.3115
0.464556 -0.363304 1.05439
0.502703 -0.449192 1.18273
0.876997 -0.327332 1.62151
0.945978 -0.726943 1.97774
0.602124 -0.403076 2.96341
-0.944104 -0.0200091 1.40589
0.716373 0.129574 1.84611
-1.00445 -0.0187874 1.47879
-0.458937 0.0572905 1.05566
-0.0652383 0.122474 1.17483
-0.0045913 -0.00879399 0.262829
0.7061 -0.16277 1.72095
-0.27482 0.129555 1.19728
0.506506 0.140594 2.33648
0.581786 0.159562 2.63248
0.929745 -0.103841 1.74251
0.421269 0.0278505 2.4832
0.0230293 0.334631 1.52596
-0.0112657 -0.166187 1.41822
-0.303494 -0.103729 1.25771
0.117778 -0.103015 0.882749
0.273363 0.0649651 0.845918
0.683498 0.0547418 0.991821
0.0189125 -0.0202517 0.295076
-0.375599 0.188244 1.53313
-0.0885854 0.0696947 1.24212
-0.063795 0.199782 1.3529
-0.0620643 0.163947 1.2247
-0.273822 0.29562 1.39058
0.040169 0.148228 1.02005
-0.325085 0.154898 1.37419
0.140053 -0.113811 0.667033
-0.0260543 -0.20544 1.03445
0.183101 -0.109514 0.874001
0.0140833 -0.0328657 0.223851
0.0179716 -0.0259397 0.219265
0.0165723 -0.0251547 0.22033
0.0178514 -0.0344832 0.219988
0.00222786 -0.018093 0.224872
-0.000174651 -0.0210376 0.226759
0.000667713 -0.0177946 0.226104
0.548167 -0.0574659 0.548201
-0.00405763 -0.0179678 0.228727
0.0100168 -0.0181687 0.221732
-0.0149473 -0.0170478 0.235507
-0.0248916 -0.00506427 0.226419
-0.028028 -0.0113606 0.235283
0.654828 0.100846 0.691863
0.287485 -0.150744 0.487976
0.757143 0.0370362 1.15823
0.832296 -0.598346 1.36287
-0.26223 0.168905 1.30957
0.0278468 0.0712491 1.38945
-0.323801 0.359468 1.45624
-0.0590327 0.13631 1.31131
-0.476558 0.0909239 0.758001
-0.534809 -0.175115 1.21804
-0.0454733 -0.000797919 0.255087
-0.863141 -0.219035 1.12065
-0.0199414 -0.000558534 0.252613
0.73006 -0.52771 2.20232
-1.02189 -0.122657 1.28125
-0.0213094 -0.00503272 0.231349
-0.421757 0.29657 1.3337
-0.0284306 -0.00574118 0.233595
-0.441319 0.32267 1.37028
-0.505819 -0.167825 1.16741
-0.979251 0.0594392 1.64495
-0.0275893 -0.0109417 0.232045
-0.775166 0.0478284 1.33628
-0.0249923 -0.00843664 0.223382
0.000298538 -0.191224 1.65559
-0.88319 0.0718379 1.50622
-0.0313679 -0.278752 1.29846
-0.0252009 -0.00842576 0.223511
-0.718994 0.0217023 1.47536
-1.2566 0.00957082 1.44682
-0.675875 0.084688 1.20037
-1.2536 0.164376 1.10392
-0.349755 0.172062 0.858855
-0.608229 0.206648 0.900933
-0.570052 -0.0300657 1.61155
-0.738181 0.394444 1.46779
-0.42068 0.273467 1.21915
-0.577147 0.0173194 1.21351
-1.06056 0.120504 1.30126
-0.352872 0.170155 1.41111
-0.40143 0.216574 1.31342
-0.647246 -0.0196212 1.46326
-0.382505 0.306456 1.46042
-1.51703 0.207956 1.38488
-0.340908 0.150307 0.855196
-0.0825644 -0.00542859 0.26696
-0.0260011 -0.0118191 0.230417
-0.0533308 0.00611226 0.268098
-0.338359 0.198464 1.69233
-0.0261425 -0.012846 0.223686
-0.118086 0.0147303 0.276555
-0.118202 0.0146579 0.276768
-0.273547 0.40621 1.85031
-0.606531 -0.0703704 0.846992
-0.00728358 -0.00656526 0.265456
-0.720357 0.362776 1.24098
-0.443232 -0.107484 1.22055
-0.584104 0.383237 1.51933
0.67997 -0.184392 1.70843
-0.861265 -0.207058 1.12093
-0.859608 0.0624586 1.46392
-0.78794 0.30881 1.27948
-0.652673 0.0388987 1.14476
-0.627958 0.100378 1.20916
-0.581896 0.0318598 1.03846
-0.466534 0.137556 0.909763
-0.640265 0.160697 1.06968
-0.0371616 0.000697948 0.230769
-0.237789 0.0788093 0.448914
-0.353079 -0.0900845 0.682607
-0.029943 -0.00588456 0.226292
-0.0282363 -0.005795 0.233414
-0.0284239 -0.00575207 0.233646
-0.0300083 -0.0101806 0.226029
-0.071173 0.004774 0.268295
-0.679363 0.0854852 1.4565
-0.564856 0.172721 0.997504
-0.895673 0.231576 1.24979
-0.549963 0.302064 1.09901
-0.49841 0.293347 1.06038
-0.02513 -0.00307355 0.229865
-0.0902107 0.0437422 0.334643
-0.211958 0.00432765 0.327831
-0.0599688 0.152088 1.18952
-0.297337 0.236181 1.45565
-0.0538943 -0.0431638 1.25347
0.060225 0.185488 1.22441
0.283399 -0.141054 0.927178
0.0606934 -0.00622108 1.35129
-0.200763 0.166198 1.29959
-0.141205 0.172722 1.18169
-0.346806 0.201776 1.42077
-0.174258 0.179628 1.24805
-0.0665898 0.295356 1.57969
-0.436064 -0.462263 1.73809
0.945918 -0.0134737 1.06332
1.53532 -0.903133 1.18731
-0.0794041 0.170932 1.36694
1.34106 -0.0847796 1.46192
0.96262 0.0778655 1.41435
0.993022 -0.174546 1.53139
-0.0116999 -0.142631 1.17125
0.0834233 0.0238466 2.34268
0.174307 0.0571424 2.3728
-0.286357 0.250186 1.39811
-0.0588487 0.109342 1.44832
0.66664 -0.0193271 0.886485
0.0678798 0.308603 1.42939
-0.306038 0.0959615 1.4642
-0.00490424 -0.021052 0.301156
0.570942 -0.535836 1.46742
0.22793 -0.102682 1.70583
0.546207 0.0306421 0.76351
0.567934 0.031912 0.7679
-0.298978 0.238451 1.42874
-0.0801703 0.172994 1.20301
0.0284442 0.265102 1.22811
-0.0902016 0.177437 1.33517
-0.0314342 0.351724 1.47388
-0.111621 0.273214 1.74726
0.378057 0.152068 2.03647
-0.350937 0.102942 1.46559
-0.195376 0.371483 1.41277
-0.396571 0.300377 1.43807
0.00532907 -0.181834 1.16909
-0.446323 0.245231 1.59107
0.512064 0.0362862 0.780517
-0.0880176 0.180496 1.28331
-0.304971 0.232123 1.50429
0.69867 -0.0408195 1.39904
-0.420983 0.254675 0.929721
-0.0954074 0.15443 1.30507
-0.563029 -0.0501231 0.736662
-1.67921 -0.373513 2.06246
-1.54224 -0.263543 1.82306
-0.537769 0.482509 1.83063
-0.559911 0.38997 1.72181
-0.208618 0.068037 0.420186
-1.25715 0.278541 1.43225
-0.699655 0.246657 0.902573
-0.218131 0.0718629 0.430402
-0.54296 0.336819 1.38974
0.883967 -0.558687 1.628
1.42025 -0.415178 1.34244
0.0129375 -0.0304878 0.217895
0.0124596 -0.0287161 0.222741
0.0123037 -0.0285632 0.223549
-0.364876 0.111437 0.665762
-0.554533 0.20788 1.05665
-0.492049 0.113548 1.13747
-0.862108 0.18276 1.1175
-0.561975 0.298549 1.29615
-0.644879 0.352785 1.24435
-0.0261185 -0.00282924 0.230125
-0.450736 0.32207 1.63744
-0.597702 0.162594 1.09607
-0.473161 0.313132 1.44014
-0.79659 0.308495 1.29087
0.220721 0.244612 2.22094
1.19664 -0.0397024 1.4686
-0.082126 0.172188 1.30711
-0.189265 0.325429 1.38787
-0.164116 0.152323 1.42404
0.00463966 -0.0105338 0.26683
1.37169 -0.555027 2.54673
0.0226215 0.0491964 1.2529
-0.157235 0.144133 1.28961
-0.0600918 0.149371 1.26614
-0.0975965 0.164534 1.36872
0.8169 -0.0591657 1.53721
0.186986 0.0640922 2.41923
0.963672 -0.0485345 1.62689
-0.74688 0.357651 1.46135
-0.413373 0.255762 1.25678
-0.542056 0.257226 1.19598
-0.0479118 -0.0406749 1.13561
-0.0134505 -0.164349 1.32213
-0.304005 0.148267 1.49038
-0.625815 -0.020976 1.4263
-0.890974 0.116883 1.55077
-0.289135 0.37662 1.56568
-0.456577 0.317971 1.39969
-0.444587 0.0499266 0.819242
-1.06264 0.00593634 1.25124
-0.680287 0.339673 1.4811
-0.49246 0.126459 0.992402
-0.556943 0.367025 1.45766
-0.654666 0.0935436 1.49943
-0.25639 0.144299 1.35376
-0.153463 0.120714 1.42263
-0.0529384 0.141216 1.30957
-0.969828 0.208539 1.69982
-0.704816 -0.0405687 1.66417
-0.0403338 -0.311005 1.47437
-0.064297 0.170145 1.39887
-0.189426 0.329471 1.40014
0.0196561 0.0123409 1.25223
1.39848 0.131198 1.96083
-0.318068 0.163524 1.32017
-0.284218 0.160686 1.46432
-0.0314827 -0.00150222 0.246932
-0.0225255 0.00430112 0.346932
-0.211705 -0.194003 0.869481
0.110672 -0.0817978 0.604656
-0.359868 -0.0142316 0.663437
-0.629627 0.223313 1.41436
-0.588724 0.14649 1.33187
-0.688719 0.173735 1.13387
-0.960629 0.312618 1.52091
0.0631613 0.0568932 1.44565
0.0648861 0.10661 1.45184
0.637519 -0.587063 1.86837
-0.877756 -0.328344 1.16695
-0.0422406 -0.325147 1.31891
-0.706552 -0.267212 0.980724
-0.817952 -0.111025 1.14833
-0.840263 -0.235213 1.07814
-0.0520625 0.151104 1.41098
-0.196922 0.270377 1.44754
-0.322467 0.190038 1.32404
-0.445255 0.340423 1.46065
-0.0414869 -0.00505743 0.235863
-0.477744 0.339395 1.45486
-0.297144 0.191485 1.35481
-0.606007 0.145186 1.35474
-0.732982 -0.0464955 2.12554
-0.251423 -0.0263365 0.481623
-0.422673 0.227182 1.35682
-0.527958 0.201682 0.919557
-0.0246382 -0.011344 0.222974
-0.606693 0.02789 1.27676
-0.532249 0.267439 1.48918
-0.834076 -0.0154719 1.25868
-0.0438754 0.00437568 0.23737
-0.420007 0.160724 1.30156
-0.38928 0.19391 1.56502
-0.538052 0.343359 1.39834
-0.285063 0.155242 1.41626
-0.53279 0.124516 1.20523
-0.741991 0.098099 1.34049
-0.0166164 0.0013798 0.36001
-0.870015 0.495448 1.62351
-0.700906 0.20313 1.26635
-0.590179 0.32034 1.36336
-0.511254 0.113415 1.2048
-0.0252748 -0.00911445 0.223452
-0.181886 0.0583183 0.437083
-0.0300067 -0.0101822 0.226104
-0.0511461 0.0800407 1.31099
-0.584034 0.218184 1.10605
-0.0246249 -0.0113515 0.223041
-0.428021 0.219148 1.32321
-0.32841 0.216166 1.05893
-0.0301751 -0.00458083 0.226553
-0.528911 0.182157 1.22002
-0.0861578 0.307679 1.44517
-0.383286 0.307707 1.4683
-0.0498755 0.00118334 0.237694
-0.484518 0.199873 1.42319
-0.121852 0.198294 1.3402
-0.0596221 0.115849 0.982445
0.249073 -0.0761567 0.784719
0.222714 -0.0383819 0.620707
0.0132774 -0.0460555 0.302675
0.505136 0.0464566 0.869122
0.0370852 -0.0440578 0.24209
0.823751 -0.0839087 1.60729
0.773363 -0.122502 1.59954
0.631744 0.108085 1.43233
0.525223 0.10966 0.892316
0.0288475 -0.0206412 0.249957
0.811684 -0.0819174 1.58668
0.0012512 -0.0190469 0.229667
0.00267938 -0.0190275 0.229771
0.753949 -0.126049 1.68573
0.795872 -0.511951 1.47816
0.0921886 -0.0441058 0.273266
0.204139 -0.0219981 0.450484
0.884846 -0.161789 1.37976
0.568896 -0.475951 1.6699
0.0831739 -0.0479034 0.251976
-0.46549 -0.0369448 1.39751
-0.563872 0.364271 1.45979
-0.172731 0.0405082 0.811781
-0.381538 0.203203 1.25885
0.198897 0.0330198 1.93769
-0.0241777 -0.00809353 0.224406
-0.627335 0.339168 1.26053
0.156653 0.165327 1.62943
-0.47492 0.364632 1.52865
-0.412393 0.161482 1.43924
0.194551 0.183989 1.72431
-0.052353 0.00672229 0.277981
-0.0253851 -0.010373 0.223601
-0.903694 -0.107497 1.16561
0.277403 -0.0384774 0.66023
1.04882 -0.427416 2.05384
-0.461598 0.18814 1.36552
-0.417135 0.192021 1.37071
0.244369 0.244137 2.30361
0.193504 0.0455131 1.72523
0.77799 -0.0977251 1.70095
-0.118502 0.228727 1.40372
-0.205166 0.171005 1.3236
-0.412224 0.160184 1.46107
0.274983 0.0106818 1.74728
-0.168962 0.175139 1.39366
-0.504745 0.19558 1.51508
-0.409033 0.181609 1.40958
-0.294674 0.175817 1.44288
-0.3919 0.217823 1.33238
-0.211475 0.0754524 1.1475
-0.804222 -0.124097 1.5104
-0.377836 0.283757 1.25602
-0.479577 -0.0126191 1.17596
-0.625749 -0.0924992 1.19822
-0.0584165 0.00927534 0.243155
-0.66347 0.231737 1.47972
-0.512763 0.287592 1.4889
-0.0708956 0.0699487 0.472162
-0.192585 -0.0199226 0.420129
-0.510419 0.208521 1.50344
-0.570861 -0.0261271 1.60032
-0.195019 0.0138985 0.359888
0.111035 0.0175383 1.15729
-0.068575 0.268217 1.42291
-0.0628571 0.153407 1.31908
-0.0894347 0.140692 1.04041
0.0423463 0.0825415 1.45095
-0.0538465 -0.421042 1.30859
-0.301695 0.122007 1.50039
-0.0132151 -0.152272 1.17255
-0.0526102 0.0851079 1.40409
0.890968 0.217591 2.73921
-0.470333 0.179195 1.53489
0.0771316 0.116827 1.50933
-0.187067 0.27627 1.34344
-0.279452 0.333566 1.55227
0.613625 -0.299893 0.797301
0.015009 -0.0207925 0.218006
-1.63411e-05 -0.0174419 0.22616
0.011331 -0.0334962 0.217906
0.0192475 -0.0356729 0.224438
0.00563325 -0.0266332 0.224325
0.0134481 -0.0207388 0.222228
0.018273 -0.0209269 0.217254
0.0369864 -0.0507314 0.261937
0.00642336 -0.0190574 0.225203
0.751176 -0.0199369 0.747823
0.00128757 -0.0179697 0.225882
-0.0140894 -0.0199326 0.229348
0.00373741 -0.0179036 0.222164
-0.00189081 -0.0176649 0.227219
0.0125483 -0.017829 0.221216
0.0105784 -0.025909 0.222323
0.0010105 -0.0179715 0.224791
0.00488693 -0.018601 0.221664
0.00146735 -0.0176181 0.225102
0.00660371 -0.0236951 0.225378
-0.014087 -0.0199322 0.229351
0.732077 0.0126306 0.75258
1.14469 -0.110974 1.13285
0.164377 0.0151415 0.369931
1.2591 -0.370295 1.24011
0.76275 0.139904 1.90169
0.160339 -0.0125741 0.346544
0.565146 0.0830346 0.709482
0.651571 0.102354 0.690981
0.461472 0.0859818 0.596989
0.700553 0.00229315 0.665244
0.291955 -0.14787 0.423603
0.298158 -0.0873352 0.358747
0.113241 -0.0322557 0.255964
0.348272 -0.150692 0.446268
0.707853 0.06585 0.650769
0.563989 0.0773753 0.643484
0.717778 -0.340323 0.857429
1.30713 -0.56688 1.38642
0.538623 -0.272631 0.722567
0.0509943 -0.028195 0.234465
0.0110407 -0.031302 0.221687
0.014263 -0.032984 0.22392
0.0145244 -0.0288399 0.22466
0.00101413 -0.0197886 0.224039
0.0106261 -0.0235786 0.225519
0.0124652 -0.0245053 0.221224
0.0192134 -0.0230871 0.224246
0.0138716 -0.0251179 0.224796
0.69634 0.00578138 0.653338
0.664362 0.00403113 0.771702
0.0113489 -0.0290412 0.222379
0.00783993 -0.0192313 0.220146
0.0149671 -0.0326281 0.231805
-0.818291 0.318915 1.48089
-0.590093 0.319087 1.36002
-0.801945 0.154273 1.4836
-1.23998 0.0082024 1.42877
-0.778969 0.213885 1.14244
-0.356334 0.189581 0.761323
0.253549 0.0945405 3.05778
-0.0323283 -0.012351 0.236321
0.0136101 -0.0207521 0.240836
0.735249 0.10575 1.63897
0.829986 -0.122263 1.62985
0.722179 0.135515 1.84269
0.84364 -0.128963 1.65326
0.672059 0.126351 1.61204
0.150683 -0.0623561 0.300114
0.739595 -0.195347 1.36791
0.787204 -0.126877 1.55638
0.119231 -0.0541644 0.28712
0.0362311 -0.0433398 0.241813
0.735225 -0.604214 1.74053
0.757816 -0.126217 1.69401
0.00277065 -0.0183674 0.220521
0.00191068 -0.017802 0.220148
0.553657 0.134335 0.913546
0.00458388 -0.0183458 0.222955
0.585923 0.147067 0.951941
-0.0020874 -0.0180864 0.226143
0.00394722 -0.0183982 0.223045
-0.00390711 -0.017172 0.229567
-0.00315656 -0.0182653 0.225261
0.00832832 -0.0195598 0.2233
-0.000224192 -0.016903 0.223285
0.000829472 -0.0171354 0.222653
-0.00429081 -0.0175819 0.229793
0.0018819 -0.0189543 0.219162
0.000855562 -0.0190675 0.22231
0.00428208 -0.0179869 0.218499
0.00177184 -0.0189803 0.221048
-0.00499073 -0.0175651 0.228331
-0.00100963 -0.0172757 0.225814
0.00265186 -0.0177759 0.219931
-0.00042177 -0.0180063 0.224474
-0.000269975 -0.0179291 0.222371
0.00647386 -0.0193229 0.218086
0.00267727 -0.0177789 0.219924
0.00280707 -0.0173858 0.22067
-0.00472089 -0.0181514 0.22661
0.002297 -0.0187366 0.219178
0.0071235 -0.0212595 0.218065
0.00279728 -0.0187656 0.219077
-0.00188198 -0.0188196 0.222711
-0.00483112 -0.0179055 0.228324
-0.00354864 -0.0175386 0.226955
0.0121066 -0.0222421 0.218539
0.00353572 -0.0187384 0.218687
0.000920956 -0.0190805 0.222201
-0.00273275 -0.0185776 0.222458
0.00701939 -0.0177137 0.224077
0.00359933 -0.018766 0.218677
-0.000141899 -0.0185227 0.221677
0.00786465 -0.0195546 0.223305
-0.00424142 -0.0176492 0.228822
0.00815478 -0.0195386 0.223194
-0.00373911 -0.0177736 0.226516
0.00303693 -0.0185447 0.219068
0.0123212 -0.035575 0.224824
0.00979185 -0.0205266 0.219642
-0.00452012 -0.0177002 0.228617
0.00190428 -0.0179295 0.222495
0.00959211 -0.0300635 0.222006
-0.00443597 -0.0177723 0.227595
0.00952712 -0.0206746 0.217169
0.00732103 -0.0194648 0.223688
-0.000718152 -0.0188861 0.222501
-6.6769e-05 -0.0189841 0.221667
0.05254 -0.0245917 0.268269
-0.000638162 -0.0179929 0.226676
0.0011394 -0.0180091 0.225537
0.00960369 -0.0280238 0.223786
0.00686557 -0.0185457 0.224312
0.00929124 -0.0295948 0.225268
0.00991655 -0.0282735 0.222677
0.0138693 -0.0264543 0.224596
0.0129562 -0.0265663 0.221776
0.00486148 -0.017693 0.220904
-0.0382111 0.0163491 0.305627
-0.32941 0.325571 1.53016
-0.341114 0.337476 1.58042
-0.0328759 -0.00798169 0.220721
-0.429141 0.315144 1.56325
-0.0233743 -0.00528852 0.22664
-0.0380015 -0.00851878 0.232138
-0.596597 -0.0135033 1.3607
-0.442832 -0.384209 1.57232
-0.197415 -0.00703792 0.408688
-0.167229 -0.00556846 0.30878
-0.258137 0.327603 1.40812
0.197847 0.0789417 1.03418
-0.613687 -0.0948727 1.1903
-0.759497 0.0504683 1.31819
-0.0366884 0.00885911 0.277185
-0.395486 0.0487799 0.789174
-0.687597 0.0908978 1.25821
-0.354033 0.17149 1.13425
-0.364777 0.332891 1.29963
-0.626508 0.340895 1.43053
-0.50044 0.277671 1.46902
-0.402669 0.0780348 0.630915
-0.782371 -0.0322115 1.45554
-0.0517215 -0.0310901 1.46352
0.0789598 0.0289397 1.29506
-0.726929 0.225446 1.23739
-0.618078 0.0783187 1.10939
-0.0353101 -6.17727e-05 0.229725
-0.0293378 -0.00661056 0.223696
-0.934097 0.320879 1.27289
-0.359824 0.266408 1.31296
-0.0350366 -0.000187558 0.229554
-0.0566329 0.0101403 0.24688
-0.283331 0.096194 1.44045
-0.138159 0.289533 1.55767
-0.329691 0.200527 0.746013
-0.434042 0.176621 0.849897
-0.133113 0.032422 0.358687
-0.0501932 0.00476085 0.249827
-0.962706 0.277888 1.26701
-0.0177894 -0.0186045 0.242749
-0.31222 -0.215633 1.02749
-0.348363 0.248763 1.31181
-0.377661 0.211703 1.44493
-0.0560731 0.00687095 0.253177
-0.449875 0.309464 1.32667
-0.840457 -0.0176443 1.2655
-0.0583144 0.00927747 0.243021
-0.516732 -0.130514 0.874018
-0.960448 0.214363 1.72412
-0.3823 0.142057 1.3582
0.132413 0.0985114 1.28674
-0.757791 -0.0259967 1.39007
-0.544359 0.0635905 1.26584
-0.747408 0.0955301 1.33768
-0.827847 0.257748 1.4737
-0.661345 0.0747796 1.4356
-0.56868 -0.0115202 1.35166
-0.895005 -0.126335 1.2266
-0.50013 0.244723 1.25862
-0.782212 0.101373 1.39608
-0.702225 0.361391 1.49078
-0.79121 0.341394 1.41374
-0.672852 0.35309 1.50117
-0.263714 0.166249 1.20129
-0.309914 -0.0433756 0.533921
-0.117256 0.223191 1.38523
-0.760799 0.410217 1.50684
-0.695416 0.345248 1.39094
-0.428829 0.3985 1.49929
-0.624542 0.145927 1.39394
-0.869461 0.231274 1.47146
-0.73631 0.0174925 1.51446
-0.0791268 0.274313 1.30683
-0.632266 0.328509 1.41687
0.0569671 -0.246305 1.41154
-0.593447 0.257028 1.19566
-0.0535518 -0.295572 0.961912
-0.566939 -0.187445 1.2895
-0.530705 0.413175 1.72984
-0.58212 -0.195329 1.33667
0.0876627 0.133411 1.89477
0.24273 0.206639 2.86059
-0.00650295 -0.220257 1.37146
-0.299443 0.201536 1.44909
-0.275837 0.133979 1.17877
-0.421253 0.376467 1.70111
-0.678717 -0.551333 2.26023
-0.405839 0.360449 1.65464
-0.575842 0.28666 1.43883
-0.511929 0.273767 1.52785
-0.517246 0.403765 1.69597
-0.546351 0.268664 1.36602
-0.0528229 -0.345967 1.11224
-0.452769 0.211621 1.35948
-0.642404 -0.0454073 1.53166
0.128179 -0.0991505 1.18675
0.199317 0.135564 1.67392
-0.998185 0.00567678 1.17812
0.00892839 0.0468344 0.531365
-0.295759 0.224035 1.44527
-0.668136 -0.018074 1.50841
0.0454764 -0.0248947 0.267368
0.0169185 -0.0210258 0.221692
0.0110941 -0.030492 0.22489
0.00823794 -0.025528 0.220819
0.0208569 -0.0209765 0.220757
-0.00193843 -0.0179508 0.227198
0.0085602 -0.0236441 0.220669
0.00532662 -0.0286067 0.229748
0.0129796 -0.0331042 0.235706
-0.0130029 -0.0190662 0.22989
0.00551475 -0.0177759 0.221593
-0.00454815 -0.0186558 0.235874
-0.00140249 -0.0177845 0.226554
-0.00274123 -0.0168697 0.225961
-0.00262379 -0.0176802 0.226449
-0.00662 -0.0187479 0.22832
-0.00266471 -0.0175259 0.226268
-0.00162773 -0.0173671 0.22586
0.000207131 -0.019014 0.221442
-5.75208e-05 -0.0168837 0.223222
-0.00742709 -0.0182797 0.228407
-0.00489432 -0.0175348 0.228314
-0.00542629 -0.0171877 0.229627
-0.000341106 -0.0181042 0.227196
-0.00313497 -0.0178948 0.226168
-0.00358099 -0.0174216 0.228426
-0.00272737 -0.0178372 0.226126
-0.00470662 -0.0169022 0.227853
-0.0039673 -0.017837 0.227287
0.0024844 -0.0185316 0.218541
-0.00306076 -0.0171017 0.227104
0.00110128 -0.0180279 0.224051
0.000209067 -0.0184622 0.226941
-0.0155282 -0.0192098 0.228895
-0.00378383 -0.0168488 0.229862
-0.00261933 -0.0178042 0.226673
0.00925134 -0.0330334 0.218448
0.0126831 -0.0233238 0.218151
-0.00490142 -0.0175301 0.227692
-0.00340486 -0.0177424 0.226487
-0.00254946 -0.0180964 0.225622
-0.00493934 -0.0171437 0.229183
-0.00315088 -0.0173033 0.230859
0.000160549 -0.0188862 0.222318
-0.00271311 -0.0177262 0.228424
0.0140118 -0.0297061 0.221765
0.0196871 -0.0195314 0.224469
0.0124014 -0.0244569 0.218159
0.64188 0.127182 0.859816
0.00431583 -0.0278763 0.241063
0.0187915 -0.0215533 0.22098
0.0118124 -0.0286187 0.222066
0.0129267 -0.028655 0.22485
0.00875706 -0.0324132 0.221604
0.0131394 -0.0317902 0.247102
0.0145781 -0.0338124 0.235847
0.00698966 -0.0301888 0.249281
0.0117764 -0.0331868 0.219631
0.134511 -0.0477103 0.238874
0.0111438 -0.0315955 0.224141
0.015428 -0.0289199 0.222778
-0.0133515 -0.0189928 0.229861
0.151479 -0.0142481 0.332332
0.103548 -0.0577341 0.238362
0.00701346 -0.0195218 0.223604
0.0130291 -0.0324845 0.223314
0.0106196 -0.0246863 0.225004
0.0167279 -0.0297134 0.221306
0.00841603 -0.0175886 0.220643
0.746492 -0.396513 0.842458
0.00164642 -0.0213433 0.226641
0.00892695 -0.0216467 0.224047
0.0118497 -0.03159 0.221535
0.00508137 -0.019043 0.225423
0.0127562 -0.03587 0.217275
0.0192056 -0.0303317 0.220887
0.00432972 -0.0193874 0.224199
-0.00100762 -0.0213606 0.226627
-0.00341016 -0.0176013 0.228202
1.10292 -0.429406 1.2795
-0.00448304 -0.0177206 0.22822
0.0120851 -0.0263461 0.221901
0.0972897 -0.0299493 0.219277
0.639618 0.00322476 0.616868
-0.00545888 -0.018257 0.228289
0.00123932 -0.020971 0.226215
0.0936347 -0.0233971 0.195944
0.72574 -0.406722 0.850407
0.00454189 -0.0184438 0.223137
1.21971 -0.529638 1.31974
0.000466416 -0.0184523 0.226933
0.0114806 -0.0263021 0.218244
0.0126258 -0.0245085 0.221166
0.762063 -0.0204105 0.758907
0.74804 -0.0242567 0.711027
0.719077 0.0859314 0.688791
0.00765018 -0.0218988 0.221878
0.199927 0.00532988 0.277915
0.0793384 -0.013724 0.286874
0.00460032 -0.0188291 0.220968
-0.00436769 -0.0196262 0.224177
0.00556433 -0.0206312 0.225467
0.0109396 -0.0247081 0.224991
-0.00600121 -0.0181061 0.228971
0.00308474 -0.0187968 0.226361
0.0118056 -0.0307771 0.224861
0.569564 0.125942 0.77277
0.00176967 -0.0175708 0.224848
-0.00311157 -0.0173011 0.227902
0.00310971 -0.0199052 0.223476
-0.00120406 -0.0177656 0.225996
0.0136604 -0.0235294 0.217789
-0.00626828 -0.0181775 0.228602
0.0174542 -0.0154368 0.246006
0.0111536 -0.0261597 0.222004
-0.00247267 -0.0174495 0.227239
0.0112273 -0.025176 0.222342
0.0100187 -0.0221405 0.225059
-0.00213156 -0.0194887 0.234949
-0.00361482 -0.0209248 0.230723
0.0211147 -0.0285432 0.23021
0.00141666 -0.0185078 0.226312
0.0245592 -0.0375357 0.265525
0.0103989 -0.0176349 0.220779
0.0127486 -0.0313104 0.221357
0.0127222 -0.0287252 0.223468
0.0084689 -0.0175914 0.220662
0.011644 -0.0180955 0.217332
0.0138941 -0.0335408 0.235946
-0.00571153 -0.0178663 0.229114
0.0112648 -0.0261579 0.222093
-0.00766921 -0.0189617 0.232787
-0.00404889 -0.0188927 0.234812
0.000767472 -0.0178162 0.225072
0.00962354 -0.0272137 0.225166
0.0120893 -0.0276927 0.225089
-0.0721559 0.297147 1.53756
-0.267286 0.285231 1.35423
-0.699072 0.166476 1.62716
-0.185309 0.217484 1.41976
-0.488017 0.235044 1.09416
-0.180236 0.24747 1.33346
-0.182316 0.238665 1.31795
-0.319895 0.189873 1.61765
0.157554 -0.150968 1.36798
0.980556 -0.362977 1.94884
0.359927 0.0224208 0.688539
-0.193321 0.192347 1.22369
0.497372 0.0417966 0.81997
-0.0706905 0.211457 1.29335
-0.0359366 0.287584 1.36311
0.400819 0.000428318 0.747921
0.67148 0.117715 1.46545
-0.050286 0.143083 1.34116
-0.42171 0.375307 1.69046
0.648222 0.00572198 0.796091
0.565967 0.0409082 0.941856
0.679777 -0.316344 0.856251
-0.131716 0.296906 1.42053
0.682668 0.0374336 1.06588
-0.186765 0.289019 1.38522
-0.17447 0.136595 1.10927
-0.167219 0.2017 1.29187
0.842147 -0.388272 0.892281
0.60897 -0.0294944 0.882068
0.603124 -0.0284841 0.875047
1.17423 -0.534145 1.31699
1.07472 -0.505165 1.21724
-0.201138 0.255282 1.39959
0.536424 0.0264883 0.89785
-0.240318 0.0791692 1.25626
-0.265891 0.153353 1.39754
0.0879023 0.153298 1.68748
1.85263 -0.588507 3.38063
0.857248 -0.0555412 1.64726
1.00734 -0.0124709 1.29791
0.743308 0.121065 1.84586
0.959815 -0.167779 1.49262
0.627722 0.0062285 1.03152
-0.0845423 0.150073 1.22195
0.918683 -0.426997 1.50727
-0.382215 -0.399663 1.53155
-0.0570558 0.188158 1.17547
0.679109 -0.00597428 0.788932
-0.11958 0.202172 1.36698
0.127933 -0.0257852 0.2162
0.0907373 -0.0659319 0.29557
0.105023 -0.00285363 0.301698
0.119265 -0.054142 0.287723
0.106489 -0.0356068 0.255274
0.607432 0.0139225 0.667229
0.0329914 -0.020757 0.257539
0.642109 0.101997 0.709581
0.0359909 -0.043173 0.241527
0.0560491 -0.0271443 0.222725
0.054601 -0.050533 0.283921
0.0714302 -0.0214858 0.269257
0.716239 -0.0796995 0.76509
0.178004 -0.0121387 0.356528
0.372069 -0.121049 0.454864
0.730027 -0.388177 0.822191
0.120938 -0.0548803 0.286888
0.348036 0.141686 1.64266
0.100499 -0.0444987 0.26963
0.743197 0.157963 0.679604
0.743138 0.163496 1.79142
0.717312 0.151097 0.654342
0.126727 -0.00381176 0.280576
0.187955 -0.0501195 0.312326
0.250038 -0.0767242 0.323112
1.40154 -0.503278 2.52526
2.14534 -0.0579026 2.36611
0.594168 0.0326043 0.756018
0.644187 0.0213316 0.766224
0.489598 0.0351673 0.739733
0.691063 0.0958494 0.751252
1.12629 -0.350751 1.2784
0.5723 0.0954086 0.732044
0.682532 -0.229352 1.21554
0.539519 0.121019 0.911774
-0.000437359 -0.0180918 0.228925
-0.41229 0.17115 1.36317
-0.498138 0.0648389 1.52552
-0.266044 0.346996 1.45495
0.54575 -0.0970153 1.29628
-0.250118 0.276534 1.35558
0.0136286 -0.0211794 0.224741
0.0137784 -0.028804 0.223693
0.532435 0.102679 0.659945
0.0120563 -0.0320436 0.224119
0.0022443 -0.0207067 0.226063
0.0124088 -0.0292444 0.223302
0.0135443 -0.0250827 0.224825
0.704922 -0.29042 0.909199
0.0136007 -0.0264093 0.224786
0.0137804 -0.0264618 0.224781
0.0142272 -0.0333486 0.221432
0.44389 0.0965494 0.528705
1.2737 -0.372119 1.20347
0.858206 -0.435525 0.912502
0.189359 0.0322789 2.68995
0.49267 -0.151632 0.530201
0.580615 0.120744 0.735614
0.256866 0.234172 2.19193
0.998139 -0.329883 1.27771
0.736214 0.143804 0.680492
0.608912 0.0949927 0.67243
0.211133 -0.00330325 0.27806
0.204222 -0.0295362 0.293771
0.499648 0.109333 0.80557
0.720352 -0.227407 0.741385
0.756436 -0.406081 0.845149
0.233814 -0.0843421 0.374133
0.634415 -0.196797 0.684843
0.67341 0.102671 0.713766
1.28887 -0.413666 2.11196
0.246567 -0.101332 0.651306
0.79125 -0.255711 0.797029
0.0269913 -0.021323 0.244627
0.00906052 -0.0166546 0.237498
-0.269908 0.0815163 1.36547
1.47235 -0.0989986 1.59024
-0.00419671 -0.0751247 0.876835
0.647565 -0.180648 1.62508
0.635267 0.138813 0.862087
-0.297463 0.100842 1.53551
-0.150549 0.239614 1.31927
-0.155729 0.159644 1.38706
0.483331 -0.286794 1.89561
0.920748 -0.122589 1.95625
0.68922 -0.19568 1.68757
0.6006 0.0337807 0.744596
6.52284e-05 -0.0189964 0.221576
0.0368134 -0.0413721 0.234181
0.0101982 -0.0214564 0.225208
0.0629254 -0.0213011 0.261831
0.0115509 -0.032159 0.222358
1.72148 -0.567207 3.27396
0.725913 -0.593064 1.71471
0.958079 -0.44207 1.56956
0.223112 0.0541288 2.586
0.399096 -0.00513562 2.5393
1.44159 -0.471175 2.59107
0.0925254 -0.00943816 0.254322
0.646247 0.0186974 0.728055
0.630011 0.0355004 0.782336
0.493372 -0.156524 0.589322
0.588062 0.0308712 0.803597
0.672466 0.163379 0.610948
0.153578 -0.0365023 0.324483
1.15249 -0.502426 1.26164
0.480052 -0.21803 0.648514
0.10492 -0.0381778 0.252254
0.475381 -0.199057 0.728231
0.675566 0.102776 0.72746
0.490204 -0.240744 0.675477
0.674198 0.102696 0.725978
-0.193739 0.23111 1.30245
-0.314014 0.16439 1.60833
-0.344504 0.211286 1.67571
-0.0693092 0.196118 1.34371
-0.0469076 0.0736044 1.1025
-0.163978 0.129839 1.07091
-0.168413 0.166683 1.30135
-0.0539008 0.105348 1.32043
-0.117382 0.113557 1.06036
-0.0538247 0.133649 1.08859
1.33031 -0.0436758 1.62357
0.609629 -0.360411 2.40424
0.675782 -0.116172 1.52236
0.593794 0.119286 0.728253
0.0360705 -0.0408981 0.262505
0.080764 -0.0218594 0.273553
0.697257 0.00334531 0.659161
0.663962 0.101044 0.699222
0.115437 -0.030365 0.326034
0.0329735 -0.0200323 0.258558
-0.00621925 -0.0241061 0.230056
0.131333 -0.02146 0.212064
0.133572 -0.0752141 0.371498
0.611291 -0.196254 0.816466
0.116968 -0.0121029 0.267951
0.133814 -0.0193003 0.182582
0.00277122 -0.0181684 0.234176
0.0174692 -0.0273609 0.23534
0.00281069 -0.0186445 0.222277
0.00933787 -0.0317745 0.225364
-0.00369193 -0.0178115 0.228407
-0.00511691 -0.0197119 0.222076
-0.00222553 -0.0168691 0.226591
-0.00180204 -0.0176919 0.225655
-0.00379651 -0.0167542 0.227883
-0.0149161 -0.0207034 0.227313
-0.00423391 -0.0179036 0.229016
0.00171685 -0.0185687 0.222587
-0.000573321 -0.0180857 0.227159
-0.00118379 -0.0172436 0.225864
0.00902731 -0.0224125 0.222168
-0.00270049 -0.017507 0.227555
0.0115982 -0.0254343 0.218372
0.0064872 -0.0224659 0.220099
0.00970098 -0.0208457 0.224982
-1.91863e-06 -0.0182875 0.226554
-0.0010784 -0.0192952 0.221808
-0.000258147 -0.0182672 0.22459
-0.00105401 -0.0181361 0.227175
-0.00152277 -0.0182937 0.229587
0.0130264 -0.0231018 0.21607
-7.47322e-05 -0.0289626 0.220906
0.0135396 -0.0224068 0.215505
0.000439775 -0.0186148 0.2271
0.0113022 -0.0233707 0.221474
-0.0114473 -0.0219872 0.232332
-0.00499521 -0.0167016 0.23043
-0.00846803 -0.0201738 0.224263
0.00933739 -0.034753 0.222155
0.00521003 -0.0183981 0.222978
0.00531709 -0.0180769 0.222599
0.0130345 -0.0247697 0.218399
0.00920531 -0.0242524 0.223413
0.011129 -0.0349611 0.224946
0.0156581 -0.0231427 0.216815
0.0053527 -0.0183573 0.223458
0.00236931 -0.0219092 0.221486
0.00624886 -0.0286882 0.219828
0.0111838 -0.0189066 0.221132
-0.0124381 -0.0190344 0.231066
0.00407619 -0.0192671 0.218979
0.0143954 -0.0332001 0.224823
0.0111504 -0.0317126 0.224078
0.0206641 -0.0173844 0.234522
0.00521373 -0.0191167 0.225867
0.000929489 -0.021511 0.220451
0.00112154 -0.0191339 0.22217
0.0142483 -0.019647 0.224851
0.0194024 -0.0198034 0.224501
0.00909589 -0.0299987 0.220579
0.00720202 -0.0222497 0.222541
0.0129068 -0.0251143 0.221808
0.0136996 -0.0236521 0.220977
0.0185153 -0.0235866 0.221137
-0.017377 -0.0194246 0.22802
0.00660166 -0.0301373 0.219138
0.012355 -0.0277548 0.225121
0.0104557 -0.0274312 0.218673
0.0210632 -0.0360573 0.233761
0.010981 -0.0291552 0.224722
0.0116298 -0.024895 0.218264
0.012744 -0.0323634 0.223953
0.0236691 -0.0371401 0.264435
0.0191537 -0.0236398 0.221013
-0.010053 -0.0191361 0.226086
0.014136 -0.0200816 0.221706
-0.0125477 -0.0187428 0.231382
0.0192904 -0.0261823 0.224312
0.0183612 -0.0286109 0.219056
0.0196555 -0.0289027 0.224324
0.00889911 -0.0300066 0.220493
0.0168665 -0.030515 0.2245
0.0145598 -0.0306136 0.223374
-0.012476 -0.0202152 0.227458
0.00231048 -0.0180947 0.224592
0.66947 0.0367141 0.896466
-0.0027018 -0.0173119 0.227374
1.11201 -0.488275 1.22706
0.122688 -0.0573275 0.272695
1.43386 -0.418779 1.3601
0.00736252 -0.0185326 0.224267
0.0104613 -0.0246574 0.222338
0.00252571 -0.0199897 0.22022
0.00732541 -0.0187275 0.21948
0.00778868 -0.018717 0.219306
0.00845068 -0.0232796 0.222018
-0.00293903 -0.0184394 0.228094
0.00804454 -0.0177156 0.221376
-0.00785817 -0.0191024 0.234085
0.0123654 -0.0281206 0.224919
-0.0109979 -0.0189145 0.231519
-0.0115227 -0.0190007 0.230829
0.005038 -0.0190994 0.225884
-0.000867866 -0.0177442 0.226513
-0.00280001 -0.0180181 0.226405
0.00834693 -0.0180558 0.221674
0.00818192 -0.0178944 0.221525
0.655859 0.0106459 0.697533
0.647383 0.00859605 0.685875
-0.0128688 -0.0188517 0.230961
0.00224116 -0.0180985 0.224908
0.0057268 -0.0184438 0.223414
-0.0140343 -0.0199499 0.229386
-0.0112559 -0.0187243 0.232494
0.00804729 -0.0269729 0.225135
0.0115926 -0.0306412 0.225168
0.0949739 -0.0256322 0.184973
0.179273 -0.0612962 0.297139
0.0124287 -0.0291115 0.222178
0.01924 -0.0320091 0.220636
0.00933171 -0.0273315 0.224028
0.0136446 -0.0203481 0.220843
0.0136472 -0.0317019 0.221158
0.00801851 -0.0183861 0.222087
0.0137922 -0.0203309 0.220815
-0.00226623 -0.019374 0.222935
1.35873 -0.415499 1.46679
0.707939 0.0916993 0.711067
0.00614458 -0.0186503 0.223168
0.000170997 -0.0206959 0.220765
0.00283038 -0.0180848 0.234152
0.0278486 -0.0212137 0.245333
0.0130366 -0.0223686 0.218371
0.00914323 -0.0250078 0.21844
0.00361823 -0.0179718 0.222249
0.0159476 -0.0232156 0.216646
0.00642182 -0.0224755 0.220281
-0.00201658 -0.020426 0.231032
0.00829783 -0.0307097 0.222758
0.00253395 -0.0188079 0.221493
-0.000890357 -0.0181135 0.225252
0.00236031 -0.0183529 0.220659
-0.00073725 -0.0190721 0.222713
-0.00883904 -0.0231675 0.234305
0.0089054 -0.0183093 0.222909
0.0127477 -0.0245668 0.218017
0.0143758 -0.0224613 0.217619
-0.0168447 -0.019124 0.227659
-0.00533831 -0.0179433 0.226164
0.00814539 -0.01827 0.222184
0.00902104 -0.0194752 0.217418
-0.0160403 -0.0191114 0.227372
-0.0047308 -0.0176918 0.228785
-0.00406913 -0.0172274 0.22854
0.00200256 -0.0167188 0.222382
0.00913428 -0.0290592 0.218981
-0.00340449 -0.0182136 0.225293
-0.00257317 -0.0179355 0.226473
-0.00361956 -0.0168428 0.227581
-0.00344467 -0.0172844 0.227485
-0.00221482 -0.0174939 0.225641
0.00564038 -0.0180056 0.217978
0.00235648 -0.0172666 0.218696
0.00100597 -0.0197914 0.223435
-0.00534954 -0.0173844 0.228481
0.00958426 -0.0229702 0.221848
0.000495436 -0.0168276 0.22308
-0.00387531 -0.0173362 0.227811
-0.00235291 -0.0175008 0.225618
0.00551179 -0.0204449 0.223373
-0.000201571 -0.016798 0.221781
-0.00341127 -0.0167993 0.227136
0.00415895 -0.0170357 0.219406
0.0048761 -0.026243 0.223154
-0.00662576 -0.0192277 0.223977
0.00997865 -0.0281263 0.21811
0.0109136 -0.0279328 0.223924
0.00832406 -0.0238172 0.219553
-0.00754912 -0.0187116 0.228386
0.013276 -0.0294622 0.224725
0.0167808 -0.0195563 0.214338
0.0129672 -0.0194426 0.215702
0.00830441 -0.028873 0.219471
0.013973 -0.0288627 0.221792
0.0158973 -0.0309492 0.224193
0.0173389 -0.0195061 0.22471
0.0048521 -0.0220383 0.221833
0.0051579 -0.0217076 0.220212
-0.00354159 -0.0179268 0.226174
0.0115544 -0.0272469 0.218874
0.00358875 -0.0166357 0.232247
-0.0172107 -0.0190652 0.228085
0.000223732 -0.0179887 0.224365
0.00340787 -0.0192127 0.219087
0.0103653 -0.0198213 0.223857
0.00413367 -0.0184685 0.22307
-0.00496753 -0.018894 0.228385
0.000388221 -0.0185545 0.226913
0.00390287 -0.0178587 0.222269
0.013978 -0.0224314 0.217842
-0.0039603 -0.0177269 0.227602
0.0142999 -0.0247171 0.215997
-0.0126178 -0.0195663 0.228561
0.019254 -0.0312937 0.22428
0.0124912 -0.0319177 0.222006
0.0124519 -0.0262379 0.223204
0.0103445 -0.0257645 0.223595
0.0120291 -0.0300927 0.218186
0.011469 -0.0287532 0.2224
-0.000221731 -0.0182133 0.226344
-0.00206505 -0.0179575 0.227246
0.00124542 -0.0163962 0.240122
0.00511451 -0.0286803 0.247362
-0.011202 -0.0186342 0.232749
0.0120419 -0.029095 0.223313
0.00856439 -0.0252769 0.224941
-0.00818425 -0.018066 0.229884
0.692713 0.181314 0.833571
0.0990536 -0.0279258 0.196335
0.723596 0.170702 0.759928
0.222489 -0.017392 0.271281
0.141227 -0.00588169 0.161127
0.733061 0.157614 0.887177
-0.000927537 -0.0167332 0.222924
-0.00978944 -0.0181511 0.230408
-0.0125926 -0.0192444 0.229571
0.226751 0.00699692 0.318867
-0.000580065 -0.0180675 0.225047
-0.00289779 -0.0173083 0.226455
0.308625 -0.159227 0.481663
-0.0116071 -0.0192324 0.230342
-0.0173219 -0.0190728 0.227923
-0.00335195 -0.0177488 0.227281
0.00189638 -0.0174824 0.220964
-0.00321308 -0.0175915 0.225707
-0.00404854 -0.0173771 0.227492
0.0110517 -0.0333302 0.217986
-0.000810654 -0.0183965 0.227348
0.0030427 -0.0193441 0.220722
0.0112928 -0.0255106 0.217581
0.00998368 -0.0199285 0.222413
-0.0170697 -0.0190558 0.227652
0.0104431 -0.0226978 0.223717
-0.00665725 -0.0179504 0.228702
0.00485113 -0.0205261 0.222046
0.0101013 -0.0197334 0.22381
0.0043863 -0.0276436 0.22457
0.00726282 -0.0303163 0.222941
0.0113546 -0.0199853 0.222142
0.00464843 -0.0193829 0.219015
0.00258515 -0.0190922 0.219882
0.00577646 -0.0219133 0.236289
0.0101602 -0.022695 0.222338
0.000264415 -0.0186431 0.220198
0.00229239 -0.0190498 0.220111
0.00771532 -0.0307227 0.218622
0.0132296 -0.0304852 0.224877
0.0113306 -0.0243103 0.22132
-0.00434735 -0.0175448 0.226804
0.00291578 -0.0191961 0.219292
0.0127093 -0.0326933 0.225152
-0.00441118 -0.0179312 0.228209
0.00878753 -0.0310006 0.220844
0.00555861 -0.0214628 0.219109
-0.000104216 -0.0188497 0.221898
0.0104831 -0.0337159 0.221716
-0.00139898 -0.0197232 0.236166
-0.00187624 -0.0204219 0.239722
0.00914826 -0.0319194 0.220273
-0.00618056 -0.0195054 0.228476
