-0.284213 0.0773252 0.878166
0.281247 0.197542 1.17234
0.618619 0.116092 1.26977
-0.103735 -0.0273887 0.820282
0.930073 0.137001 1.93297
0.227085 0.167241 0.483163
0.0100379 -0.00585331 0.0489341
-0.0554574 0.0344393 0.175305
-0.0608602 0.0339649 0.177312
-0.431931 0.114467 0.913323
-0.0591336 0.0292404 0.126268
-0.127849 0.0534132 0.20079
-0.446928 0.0857758 0.900695
-0.173874 0.0678407 0.280652
0.00324038 0.0489407 0.179083
-0.378768 0.0758073 0.91632
-0.182868 0.068584 0.270414
0.343384 -0.0138861 0.949354
-0.0645584 0.0274373 0.150723
-0.0651026 0.0281064 0.1302
-0.0663131 0.0222232 0.135381
-0.0514493 0.0185483 0.111081
-0.0610776 0.0200179 0.11597
-0.0882032 0.0315383 0.170807
0.305364 0.196035 0.545501
-0.0941065 0.0612129 0.466469
0.116848 -0.00785976 1.62424
0.467616 -0.0988479 1.03916
0.0991866 0.0723169 1.47092
-0.29868 0.0744873 0.892475
-0.0913963 0.0449193 0.264313
1.02603 0.632677 1.75475
0.753911 0.437599 1.24975
0.0342723 0.0899239 1.43939
0.0108758 0.0426178 0.310593
-0.485797 -0.0625709 1.05288
-0.762358 0.251257 1.96852
-0.0657287 0.0388466 0.120254
0.526598 -0.212602 0.969399
0.0744267 0.0576825 0.169847
-0.116011 0.0591428 0.782441
0.382306 -0.158118 1.25402
0.332191 -0.0961871 1.12584
0.859984 -0.0757803 1.55826
0.431862 -0.100309 1.00645
0.373796 -0.242224 1.16669
-0.593904 0.0346223 0.995974
0.207649 -0.0890387 1.03179
-0.274036 -0.330931 1.0438
0.62702 0.0899777 1.26919
0.552796 -0.0633762 1.10595
-0.382586 0.104283 0.859371
0.00288294 0.0927142 1.49067
-0.29621 0.0919487 0.872011
-0.487264 -0.0944398 1.03786
-0.228852 0.0971832 0.932684
-0.180839 0.122421 0.813401
0.0219055 0.0405835 0.245142
0.0269748 0.045797 0.276731
-0.220136 0.0920995 0.744253
-0.0621066 0.0283608 0.172487
-0.117389 0.0720948 0.154809
-0.405707 0.201832 0.861803
-0.0209859 0.0307709 0.182847
-0.309774 0.131744 0.913337
-0.0624355 0.030597 0.181271
-0.0404633 0.0353902 0.183053
0.349295 -0.0422559 0.440444
0.40133 -0.25568 0.890811
-0.798377 -0.0755743 0.687675
0.0815964 0.189072 0.620375
1.00324 -0.0850785 1.82109
-0.761367 0.00410235 1.07427
-0.0570937 0.0383989 0.179263
-0.0803803 0.0308801 0.170404
0.0411488 0.0670462 0.179563
0.00212052 0.0405723 0.182124
-0.381477 0.122646 0.970632
-0.223675 0.0933585 0.765005
-0.0991679 0.0790224 0.189664
0.0617019 0.0697305 0.171429
0.0699415 0.0548199 0.16145
-0.000191582 0.0666879 0.174501
-0.0466866 0.00881464 0.104542
0.00466185 -0.0033731 0.0288158
0.0132924 0.0075542 0.0320287
-0.0335171 0.0126804 0.0527007
-0.059914 -0.0907816 0.26832
-0.019693 0.0115104 0.0879353
-0.0423613 0.0193408 0.0659292
0.847936 0.0517427 1.64932
0.376806 -0.197273 1.25754
-0.179365 0.0650338 0.267413
0.370014 -0.0106031 1.06139
-0.165905 0.0736204 0.292093
0.368281 0.193535 1.11506
0.413278 0.0368547 1.05202
-0.178026 0.0737174 0.269253
-0.595454 0.0405883 0.962028
-0.0967486 0.0511947 0.320919
-0.532178 0.0352628 0.916324
-0.0802729 0.0327081 0.173252
0.019391 0.1696 0.919597
-0.0919231 0.0252151 0.169808
-0.112425 0.0469205 0.71711
-0.00177529 0.000269015 0.00278409
0.149968 0.0996114 1.24272
-0.00462243 0.0646003 0.309186
0.00785248 0.145272 1.32095
-0.126291 0.0579118 0.79869
0.00593143 0.0505858 0.271919
-0.0548908 0.0150011 0.100727
-0.181581 0.0645361 0.309393
-0.250552 0.0674248 0.506193
-0.885853 0.455929 2.26602
-0.468061 0.136633 0.98479
-0.0880716 0.0441949 0.172098
-0.178191 0.0784246 0.867689
-0.156549 0.0711912 0.536037
1.05789 0.724274 2.06349
-0.176222 0.06862 0.275324
-0.0632173 0.0230224 0.124366
0.0848882 0.124906 0.371803
-0.0486736 0.0823739 0.629643
0.196466 0.234477 1.41512
0.00563384 0.0679502 0.281281
-0.430129 0.0984948 0.86627
0.461021 0.0464317 1.17052
-0.586271 -0.25765 1.05152
-0.595995 -0.117842 1.09621
-0.180652 0.0824167 0.864968
0.172598 0.224022 1.37871
0.277175 0.141266 0.48756
0.533388 -0.259259 0.847033
-0.57704 0.0848595 0.933769
0.361524 0.191027 0.988663
0.385216 -0.103889 1.29076
-0.664414 -0.0756788 1.03279
-0.105267 -0.0190955 0.801317
0.419652 0.0073192 1.16531
-0.0306819 0.0334159 0.182449
0.199797 0.224535 0.87783
-0.398385 0.0896655 0.853409
-0.13262 0.106931 0.802699
-0.475441 0.19637 0.93915
0.221612 0.255346 1.56088
-0.0616663 0.115612 0.839327
0.0372233 0.0577394 0.192813
0.0115467 0.0326257 0.234206
0.00158706 0.0408288 0.181789
-0.0703522 0.0346088 0.1756
-0.0229692 0.0109837 0.0555187
-0.0890995 0.0428245 0.17133
-0.00424615 -0.00243644 0.00907773
0.00654601 -0.00301178 0.0370948
-0.00293035 -0.00182172 0.00655662
-0.0204561 0.0546772 0.216055
-0.0220034 0.00769396 0.0419105
-0.0395385 0.0352326 0.181433
-0.00550451 0.0361353 0.183567
-0.100496 0.0404351 0.260445
-0.0753562 0.0264687 0.17352
0.00278124 0.0472791 0.185409
-0.0858846 0.0345336 0.172264
-0.0678961 0.0341834 0.175738
-0.0935492 0.0363056 0.170553
-0.0080489 0.00258026 0.0136527
-0.545099 0.226215 0.972041
-0.0759478 0.0274595 0.166234
-0.0616839 0.0375629 0.922954
0.0188831 0.132264 0.931852
-0.0954082 0.0331232 0.173033
-0.0765619 0.0274959 0.166054
-0.0210148 0.033893 0.212711
-0.0497556 0.023106 0.101437
-0.0428213 0.0154261 0.0826324
-0.0881805 0.0458101 0.171869
0.00376841 -0.00200818 0.0250785
-0.0793354 0.0330239 0.173315
-0.167721 0.0793166 0.29243
-0.293442 0.0404987 0.888904
0.159719 0.114667 1.37661
-0.522891 -0.0819691 0.939328
-0.00416681 0.0426033 0.18335
-0.0122177 0.0359038 0.180808
-0.659524 0.0369996 1.10809
-0.643617 -0.0718799 0.998296
-0.0135232 0.0426245 0.181563
-0.612054 -0.0130376 0.980218
-0.00544395 0.0330762 0.182546
0.396934 0.0540907 0.866582
-0.743426 0.0409552 1.05568
0.404187 -0.135925 1.05838
1.08949 0.0361173 2.40656
-0.174584 0.0767246 0.277062
-0.0830137 0.0409996 0.173183
-0.687734 0.0591451 0.964784
0.00258026 0.0405852 0.182177
-0.68499 -0.190231 1.01975
-0.745874 -0.204389 1.11559
-0.382795 0.104687 0.884944
-0.0703919 -0.300518 1.08764
0.387174 -0.200079 1.2931
0.613318 -0.105374 1.02572
-0.0453201 0.0220724 0.0875859
0.00458485 -0.00944896 0.0585381
-0.0136413 0.0432421 0.183059
-0.0868783 0.0315297 0.171311
-0.0639892 -0.110834 1.07571
-0.377955 0.0941289 1.0168
-0.326925 -0.21919 0.779362
0.0479127 0.0793323 1.45958
-0.596269 -0.0839056 0.942523
0.359349 -0.222945 1.09202
-0.0837382 0.0391631 0.172296
-0.0903631 0.0401307 0.17156
0.00227128 0.0520106 0.195694
-0.0695551 -0.227355 1.07142
-0.0903743 -0.0757346 1.26924
-0.175118 0.0767469 0.278503
0.377372 -0.0148604 1.06257
0.543838 -0.132747 0.917796
0.37989 -0.247091 0.851566
-0.453961 0.0672574 0.987211
0.403913 0.0544546 1.01949
-0.525779 -0.0880257 0.916379
-0.123949 0.0790288 0.816276
-0.295606 0.0710211 0.886292
-0.396556 0.0741148 0.92939
0.379941 -0.263917 1.13077
-0.629228 -0.077118 0.989477
-0.0612443 0.0342603 0.178425
-0.589563 0.0892522 0.956573
0.402726 -0.041267 1.28866
0.112594 -0.172579 1.63985
0.50935 -0.214323 0.952187
0.0177055 0.0827297 1.41001
0.577953 0.0543888 1.26858
-0.516121 0.13505 0.882856
-0.013043 0.0373698 0.1837
0.197565 0.220931 0.858556
0.523801 -0.230457 0.968494
0.3614 -0.257873 0.908874
0.659012 -0.105389 1.10795
-0.00343576 0.0385349 0.183136
0.253422 0.115353 0.448826
0.0795395 0.0594172 0.17153
-0.613274 0.0978397 0.965357
-0.0137772 0.179983 1.18802
-0.290602 0.0531946 0.893668
-0.0157678 0.0456258 0.182436
-0.0807034 0.0400642 0.173612
-0.0305862 0.0405298 0.269606
-0.0143971 0.0306598 0.205834
0.493181 -0.0995796 1.02511
0.276949 0.126432 0.503067
-0.29129 0.0372668 0.87855
0.463305 -0.0967967 0.975815
0.72051 -0.0968607 1.39395
-0.178893 0.0792718 0.860884
0.908866 0.00473605 1.79245
0.40535 -0.0368756 1.29475
0.484799 0.0461898 1.12671
0.321404 0.0969687 0.562863
-0.552416 -0.103972 1.00502
-0.582822 0.0376196 0.935955
0.197768 -0.0935215 1.14688
0.681103 0.0373246 1.13792
0.0273203 0.0865589 1.42689
-0.0663277 0.134055 1.30164
-0.677433 0.17806 1.02686
0.395447 -0.278095 0.97829
0.398214 0.231249 1.29176
0.0219545 0.0820641 0.463398
-0.42759 0.104363 0.901564
0.438221 0.044581 1.01903
0.502244 -0.210436 0.940984
-0.0217745 0.0476574 0.187328
0.795297 0.0436158 1.54644
0.0398893 0.092403 1.24534
0.367207 0.22278 0.798825
-0.0293415 0.0387441 0.182773
0.449465 -0.0888071 1.43455
-0.177854 0.0838073 0.843927
0.409789 -0.0334528 1.30601
0.390834 0.00751973 1.07967
-0.0691391 0.0544671 1.39209
0.52485 -0.230153 0.968256
0.0433818 0.078264 1.42274
-0.540067 -0.0180576 0.924901
-0.544137 -0.0207635 0.862526
-0.5161 -0.0883464 0.89784
0.504001 0.0760185 1.10614
-0.0250525 0.0349302 0.182899
-0.285941 0.0410873 0.894623
-0.460126 0.0737149 0.994669
-0.520371 0.132472 1.11565
0.383254 0.221718 1.26608
0.150422 -0.0437172 1.94701
0.227712 -0.121237 1.5184
0.379089 0.208381 1.11563
-0.453613 -0.0802758 0.967309
0.240872 -0.049944 0.533279
0.414664 -0.171397 1.34735
-0.589081 0.0310697 0.983007
-0.396301 0.0746488 0.919147
0.112239 -0.0987961 1.46639
0.357163 -0.254757 0.887758
0.736744 -0.0435455 1.42632
0.504032 0.0989389 1.10545
-0.54547 -0.0107548 0.934819
0.453239 -0.108997 1.05422
-0.439582 0.101247 0.891782
0.487816 -0.0902633 0.955578
-0.0583028 -0.28922 0.844057
0.366635 0.204965 1.08753
-0.38003 0.0636988 0.949174
-0.547117 0.0367616 0.935836
-0.548888 0.0967781 0.927338
0.404341 0.217929 1.06182
-0.704218 -0.201871 1.0606
-0.12428 0.0785281 0.834386
0.408507 0.0361036 1.04349
-0.273797 0.079561 0.855344
-0.590922 0.0372366 0.952333
0.144967 0.209724 1.26564
0.414076 -0.13668 1.07877
0.0593176 0.200389 0.573987
-0.689581 -0.124964 1.00117
-0.0794223 0.045078 0.175096
-0.0285848 0.037807 0.18247
-0.189149 0.0749159 0.26776
0.0358366 0.0571208 0.183324
-0.288094 0.0840635 0.888809
-0.4514 0.062143 0.948896
0.0035247 0.0444218 0.183287
-0.279289 -0.29175 0.958662
-0.00601624 0.0264792 0.181875
-0.726789 -0.127173 1.04699
0.100353 -0.164306 1.50856
-0.583651 0.0916699 0.933316
0.37489 0.00484925 1.04616
0.403158 0.0287201 0.928202
-0.564656 0.0858517 0.956385
-0.192605 0.0611806 0.29179
-0.19165 0.077963 0.268686
-0.0202262 0.0439531 0.181743
-0.00323974 0.0381 0.182005
-0.53078 0.0853566 0.905376
-0.0292573 0.0468588 0.179212
-0.0292803 0.0451583 0.181081
0.076937 0.181218 0.596264
-0.582564 -0.192834 1.2227
0.29118 0.146575 0.512482
0.509823 0.143209 0.849987
0.0051166 0.0273543 0.182853
-0.0183026 0.0325979 0.183453
-0.611478 0.135252 0.960638
0.569213 0.0332174 0.946787
0.375638 -0.251516 0.89107
-0.461633 0.0286059 0.990802
-0.552418 0.076922 0.930101
-0.119965 -0.520165 2.13366
-0.716138 -0.06983 1.12976
-0.463224 -0.0746741 0.795919
-0.111883 -0.0216353 0.814124
-0.240191 -0.354437 1.09222
-0.0356319 0.0430717 0.182927
-0.615128 0.103415 0.965925
-0.0249591 0.0347182 0.182746
0.620673 0.0780775 1.34111
-0.0571118 0.0377683 0.179354
0.00414156 0.0588973 0.197703
0.442432 0.0419013 1.07307
-0.0202572 0.0447115 0.182588
-0.293579 0.033481 0.759065
-0.0018017 0.041581 0.166549
-0.0231704 0.0480365 0.182365
0.00257319 0.0546012 0.184602
-0.16849 0.0796957 0.29249
-0.0539584 0.0266937 0.176832
0.441781 0.123015 0.74104
-0.00851204 0.0481044 0.192692
-0.201148 0.0904327 0.822141
-0.438543 0.126418 0.914731
-0.448142 0.113135 0.662978
-0.431844 0.108276 0.889082
-0.0281749 0.0451265 0.182922
0.146576 0.151824 1.43354
0.434875 0.0389605 1.06152
0.525058 -0.0953248 1.02752
-0.511147 -0.00698591 1.11722
-0.0288567 0.0303684 0.181329
0.500493 0.117277 1.12932
-0.217991 0.107828 0.790056
-0.0218145 0.0525105 0.196126
1.22724 -0.11403 2.64375
-0.0895281 -0.3141 0.866656
-0.479735 0.119797 0.895241
-0.53859 0.131558 1.03722
-0.149684 0.121007 0.818429
-0.76843 0.0315148 1.02184
-0.0870842 -0.29224 0.817053
-0.728597 0.036361 1.04567
-0.0615524 0.0293856 0.178145
-0.0548522 -0.174931 1.03113
-0.0398348 0.0353626 0.182287
-0.676065 0.178414 1.02695
-0.0148791 0.0248463 0.184475
-0.211906 0.0706956 0.281174
-0.303038 0.122945 0.865833
0.370692 0.103722 0.617081
-0.371412 0.107985 0.802337
-0.168149 0.0698744 0.302015
-0.0713786 0.196151 0.844097
0.364083 0.189701 1.0951
-0.790608 -0.127134 0.716949
-0.789375 -0.194629 0.696924
-0.884725 -0.0465459 0.575885
-0.272336 0.0844636 0.222655
-0.609695 -0.2037 0.616742
-0.477316 -0.0780819 1.01158
-0.0497835 0.0217776 0.164572
-0.377036 0.114655 0.974926
-0.573216 -0.0268795 0.916299
-0.572491 0.124377 0.895733
-0.242277 0.0707087 0.372986
-0.572252 -0.105178 1.0416
-0.947662 -0.0779958 1.24282
-0.606496 -0.133745 0.895864
0.187364 -0.151135 1.31987
-0.0288377 0.0306066 0.181413
-0.0555277 0.0296959 0.178134
-0.3382 0.126679 0.663208
0.50791 0.0979232 1.10239
-0.335442 0.0818495 0.88703
0.348356 -0.126673 1.64002
0.306952 0.153632 0.472054
-0.741927 0.0283352 0.987562
-0.0181185 0.0322703 0.182729
-0.772551 0.00576338 1.08843
-0.363409 0.0966898 0.81834
-0.662837 -0.117217 0.948388
-0.207957 0.105952 0.843658
-0.0246093 0.0415955 0.183054
-0.0496654 0.0355001 0.181046
-0.0189402 0.0357379 0.183021
-0.729651 0.0354583 1.05663
-0.154952 0.0505383 0.791251
-0.120556 0.0620635 0.854093
-0.299502 0.0855254 0.459431
-0.442261 0.0818492 0.913755
-0.547569 0.079376 0.857848
0.462 0.0715336 1.01923
-0.588551 0.130602 0.922195
0.275114 0.154962 0.447247
0.3101 0.165345 0.511511
-0.0289698 0.0460702 0.18392
0.145576 -0.23581 1.41436
-0.225222 0.0595579 0.320287
-0.0920464 0.0476839 0.175514
-0.0879522 0.0253661 0.176444
-0.0854703 0.04975 0.173561
-0.371014 0.0417025 0.39694
-0.0701357 0.0402839 0.180475
0.00389768 0.0592415 0.19809
0.00202686 0.0339903 0.182302
0.480105 -0.26215 1.0367
0.17263 0.245242 1.40967
-0.199854 -0.257433 0.778147
-0.0166198 0.0834481 1.32492
0.0945978 -0.322507 2.11477
-0.136031 0.1851 0.78258
-0.0679457 -0.223572 1.01146
-0.402255 0.117923 0.935066
-0.0191332 0.0441036 0.182985
0.373319 0.0566792 1.24269
0.333182 -0.246298 0.848681
-0.254978 -0.297968 0.916251
-0.397027 0.0729649 0.934977
-0.0880873 0.0306948 0.170274
-0.430773 0.118039 0.882061
-0.0132492 0.0426312 0.181429
-0.612214 0.0431627 1.04604
-0.0719368 0.0399901 0.175266
-0.0133445 0.037289 0.18286
0.0453922 -0.243011 1.55157
0.466261 -0.0990992 1.03551
-0.701779 -0.150932 1.04691
-0.00693512 0.0364963 0.182345
0.275611 0.0947837 0.479079
-0.0517004 0.0352861 0.1805
-0.479643 0.0229093 1.03634
-0.00630576 0.0263815 0.179459
0.433751 -0.259501 1.05316
-0.435819 0.217693 1.0709
-0.102089 0.0351629 0.196207
0.197621 0.181138 0.654567
-0.0298051 0.0267886 0.183189
0.653459 -0.0693854 1.47563
-0.137284 0.0598569 0.90127
-0.080798 0.0400251 0.172868
0.00450793 0.054543 0.183442
-0.0932126 0.0292232 0.190221
-0.0921259 0.0255423 0.172965
0.268374 0.0936168 0.459805
0.0769895 0.0575376 0.167481
-0.216939 0.102532 0.78457
-0.0213749 0.0523516 0.191736
-0.0721926 0.0396421 0.174662
-0.294492 0.0412809 0.881255
0.00307901 0.0339376 0.182635
-0.100428 -0.016664 0.8029
-0.0151433 0.0250485 0.183819
0.000888371 0.0408501 0.179671
0.52756 0.0772154 1.10016
-0.0887805 0.042968 0.172159
-0.224311 0.106492 0.934892
-0.083828 -0.299875 0.822415
-0.0242362 0.0440391 0.182983
0.361996 -0.015237 1.00252
0.69103 0.133287 1.34197
0.47677 -0.257087 1.00708
-0.00191965 0.0441535 0.183306
0.386984 -0.201033 1.39197
0.447318 -0.265394 1.07194
-0.0129649 0.0368121 0.181797
0.421042 0.17244 0.773819
-0.598438 0.230356 1.05422
0.0018082 0.0409011 0.181363
-0.0333503 0.0310931 0.180583
0.128034 0.0981179 1.62693
-0.0072567 0.0322429 0.182654
-0.085692 0.0369979 0.171664
-0.181065 0.131568 0.824548
-0.458193 0.138386 0.887514
-0.129931 0.0949973 0.813866
-0.466673 0.189148 0.923352
-0.319474 -0.299181 0.956453
-0.264512 -0.294266 0.914238
-0.299664 -0.108178 0.883029
-0.0912388 0.0471612 0.173689
0.293894 0.16754 0.479123
-0.0650261 0.0271227 0.171662
0.125458 0.0958227 1.05239
-0.0615349 0.0351314 0.121677
-0.0294416 0.0271936 0.184053
-0.0326383 0.0270542 0.182364
-0.0228475 0.0271786 0.185976
-0.227366 0.0980771 0.777478
-0.19857 0.0727293 1.00378
-0.0678557 0.034214 0.176549
0.490456 0.115446 1.11107
-0.0225294 0.0304715 0.181948
0.00341874 0.0336754 0.181007
-0.120149 -0.0275746 0.893333
-0.119051 -0.0159502 0.836479
0.631155 -0.0856773 1.28905
-0.00382312 0.0469201 0.184209
-0.0607141 0.0264524 0.176639
0.555741 -0.135686 0.936745
-0.053665 0.152474 1.26697
-0.0606507 0.0264374 0.17683
0.545366 -0.133176 0.917418
0.116723 0.184226 0.656742
0.386359 -0.122645 1.48819
0.192191 0.0764108 0.259509
0.00409693 0.0300013 0.182023
0.111871 0.0920359 1.33044
-0.0683604 0.038012 0.177779
0.176811 0.20235 0.780958
-0.606418 0.176741 0.942788
-0.40071 -0.0869354 0.598205
0.00332506 0.0468621 0.182766
-0.134132 -0.140203 2.45835
-0.368036 0.0622729 0.918322
-0.349689 -0.292689 0.967491
-0.0618342 0.0292893 0.178552
-0.547623 0.152092 1.11764
0.470058 -0.250366 0.956708
0.365269 0.115442 0.642923
0.511704 0.232582 1.06056
0.132017 0.195201 1.39503
0.204147 0.238268 1.44813
-0.289445 0.051485 0.298372
0.115842 0.177426 0.6371
0.124954 0.198497 0.7274
-0.219001 0.141304 0.770236
-0.137469 0.139505 0.776523
-0.302553 0.106644 0.867741
-0.0224604 0.026363 0.181805
0.294177 0.154444 0.481613
0.170011 0.180692 0.718087
0.897056 -0.120987 1.74575
-0.673916 -0.0964188 1.0693
0.910866 -0.0775006 1.78722
-0.253722 0.0693505 0.306459
-0.383917 0.121533 0.980703
0.365928 -0.272576 0.951551
0.731516 -0.0317005 1.37613
-0.0565897 0.0351052 0.178264
0.747055 -0.0969561 1.39795
0.257991 0.193035 1.15027
-0.423774 0.101669 0.900445
-0.338361 -0.331197 1.05392
-0.164092 0.0701901 0.294686
-0.0114837 0.0409545 0.182519
0.514289 0.0971957 0.995148
-0.19694 0.0815689 0.872112
-0.530199 -0.181951 1.11221
0.423923 0.226027 1.13826
0.691742 -0.111931 1.40842
-0.0640183 0.0292189 0.177765
0.30024 0.143865 0.475543
0.112884 0.179929 0.66093
-0.0150159 0.0251151 0.184455
-0.475912 0.188554 0.903434
0.488102 0.094564 1.06439
0.538265 0.0988335 1.08027
0.502029 -0.335707 1.21804
-0.205512 0.187985 1.17174
0.0374525 0.0901397 1.19727
0.477561 -0.205168 0.892112
0.498419 -0.262343 1.02083
-0.375405 0.0983121 0.977991
-0.127897 0.0938943 0.680011
-0.152544 0.11735 0.846218
-0.299646 0.0991942 0.810371
0.65834 -0.0693137 1.49609
0.320166 -0.164212 1.26629
0.00408504 0.0264583 0.186264
-0.280019 0.0648058 0.31755
-0.30263 0.0558939 0.350793
-0.0595121 0.12608 0.884465
-0.218819 0.140551 0.769993
-0.00335661 0.0391877 0.184504
-0.0771417 0.0645262 0.374324
0.492644 0.103238 1.09374
-0.378003 0.101919 0.851825
-0.0534437 -0.145259 1.4461
-0.466981 0.208398 0.962792
0.172392 0.188425 0.601798
0.33357 0.260912 0.999867
0.498992 -0.244581 0.789234
-0.592183 0.166895 0.912005
-0.0177928 0.024515 0.170535
-0.287418 0.07424 0.772525
-0.272361 0.0742538 0.340744
0.247292 -0.108385 1.42371
0.375155 0.110002 0.478799
-0.384245 0.103114 0.82146
0.336161 0.16776 0.473471
0.385551 0.0830651 0.458502
-0.30651 0.179024 0.872651
0.609989 -0.104691 1.03397
-0.0150908 0.041555 0.176178
-0.00492372 0.0446509 0.178251
-0.00428372 0.0283729 0.189048
0.00394176 0.0285414 0.18142
0.399461 -0.167313 1.28934
0.397538 -0.164708 1.26452
0.189151 0.193689 0.742511
0.271481 0.138987 0.476454
-0.472583 0.105546 0.941757
-0.0780598 0.0313269 0.174664
0.00357496 0.0263512 0.17083
-0.00731697 0.0320021 0.181564
0.125334 0.139671 1.36592
-0.224699 0.0980406 0.778865
-0.444916 0.16497 0.876326
-0.385399 0.108653 1.01363
0.312165 0.0503401 0.518939
-0.0747234 -0.123694 1.20144
0.0162716 0.0779263 0.86518
0.186297 -0.107876 1.39951
-0.135323 0.130411 0.784659
0.415402 0.254573 1.24545
-0.300831 0.127735 0.88094
0.29165 0.149472 0.505427
0.0836111 -0.129856 1.22761
-0.512963 0.205089 0.978823
0.40343 0.204449 1.27155
-0.0630441 0.026649 0.178005
-0.067153 0.0275019 0.180441
-0.670693 -0.0905372 1.05676
-0.0676605 0.0260517 0.175342
-0.369497 0.0948318 0.959036
-0.238439 0.166113 0.791122
-0.308327 0.145928 0.869236
0.502813 -0.265532 1.03161
0.375965 -0.0434975 0.473955
-0.284647 0.0789235 0.837719
0.325613 0.104182 0.5681
-0.154483 0.18198 0.807229
0.120813 -0.101754 1.54929
-0.186896 0.139381 0.743103
-0.366072 0.183164 0.902253
0.198569 0.21979 0.854667
-0.347525 0.191672 0.944004
-0.224589 0.166989 0.7797
-0.300904 0.111027 0.800094
-0.402091 0.183408 0.944949
0.210562 0.24662 0.929779
-0.664546 0.0254453 1.10031
0.10954 0.093302 1.30859
-0.255065 0.138213 1.01792
0.372133 0.0616103 0.465858
0.355592 0.102531 0.437928
0.386012 0.0909864 0.454796
0.403649 0.0866651 0.470401
0.316636 0.0900456 0.432137
1.08915 -0.00460261 2.19219
0.423219 -0.253014 1.03031
-0.402572 0.161604 0.926129
-0.220435 0.144028 0.777874
0.359121 0.0766453 0.449362
-0.0664898 0.140512 1.32499
-0.384406 0.198376 0.819956
-0.386625 0.124618 0.986052
0.660717 0.137688 0.891987
0.350621 -0.0424697 0.441371
-0.218635 0.128124 0.749106
-0.283973 0.0890283 0.86776
-0.367726 0.0808053 0.835749
-0.419178 0.100313 0.890682
0.659781 0.137723 0.887283
0.654607 0.136192 0.881501
-0.290838 0.107387 0.841958
-0.105347 0.103185 1.46287
0.766125 -0.0437623 1.28669
-0.218322 0.112113 0.875533
-0.278776 0.149625 0.936415
-0.446636 0.19596 0.919029
-0.165146 0.133015 0.697008
-0.294664 0.182385 0.875593
-0.301217 0.187765 0.898752
0.412887 0.220544 1.07751
0.578139 0.159963 0.96264
-0.148572 0.164714 0.725378
-0.310905 0.185379 0.787874
-0.414838 0.178539 0.936549
0.353184 0.137737 0.429293
-0.200088 0.0900786 0.85238
0.609563 -0.0519649 1.36332
0.270706 0.073461 0.899377
-0.116028 0.0601059 0.793514
0.375019 0.0794928 0.470574
0.39322 -0.0444532 0.49553
0.285114 0.144492 0.485764
-0.21119 0.15059 0.732199
0.0864839 0.318731 2.74458
-0.236719 0.146887 0.895151
-0.384485 0.19553 0.959281
-0.285213 0.0832759 0.762149
-0.312495 0.149689 0.877988
-0.181459 -0.256381 0.763606
0.623307 0.104323 0.817013
0.134547 0.203574 0.728979
0.345599 -0.234731 0.777831
-0.0459864 -0.0161722 0.611318
0.533456 -0.257264 0.84083
-0.460368 0.0785462 0.98976
0.437081 0.0590181 1.11219
-0.0583815 -0.154031 0.868516
-0.119702 0.09915 0.672968
-0.00606181 0.0326683 0.182818
-0.0477349 0.0666851 0.39476
0.0300896 -0.0222896 0.0169368
0.4953 0.0915618 0.964611
-0.219526 0.145321 0.779664
-0.184169 0.0706236 0.260603
0.470316 0.0935199 1.03585
0.439536 -0.166572 0.464396
-0.148074 0.124442 0.794518
0.587301 0.0280593 0.983738
-0.139558 0.0965399 0.735319
0.488224 0.0637437 1.06765
-0.140056 0.178544 0.772831
-0.38617 0.134259 0.840374
0.475682 0.0922415 1.03747
0.723929 0.0385037 1.60754
1.07302 0.369814 1.8417
0.440353 -0.108572 1.02471
0.572266 0.0279925 0.957739
0.685125 0.134235 0.947073
-0.127498 0.184041 0.778777
-0.349634 0.0430949 0.929598
-0.212754 0.159389 0.833803
-0.28486 -0.253278 0.811226
-0.21374 0.0763827 0.282921
-0.501986 0.135076 0.669067
0.174639 0.240623 1.39863
-0.184126 0.173981 0.779156
-0.300185 0.0603559 0.311871
-0.462932 -0.190866 0.482199
-0.0604597 -0.124815 0.834613
0.306106 0.151538 0.537933
0.401843 0.161773 0.728437
0.288488 0.149973 0.495462
0.016992 0.107482 0.768018
-0.117872 0.0932195 0.770827
0.0846565 0.163419 0.667165
0.179243 0.20914 0.966664
0.374102 0.0721606 0.46539
0.377292 -0.266412 0.958888
0.539461 -0.131587 0.907685
-0.0604287 -0.0999632 0.911328
0.355028 0.141378 0.444452
0.146568 0.14597 1.23699
-0.151844 -0.355814 1.02942
0.392807 -0.262127 0.874327
0.157589 0.162676 1.27437
-0.311741 0.0795382 0.896023
0.412229 -0.132995 1.37244
0.388685 0.0903904 0.458352
0.754318 -0.0883178 1.46359
0.102038 0.0748432 1.6675
0.789307 -0.0503554 1.53017
0.0900041 0.206722 0.683216
0.0962948 -0.112125 1.47075
-0.0576828 -0.222746 1.4911
-0.077912 -0.157177 1.04557
-0.141748 -0.154588 0.440474
0.0804568 -0.00207301 0.136051
-0.0119121 0.0890993 0.906167
-0.0537155 0.172423 1.17822
-0.175965 -0.297259 0.872833
-0.0153328 -0.200704 1.24046
-0.0296983 0.0391876 0.252677
-0.134966 0.0617493 0.164407
-0.319558 0.0604178 0.947576
-0.0907481 0.186612 0.754199
-0.219909 0.13492 0.854238
-0.0219699 0.0399952 0.835214
0.218461 0.232154 0.739698
0.166676 -0.110474 0.368889
0.372827 -0.248839 0.909042
0.156816 0.176568 0.700805
0.381095 -0.0157067 1.06211
0.512644 -0.213303 0.955849
0.14266 0.143691 1.2168
0.256385 -0.125591 1.56024
0.360559 -0.120956 1.68502
-0.390233 0.0531396 0.428048
-0.699828 -0.124443 1.0139
0.376902 -0.0365583 1.08081
0.218517 0.232182 0.743357
0.872415 -0.101369 1.47912
0.305529 0.138125 0.451362
0.648736 0.0864681 1.65324
-0.602381 0.0407177 0.973076
-0.180638 0.0546261 0.285651
0.145215 -0.0405424 0.253367
0.0201335 0.138767 1.27943
0.444583 0.234177 0.934087
-0.60629 -0.266911 1.09963
-0.46456 0.108155 0.87902
-0.338157 0.0681998 0.631279
-0.0849698 -0.191249 1.89982
-0.189174 0.082555 0.846829
0.0120925 -0.0531527 0.0788222
0.386612 -0.120573 0.413881
0.390938 0.00867029 1.11571
0.0570214 -0.0524291 0.243805
0.403214 -0.204371 1.32063
0.454164 0.00911586 1.25743
0.0303414 -0.0500704 0.146141
-0.294948 -0.304025 0.968656
-0.0647992 -0.00898437 0.865468
0.433065 0.0353925 1.00829
0.337661 0.193251 0.614277
-0.000795218 0.174082 1.15148
0.79338 0.217632 0.788214
0.0223393 0.112776 1.11797
-0.0536396 0.171374 1.18398
0.275197 0.155383 0.448101
0.201047 0.170813 0.484443
-0.272106 0.0630083 0.307518
-0.013458 0.0370154 0.18203
-0.0778687 0.0427935 0.17416
0.00756872 0.00650597 0.22379
0.331295 0.164936 0.467101
-0.0498962 0.0352534 0.180675
-0.602068 0.0453413 0.976856
0.223186 -0.115804 1.55712
-0.0573842 0.0377479 0.179091
-0.269296 0.0548496 0.390838
-0.165005 0.107625 0.572333
-0.188983 0.0568009 0.29519
-0.313015 0.0529065 0.358249
-0.298746 0.0650305 0.37786
-0.193665 0.0596675 0.304983
-0.0382196 0.0181911 0.158951
-0.729007 0.0164995 1.05581
-0.690801 0.0598775 0.971163
-0.262825 0.10028 0.270943
-0.873486 -0.0821053 0.756763
0.557256 -0.157955 0.603665
0.00911035 -0.134643 0.740193
0.0266679 0.132646 1.02734
-0.0395251 0.0678889 1.47189
-0.264087 0.0818128 0.279353
-0.171353 0.0713377 0.306055
-0.107398 0.093533 0.620738
-0.291947 0.0565338 0.142672
-0.261663 0.0552729 0.124927
-0.267168 0.0879529 0.205535
-0.264784 0.0501291 0.0960658
-0.130377 0.0819721 0.175907
-0.0105772 0.0642544 0.180143
-0.0371754 0.0215611 0.175189
-0.0109183 0.0509957 0.182495
-0.179308 0.0871183 0.316312
-0.0601383 0.0875802 0.261554
-0.0107593 0.0444329 0.157731
-0.119915 0.0694901 0.152641
-0.036875 0.067013 0.18356
-0.127089 0.076717 0.167299
-0.0303481 0.0663743 0.178353
-0.110029 0.0915696 0.17368
-0.104648 0.0822153 0.201876
-0.139984 0.0991734 0.164162
-0.0363245 0.0671274 0.182946
-0.122353 0.0741844 0.156955
-0.0408398 0.088679 0.192002
-0.0991561 0.0978951 0.198353
-0.107963 0.0916956 0.178854
-0.0901325 0.0779224 0.171699
-0.0230249 0.0527651 0.181563
-0.0901004 0.0786368 0.173342
-0.269835 0.0937272 0.190079
-0.368912 0.0532748 0.229584
-0.552069 0.0310731 0.655673
-0.247337 0.068079 0.244225
0.122936 -0.0401825 1.65171
0.0462898 0.0624456 0.256503
0.415862 0.0336592 1.04322
-0.621282 0.191932 1.21314
-0.404025 0.126939 0.845525
-0.0252881 0.0399179 0.231676
-0.515326 0.19373 0.894847
-0.156879 0.0529771 0.742669
0.539615 0.076571 1.10137
0.447249 0.129521 0.55596
-0.261582 0.0795562 0.300374
-0.316082 0.0465924 0.257085
-0.256615 0.0754648 0.30483
-0.287987 0.0504873 0.294366
-0.355239 0.181076 0.753388
-0.344914 0.199098 0.971177
0.390153 0.223128 1.24828
0.190935 -0.0826967 0.826064
-0.314876 0.200354 0.981436
-0.0876221 0.0307285 0.169347
-0.236101 0.0735476 0.294541
0.312506 0.208172 1.23669
0.472906 0.204289 1.57902
0.583347 -0.100304 0.974765
0.323362 0.139343 0.442656
0.258866 0.175769 0.432449
0.340857 0.234825 0.557219
0.114434 -0.101663 1.51155
0.00501313 0.115645 1.1023
0.324261 0.156158 0.562331
0.00651837 0.208371 1.36825
0.38062 0.180101 0.48409
0.382815 -0.249586 0.837366
-0.273426 0.0675348 0.313248
-0.285817 0.0827068 0.316665
0.0534189 0.177826 0.516515
-0.745246 0.195115 1.03806
-0.300669 0.0562469 0.347971
-0.215104 0.0727439 0.28633
-0.0588639 -0.272391 0.899872
-0.0836989 0.0330896 0.172231
-0.194706 0.0795818 0.274657
-0.172836 0.0746501 0.275581
-0.27824 0.073095 0.315767
-0.774723 -0.134072 0.904816
-0.377481 0.0409687 0.236838
-0.378246 0.0191286 0.271564
-0.377778 0.148662 0.853358
-0.297174 0.0654339 0.530483
-0.0905981 0.0462987 0.172028
-0.1108 0.0633799 0.802267
-0.0434264 0.0362489 0.184637
-0.0203374 0.0350724 0.180141
0.00109483 0.0994502 1.58287
-0.788013 -0.0446463 0.797152
-0.335829 0.142792 0.95886
-0.53018 -0.0719344 0.532949
-0.266694 0.0833221 0.217544
-0.172101 -0.0283891 0.115436
-0.282899 0.0562025 0.134467
-0.250463 0.0692292 0.148487
-0.0257197 0.0224933 0.166857
-0.259636 0.0957914 0.279072
-0.0267141 0.0241726 0.179642
-0.269506 0.0834087 0.218776
-0.346054 0.0239422 0.270985
-0.346921 0.0568642 0.241138
-0.259811 0.0791366 0.245405
-0.343525 0.0563205 0.238096
-0.322648 0.0449434 0.237789
-0.292721 0.0451553 0.258277
-0.339253 0.0626361 0.233886
-0.314954 0.0126768 0.270303
-0.364906 0.0333398 0.281445
-0.215849 0.0806594 0.267817
-1.35204 0.607262 2.80418
-0.172505 0.07377 0.274293
-0.31802 0.0474118 0.257943
-0.180724 0.0815242 0.263356
-0.353001 0.0188918 0.286628
-0.237792 0.0889912 0.235691
-0.602617 -0.203292 0.605817
-0.63457 -0.178952 0.637144
-0.24915 0.0471541 0.144998
-0.805313 -0.12855 0.732557
-0.794898 -0.125858 0.723228
-0.516822 -0.148618 0.507252
-0.552876 -0.187658 0.552549
-0.260192 0.0777341 0.249091
-0.279929 0.0590188 0.261951
-0.0668266 0.0279401 0.176762
-0.539547 -0.0856471 0.929617
0.37087 -0.240292 0.826222
0.626343 -0.172558 0.682504
-0.0560999 0.106609 1.04106
0.281699 0.141836 0.477987
-0.0682073 0.0376095 0.175946
0.0538622 0.179149 0.472505
-0.594322 0.143426 0.93185
0.0857294 0.205046 0.666126
-0.0599318 -0.185289 0.865412
-0.0857518 0.0343685 0.172282
-0.471226 0.170454 0.806926
-0.420673 0.0662866 0.224085
-0.218682 0.0899222 0.241496
-0.255053 0.0582684 0.140676
-0.45806 0.0600052 0.440804
-0.250774 0.0966482 0.171653
-0.239979 0.0749069 0.23691
-0.225477 0.0814532 0.149986
-0.238831 0.08577 0.181117
-0.520926 0.181698 0.887398
0.364287 -0.259286 0.913338
-0.542011 -0.00887785 0.886036
-0.280608 0.0575729 0.729056
-0.0526084 -0.160261 0.795041
0.0248484 0.214025 1.3467
-0.0567539 -0.283918 0.821843
-0.620675 0.170566 0.917153
-0.52535 0.20583 0.997853
-0.692021 0.153763 0.967751
-0.580221 0.178819 0.910116
-0.240252 0.0667995 0.193838
-0.207014 0.0549842 0.14382
-0.11577 0.0574646 0.152215
-0.0509134 0.0520981 0.142316
-0.115968 0.0573797 0.152153
-0.258075 0.0878118 0.235396
-0.360086 0.0284391 0.251472
-0.0582552 0.0623526 0.177483
-0.302377 0.0482388 0.112296
-0.348328 0.0228608 0.273073
-0.212853 0.0843551 0.234062
-0.248155 0.0800882 0.216218
-0.214309 0.0950088 0.232767
-0.0353724 0.0559324 0.185448
-0.31536 0.0977572 0.233292
-0.115325 0.0573331 0.151593
-0.28337 0.0529083 0.136188
-0.93832 -0.16038 0.514871
-0.690123 -0.189595 0.699814
-0.863082 0.0399683 0.579126
-0.933102 -0.0442228 0.506523
-0.974571 -0.0534895 0.543723
-0.728951 -0.0277135 0.88428
-0.719939 -0.113212 0.762287
-0.799067 0.00756347 0.492998
-0.724854 -0.0804536 0.770958
-0.870663 -0.0181771 0.514511
-0.169051 0.0815367 0.286002
-0.285498 0.077121 0.207971
-0.355683 0.030675 0.269961
-0.939327 -0.152461 0.514117
-0.442988 0.041109 0.48869
-0.591965 -0.105112 0.825496
-0.784323 -0.119615 0.72381
-0.595167 -0.200752 0.596422
-0.381918 0.0541344 0.200177
-0.26042 0.080556 0.205559
-0.631552 -0.155883 0.328658
-0.880849 -0.0488864 0.571891
-0.927082 -0.0557512 0.600062
-0.292178 0.0577637 0.254371
-0.617108 -0.0215389 0.230584
-0.80364 0.0195013 0.424215
-0.801843 -0.00642418 0.531993
-0.623772 -0.0257865 0.740837
-0.301459 0.0500291 0.272277
-0.297968 0.0536258 0.308188
-0.771604 -0.179171 0.416833
-0.28837 0.0440728 0.253263
-0.537094 -0.0298463 0.520009
-0.666739 -0.0352592 0.658606
-0.725474 0.0129212 1.00544
-0.0707036 0.0396846 0.175552
-0.264239 0.0853022 0.238146
-0.0297158 0.0658407 0.177788
-0.0138111 0.0936759 0.225713
-0.0416815 0.0277648 0.205755
-0.185757 0.119609 0.245447
-0.15839 0.110234 0.16917
-0.0411174 0.0918328 0.198823
-0.084407 0.0979169 0.197578
0.00320738 0.0836596 0.187628
-0.159331 0.110799 0.171119
-0.0794647 0.0691139 0.183602
-0.0110039 0.0820928 0.192623
-0.10969 0.0978904 0.170287
-0.040006 0.0842604 0.157863
-0.141186 0.099215 0.164001
-0.113055 0.101085 0.178278
-0.0521024 0.0903225 0.193417
-0.227765 0.0673543 0.176036
0.000250055 0.0742159 0.161722
0.000220758 0.0687918 0.191575
-0.0809121 0.102778 0.19669
-0.0410112 0.101365 0.196229
-0.0130337 0.0741612 0.172625
-0.139482 0.0986276 0.16393
-0.133925 0.0587195 0.157521
-0.0406651 0.093185 0.178006
-0.0607418 0.0799738 0.166414
-0.0125722 0.0571388 0.184536
-0.169462 0.119988 0.188253
-0.0502307 0.0861712 0.183965
0.00631441 0.0748669 0.151269
-0.125938 0.0956212 0.228076
-0.0500544 0.0856142 0.182672
-0.0522281 0.0993128 0.200773
-0.0824882 0.0861203 0.196974
-0.134485 0.0632757 0.174124
-0.126126 0.101416 0.155088
-0.141488 0.0723811 0.166453
-0.0899736 0.10138 0.144921
-0.349372 0.0149657 0.280682
-0.58829 -0.236814 0.595592
-0.7608 -0.186579 0.671255
-0.31867 0.202569 0.814869
-0.0897724 0.19834 0.799394
-0.0656835 0.195737 0.828545
-0.523444 -0.184074 0.56732
-0.377719 0.0911411 0.264523
-0.296695 0.0549705 0.163323
-0.308493 0.1022 0.251157
-0.287726 0.0508615 0.294378
-0.582384 -0.170043 0.640316
-0.284126 0.0555078 0.244678
-0.537608 -0.187785 0.583907
-0.400284 0.0969235 0.524749
-0.504432 0.136272 0.684926
-0.475029 0.12417 0.639097
-0.369679 0.0175494 0.263514
-0.457261 0.0145151 0.339477
-0.342991 0.0544856 0.174188
-0.273147 0.0776083 0.301872
-0.460056 -0.0840503 0.481205
-0.356022 0.0174856 0.288089
-0.388035 0.0567962 0.202656
-0.251627 0.0813153 0.22512
-0.35324 0.0629162 0.224084
-0.341959 0.0197992 0.267034
-0.0430316 0.0355151 0.181371
-0.678556 -0.275776 0.957072
-0.0266254 0.0272229 0.183203
-0.091329 0.0282651 0.183993
-0.0854054 0.0492198 0.17246
-0.215786 0.0776093 0.284704
-0.287456 0.0515559 0.292542
-0.248777 0.0746056 0.247835
-0.132368 0.104196 0.795241
-0.38505 0.063401 0.959989
-0.192834 0.102262 0.257485
-0.254932 0.0755971 0.265633
-0.242939 0.0739467 0.31064
-0.106944 -0.0268126 0.836809
-0.0865922 0.0288583 0.166481
-0.169624 0.108081 0.292657
-0.278629 0.0534972 0.236157
-0.368813 0.0319579 0.258945
-0.288301 0.0688282 0.210674
-0.334209 0.0504963 0.235377
-0.223595 0.0845128 0.24962
-0.360742 0.0318218 0.251723
-0.316762 0.00300589 0.230593
-0.328281 0.0499379 0.232304
-0.371255 -0.00354886 0.249275
-0.293423 0.0119983 0.197539
-0.318054 0.0278283 0.299917
-0.17054 0.082494 0.295138
-0.305991 0.0593404 0.235568
-0.280224 0.0468435 0.270497
-0.361909 0.0109891 0.270416
-0.222162 0.0843525 0.249403
-0.434406 0.107597 0.566697
-0.397515 0.0542375 0.248544
-0.300027 0.0719342 0.197157
-0.34242 0.0207969 0.267534
-0.26646 0.100476 0.290234
-0.186493 0.178921 0.797939
-0.0695042 0.0382928 0.174482
-0.0714681 0.134233 0.578406
-0.0763967 0.0212824 0.17132
-0.251724 0.0678278 0.303116
-0.0772226 0.0287382 0.174793
-0.165051 0.0961496 0.28835
-0.0909894 0.0611551 0.171268
-0.166866 0.0922705 0.290953
-0.287747 0.0510508 0.293327
-0.287114 0.0657075 0.29604
-0.054469 0.0280412 0.17608
-0.214838 0.0613913 0.301065
-0.65932 -0.0748113 1.02725
-0.330468 0.0438856 0.857461
0.0474323 0.16374 0.482231
0.118879 -0.185269 1.80862
-0.0179706 0.030065 0.18195
0.598154 0.112225 1.2096
0.356069 0.100557 0.475638
0.0712278 0.0810187 0.16004
0.0305467 0.0190722 0.0529012
0.0774449 0.0945683 0.23595
-0.019352 0.034939 0.155051
-0.0376003 0.0291578 0.198243
-0.0104681 0.081111 0.190478
0.572495 0.0254234 0.964686
-0.0329934 0.022338 0.178161
0.00420198 0.0547667 0.183644
-0.197358 0.0808318 0.263448
-0.0527342 0.0239031 0.177201
0.0656502 0.0623843 0.134761
0.0720011 0.0623103 0.161854
0.0200711 0.0563298 0.131933
-0.0362354 0.0588133 0.17748
0.0202229 0.0565057 0.132448
-0.0772952 0.0418831 0.171487
0.131935 0.0844121 0.230454
0.111646 0.0681295 0.127642
-0.0297519 0.050126 0.181589
-0.0245887 0.0460537 0.183358
0.889892 -0.201777 0.997429
0.532862 -0.132296 0.543272
0.730654 -0.175629 0.815921
0.75338 -0.182672 0.846125
-0.165651 0.125468 0.361981
-0.0803854 0.0592719 0.213081
-0.205133 0.0804367 0.310853
-0.253675 0.0743504 0.239632
-0.345917 0.0567454 0.217073
-0.379489 -4.38361e-05 0.271409
-0.164451 0.0018752 0.0532931
-0.256701 0.0757639 0.243909
-0.176827 0.0709034 0.26447
-0.293088 0.0685555 0.191153
-0.329805 0.00161473 0.268123
-0.254301 0.0763505 0.206038
0.00264116 0.0559182 0.183807
0.00398947 0.0578042 0.190802
0.00106844 0.0760948 0.176968
-0.0413317 0.0888355 0.192915
-0.12015 0.0797465 0.14905
-0.0879513 0.0945953 0.168806
-0.111675 0.100046 0.175899
0.00131331 0.0477518 0.18443
-0.110077 0.0785812 0.15133
-0.107872 0.0949454 0.164724
-0.0406089 0.0250305 0.189241
-0.183408 0.102257 0.246126
-0.011552 0.0360361 0.183121
-0.28338 0.0548366 0.24185
-0.382276 0.0603803 0.241899
-0.198361 0.0817187 0.266951
-0.235364 0.0703803 0.298359
-0.349878 -0.0128896 0.235416
-0.616931 0.0117242 0.519724
-0.392764 0.167552 0.816722
-0.118302 -0.0174899 0.834565
-0.00760285 0.0516337 0.18528
-0.340504 0.0654503 0.217231
-0.326325 0.0738773 0.219116
-0.0141622 0.0553842 0.185175
-0.168066 0.123788 0.54873
-0.225826 0.189549 0.777796
-0.219155 0.148764 0.781838
-0.291665 0.0853208 0.320683
-0.41199 -0.00998646 0.289988
-0.204492 0.0868472 0.264589
-0.331977 0.0511971 0.22651
-0.26314 0.0906748 0.234791
-0.312386 0.0457703 0.2542
-0.244049 0.0762179 0.244308
-0.232928 0.0701404 0.226533
-0.390798 0.00156063 0.278559
-0.225305 0.0858955 0.253263
-0.330679 0.0463958 0.234061
-0.328261 -0.116428 0.977939
-0.486386 -0.0824334 0.838417
-0.290652 0.201027 0.843886
-0.111853 0.0752959 0.180239
-0.241629 0.0702971 0.273126
-0.0595187 0.0797535 0.181826
-0.273674 0.0503154 0.145403
-0.373461 -0.00134748 0.259473
-0.210909 0.0903153 0.265992
-0.313023 -0.00654637 0.235599
0.343456 0.135235 0.425565
-0.0601776 -0.099696 0.858245
-0.054553 -0.268893 0.771367
-0.0602718 0.0300479 0.178455
0.491533 0.219343 0.986817
0.168157 0.0185376 0.56125
-0.0570217 0.0352711 0.179081
-0.0476576 -0.14898 0.677086
-0.0232677 0.0452436 0.152853
-0.107662 0.104358 0.14406
-0.109864 0.101021 0.148232
0.00488549 0.079466 0.163732
0.470515 -0.0897148 0.909296
-0.0225777 0.0472616 0.18031
-0.0839733 0.0391186 0.172312
-0.530533 -0.181005 1.11101
-0.904396 -0.0530738 0.58435
-0.863003 -0.197131 0.472721
-0.30945 0.0512979 0.279198
-0.671995 -0.00322591 0.256167
-0.758053 0.0621796 0.765931
-0.775303 0.134304 0.398333
-0.764936 -0.129185 0.493446
-0.805127 -0.132307 0.519738
-0.608789 -0.180779 0.255867
-0.837312 -0.136678 0.543882
-0.359686 0.0344882 0.281708
-0.624299 -0.185169 0.264199
-0.968278 -0.0499759 0.544354
-0.781524 -0.0437724 0.410698
-0.523715 0.0791598 0.20118
-0.213587 0.0939182 0.229794
-0.877956 -0.200265 0.483323
-0.808535 0.150035 0.340977
-0.637981 -0.188769 0.271063
-0.308508 0.0735688 0.204699
-0.283575 0.0637031 0.183396
-0.770561 0.133043 0.395119
-0.0662785 0.0265303 0.170817
-0.230853 0.0473028 0.0785719
-0.077697 0.0439678 0.175878
-0.224403 0.0445589 0.0746658
-0.793354 -0.132531 0.515033
-0.252404 0.0929679 0.253835
-0.85145 -0.137205 0.474894
-0.663842 -0.0510504 0.66558
-0.265883 0.069155 0.126245
-0.272552 0.0813899 0.211883
-0.381853 0.00351248 0.302247
-0.0796563 0.0482313 0.175781
-0.266885 0.0693227 0.126644
-0.269877 0.0705386 0.128686
-0.302112 0.0567346 0.233017
-0.0356663 0.0578348 0.191933
-0.176472 0.116206 0.233543
-0.255082 0.0940773 0.199797
-0.233917 0.0486869 0.0812442
-0.385966 0.0374514 0.358229
-0.277298 0.0547299 0.161349
-0.354849 0.0616392 0.854797
-0.408093 -0.0782536 0.411392
-0.632913 -0.0114789 0.263002
-0.293384 0.090631 0.219499
-0.281875 0.0882949 0.20924
-0.25905 0.0874674 0.231562
-0.261765 0.0723426 0.141809
-0.234287 0.0479809 0.0818527
-0.880301 -0.139379 0.562475
-0.904434 -0.153396 0.494815
-0.695524 0.116799 0.352631
-0.731834 0.0151466 0.379797
-0.818677 0.144374 0.423918
-0.687124 -0.00236337 0.262287
-0.255333 0.0705075 0.308256
-0.708665 0.0131383 0.364283
-1.00592 -0.0624662 0.65453
-0.902431 -0.0380426 0.485481
-0.716344 -0.172585 0.47459
-0.629925 -0.0771411 0.658986
-0.867747 -0.137573 0.503278
-0.620248 -0.0114241 0.256079
-0.821971 -0.138726 0.443755
-0.747249 0.0157159 0.388134
-0.782994 0.00742134 0.544258
-0.806838 -0.0869555 0.429283
-0.597454 0.0349439 0.584416
-0.321424 0.0103444 0.277073
-0.839585 -0.14275 0.455288
-0.620556 -0.0368341 0.610142
-0.25627 0.0705322 0.141872
-0.90433 0.0203246 0.93387
-0.742953 -0.0718556 0.765305
-0.698868 -0.0362166 0.694445
-0.345378 0.011537 0.252766
-0.715077 -0.0071229 0.304543
-0.51654 -0.00723672 0.867013
-0.701802 0.0199362 1.01514
-0.275522 0.0526286 0.14852
-0.298028 0.0690147 0.217677
0.644865 0.12129 1.31421
0.0362655 0.057231 0.183803
-0.147063 0.116897 0.799152
0.282864 -0.0186511 0.547406
0.501293 -0.224359 0.943403
0.602117 0.0184018 1.00475
0.353473 0.0776377 0.419049
0.0669097 0.0545097 0.159034
-0.0662072 0.0628621 0.0940235
0.0337495 0.0842675 0.174693
-0.0114641 0.0842365 0.127688
-0.104502 0.0702013 0.217443
-0.0717823 0.0707018 0.109749
0.0556012 0.0669363 0.122655
0.0376828 0.0598043 0.187294
0.0504932 0.0672835 0.118456
0.0701997 0.0557705 0.163423
-0.00556497 0.0451304 0.0769714
-0.040471 0.0936768 0.123037
-0.0470219 0.0887649 0.101463
0.0501106 0.0621044 0.111782
0.0096934 0.0829306 0.106124
0.105684 0.0891516 0.196671
-0.0518613 0.107837 0.133794
0.0668055 0.062799 0.112738
-0.0504739 0.101376 0.123583
0.0315504 0.0833534 0.171655
-0.0293994 0.0920504 0.114004
0.0685341 0.0843945 0.155855
-0.00712285 0.103991 0.149439
0.0679996 0.0841565 0.15493
0.0409496 0.10098 0.205471
-0.0968644 0.0843407 0.140313
-0.112049 0.100565 0.176735
0.0226014 0.0948028 0.158321
-0.10801 0.0766593 0.147049
-0.00174826 0.0895813 0.140721
-0.0232791 0.100534 0.180096
-0.0132021 0.076063 0.178386
0.0298246 0.0948755 0.155234
0.0463461 0.133276 0.254332
-0.17018 0.0814752 0.297234
-0.0410281 0.107903 0.211411
0.00751109 0.0967447 0.150375
-0.0744336 0.0912945 0.128301
-0.0105333 0.0911737 0.142081
-0.0384811 0.112903 0.181177
-0.0571899 0.100254 0.140967
0.0253481 0.0947553 0.176977
-0.0401598 0.0907233 0.117844
-0.0764446 0.0772948 0.17277
-0.02895 0.102646 0.15235
-0.0108013 0.10229 0.214231
-0.111856 0.0807519 0.156003
0.0400757 0.086209 0.162869
-0.0934204 0.093503 0.18075
-0.0687338 0.09123 0.104605
-0.0099183 0.105842 0.222837
0.0321896 0.0854071 0.174733
0.0224511 0.150288 1.36491
-0.562874 -0.169059 0.616181
-1.06346 0.0538786 0.936424
-0.561829 -0.168336 0.611341
-0.288307 0.0482536 0.277867
-0.635963 0.235517 1.10136
-0.210722 0.0716577 0.278606
-0.0629645 -0.11667 0.882388
0.014776 -0.204524 1.20535
-0.238605 0.0676668 0.301273
-0.0184043 0.0473239 0.185234
-0.0499444 0.0354179 0.18025
-0.265976 0.05459 0.12484
-0.239087 0.0887595 0.172656
-0.257693 0.0704623 0.136564
-0.260614 0.0872206 0.238921
-0.123028 0.0745132 0.159018
-0.255304 0.0474763 0.0909475
-0.270939 0.0642707 0.147086
-0.0782977 0.0679615 0.175887
-0.215697 0.0967235 0.236428
-0.817756 -0.128003 0.748365
-0.379013 0.0551608 0.223502
-0.241165 0.108836 0.163284
-0.221808 0.110014 0.284784
-0.261452 0.0722187 0.141468
-0.347551 0.0564518 0.240759
-0.936071 -0.0504157 0.522639
-0.928463 -0.145854 0.606581
-0.388329 0.0546536 0.227387
0.674083 -0.0689581 1.51834
-0.049771 0.0713358 0.381674
0.118666 0.226195 0.570472
-0.00785113 0.0557144 0.187279
-0.0296337 0.058413 0.187732
0.0624636 0.0779947 0.143682
0.0723958 0.0581016 0.161819
-0.0302408 0.068927 0.183911
-0.0696689 0.113849 0.209637
0.0837977 0.0583894 0.167164
0.398433 0.084928 0.461366
0.00411887 0.0559834 0.187639
0.190259 -0.0228485 0.225276
0.16134 -0.00386874 0.18967
0.27928 0.186691 0.499902
0.102044 -0.00601322 0.0990739
0.339205 0.146206 0.460358
0.333843 0.057348 0.413
0.230476 -0.0215439 0.278662
0.312235 0.137478 0.442829
0.351857 0.058031 0.689045
0.357545 0.102738 0.439239
0.414191 -0.170112 1.34829
-0.0587701 -0.328755 0.997232
0.00536176 -0.0266991 -0.0067512
0.171913 0.187684 0.745641
-0.180057 0.077782 0.279838
-0.0606469 -0.244503 0.929794
-0.109818 0.0623031 0.152688
-0.149189 0.0788122 0.18209
-0.107136 0.0755647 0.144173
-0.325288 0.112979 0.596369
-0.0217701 0.0521586 0.190484
-0.826175 0.0484801 1.00104
-0.0525759 0.0254646 0.183874
-0.0776874 0.080724 0.17974
0.365118 0.0833935 0.429522
0.644793 0.13351 0.863818
0.082936 0.0581459 0.165982
-0.426031 0.135342 1.07039
0.0560044 0.0722325 0.169924
-0.00588971 0.0488788 0.157689
0.196359 -0.0208936 0.232875
0.213233 -0.0197034 0.255806
-0.0617186 0.0299171 0.178865
-0.187736 0.0679378 0.912953
0.00496308 0.0271863 0.181544
-0.0223463 0.0266781 0.182822
-0.0132511 0.0373391 0.182894
0.576656 -0.0370406 1.11496
0.043312 0.0947316 0.230272
0.371149 -0.0119489 1.06966
-0.331768 0.0511056 0.272566
-0.513594 0.021694 0.706594
0.622768 -0.0239935 1.26038
-0.0652423 0.0291696 0.177134
0.347107 0.0970627 0.572176
-0.021272 0.0480768 0.182751
-0.0302561 0.0789366 0.184393
-0.0968163 0.100232 0.148919
-0.0662679 0.0359404 0.177005
-0.0763585 0.0691378 0.391781
0.0702291 0.0448399 0.11848
-0.0320386 0.0484775 0.291722
-0.128734 0.0991475 0.901966
0.607701 -0.14597 0.632916
0.486898 0.130853 0.808994
0.574468 0.0282674 0.963681
-0.040741 -0.14511 0.907867
0.100866 -0.154913 1.44892
0.582355 -0.145783 0.650169
0.0645683 -0.0297959 0.103787
0.407133 0.157159 0.466575
0.537102 0.292514 1.00159
-0.0884049 0.0499471 0.174465
-0.000537622 0.0469739 0.188359
0.150653 0.0749123 0.268074
-0.0373966 0.0588668 0.188105
-0.0254571 0.0200827 0.155154
-0.100227 0.0640506 0.517523
0.565765 -0.275886 0.912804
-0.215776 -0.315221 0.969524
-0.022691 0.0267045 0.181617
0.0472696 0.0597036 0.105657
0.0263348 0.102344 0.17462
0.0063049 0.102164 0.226952
0.0070649 0.0807949 0.167465
-0.000417265 0.060375 0.116669
0.00228337 0.0988247 0.181264
0.0499533 0.0880513 0.162309
0.0700361 0.0942596 0.173263
0.0653081 0.0938854 0.171567
-0.0101545 0.0631397 0.179097
0.0326941 0.0844562 0.173114
-0.0160955 0.103497 0.184109
-0.106027 0.101497 0.21333
-0.00643833 0.0901578 0.146303
-0.0028428 0.0852813 0.132761
-0.018738 0.0909314 0.148918
0.0326677 0.109164 0.209332
-0.0482682 0.0789125 0.182274
0.253725 0.182674 1.08562
0.00136128 0.0338122 0.181998
-0.077805 0.0290726 0.168024
0.516027 0.269539 1.38378
-0.012053 0.0324625 0.183545
-0.509841 0.183769 0.880383
-0.217345 0.181595 0.745634
-0.418871 0.0868972 0.891115
0.00835379 0.0369442 0.185225
-0.215825 0.0871561 0.219474
-0.246203 0.0710584 0.184745
-0.242478 0.0918558 0.199027
-0.22521 0.0925117 0.295927
-0.262034 0.0987338 0.286112
-0.0798337 0.0446125 0.173986
-0.252391 0.0765204 0.283901
-0.267744 0.0850233 0.312541
-0.184655 0.112788 0.255506
-0.281915 0.0895375 0.212218
-0.231356 0.111753 0.181523
-0.0026197 0.0283679 0.193279
-0.0812179 0.0319034 0.175441
-0.270399 0.0818343 0.229351
-0.0354251 0.0433092 0.183193
-0.264618 0.0813346 0.22818
-0.193445 0.0813172 0.264382
-0.0857006 0.0407056 0.172192
-0.174969 0.104157 0.318582
-0.332298 0.181644 0.891747
-0.303188 0.0891211 0.825919
0.00354385 0.058195 0.194694
0.022766 -0.0813834 0.187499
-0.0208372 0.0510486 0.197736
-0.189668 0.0843305 0.363993
0.00468072 0.0789855 0.163047
0.457903 -0.0502683 1.02503
-0.127284 0.0600368 0.16343
-0.0564798 0.0315334 0.194123
-0.0897689 0.0499873 0.18592
-0.0786402 0.0807811 0.181813
-0.0477793 0.032277 0.240144
-0.117043 0.061611 0.151555
-0.206628 0.101361 0.223345
-0.0653982 0.0276944 0.111573
-0.0324798 0.0337261 0.180546
-0.0875469 0.0517661 0.290408
0.556718 -0.0111037 0.95238
-0.0145677 0.0841777 1.30467
0.374064 -0.25545 0.852109
-0.0183089 0.0323905 0.182757
0.173467 0.116092 1.42433
-0.282248 0.0559761 0.13375
-0.30727 0.0563035 0.167376
-0.254483 0.0707888 0.145025
-0.0337768 0.0252226 0.19168
-0.0811095 0.0488076 0.172734
-0.0115844 0.0736901 0.201087
-0.104314 0.0827547 0.203166
-0.0513239 0.0444604 0.149253
0.0623924 0.0448714 0.110412
0.0567704 0.04732 0.106633
-0.0277546 0.0432258 0.183294
-0.0324075 0.0209254 0.168591
-0.0364991 0.055137 0.184166
0.00153804 0.0483913 0.187845
0.0861086 0.0558637 1.10221
-0.0904138 0.0507997 0.176092
-0.0316297 0.0355829 0.185697
-0.00205859 0.0578841 0.197674
-0.0270539 0.0270629 0.190425
0.0508073 0.0687746 0.168416
0.610195 -0.103754 1.01983
0.310489 0.106224 0.545134
-0.0885883 0.0423102 0.169919
-0.29341 0.09255 0.466093
0.373683 0.101089 0.620682
0.136169 0.045651 0.244178
-0.0908453 0.0624669 0.17119
0.0905185 0.0619065 0.157096
0.15198 0.212559 1.27586
0.0832832 0.0566473 0.1441
0.539433 -0.0936566 0.907677
0.0336403 0.0730958 0.18877
-0.189088 0.0714059 0.281818
-0.115266 0.057145 0.15155
-0.329639 0.204736 0.823034
-0.0298794 0.0536375 0.185344
-0.130928 0.0606157 0.16481
-0.193448 0.0969472 0.245156
0.00179594 0.0788333 0.185006
-0.0300956 0.0786459 0.183119
0.00405048 0.0810345 0.179575
-0.0263004 0.0629037 0.203577
0.81052 -0.1744 0.881287
0.791593 -0.187826 0.884496
0.00603309 0.0249723 0.182834
-0.374512 0.182755 0.815438
-0.0117021 0.0354375 0.181319
0.22317 0.198622 0.717373
0.29839 0.0906424 0.445975
0.325768 -0.233949 0.786921
0.408617 -0.131984 1.05241
-0.205043 0.184715 1.08934
0.839103 0.00882791 1.64944
0.294176 -0.033745 0.562541
0.0240722 0.123442 0.978233
-0.0376593 0.0264849 0.196238
0.00701121 0.0396519 0.173834
-0.0257911 0.0784205 0.18389
0.0778854 0.0582853 0.169676
0.513047 -0.077672 0.942801
-0.018148 0.0323404 0.184428
0.604971 -0.100748 1.01681
-0.0221976 0.0486019 0.16261
0.726434 0.091967 1.55259
-0.0640485 0.0801733 0.182511
0.368799 0.20234 1.12015
0.109809 0.0675693 0.125582
0.032158 -0.186129 1.14804
0.408612 0.0534695 1.0279
-0.077872 0.0761733 0.224905
-0.0304712 0.0330343 0.182716
-0.216976 0.0860961 0.280246
-0.09036 0.0458831 0.171005
-0.0910025 0.0798134 0.174972
0.389658 0.116929 0.677758
0.319704 0.217222 1.26871
-0.693187 -0.126305 1.00887
-0.0886033 0.0319763 0.17457
-0.406934 0.0703411 0.958619
0.497626 -0.267424 1.05963
-0.0638205 0.0297799 0.177821
-0.0144833 0.0444429 0.247917
0.360813 0.172719 0.467552
0.361143 0.164022 0.52028
-0.0918233 0.0667891 0.162704
-0.0993302 0.0674554 0.201463
-0.32347 0.0406504 0.984783
-0.907583 -0.0221244 1.18729
-0.762175 -0.132533 0.888516
-0.959104 0.131641 1.17067
0.109198 -0.0419961 1.47536
-0.187591 0.0716437 0.266238
-0.23537 0.083125 0.182469
-0.24819 0.069664 0.367152
-0.062452 0.0533906 0.171176
-0.214623 0.118379 0.221022
-0.269478 0.0545751 0.245368
-0.0896782 0.0439831 0.167348
-0.0734213 0.05729 0.173172
-0.448902 -0.0224202 0.98359
0.580977 -0.151434 0.643483
-0.00664682 0.0369626 0.184561
-0.098538 0.078475 0.188687
-0.0231014 0.0478791 0.160139
-0.0650252 0.0466822 0.181335
-0.0610303 0.0483004 0.149495
-0.0788436 0.0859655 0.230167
-0.327121 0.1779 0.877363
-0.0628476 0.066871 0.184859
-0.526587 -0.025938 0.90751
-0.087938 0.0457027 0.17132
-0.276547 -0.297349 0.926169
-0.0274395 0.0271876 0.179818
-0.00807831 0.0403252 0.183441
-0.0644044 0.0300788 0.179502
0.0824353 0.0575842 0.165021
-0.0317252 0.0345713 0.184367
0.0740637 0.0450088 0.127814
-0.00467538 0.0524855 0.18104
-0.00871655 0.052152 0.190845
0.42535 -0.0964568 0.992895
-0.022482 0.0568693 0.182683
0.747698 -0.0166835 1.27828
0.447629 0.0997911 0.522259
-0.127937 0.062203 0.147335
-0.220329 0.081118 0.293616
-0.0806853 0.0398319 0.17352
-0.237558 0.0710914 0.305155
-0.215191 0.0936766 0.22139
-0.778538 -0.143391 0.889169
-0.329508 0.140103 0.754849
-0.901236 0.11756 1.09565
-0.399604 0.126308 0.840149
-0.240934 0.0885835 0.283791
-0.115584 0.0589654 0.160138
-0.245227 0.0726689 0.315165
0.102015 0.137237 0.870293
-0.190036 0.0951309 0.243704
-0.077185 0.0623172 0.165596
-0.117388 0.0586876 0.158835
-0.0279209 0.0485648 0.18349
-0.276624 0.072349 0.312321
-0.118519 0.0719748 0.145564
-0.117391 0.0624509 0.153434
-0.124971 0.058254 0.160682
-0.103507 0.0833964 0.204326
-0.215487 0.0855783 0.236081
-0.998405 0.0712345 1.04272
-0.82913 -0.141236 0.980344
-0.762842 -0.14025 0.872121
-0.243195 0.0829146 0.250543
-0.0408586 0.0379642 0.290146
0.0543776 0.070838 0.166312
0.0428492 0.0646155 0.20463
0.557202 -0.354545 1.29003
1.09404 0.172186 1.1875
0.369199 -0.0435897 0.466009
-0.304062 0.0910143 0.81742
0.480406 -0.153173 0.495788
-0.0411301 0.0271691 0.178063
0.0411459 0.0803343 0.231527
0.0663027 0.0922432 0.691915
0.731168 -0.177304 0.810622
0.632645 -0.148676 0.679533
0.781264 -0.185018 0.871744
0.00434139 0.0817337 0.179627
0.676714 -0.170479 0.756038
0.0837854 0.0922459 0.183153
0.698587 -0.154496 0.762846
-0.04044 0.0380461 0.128876
-0.0301626 0.071414 0.164488
-0.0509522 0.0463138 0.14206
-0.0633233 0.0414075 0.162903
-0.0489816 0.0444903 0.117029
-0.041485 0.0435457 0.138788
-0.0619733 0.0418774 0.160358
-0.0508702 0.0461369 0.139684
-0.0628087 0.0409897 0.160725
-0.0575214 0.0491067 0.147115
-0.0275147 0.0576423 0.164985
-0.0647786 0.0434047 0.17296
-0.043701 0.0788564 0.182525
0.0926275 0.0392073 0.0981337
-0.0781217 0.0315706 0.173292
-0.0634603 0.0790581 0.180253
0.0933535 0.0355292 0.0960127
0.0898352 0.0566177 0.158631
-0.0171428 0.0783753 0.183211
0.373752 0.0713535 0.4628
0.12187 0.0338356 0.209613
-0.0301446 0.0506371 0.182708
-0.0364103 0.0251235 0.190499
-0.0579137 -0.170538 0.814822
0.388029 -0.257512 0.882588
0.0454782 0.072113 0.542258
0.374474 -0.102313 1.2437
-0.0855537 0.0336071 0.170528
0.1266 0.100548 1.45525
-0.0140538 0.0354541 0.182189
-0.25038 0.0879428 0.230498
-0.0907769 0.0469152 0.173449
-0.288672 0.0518246 0.329485
-0.0778828 0.0427213 0.173648
-0.25305 0.0689728 0.304613
-0.273355 0.0425281 0.859653
0.273256 0.152058 0.914979
-0.173998 0.0855972 0.335081
-0.29335 0.173475 0.814187
-0.2329 0.0794104 0.269992
-0.161663 0.194113 0.559022
-0.777961 -0.036597 0.883112
-0.217707 0.160373 0.76292
-0.108775 0.0103276 0.136107
-0.253429 0.0821531 0.227234
-0.238419 0.0859474 0.218669
-0.230953 0.0801361 0.178195
-0.213293 0.0640611 0.118421
-0.249461 0.0795043 0.1536
-0.601856 -0.0227086 0.954375
-0.224268 0.0241945 0.141353
-0.255291 0.0925039 0.192109
0.0420506 0.133631 1.44775
-0.607163 0.0236595 0.880602
-0.269407 0.0680371 0.273298
-0.12692 0.182846 0.766682
-0.12188 -0.0484785 0.141218
0.00504633 -0.198905 1.1503
-0.0753947 0.0259049 0.171235
-0.242181 0.0594916 0.138767
-0.0775242 -0.0207287 0.05231
-0.241375 0.0880035 0.192546
-0.264879 0.0668508 0.157591
-0.269342 0.0580208 0.122801
-0.09286 0.212105 0.808955
-0.380865 0.0700391 0.871701
0.00185757 0.204972 1.34427
-0.49729 0.163404 0.9812
-0.331147 0.0228097 0.266275
-0.299646 0.0965011 0.211894
-0.257212 0.0942309 0.154255
-0.268832 0.0885531 0.195228
-0.350491 0.0468654 0.203288
-0.152763 0.0802428 0.30604
-0.0359059 0.0688693 0.185915
-0.223721 0.117706 0.910986
-0.0788304 0.032516 0.172181
-0.190092 0.0831073 0.249106
0.136628 -0.074575 1.92614
-0.83222 0.00953253 1.17237
-0.488939 0.131807 0.741594
-0.981981 0.089556 1.39653
-0.0583558 0.0373994 0.178891
-0.110986 0.062302 0.15177
-0.52292 0.131235 0.889641
0.631082 0.0825323 1.60099
-0.0202478 0.0862114 0.188231
0.626508 -0.0661472 1.40814
0.400602 0.0536869 1.02795
-0.0554699 0.0415694 0.120996
0.113182 0.0735584 0.122212
0.0122373 0.0430655 0.191609
0.0325386 0.055989 0.343351
0.050216 0.0876899 0.161949
0.11263 0.0794486 0.121186
0.000173722 0.0851013 0.18649
-0.0120742 0.0637187 0.174841
0.0342172 0.0831909 0.191541
-0.00572453 0.0680055 0.210204
0.383848 0.0989172 0.458096
0.0909502 0.0575167 0.160529
-0.0571639 0.040755 0.125147
-0.0482993 0.0802706 0.184832
-0.143785 0.0528691 0.836155
-0.00998853 0.0569587 0.179107
-0.0272944 0.0603395 0.172921
-0.0550868 0.0421109 0.194951
-0.0207295 0.0517208 0.196274
-0.0509196 0.049769 0.133384
-0.0109098 0.081029 0.192149
0.00347504 0.0729423 0.189114
-0.0190182 0.0707526 0.16382
-0.0568357 0.0436542 0.163718
0.0551055 0.0723732 0.176665
-0.366541 0.0976914 0.958079
-0.0904508 0.0613976 0.171059
-0.082219 0.0360907 0.186197
0.402892 0.07788 0.499516
0.0327554 0.086486 0.176957
-0.0124578 0.0376759 0.186279
0.38287 -0.0444743 1.23248
0.378265 -0.0439461 0.477626
0.377902 0.0719434 0.466021
-0.245685 0.0613555 0.33329
-0.178646 0.133988 0.826124
-0.252226 0.0821568 0.205557
-0.714885 0.0164549 0.804057
-0.203108 0.107025 0.203834
-0.0503825 0.0401149 0.164716
-0.215753 0.108028 0.188763
-0.538572 0.029684 0.890626
-1.05147 -0.124436 1.35613
-0.0859477 0.0396407 0.173744
-0.262055 0.102564 0.292642
-0.465919 0.20837 0.965457
-0.0207115 0.0290812 0.173811
-0.220768 0.0906382 0.230603
0.00188079 0.0302997 0.181654
-0.278122 0.180534 0.790688
-0.193356 0.0750563 0.28364
-0.2555 0.0883291 0.212946
-0.256568 0.0941046 0.181942
-0.255793 0.0789724 0.267799
-0.298267 0.0532873 0.304224
-0.505898 0.046906 0.569906
-0.839953 0.0627802 0.983273
-0.779418 0.00109928 1.10716
-0.138988 0.0484148 0.100725
-0.25948 0.0772198 0.308522
0.0033953 0.203435 1.33601
-0.586252 0.13919 0.860918
-0.704306 0.0440275 0.803884
-0.00627695 0.0355961 0.183227
-0.194108 0.0821079 0.268516
-0.257188 0.0761299 0.305152
0.0627552 0.0704933 0.173267
-0.196339 0.120985 0.241805
-0.417129 0.0847729 0.886415
0.381584 0.194143 1.02269
-0.29763 0.0534071 0.343078
-0.0606973 -0.218376 0.935728
-0.0293551 0.0412622 0.166341
0.653428 -0.117449 1.27335
-0.229622 0.162245 0.727715
-0.683013 0.192425 1.01191
-0.571004 0.167477 0.884525
0.114928 -0.0308838 1.56238
-0.771625 -0.133392 0.90486
-0.274083 0.183136 0.785083
0.167707 0.121995 1.46157
-0.595113 0.0880631 0.962004
-0.737471 -0.0180555 0.948922
-0.947701 0.0828459 1.17962
-0.898031 0.093659 0.960577
0.329203 0.174347 0.895877
-0.263749 0.0591689 0.293848
-0.246569 0.0963512 0.265851
-0.245992 0.0912973 0.22825
-0.212952 0.0927606 0.227455
-0.276853 0.110605 0.312116
-0.554378 0.196962 0.945267
-0.261582 0.0962292 0.241178
-0.0352033 0.0723701 0.192767
-0.513536 -0.0870925 0.892145
-0.292723 0.0608666 0.302357
-0.221961 0.0721554 0.212456
-0.0271976 0.0666813 0.183072
-0.190397 0.0902289 0.26202
-0.084292 0.0360791 0.168483
-0.260189 0.0719889 0.683027
-0.0641982 0.0268596 0.170031
-0.239201 0.0779621 0.300345
-1.0119 0.198342 1.31365
0.387779 -0.205554 1.29944
-0.118924 -0.0280781 0.868492
-0.418664 -0.0409646 0.884241
-0.0937767 0.0493204 0.171261
0.43988 0.196149 0.884188
0.317793 -0.10622 1.26796
-0.169063 0.0976038 0.30144
0.455739 0.0928886 1.00284
0.442204 -0.11018 1.0323
-0.446101 0.166566 0.876069
-0.187518 0.0678113 0.848242
-0.165913 0.0977227 0.288514
-0.267668 0.0630724 0.26962
-0.118318 0.0719733 0.151796
-0.0881657 0.0314756 0.170598
-0.258143 0.0747182 0.251598
0.374731 0.215962 1.2473
-0.397595 0.127529 0.835574
-0.0620544 0.0308046 0.86841
-0.181731 0.0821053 0.264229
-0.127176 0.0612646 0.145283
-0.065631 0.0305772 0.242259
-0.0660262 0.0907885 0.634968
-0.137642 0.0634028 0.167705
-0.199973 0.0816981 0.25056
-0.0923723 0.0257807 0.171116
0.223283 0.113141 0.395628
-0.000827738 0.0674845 0.18616
-0.167449 0.0750842 0.309369
-0.213723 0.0769255 0.282768
-0.366238 0.0964181 0.521165
-0.132908 0.0583325 0.156856
-0.125326 0.0589676 0.162543
-0.0867622 0.0308695 0.173307
-0.274433 0.071913 0.305997
-0.444338 0.126155 0.889981
-0.234584 0.0721036 0.290795
-0.231112 0.0955683 0.202588
-0.265335 0.0741612 0.278946
0.10341 -0.169818 1.5727
-0.225795 0.0915626 0.20596
-0.203896 0.114747 0.279518
-0.305964 0.0402328 0.324767
-0.914156 0.0745629 0.873276
-0.359789 0.0371403 0.222177
-0.254889 0.0895299 0.176663
-0.192157 0.109947 0.263675
-0.265421 0.0846467 0.305006
-0.0549747 0.0298892 0.181277
-0.0851467 0.0497018 0.173476
-0.189796 0.0715128 0.277598
-0.26502 0.086396 0.200895
-0.0832487 0.0329273 0.17244
-0.216875 0.102375 0.784023
-0.063037 0.0324045 0.171317
-0.0909315 0.061452 0.17362
-0.0510531 0.0432294 0.172708
-0.204641 0.0743087 0.268718
-0.504471 0.0521706 1.09658
-0.175818 0.139718 0.742089
-0.00746114 0.0518602 0.185038
-0.239466 0.0584702 0.337184
-0.497595 0.20067 0.954492
0.334236 -0.017314 0.958233
-0.451199 0.0796098 0.930682
0.410427 0.0680075 1.34429
-0.611978 -0.0270116 0.972519
0.302836 -0.105225 1.29617
-0.0308581 0.0500533 0.1786
-0.22617 0.089456 0.217785
-0.00726258 0.0264216 0.184565
0.320484 -0.110123 1.36704
-0.0302479 0.00732088 0.118153
-0.0556541 0.0204767 0.117734
-0.0721775 0.0310634 0.116409
-0.0231468 0.0488035 0.184049
-0.0925341 0.0513867 0.142742
-0.050247 0.0243148 0.180501
-0.234044 0.113638 0.183656
0.30122 0.135997 0.650475
-0.150402 0.168865 0.736957
0.449899 0.0473536 1.0397
-0.178736 0.0755043 0.273115
-0.508044 0.191773 0.884021
-0.211001 0.0666615 0.275158
-0.512013 0.157519 0.781256
-0.615525 -0.0884277 0.975222
-0.217111 0.0817046 0.273391
-0.175926 0.118968 0.309489
-0.136696 0.185516 0.793839
-0.225463 0.11484 0.19481
-0.181031 0.0739817 0.261314
-0.124667 0.179912 0.770122
-1.04295 -0.0515085 0.967391
-0.947334 0.115982 1.03464
-0.30607 0.0877974 0.498917
-0.255561 0.0789505 0.182065
-0.173774 0.0627071 0.390218
-0.267941 0.0845087 0.203017
-0.256264 0.0706128 0.153632
-0.183285 0.0997781 0.283502
-0.133041 -0.00280309 0.0347227
-0.181703 0.0818674 0.269167
-0.284641 0.082532 0.314844
-0.893186 -0.108289 0.586233
-0.196637 0.0769652 0.280403
-0.664779 0.22886 1.06626
-0.743144 -0.0430432 0.389609
-0.318522 0.0553895 0.181215
-0.300329 0.062459 0.22021
-0.268335 0.0301362 0.188831
-1.1236 -0.0430107 1.04453
-0.252697 0.0695285 0.141384
-0.188949 0.0895152 0.795402
-0.528528 -0.0872112 0.922808
-0.249304 0.069905 0.237268
-0.401817 0.0709295 0.934293
-0.219085 0.167899 0.872216
-0.427834 0.120338 0.88602
-0.367151 0.0485407 0.212097
-0.428254 0.101555 0.831931
-0.377594 -0.00100426 0.26235
-0.198847 0.067837 0.298392
-0.137869 0.0639964 0.167039
-0.247793 0.0828169 0.203742
-0.571467 -0.00811788 0.912177
-0.932416 0.122751 1.13843
-0.661485 0.056237 0.897803
-0.0874957 0.048558 0.169787
-0.181557 0.127456 0.817281
0.426377 0.0433673 0.993363
-0.289456 0.0992854 0.210069
-0.257656 0.0829657 0.167963
-0.38366 0.0757635 0.924215
-0.246667 0.080751 0.313528
-0.156298 0.189542 0.439305
-1.08001 -0.0537326 1.00737
-0.242081 0.0620467 0.139426
0.00775661 0.145269 1.32819
-0.255978 0.0682032 0.238876
-0.276542 0.0795232 0.186302
-0.231696 0.0932617 0.255863
-0.347045 0.0572551 0.174246
-0.250809 0.068395 0.151452
-0.224654 0.0947029 0.209196
-0.25546 0.0925869 0.180206
-0.39043 -0.00954282 0.270152
-0.206177 0.206179 0.573674
-0.361573 0.0594114 0.227068
-0.0976667 0.0651923 0.199795
-0.6464 0.13217 0.790213
-0.246535 0.0852644 0.168809
-0.395297 -0.00972363 0.274627
-0.26828 0.0884372 0.205697
-0.283788 0.0776414 0.211154
-0.0562068 0.0277447 0.172282
-0.255108 0.0703013 0.165034
-0.0658265 0.109775 0.700651
-0.287279 0.0505952 0.21689
-0.796703 0.00458459 0.552199
-0.142684 0.0510882 0.821955
-0.18795 0.129668 0.266402
-0.257957 0.0749704 0.17227
-0.222961 0.0950208 0.243595
-0.238593 0.0854289 0.207449
-0.221509 0.0807516 0.272908
-0.280289 0.0750225 0.163618
-0.182096 0.0827122 0.266892
-0.0661535 0.0955117 0.728671
-0.837689 0.0664454 0.986382
-0.220248 0.113628 0.87619
-0.599952 0.179858 0.941064
-0.0682845 0.189185 0.805468
-0.353097 0.0425228 0.220818
-0.218806 0.0965913 0.227251
-0.0621466 -0.199808 0.856515
-0.25896 0.0883042 0.235102
-0.248449 0.0662289 0.141915
-0.0614043 -0.212525 0.841806
-0.243912 0.0868791 0.18385
-0.242318 0.107174 0.1602
-0.209038 0.0912347 0.272925
-1.01763 0.0791393 1.07717
0.00227836 0.199483 1.31844
-0.328488 0.0484518 0.245544
-0.278018 0.0875105 0.208488
-0.334164 -0.108631 0.910813
-0.280742 0.0444319 0.136153
-0.526465 -0.00223878 0.298529
-0.254706 0.0681544 0.203681
-0.135013 0.115092 0.812003
-0.261139 0.0638627 0.151065
-0.077809 0.051919 0.224396
-0.199866 0.101106 0.253599
-0.246375 0.0851036 0.172064
-0.208031 0.111101 0.209187
-0.244846 0.0924655 0.179384
-0.950436 0.119183 1.03435
-0.26914 0.0709955 0.129278
-0.462192 0.0490503 0.32616
-0.747343 -0.0430515 0.389698
-0.193377 0.047709 0.295146
-0.364225 0.0691594 0.271783
-0.22912 0.0909932 0.251052
-0.227108 0.0868485 0.290741
-0.26435 0.0687078 0.127049
-0.237287 0.102322 0.153483
-0.308424 0.0314618 0.184544
-0.842522 0.011254 0.569633
-0.697586 0.0435124 0.795646
-0.272715 0.101111 0.169258
0.571525 -0.186901 2.42144
-0.737968 0.0506029 1.06784
-0.225871 0.063058 0.295782
-0.191665 0.115761 0.249691
-0.481425 0.0356092 0.448151
-0.219738 0.21025 0.583279
0.102271 -0.116039 1.53095
-0.205655 0.0601411 0.272321
-0.0808111 0.0318462 0.173433
-0.0792228 0.0593205 0.187824
-0.20094 0.114058 0.228392
-0.0772439 0.0549409 0.158399
-0.243198 0.0882395 0.190452
-0.250918 0.076806 0.207403
-0.280879 0.0885631 0.245081
-0.117099 0.0490522 0.145006
-0.26583 0.0854282 0.192734
-0.259509 0.0812799 0.239205
-0.185393 0.0999121 0.254685
-0.0246554 0.0356216 0.184874
-0.0244927 0.0411685 0.183487
-0.294237 0.0522397 0.304563
-0.12591 0.0827304 0.805048
-0.000785366 0.205296 1.33007
-0.298011 0.0468876 0.264579
-0.205063 0.0933667 0.249901
-0.17602 0.065987 0.277321
0.322493 -0.123466 1.55985
-0.408592 0.10995 0.609327
-0.17548 0.0723298 0.265087
-0.0202486 0.0449729 0.183999
-0.202539 0.0630844 0.288036
-0.22173 0.111021 0.18939
-0.0933636 0.0642258 0.172499
-0.205028 0.105819 0.195762
-0.245034 0.0900167 0.290057
-0.261145 0.0515253 0.23795
-0.0922008 0.0682996 0.165326
-0.217391 0.0752812 0.290167
-0.478746 0.127216 0.718698
-0.601942 0.163249 0.878383
-0.64656 0.170604 0.892687
-0.23383 0.207776 0.776614
-0.65284 0.0371673 0.947655
-0.177311 0.0849296 0.277166
-0.197064 0.11621 0.240933
-0.256909 0.205813 0.632532
-0.215073 0.151205 0.785215
-0.432199 0.123089 0.880573
-0.208601 0.0625415 0.2792
-0.180018 0.197804 0.791385
-0.0608577 -0.214834 0.865096
-0.922274 -0.109289 1.17576
-0.0861756 0.0499208 0.174304
-0.305921 0.182569 0.777931
-0.52022 0.0844784 0.579827
-0.115554 0.0885842 0.194103
-0.244151 0.0808307 0.292779
-0.250883 0.0775726 0.152707
-0.0333352 0.0312471 0.180896
-0.391978 0.125375 0.995519
-0.284617 0.0978222 0.220811
-0.256695 0.0592154 0.142828
-0.468288 0.0357695 0.350131
-0.806258 -0.00831778 0.535144
-0.485446 0.0347908 0.45221
-0.28448 0.0989008 0.22181
-0.806852 -0.0375461 0.563394
-0.746426 0.0675423 1.02824
-0.285017 0.0205905 0.273557
-0.296478 0.0477011 0.335851
-0.397565 0.0542161 0.249221
-0.243594 0.0751789 0.147914
-0.133843 0.202787 0.780913
-0.294636 0.0685243 0.216088
-0.250163 0.0772246 0.238949
-0.0715941 0.0409142 0.162244
-0.193133 0.0619011 0.156582
-0.171091 0.0890929 0.218193
-0.00434786 0.0339758 0.18208
-1.08729 -0.147517 1.0435
-0.809597 -0.068431 1.048
-0.774022 -0.136887 0.877518
-0.840862 -0.014681 1.20656
-0.249518 0.050159 0.231344
-0.0546769 0.0711125 0.196602
-0.0668827 0.0248996 0.164013
-0.450502 0.131304 0.963383
-0.38268 0.120251 0.980075
0.388938 -0.204851 1.30255
-0.203281 0.0633041 0.284978
0.000632259 0.0269139 0.180873
-0.0127206 0.031742 0.203046
-0.064713 0.0835452 0.241851
-0.0704417 0.0749926 0.403374
-0.150125 0.086625 0.237206
-0.0329815 0.0267619 0.181925
-0.642898 0.00530924 0.916681
-0.191915 0.0791259 0.262208
-0.925973 0.0811652 1.1529
-0.349888 0.0749997 0.497514
-0.935407 -0.112763 1.1922
-0.263072 0.0926019 0.220085
-0.172916 0.0665518 0.264906
-0.236976 0.155829 0.760423
0.165585 0.169638 1.34249
-0.0593702 0.0296414 0.122212
-0.0591475 0.0297018 0.122831
-0.21643 0.111384 0.197501
-0.262675 0.0781123 0.314875
0.127476 -0.101741 1.55513
0.00223771 0.0419636 0.184136
0.223913 0.195742 0.546876
-0.419143 0.215338 1.06796
-0.598934 0.0876123 0.941689
-0.0959097 -0.0212687 0.0296027
-0.393802 0.0385308 0.3205
-0.246686 0.0969465 0.171103
-0.249689 0.0962744 0.25864
-0.0600042 -0.144798 0.813444
-0.392703 -0.0102959 0.271911
-0.190867 0.18747 0.444341
-0.998169 -0.0188661 0.933172
-0.175756 0.0599514 0.788832
-0.284621 0.0624459 0.173967
-0.409258 0.0388218 0.295147
-0.486384 0.0364189 0.453349
-0.26562 0.0767312 0.14614
-0.174771 0.0760547 0.289746
-0.385043 0.0534227 0.22501
-0.379122 -0.00944395 0.275238
-0.369508 -0.00888042 0.252564
-0.246886 0.0662268 0.147311
-0.264139 0.0568737 0.126372
-0.795532 -0.0377594 0.555579
-0.0613699 0.154135 0.887025
-0.137882 0.140064 0.648387
-0.216171 0.0550214 0.148737
-0.360475 0.159318 0.839413
-0.255806 0.0769998 0.190699
-0.239426 0.08582 0.186597
-0.0665134 -0.0662386 0.799872
-0.261434 0.0727978 0.141266
-0.239644 0.10806 0.162415
-0.876851 0.176347 1.05378
-0.178551 0.0768197 0.277712
-0.162559 0.629175 1.78524
-0.344228 0.064394 0.978265
-0.807807 0.0755446 1.00112
-0.261762 0.0588363 0.292398
-0.21441 0.0959903 0.234027
-0.252675 0.0861199 0.20898
-0.246152 0.0900541 0.194999
-0.273534 0.0693536 0.142123
-0.277795 0.0910417 0.23922
-0.581935 0.141709 0.911986
-0.128054 0.0621552 0.147261
-0.0379729 0.0406701 0.1751
-0.236323 0.0865262 0.232678
-0.432604 0.0593972 0.675483
-0.548564 0.197307 0.943633
-0.16928 0.0720933 0.278967
-0.139886 0.144452 0.796906
-0.11626 0.0726828 0.157051
-0.0679106 0.0361492 0.1431
-0.239384 0.0968958 0.248371
-0.0856087 0.0353704 0.171743
-0.457354 0.0816686 0.951597
-0.353804 0.153592 0.773468
-0.179987 0.0881932 0.324701
-0.262078 0.0794675 0.216797
-0.239163 0.0685707 0.302358
-0.52268 0.137036 0.88238
-0.172169 0.0662692 0.823436
-0.808499 0.104981 0.971262
-0.310008 0.147117 0.85098
-0.296245 0.0546969 0.163441
-0.342568 0.011332 0.250128
-0.246685 0.087039 0.222915
-0.222813 0.0664428 0.318975
-0.364223 -0.00186362 0.251716
-0.278237 0.0868085 0.224897
-0.249693 0.0779092 0.149341
-0.270383 0.0642738 0.146793
-0.307676 0.0423596 0.235212
-0.126857 0.186213 0.788753
-0.21499 0.149537 0.78158
-0.217903 0.225865 0.624364
-0.222714 0.192495 0.723722
-0.205239 0.114563 0.222469
-0.34855 0.0351997 0.27209
-0.0704975 0.0298752 0.174551
-0.078283 0.0353361 0.173412
-0.928597 0.121438 1.13615
-0.184638 0.112719 0.255439
-0.354589 0.23474 0.929032
-0.128672 0.0913184 0.823303
-0.498184 0.0537231 0.354826
-0.764131 -0.12883 0.902822
-0.240955 0.0744149 0.140861
-0.313001 -0.000294006 0.299212
-0.395114 0.0679291 0.898505
-0.0584677 -0.0786111 0.833425
-0.2417 0.0745804 0.146484
-0.256372 0.0818269 0.167621
-0.176403 -0.0258972 0.147785
-0.23871 0.0833838 0.23998
-0.230815 0.0827837 0.183776
-0.0501727 0.0358421 0.180506
-0.598594 -0.0125798 0.950848
-0.442602 0.16535 0.820835
-0.102724 -0.0199685 0.0360265
-0.00179095 0.0406057 0.186206
-0.203618 0.0926997 0.82971
-0.117048 -0.0160451 0.826926
-0.275168 0.107761 0.315924
-0.374061 0.157033 0.83313
-0.268278 0.0634516 0.270585
0.341119 0.290928 1.7036
-0.354832 0.0836735 0.489544
-0.0142421 0.0549861 0.183897
-0.193778 0.116329 0.24764
0.00126518 0.0320949 0.176205
-0.00617265 0.0271328 0.18195
-0.0604999 0.0341666 0.116827
-0.097617 0.0641003 0.198802
0.0125638 0.0377025 0.209239
-0.0560515 0.0182599 0.111468
-0.0238974 0.0354535 0.18448
-0.442472 0.0585992 0.427621
-0.237993 0.0881584 0.214282
0.32171 0.172799 0.994842
-0.189902 0.111912 0.263059
-0.603002 0.163547 0.880907
-0.745808 0.168711 1.05025
-0.125102 0.182185 0.774799
-0.291589 0.0913786 0.20368
-0.239297 0.0761703 0.299523
-0.545755 -0.0133711 0.945222
0.112508 -0.162154 1.55005
-0.459593 -0.0781492 0.976751
-0.0280723 0.0256888 0.185747
-0.286687 0.054781 0.294819
-0.191692 0.0705414 0.263991
-0.233982 0.0900393 0.186524
-0.368836 0.0972759 0.780888
0.384608 0.205131 1.21263
-0.300795 0.0671021 0.287228
-0.519752 0.069965 0.509072
-0.0134468 0.0371605 0.182898
-0.278845 0.0712414 0.320819
-0.197181 0.121606 0.243293
-0.304814 0.0925399 0.219918
-0.051747 0.0358331 0.181756
-0.242538 0.0914065 0.154324
-0.558865 0.0794422 0.943139
-0.218362 0.189408 0.756487
-0.0591728 0.033797 0.17567
-0.0683806 0.0352977 0.175991
-0.319329 0.0340278 0.160774
-0.64902 -0.181905 0.96983
-0.0624981 0.0685985 0.743051
-0.26858 0.0802411 0.220237
-0.191526 0.13591 0.268224
-0.272232 0.0817625 0.214539
-0.247022 0.0985924 0.271775
-0.250989 0.0963009 0.205629
-0.256542 0.0770375 0.302171
-0.261145 0.00365781 0.213064
-0.0582427 -0.00616812 0.305209
-0.220878 0.112757 0.195766
-0.27699 0.058585 0.129345
-0.380541 0.0681198 0.196536
-0.293709 0.0529353 0.189454
-0.256431 0.0589042 0.140189
-0.272842 0.0897186 0.199985
-0.178939 0.0947266 0.267523
-0.287566 0.0785105 0.191398
-0.266726 0.0830288 0.234837
-0.10335 -0.0281395 0.803132
-0.248561 0.106475 0.21444
-0.12568 0.0857745 0.735231
-0.165846 -0.0144353 0.10141
-0.268375 0.054845 0.121651
-0.195193 0.0942997 0.273795
-0.227813 0.101848 0.22987
-0.0520433 0.0201139 0.158485
-0.298274 0.0658829 0.352229
-0.175581 0.093582 0.200509
-0.231028 0.0832698 0.218048
-0.131491 0.0618313 0.168602
-0.291823 0.0352836 0.206947
-0.177615 0.128978 0.802775
-0.0848215 -0.0223983 0.027126
-0.0854079 0.0348026 0.171586
-0.0706933 0.0291147 0.17327
-0.274638 0.0715427 0.171477
-0.259107 0.0790465 0.245355
-0.36853 0.0228216 0.283444
-0.384818 0.0261017 0.298822
-0.324415 0.326473 1.0318
-0.22111 0.0951419 0.260873
-0.0831959 0.00822899 0.119675
-0.204689 0.088588 0.278608
-0.0707223 0.0289781 0.172716
-0.329959 0.0454482 0.353572
-0.284666 0.040676 0.240922
-0.798418 0.0449426 0.756775
-0.280197 0.0857792 0.213968
-0.223644 0.0804348 0.303579
-0.235561 0.115922 0.187188
-0.221533 0.0787074 0.299912
-0.28899 0.0414481 0.238669
-0.237628 0.0771196 0.299401
-0.26232 0.0740746 0.141645
-0.253823 0.0192464 0.238659
-0.386855 0.050108 0.256701
-0.903792 -0.0583548 1.13427
-1.03285 -0.013139 1.37459
-0.298454 0.0967634 0.438326
-0.181835 0.0728665 0.330524
-0.181499 0.0726498 0.329734
-0.096523 0.0162814 0.164529
-0.17991 0.0717896 0.325781
-0.117754 -0.0266849 0.843564
-0.0587051 -0.2278 0.857037
-0.298975 0.0744542 0.221239
-0.164471 0.100513 0.273886
-0.210199 0.0576589 0.289023
-0.257079 0.101017 0.178685
-0.322046 0.0437885 0.226683
-0.250866 0.0942076 0.235094
-0.21705 0.0909128 0.320472
-0.307528 0.02826 0.269968
-0.225433 0.094097 0.774286
-0.194629 0.104984 0.2626
-0.187297 0.109369 0.234929
-0.422771 0.122389 0.889082
-0.178234 0.202378 0.479985
-0.246342 0.0859907 0.181873
-0.372207 -0.0014107 0.253462
-0.165817 0.0561933 0.191925
-0.0801659 0.151775 0.65681
-0.073341 0.131831 0.592294
-0.31109 0.0769672 0.206604
-0.270053 0.0747927 0.130186
-0.233264 0.0995856 0.151405
-0.0597916 -0.203344 0.924285
-0.173596 0.086239 0.821177
-0.0620196 -0.0319681 0.849302
-0.285052 0.0673872 0.324839
-0.322094 0.0758065 0.201457
-0.333164 0.0671659 0.199346
0.0261473 0.0281514 0.85459
-0.208332 0.0953873 0.254395
-0.885453 0.115358 1.07385
-0.259955 0.0850997 0.125399
-0.0566172 0.0258543 0.175852
-0.0613491 0.0257969 0.173841
-0.273078 0.0824009 0.450403
-0.954822 0.160832 1.1392
-0.264292 0.0797088 0.209636
-0.548112 0.0975944 0.343955
-0.222996 0.0937697 0.248869
-0.247136 0.0994228 0.158471
-0.846195 0.0140313 0.596755
-0.195177 0.169461 0.792914
-0.0932896 0.0371042 0.201571
-0.0965747 0.0566614 0.22209
-0.241298 0.0866409 0.186997
-0.246537 0.0831314 0.145852
-0.274101 0.0603191 0.133418
-0.202697 0.186239 0.484141
-0.195261 0.062709 0.29764
-0.193031 0.164366 0.843416
-0.295455 0.0508642 0.288114
-0.236202 0.0861862 0.168933
-0.065629 0.169848 0.843344
-0.522639 0.13295 0.88997
-0.138022 0.13453 0.608984
-0.182845 0.0908549 0.238456
-0.202208 0.126107 0.291065
-0.655185 -0.00959262 0.935506
-0.107435 -0.0234783 0.762458
-0.2088 0.0590998 0.130794
-0.239379 0.10121 0.15543
-0.228107 0.0979711 0.216612
-0.234576 0.0939495 0.31677
-0.270842 0.20591 0.445033
-0.0614235 0.0295909 0.832512
-0.239615 0.0892653 0.185557
-0.250019 0.084511 0.206144
0.0353684 -0.226345 1.34899
-0.254403 0.0671726 0.143549
-0.103789 -0.0171305 0.822272
-0.065735 0.0141968 0.542832
-0.269926 0.044751 0.27304
-0.330197 -0.00723241 0.278672
-0.183062 0.0993903 0.278241
-0.241279 0.119262 0.260317
-0.552121 0.00675574 0.917026
-0.248192 0.0791861 0.167161
-0.195679 0.121241 0.263561
-0.303125 0.0403944 0.222629
-0.0834198 -0.0196015 0.074639
-0.318823 0.00404394 0.227709
-0.594069 -0.0165879 1.02337
-0.874801 0.175366 0.928442
-0.203011 0.0852415 0.30044
-0.833336 0.111936 1.0121
-0.260294 0.121579 0.284707
-0.180131 0.1157 0.242954
-0.0531215 -0.162284 0.945248
-0.340459 0.0892038 0.232649
-0.313533 0.0499598 0.156686
-0.261764 0.0638236 0.131932
-0.460413 -0.0826501 0.993296
-0.346601 0.0932318 0.238141
-0.268471 0.0521713 0.225224
-0.182271 0.0760192 0.267584
-0.466899 0.0212141 0.604625
-0.498822 0.0743968 0.557874
-0.281224 0.0911778 0.304827
-0.242757 0.0931028 0.243431
-0.202009 0.0710155 0.30247
-0.796098 0.105468 0.922027
-0.619377 0.100799 0.992077
-0.385203 0.042741 0.242557
-0.0886123 0.04461 0.173533
-0.257046 0.0773611 0.303047
-0.188735 0.107364 0.263336
-0.60212 -0.0847283 0.950767
