0.0178159 -0.130733 0.883895
0.354701 -0.100009 0.755916
-0.141892 -0.0573865 0.880622
-0.38464 0.342228 1.75119
0.414811 0.259464 0.731174
-0.000292454 -0.154677 0.778769
0.424 0.0347347 0.69499
-0.0258764 0.0104967 0.868117
0.465676 0.0514641 0.750231
-0.26523 -0.0303958 0.515088
-0.550008 0.351476 1.37138
0.267761 0.0354852 0.675969
0.199461 0.082219 0.646618
0.0575334 -0.0201442 0.50589
-0.0831772 -0.171236 0.866307
0.460858 -0.0160715 0.814522
0.160965 0.00597218 0.648277
0.429625 -0.0411935 0.749576
0.364011 -0.085545 0.691206
0.331834 -0.0502243 0.770749
-0.228356 0.23111 1.71091
-0.420564 -0.141909 0.93452
-0.085258 -0.286054 0.951772
-0.169054 -0.190991 0.84791
-0.347413 -0.212735 0.968345
-0.0029013 -0.13326 0.853378
-0.233447 -0.158412 0.874432
-0.453938 -0.190356 0.797356
-0.186864 -0.0568413 0.456112
0.0844792 -0.0196183 0.646805
0.0694677 0.0430471 0.888917
0.0965671 0.0674372 0.403713
0.240818 -0.0250901 0.893479
0.164969 -0.0799449 0.873361
-0.156874 -0.0613464 0.860009
0.360531 0.079879 0.677334
0.347709 0.187686 0.682374
0.244466 0.0369732 0.676171
-0.0356316 0.0610384 0.880926
0.103493 -0.267478 0.901563
0.193388 0.119203 1.00474
0.193467 0.167956 0.732137
0.00824848 0.106705 0.494447
-0.107061 -0.00453086 0.774498
-0.574541 -0.218749 0.969945
0.252755 0.0842703 0.639981
0.355778 0.108374 0.754242
0.263256 0.09767 0.637104
0.300673 -0.181969 0.758191
-0.0576868 0.0384164 0.777582
0.0972089 -0.253787 0.852688
0.269146 -0.0499982 0.711335
0.321535 -0.031732 0.670308
0.0594021 -0.175608 0.855075
-0.159999 -0.274573 0.886894
-0.184337 -0.0897631 0.865048
-0.224885 -0.154459 0.852886
-0.0643846 -0.0805123 0.907646
0.0372727 0.0702298 0.662627
-0.0113012 0.0176108 0.111385
0.00793906 0.463971 1.75884
0.0564312 0.509313 1.93361
0.146453 0.115053 0.722504
-0.263309 -0.0491205 1.01219
-0.645998 0.371285 1.47271
-0.265702 -0.138017 0.798712
0.146801 0.391262 1.56488
-0.281701 -0.0581231 0.918491
-0.446748 -0.169564 0.698794
0.192537 0.100885 0.755195
0.0195515 -0.0732357 0.893147
-0.119999 0.0263447 0.832464
-0.0739629 -0.0881296 1.01813
0.280422 0.139583 0.720083
-0.286614 0.445852 1.45659
-0.730002 0.00889372 1.49366
-0.515315 0.354753 1.50504
0.347688 0.230864 0.6716
-0.884938 0.339766 1.58411
-0.943704 0.128393 1.44325
-0.119864 -0.189371 0.872896
-1.00936 -0.0177144 1.5584
0.201019 0.0402196 0.703037
0.142434 -0.107624 0.988692
-0.138294 -0.0310819 0.748874
-0.750707 0.253603 1.45827
-0.121586 0.38483 1.62527
-0.0167886 0.455492 1.72076
-0.388797 -0.139643 0.769465
-0.0137859 0.039536 0.847453
0.0920498 0.105043 0.82822
-0.01863 0.00893128 0.163421
-0.86612 0.33998 1.42997
0.309282 0.182454 0.662741
-0.168453 -0.188745 0.825817
-0.0741715 0.033215 0.854086
-0.500557 0.398594 1.64058
0.257862 0.267791 0.782234
0.0348067 0.458199 1.59011
-0.664851 0.382437 1.51104
0.245395 0.183525 0.678353
0.174255 -0.0773138 0.536612
0.311859 0.112117 0.628986
0.262816 0.195221 0.720711
0.2961 0.251265 0.787603
0.222242 0.0308223 0.638987
-0.383653 -0.153695 0.706295
0.326875 -0.116915 0.740286
0.294638 0.196331 0.657554
-0.37048 -0.144893 0.724933
0.150486 0.504409 1.38828
-0.416131 -0.151387 0.799428
-0.114524 0.0296027 1.15058
-0.477412 -0.195746 0.800443
-0.30864 0.510802 1.75271
-0.125572 0.48257 1.61743
-0.320369 -0.185467 0.805507
0.264388 0.112568 0.694478
0.149432 -0.0108085 0.628718
0.163504 0.131809 0.89705
-0.708913 0.14726 1.63705
-0.0823265 0.00840102 0.706921
-0.116542 -0.00400214 0.79923
-0.247266 0.477149 1.55682
-0.794776 0.245729 1.45417
0.3747 0.00771672 0.667112
-0.669151 0.227441 1.63477
-0.431322 0.449553 1.56455
-0.234465 0.316132 1.56423
-0.855215 0.260766 1.31256
-0.377001 0.5098 1.50688
-0.218391 0.434645 1.6365
-0.217019 -0.142269 0.780254
-0.818139 0.0335496 1.38146
-0.897442 0.246256 1.56368
-0.0157997 -0.0548435 0.785873
0.0194405 0.415208 1.95192
-0.603332 0.458329 1.4087
0.643598 -0.170987 1.09494
-0.126532 0.0017096 0.844863
0.143764 0.142387 0.730641
-0.0234956 -0.148383 0.893653
-0.921238 0.40371 1.53217
0.102487 0.0909674 0.822554
-0.105238 -0.0632411 0.25231
0.113436 0.120431 0.785102
0.128619 0.580257 1.82475
0.242369 0.104715 0.69173
-0.0234269 0.06186 0.775175
0.030891 -0.0628261 1.0631
0.0365678 0.54976 1.60914
-0.207129 0.203721 1.18973
0.530758 -0.264825 1.08812
0.181803 0.0369794 0.639324
0.17142 0.132297 0.837933
0.12492 -0.173071 0.973811
-0.198724 0.607825 1.7043
-0.0622697 -0.0602566 0.792214
0.241405 -0.0869522 0.658135
0.218213 0.129777 0.749162
0.446543 -0.100311 0.875023
0.33968 -0.0520799 0.78723
0.253266 -0.0456221 0.743508
0.302453 -0.0956703 0.631002
-0.0790577 -0.212364 0.871156
-0.444625 0.388251 1.5975
0.0900615 -0.0557312 0.619399
0.310977 -0.0556263 0.810257
-0.0236616 0.0141659 0.947507
0.155094 0.11099 0.645061
0.204177 0.0146915 0.929533
0.239352 -0.142795 1.01891
0.1984 0.173923 1.22193
0.0701478 -0.183638 0.908514
-0.0325694 -0.0568834 1.18337
-0.0319572 0.0445417 0.68712
-0.0372655 -0.014512 0.223653
-0.414188 -0.255772 1.18128
0.19538 0.169705 0.747623
0.226424 -0.0978443 0.747582
-0.260336 -0.245744 0.951313
0.018674 -0.0561617 0.885082
0.325806 0.0531498 0.643713
-0.302137 -0.150707 0.767315
-0.264472 -0.344898 1.22656
0.257224 -0.147418 0.747228
-0.26947 -0.134044 0.623486
0.155132 0.00453827 0.840166
0.101877 -0.219951 0.902446
0.557637 -0.268911 1.09867
0.207817 -0.0500992 0.963502
0.0576704 -0.049942 0.938591
-0.0606129 -0.0614174 0.849227
-0.445223 -0.170045 0.818762
0.396452 0.0191847 0.717397
0.398388 0.101047 0.695827
0.288159 -0.149276 0.85008
0.16681 0.126848 0.774758
0.2155 -0.00424443 0.640424
0.278386 0.189912 0.678947
0.05853 -0.00779291 0.969856
0.106734 0.127473 0.812279
0.221861 0.135841 0.545868
-0.104658 -0.0454761 0.925587
-0.0949311 -0.230122 0.796006
-0.000849728 -0.0399063 0.928686
0.298196 -0.0645316 0.58873
0.343977 -0.0709248 0.682474
0.282713 0.0563896 0.757935
-0.734462 0.232342 1.5317
0.0687431 -0.124012 0.828167
0.0482022 -0.000427808 0.847006
0.208484 0.180122 0.771487
-0.408596 -0.204687 0.740134
0.607297 -0.292458 1.10334
-0.273116 -0.136115 0.683341
-0.140189 -0.023235 0.566834
-0.0833366 -0.015757 0.506196
0.00571529 0.0705559 0.830282
0.284661 0.189026 0.660508
0.173252 -0.14674 0.947857
-0.465663 0.120722 1.78028
0.30683 0.180469 0.67502
0.0895616 0.0898401 0.812887
0.165227 0.117257 0.836731
0.0146938 -0.216972 0.858922
-0.283077 -0.0863238 0.78504
-0.260525 -0.255698 0.759666
-0.0207733 0.029219 0.849047
0.0702475 -0.125772 0.836339
0.0599372 -0.00465219 0.885171
0.0221734 -0.27318 0.862881
-0.0172348 0.0391687 0.867382
0.291215 -0.142781 1.0385
0.271275 0.105363 0.660511
0.272259 0.222706 0.700335
-0.0226959 -0.319966 1.12758
-0.239982 -0.125649 0.824364
-0.145421 -0.0143987 0.682985
-0.0250543 -0.145294 0.875191
0.145831 0.145625 0.739945
0.546031 -0.331423 0.956393
0.418336 0.105799 0.753873
0.368883 0.22977 0.709426
0.209275 -0.0656039 0.562064
0.147311 0.0237201 0.862666
0.407224 0.231999 0.712105
-0.0372088 0.0369805 0.785724
-0.430038 -0.218771 0.850909
0.148572 0.0714619 0.728208
0.346732 -0.0560229 0.791312
0.310553 0.57368 1.74734
-0.806605 0.19839 1.37948
0.156143 0.579771 1.74613
-0.671875 0.516004 1.59269
0.0757998 0.0459661 0.920785
0.271572 -0.0502536 0.79589
0.200053 -0.188243 0.627618
-0.137318 -0.213079 0.881253
0.164528 -0.224743 1.06001
-0.150801 -0.0146029 0.713203
0.36883 -0.0335416 0.763457
0.160538 0.080475 0.674752
0.184409 -0.0918672 0.897166
0.161074 -0.0380912 0.974488
-0.0893542 0.0178137 0.786585
0.297531 0.00860665 0.665182
-0.114949 -0.0118217 0.539398
0.170335 0.00592766 0.920182
0.196999 -0.0289599 1.04914
-0.118778 0.000270846 0.703857
0.254555 0.107038 0.804303
0.382765 -0.0555539 0.647048
0.167881 0.00466983 0.91167
-0.140261 0.000637198 0.830418
0.131417 -0.132226 0.939192
0.136077 -0.317189 0.969459
0.104882 -0.272255 0.915167
0.395808 -0.0916632 0.828537
0.0618738 -0.182173 0.88798
-0.23076 -0.237659 0.862047
-0.148057 -0.0641959 1.00454
0.124596 0.103035 0.859104
0.15006 -0.0370863 0.913046
-0.0911588 0.00399106 0.81026
0.14654 0.0172455 0.665542
-0.431892 -0.175017 0.76593
0.0657743 0.0955542 0.875974
0.15705 0.148445 0.736998
-0.188262 0.480485 1.7304
0.262008 0.222447 0.718998
0.216002 -0.049786 0.773261
-0.202959 -0.303149 0.990158
0.619503 -0.132591 0.997575
-0.012566 -0.0732957 1.06592
0.262399 -0.11035 0.861135
0.113583 -0.0148515 0.7811
-0.21593 -0.0395025 0.797112
0.381592 0.0984678 0.659437
-0.728211 0.275665 1.45278
-0.297789 0.459704 1.44483
-0.231149 0.591299 1.69604
-0.79262 0.328759 1.4572
-0.663448 0.274607 1.44266
0.358203 0.19153 0.697629
-0.790836 0.281707 1.58296
-0.0108393 -0.168762 0.840934
-0.654697 0.233016 1.30856
-0.122452 0.468187 1.67397
-0.827391 0.338006 1.41815
0.359995 -0.0316882 0.657522
-0.841644 0.0443531 1.42627
-0.474216 0.123964 1.81996
-0.0825334 -0.210619 0.878211
0.317675 -0.036002 0.678982
0.0321775 -0.163325 0.899234
0.173354 0.0268581 0.704134
-0.0631724 0.00831616 0.868865
0.0873382 0.0218135 0.781896
0.0245867 -0.215225 0.827936
0.31337 -0.060734 0.736701
0.183932 0.0964473 0.734985
0.0852691 -0.0619338 0.90116
0.319865 0.10142 0.675245
0.18022 -0.0285684 0.75577
-0.0355443 0.0166138 0.892585
-0.203899 -0.104882 0.63473
0.101568 0.106985 0.790531
0.133745 -0.0840166 0.90627
0.084232 0.377373 1.64637
-0.766099 0.276928 1.38475
0.347804 0.0733808 0.813928
-0.594385 0.115599 1.64644
-0.303819 0.335593 1.90716
-0.0999278 0.280283 1.19701
-0.572485 0.0732529 1.61672
-0.138464 -0.180144 0.885411
-0.594648 0.155115 2.25524
-0.47483 0.375614 1.5073
-0.0542521 -0.028851 0.811928
0.267955 0.0123284 0.634898
-0.794541 -0.146065 1.29362
0.264004 0.0649342 0.706873
-0.774253 0.283135 1.32782
0.338356 0.185486 0.717138
-0.0172262 0.0626185 0.870657
0.545903 -0.314824 1.12045
0.651679 -0.266982 1.10375
-0.421677 -0.173377 0.700002
-0.329641 0.20663 1.8425
-0.118888 0.35418 1.52169
-0.835914 0.0389408 1.41554
-0.243068 0.335219 1.65619
-0.284677 0.463168 1.60448
-0.816361 0.0245446 1.92611
-0.320928 0.433798 1.81255
0.110252 0.500258 1.58322
-0.213549 0.474728 1.62403
0.194579 0.106127 0.761191
-0.528456 0.364669 1.54097
-0.787713 0.467809 1.40224
-0.409305 0.512046 1.60854
-0.357804 -0.195104 0.885744
-0.400272 0.44054 1.74107
0.365816 0.0638964 0.694681
-0.279349 0.41569 1.56922
0.133427 -0.139633 1.07528
-0.604987 0.42701 1.71671
-0.287452 0.307184 1.75787
0.25958 0.108372 0.671095
-0.25626 -0.121713 0.516115
0.0497252 0.449658 1.7423
-0.465782 -0.184411 0.851159
0.270953 0.218291 0.753107
0.390833 -0.0915216 0.933861
-0.639821 0.277954 1.79562
0.180861 0.0118274 0.880239
0.264674 -0.185387 0.682703
0.473217 -0.383584 1.15986
0.0973264 0.00333875 0.850842
0.370122 -0.0553137 1.4568
0.392903 -0.0958447 0.943173
0.303108 -0.171367 0.871068
0.0872962 -0.0213046 0.693236
0.548275 -0.324738 1.05286
-0.526197 -0.189071 0.909058
0.267078 -0.0450236 0.927826
0.267713 0.217541 0.690769
0.0111121 -0.176029 0.860643
-0.22472 -0.276356 0.828842
-0.0986645 -0.0173421 0.871393
0.439012 -0.347772 1.04274
0.275153 0.0384264 0.69151
0.11126 0.00789977 0.918021
0.0157154 -0.135255 0.860141
0.247048 -0.30588 0.900166
0.257392 -0.198261 0.707055
-0.273126 -0.0920111 0.821474
0.123449 0.101647 0.858431
0.336924 -0.048408 0.781775
-0.0521894 0.0337697 0.688554
-0.0942084 -0.0171387 0.812628
-0.0486461 -0.0576807 0.85946
0.00577377 -0.154896 1.00623
-0.426141 -0.192284 0.864011
0.643778 -0.208086 1.03351
-0.0143665 0.0398636 0.857224
-0.0493832 0.0211452 0.845968
-0.189826 -0.0872004 0.827221
0.0415714 -0.273397 0.887761
-0.0268403 -0.240632 0.884362
-0.0276649 0.0468992 0.870094
-0.270249 -0.14096 0.880534
-0.415967 -0.19056 0.83474
0.0516644 0.080577 0.77713
0.0937568 0.093525 0.845475
0.112312 -0.0440563 0.806485
-0.363824 0.330918 1.21455
-0.0568862 -0.0464342 0.896346
-0.305117 -0.0852436 0.789082
-0.178336 -0.0270198 0.816526
-0.225037 -0.154343 0.882351
0.0136474 -0.0565514 0.923759
0.0980216 -0.327305 0.959986
0.102776 -0.0922029 0.919207
0.302286 -0.0538058 0.883876
0.126181 0.060282 0.816694
0.239026 -0.079796 1.23022
0.351661 0.0906016 0.615108
0.259832 0.0623939 0.700928
0.105101 0.0583932 0.883973
-0.144706 -0.0224304 0.605702
-0.111176 -0.0182796 0.343741
0.167631 -0.178367 0.897434
0.359572 -0.297297 0.893222
-0.285019 -0.0620965 0.901234
0.359976 0.146937 0.706143
0.0294911 0.0538112 0.819517
-0.0254375 0.00912086 0.865241
0.0479309 0.0340553 0.84061
0.201597 -0.0181318 0.85728
0.412285 0.250107 0.727494
0.282196 0.0963816 0.708928
0.392415 -0.0708703 0.812497
-0.0310243 -0.0197806 0.97225
0.295956 0.177052 0.703416
-0.357643 -0.124787 0.644812
-0.0122044 -0.194903 0.881407
-0.326112 -0.0972863 0.764667
0.39001 -0.204365 1.02376
0.372088 0.117042 0.698447
0.377944 -0.0674115 0.783758
-0.412334 -0.207019 0.752336
-0.121805 -0.0274926 0.658386
-0.135586 -0.0765513 0.883995
-0.242082 -0.14624 0.913612
-0.483326 -0.223 0.846173
-0.0734322 -0.0849407 0.780037
-0.0943064 -0.0126788 0.919721
-0.102719 -0.180252 0.868899
-0.126561 -0.268119 0.944663
-0.0118086 -0.305519 0.909317
-0.116638 -0.207026 0.804815
-0.0749718 -0.217231 0.850195
-0.0147644 -0.288165 0.882429
-0.0166409 -0.233987 0.826702
-0.075679 -0.170568 0.889334
-0.0274498 -0.23692 0.87196
-0.28216 -0.25822 0.848722
-0.219547 -0.275161 0.82415
-0.283245 -0.280954 0.837725
-0.750853 0.427414 1.64446
-0.725234 0.275631 1.44551
-0.785092 0.318987 1.63958
-0.676818 0.447666 1.35823
-0.170102 -0.229888 0.837972
-0.190499 -0.238298 0.82543
-0.167443 -0.253717 0.83622
-0.885498 0.346095 1.30136
-0.849229 0.4256 1.56676
-1.20034 0.37689 1.76809
-0.801283 0.332817 1.53596
-0.548419 0.517475 1.56543
-0.941315 0.336967 1.54967
-0.868505 0.430166 1.40742
-0.898098 0.439479 1.35964
-0.843075 0.412169 1.42238
-0.791406 0.472694 1.41294
-0.905953 0.0151085 1.76638
-0.754351 0.286675 1.68823
-0.9617 0.0616153 1.46688
-0.765304 0.0874633 1.48008
-1.01172 0.303384 1.68469
0.423558 0.578921 1.78231
-0.435858 -0.149387 0.673997
-0.307102 -0.0960928 0.680901
-0.406077 -0.143444 0.833478
-0.365439 -0.301155 0.860043
-0.78899 -0.00927127 1.31164
-0.404255 -0.314802 0.869676
-0.287791 -0.120821 0.83505
-0.865165 -0.0455851 1.42827
-0.408296 -0.207087 0.800843
-1.00431 -0.0143922 1.54135
-0.944351 -0.067185 1.51253
-0.42515 -0.221307 0.901401
-0.377317 -0.210087 0.927594
-0.400211 -0.221908 0.673486
-0.435617 -0.163384 0.778299
-0.536564 -0.195651 0.92178
-0.51872 -0.201623 0.766661
0.169739 0.147832 0.675649
0.0731798 -0.0707233 0.927248
0.199676 0.136221 0.639249
0.31763 0.0885983 0.66603
0.0139944 0.0772035 0.845155
0.0926153 0.0487346 0.772069
0.206 0.104375 0.770924
0.299942 -0.0548101 0.703219
0.176501 -0.0299444 0.93778
-0.166801 -0.137419 0.72914
-0.00532911 0.00835247 0.642
0.26314 -0.0643683 0.817157
0.233943 -0.033322 0.791195
0.429165 -0.0995073 0.849269
0.115387 -0.239166 1.01605
0.246356 -0.14504 0.68202
0.320251 -0.0524199 0.650475
0.021268 -0.179908 0.792141
-0.784387 0.279958 1.52983
-0.064823 -0.0665509 0.840306
-0.105598 -0.308398 1.28219
-0.19151 -0.260394 1.13352
-0.21879 -0.142841 0.771978
0.3249 0.00946352 0.755243
0.262362 0.0343794 0.658799
0.302689 -0.231902 1.01693
0.247243 0.155648 0.692698
0.0659012 -0.0174112 0.918203
0.33858 0.0472507 0.664172
0.254197 0.103592 0.656004
0.0486882 -0.155374 1.20393
0.230812 0.000228637 0.67793
0.0914069 0.163533 1.47172
0.205936 0.183682 0.732396
0.192137 0.166854 0.73768
-0.907175 0.183437 1.45073
-0.983368 0.181251 1.50483
-0.150194 0.444441 1.64551
-0.233201 0.387461 1.6858
-0.08676 0.481574 1.74938
-0.0804026 0.370432 1.70075
-0.923304 0.163948 1.36423
-0.878651 0.225678 1.57524
-0.0652174 0.429181 1.8136
-0.237261 0.618405 1.77592
-0.939993 0.256622 1.42174
-0.391084 0.464482 1.68847
-0.0692538 0.532195 1.67906
-0.218653 0.468964 1.61352
-0.416207 0.511953 1.55132
-0.323773 0.369786 1.62537
-0.089246 0.503621 1.59456
-0.428681 0.46806 1.57647
-0.352415 0.489915 1.67561
-0.380642 0.516744 1.51049
-0.0407436 0.0423575 0.901629
0.279501 -0.173459 1.00498
-0.530427 0.252244 1.58549
-0.500647 0.160516 1.51617
0.228011 -0.0251139 0.86853
0.181102 -0.0248634 0.887745
0.0423399 -0.147164 0.854121
0.207388 -0.00829099 0.802444
0.297173 -0.04663 1.01204
0.00439292 -0.130648 0.861689
0.104729 -0.132954 0.900232
0.198569 -0.287601 1.0067
0.240116 -0.266235 1.10737
0.000956227 -0.0385012 0.913903
0.249015 -0.259151 1.01633
0.0704807 -0.298764 0.920613
0.0184279 -0.00284234 0.866532
0.0401273 -0.269542 0.87141
0.0378382 -0.255087 0.878635
0.125838 -0.335205 0.909945
0.075855 -0.240767 0.890548
0.171505 -0.24265 1.03646
0.106162 -0.210557 0.907079
0.532054 -0.0168823 0.925744
0.0146338 -0.222105 0.877275
0.375909 -0.0342191 0.653393
0.60988 -0.184945 1.01442
0.658317 -0.320541 1.14965
0.382221 -0.353968 0.985093
0.618918 -0.331145 1.05641
0.620445 -0.346876 1.12671
0.657349 -0.258563 1.09815
0.691968 -0.348651 1.09387
0.522919 -0.376988 1.06997
0.338663 -0.253236 0.909498
0.203456 0.176456 0.751145
0.275188 0.522849 1.74056
0.0152202 0.424546 1.63537
0.168221 0.505277 1.5258
0.129433 0.587724 1.62116
0.0655377 0.403155 1.73157
0.142157 0.141253 0.749356
0.222555 0.191494 0.78926
0.148565 0.566286 1.77942
0.257827 0.584486 1.64888
0.200413 0.0589886 0.889957
0.190789 0.0893741 0.851473
0.163393 0.100208 0.881995
0.0962893 0.0759449 0.849009
0.260432 0.133441 0.776503
1.11726 0.581267 1.6681
0.385166 0.180832 0.694384
1.11367 0.527997 1.70097
0.271681 0.159631 0.698969
0.252685 0.157967 0.728991
0.265103 0.23307 0.722321
0.335557 0.202819 0.662022
-0.324342 -0.128672 0.772105
1.16996 0.0515516 1.84197
0.375364 0.17143 0.809946
0.0631695 0.0668272 0.868694
0.0886324 0.114928 0.85081
-0.462102 -0.185962 0.733925
-0.250155 -0.26611 0.838192
-0.159458 -0.00833271 0.938742
0.150526 0.153755 0.843083
-0.209072 -0.0777603 0.832278
-0.310272 -0.112539 0.802942
0.18016 0.163074 0.851898
0.287196 0.212767 0.675569
0.117069 0.117268 0.814067
0.31049 0.197041 0.677102
0.186359 0.118384 0.761547
-0.409553 -0.150589 0.829945
0.0346379 0.0558069 0.812434
0.223923 0.0175604 0.909251
0.109637 0.00763417 0.895339
0.311095 0.203944 0.660714
0.133859 -0.0678837 0.911459
0.0166461 0.0424472 0.874459
0.0541396 -0.0237619 0.903391
0.0581342 -0.00491121 0.861033
-0.332111 -0.075375 1.03621
-0.0462996 -0.02594 0.860741
0.177162 -0.0545863 0.885053
-0.214486 -0.303699 0.925895
-0.0260078 -0.150072 0.902138
0.128205 -0.293003 0.855932
-0.0278846 -0.249504 0.85967
-0.0178519 -0.253667 0.894525
0.152044 0.0246332 0.890609
0.0489754 -0.311565 0.898624
-0.29581 -0.292286 0.871293
-0.0306254 -0.165961 0.881794
0.373536 0.218725 0.709713
0.277338 -0.0588408 0.554669
-0.342123 -0.303617 0.899339
0.369224 0.143624 0.664571
0.595502 -0.359732 1.03825
0.248384 -0.127693 0.804769
-0.180514 -0.219535 0.894363
0.421811 0.245235 0.735723
0.392098 -0.207206 1.03101
0.344679 -0.0718463 0.676019
-0.324588 -0.288935 0.852412
0.0555967 -0.347402 1.0105
0.0418498 -0.0469461 0.83344
-0.00235582 -0.0379697 0.870768
0.40681 -0.248647 1.01596
0.124569 -0.2855 0.836224
-0.241122 -0.0659249 0.840602
-0.206789 -0.0365231 0.745254
-0.368455 -0.117891 0.796452
-0.136197 -0.000257578 0.825173
0.0363593 -0.0214221 0.216917
0.0464382 0.0833957 0.850564
-0.472827 -0.175811 0.866173
0.582683 -0.282354 1.06062
0.261241 0.217201 0.721008
0.279708 0.121216 0.734331
-0.369324 -0.13576 0.688666
-0.334853 0.363106 1.57956
-0.470381 0.151082 0.814482
-0.098768 0.554843 1.74412
-0.617552 0.278157 1.69597
0.0387097 0.534275 1.726
-0.0905832 -0.152366 0.711491
-0.517009 0.433847 1.47064
0.0271893 -0.130234 0.885797
-0.430383 -0.216002 0.785432
-0.808435 0.252379 1.4869
0.124656 0.467916 1.62515
-0.444616 0.239945 1.65676
0.113057 0.444062 1.87063
0.040089 0.0686158 0.868498
-0.126072 0.459797 1.74813
-0.429134 0.519563 1.51037
-0.385776 -0.135963 0.708942
0.0382128 0.582639 1.69731
0.246812 0.209243 0.70559
-0.112027 -0.051001 0.836076
0.599181 -0.335948 1.218
0.24477 0.132899 0.90852
0.380697 0.18961 0.723517
0.149797 0.110063 0.842722
0.0107483 0.0564675 0.807548
0.0745856 0.0726434 0.858032
0.259017 0.200747 0.615034
0.33303 0.154839 0.676914
-0.668568 0.376275 1.41916
0.179795 0.470644 1.66581
-0.469213 0.240563 1.7765
0.109829 -0.118378 0.932088
0.33008 0.219537 0.664617
0.308453 0.00960121 0.689437
-0.0462954 0.345456 1.84599
-0.421886 0.280088 2.44647
-0.693015 0.467772 1.48114
0.0715654 -0.113803 0.883538
-0.563774 0.404161 1.58945
-0.343764 -0.197476 0.680584
0.0934237 -0.101562 0.917655
0.202369 0.0406729 0.914868
-0.204079 -0.297921 0.845615
-0.0647736 -0.312723 0.905623
-0.250959 -0.0358669 0.995718
-0.0820678 0.563426 1.67617
-0.245283 -0.062219 0.810127
0.244379 0.0812297 0.874518
0.275556 0.225686 0.706102
0.303654 -0.112145 0.689709
0.402434 -0.154317 0.920914
0.267276 -0.0192612 0.741666
0.403984 0.17342 0.744599
1.07854 -0.34074 2.04305
0.358077 -0.105948 0.770551
0.142684 0.124469 0.925933
0.314998 -0.111444 0.711508
0.36865 -0.0243222 0.799666
-0.208167 -0.134352 0.840956
0.0717683 -0.11613 0.88793
0.0989316 -0.0899315 0.877948
0.0881667 0.0375263 0.804793
0.197816 0.155963 0.745329
0.636883 -0.195262 1.04392
0.0250554 -0.120916 0.862885
0.146019 0.158582 0.882433
0.401324 -0.152836 0.914894
0.692377 -0.341469 1.1084
0.0467418 0.0856118 0.714762
0.170894 0.163064 0.884634
0.130252 0.142492 0.825722
0.0201608 0.0762771 0.807394
0.64347 -0.149449 1.05882
0.157944 -0.0122099 0.876152
0.235919 0.118 0.71821
0.654775 -0.123489 1.0521
-0.0141625 0.0737326 0.861109
0.518422 -0.302861 0.998033
-1.49137 0.2955 2.71303
0.0891671 0.0385865 0.801346
-0.149961 -0.0296011 0.756379
0.265894 0.035697 0.728974
0.171814 0.0340436 0.819825
-0.411211 0.387488 1.36855
-0.244082 0.415201 1.67645
0.180952 0.529746 1.74979
-0.726761 0.0205135 1.69973
-0.669172 0.13384 1.45012
-0.45568 0.233995 1.72198
-0.188287 -0.225551 0.901393
-0.774005 0.263819 1.50647
0.232288 0.159903 0.718689
-0.582198 0.230066 1.26943
-0.540119 0.371901 1.5271
-0.429964 0.213995 1.62234
-0.851703 0.0449408 1.63858
-0.175484 -0.130278 0.819249
-0.713957 0.23995 1.38606
-0.408913 0.458238 1.60021
-0.253125 0.26627 1.53629
-0.391452 0.433114 1.52952
0.413586 0.0972183 0.678671
-0.244971 0.470427 1.54793
-0.915814 0.267015 1.47471
-0.161096 0.414309 1.48401
0.328499 -0.0483343 0.763549
-0.541984 0.241292 1.4786
-0.271766 0.458027 1.80427
-0.407084 0.505464 1.59821
-0.331337 0.351267 1.53529
-0.130904 0.466939 1.79246
0.0334694 0.47676 1.65599
0.500743 -0.0456176 0.86728
0.321509 0.195302 0.732489
0.10801 -0.0796415 0.984728
-0.393248 -0.136427 0.744683
-0.0897733 0.487317 1.53706
-0.846263 0.512019 1.48238
0.732511 -0.29493 1.23743
-0.373207 0.502741 1.48667
-0.773337 0.266663 1.37422
-0.0754917 -0.2169 0.852681
-0.799991 0.477502 1.52556
0.504134 -0.248759 1.03209
-0.432819 0.508288 1.86631
0.199265 0.0295866 0.811147
-0.460165 -0.179075 0.804363
-0.729767 0.433776 1.38923
0.181374 -0.0404504 0.950881
0.388746 -0.053599 0.891271
0.551006 -0.0849118 0.924944
-0.480155 -0.191963 0.777176
-0.831923 0.241967 1.36513
-0.853142 0.0069129 1.55251
-0.175086 0.475388 1.67685
0.0344217 0.480512 1.667
-1.06472 0.53225 1.63431
0.208427 0.116288 0.750618
0.0528184 -0.253075 0.906111
-0.162063 -0.0357352 0.891595
0.541908 -0.2641 1.10245
-0.0173663 0.463897 1.7536
-0.320128 0.431722 1.80487
-0.513604 0.513714 1.46687
-0.712134 0.176309 1.48095
0.0758766 -0.158186 0.813301
-0.276775 -0.192353 1.02103
-0.117683 -0.265528 0.913631
-0.760253 0.460309 1.33682
0.389478 -0.203061 1.0228
-0.188934 0.53472 1.86324
-0.520101 0.510527 1.58508
0.0757824 -0.0597575 0.87406
0.222978 -0.000864489 0.869111
0.451926 0.583954 1.63512
-0.179013 -0.0489722 0.687502
-0.892281 0.311365 1.59823
-0.832984 0.263564 1.5382
-0.0097824 0.0162052 0.846435
-0.350855 0.513394 1.55671
-0.0848923 -0.0138717 0.323565
0.187922 -0.0200288 0.705114
0.278023 0.532647 1.51182
0.211758 -0.229566 1.07701
-0.209364 -0.141657 0.926392
0.252524 0.215247 0.724086
0.331482 -0.0312272 0.687378
-0.191842 -0.239869 0.836797
-0.333158 -0.124303 0.533371
-0.385235 -0.152912 0.733304
0.161143 -0.0118063 0.645259
0.431462 0.185581 0.714904
0.152481 -0.0987234 0.929032
0.267045 -0.0585683 0.820852
0.193658 0.108108 0.69876
0.155545 0.0959618 0.846909
0.0612219 -0.00555039 0.899462
-0.367628 -0.124253 1.10538
-0.321449 -0.281795 0.853307
0.274705 0.0375197 0.689385
0.290406 0.148673 0.665959
0.551418 -0.26348 1.08354
0.282024 0.0443783 0.770586
0.261065 -0.139464 0.77214
-0.221272 -0.279221 0.979639
0.260299 0.148558 0.58021
-0.16954 -0.223485 0.805417
-0.336373 0.42333 1.95166
0.24765 -0.0488775 0.737624
0.105619 0.126028 0.803415
-0.138387 -0.210624 0.882221
-0.117087 -0.0232898 0.691324
-0.650924 0.189371 1.11039
0.203681 0.0705697 0.857451
0.273616 0.15742 0.704784
0.332507 0.0235662 0.669726
0.649114 -0.140394 1.04558
0.146649 -0.205427 0.961457
-0.635231 0.472291 1.46036
-0.08894 -0.267839 0.862239
-0.0761843 -0.257466 0.855171
0.175146 0.0245704 0.720023
-0.440389 -0.229564 0.940343
0.100106 -0.0528632 0.891466
-0.333711 -0.20782 0.902336
0.14048 0.130675 0.841988
0.201856 -0.0150499 0.951599
-0.318239 -0.0952213 0.749205
0.0593975 -0.0473543 0.69827
0.017793 0.0435834 0.915595
0.147766 -0.0714194 0.976925
0.178371 -0.156747 1.05197
-0.160245 -0.0628039 0.877161
-0.314635 -0.101142 0.837263
0.164236 -0.0558806 0.852968
0.391143 0.0511926 0.682125
-0.074475 -0.166087 0.83751
0.348451 0.152326 0.655604
0.345119 0.0650794 0.66061
-0.0527032 -0.161151 0.865528
0.292295 -0.10242 0.662036
-0.148544 -0.0331498 0.804132
0.211718 0.143622 0.8039
0.398017 -0.1318 0.88463
0.0632361 -0.115898 0.808655
0.390642 -0.129063 0.868304
0.0739133 0.0708567 0.841635
0.38252 0.112379 0.673233
0.0939718 -0.0650011 0.905683
0.00842261 0.0719869 0.824636
0.406234 -0.119696 0.86963
-0.285192 -0.0958395 0.565845
-0.297057 -0.102263 0.564311
-0.346746 -0.116418 0.684286
0.279371 0.117427 0.719357
0.379644 -0.0171261 0.893089
0.276376 -0.0507074 0.727979
0.330923 0.226381 0.680634
0.160805 0.141544 0.84907
-0.0126494 -0.193082 0.868141
0.138774 -0.0455694 1.02708
0.357431 0.249363 0.677179
-0.175482 -0.066633 0.661045
0.366253 0.11526 0.657714
0.0519006 -0.272664 0.899672
0.0118575 -0.176595 0.861663
0.189227 -0.0964137 0.929482
0.309771 0.0199597 0.62738
0.245402 0.102121 0.64608
0.276221 0.0388555 0.693848
0.284786 0.147092 0.654373
-0.0401211 0.312559 1.62179
0.138192 -0.0440683 1.01787
0.0172501 -0.174307 0.912532
0.00144285 -0.00352226 0.894898
0.0497283 -0.147825 0.932772
-0.837284 0.4528 1.50629
-0.201068 -0.135907 0.828947
0.274999 -0.0229428 0.764137
-0.620178 0.46152 1.43154
0.00919107 -0.128541 0.782763
0.0127461 0.0542341 0.852804
-0.854117 0.247532 1.3738
-0.34984 0.479371 1.64511
-0.0487499 0.273275 1.15502
-0.412381 0.33964 1.56929
-0.863987 0.00283398 1.57389
-0.508975 0.494681 1.54859
-0.793852 0.296862 1.41628
-0.293323 0.372417 1.7304
-0.0983718 0.555062 1.75344
-0.870286 0.183511 1.42471
-0.233199 0.37162 1.63781
-0.709489 0.28389 1.51681
-0.202444 0.195464 1.48926
0.408863 0.524885 1.56217
0.353409 0.0718805 0.667374
-0.428294 0.514295 1.49766
0.151268 -0.0531175 0.889621
0.0338956 -0.0389989 0.869869
0.195815 -0.0428767 0.616985
0.289092 0.151444 0.749947
-0.0710107 -0.20056 0.856838
0.377744 -0.233893 0.946875
0.256488 -0.129946 0.643274
-0.329063 -0.203565 0.85957
-0.0813365 -0.207847 0.863527
0.137789 -0.213761 0.851561
0.315345 -0.0889055 0.816186
-0.137157 -0.204947 0.866426
-0.334163 -0.203854 0.826186
-0.411017 -0.125719 0.940818
0.361737 0.0817236 0.680125
0.107756 -0.280495 0.942016
-0.627343 0.464828 1.43187
-0.356387 -0.156167 0.862555
0.0764312 0.072617 0.858638
-0.436304 -0.149522 0.673628
0.297826 0.19892 0.684838
0.219195 -0.110694 0.875092
-0.0623019 0.0333181 0.775334
0.0132418 0.0494757 0.76986
-0.19212 -0.240656 0.835264
-0.266911 -0.284642 0.898065
0.0579559 -0.0232172 0.936381
0.0470457 -0.310661 0.897168
0.186835 0.106141 0.854621
0.282633 0.18746 0.676687
-0.0276633 -0.257768 0.89092
-0.215781 -0.269691 0.806929
-0.221442 -0.248377 0.818067
0.287368 0.222066 0.767317
-0.038652 0.0379877 0.823571
0.350698 0.184412 0.71326
-0.085954 -0.04992 0.895192
0.0131185 -0.0558445 0.905559
0.00232012 -0.170085 0.859632
0.17671 0.165603 0.822631
-0.151628 -0.265691 0.853209
0.126629 -0.184054 0.96926
-0.0364067 -0.182331 0.865038
-0.0694414 -0.199332 0.851076
0.385244 0.111247 0.685435
-0.256049 -0.275901 0.842446
-0.369462 0.500804 1.47765
0.210715 -0.0289896 0.793449
0.216532 -0.152038 0.947025
0.106354 -0.221195 0.890725
0.226663 -0.001225 0.881228
-0.404837 -0.150694 0.665549
0.0599594 -0.178964 0.869237
-0.261993 -0.259083 0.771555
0.291368 0.198921 0.79964
0.284144 -0.127246 0.93068
-0.183501 -0.0898598 0.883118
0.201554 0.0716362 0.861406
0.256095 0.108125 0.673537
0.541854 -0.25557 1.05873
0.510709 -0.396049 1.19799
0.353114 -0.327139 0.91408
0.399459 -0.296403 1.06661
-0.218276 -0.0812091 0.870601
0.525239 -0.339005 0.950821
0.283224 0.124661 0.662998
-1.39857 -0.219204 2.48998
0.366517 0.0824798 0.688436
-0.138312 -0.207032 0.875763
0.501557 -0.242906 1.08056
-0.115203 0.00279039 0.990862
0.126364 0.126224 0.887325
-0.284589 -0.121566 0.760913
-0.374672 -0.124415 0.746531
0.0551564 0.0845792 0.807162
-0.219632 -0.0597533 0.768426
-0.391845 -0.176488 0.793893
-0.337534 -0.0981098 0.816016
-0.0881345 0.00170414 0.678095
-0.0210667 0.055948 0.793893
0.205651 -0.137957 1.02282
0.114021 0.117813 0.856665
0.090418 -0.100033 0.897579
0.198507 -0.0274738 0.755737
0.226306 -0.0238858 0.839403
0.406147 -0.0346905 0.838352
0.0670834 0.0626639 0.937018
0.442587 0.0465368 0.716715
0.148351 -0.0382402 0.909837
-0.297699 -0.0867783 0.726183
-0.0583852 -0.235277 0.894828
-0.0299423 -0.0245061 0.0702552
0.0166965 -0.225502 0.893559
-0.198232 -0.0183111 0.820609
0.000932036 -0.00987417 0.866284
0.0381514 0.0251421 0.63322
0.201722 -0.268474 1.0564
-0.0492509 -0.0608057 0.922555
0.17918 -0.0794839 0.777368
0.0329868 -0.0471218 0.903479
-0.255688 -0.243882 0.835006
0.370244 0.153504 0.739459
0.194367 0.0138124 0.881867
0.172095 0.00567959 0.7003
0.0352642 0.0260548 0.856465
-0.0308163 -0.15717 0.846666
-0.0518987 -0.168662 0.861951
0.0655116 -0.122791 0.839341
0.161682 0.00693033 0.653476
0.261663 0.170971 0.7429
0.226217 0.151571 0.845986
-0.093928 -0.055349 0.741426
0.315149 0.232893 0.692433
0.0861843 -0.0804481 0.90457
0.345503 0.123127 0.674619
0.297357 -0.169046 0.736543
0.339235 -0.0281283 0.737831
0.145906 -0.0630996 0.888983
0.500758 -0.276695 1.09356
0.255463 0.120689 0.705904
0.166588 -0.0582791 0.87961
0.275227 -0.0881098 0.604062
0.340457 0.135647 0.658326
0.0821871 -0.0298546 0.927835
0.255213 -0.233023 1.12057
0.195553 -0.0983198 0.952858
0.416536 0.233189 0.727408
0.278181 -0.0845776 0.913043
0.103369 0.0884691 0.879565
0.30027 0.154413 0.685972
0.0386407 -0.214238 0.892189
0.268359 0.229679 0.740066
0.211723 0.034547 0.854846
0.128143 -0.291282 0.893527
0.0989497 0.00244007 0.886761
-0.869687 0.447902 1.43534
0.0117793 0.0558104 0.794864
-0.484939 0.492342 1.55377
-0.28811 0.314619 1.79343
0.335105 0.118034 0.709394
-0.631531 0.23471 1.42902
-0.488962 0.130369 1.44761
-0.553218 0.541642 1.52295
-0.69128 0.455224 1.38493
0.105827 -0.0762106 0.915522
-0.223029 0.547497 1.6778
0.243531 0.197857 0.616978
-0.71763 0.22816 1.69316
-0.674645 0.379563 1.448
-0.269662 0.530435 1.56552
0.00298508 0.514717 1.54736
0.00424876 0.53359 1.59911
-0.0240444 -0.206166 0.86231
-0.351257 -0.195964 0.702711
-0.488682 0.488799 1.46495
-0.466696 0.471273 1.4863
0.269955 0.201829 0.7226
0.126422 0.259526 0.948907
0.311493 -0.063686 0.625775
0.285009 -0.113077 0.659756
0.083572 -0.128504 1.03465
-0.0212343 0.0559233 0.813981
0.13277 -0.0485445 0.919343
0.277279 -0.116876 0.902171
-0.333867 -0.110307 0.919724
-0.366439 -0.108498 0.865986
-0.474475 -0.172445 0.817972
0.22947 -0.0371363 0.818915
0.140165 -0.0801339 0.903208
0.10446 0.11033 0.632428
0.420929 -0.212126 0.867635
-0.0561273 -0.02515 0.907037
0.319639 0.0184661 0.643824
0.357842 0.236343 0.688456
0.0537888 0.0329558 0.72005
-0.209438 -0.228299 0.866251
-0.155346 -0.273499 0.8824
-0.0522673 0.0303257 0.811798
0.014677 -0.00433696 0.880272
-0.0785126 -0.0896572 0.822417
-0.158496 -0.0622577 0.848706
0.0714205 -0.0951085 0.86871
0.0256421 0.0524905 0.83823
0.307489 0.260627 0.739158
0.323194 0.0042003 0.732077
0.0604619 -0.223015 0.882128
0.20241 0.130601 0.770011
0.275777 0.244361 0.695203
-0.242855 -0.160437 1.02941
0.0474538 -0.295128 0.873357
0.283097 0.102345 0.791654
-0.288159 -0.185015 0.841384
0.00753925 -0.165319 0.835801
0.423318 -0.177244 0.809765
-0.224201 0.380281 1.56618
0.162291 0.0804561 0.861227
0.150807 0.0749522 0.817715
0.586066 -0.281131 1.06651
0.256548 0.106948 0.666132
0.219593 0.126495 0.776886
0.334577 0.157604 0.680635
0.136636 -0.0805507 0.719694
0.409637 -0.0140428 0.726739
0.363899 0.112443 0.649865
0.144824 -0.130532 1.05942
0.353281 0.19016 0.691658
-0.207318 -0.0622684 0.657453
0.325518 -0.124788 0.741355
0.0951539 -0.0686648 1.14618
0.389016 -0.0141665 0.687652
0.195168 0.110918 0.878328
0.0893633 -0.0553793 0.917126
0.617435 -0.290803 1.20287
-0.466967 -0.261437 0.868102
0.159423 -0.225158 1.05229
0.219412 -0.0491815 0.782102
0.439348 -0.0974418 0.838477
-0.374755 -0.236312 1.0316
-0.203547 -0.0904445 0.733479
-0.293947 -0.182292 0.781441
0.138991 0.104038 0.851696
-0.252901 -0.0723984 0.843896
-0.129588 0.552198 1.61225
-0.261515 0.330575 1.83853
0.162601 -0.0561481 0.944527
0.198685 0.132455 0.825885
-0.00629363 0.505515 1.50944
-0.266242 -0.179542 0.897121
-0.377967 -0.124635 0.773398
-0.382294 0.474387 1.49329
-0.812626 0.446703 1.43602
-0.444098 0.454662 1.49384
-0.964371 0.32641 1.47663
0.357924 0.191191 0.695848
-0.798154 0.103852 1.41687
-0.698601 0.145232 1.60506
-0.788528 0.0511548 1.62079
-0.684289 0.0215027 1.61575
-0.0270929 -0.251234 0.862956
-0.121408 0.456777 1.63268
-0.420898 0.379786 1.51938
1.09179 0.333409 1.63858
-0.649452 0.436601 1.38702
0.0619057 0.0393961 0.835227
0.213422 -0.0506067 0.982016
0.00493239 -0.1468 0.841865
0.0416721 0.105641 1.05644
0.324033 0.113193 0.638285
0.000699867 -0.0396293 0.933649
0.263685 -0.0461816 0.850193
0.296573 -0.0525992 0.778245
0.166536 0.118284 0.857256
-0.104819 -0.182665 0.879557
-0.152979 -0.0487665 0.805052
-0.0463504 -0.244667 0.872007
0.0329212 -0.0479089 0.815654
0.388693 0.0788947 0.739663
-0.16772 -0.225647 0.818795
0.17176 0.00842131 0.668624
0.273992 0.204706 0.635796
-0.0262948 -0.144539 0.865966
0.111948 0.00723984 0.948673
-0.205729 -0.0690601 0.403163
0.0130955 -0.165707 0.864021
0.00355151 -0.168471 0.852259
0.0539128 0.0642834 0.924656
0.320304 -0.0556199 0.837943
-0.228464 -0.101224 0.846457
0.00591069 -0.177926 0.902184
-0.0848511 -0.196718 2.32865
-0.40045 -0.138528 0.882585
-0.133864 0.00418045 0.845038
-0.108845 0.00119938 0.788067
-0.395352 -0.135308 0.759122
0.192396 -0.119284 1.14479
-0.0800127 -0.164095 0.824428
-0.0618084 -0.0195428 1.32989
-0.255498 -0.114207 0.499078
-1.25476 -0.457169 3.05393
0.290212 0.233054 0.639486
-0.266435 -0.106264 0.481736
-0.169454 -0.228785 0.832476
0.0587353 -0.00440915 0.906276
-0.159971 -0.0532568 0.796114
-0.343201 -0.126696 0.685965
-0.224849 0.0287776 0.892605
-0.103226 -0.000998517 0.825173
0.0251165 -0.217334 0.835631
0.274694 -0.118346 0.638857
0.323271 0.197257 0.737046
-0.0883776 -0.263227 0.843164
-0.100299 -0.0169153 0.623996
0.299596 0.106588 0.706921
-0.0813983 -0.208955 0.865784
-0.0262952 -0.0140345 0.278201
0.254926 -0.0536427 1.77778
-0.337001 0.315674 1.68108
-0.175703 0.437136 1.82854
-0.397637 0.456656 1.64647
-0.54494 0.480656 1.45346
-0.856175 0.439483 1.40906
0.105576 -0.221962 0.895505
0.127907 -0.0486244 0.897433
-0.0711308 -0.21404 0.860979
-0.60473 0.547188 2.21195
-0.8824 0.150156 1.59447
-0.310931 -0.180374 0.759003
0.140379 -0.0936598 0.871623
0.243548 0.214513 1.02571
-0.644226 0.277219 1.31432
0.0479905 -0.083202 0.847436
0.0246989 0.407279 1.41177
-0.339929 0.325202 1.72485
0.667628 -0.249053 1.14091
-0.924869 0.270975 1.59622
-0.959355 0.325071 1.46736
-0.151572 0.446207 1.65576
0.367597 -0.299293 0.905554
-0.877118 0.125376 1.43678
-0.947776 0.172838 1.44619
-0.754208 0.453321 1.43865
0.0354754 -0.215173 0.872138
0.216259 -0.106667 0.716769
0.288759 0.136413 0.798555
0.0836313 -0.0230338 0.859641
-0.00205829 -0.271656 0.884874
0.0818282 0.00438918 0.871846
-0.0431749 -0.128067 0.845313
-0.0733918 -0.25986 0.866721
-0.245075 -0.147624 0.868573
-0.153341 -0.0573812 0.249898
-0.280015 -0.103143 0.732139
-0.0974401 0.0240347 0.794004
0.258254 0.136489 0.716887
-0.111969 -0.00382003 0.767091
-0.159627 -0.0634103 0.608609
-0.0545028 -0.0298575 0.9178
0.207218 0.18589 0.749953
0.195482 -0.0577325 0.960913
0.107976 0.057816 0.877768
-0.831201 -0.0961381 1.44581
-0.133154 -0.197277 0.868154
-0.292209 -0.0729051 0.857697
0.0825898 0.127339 0.969041
0.0234236 -0.228676 0.909426
-0.0161276 0.0379056 0.845478
-0.304669 -0.122114 0.857082
0.0163863 -0.222745 0.884656
0.309906 0.10186 0.759207
-0.331713 -0.14581 0.789654
-0.449072 0.227186 1.71382
0.257869 0.203826 0.715727
-0.109846 -0.16629 0.754274
-0.120672 0.467373 1.67586
0.101142 -0.205093 0.877034
-0.0666998 0.427886 1.81166
-0.0604398 0.530346 1.61549
0.071964 0.570736 1.65008
0.138539 0.0653063 0.89007
0.0553211 0.1132 0.957085
0.0892104 0.453735 1.26436
-0.0906297 -0.0425342 0.909251
-0.731062 0.426966 1.36228
-0.0745981 -0.263782 0.824173
0.378963 0.140232 0.679262
-0.236894 -0.0934483 0.822711
-0.0218768 0.0286702 0.851927
-0.174024 -0.0657149 0.346777
-0.231911 -0.156142 0.789173
0.0406918 0.0467807 0.829808
-0.190206 -0.302074 2.55012
-0.394808 -0.143627 0.716119
-0.0802179 -0.170071 0.861184
-0.517906 -0.187816 0.876351
0.698407 -0.401261 1.32091
-0.240189 0.300623 1.66404
-0.0891158 0.523862 1.78992
-0.452506 0.464285 1.5271
0.201015 0.106257 0.780812
0.0277991 -0.0644043 1.00974
0.240596 -0.190022 0.958449
0.0877814 0.0322578 0.774812
0.259903 0.213076 0.671692
-0.0193708 -0.2371 0.901826
0.261175 0.151329 0.673591
0.284568 0.231817 0.638379
-0.313166 -0.116548 0.839451
-0.18261 -0.0657428 0.784396
0.255355 0.129996 0.665679
-0.073413 -0.0273689 0.200128
-0.015942 -0.0204067 0.0996436
-0.0903742 -0.0107369 0.174593
-0.803478 0.47361 1.5291
-0.510567 0.119785 1.65501
0.292774 0.192376 0.650572
0.327005 0.178424 0.699461
-0.0575633 0.037287 0.767463
-0.991793 0.440115 1.6417
0.14262 -0.0683069 0.945042
0.18438 0.0851991 0.808695
-0.872497 0.0505662 1.6997
-0.457339 0.419738 1.54189
-0.0661637 -0.0102918 0.204387
0.114103 -0.116424 0.952794
-0.181858 -0.244058 0.886252
0.00938808 -0.114103 0.888738
0.293805 -0.255115 0.867172
0.287537 0.50583 1.64386
-0.0743046 -0.166353 0.866923
-0.782857 0.0111624 1.61009
-0.280178 0.429179 1.61127
-0.218623 -0.144392 0.836352
-0.40825 -0.144643 0.742197
0.0145795 -0.222436 0.880312
-0.321159 -0.184861 0.866498
0.0166908 0.0362889 0.299468
-0.222261 -0.148169 0.852461
0.183244 0.103312 0.835511
-0.0199509 -0.0668748 0.860701
0.285904 0.245978 0.689159
-0.446337 -0.183353 0.745109
-0.322077 -0.103328 0.679943
0.183031 -0.0566748 0.913567
0.37355 0.0144968 0.684336
-0.911559 0.109029 1.52653
-0.0895453 0.0207728 0.826021
-0.538846 0.393073 1.58649
-0.231257 0.383023 1.67546
-0.722123 0.289348 1.54893
-0.438506 -0.15941 0.758351
-0.504281 0.443164 1.3406
0.284081 0.211609 0.692132
0.121129 -0.108357 0.980618
0.24186 0.0388128 0.669399
-0.297745 -0.108431 0.51024
-0.0281961 -0.149255 0.893837
-0.894646 0.189331 1.57895
-0.204193 -0.222681 0.841464
-0.398707 0.500075 1.56749
-0.216326 -0.233916 0.764445
-0.171651 -0.257599 0.830709
0.177019 -0.155768 0.91531
-0.172437 -0.204773 0.816766
0.107586 0.111364 0.927508
0.353235 0.155562 0.666035
-0.231041 -0.0348333 0.983135
0.0441006 0.435275 1.68014
0.311857 0.196498 0.672352
-0.0116713 -0.25435 1.16632
-0.0545747 -0.0199463 0.0713829
0.307161 0.201413 0.665432
-0.169717 -0.0209721 0.76537
0.673709 -0.313119 1.42205
-0.809321 0.413933 1.33278
-0.544635 -0.0620386 0.946631
0.279253 0.222927 0.640818
-0.130964 -0.0481216 0.226306
-0.870314 -0.100324 1.5156
-0.152217 -0.00404086 0.884552
-0.952017 0.536399 1.46125
-0.162203 -0.00866296 0.882939
0.154708 -0.201065 1.0528
0.0524727 0.103731 0.887104
-0.443001 -0.159105 0.780609
-0.0562791 -0.0229433 0.0677286
-0.24743 -0.0959111 0.906718
-0.0736824 -0.260611 0.863738
-0.156628 -0.0618784 0.846344
-0.305427 -0.121968 0.713266
0.361576 0.193078 0.703069
-0.216491 -0.0602983 0.825524
-0.126687 -0.043691 0.191877
0.33354 0.207624 0.650295
-0.117497 -0.00237325 0.828277
-0.347757 -0.173752 0.950647
0.261767 0.240681 0.693823
0.371423 0.0499413 0.646669
0.339125 0.119409 0.662475
-0.838468 0.292181 1.63427
0.0769231 0.0151416 0.864241
-0.686113 0.0556345 1.63125
0.230466 0.11895 0.775015
0.214527 0.0745946 0.897591
0.291192 0.153008 0.965342
0.034087 0.375266 1.4476
-0.0911249 -0.0286373 0.511475
0.343339 -0.0580144 0.794497
-0.125824 -0.00528804 0.702132
-0.793359 0.307793 1.50843
0.124112 0.130303 0.809324
0.289841 0.150821 0.665335
0.0718794 -0.278462 0.932881
0.163496 0.12533 0.896311
0.137243 -0.0387977 0.867365
0.310448 0.101102 0.691334
-0.0795498 -0.171648 0.71148
0.270322 0.210576 0.679124
0.0323084 0.00812915 0.889448
-0.359676 -0.108781 0.835121
-0.142663 -0.0280044 0.556246
0.55977 -0.270115 1.20082
0.134167 -0.0181984 0.296512
0.0616315 0.101041 0.825352
-0.144689 -0.110907 0.937976
-0.155684 -0.249247 0.903483
-0.251079 -0.0581756 0.756995
0.021079 0.0774059 0.837579
-0.105919 -0.189272 0.887299
0.0165539 -0.214819 0.854118
0.38748 0.189647 0.701746
0.0612424 -0.0429239 0.96171
-0.0585915 0.00186074 0.846623
0.39404 0.0914392 0.688586
0.144444 -0.0802872 0.917289
-0.201972 0.324822 1.37791
0.351921 -0.0620668 0.81751
0.14873 -0.14466 1.03658
0.110237 -0.0548933 0.955241
-0.305343 -0.117837 0.80018
0.183479 -0.181156 1.05369
0.00692909 0.0156117 0.746079
-0.0556766 -0.064147 0.949318
-0.23037 0.272426 1.60861
0.276098 0.013211 0.645711
-0.176515 -0.0862674 0.836501
-0.0739286 -0.178827 0.918827
-0.136269 -0.175874 0.854315
-0.954967 0.474402 1.56003
-0.217022 0.449632 1.62359
0.120367 -0.0379349 0.899524
0.197565 0.15581 0.804623
0.073142 -0.235376 0.870609
0.184033 -0.0253442 0.899197
-0.458756 0.520838 1.49121
-0.100125 -0.216888 0.896139
1.11717 0.497877 1.70174
-0.254651 0.463375 1.70503
-0.0122957 -0.190593 0.858246
0.0324645 0.0483044 0.803635
-0.328816 -0.144564 0.786461
-0.115329 -0.0116137 0.538382
0.07192 0.12582 1.03382
0.0671035 0.100181 0.771762
0.155945 -0.157286 0.909104
0.0530606 -0.0848211 0.873289
0.201201 -0.0886745 0.834304
-0.32965 -0.113875 0.752998
0.130757 0.0626264 0.728846
0.0117517 0.0496117 0.77796
0.258413 0.0433667 0.70399
0.122253 -0.164101 0.989271
0.332329 0.0207657 0.754559
-0.0371165 0.01372 0.84055
-0.473436 -0.215993 0.763773
-0.135087 -0.183763 0.89036
-0.894314 0.519073 1.44106
-0.214211 0.580678 1.5814
-0.0586723 0.0307956 0.868628
0.0860149 -0.0871171 0.881578
0.366167 0.172099 0.683983
-0.115402 -0.086771 0.720738
-0.677552 0.267978 1.53557
0.305279 -0.16697 0.813779
-0.00398464 0.411388 1.58198
-0.357761 0.331844 1.77855
0.188113 0.0376723 0.528302
-0.212644 0.512283 1.583
0.270564 -0.166226 0.685009
-0.367697 0.400903 1.59858
-0.232993 -0.123413 0.81065
-0.109618 0.747753 2.71159
0.175467 -0.0669036 0.957602
-0.0623152 0.566975 1.71267
0.159165 0.583772 1.75913
-0.191136 0.580284 1.62593
-0.260418 0.276956 1.58279
-0.10957 0.356501 1.52395
0.252771 -0.225933 0.991004
-0.0969435 -0.0141517 0.934478
-0.205174 -0.0910488 0.83247
0.647852 -0.320726 1.08859
-0.240335 -0.0386091 0.906599
-0.631345 0.200294 1.64378
-0.522452 0.327125 1.29182
-0.682534 0.395894 1.57598
-0.228436 0.401211 1.68136
0.0152533 0.0429195 0.886431
-0.573641 0.273318 1.72875
0.108133 -0.279803 0.940931
-0.402743 -0.143783 0.717962
0.0268521 -0.232478 0.886964
-0.505704 -0.224663 0.790857
0.254475 0.221728 0.69516
-0.0022767 -0.00412102 0.106502
0.0272031 -0.131829 0.901598
-0.312857 -0.252427 0.824741
0.268892 -0.206298 0.735168
-0.121277 -0.230345 0.874976
0.739747 -0.283202 1.21988
0.039342 0.0613938 0.883356
0.162036 -0.1685 1.01199
-0.0113909 0.0788905 0.908808
-0.339402 -0.148608 0.82071
-0.280497 -0.255955 0.844998
0.0404873 -0.270322 0.87356
0.0791849 -0.0285425 0.891663
0.317314 0.130541 0.63948
0.373284 0.0898103 0.678914
0.35221 -0.207069 1.18861
-0.0429737 0.00355254 0.227392
0.00586694 0.0681731 0.749066
-0.0832888 0.0328603 0.861152
-0.0612035 0.00392105 0.910719
0.0530158 0.0764434 0.778823
0.0442981 0.0808247 0.822673
0.271276 0.188532 0.665397
0.274529 -0.0797114 0.715831
0.196777 0.108366 0.709974
-0.230256 -0.0766739 0.450012
0.117118 0.0094446 0.926087
0.28605 -0.220236 0.778475
0.322026 0.591493 1.79186
-0.512871 -0.23782 0.879715
-0.369465 -0.192342 0.784117
0.246449 -0.0585256 0.765131
-0.283592 0.397052 1.23485
0.627251 -0.345696 1.16749
-0.340754 -0.207926 0.842966
-0.0731358 -0.0354553 0.719779
-0.156825 -0.0618938 0.834651
-0.131941 0.00338505 0.903349
0.117489 -0.166914 0.929868
0.342473 0.212358 0.664791
0.745041 -0.286201 1.23635
-0.24739 0.483119 1.56267
0.269106 0.227295 0.655956
0.139401 -0.0870491 0.938971
-0.146429 0.42185 1.5769
-0.948248 0.431661 1.53373
-0.277639 -0.0873697 0.622779
-0.628364 0.384261 1.56816
0.0382802 0.494436 1.7111
0.304248 -0.171185 0.759036
-0.325628 -0.0828525 0.948789
-0.711093 0.224469 1.56464
-0.693425 0.219797 1.52645
0.0836214 -0.170106 0.878841
-0.0847637 0.0172056 0.778204
0.262576 -0.102427 0.727567
0.123756 0.111097 1.08769
-0.0553616 0.0283042 0.815328
0.383881 -0.271947 1.22641
0.693745 -0.14445 1.11217
-0.0690168 -0.00360339 0.821925
-0.379225 -0.167384 0.719985
0.641552 -0.161978 1.08908
0.208744 -0.168869 0.598749
-0.198168 -0.125086 0.553307
-0.0465189 0.319176 1.69639
0.207879 0.102572 0.829044
0.188301 0.0645612 0.803164
-0.841387 0.0371837 1.60811
-0.359469 0.310741 1.61736
0.396166 0.211021 0.70971
0.143392 0.536291 1.62865
-0.756687 0.216568 1.50229
-0.907327 0.310495 1.44044
0.0464905 0.45194 1.7473
0.0308945 -0.125021 0.890836
0.184185 0.0707758 0.599619
0.290062 0.22299 0.717214
0.262075 0.0793912 0.613467
-0.447926 -0.220858 0.775508
0.569709 -0.357583 1.04775
-0.74238 0.123951 1.61099
-0.585025 -0.2313 0.947153
0.30949 0.0208469 0.627257
0.0877859 -0.0743139 0.846644
0.313855 0.10595 0.705711
-0.846098 0.42278 1.55231
0.0102133 -0.118331 0.91887
-0.329748 0.514501 1.66327
