-0.0253661 0.0471449 0.264745
0.046837 -0.0332482 0.242969
0.0948984 0.00187984 0.240377
0.0807919 -0.0155113 0.248095
0.048916 -0.0103769 0.244715
0.077939 0.00318534 0.244201
0.0209297 0.164994 0.842152
-0.0583229 0.000223969 0.245572
0.0803401 -0.0700602 0.272989
0.0746171 0.0795403 0.500988
-0.28599 0.152775 0.845088
-0.140746 0.0802799 0.421429
-0.0191522 0.214182 1.10936
-0.0908975 0.178766 1.02277
-0.302845 0.150946 0.843297
-0.835655 0.391255 1.86212
0.058155 0.0402517 0.239278
-0.305412 0.203672 0.918073
0.129828 0.0660407 0.2461
0.0602779 -0.00235308 0.250335
0.0706165 0.00402269 0.248905
-0.00244934 0.0178143 0.242289
-0.0233506 -0.0556417 0.382013
0.122454 0.0212573 0.20009
-0.0327827 0.025849 0.222424
0.112962 0.0286766 0.235276
-0.00797794 -0.0189378 0.194645
-0.0676656 -0.000559982 0.292175
-0.0553951 0.0483075 0.302114
0.0645121 -0.0074815 0.258359
0.09295 0.0846927 0.316404
0.062285 0.0660544 0.25589
-0.0468792 0.170877 0.931031
-0.0998124 0.029887 0.211924
-0.0874162 0.181141 0.81843
0.1262 0.0564075 0.188384
-0.0593713 0.209994 0.952743
-0.0612325 0.180769 0.870349
0.0649303 -0.00601753 0.257569
-0.139242 0.242134 0.882832
-0.0646875 0.214017 0.944262
-0.367925 0.170801 0.811075
-0.383778 0.209194 0.85391
0.190599 0.125866 0.422885
-0.0648131 0.0711061 0.489928
-0.390914 0.200795 0.807988
-0.281857 0.139127 0.533885
-0.02249 0.0415794 0.220012
0.566196 0.374227 2.39666
0.91887 0.155105 2.27047
-0.143073 0.231105 0.922157
-0.0521569 0.22756 0.93031
-0.295157 0.250965 1.0309
-0.405506 0.169398 0.884872
0.0139113 0.205514 0.779889
-0.0454169 0.239722 0.945867
-0.359627 0.154017 0.734307
-0.00849777 0.0048272 0.0180691
-0.29811 0.172104 0.596606
-0.348872 0.175068 0.979675
-0.830199 0.444574 2.84649
-0.357585 0.175263 0.843974
-0.917321 0.230517 1.71212
0.0030318 0.119555 0.833394
-0.132379 0.196918 1.00279
-0.115155 0.228465 1.03821
-0.0586713 0.0684678 0.417857
0.0581848 -0.0629124 0.26617
-0.142588 0.0629804 0.489385
-0.0896298 0.0320308 0.189347
-0.0971 0.020589 0.188893
-0.060269 0.198531 0.879221
0.0611422 0.0076184 0.21614
0.102402 -0.0218184 0.251264
-0.0792991 0.256294 1.00097
-0.203381 0.228033 0.919057
-0.0331853 0.0761647 0.407485
-0.125989 0.0736884 0.371528
0.0310142 0.149135 0.624824
-0.336127 0.17442 0.854204
0.0246778 0.246312 0.88081
-0.258921 0.134922 0.552139
-0.165882 0.301913 1.06778
-0.0263763 0.079932 0.385759
0.00784485 0.187751 0.755271
-0.340581 0.198994 0.706895
-0.0283032 0.226138 0.936417
-0.346285 0.155944 0.855488
-0.438258 0.320238 1.25612
0.145081 -0.0640694 0.18592
0.130801 -0.0645488 0.166756
0.122664 0.0604964 0.251434
0.140242 -0.0503825 0.197045
0.142268 0.0240294 0.210083
0.0288072 0.00975068 0.063879
-0.00684569 -0.0178139 0.115158
-0.0193452 0.0240866 0.109568
-0.0280584 0.0248501 0.126071
-0.0137706 0.0193342 0.0844907
-0.0131247 0.0129781 0.112014
-0.00102402 0.0207818 0.0962199
-0.0147726 0.019305 0.0844484
0.00307892 0.0203175 0.096144
-0.0230529 0.0185822 0.0730092
-0.00121082 0.0242696 0.0945106
-0.002931 0.0181608 0.0995728
-0.00325187 0.0232473 0.0934197
-0.0380187 -0.0258012 0.0883202
-0.0447362 0.0231208 0.11401
-0.0128984 0.0183046 0.0820953
0.00202357 0.0251536 0.0941278
-0.00607124 0.0223377 0.0868198
-0.0113393 0.0149645 0.0837892
0.058861 0.00892134 0.151906
-0.0543833 0.00986057 0.091134
-0.0133273 0.0113618 0.168982
-0.00674594 0.164718 0.897138
-0.00408355 0.0343996 0.256966
0.0731738 -0.00538576 0.201261
-0.0271199 0.19278 1.04164
-0.0883262 0.0238461 0.180786
-0.0821304 -0.0409177 0.149787
-0.097271 0.183522 0.94124
-0.049766 0.0768746 0.464922
-0.0417834 0.0159522 0.271115
-0.314457 0.185005 0.996182
0.0181988 0.250213 1.40035
-0.273359 0.242641 1.08847
-0.190351 0.0822205 0.396063
-0.264722 0.154412 0.822845
-0.186241 0.0805681 0.381958
-0.0107892 0.0949136 0.664001
0.0859901 0.0583326 0.366415
0.0921864 -0.0237636 0.239937
0.0194757 0.197682 0.83863
-0.0715493 0.0663021 0.418843
-0.110448 0.178423 0.96365
-0.0912141 0.0214202 0.18093
0.0690884 -0.0344693 0.256998
-0.0589492 0.0483536 0.36917
0.0990115 -0.0302889 0.254355
0.0123616 0.134985 0.683908
-0.0896466 0.0275478 0.208705
-0.0524855 0.0341064 0.235917
-0.0372134 0.0483715 0.361733
0.0647261 -0.0338116 0.245896
-0.0707954 0.0291654 0.236044
0.132025 0.0692464 0.268
0.0665791 -0.035098 0.253122
0.224114 0.132259 0.437268
-0.0159342 0.0293926 0.231746
0.0057741 0.0186172 0.233461
0.124601 0.069635 0.230055
-0.165618 0.253101 1.03719
0.0750687 0.0130702 0.198011
0.126366 0.0602595 0.258108
0.0830965 -0.028135 0.249837
0.0633531 -0.0611732 0.242053
-0.00872686 -0.0249308 0.257585
-0.0920436 0.0259649 0.183756
0.0490095 0.0376806 0.238317
-0.0499697 -0.0892867 0.276282
0.0812885 -0.0157344 0.250257
0.0128485 0.174048 0.667635
0.0956085 -0.0221899 0.244001
-0.0519392 0.0439802 0.326121
-0.100976 0.0386183 0.246712
-0.0806321 0.136195 0.980225
0.119136 0.0369889 0.250048
0.0931615 -0.0161643 0.246461
0.0250246 0.178245 0.750278
0.00698848 0.0720152 0.287558
-0.246304 0.142914 0.492959
4.62589e-07 -6.76881e-07 3.7398e-06
-0.101619 0.251683 0.954166
-0.0580587 0.140033 0.87021
-0.146633 0.235875 1.08505
-0.150774 0.257489 1.09191
-0.0937192 0.264385 0.95808
-0.122192 0.246185 0.946922
-0.0110575 0.187559 0.81014
-0.123884 0.179861 1.01046
-0.298771 0.186694 0.770714
-0.0879285 0.0501685 0.251392
-0.061716 0.0327686 0.256902
-0.285196 0.178468 1.15931
-1.46294e-05 1.3792e-05 7.25724e-05
-0.338041 0.196265 0.743679
-0.0606953 0.178982 0.846192
-0.0661407 0.221951 0.984887
0.0291718 0.146755 0.823698
-0.265256 0.122402 0.507159
-0.278394 0.150441 0.744621
0.132098 0.188337 0.636359
-0.381462 0.17988 0.721084
0.00891792 0.0502645 0.175143
-0.336942 0.18623 0.92949
-0.167591 0.0696435 0.312328
-0.31019 0.153469 0.61041
-0.24651 0.218653 1.03143
-0.158575 0.0688576 0.36668
-0.198867 0.0797415 0.383395
-0.164368 0.265901 2.23678
1.12557 -0.652776 2.82441
0.00345597 0.0370288 0.225048
-0.28001 0.119987 0.5103
-0.32174 0.19423 0.996004
-0.00011708 4.93398e-05 0.000210221
-0.314934 0.215596 1.13038
-0.243768 0.106005 0.452554
-0.251218 0.19947 1.23287
-0.409468 0.217545 0.881901
-0.0946731 0.0528 0.206367
-0.257696 0.147384 0.659085
-0.130163 0.260906 0.896428
-0.0204337 0.206635 0.846917
-0.00273129 0.15118 0.585129
-0.0185963 0.194354 0.957327
-0.387854 0.224254 0.910755
-0.0791657 0.209306 0.694547
-0.0971317 0.170716 0.772519
-0.0534563 0.23468 0.923148
-0.110903 0.260403 0.932857
-0.427695 0.201587 0.900418
-0.112641 0.0473561 0.236745
-0.355838 0.14729 0.747803
0.764744 -0.260161 2.32557
0.0201844 0.195755 0.827307
8.76418e-06 5.71469e-05 0.000348439
0.0720069 0.0454511 0.249928
-0.232366 0.20325 0.961351
-0.314505 0.181225 0.821506
0.215465 0.104821 0.367235
-0.0173727 0.037791 0.254475
0.0466909 -0.0409653 0.25417
-0.279464 0.162974 0.706298
-0.0871694 0.147295 1.0485
0.117951 0.0474277 0.249474
-0.0503923 0.154041 0.784907
-0.173612 0.0857844 0.342589
-0.219999 0.093146 0.565167
-0.506532 0.284943 2.06713
-0.124397 0.208333 1.29246
0.00409428 0.229009 0.866133
-4.60161e-05 2.17035e-05 9.43947e-05
-0.228328 0.0788136 0.42468
-0.103736 0.275314 1.07433
-4.1375e-06 4.28011e-05 0.000175389
-0.0296962 0.118103 0.771114
0.0467287 -0.0323056 0.247569
-0.042829 -0.0390553 0.26173
-0.239784 0.210875 0.997578
-0.0415388 -0.0219665 0.255429
-0.172506 0.262679 1.11296
-0.15565 0.0615219 0.411305
0.0451492 -0.0220558 0.250821
0.0872001 0.0540843 0.303363
-0.0189631 0.0154768 0.230727
-0.0752051 0.127598 0.919497
-0.015633 0.0219153 0.265875
-0.0583611 0.0304791 0.241997
-0.242043 0.166133 0.748664
-0.173329 0.244756 1.08459
0.014805 0.181538 0.770649
-0.0273207 0.133929 0.886919
-0.488227 0.110685 0.896917
-0.0876047 0.148113 1.05
-0.0343455 0.186594 0.960604
0.00685754 0.20915 0.881844
-0.110926 0.203756 0.698443
-0.0610505 0.221226 1.01105
-0.190754 0.218449 1.20608
-0.0608853 0.0345237 0.119582
-0.101224 0.17524 1.00236
-0.206973 0.140564 0.567456
-0.198767 0.201178 1.06381
0.00369247 0.0397326 0.242104
-0.313716 0.17689 0.786941
-0.0795757 0.0984348 0.639557
-0.152708 0.0882992 0.393409
-0.0270398 0.131834 0.897625
-0.187577 0.223967 1.17383
-0.0754259 0.254625 0.96042
-0.310525 0.217298 0.844963
-0.0764222 0.244522 0.890315
-0.190423 0.20776 1.10555
-6.36522e-05 3.71841e-05 0.000144267
-0.160212 0.343043 1.26845
-0.237884 0.128241 0.56631
-0.172529 0.226249 1.10257
-0.0995695 0.276238 1.03371
-0.105728 0.228135 1.07794
-0.0145331 0.0274132 0.235865
-0.856273 0.395234 2.20923
-0.100287 0.0715681 0.522842
-0.00835813 0.22212 0.955416
-0.151399 0.23269 0.951264
-0.0338866 0.124568 0.586309
-0.116844 0.166561 0.941674
-0.129306 0.29664 1.06798
-0.0258535 0.0166875 0.109748
0.0100822 0.0428778 0.303235
-0.230115 0.2249 0.963776
-0.0535707 0.209297 0.82497
0.0125817 0.0453932 0.278904
-0.00242125 0.158333 0.875598
-0.0284396 0.191102 0.878506
-0.0491033 0.10829 0.548773
-0.025904 0.0642191 0.222116
-0.139243 0.263629 0.939336
-0.127049 0.137553 0.870476
-0.103687 0.291059 1.02017
-0.0563537 0.308167 1.2231
-4.06375e-05 2.11196e-05 8.70823e-05
-0.156712 0.0718827 0.321308
-0.357604 0.21588 1.1144
0.0837582 0.00898145 0.241228
0.0916046 -0.00747278 0.221332
0.0864437 -0.0196313 0.247334
-0.057114 0.0286213 0.239865
-0.0866687 0.0162473 0.202218
0.238115 0.134675 0.445199
0.0781959 0.0142106 0.226315
0.10837 0.0534312 0.217228
0.233888 0.136862 0.454315
0.0974274 -0.0281786 0.253328
0.0872546 -0.0768014 0.300498
-0.102029 0.237063 1.02003
-0.0178516 0.192672 0.997219
-0.0972016 0.0210586 0.189558
-0.23609 0.123901 0.650099
0.0488854 0.119096 0.75043
-0.243956 0.12634 0.637062
-0.134141 0.023068 0.301416
-0.273492 0.19974 1.14246
0.019699 0.134115 0.843051
-0.0195102 0.0146698 0.222864
-0.0383021 0.180111 0.974343
-0.0762759 0.0306333 0.223927
-0.0461995 0.163046 0.729594
-0.0652844 0.0417234 0.268019
0.0801505 -0.0294049 0.258898
0.0622641 0.0414178 0.251445
-0.0470551 -0.0250626 0.288421
0.0829291 0.0103163 0.240494
-0.0718194 0.0372838 0.241388
0.0449962 -0.0323362 0.238491
0.0956176 -0.0207885 0.242709
0.079509 0.00443831 0.249288
-0.0809356 0.130472 0.701044
-0.16704 0.166176 0.886817
0.0536889 -0.0598125 0.253475
-0.0343462 0.0125556 0.232651
-0.0097461 -0.0239413 0.235556
-0.0527941 0.0546237 0.352538
-0.00704466 -0.0148813 0.243121
-0.00723137 0.0122531 0.235358
-0.0654722 0.0494848 0.303834
-0.0770736 0.0480883 0.32594
0.0486194 -0.00893344 0.240774
0.0821739 -0.0279423 0.250382
-0.0167885 0.0176676 0.248947
-0.00632136 -0.00327246 0.23156
-0.0738264 0.0652333 0.40989
-0.332017 0.150476 0.659435
0.105822 -0.0207081 0.230232
0.139765 -0.0524374 0.180377
-0.0146092 0.0187803 0.240735
-0.0205805 0.0328177 0.235299
0.00296193 0.0265183 0.254563
0.0524436 0.0406642 0.223892
-0.00788111 0.0527664 0.2311
-0.0549139 -0.0277969 0.103987
0.105235 -0.00409423 0.22384
0.135958 -0.0445497 0.181025
0.149116 -0.0656741 0.19087
0.0846527 0.0199244 0.251239
-0.139743 0.159802 0.796433
-0.0888052 0.0244413 0.181844
0.271651 0.14631 0.486152
0.29069 0.0784434 0.507984
0.464798 0.246728 0.813792
0.0908392 0.00440298 0.264463
0.0877643 -0.0144634 0.265545
0.0685485 0.00425202 0.240371
-0.00681293 -0.0128441 0.203032
-0.086295 0.0191436 0.145364
0.110706 -0.0285706 0.239419
-0.0264568 0.00838026 0.096977
-0.0823112 0.0268369 0.132416
-0.0780886 0.0258396 0.121413
-0.0815363 0.0222579 0.123746
-0.0856624 0.0258573 0.13053
0.0735099 0.0046009 0.243269
0.0935782 -0.0133201 0.237449
0.041906 0.0664119 0.269733
-0.0418971 0.0370814 0.2649
-0.0641036 0.019831 0.222198
-0.00811969 -0.0166971 0.109032
0.0463865 -0.0220827 0.248413
0.0712599 -0.0746551 0.254058
0.0916615 0.0160548 0.258631
0.0840526 0.0154083 0.241217
0.10331 -0.0641584 0.255913
-0.0593784 -0.0915444 0.266181
-0.0862092 0.0193011 0.199607
-0.0422095 0.0397234 0.252682
0.0270977 0.00422936 0.0387829
0.00978078 0.00312935 0.0200912
0.116611 0.0465805 0.245515
0.0778386 -0.0302748 0.252425
-0.0255976 0.106815 0.48857
0.0944662 -0.0759896 0.28991
0.0264473 0.123967 0.853949
0.0919356 0.015353 0.229262
-0.160832 0.228814 1.02973
0.110299 -0.0120273 0.237923
-0.0454956 0.195924 0.859424
-0.0369524 -0.0339814 0.250602
0.0501834 0.0334115 0.226353
-0.0622522 0.0456825 0.321621
-0.033632 0.034805 0.224966
0.121173 -0.00182722 0.179716
-0.0034513 0.00353559 0.0214149
0.0891966 0.0143866 0.129765
0.110829 -0.0069813 0.166449
0.115839 -0.0524153 0.155066
-0.0307039 0.0292748 0.147923
-0.0403039 -0.0316516 0.103388
-0.0406891 -0.0108823 0.241751
0.119759 0.0605982 0.246012
-0.0931427 0.0177788 0.212089
0.0980287 -0.0203317 0.248954
-0.0762539 0.0319052 0.226895
0.0712249 -0.0755751 0.262928
0.0279873 0.224862 0.755159
-0.0662968 0.0349018 0.228108
-0.0961899 0.030743 0.177839
0.0947021 0.0160404 0.235456
-0.349945 0.213516 0.827476
-0.053497 0.0346455 0.243953
-0.307445 0.175315 0.663225
-0.0466641 0.0400413 0.289038
-0.103335 0.0346086 0.206282
-0.0826844 0.0322448 0.193829
-0.0682691 0.027218 0.229062
-0.0579155 0.0316002 0.236417
-0.0965034 0.0229854 0.183426
0.0866059 0.00484055 0.298587
-0.144201 0.181271 1.16075
-0.0384573 0.02642 0.109835
-0.157205 0.172039 0.690957
-0.184608 0.158443 0.748943
-0.0245097 0.191344 0.89833
-0.132597 0.212967 1.20636
0.0183692 0.170113 0.861393
-0.14436 0.0665456 0.294564
0.0254065 0.0674282 0.420349
-0.180243 0.10265 0.444805
-0.110432 0.217258 1.1348
0.0130476 0.184233 0.779665
-0.095798 0.228356 0.974447
-2.05537e-05 1.49266e-05 8.54016e-05
-0.163427 0.328935 1.28637
-0.252658 0.193938 0.89878
-0.243266 0.121456 0.461107
0.0294488 0.149551 0.588602
-3.82644e-05 1.85188e-05 7.40965e-05
-0.30372 0.265249 1.1774
0.0214194 0.12431 0.766889
-0.317869 0.355307 2.20737
-0.0552154 0.239621 0.976335
-0.286655 0.128632 0.706645
-0.00450448 0.145106 0.79453
-0.461757 0.260119 0.959146
-0.360429 0.177191 0.756728
-0.0104956 0.212265 0.942636
-0.210318 0.0978063 0.446591
0.0938584 -0.0165382 0.228896
-0.294812 0.171423 0.773604
0.0185677 0.154557 0.781785
-0.137068 0.243591 0.911455
-0.284009 0.15083 0.660616
0.0125677 0.0448524 0.277094
-0.0598239 0.107916 0.514244
-0.0152145 0.235266 0.905041
-0.0208403 0.172959 1.27534
-0.392306 0.290913 1.23617
-0.367438 0.158737 0.752307
-0.128832 0.205841 0.943224
-0.0559005 0.205064 0.946547
-0.191002 0.131486 0.49663
-0.340045 0.182649 0.753221
-0.170996 0.197041 1.00059
0.0220635 0.235789 0.842725
-0.301667 0.194509 0.812249
-0.37382 0.175422 0.792317
-0.00869832 0.195502 0.867986
0.119219 0.0384617 0.246316
-0.0673939 0.0417267 0.251873
-0.0393904 0.0435035 0.248378
-0.0359299 0.034431 0.174539
-0.0855587 0.0292117 0.276056
-0.0988856 0.233321 0.998206
-0.085736 0.187536 0.944062
-0.115161 0.12802 0.814915
-0.0349356 0.179016 0.785049
-0.103605 0.256908 0.957354
0.0933168 -0.00441656 0.249033
-0.0924711 0.0258365 0.184429
-0.0213317 0.0155698 0.22446
-0.0777513 0.028873 0.172492
-0.016241 0.0259508 0.22109
0.102433 -0.0139569 0.221426
0.0475543 0.0212707 0.237871
-0.143145 0.20889 1.0851
-0.0229483 0.182931 0.926953
-0.0938855 0.244847 0.947353
-0.144569 0.215287 1.21274
-0.153057 0.274398 1.02403
-0.222509 0.415834 1.42589
-0.0280148 0.192852 0.882935
-0.151584 0.227634 0.966158
-0.276675 0.234462 0.949061
-0.0893953 0.047739 0.270707
-0.192056 0.136499 0.553361
-0.335792 0.186451 0.655569
-6.13233e-05 3.18861e-05 0.000117969
-0.348869 0.215327 0.863505
-0.322949 0.183319 0.740099
-0.479826 0.273371 0.949093
-0.903048 0.248166 1.5237
0.229054 0.145346 0.482877
0.00707724 0.0751732 0.252822
0.0172044 0.0829054 0.351538
-0.000807944 0.151561 0.836857
-0.000837136 0.045173 0.241232
0.0165065 0.215971 0.873124
-0.104853 0.183434 1.04521
-0.0132305 0.105481 0.462545
-0.113951 0.221883 0.957218
-0.035815 0.164839 1.07245
-0.0225813 0.147047 0.785047
-0.0295931 0.171468 0.690839
-0.275812 0.12412 0.678646
-0.0715671 0.191556 0.762617
-0.273892 0.158544 0.548876
-0.0837576 0.0684632 0.421704
0.0330631 -0.0247067 0.306814
-0.238044 0.172838 0.679473
-0.209364 0.234974 0.945133
-0.248499 0.236514 1.24401
-0.129699 0.108315 0.438938
-1.23347e-06 -1.16881e-06 8.03467e-06
-0.154695 0.086148 0.323953
0.0302027 0.200112 0.851097
0.00887265 0.0362166 0.346409
-0.0585291 0.0206952 0.231669
-0.0411129 0.0373398 0.273505
-0.0926132 0.0304589 0.209616
0.00236916 -0.0184088 0.265156
0.159244 -0.0749495 0.214402
0.081485 0.0627571 0.230203
0.0796637 0.00894627 0.126162
-0.00193627 0.310088 1.71455
-0.414501 0.143903 0.774242
0.0504023 0.0328866 0.231953
-3.38251e-05 7.12326e-06 6.19937e-05
0.166382 -0.0321378 0.466779
-0.00956745 0.0106466 0.23939
-0.0353883 0.0601034 0.377034
-0.264281 0.14021 0.72904
-0.235362 0.207261 0.837138
-0.119555 0.0711146 0.271359
-0.246667 0.11065 0.486222
-0.0177884 0.226202 0.913334
-0.323497 0.171368 0.858714
-0.0145118 0.120573 0.865167
-0.334681 0.213777 0.957415
-0.0578894 0.176854 0.905493
0.0421288 0.179044 0.808806
-0.310153 0.214147 0.976137
-0.391356 0.236289 1.22437
-0.390754 0.161986 0.852186
-0.220844 0.101651 0.418221
-0.0561429 -0.0599734 0.181594
-0.298158 0.126488 0.541635
0.060574 -0.00677159 0.246348
-0.186495 0.20762 0.827628
-0.179602 0.217886 1.12384
-0.122601 0.0727584 0.280404
-0.348922 0.239467 0.904635
-0.155138 0.0540342 0.288151
-0.317737 0.154203 0.565224
-0.0833737 -0.0883622 0.269371
-0.188381 0.118492 0.525026
-0.25135 0.107314 0.457274
-0.247417 0.0859708 0.458737
0.122525 0.175384 0.61658
-0.307354 0.213832 0.882783
-0.3475 0.167319 0.706028
-0.345416 0.213186 0.856035
-0.372752 0.223887 0.982991
-0.0785643 0.19958 0.960701
-0.114675 0.205205 0.729688
-0.000100299 4.3057e-05 0.000185233
0.00897718 0.133743 0.5085
-0.0658735 0.219925 0.972836
-0.218263 0.182153 0.80912
-0.119716 0.11456 0.489359
-0.039108 0.217789 1.1241
0.121922 0.0249858 0.205482
-0.253544 0.140955 0.550748
0.236946 0.114604 0.398984
-0.198596 0.114855 0.378236
-0.118518 0.19276 0.890508
-0.294167 0.146335 0.580033
0.0219682 0.198783 0.807898
-0.811211 0.372299 1.56929
0.0272655 0.119833 0.841619
-0.160036 0.263284 1.21721
-0.279041 0.134272 0.569703
-0.0696273 0.234761 1.05419
-0.203807 0.226991 0.914867
-0.0616536 0.142214 0.890483
-0.313067 0.156626 0.872032
-0.309033 0.161462 0.81699
-0.100769 0.0363848 0.223037
-0.400037 0.274731 1.04463
-0.387323 0.209844 0.864938
-0.0695121 0.195798 1.0442
-0.325838 0.18888 0.854701
0.00617188 0.107013 0.729672
-0.0299478 0.1824 0.69963
2.67957e-06 4.08016e-05 0.000148157
-0.0265333 0.146487 0.557626
-0.0524677 0.16722 0.611495
-0.108834 0.183904 0.690621
-0.0349015 0.108536 0.434709
-0.317751 0.231188 1.05986
-0.265927 0.115412 0.496446
-0.0555552 0.14658 0.582824
-0.230269 0.192057 0.846901
-0.46249 0.229085 0.875621
0.0197431 0.0853835 0.654334
-0.00305176 0.264216 1.06035
-0.256523 0.146169 0.505975
-0.27702 0.16117 0.574236
-0.102652 0.245805 0.982204
-0.0528984 0.22952 0.935782
-0.0142811 0.195873 0.783277
-0.362934 0.210314 0.856326
-0.0822366 0.199697 0.754964
0.135399 0.171673 0.560404
-0.313842 0.227692 1.04013
-0.348296 0.192759 0.961153
-0.180447 0.217099 1.20584
-0.305081 0.214355 0.974057
-0.254771 0.129787 0.676048
0.0231159 0.219496 0.826968
-0.109258 0.136054 0.802411
-0.0362247 0.0144781 0.25667
-0.0305597 -0.0181258 0.0642508
0.0920822 -0.010623 0.231837
0.0751273 -0.0670643 0.26468
0.0843269 0.0238549 0.154853
0.071981 0.0182731 0.118503
0.105536 -0.032056 0.270193
-0.0692445 0.0336298 0.215111
0.104032 -0.0265742 0.255864
0.0626716 -0.00223028 0.24969
0.0893891 0.0118313 0.258716
0.224411 0.109835 0.372673
-0.0137859 0.0194964 0.226101
-0.0205844 0.077949 0.397335
-0.0164719 0.0369874 0.262237
-0.126787 0.243504 0.977963
-0.117815 0.250565 1.02145
0.0951708 -0.0345397 0.213486
0.144491 0.0517033 0.207338
-0.0419358 0.0156859 0.26032
-0.0525384 0.0436975 0.309735
-0.0620489 -0.00428027 0.27977
0.0964667 -0.0570749 0.242405
0.16529 -0.0662891 0.217307
0.093376 -0.0277046 0.242698
0.144333 0.0273842 0.207308
0.0195935 -0.0202487 0.238794
0.0562847 0.0386139 0.231031
-0.0583028 0.0356424 0.252661
-0.0909644 0.0252987 0.189583
-0.106177 0.031741 0.216758
-0.0153672 0.0454419 0.327257
0.0875302 -0.029238 0.241469
0.0473939 0.0282889 0.234187
0.138533 0.0694329 0.280056
-0.0264831 0.101724 0.386415
-0.358268 0.192308 0.812465
-0.0394212 0.0170356 0.260223
0.0746252 -0.0270978 0.240666
0.10146 -0.018494 0.243008
-0.0564604 0.0244463 0.24296
0.0989643 -0.0596593 0.247841
0.00666384 0.0223185 0.274558
0.0480304 -0.0104968 0.238573
0.0798202 -0.0147763 0.214042
0.0886005 -0.00622917 0.234066
0.109819 -0.000487531 0.233838
0.109978 -0.021813 0.170633
0.108521 -0.0395391 0.238987
0.123185 0.0196805 0.207808
0.111151 -0.0300356 0.240992
0.120561 0.0211174 0.197988
-0.00741642 -0.00432906 0.251954
-0.0413428 -0.013335 0.248541
0.097542 0.0180163 0.141612
0.153443 0.0281372 0.211499
0.128054 0.0407015 0.263168
0.106367 -0.0287015 0.230599
0.117387 0.0572522 0.247596
-0.0621555 -0.0988893 0.283317
0.0833343 0.0153672 0.241053
0.0396654 0.0645891 0.264969
0.126153 0.0403845 0.258686
0.15357 0.037728 0.218545
0.146858 0.0272765 0.202582
0.106025 -0.000319163 0.225068
0.135667 -0.0262819 0.218625
0.0717731 0.0078368 0.247804
0.0111581 0.0375707 0.230831
-0.0563734 -0.0891486 0.255766
-0.0724661 0.0330465 0.213578
0.0492577 -0.00833356 0.24295
0.106588 -0.029219 0.230791
0.0519003 -0.0515351 0.249607
0.0841295 0.0142109 0.225079
0.0730612 0.00886007 0.253525
0.152947 0.0286197 0.209918
0.119588 -0.0797528 0.24913
0.0410033 -0.0202877 0.230431
0.0804217 -0.0157794 0.247492
-0.143125 0.0680921 0.380658
-0.0891451 0.0237218 0.182972
-0.0153445 0.0143082 0.234897
0.082576 -0.0789197 0.265703
0.235329 0.123448 0.409536
0.100352 0.0133975 0.249905
-0.0483904 -0.086996 0.264678
0.0912289 0.0144202 0.228644
-0.0962376 0.0217389 0.177854
-0.0913283 0.025927 0.181472
-0.00711844 -0.00353753 0.229382
-0.0774132 0.0318211 0.230085
0.0827119 -0.00800682 0.259426
0.11838 0.0620683 0.241443
0.124048 0.0648184 0.232348
0.14355 0.0354101 0.205216
0.0891581 0.0151319 0.222989
-0.054642 -0.00037048 0.248766
-0.0845712 0.0347106 0.21914
0.036398 0.202381 0.737322
-0.0909803 0.0219849 0.210404
0.16422 -0.0954703 0.320761
0.0879832 -0.0819517 0.276366
-0.111292 0.18888 0.919434
-0.00145748 0.140689 0.978973
-0.139249 0.183255 0.957263
0.0880362 0.00050116 0.223707
-0.0198499 0.168956 0.920611
-0.0691125 0.227537 0.918812
-0.233442 0.206701 0.999554
-0.0653026 0.0330374 0.224992
0.068549 0.00817993 0.240987
0.0481658 -0.0114111 0.240349
0.168061 0.0687684 0.226985
0.0678692 0.06007 0.249766
0.00288545 -0.0107587 0.139917
0.135522 0.0582203 0.194181
0.112481 -0.0279078 0.241926
-0.0449351 -0.0579668 0.246527
0.10704 0.0283166 0.222196
0.0825922 -0.0650049 0.245107
0.0821891 -0.0639828 0.241888
0.0359753 0.188822 0.742496
0.0919471 -0.0248482 0.205128
-0.0451397 -0.0531386 0.272133
0.00346817 0.0336452 0.25645
0.108276 -0.0216741 0.236068
0.0285843 0.0705721 0.256323
0.178132 0.00620618 0.241169
-0.0297297 0.205948 0.964125
0.195988 0.0966597 0.336932
-0.0703553 0.0242158 0.224104
0.0458619 -0.0408299 0.251797
0.0559077 0.0370728 0.238006
0.136271 0.021784 0.227935
0.0261363 -0.0380311 0.51201
-0.00117495 0.245385 0.952156
-0.0641872 0.210346 0.848193
0.0221893 0.208886 0.775494
0.108983 -0.00960154 0.236114
-0.0195794 0.0276294 0.229405
0.0938286 0.0158488 0.254357
-0.00869499 0.170026 0.718921
-0.0597713 0.0339615 0.244402
-0.0338676 0.180658 0.848685
-0.006981 -0.0152243 0.236677
0.127819 0.0212056 0.190485
-0.00211306 0.0169116 0.23205
0.109515 -0.0398216 0.239987
0.118229 0.0420309 0.168589
0.194368 -0.00744169 0.266984
0.177885 -0.0337923 0.256339
0.163292 -0.0307495 0.225983
0.132181 0.0163052 0.192998
0.165244 -0.031181 0.227693
0.133601 0.0229432 0.219714
0.138256 -0.0521546 0.17856
0.163616 -0.0764447 0.221349
0.127737 -0.0472655 0.162803
0.161582 -0.033228 0.245396
0.198868 -0.0367087 0.259579
0.196912 -0.03689 0.269352
0.143789 0.00989727 0.21308
0.180339 0.00888348 0.24146
0.169597 -0.0320834 0.23538
0.159481 0.010401 0.234126
0.174765 -0.0319196 0.20619
0.152966 0.0254669 0.213278
-0.0727834 0.030644 0.216708
-0.158029 0.240717 0.984898
-0.340301 0.20416 0.891135
-0.113249 0.200886 1.16159
-0.383777 0.219391 0.948403
0.0325271 0.0771606 0.284362
-0.114508 0.189708 1.17932
0.0655051 0.0260269 0.104319
-0.0673504 0.202099 0.933093
-0.0812507 0.226122 0.879065
0.0274369 0.215533 0.750391
0.148228 0.0518822 0.206686
-0.0933964 0.0224238 0.177674
0.0815224 -0.00409905 0.232188
-0.0629496 -0.0405259 0.141079
0.182913 0.0904443 0.331715
-0.0019684 0.0162988 0.23035
-0.0955931 0.0267224 0.219499
-0.101501 0.0196512 0.204862
-0.0484008 -0.0662111 0.275892
0.0891549 -0.0302071 0.270435
0.0542164 0.0265834 0.143655
0.135761 -0.0481176 0.190937
0.0785444 0.00531225 0.245293
-0.0593283 0.000396799 0.251668
0.111092 -0.0165883 0.274782
-0.0863011 0.0280419 0.182812
-0.067207 0.0425013 0.279051
-0.0767414 0.0352079 0.225886
0.153456 -0.0724861 0.210171
0.115588 0.054678 0.188312
-0.0381576 0.0355524 0.223507
0.148991 0.0243244 0.203714
-0.0368111 -0.0329632 0.261282
0.104374 -0.0659282 0.26395
0.0927322 -8.35988e-06 0.233492
-0.0393605 -0.0320943 0.103334
-0.0497161 -0.0571516 0.290114
0.0837987 0.00620389 0.259225
0.0885611 -0.0209201 0.241994
0.140482 -0.0609157 0.188695
0.122823 -0.0811944 0.256257
-0.0317233 0.0390053 0.308683
-0.0466066 0.0293971 0.197112
0.118565 0.0591482 0.236615
-0.0242692 0.0331648 0.235842
-0.00668682 -0.00755455 0.205406
0.13483 -0.0209051 0.204987
0.114324 -0.0412268 0.163675
0.0995229 -0.000363393 0.211955
-0.0562771 0.0353819 0.226173
0.00614696 0.0389384 0.239013
0.0785047 -0.00851873 0.2392
0.145648 0.0207413 0.213312
-0.0879168 0.0286889 0.205274
0.128702 0.0187429 0.189358
0.110709 -0.073939 0.231881
0.149725 0.0527924 0.215941
0.0853229 -0.00820315 0.189484
0.133991 -0.0635569 0.183364
-0.0633906 0.0210417 0.218851
-0.00983977 -0.0237519 0.234608
0.126612 0.0329382 0.258216
0.135053 -0.0457486 0.179949
0.155751 -0.0733204 0.209792
0.0639399 0.0195554 0.126413
-0.0474468 -0.075251 0.265721
0.130309 0.046795 0.18684
0.102098 -0.0194401 0.272761
-0.0290707 0.0428673 0.229417
0.0704914 0.0422628 0.259211
-0.0130806 0.0303989 0.191897
-0.0219965 0.0461354 0.266986
0.000858788 0.017085 0.162525
0.123958 -0.0104315 0.187709
-0.0398686 0.0425382 0.253233
0.128738 0.0205472 0.216452
0.0723438 0.00449908 0.251499
-0.0355348 -0.0213037 0.0756955
0.140727 -0.0464072 0.187368
0.080375 0.00761913 0.235437
-0.00426987 0.223233 0.935488
-0.0412574 0.101191 0.561183
0.0233871 0.165632 0.836922
0.124589 0.0218107 0.205378
0.12448 0.176987 0.624508
0.0817321 -0.0743505 0.254998
0.0839186 0.0103205 0.230889
0.0156802 -0.0176487 0.224758
-0.0166936 0.0168327 0.288459
0.122553 -0.0340093 0.182786
-0.068385 0.0327275 0.209085
0.160848 -0.057708 0.200061
-0.0248791 -0.0179635 0.0600749
0.0939332 0.0180999 0.271037
-0.0643224 0.0300895 0.234059
-0.0738102 0.0120261 0.15534
-0.0280901 0.0391407 0.274225
0.0495148 0.0754108 0.312014
-0.0250933 0.04108 0.297099
-0.081644 0.0271828 0.266807
-0.0530498 0.0506342 0.322081
0.0548434 -0.0139524 0.269489
-0.00690465 -0.00932666 0.0645972
-0.0826575 0.0347843 0.213564
-0.0849173 0.0161284 0.192459
0.133279 0.0744727 0.269626
0.0617089 -0.00665059 0.257507
0.0895412 0.0118526 0.259657
0.0541616 0.0404306 0.250241
0.00451577 0.034936 0.265838
-0.0721028 -0.0887773 0.266997
0.0660621 -0.0634624 0.209678
0.0834935 0.0200584 0.248981
0.0942736 -0.00202682 0.239529
0.147259 -0.0606983 0.185775
0.15728 -0.0644016 0.197047
0.143284 0.0241094 0.211617
0.0968804 -0.0283594 0.261793
-0.0139778 0.0193011 0.229724
-0.0492123 0.0368029 0.286979
0.116128 0.0606925 0.244393
0.114938 0.0613563 0.220524
0.122027 0.0637899 0.228927
0.0826856 0.0113925 0.241158
-0.0521265 -0.00353682 0.233765
0.0935564 -0.0213192 0.240998
-0.00695368 0.012762 0.243995
0.111727 0.000424315 0.153397
-0.0561887 0.113427 0.653812
0.00902663 0.0561981 0.320706
0.0528752 0.0369792 0.238901
-0.0698514 0.0457544 0.260164
0.0798377 -0.0463954 0.198097
-0.0634352 0.0429708 0.25294
-0.368713 0.262589 1.1425
-0.184886 0.20951 0.776739
-0.320981 0.263035 1.02672
-0.0929144 0.0381765 0.240969
0.0102331 0.115522 0.41579
-0.00403754 0.118828 0.437843
0.122266 -0.000767818 0.183695
-0.0063666 0.134721 0.502432
-0.630866 0.313368 1.37438
0.115357 0.00216538 0.163816
-0.0435481 0.0966933 0.386309
0.122275 0.0175004 0.170053
0.108405 0.0590782 0.221338
0.000457574 0.101739 0.353979
0.116053 0.0101425 0.164274
-0.0682603 0.113445 0.423045
-0.084029 0.125809 0.524378
0.0103193 0.0533198 0.324069
0.131192 0.0253074 0.183266
0.132612 0.00415197 0.179328
0.124299 -0.00598633 0.17377
0.11295 -0.00762355 0.17026
0.00406815 0.081858 0.352367
-0.057718 0.111419 0.574487
0.107006 0.0615752 0.202525
0.00512471 0.077709 0.393184
0.117461 0.00872631 0.169765
-0.0642641 0.0945994 0.507972
-0.141254 0.194952 0.837837
0.115516 0.00623746 0.164708
0.12909 0.0118804 0.191165
-0.00452969 0.111353 0.430407
0.101524 0.0257976 0.21046
-0.00679149 0.0607396 0.265398
-0.126736 0.160432 0.725099
-0.104097 0.0483141 0.232861
-0.0176277 0.0117638 0.168102
-0.0207236 0.0138276 0.192341
-0.0705813 -0.0432108 0.148512
-0.00883835 -0.0003857 0.0103907
0.0713943 -0.0538815 0.198796
0.0692784 0.0641917 0.405755
0.117759 -0.0238295 0.192304
0.10178 0.0299111 0.194291
-0.0851344 0.0242962 0.20087
-0.022344 -0.0167602 0.129238
-0.0924514 0.0174625 0.185516
0.119184 -0.0404423 0.162412
0.115472 0.0232144 0.194738
0.0177768 0.0245952 0.152173
0.141472 -0.061289 0.184542
0.110001 0.00904704 0.230325
-0.0614608 -0.000323509 0.282485
0.0170957 0.0512369 0.320535
-0.0666552 -0.0704118 0.218956
-0.00596529 0.00499104 0.0376868
-0.0754994 0.0367037 0.238264
0.00263021 -0.0149245 0.0353357
0.0407459 0.0195076 0.205392
0.0831819 -0.0172986 0.254621
0.0118826 -0.0115867 0.141908
-0.0375958 -0.0363798 0.111788
-0.00609354 -0.00027171 0.259153
0.104403 0.0363458 0.213571
0.00154807 -0.00723266 0.098085
0.138935 -0.051353 0.187706
0.059548 0.0322373 0.172226
0.153552 -0.0570817 0.206487
0.138889 0.0171302 0.210609
0.0990586 -0.0335436 0.270919
0.0796407 0.0381344 0.203259
0.048434 -0.0232475 0.262293
-0.0725673 0.0135759 0.145003
-0.0443284 0.0497408 0.329473
-0.0671728 0.0185974 0.111186
-0.0936369 0.0211596 0.154887
0.0614875 0.0390433 0.221805
-0.0787503 0.0216937 0.13255
-0.0903678 0.0272669 0.15254
-0.0724723 0.0330883 0.204088
0.052878 -0.0561496 0.193986
0.110855 0.0498222 0.234444
-0.0798922 0.0161624 0.135952
-0.10774 0.0274718 0.203342
-0.00566695 -0.0094326 0.0627186
-0.0589607 0.0227927 0.236589
-0.0496679 0.0291913 0.192774
0.118903 -0.0442422 0.164125
-0.088043 0.0305125 0.284188
-0.0731483 0.0369763 0.255568
0.14163 -0.0478248 0.189183
0.0849979 0.0192352 0.249567
-0.0470363 -0.0671011 0.264968
-0.0384008 -0.0352879 0.110499
0.0677417 0.0347688 0.183806
0.0881764 -0.0468868 0.329329
-0.0837044 0.0159834 0.196996
0.0836704 0.0503393 0.218998
-0.032482 -0.0177874 0.215379
0.0928103 0.0177789 0.225326
-0.0147041 0.0277093 0.23037
-0.117005 0.0276711 0.221828
-0.102911 0.0218652 0.175791
0.0793778 -0.0140587 0.194507
-0.0446642 -0.0325066 0.106352
-0.0898083 0.0204551 0.202507
0.0958549 -0.0238367 0.235202
0.00105098 -0.0164866 0.22628
0.00760387 -0.0107907 0.145926
-0.046334 -0.00140087 0.196001
0.00547226 0.0459293 0.332858
0.090953 -0.0126133 0.2719
0.0762372 0.0046499 0.267901
-0.0501336 -0.0285316 0.295668
0.0751177 0.00613658 0.26168
0.0600498 -0.00566842 0.251379
0.0949044 -0.00379177 0.241899
0.0707924 0.0446854 0.255686
-0.0468723 -0.0332105 0.107306
-0.0886389 -0.00864699 0.126134
-0.099222 0.0207548 0.135776
-0.0335187 0.0123699 0.204901
-0.0213095 -0.0264705 0.182426
-0.0175457 0.0124519 0.172725
-0.0294263 0.0377603 0.209296
0.106753 0.0542921 0.220867
-0.00712825 0.11907 0.543258
-0.00740524 0.0561699 0.319741
-0.0143777 0.0422401 0.194569
-0.0850277 0.0505062 0.235297
-0.0747063 0.0345826 0.169234
0.0716074 0.00967401 0.109694
-0.0691437 0.0533081 0.282357
-0.0786921 0.0368912 0.227986
0.102031 -0.00648205 0.152884
-0.00737633 0.0654129 0.281384
-0.074119 0.0311787 0.192956
0.10681 -0.0018513 0.157593
-0.00718235 0.043269 0.164846
0.105282 0.00540861 0.155393
0.117349 -0.00773885 0.167827
0.115525 -0.0223602 0.251983
0.0906724 -0.0200713 0.246542
0.133886 0.0713307 0.2815
0.116867 0.00957938 0.17448
0.131865 0.00731018 0.194527
-0.0705303 0.0323275 0.157165
0.116322 -0.00525191 0.171611
0.134094 0.00122464 0.196875
0.122335 0.0068443 0.180333
-0.00822282 0.0744257 0.29346
0.00850719 0.113226 0.423177
0.113499 0.00983859 0.163374
0.00767587 0.126319 0.450195
0.126596 0.0221916 0.174253
-0.017299 0.0124799 0.190462
0.0646522 -0.00254546 0.260873
0.101592 -0.0262171 0.26219
-0.0179171 0.0132304 0.115281
0.0237248 -0.0171484 0.0545591
-0.0461895 -0.0399098 0.286563
0.0232473 -0.0167909 0.0532896
-0.0811704 -0.0068742 0.135172
-0.0846643 0.0229153 0.136146
-0.090919 0.0212298 0.149165
-0.0596022 -0.00135158 0.266207
0.105748 0.010836 0.221059
-0.0103474 0.0321431 0.172809
0.0787691 -0.0113051 0.19941
0.0679378 -0.00371946 0.178431
-0.0809946 0.0224243 0.135986
-0.0190795 0.033636 0.222896
-0.011853 0.0430465 0.251654
-0.0133786 0.0268983 0.155903
0.10974 -0.00744761 0.165465
-0.00350797 0.00362892 0.0207408
0.00569495 0.0494797 0.25074
0.059385 0.00436109 0.210843
0.0052451 0.0390729 0.218427
0.00238098 0.0443752 0.243843
0.00734604 0.0433728 0.265441
-0.0231982 0.0144928 0.0617691
0.0112187 -0.0169063 0.137449
-0.0257936 0.0168616 0.0717787
-0.0183988 0.0209145 0.10617
-0.020521 0.0231181 0.118282
0.10699 0.0116229 0.267862
0.0598833 0.0304545 0.130754
-0.010695 0.0196461 0.0794687
-0.0175012 0.0211481 0.110587
0.00237986 0.0220538 0.0951736
0.00195549 0.0198601 0.0872107
0.107317 -0.00417197 0.153881
0.106137 0.0100626 0.157802
0.117148 0.00863475 0.168887
0.0266389 0.0315568 0.108948
0.111208 -0.00567593 0.155331
0.0991892 -0.00217547 0.148108
-0.0172201 0.0284634 0.199014
-0.0316578 0.033281 0.169907
-0.0382433 0.0374178 0.195454
0.0960937 0.0326217 0.198729
-0.000772104 0.0173845 0.0813969
-0.0227946 0.0122263 0.0559794
-0.00228464 0.0137401 0.078421
-0.000360126 -0.012774 0.108523
0.014468 -0.0151198 0.187552
-0.066267 0.0127416 0.107805
-0.028334 -0.023106 0.161426
0.053031 0.0242046 0.131369
0.117907 0.0234495 0.169428
0.109998 0.00977492 0.157724
0.103276 0.00105122 0.146366
0.121003 0.0189682 0.178218
-0.0226654 0.0310032 0.260543
0.0949143 -0.00626699 0.135929
0.111144 -0.0268104 0.2934
0.150541 0.00629164 0.213539
0.114933 0.00343859 0.163133
0.124772 0.00725182 0.183211
-0.0530972 0.0338118 0.129275
0.124922 0.000796129 0.183378
0.116581 0.00121269 0.171266
0.102897 0.0342942 0.216266
0.130669 0.00145651 0.181267
0.103436 -0.00452544 0.144551
0.133322 -0.00491105 0.186456
0.141154 0.0724734 0.289526
-0.00233783 0.00235921 0.0154219
-0.00121483 -0.00248492 0.0360203
-0.00810637 0.021595 0.112072
-0.0098792 0.0230049 0.111256
-0.0110636 0.0235103 0.138074
-0.00229532 0.0228992 0.0992824
-0.016787 -0.025737 0.174623
0.0577314 -0.00976793 0.1595
-0.020703 0.0244548 0.195176
0.0933597 0.0110569 0.257579
0.0715264 -0.0759936 0.268225
-0.0794607 0.0329716 0.243867
-0.0659047 0.0247804 0.203923
-0.0310397 -0.0267162 0.0831122
0.0742562 0.0567009 0.31282
0.0853032 -0.0146896 0.259945
-0.0579202 -0.00320901 0.241676
0.0869442 -0.0231944 0.238187
0.0996215 -0.019571 0.253198
0.0803542 0.00636207 0.233808
-0.037281 -0.0260225 0.0853825
-0.0870559 0.0249071 0.176478
0.00368769 -0.0119315 0.171489
-0.0979767 0.0287446 0.147699
-0.0713516 0.0155324 0.115893
-0.0980506 0.0313878 0.160143
-0.0484623 0.0295335 0.192819
-0.0551372 -0.00329804 0.0888906
0.0597666 -0.0199445 0.178299
-0.0101068 0.0148186 0.0795722
0.0668485 -0.0390477 0.130187
-0.0167691 0.0170252 0.0714734
0.00146133 0.0233236 0.0874332
-0.0178342 0.0203082 0.106387
-0.000451166 0.0201742 0.0949519
0.0844243 -0.00914446 0.20502
0.0370874 -0.0407086 0.190466
0.0896077 -0.0211254 0.229397
-0.102029 0.0276671 0.165689
-0.0932832 0.0251288 0.151005
-0.0906257 0.0214755 0.145434
0.0797273 0.0268486 0.16413
-0.0541805 0.0364236 0.207316
-0.0946079 0.0275356 0.156371
-0.0723971 0.0159423 0.13664
0.0231369 0.00451837 0.0314676
0.0177998 0.00458674 0.0248858
0.107382 -0.0300216 0.234316
0.00598971 0.0356628 0.218408
0.014987 0.00443953 0.0314688
-0.0790397 0.0191441 0.137593
-0.0817774 0.016968 0.138104
0.140447 -0.0476708 0.196886
0.0590679 -0.00664077 0.245098
-0.0413312 -0.0446911 0.238434
0.0135711 -0.00637692 0.0288219
0.103718 -0.011814 0.226537
-0.00203358 -0.00356432 0.0177007
-0.000677923 0.00104883 0.0110834
-0.0126401 0.00705932 0.0401738
0.0383785 0.0288817 0.185073
-0.0883621 0.0266494 0.20153
0.0847794 -0.0322571 0.273994
0.0855219 -0.0194614 0.258201
-0.00876366 -0.0155347 0.220073
0.0719291 -0.0205348 0.189218
0.0935853 -0.0862346 0.293562
-0.0354437 -0.0504325 0.208686
-0.0566141 0.0209444 0.234217
-0.0528823 -0.0961118 0.289424
0.104863 -0.0136538 0.263976
0.0715355 0.0428523 0.256569
0.0918787 0.0138077 0.230581
0.0712116 -0.0376686 0.272706
0.106051 -0.0105106 0.231979
0.104615 -0.0108522 0.248737
-0.0909192 0.0308513 0.181334
0.0715222 0.00460581 0.236757
-0.0820042 -0.0621707 0.207787
-0.0595064 -0.00311958 0.258007
-0.0602933 0.018561 0.106811
-0.0692381 0.031262 0.114002
0.0475754 0.0107036 0.242295
0.0908429 -0.0184779 0.228525
-0.0663845 -0.0640299 0.204921
-0.107054 -0.00802043 0.147257
-0.0153302 0.00250859 0.0233174
-0.0155244 0.00821402 0.0441393
0.0116162 0.00283588 0.0184424
0.0380666 0.0204375 0.0790367
-0.0225689 -0.0289027 0.127968
-0.0351685 -0.0128028 0.198198
-0.0748249 0.017061 0.136381
-0.0552229 0.0258721 0.160363
0.0120251 0.0367742 0.230466
-0.0028989 0.000837979 0.00574795
-0.00293428 0.0156544 0.0823671
-0.0401955 0.0162765 0.102539
-0.00819911 0.0167857 0.0816467
-0.025504 0.0154661 0.0678652
-0.0117621 0.0164066 0.0770802
-0.0231415 0.01329 0.0617921
-0.0138467 0.0161188 0.0724813
-0.00249561 0.0173626 0.075468
-0.00687295 0.0177501 0.0809425
-0.0291699 -0.029577 0.0911886
-0.0268067 0.0126619 0.0540256
-0.00656016 0.00268677 0.0125122
-0.0274454 -0.021319 0.0673858
-0.0278522 -0.0211223 0.0674741
-0.0609831 0.00979231 0.127418
-0.0456668 -0.0345313 0.110446
-0.0430856 -0.0344039 0.110093
0.0474867 0.0198306 0.104898
0.0414539 -0.00724047 0.0633654
0.00820418 0.00425471 0.0167016
0.0177119 0.00232141 0.0277324
-0.00866008 0.00626888 0.0532737
0.107652 0.0191642 0.176155
0.0760663 -0.0741236 0.250962
-0.0470559 0.0149089 0.161803
0.0339425 -0.00632137 0.0517598
0.129821 -0.0251971 0.210501
0.0389215 -0.0140772 0.0529877
0.0276208 0.00447804 0.0403851
0.0266201 0.00432289 0.0390226
0.0095216 0.00312887 0.0193379
0.0425753 -0.0384918 0.236625
-0.0291293 0.00827108 0.051896
-0.00709182 0.00685946 0.0445125
0.08733 -0.0289829 0.243776
0.117891 0.0339252 0.248012
-0.00229608 -0.00285446 0.00824801
-0.0145722 0.00342176 0.0245699
-0.0339135 -0.0279112 0.086651
0.000288784 0.00730268 0.0478206
-0.00783168 0.00507731 0.0244332
0.064694 -0.00179499 0.25611
-0.00388273 0.00287849 0.0157485
0.101101 0.000941933 0.214324
0.04818 -0.0163253 0.136856
-0.0584975 0.024512 0.254634
-0.0451274 -0.0344155 0.267113
-0.139824 -0.145037 0.460921
0.100895 0.0425462 0.221248
-0.00375894 0.0027434 0.0147594
-0.00372394 0.00273068 0.0146055
-0.00372899 0.00270232 0.0145581
0.0688713 -0.0408141 0.138092
0.00705139 0.0348869 0.215096
-0.0564742 -0.00285396 0.241265
0.0867 0.0113844 0.220904
-0.00424231 0.00285732 0.0204137
-0.0430958 0.0143732 0.264981
-0.000800241 -0.0079274 0.0484333
0.0624031 0.043764 0.25717
-0.00321275 0.0169968 0.0948035
0.00222737 0.0259859 0.11325
-0.00676015 0.00464195 0.0265161
0.089753 -0.0148371 0.23392
-0.0466542 -0.0542771 0.27094
-0.0215046 -0.0136645 0.0469244
-0.00271672 0.0180945 0.0741092
0.0907481 -0.0569787 0.228161
0.0684513 0.0415621 0.17953
-0.0262199 0.00991315 0.107273
0.0788402 0.0146996 0.19763
0.0969484 -0.0231523 0.24511
0.0658824 -0.0247756 0.215082
-0.0720257 -0.00697338 0.100313
-0.0422735 -0.0482739 0.233272
0.0937075 0.0159767 0.241256
0.101825 -0.028213 0.220368
-0.0177952 0.00857365 0.0676664
-0.00996753 0.00295606 0.0152919
-0.0189726 -0.00773212 0.0301889
-0.000478458 0.000781762 0.00735519
-0.000220032 0.00290122 0.015962
0.0479928 0.0367117 0.235136
0.0714153 0.0153171 0.102147
-0.059441 0.0150555 0.105357
0.0166904 0.00409597 0.0340842
0.107242 -0.0366723 0.294968
0.0248008 0.00450917 0.0364816
0.0128443 -0.00154398 0.0322982
0.026121 0.00456633 0.0429016
0.00405942 0.00210951 0.0146785
0.179495 -0.0627411 0.249637
0.121115 -0.0282621 0.261768
0.123718 -0.0576523 0.17008
-0.0438068 -0.0242804 0.257833
-0.0441681 -0.0496389 0.147031
0.0105591 -0.00605377 0.0571706
-0.00440752 0.00119455 0.00737752
-0.0399343 0.0177958 0.119787
-0.0382268 0.0131101 0.118196
-0.031795 -0.043654 0.178096
-0.0783817 0.023511 0.158437
-0.07828 -0.0466213 0.162745
-0.00350995 -0.00166904 0.0111432
-0.0791929 -0.00783306 0.0708585
-0.073355 -0.00716684 0.0661448
-0.0874422 -0.0493643 0.176363
-0.0796776 -0.0078117 0.0713262
-0.0433569 -0.0409772 0.12557
0.097464 0.0044203 0.286139
-0.113235 0.00575865 0.155409
-0.108046 -0.032552 0.15043
-0.108877 0.01263 0.145586
-0.0959494 0.0277759 0.144816
-0.107855 0.0139053 0.147721
-0.118326 0.0240384 0.154664
-0.10057 0.0400716 0.160538
-0.114429 -0.00869488 0.158505
-0.110048 0.0238543 0.152562
-0.119346 0.00487042 0.163036
-0.099403 0.0306253 0.163538
-0.0849021 -0.00534111 0.140409
-0.0677389 0.0308977 0.184312
-0.0203933 0.0177932 0.0719552
-0.00637866 0.0115896 0.0461653
-0.100038 0.0326049 0.195047
0.000878454 0.0110992 0.0486026
-0.000657246 0.0130432 0.0505306
-0.10003 0.0116657 0.133303
-0.0987104 0.0220877 0.13408
0.0709152 -0.0123233 0.194194
0.1113 -0.0295253 0.239628
-0.0590573 0.0211788 0.128896
0.0939379 0.0153728 0.19892
0.016104 0.00423492 0.0327754
0.0250263 0.00435732 0.0338333
-0.0869105 0.0217218 0.138436
-0.0784272 0.020556 0.132532
-0.0745642 0.0229931 0.12682
0.102196 -0.0312799 0.263649
0.123312 -0.00225564 0.187056
-0.0475889 -0.0789958 0.263392
0.107455 -0.000221413 0.228204
0.091795 -0.0105125 0.225833
-0.00262911 -0.00329963 0.00965766
-0.0364152 0.0137936 0.103305
-0.04746 0.0207309 0.141035
-0.0399384 -0.0261241 0.280416
0.0641709 -0.0488302 0.180753
0.0623159 -0.0219754 0.086334
0.0077328 0.0292887 0.236065
-0.0239533 -0.0222054 0.13884
-0.00217823 -0.0026308 0.0438679
-0.00635272 0.0110607 0.241897
-0.00553691 -0.0152278 0.230922
0.0384463 0.0250571 0.1429
0.0874432 -0.0225419 0.239445
0.023749 0.00413286 0.0321322
0.0162069 0.00424246 0.0260605
-0.00126543 -4.37299e-07 0.00554695
-0.0466128 -0.0341178 0.109743
-0.0426134 -0.0484946 0.144351
0.0550201 0.0228331 0.121404
0.0508366 0.00728629 0.258577
0.0475278 0.0309472 0.180261
-0.0850928 0.0233209 0.183007
-0.00749195 0.0030931 0.0151873
0.0577888 -0.0108557 0.233486
0.0220737 0.00432807 0.0299782
0.0226896 0.00399537 0.0312982
0.0929528 -0.0131334 0.201936
-0.05838 -0.0404789 0.133438
0.0511498 -0.00169174 0.267247
0.104338 -0.0234948 0.269269
0.0968862 -0.0310205 0.246015
-0.0194776 -0.0344154 0.107476
-0.0899661 0.0247575 0.136488
-0.0124986 -0.0195824 0.0657238
0.000141456 0.00202106 0.0169389
0.0156523 -0.0132636 0.141739
-0.00481577 0.00823987 0.14704
0.0031662 0.0124033 0.160392
-0.00149797 -0.00209374 0.0134322
0.0711902 -0.012052 0.195
-0.0876058 0.003512 0.1108
-0.00703255 -0.00410047 0.198736
-0.0752521 0.0251979 0.116872
-0.00347211 0.0146988 0.204812
-0.0115799 0.000421942 0.0110545
0.0837805 0.0113233 0.24344
0.0203952 -0.0147888 0.183173
0.0284423 -0.0738492 0.672221
-0.0704836 0.0136398 0.089494
0.0146393 -0.00529063 0.0197314
0.0445028 -0.00861386 0.0639981
-0.0789244 0.0172654 0.129995
-0.074061 0.0224666 0.126568
-0.0811949 0.0371778 0.134214
-0.0547549 -0.039094 0.128135
-0.066054 0.0167495 0.117975
-0.0373253 -0.0488619 0.145353
0.105591 0.018695 0.172486
0.0623051 -0.00203583 0.249041
-0.0082283 0.0012702 0.0113839
-0.00324928 -0.00326328 0.0659956
-0.101251 0.0250802 0.160222
-0.0950209 0.0271021 0.149766
-0.0982249 0.0116399 0.13096
-0.0411859 -0.0201107 0.235826
-0.104435 0.01319 0.134454
-0.0882974 0.0286021 0.147258
0.131387 0.0687793 0.265698
0.103775 -0.00857727 0.244803
-0.00954035 0.00726285 0.117441
-0.0093089 -0.0216519 0.218241
-0.0739603 -0.038401 0.142267
-0.00363116 0.00058783 0.0236314
-0.053628 0.00855541 0.116865
-0.0553833 -0.0564919 0.172329
-0.0831811 0.0222071 0.14207
0.130593 -0.0439901 0.183011
-0.0794502 0.019011 0.135847
0.0833556 0.0307846 0.177819
-0.0745356 0.0232657 0.123914
-0.0793659 0.0241301 0.126607
-0.0405209 -0.00397439 0.0651468
-0.0579959 0.0189961 0.13416
-0.052833 -0.044244 0.143992
-0.0279721 -0.00271775 0.0342286
-0.0829972 0.0264172 0.139374
0.0505996 -0.0518111 0.246821
-0.0438588 -0.0750087 0.232549
0.00762925 0.0402134 0.235242
-0.00227184 0.00267848 0.0190409
0.0481595 -0.0302804 0.375395
-0.0844884 -0.0572205 0.195639
0.0540172 0.0417264 0.230829
-0.0128024 0.0106299 0.175901
-0.00893372 -0.0155227 0.208727
-0.00323011 -0.000147868 0.0110998
-0.01998 -0.00543371 0.114935
-0.0320916 0.00978477 0.114551
-0.0546639 0.0109708 0.128131
-0.0367781 -0.0412882 0.124704
0.0111724 -0.000544706 0.0367194
-0.0433334 0.0201845 0.116061
0.0849074 -0.0337943 0.108792
-0.0360223 0.0138804 0.117781
0.106181 -0.0657526 0.263417
0.110559 -0.0296905 0.294872
-0.0470628 0.0196506 0.120717
-0.0777488 0.0266754 0.131626
-0.0757536 0.020445 0.129363
-0.0729564 0.0157232 0.132652
-0.0807192 0.0329181 0.130585
-0.0627598 -0.0409504 0.136533
-0.00265084 0.00090385 0.00493623
0.098434 -0.00251475 0.20955
-0.0758774 0.0205701 0.129595
0.0790171 -0.00691746 0.20439
0.116714 -0.035485 0.15631
0.0925015 -0.0334836 0.207004
-0.0541829 -0.0600265 0.180833
0.13187 -0.0330022 0.324102
0.00608877 0.0209299 0.231105
-0.00192276 -0.00325641 0.0257143
-0.00405544 8.04564e-05 0.00862683
0.0541465 -0.0531226 0.186212
-0.0202638 0.00709501 0.0766774
-0.00533267 0.000648308 0.00520534
0.0923317 -0.0145474 0.145289
0.127534 -0.0519861 0.161994
-0.0046633 0.00562698 0.0390394
0.125152 -0.0526225 0.169062
0.0211972 0.00415709 0.0287249
-0.012299 0.00700458 0.0319161
0.00817227 -0.00185007 0.0202004
0.100961 -0.0596032 0.25319
-0.0172103 0.00415031 0.0266925
-0.0828316 0.0216376 0.131424
0.0712101 -0.00439782 0.0870614
-0.00475616 0.0149118 0.263665
-0.0660499 0.0264226 0.221796
0.0522771 0.0361829 0.235615
-0.00262817 0.00234141 0.0214689
0.0583636 -0.0237474 0.0764055
0.0645979 0.00126424 0.0968562
0.0490087 -0.0547486 0.190728
0.0235306 -0.00187448 0.035225
-0.0128822 -0.00760606 0.0316534
-0.0126194 -0.00741229 0.0310287
0.111023 -0.0296261 0.242401
-0.0734241 0.0306606 0.224586
-0.00147179 -0.00150766 0.00371309
-0.00818807 0.00205001 0.0117373
0.00790624 0.00395058 0.0256463
0.0425051 0.0161203 0.0910654
0.0630082 0.0118924 0.0957129
0.0373587 0.0161507 0.0863813
0.053341 0.0054705 0.079547
0.113988 -0.0356779 0.156512
0.0825787 -0.0330503 0.105744
-0.000971381 -6.35269e-05 0.00410807
0.0983452 -0.0610589 0.244569
0.0313467 0.0536438 0.215858
0.095153 0.0231782 0.198539
0.0545243 0.0282532 0.119035
-0.0389885 -0.0226422 0.25526
-0.0429597 -0.0416701 0.301071
-0.0166986 0.00326863 0.0323578
-0.0376618 0.0184335 0.155391
0.0166714 0.00420008 0.0231994
-0.00410893 0.00332281 0.0147074
-0.0575469 0.0232405 0.126027
0.0230245 0.00456732 0.0328677
-0.00599718 0.00213763 0.013418
0.014658 -0.0052958 0.0197556
-0.0734546 0.015769 0.127128
-0.0949574 0.0345036 0.145914
-0.0199153 -0.0349425 0.103173
0.0867487 0.0162694 0.249569
0.104697 -0.0191148 0.248955
-0.00438278 -0.000177954 0.0074484
-0.0802777 0.00482445 0.135987
-0.0861824 0.00339487 0.146522
-0.00836766 -0.00601687 0.039347
-0.0778037 0.0238203 0.132789
-0.090527 0.0205691 0.144756
-0.102381 0.0337119 0.158854
-0.0952331 0.02683 0.150533
-0.0251905 0.00848925 0.100187
-0.0524388 0.0163141 0.18182
0.0998781 -0.0321225 0.251903
0.0964098 -0.0610364 0.24508
0.000563615 0.0037387 0.0245385
-0.0447746 0.00763227 0.0426381
-0.0171437 -0.0240903 0.0859082
-0.0444881 -0.00397683 0.0575271
0.0333063 0.0355223 0.224855
0.00393024 0.0207758 0.209421
-0.144547 -0.13124 0.427568
0.0255917 0.00474166 0.037727
-0.0558133 -0.0478751 0.150134
0.0436385 0.00228449 0.065451
0.0885603 -0.0515606 0.222535
-0.00263262 -0.00330494 0.00960623
0.0254324 0.00250549 0.0374532
0.00597755 0.00321892 0.0214462
-0.0125642 0.00871968 0.133965
0.0972806 -0.00205959 0.207489
-0.0584315 0.0117842 0.104325
0.0515986 -0.0571585 0.197985
-0.000684492 0.000824983 0.0244615
-0.107848 -0.0224858 0.172621
0.000561897 5.55601e-05 0.00174917
-0.0955654 -0.019933 0.152938
0.0382641 -0.0429215 0.146741
-0.00254149 -0.00285045 0.0057103
0.0152494 -0.0224793 0.179995
-0.0805365 0.0239597 0.132708
-0.0280171 -0.03846 0.109367
-0.0387373 -0.0420448 0.128788
-0.0292335 -0.0361026 0.106385
0.0880444 -0.00509157 0.225084
-0.0506152 0.0186582 0.159171
-0.0518146 0.0191085 0.163799
-0.0592075 0.012224 0.140502
0.000396766 -0.00816747 0.0192166
-0.00348755 0.00325937 0.0276879
-0.00191205 -0.000208342 0.0172756
-0.0459724 -0.00644466 0.0434342
-0.0257625 -0.00153357 0.111063
-0.00841639 -0.0118361 0.0379069
-0.0792017 -0.0435934 0.155379
-0.0155109 -0.00440027 0.0824431
-0.000332346 -0.00131586 -0.00235675
-0.0304462 0.0100756 0.0275152
-0.00803983 -0.0112948 0.0357944
-0.00570348 -0.0025154 0.00275573
9.80722e-05 0.00278128 0.0385127
-0.0628471 -0.0401873 0.135594
-0.028869 -0.0375126 0.159642
-0.0595941 -0.0378119 0.127343
-0.0635183 -0.0406552 0.137139
-0.00504107 -0.00171709 0.0139987
-0.0516239 -0.043265 0.137526
-0.0381294 0.0162613 0.100832
0.0447573 0.0336453 0.211095
0.082046 0.00568885 0.275602
0.0357373 0.0129015 0.0762056
-0.0145321 0.00466103 0.0555006
0.0379191 0.013118 0.0826096
0.0432335 0.014231 0.0946062
-0.0850854 0.0211343 0.136876
-0.0797492 0.0175472 0.138861
-0.0253218 -0.0421119 0.123809
0.115478 0.0190473 0.196023
0.113766 0.0187109 0.193191
-0.0385443 0.0141823 0.0778012
-0.00137671 -0.00016206 0.00189889
-0.0822302 0.0256511 0.133223
-0.0162954 -0.00231742 0.0141128
0.000230908 -0.00496533 0.00580746
-0.0834261 -0.00528901 0.144962
-0.0886841 0.0281802 0.148692
-0.0282367 -0.0453142 0.129642
-0.00297302 -0.000242049 0.00149226
-0.0142255 0.00876463 0.120563
-0.000391919 -0.000567176 0.000852832
-0.00575985 0.00169182 0.00758682
-0.0413873 -0.0628871 0.219911
-0.0717361 -0.0133521 0.0678799
-0.0137613 0.0179181 0.177112
-0.0114931 0.015944 0.143212
-0.0733814 0.023686 0.156611
-0.0300095 -0.0472484 0.133775
-0.0398365 0.0167179 0.117843
-0.0464962 -0.0416441 0.129703
-0.00865428 -0.0125482 0.0389771
-0.059312 -0.0398469 0.136676
-0.0467582 -0.0292664 0.275327
-0.0816992 0.0347304 0.128935
-0.0254857 -0.010275 0.0411181
-0.0654941 -0.040202 0.136567
-0.0643652 -0.0415525 0.141682
0.00169247 -0.0131232 0.0471266
-0.0875073 -0.0386224 0.148136
0.00790548 0.00507206 0.0293576
0.00206838 0.0149771 0.144338
0.0061505 0.0310115 0.191643
-0.00273366 -0.00661537 0.0435881
0.000933854 -0.00493437 0.0417254
-0.00169933 0.000613028 0.00676651
-0.0392821 -0.00458904 0.235243
0.0296406 -0.0227137 0.24992
0.0337635 -0.023398 0.278932
0.0444577 -0.0262016 0.300546
-0.000362425 -0.00105786 -0.00153372
0.0187131 -0.0384976 0.542784
-0.00244949 -0.00235625 0.00537744
-0.020577 -0.0232438 0.0635789
-0.0443146 0.020588 0.128359
-0.00293707 -0.0046339 0.00716154
-0.00791597 0.00373663 0.0135459
-0.00812141 0.00916801 0.19189
-0.00198337 0.00107923 0.00960273
-0.0508103 -0.0436887 0.136083
-0.026961 -0.0303171 0.147358
-0.00869019 -0.00954253 0.0398332
-0.000609704 -0.00160484 -0.000456093
-0.00520684 0.000604571 0.0139871
-0.0327308 0.0109186 0.0300827
-0.0659199 0.0168163 0.150198
-0.0260219 0.00831393 0.0954879
-0.0480073 0.0199608 0.123197
-0.00437734 -0.00248395 0.0157437
-0.015394 -0.00231071 0.0130593
-0.0676693 0.0114473 0.154441
-0.0429758 -0.0323561 0.24095
