-0.0253661 0.0471448 0.264745
0.0468371 -0.033248 0.242969
0.0948984 0.00187999 0.240377
0.0807918 -0.0155117 0.248095
0.0489161 -0.0103769 0.244715
0.077939 0.00318532 0.244201
0.0209296 0.164994 0.842152
-0.0583228 0.000225151 0.245572
0.0803401 -0.0700601 0.272989
0.0746169 0.0795405 0.500988
-0.28599 0.152775 0.845088
-0.140746 0.0802799 0.421429
-0.0191522 0.214182 1.10936
-0.0908975 0.178766 1.02277
-0.302845 0.150946 0.843297
-0.835655 0.391255 1.86212
0.0581553 0.0402518 0.239278
-0.305412 0.203672 0.918073
0.129828 0.0660407 0.2461
0.0602779 -0.00235331 0.250335
0.0706166 0.00402265 0.248905
-0.00245037 0.0178144 0.242289
-0.0233506 -0.0556417 0.382013
0.122454 0.0212572 0.20009
-0.0327836 0.0258496 0.222424
0.112961 0.028677 0.235276
-0.00797779 -0.0189383 0.194645
-0.0676655 -0.00056001 0.292175
-0.0553951 0.0483076 0.302114
0.064512 -0.00748165 0.258359
0.09295 0.0846928 0.316404
0.0622851 0.0660543 0.25589
-0.0468792 0.170877 0.931031
-0.0998121 0.0298873 0.211924
-0.0874162 0.181141 0.81843
0.1262 0.0564075 0.188384
-0.0593713 0.209994 0.952743
-0.0612326 0.180769 0.870349
0.0649305 -0.00601741 0.257569
-0.139242 0.242134 0.882832
-0.0646876 0.214017 0.944262
-0.367925 0.170801 0.811075
-0.383778 0.209194 0.85391
0.190599 0.125866 0.422885
-0.0648131 0.0711061 0.489928
-0.390914 0.200796 0.807988
-0.281857 0.139127 0.533885
-0.02249 0.0415794 0.220012
0.566196 0.374227 2.39666
0.91887 0.155105 2.27047
-0.143073 0.231105 0.922157
-0.0521569 0.22756 0.93031
-0.295157 0.250965 1.0309
-0.405506 0.169398 0.884872
0.0139113 0.205514 0.779889
-0.0454169 0.239722 0.945867
-0.359627 0.154017 0.734307
-0.00849777 0.0048272 0.0180691
-0.29811 0.172104 0.596606
-0.348872 0.175068 0.979675
-0.830199 0.444574 2.84649
-0.357585 0.175263 0.843974
-0.917321 0.230517 1.71212
0.00303184 0.119555 0.833394
-0.13238 0.196918 1.00279
-0.115155 0.228465 1.03821
-0.0586713 0.0684679 0.417857
0.0581845 -0.0629124 0.26617
-0.142588 0.062981 0.489384
-0.0896294 0.0320308 0.189347
-0.0970998 0.0205887 0.188893
-0.0602691 0.198531 0.879221
0.0611424 0.00761886 0.21614
0.102402 -0.0218186 0.251264
-0.0792992 0.256294 1.00097
-0.203381 0.228033 0.919057
-0.0331854 0.0761647 0.407485
-0.125989 0.0736884 0.371528
0.0310142 0.149135 0.624824
-0.336127 0.17442 0.854204
0.0246778 0.246312 0.88081
-0.258921 0.134922 0.552139
-0.165882 0.301913 1.06778
-0.0263763 0.079932 0.385759
0.00784481 0.187751 0.755271
-0.340581 0.198994 0.706895
-0.0283032 0.226138 0.936417
-0.346285 0.155945 0.855488
-0.438258 0.320238 1.25612
0.145081 -0.0640694 0.185919
0.130801 -0.0645486 0.166756
0.122664 0.0604963 0.251434
0.140242 -0.0503821 0.197045
0.142268 0.0240294 0.210083
0.0288072 0.00975069 0.063879
-0.00684571 -0.0178139 0.115158
-0.0193453 0.024087 0.109568
-0.0280583 0.0248502 0.126071
-0.0137711 0.0193342 0.0844907
-0.0131233 0.0129784 0.112014
-0.00102418 0.0207818 0.0962199
-0.0147728 0.0193051 0.0844483
0.0030789 0.0203175 0.096144
-0.023053 0.0185824 0.0730091
-0.00121086 0.0242697 0.0945106
-0.00293096 0.0181608 0.0995728
-0.0032519 0.0232473 0.0934197
-0.0380188 -0.0258012 0.0883201
-0.0447362 0.0231209 0.11401
-0.0128986 0.0183046 0.0820953
0.00202353 0.0251536 0.0941278
-0.00607121 0.022338 0.0868197
-0.0113395 0.0149645 0.0837892
0.0588614 0.00892135 0.151906
-0.0543836 0.00986049 0.0911339
-0.0133266 0.0113611 0.168982
-0.00674598 0.164718 0.897138
-0.00408367 0.0343997 0.256966
0.0731741 -0.0053859 0.201261
-0.0271198 0.19278 1.04164
-0.0883269 0.0238463 0.180786
-0.0821306 -0.0409173 0.149787
-0.097271 0.183522 0.94124
-0.049766 0.0768746 0.464922
-0.0417843 0.0159518 0.271115
-0.314457 0.185005 0.996182
0.0181988 0.250213 1.40035
-0.273359 0.242641 1.08847
-0.190351 0.0822205 0.396063
-0.264722 0.154412 0.822845
-0.186241 0.0805681 0.381958
-0.0107892 0.0949136 0.664001
0.0859899 0.0583325 0.366415
0.0921865 -0.0237636 0.239937
0.0194756 0.197682 0.83863
-0.0715493 0.0663022 0.418843
-0.110448 0.178423 0.96365
-0.0912146 0.0214213 0.180929
0.0690885 -0.0344693 0.256998
-0.0589491 0.0483536 0.36917
0.0990115 -0.0302889 0.254355
0.0123617 0.134985 0.683908
-0.0896461 0.0275483 0.208705
-0.0524855 0.0341064 0.235917
-0.0372134 0.0483715 0.361733
0.0647261 -0.0338115 0.245896
-0.0707956 0.0291662 0.236044
0.132025 0.0692465 0.268
0.066579 -0.0350978 0.253122
0.224114 0.132259 0.437268
-0.0159343 0.0293928 0.231746
0.00577531 0.018616 0.233461
0.124601 0.069635 0.230055
-0.165618 0.253101 1.03719
0.0750683 0.01307 0.198011
0.126366 0.0602594 0.258108
0.0830963 -0.028135 0.249837
0.063353 -0.0611732 0.242053
-0.00872715 -0.024931 0.257585
-0.0920431 0.0259651 0.183756
0.04901 0.0376806 0.238316
-0.0499699 -0.0892861 0.276282
0.0812883 -0.0157347 0.250257
0.0128485 0.174048 0.667635
0.0956085 -0.02219 0.244001
-0.0519391 0.0439801 0.326121
-0.100976 0.0386183 0.246712
-0.0806321 0.136195 0.980225
0.119136 0.0369889 0.250048
0.0931615 -0.016164 0.246461
0.0250245 0.178245 0.750278
0.00698846 0.0720153 0.287558
-0.246304 0.142914 0.492959
4.61692e-07 -6.75583e-07 3.73257e-06
-0.101619 0.251683 0.954166
-0.0580587 0.140033 0.87021
-0.146633 0.235875 1.08505
-0.150774 0.257489 1.09191
-0.0937192 0.264386 0.95808
-0.122192 0.246185 0.946922
-0.0110575 0.187558 0.81014
-0.123884 0.179861 1.01046
-0.298771 0.186694 0.770714
-0.0879285 0.0501685 0.251392
-0.0617161 0.0327691 0.256902
-0.285196 0.178468 1.15931
-1.46271e-05 1.37908e-05 7.25627e-05
-0.338041 0.196265 0.743679
-0.0606954 0.178982 0.846192
-0.0661407 0.221951 0.984887
0.0291719 0.146755 0.823698
-0.265256 0.122402 0.507159
-0.278394 0.150441 0.744621
0.132098 0.188337 0.636359
-0.381462 0.17988 0.721084
0.00891791 0.0502645 0.175143
-0.336942 0.18623 0.92949
-0.167591 0.0696435 0.312328
-0.31019 0.153469 0.61041
-0.24651 0.218653 1.03143
-0.158575 0.0688576 0.36668
-0.198867 0.0797415 0.383395
-0.164368 0.265901 2.23678
1.12557 -0.652776 2.82441
0.00345597 0.0370288 0.225048
-0.28001 0.119987 0.5103
-0.32174 0.19423 0.996004
-0.000117067 4.93348e-05 0.000210196
-0.314934 0.215596 1.13038
-0.243768 0.106005 0.452554
-0.251218 0.19947 1.23287
-0.409468 0.217545 0.881901
-0.0946732 0.0528 0.206367
-0.257696 0.147385 0.659085
-0.130163 0.260906 0.896428
-0.0204337 0.206635 0.846917
-0.00273123 0.15118 0.585129
-0.0185964 0.194354 0.957327
-0.387854 0.224254 0.910755
-0.0791657 0.209306 0.694547
-0.0971316 0.170716 0.772519
-0.0534563 0.23468 0.923148
-0.110903 0.260403 0.932857
-0.427695 0.201587 0.900418
-0.112641 0.0473561 0.236745
-0.355838 0.14729 0.747803
0.764744 -0.260161 2.32557
0.0201843 0.195755 0.827307
8.7629e-06 5.71423e-05 0.000348407
0.0720072 0.0454511 0.249928
-0.232366 0.20325 0.961351
-0.314505 0.181225 0.821506
0.215465 0.104821 0.367235
-0.0173727 0.037791 0.254475
0.046691 -0.0409654 0.25417
-0.279464 0.162974 0.706298
-0.0871694 0.147295 1.0485
0.117951 0.0474276 0.249474
-0.0503923 0.154041 0.784907
-0.173612 0.0857844 0.342589
-0.219999 0.093146 0.565167
-0.506532 0.284943 2.06713
-0.124397 0.208333 1.29246
0.00409428 0.229009 0.866133
-4.60102e-05 2.17011e-05 9.43817e-05
-0.228328 0.0788136 0.42468
-0.103736 0.275314 1.07433
-4.13713e-06 4.27972e-05 0.00017537
-0.0296962 0.118103 0.771114
0.0467287 -0.0323059 0.247568
-0.0428293 -0.0390562 0.26173
-0.239784 0.210875 0.997578
-0.0415389 -0.0219663 0.255429
-0.172506 0.262679 1.11296
-0.15565 0.0615226 0.411305
0.0451496 -0.022056 0.250821
0.0872002 0.0540844 0.303363
-0.0189625 0.0154762 0.230727
-0.0752051 0.127598 0.919497
-0.0156332 0.0219151 0.265875
-0.0583611 0.03048 0.241997
-0.242043 0.166133 0.748664
-0.173329 0.244756 1.08459
0.014805 0.181538 0.770649
-0.0273207 0.133929 0.886919
-0.488227 0.110685 0.896917
-0.0876047 0.148113 1.05
-0.0343456 0.186594 0.960604
0.00685754 0.20915 0.881844
-0.110926 0.203756 0.698443
-0.0610504 0.221226 1.01105
-0.190754 0.218449 1.20608
-0.0608853 0.0345237 0.119582
-0.101224 0.17524 1.00236
-0.206973 0.140564 0.567456
-0.198767 0.201178 1.06381
0.00369247 0.0397326 0.242104
-0.313716 0.17689 0.786941
-0.0795755 0.098435 0.639557
-0.152708 0.0882992 0.393409
-0.0270399 0.131834 0.897625
-0.187577 0.223967 1.17383
-0.0754259 0.254625 0.96042
-0.310526 0.217298 0.844963
-0.0764222 0.244522 0.890315
-0.190423 0.20776 1.10555
-6.36473e-05 3.71817e-05 0.000144255
-0.160212 0.343043 1.26845
-0.237884 0.128241 0.56631
-0.172529 0.226249 1.10257
-0.0995695 0.276238 1.03371
-0.105728 0.228135 1.07794
-0.0145334 0.0274129 0.235865
-0.856273 0.395234 2.20923
-0.100287 0.071568 0.522842
-0.00835814 0.22212 0.955416
-0.151399 0.23269 0.951264
-0.0338867 0.124568 0.586309
-0.116844 0.166561 0.941674
-0.129307 0.29664 1.06798
-0.0258535 0.0166875 0.109748
0.0100822 0.0428778 0.303235
-0.230115 0.2249 0.963776
-0.0535708 0.209297 0.82497
0.0125819 0.0453934 0.278904
-0.00242131 0.158333 0.875598
-0.0284396 0.191102 0.878506
-0.0491034 0.10829 0.548773
-0.0259041 0.0642193 0.222116
-0.139243 0.263629 0.939336
-0.127049 0.137553 0.870476
-0.103687 0.291059 1.02017
-0.0563537 0.308167 1.2231
-4.0634e-05 2.11181e-05 8.7073e-05
-0.156712 0.0718826 0.321308
-0.357604 0.21588 1.1144
0.0837584 0.00898158 0.241228
0.0916046 -0.00747275 0.221332
0.0864435 -0.0196312 0.247334
-0.0571145 0.0286215 0.239865
-0.0866686 0.0162476 0.202218
0.238115 0.134675 0.445199
0.0781958 0.0142106 0.226315
0.10837 0.0534312 0.217228
0.233888 0.136862 0.454315
0.0974276 -0.0281789 0.253327
0.0872544 -0.0768013 0.300498
-0.102029 0.237063 1.02003
-0.0178516 0.192672 0.997219
-0.0972022 0.0210583 0.189558
-0.23609 0.123901 0.650099
0.0488853 0.119096 0.75043
-0.243956 0.12634 0.637062
-0.13414 0.0230682 0.301417
-0.273492 0.19974 1.14246
0.019699 0.134115 0.843051
-0.0195102 0.0146698 0.222864
-0.0383021 0.180111 0.974343
-0.0762759 0.0306335 0.223927
-0.0461995 0.163046 0.729594
-0.0652844 0.0417236 0.268019
0.0801504 -0.0294047 0.258898
0.0622641 0.0414177 0.251445
-0.0470561 -0.0250643 0.288421
0.0829291 0.0103163 0.240494
-0.0718194 0.0372838 0.241388
0.0449968 -0.0323362 0.238491
0.0956177 -0.0207886 0.242709
0.079509 0.00443826 0.249288
-0.0809357 0.130472 0.701044
-0.16704 0.166176 0.886817
0.0536888 -0.0598123 0.253475
-0.0343461 0.0125555 0.232651
-0.00974571 -0.0239411 0.235556
-0.0527942 0.0546238 0.352538
-0.00704393 -0.0148811 0.243121
-0.00723264 0.0122521 0.235358
-0.0654724 0.0494848 0.303834
-0.0770737 0.0480881 0.32594
0.0486196 -0.00893315 0.240774
0.0821738 -0.0279424 0.250382
-0.0167896 0.0176671 0.248947
-0.00632146 -0.00327219 0.23156
-0.0738264 0.0652333 0.40989
-0.332017 0.150476 0.659435
0.105822 -0.0207081 0.230232
0.139765 -0.0524374 0.180377
-0.0146092 0.0187803 0.240735
-0.0205804 0.0328177 0.235299
0.00296196 0.0265183 0.254563
0.0524433 0.040664 0.223892
-0.00788119 0.0527664 0.2311
-0.0549138 -0.0277968 0.103987
0.105235 -0.00409421 0.22384
0.135958 -0.0445497 0.181025
0.149115 -0.0656743 0.19087
0.0846528 0.0199244 0.251239
-0.139743 0.159802 0.796433
-0.0888039 0.0244421 0.181844
0.271651 0.14631 0.486152
0.29069 0.0784434 0.507984
0.464798 0.246728 0.813792
0.090839 0.00440284 0.264463
0.0877643 -0.0144633 0.265545
0.0685485 0.00425208 0.240371
-0.00681209 -0.012845 0.203032
-0.086295 0.0191439 0.145364
0.110706 -0.0285704 0.239419
-0.0264568 0.0083804 0.0969769
-0.0823111 0.0268352 0.132416
-0.0780893 0.025839 0.121412
-0.081536 0.0222584 0.123746
-0.0856625 0.0258578 0.13053
0.0735099 0.00460076 0.243269
0.093578 -0.01332 0.237449
0.041906 0.0664118 0.269733
-0.0418971 0.0370814 0.2649
-0.0641039 0.0198307 0.222198
-0.00811967 -0.016697 0.109032
0.0463865 -0.0220825 0.248413
0.0712598 -0.0746548 0.254058
0.0916616 0.0160548 0.258631
0.0840526 0.0154084 0.241217
0.10331 -0.0641579 0.255913
-0.0593783 -0.0915442 0.266181
-0.086209 0.019301 0.199607
-0.0422096 0.0397234 0.252682
0.0270972 0.00422932 0.0387832
0.00977796 0.00312957 0.0200925
0.116611 0.0465805 0.245515
0.0778383 -0.030275 0.252425
-0.0255976 0.106815 0.48857
0.0944663 -0.0759896 0.28991
0.0264473 0.123967 0.853949
0.0919357 0.0153526 0.229262
-0.160832 0.228814 1.02973
0.110299 -0.012027 0.237923
-0.0454956 0.195924 0.859424
-0.0369523 -0.0339813 0.250602
0.0501835 0.0334115 0.226353
-0.0622523 0.0456825 0.321621
-0.0336323 0.0348051 0.224966
0.121173 -0.00182729 0.179716
-0.00345141 0.00353581 0.0214149
0.0891968 0.0143865 0.129765
0.110829 -0.00698132 0.166449
0.115839 -0.0524158 0.155066
-0.0307039 0.0292748 0.147923
-0.0403039 -0.0316516 0.103388
-0.040689 -0.0108828 0.241751
0.119759 0.0605981 0.246012
-0.0931428 0.0177789 0.212089
0.0980287 -0.0203316 0.248954
-0.0762538 0.0319052 0.226895
0.0712252 -0.0755754 0.262928
0.0279873 0.224862 0.755159
-0.0662967 0.0349018 0.228108
-0.0961914 0.0307428 0.177839
0.0947021 0.0160402 0.235456
-0.349945 0.213517 0.827476
-0.0534973 0.0346455 0.243953
-0.307445 0.175315 0.663225
-0.046664 0.0400412 0.289038
-0.103335 0.0346089 0.206283
-0.0826844 0.0322449 0.193829
-0.0682693 0.0272187 0.229062
-0.0579156 0.0316004 0.236417
-0.0965038 0.0229856 0.183426
0.086606 0.00484033 0.298587
-0.144201 0.181271 1.16075
-0.0384573 0.0264199 0.109835
-0.157205 0.172039 0.690957
-0.184608 0.158443 0.748943
-0.0245097 0.191344 0.89833
-0.132597 0.212967 1.20636
0.0183692 0.170113 0.861393
-0.14436 0.0665456 0.294564
0.0254064 0.0674283 0.420349
-0.180243 0.10265 0.444805
-0.110432 0.217258 1.1348
0.0130477 0.184233 0.779665
-0.095798 0.228356 0.974447
-2.05524e-05 1.49263e-05 8.53953e-05
-0.163427 0.328935 1.28637
-0.252658 0.193938 0.89878
-0.243266 0.121456 0.461107
0.0294488 0.149551 0.588602
-3.8256e-05 1.85152e-05 7.40788e-05
-0.30372 0.265249 1.1774
0.0214199 0.12431 0.766889
-0.317869 0.355307 2.20737
-0.0552154 0.239621 0.976335
-0.286655 0.128632 0.706645
-0.00450453 0.145106 0.79453
-0.461757 0.260119 0.959146
-0.360429 0.177191 0.756728
-0.0104956 0.212265 0.942636
-0.210318 0.0978063 0.446591
0.0938585 -0.0165382 0.228896
-0.294812 0.171423 0.773604
0.0185676 0.154557 0.781785
-0.137067 0.243591 0.911455
-0.284009 0.15083 0.660616
0.0125675 0.0448525 0.277094
-0.0598239 0.107916 0.514244
-0.0152145 0.235266 0.905041
-0.0208403 0.172959 1.27534
-0.392306 0.290913 1.23617
-0.367438 0.158737 0.752307
-0.128832 0.205841 0.943224
-0.0559005 0.205064 0.946547
-0.191002 0.131486 0.49663
-0.340045 0.182649 0.753221
-0.170996 0.197041 1.00059
0.0220635 0.235789 0.842725
-0.301667 0.194509 0.812249
-0.37382 0.175422 0.792317
-0.00869833 0.195502 0.867986
0.119219 0.0384617 0.246316
-0.0673937 0.0417269 0.251873
-0.0393904 0.0435032 0.248378
-0.0359298 0.0344311 0.174539
-0.0855584 0.0292121 0.276056
-0.0988857 0.233321 0.998206
-0.085736 0.187536 0.944062
-0.115161 0.12802 0.814915
-0.0349356 0.179016 0.785049
-0.103605 0.256908 0.957354
0.0933168 -0.00441655 0.249033
-0.0924712 0.0258364 0.184429
-0.0213313 0.0155701 0.22446
-0.077751 0.0288732 0.172492
-0.016241 0.0259507 0.22109
0.102433 -0.0139567 0.221426
0.0475544 0.0212707 0.237871
-0.143145 0.20889 1.0851
-0.0229484 0.182931 0.926953
-0.0938854 0.244847 0.947353
-0.144569 0.215287 1.21274
-0.153057 0.274398 1.02403
-0.222509 0.415834 1.42589
-0.0280149 0.192852 0.882935
-0.151584 0.227634 0.966158
-0.276675 0.234462 0.949061
-0.0893953 0.047739 0.270707
-0.192056 0.136499 0.553361
-0.335792 0.186451 0.655569
-6.132e-05 3.1885e-05 0.000117961
-0.348869 0.215327 0.863505
-0.322949 0.183319 0.740099
-0.479826 0.273371 0.949093
-0.903048 0.248166 1.5237
0.229054 0.145346 0.482877
0.00707698 0.0751733 0.252822
0.0172044 0.0829054 0.351538
-0.000808004 0.151561 0.836857
-0.000837138 0.045173 0.241232
0.0165065 0.215971 0.873124
-0.104853 0.183434 1.04521
-0.0132305 0.105481 0.462545
-0.113951 0.221883 0.957218
-0.035815 0.164839 1.07245
-0.0225813 0.147047 0.785047
-0.0295931 0.171468 0.690839
-0.275812 0.12412 0.678646
-0.0715671 0.191556 0.762617
-0.273892 0.158544 0.548876
-0.0837577 0.0684633 0.421704
0.0330633 -0.0247071 0.306814
-0.238044 0.172838 0.679473
-0.209364 0.234974 0.945133
-0.248499 0.236514 1.24401
-0.129699 0.108315 0.438938
-1.23216e-06 -1.16764e-06 8.02599e-06
-0.154695 0.086148 0.323953
0.0302026 0.200112 0.851097
0.00887265 0.0362166 0.346409
-0.0585285 0.0206961 0.231669
-0.0411129 0.0373398 0.273505
-0.0926133 0.0304593 0.209616
0.00236912 -0.018409 0.265156
0.159244 -0.0749494 0.214402
0.0814849 0.0627571 0.230203
0.0796635 0.00894617 0.126162
-0.00193624 0.310088 1.71455
-0.414501 0.143903 0.774242
0.0504024 0.0328867 0.231953
-3.38262e-05 7.12398e-06 6.19944e-05
0.166381 -0.0321377 0.466779
-0.00956748 0.0106463 0.23939
-0.0353883 0.0601034 0.377034
-0.264281 0.14021 0.72904
-0.235362 0.207261 0.837138
-0.119555 0.0711146 0.271359
-0.246667 0.11065 0.486222
-0.0177884 0.226202 0.913334
-0.323497 0.171368 0.858714
-0.0145119 0.120573 0.865167
-0.334681 0.213777 0.957415
-0.0578894 0.176854 0.905493
0.0421287 0.179044 0.808806
-0.310153 0.214147 0.976137
-0.391356 0.236289 1.22437
-0.390754 0.161986 0.852186
-0.220844 0.101651 0.418221
-0.0561426 -0.0599733 0.181595
-0.298158 0.126488 0.541635
0.0605742 -0.00677155 0.246348
-0.186495 0.20762 0.827628
-0.179602 0.217886 1.12384
-0.122601 0.0727583 0.280404
-0.348922 0.239467 0.904635
-0.155138 0.0540342 0.288151
-0.317737 0.154203 0.565224
-0.0833741 -0.0883621 0.269371
-0.188381 0.118492 0.525026
-0.25135 0.107314 0.457274
-0.247417 0.0859708 0.458737
0.122525 0.175384 0.61658
-0.307354 0.213832 0.882783
-0.3475 0.167319 0.706028
-0.345416 0.213186 0.856035
-0.372752 0.223887 0.982991
-0.0785643 0.19958 0.960701
-0.114675 0.205205 0.729688
-0.000100288 4.3053e-05 0.000185212
0.00897718 0.133743 0.5085
-0.0658735 0.219925 0.972836
-0.218263 0.182153 0.80912
-0.119716 0.11456 0.489359
-0.0391081 0.217789 1.1241
0.121922 0.0249858 0.205482
-0.253544 0.140955 0.550748
0.236946 0.114604 0.398984
-0.198596 0.114855 0.378236
-0.118518 0.19276 0.890508
-0.294167 0.146335 0.580033
0.0219681 0.198783 0.807898
-0.811211 0.372299 1.56929
0.0272654 0.119833 0.841619
-0.160036 0.263284 1.21721
-0.279041 0.134272 0.569703
-0.0696273 0.234761 1.05419
-0.203807 0.226991 0.914867
-0.0616536 0.142214 0.890483
-0.313067 0.156626 0.872032
-0.309033 0.161463 0.81699
-0.100769 0.0363848 0.223037
-0.400037 0.274731 1.04463
-0.387323 0.209844 0.864938
-0.0695121 0.195798 1.0442
-0.325838 0.18888 0.854701
0.00617181 0.107013 0.729672
-0.0299478 0.1824 0.69963
2.68026e-06 4.07982e-05 0.000148142
-0.0265333 0.146487 0.557626
-0.0524677 0.16722 0.611495
-0.108834 0.183904 0.690621
-0.0349015 0.108536 0.434709
-0.317751 0.231188 1.05986
-0.265927 0.115412 0.496446
-0.0555554 0.14658 0.582824
-0.230269 0.192057 0.846901
-0.46249 0.229085 0.875621
0.0197431 0.0853836 0.654334
-0.00305176 0.264216 1.06035
-0.256523 0.146169 0.505975
-0.27702 0.16117 0.574236
-0.102652 0.245805 0.982204
-0.0528985 0.22952 0.935782
-0.0142812 0.195873 0.783277
-0.362934 0.210314 0.856326
-0.0822366 0.199697 0.754964
0.135399 0.171673 0.560404
-0.313842 0.227692 1.04013
-0.348296 0.192759 0.961153
-0.180447 0.217099 1.20584
-0.305081 0.214355 0.974057
-0.254771 0.129787 0.676048
0.0231159 0.219496 0.826968
-0.109258 0.136054 0.802411
-0.0362248 0.0144782 0.25667
-0.0305594 -0.0181256 0.0642508
0.0920822 -0.0106232 0.231837
0.0751272 -0.0670641 0.26468
0.084327 0.0238549 0.154853
0.071981 0.0182731 0.118503
0.105536 -0.032056 0.270193
-0.0692446 0.0336298 0.215111
0.104032 -0.026574 0.255864
0.0626718 -0.00222986 0.24969
0.089389 0.0118315 0.258716
0.224411 0.109835 0.372673
-0.013786 0.0194965 0.226101
-0.0205843 0.077949 0.397335
-0.0164719 0.0369874 0.262237
-0.126787 0.243504 0.977963
-0.117815 0.250565 1.02145
0.0951709 -0.0345396 0.213486
0.144491 0.0517033 0.207338
-0.0419363 0.0156851 0.26032
-0.0525385 0.0436975 0.309735
-0.0620489 -0.00428027 0.27977
0.0964667 -0.0570747 0.242405
0.16529 -0.0662891 0.217307
0.0933761 -0.0277046 0.242698
0.144333 0.0273842 0.207308
0.0195931 -0.020249 0.238794
0.0562849 0.0386139 0.231031
-0.0583028 0.0356424 0.252661
-0.0909642 0.0252988 0.189583
-0.106177 0.0317406 0.216758
-0.0153673 0.045442 0.327257
0.0875303 -0.0292383 0.241469
0.0473939 0.0282888 0.234187
0.138533 0.0694328 0.280056
-0.0264831 0.101724 0.386415
-0.358268 0.192308 0.812465
-0.0394214 0.0170351 0.260223
0.0746251 -0.0270978 0.240666
0.10146 -0.0184943 0.243008
-0.0564603 0.0244469 0.24296
0.0989643 -0.0596593 0.247841
0.00666373 0.0223186 0.274558
0.0480303 -0.0104969 0.238573
0.0798204 -0.0147765 0.214042
0.0886005 -0.00622942 0.234066
0.109819 -0.00048744 0.233838
0.109978 -0.021813 0.170633
0.108521 -0.0395392 0.238987
0.123185 0.0196807 0.207808
0.111151 -0.0300354 0.240992
0.120561 0.0211174 0.197988
-0.00741658 -0.00432941 0.251954
-0.0413429 -0.013336 0.248541
0.0975422 0.0180162 0.141612
0.153443 0.0281374 0.211499
0.128054 0.0407013 0.263168
0.106367 -0.0287016 0.230599
0.117387 0.0572522 0.247596
-0.0621553 -0.098889 0.283317
0.0833344 0.0153669 0.241053
0.0396651 0.064589 0.264969
0.126153 0.0403843 0.258686
0.15357 0.0377281 0.218545
0.146858 0.0272767 0.202582
0.106025 -0.000319205 0.225068
0.135666 -0.0262817 0.218626
0.0717732 0.00783669 0.247804
0.0111586 0.0375709 0.230831
-0.056373 -0.0891487 0.255767
-0.0724661 0.0330465 0.213578
0.0492579 -0.00833387 0.24295
0.106588 -0.0292191 0.230791
0.0519 -0.0515354 0.249607
0.084129 0.0142109 0.225079
0.0730612 0.00885993 0.253525
0.152947 0.0286198 0.209918
0.119588 -0.0797524 0.24913
0.0410035 -0.0202878 0.230431
0.0804217 -0.0157794 0.247492
-0.143125 0.0680921 0.380658
-0.0891448 0.0237222 0.182972
-0.0153455 0.0143076 0.234897
0.082576 -0.0789195 0.265703
0.235329 0.123448 0.409536
0.100352 0.0133977 0.249905
-0.0483905 -0.0869961 0.264678
0.091229 0.0144201 0.228644
-0.0962374 0.0217384 0.177855
-0.0913281 0.0259269 0.181472
-0.00711865 -0.00353758 0.229382
-0.0774132 0.0318211 0.230085
0.0827119 -0.0080068 0.259426
0.11838 0.0620683 0.241443
0.124048 0.0648184 0.232348
0.14355 0.0354102 0.205216
0.0891579 0.0151316 0.222989
-0.0546418 -0.000369953 0.248767
-0.0845712 0.0347106 0.21914
0.036398 0.202381 0.737322
-0.0909802 0.0219845 0.210405
0.16422 -0.0954702 0.320761
0.087983 -0.0819515 0.276366
-0.111292 0.18888 0.919434
-0.00145758 0.140689 0.978973
-0.139249 0.183255 0.957263
0.0880363 0.00050106 0.223707
-0.01985 0.168956 0.920611
-0.0691125 0.227537 0.918812
-0.233442 0.206701 0.999554
-0.0653027 0.0330373 0.224992
0.0685491 0.00818004 0.240987
0.0481658 -0.0114108 0.240349
0.168061 0.0687685 0.226985
0.0678691 0.0600699 0.249766
0.00288537 -0.0107582 0.139917
0.135522 0.0582204 0.194181
0.112481 -0.0279077 0.241926
-0.0449355 -0.0579668 0.246527
0.107041 0.0283164 0.222196
0.082592 -0.0650048 0.245107
0.0821891 -0.0639826 0.241888
0.0359752 0.188822 0.742496
0.0919471 -0.0248484 0.205128
-0.0451397 -0.0531382 0.272133
0.00346817 0.0336452 0.25645
0.108276 -0.021674 0.236068
0.0285845 0.0705722 0.256323
0.178132 0.00620622 0.241169
-0.0297297 0.205948 0.964125
0.195987 0.0966597 0.336932
-0.0703551 0.0242166 0.224104
0.0458619 -0.04083 0.251797
0.055908 0.037073 0.238006
0.136271 0.0217841 0.227935
0.0261364 -0.0380316 0.51201
-0.00117496 0.245385 0.952156
-0.0641873 0.210346 0.848193
0.0221893 0.208886 0.775494
0.108983 -0.00960163 0.236114
-0.0195795 0.0276293 0.229405
0.0938288 0.0158487 0.254357
-0.00869504 0.170026 0.718921
-0.0597713 0.0339616 0.244402
-0.0338676 0.180658 0.848685
-0.00698112 -0.015225 0.236677
0.127819 0.0212063 0.190485
-0.00211327 0.0169116 0.23205
0.109515 -0.0398216 0.239987
0.118229 0.0420309 0.168589
0.194368 -0.00744158 0.266984
0.177885 -0.0337923 0.256339
0.163292 -0.0307494 0.225983
0.132181 0.0163052 0.192998
0.165244 -0.031181 0.227693
0.133601 0.0229433 0.219715
0.138256 -0.0521547 0.17856
0.163616 -0.0764445 0.221349
0.127737 -0.0472656 0.162803
0.161582 -0.0332281 0.245396
0.198868 -0.0367087 0.259579
0.196912 -0.03689 0.269352
0.143789 0.00989731 0.21308
0.180339 0.0088835 0.24146
0.169597 -0.0320834 0.23538
0.159481 0.0104011 0.234126
0.174765 -0.0319196 0.20619
0.152966 0.0254669 0.213278
-0.0727831 0.0306449 0.216708
-0.158029 0.240717 0.984898
-0.340301 0.20416 0.891135
-0.113249 0.200886 1.16159
-0.383777 0.219391 0.948403
0.0325271 0.0771606 0.284362
-0.114508 0.189708 1.17932
0.0655051 0.0260269 0.104319
-0.0673504 0.202099 0.933093
-0.0812507 0.226122 0.879065
0.0274369 0.215533 0.750391
0.148228 0.0518822 0.206686
-0.093397 0.0224232 0.177674
0.0815225 -0.0040991 0.232188
-0.0629499 -0.0405259 0.141079
0.182913 0.0904442 0.331715
-0.00196823 0.0162985 0.23035
-0.0955934 0.0267225 0.219499
-0.101501 0.0196513 0.204862
-0.0484011 -0.0662118 0.275892
0.0891549 -0.0302071 0.270435
0.0542168 0.0265833 0.143655
0.135762 -0.0481168 0.190936
0.0785444 0.00531226 0.245293
-0.0593283 0.000396679 0.251668
0.111092 -0.0165881 0.274782
-0.0863009 0.0280424 0.182812
-0.0672071 0.0425014 0.279051
-0.0767415 0.0352081 0.225886
0.153456 -0.0724857 0.210171
0.115588 0.0546781 0.188312
-0.0381574 0.0355525 0.223507
0.148991 0.0243243 0.203714
-0.0368111 -0.0329636 0.261282
0.104374 -0.0659283 0.26395
0.0927323 -8.43697e-06 0.233492
-0.0393605 -0.0320943 0.103334
-0.0497164 -0.0571508 0.290114
0.0837987 0.00620341 0.259225
0.0885611 -0.02092 0.241994
0.140482 -0.0609157 0.188695
0.122823 -0.0811941 0.256257
-0.0317234 0.0390053 0.308683
-0.0466066 0.0293971 0.197112
0.118565 0.0591482 0.236615
-0.0242691 0.0331649 0.235842
-0.00668708 -0.00755365 0.205406
0.13483 -0.0209051 0.204987
0.114324 -0.0412268 0.163675
0.0995229 -0.000363204 0.211955
-0.0562772 0.0353828 0.226172
0.00614719 0.0389383 0.239013
0.0785048 -0.00851879 0.2392
0.145648 0.0207414 0.213312
-0.0879163 0.0286892 0.205274
0.128702 0.0187429 0.189358
0.110709 -0.073939 0.231881
0.149725 0.0527924 0.215941
0.0853232 -0.008203 0.189484
0.133991 -0.0635565 0.183364
-0.0633907 0.0210418 0.218851
-0.00984015 -0.023753 0.234607
0.126612 0.0329379 0.258216
0.135053 -0.0457485 0.179949
0.155751 -0.0733204 0.209792
0.0639398 0.0195553 0.126413
-0.0474466 -0.0752514 0.265721
0.130309 0.046795 0.18684
0.102098 -0.0194402 0.272761
-0.0290707 0.0428672 0.229417
0.0704918 0.042263 0.259211
-0.0130814 0.0303998 0.191897
-0.0219967 0.0461353 0.266986
0.000858391 0.0170847 0.162525
0.123958 -0.0104315 0.187709
-0.0398683 0.0425379 0.253233
0.128738 0.0205471 0.216452
0.0723438 0.00449906 0.251499
-0.0355348 -0.0213037 0.0756955
0.140727 -0.0464071 0.187368
0.0803749 0.00761924 0.235437
-0.00426989 0.223233 0.935488
-0.0412575 0.101191 0.561183
0.023387 0.165632 0.836922
0.124589 0.0218109 0.205378
0.12448 0.176987 0.624508
0.0817321 -0.0743506 0.254998
0.0839186 0.0103205 0.230889
0.0156804 -0.0176489 0.224758
-0.0166944 0.0168325 0.288459
0.122553 -0.0340093 0.182786
-0.068385 0.0327275 0.209085
0.160848 -0.0577081 0.200061
-0.0248794 -0.0179637 0.0600747
0.0939336 0.0180999 0.271037
-0.0643224 0.0300894 0.234059
-0.0738097 0.0120261 0.15534
-0.0280901 0.0391409 0.274225
0.0495147 0.0754108 0.312014
-0.0250932 0.04108 0.297099
-0.081644 0.027183 0.266807
-0.0530498 0.0506342 0.322081
0.0548436 -0.0139526 0.269489
-0.00690463 -0.00932659 0.0645972
-0.0826573 0.0347843 0.213564
-0.0849159 0.0161294 0.192459
0.133279 0.0744728 0.269626
0.0617091 -0.00665083 0.257507
0.0895414 0.0118524 0.259657
0.0541615 0.0404307 0.250241
0.00451573 0.0349361 0.265838
-0.072103 -0.0887774 0.266997
0.066062 -0.0634618 0.209678
0.0834939 0.0200584 0.248981
0.0942735 -0.00202676 0.239529
0.147258 -0.0606981 0.185775
0.15728 -0.0644015 0.197048
0.143284 0.0241098 0.211617
0.0968801 -0.0283595 0.261793
-0.0139775 0.0193005 0.229724
-0.0492124 0.0368029 0.286979
0.116128 0.0606925 0.244393
0.114938 0.0613564 0.220524
0.122027 0.0637899 0.228927
0.0826861 0.0113922 0.241158
-0.0521265 -0.00353685 0.233765
0.0935563 -0.0213195 0.240998
-0.00695221 0.0127616 0.243995
0.111727 0.00042426 0.153397
-0.0561884 0.113427 0.653812
0.00902678 0.056198 0.320706
0.0528754 0.0369793 0.238901
-0.0698513 0.0457544 0.260164
0.0798376 -0.0463956 0.198097
-0.0634354 0.0429709 0.25294
-0.368713 0.262589 1.1425
-0.184885 0.20951 0.776739
-0.320981 0.263035 1.02672
-0.0929144 0.0381765 0.240969
0.0102332 0.115522 0.41579
-0.00403741 0.118828 0.437843
0.122266 -0.000767876 0.183695
-0.00636647 0.134721 0.502432
-0.630866 0.313368 1.37438
0.115357 0.00216537 0.163816
-0.043548 0.0966933 0.386309
0.122275 0.0175004 0.170053
0.108405 0.0590782 0.221338
0.000457701 0.101739 0.353979
0.116053 0.0101425 0.164274
-0.0682602 0.113445 0.423045
-0.0840287 0.125809 0.524378
0.0103195 0.0533198 0.324069
0.131192 0.0253074 0.183266
0.132612 0.00415199 0.179328
0.124299 -0.00598635 0.17377
0.11295 -0.00762361 0.17026
0.00406834 0.081858 0.352367
-0.0577178 0.111419 0.574487
0.107006 0.0615752 0.202524
0.0051248 0.077709 0.393184
0.117461 0.0087263 0.169765
-0.0642639 0.0945993 0.507972
-0.141253 0.194952 0.837837
0.115516 0.0062374 0.164708
0.12909 0.0118803 0.191165
-0.00452956 0.111353 0.430407
0.101524 0.0257975 0.21046
-0.00679141 0.0607396 0.265398
-0.126735 0.160432 0.725099
-0.104097 0.0483141 0.232861
-0.0176251 0.0117624 0.168102
-0.020724 0.0138277 0.19234
-0.0705812 -0.0432107 0.148512
-0.00883842 -0.000385315 0.0103905
0.0713942 -0.0538815 0.198796
0.0692781 0.0641917 0.405755
0.117759 -0.0238296 0.192304
0.10178 0.0299111 0.194291
-0.0851342 0.0242968 0.20087
-0.022344 -0.0167601 0.129238
-0.0924515 0.0174622 0.185516
0.119184 -0.0404424 0.162412
0.115472 0.0232146 0.194738
0.017777 0.0245951 0.152173
0.141472 -0.0612889 0.184542
0.110001 0.00904694 0.230325
-0.0614611 -0.000322899 0.282485
0.0170958 0.0512369 0.320535
-0.0666553 -0.0704117 0.218956
-0.00596523 0.004991 0.0376867
-0.0754994 0.0367036 0.238264
0.00263021 -0.0149246 0.0353357
0.0407459 0.0195076 0.205392
0.0831819 -0.0172985 0.254621
0.0118824 -0.0115867 0.141908
-0.037595 -0.0363794 0.111788
-0.00609354 -0.000271731 0.259153
0.104402 0.0363458 0.213571
0.00154794 -0.00723286 0.098085
0.138935 -0.0513531 0.187706
0.059548 0.0322377 0.172226
0.153552 -0.0570814 0.206487
0.138889 0.0171303 0.210609
0.0990585 -0.0335435 0.270919
0.0796405 0.0381344 0.203259
0.048434 -0.0232474 0.262293
-0.0725675 0.0135757 0.145003
-0.0443284 0.0497408 0.329473
-0.067173 0.0185974 0.111185
-0.0936366 0.0211596 0.154888
0.0614877 0.039043 0.221805
-0.0787503 0.0216933 0.13255
-0.090368 0.0272657 0.152541
-0.0724722 0.0330883 0.204088
0.0528778 -0.0561496 0.193986
0.110855 0.0498221 0.234444
-0.0798919 0.0161621 0.135953
-0.10774 0.0274717 0.203342
-0.00566694 -0.00943258 0.0627185
-0.0589609 0.0227935 0.236589
-0.0496677 0.0291915 0.192774
0.118903 -0.0442421 0.164125
-0.0880428 0.0305128 0.284188
-0.0731484 0.0369763 0.255568
0.14163 -0.0478247 0.189183
0.0849979 0.0192354 0.249567
-0.0470363 -0.0671011 0.264968
-0.0384007 -0.0352878 0.110499
0.0677417 0.0347688 0.183806
0.0881766 -0.0468868 0.329329
-0.0837041 0.015984 0.196996
0.0836709 0.0503391 0.218998
-0.0324821 -0.0177875 0.215379
0.0928105 0.0177786 0.225326
-0.0147042 0.0277093 0.23037
-0.117006 0.0276713 0.221827
-0.102911 0.021865 0.175791
0.0793777 -0.0140588 0.194507
-0.0446643 -0.0325064 0.106352
-0.089808 0.020455 0.202507
0.095855 -0.0238366 0.235202
0.00105092 -0.0164866 0.22628
0.00760394 -0.0107908 0.145926
-0.0463337 -0.00140026 0.196001
0.00547236 0.0459293 0.332858
0.0909529 -0.0126134 0.2719
0.0762371 0.00464992 0.267901
0.0751177 0.00613642 0.26168
0.0600493 -0.00566839 0.25138
0.0949044 -0.00379133 0.241899
0.0707922 0.0446852 0.255686
-0.0468719 -0.0332118 0.107306
-0.0886389 -0.0086471 0.126134
-0.0992221 0.0207544 0.135776
-0.0335188 0.0123686 0.204901
-0.0213092 -0.0264703 0.182426
-0.017546 0.01245 0.172725
-0.0294261 0.0377603 0.209296
0.106753 0.0542919 0.220867
-0.00712822 0.11907 0.543258
-0.00740525 0.0561699 0.319741
-0.0143777 0.0422402 0.194569
-0.0850276 0.0505064 0.235297
-0.0747062 0.0345826 0.169234
0.0716074 0.00967398 0.109694
-0.069144 0.0533082 0.282357
-0.0786918 0.0368918 0.227986
0.102031 -0.00648208 0.152884
-0.00737629 0.0654129 0.281384
-0.074119 0.0311788 0.192956
0.10681 -0.00185134 0.157593
-0.00718241 0.0432689 0.164846
0.105282 0.00540858 0.155393
0.117349 -0.00773888 0.167827
0.115525 -0.0223603 0.251983
0.0906723 -0.0200712 0.246542
0.133886 0.0713308 0.2815
0.116867 0.00957932 0.17448
0.131865 0.00731016 0.194527
-0.0705302 0.0323273 0.157165
0.116322 -0.00525207 0.171611
0.134094 0.00122461 0.196875
0.122335 0.00684427 0.180333
-0.00822271 0.0744257 0.29346
0.00850731 0.113226 0.423177
0.113499 0.00983855 0.163374
0.00767601 0.126319 0.450195
0.126596 0.0221915 0.174253
-0.0172988 0.0124798 0.190462
0.0646523 -0.00254554 0.260873
0.101592 -0.026217 0.26219
-0.0179175 0.0132303 0.115281
0.023725 -0.0171485 0.054559
-0.0461898 -0.0399104 0.286562
0.0232474 -0.0167909 0.0532896
-0.0811718 -0.00687419 0.135172
-0.0846646 0.0229144 0.136146
-0.0909196 0.0212299 0.149164
-0.0596023 -0.00135036 0.266207
0.105748 0.0108361 0.221059
-0.0103475 0.0321431 0.172809
0.0787691 -0.0113045 0.19941
0.067938 -0.0037194 0.178431
-0.0809945 0.0224237 0.135986
-0.0190798 0.0336364 0.222896
-0.0118531 0.0430465 0.251654
-0.0133786 0.0268983 0.155903
0.10974 -0.00744765 0.165465
-0.00350814 0.00362898 0.0207409
0.00569522 0.0494796 0.25074
0.0593849 0.00436119 0.210843
0.00524542 0.0390729 0.218427
0.00238092 0.044375 0.243843
0.00734624 0.0433729 0.265441
-0.0231984 0.014493 0.061769
0.0112187 -0.0169065 0.137449
-0.0257936 0.0168616 0.0717787
-0.018399 0.0209143 0.10617
-0.020521 0.0231181 0.118282
0.10699 0.0116227 0.267862
0.0598823 0.0304546 0.130754
-0.010695 0.0196462 0.0794686
-0.017501 0.0211484 0.110587
0.0023799 0.0220539 0.0951735
0.00195536 0.01986 0.0872107
0.107317 -0.00417204 0.153881
0.106138 0.0100626 0.157802
0.117148 0.00863473 0.168887
0.026639 0.0315568 0.108948
0.111208 -0.00567596 0.155331
0.0991893 -0.00217554 0.148108
-0.0172201 0.0284635 0.199014
-0.0316578 0.0332811 0.169907
-0.0382433 0.0374176 0.195454
0.0960938 0.0326216 0.198729
-0.00077212 0.0173846 0.0813969
-0.0227948 0.0122265 0.0559793
-0.00228466 0.0137402 0.078421
-0.000359996 -0.012774 0.108523
0.0144684 -0.0151199 0.187552
-0.0662668 0.0127407 0.107805
-0.0283335 -0.023106 0.161426
0.053031 0.0242047 0.131369
0.117907 0.0234495 0.169428
0.109998 0.00977488 0.157724
0.103276 0.00105119 0.146366
0.121003 0.0189682 0.178218
-0.0226653 0.0310035 0.260543
0.0949144 -0.00626706 0.135929
0.111144 -0.0268105 0.2934
0.150542 0.0062916 0.213538
0.114933 0.0034386 0.163133
0.124772 0.00725177 0.183211
-0.0530972 0.0338118 0.129275
0.124922 0.000796272 0.183378
0.116581 0.00121266 0.171266
0.102897 0.0342941 0.216266
0.130669 0.00145646 0.181267
0.103436 -0.00452548 0.144551
0.133322 -0.0049111 0.186456
0.141154 0.0724734 0.289526
-0.00233819 0.00235869 0.0154219
-0.00121489 -0.00248492 0.0360202
-0.00810622 0.021595 0.112072
-0.00987913 0.0230046 0.111256
-0.0110636 0.0235103 0.138074
-0.00229529 0.0228992 0.0992824
-0.0167869 -0.025737 0.174623
0.0577314 -0.00976797 0.1595
-0.020703 0.0244547 0.195176
0.0933599 0.0110568 0.257579
0.0715261 -0.0759935 0.268225
-0.0794604 0.0329721 0.243867
-0.0659047 0.0247803 0.203923
-0.03104 -0.026716 0.0831123
0.0742559 0.056701 0.31282
0.0853032 -0.0146895 0.259945
-0.0579203 -0.00320858 0.241676
0.0869441 -0.0231945 0.238187
0.0996215 -0.019571 0.253198
0.0803541 0.00636231 0.233808
-0.0372813 -0.0260228 0.0853823
-0.0870553 0.0249072 0.176478
0.00368744 -0.0119319 0.171489
-0.0979765 0.028744 0.147699
-0.0713514 0.0155326 0.115893
-0.0980507 0.0313874 0.160142
-0.0484623 0.0295336 0.192819
-0.0551372 -0.00329817 0.0888905
0.0597666 -0.0199444 0.178299
-0.0101068 0.0148188 0.0795722
0.0668484 -0.0390478 0.130187
-0.0167692 0.0170251 0.0714734
0.00146116 0.0233235 0.0874332
-0.0178341 0.0203084 0.106387
-0.000451224 0.0201742 0.0949519
0.0844243 -0.00914431 0.20502
0.0370878 -0.0407088 0.190466
0.0896078 -0.0211257 0.229397
-0.093283 0.0251289 0.151006
-0.0906259 0.0214751 0.145434
0.0797274 0.0268485 0.16413
-0.0541809 0.0364239 0.207315
-0.0946077 0.0275346 0.156372
-0.0723968 0.0159422 0.136641
0.023137 0.00451853 0.0314676
0.0177998 0.00458704 0.0248859
0.107382 -0.0300213 0.234316
0.00598995 0.0356626 0.218408
0.0149864 0.00443859 0.0314693
-0.0790396 0.019144 0.137594
-0.0817775 0.016968 0.138104
0.140447 -0.047671 0.196886
0.0590683 -0.00664094 0.245098
-0.041331 -0.0446919 0.238434
0.0135706 -0.00637695 0.0288224
0.103718 -0.0118141 0.226537
-0.00203472 -0.00356411 0.0177007
-0.000679089 0.00104858 0.0110835
-0.0126399 0.00705439 0.0401753
0.038379 0.0288833 0.185073
-0.0883624 0.02665 0.20153
0.0847793 -0.0322571 0.273994
0.0855217 -0.0194612 0.258201
-0.0087633 -0.0155347 0.220073
0.0719292 -0.0205347 0.189218
0.0935851 -0.0862343 0.293562
-0.0354437 -0.0504328 0.208686
-0.056614 0.0209454 0.234217
-0.0528821 -0.0961121 0.289424
0.104863 -0.013654 0.263976
0.0715356 0.042852 0.256569
0.0918787 0.0138077 0.230581
0.0712119 -0.0376684 0.272706
0.106051 -0.0105102 0.231979
0.104615 -0.0108521 0.248737
-0.0909193 0.0308511 0.181334
0.0715225 0.00460578 0.236757
-0.0820042 -0.0621708 0.207787
-0.0595063 -0.00311944 0.258007
-0.0602931 0.0185609 0.106812
-0.0692395 0.0312614 0.114002
0.0475754 0.0107038 0.242295
0.0908429 -0.0184776 0.228525
-0.0663852 -0.06403 0.204921
-0.107054 -0.0080205 0.147257
-0.0153301 0.00250869 0.0233175
-0.0155248 0.00821397 0.0441392
0.0116157 0.00283578 0.018443
0.0380669 0.0204373 0.0790366
-0.0225685 -0.0289029 0.127968
-0.0351675 -0.0128033 0.198198
-0.074825 0.0170603 0.136381
-0.0552233 0.0258722 0.160363
0.0120252 0.0367746 0.230466
-0.00289874 0.000838364 0.00574765
-0.00293414 0.0156545 0.0823671
-0.0401968 0.0162768 0.102539
-0.00819911 0.0167857 0.0816467
-0.0255041 0.0154661 0.0678652
-0.0117622 0.0164066 0.0770802
-0.0231417 0.01329 0.061792
-0.0138468 0.0161189 0.0724813
-0.00249558 0.0173629 0.0754679
-0.00687301 0.0177503 0.0809425
-0.02917 -0.0295771 0.0911886
-0.0268069 0.012662 0.0540256
-0.00656028 0.00268725 0.0125121
-0.0274453 -0.0213191 0.0673858
-0.0278524 -0.0211226 0.0674739
-0.0609832 0.00979201 0.127418
-0.0456676 -0.0345309 0.110446
-0.0430859 -0.0344041 0.110093
0.047486 0.0198305 0.104898
0.0414541 -0.0072404 0.0633653
0.00820275 0.00425732 0.0167016
0.0177118 0.00232134 0.0277326
-0.00866045 0.00626892 0.0532737
0.107652 0.019164 0.176155
0.0760663 -0.0741238 0.250962
-0.0470564 0.0149097 0.161803
0.0339426 -0.00632142 0.0517597
0.129821 -0.0251969 0.210501
0.0389214 -0.0140773 0.0529878
0.0276206 0.00447796 0.0403853
0.0266201 0.00432284 0.0390226
0.00952152 0.00312889 0.019338
0.0425753 -0.0384919 0.236625
-0.0291284 0.00827068 0.0518965
-0.00709134 0.00685843 0.0445127
0.0873301 -0.028983 0.243776
0.117891 0.0339254 0.248012
-0.00229595 -0.00285475 0.00824831
-0.0145722 0.00342169 0.0245699
-0.0339138 -0.0279115 0.0866509
0.000289312 0.00730261 0.0478206
-0.00783167 0.00507718 0.0244333
0.0646941 -0.00179465 0.25611
0.101101 0.000941799 0.214324
0.0481808 -0.0163251 0.136855
-0.0451283 -0.0344154 0.267113
-0.139824 -0.145037 0.460921
0.100895 0.0425462 0.221248
-0.00375969 0.00274274 0.0147596
-0.0037213 0.00272539 0.0146067
-0.00372578 0.00270534 0.0145576
0.0688715 -0.0408139 0.138092
0.0070515 0.0348873 0.215096
-0.056474 -0.0028537 0.241265
0.0866999 0.0113845 0.220904
-0.00424464 0.0028554 0.0204136
-0.0430963 0.0143739 0.264981
-0.000800311 -0.00792742 0.0484332
0.0624033 0.0437641 0.25717
-0.00321279 0.016997 0.0948035
0.00222734 0.025986 0.11325
-0.00676008 0.00464201 0.026516
0.0897528 -0.0148369 0.23392
-0.0466545 -0.0542774 0.27094
-0.0215046 -0.0136645 0.0469245
-0.00271679 0.0180946 0.0741092
0.0907475 -0.0569788 0.228161
0.0684514 0.0415619 0.17953
-0.0262204 0.00991493 0.107273
0.0788397 0.0146995 0.19763
0.0969483 -0.0231524 0.24511
0.065882 -0.0247759 0.215082
-0.0720258 -0.00697321 0.100313
-0.0422726 -0.0482739 0.233273
0.0937075 0.0159768 0.241256
0.101825 -0.0282133 0.220368
-0.0177952 0.00857353 0.0676664
-0.00996599 0.00295675 0.0152923
-0.0189725 -0.00773212 0.0301889
-0.000479745 0.000781541 0.00735524
-0.000220701 0.00290234 0.0159618
0.0479929 0.0367118 0.235136
0.0714154 0.015318 0.102147
-0.0594413 0.0150553 0.105356
0.0166903 0.00409601 0.0340843
0.107242 -0.0366721 0.294968
0.0248007 0.00450912 0.0364817
0.0128442 -0.00154402 0.0322982
0.0261209 0.00456631 0.0429017
0.00405916 0.0021096 0.0146781
0.179495 -0.0627406 0.249637
0.121115 -0.0282624 0.261768
0.123718 -0.0576523 0.17008
-0.044168 -0.0496389 0.147031
0.0105589 -0.00605396 0.0571707
-0.00440753 0.00119425 0.00737732
-0.0382281 0.0131105 0.118196
-0.0317945 -0.0436537 0.178096
-0.0783816 0.0235097 0.158437
-0.0782799 -0.0466214 0.162745
-0.00350597 -0.00167047 0.0111438
-0.0791927 -0.0078312 0.0708589
-0.073356 -0.00716757 0.0661438
-0.0874423 -0.0493646 0.176363
-0.0796772 -0.00781101 0.0713267
-0.0433555 -0.0409777 0.12557
-0.00738498 -0.0103917 0.0319798
-0.0257767 -0.000551132 0.110383
-0.0291815 -0.00092879 0.0268082
-0.0016209 -0.00212255 -0.000132558
-0.00298886 -0.00128496 -0.00392012
-0.0152707 0.0042636 0.00957771
-0.025732 0.00324475 0.0275845
-0.000276595 -0.000584917 0.00720443
-0.0190729 -0.00465626 0.0137335
-0.0176283 0.0012376 0.0209547
-0.0436471 -0.0151843 0.031574
-0.0231126 -0.00345042 0.0263406
-0.0201888 -0.00152973 0.020069
0.0974639 0.00442019 0.286139
-0.113235 0.00575861 0.155409
-0.108046 -0.0325525 0.15043
-0.108878 0.01263 0.145586
-0.0959495 0.0277756 0.144816
-0.107855 0.0139053 0.147722
-0.118325 0.0240378 0.154664
-0.10057 0.040071 0.160539
-0.114429 -0.00869467 0.158505
-0.110047 0.0238542 0.152562
-0.119346 0.00486987 0.163036
-0.0994026 0.0306254 0.163538
-0.0849019 -0.00534157 0.140409
-0.0677392 0.0308975 0.184312
-0.0203935 0.0177932 0.0719552
-0.00637837 0.0115918 0.0461648
-0.100037 0.0326051 0.195047
0.000878693 0.0110993 0.0486026
-0.000657323 0.0130433 0.0505305
-0.10003 0.0116652 0.133303
-0.0987104 0.0220873 0.13408
0.0709159 -0.0123237 0.194194
0.1113 -0.0295258 0.239628
-0.0590571 0.0211789 0.128896
0.0939376 0.0153723 0.19892
0.0161019 0.00423228 0.0327768
0.0250264 0.00435753 0.0338333
-0.0869102 0.0217219 0.138436
-0.0784268 0.0205563 0.132532
-0.0745644 0.0229927 0.12682
0.102196 -0.0312797 0.263649
0.123312 -0.00225555 0.187057
-0.0475891 -0.0789955 0.263392
0.107454 -0.00022152 0.228204
0.0917948 -0.0105129 0.225833
-0.00262928 -0.00329994 0.00965809
-0.0364145 0.0137941 0.103305
-0.0474602 0.0207309 0.141035
-0.0399381 -0.0261239 0.280416
0.0641712 -0.0488302 0.180752
0.0623157 -0.0219757 0.086334
0.00773342 0.0292892 0.236065
-0.0239546 -0.0222052 0.13884
-0.00217855 -0.00263074 0.0438679
-0.00553709 -0.0152279 0.230922
0.0384468 0.0250574 0.1429
0.0874429 -0.0225417 0.239445
0.0237458 0.00413243 0.0321345
0.0162075 0.00424328 0.02606
-0.00126597 -7.95803e-07 0.00554692
-0.0466127 -0.0341175 0.109743
-0.0426137 -0.0484935 0.144351
0.0550202 0.0228329 0.121404
0.0508365 0.00728647 0.258577
0.0475283 0.0309472 0.180261
-0.085093 0.0233203 0.183007
-0.00749294 0.00309316 0.0151874
-0.081949 0.0234045 0.137597
-0.00760984 -0.000723133 -0.000447055
-0.0300205 -0.0168458 0.0249152
-0.0590015 -0.0434395 0.142578
-0.0475684 -0.0164626 0.0349085
-0.00797702 -0.000415749 -0.00152437
0.0577881 -0.0108556 0.233486
0.0220753 0.00432939 0.0299769
0.0226913 0.00399579 0.031297
0.0929528 -0.0131333 0.201936
-0.05838 -0.040479 0.133438
0.0511496 -0.00169201 0.267247
0.104338 -0.0234952 0.269269
0.0968864 -0.0310204 0.246015
-0.0194784 -0.0344161 0.107475
-0.0264469 -0.0464193 0.144012
-0.0899658 0.0247573 0.136488
0.000141417 0.00202105 0.0169389
0.0156528 -0.0132635 0.141739
-0.0048158 0.00823966 0.147041
0.00316629 0.0124031 0.160392
-0.00149786 -0.00209393 0.0134319
0.0711902 -0.012052 0.195
-0.0876058 0.00351225 0.1108
-0.00703226 -0.00410014 0.198736
-0.075252 0.0251978 0.116872
-0.00347123 0.014698 0.204812
-0.0115799 0.000421855 0.0110549
0.0837804 0.0113231 0.24344
0.0203954 -0.0147888 0.183173
0.0284421 -0.0738493 0.672221
-0.0704835 0.013639 0.0894943
0.0146389 -0.0052907 0.0197316
0.0445028 -0.00861393 0.0639981
-0.0789257 0.0172651 0.129995
-0.0740611 0.0224666 0.126568
-0.0811951 0.0371764 0.134214
-0.054755 -0.0390931 0.128135
-0.0660542 0.0167497 0.117975
-0.0373256 -0.0488616 0.145353
0.105592 0.0186947 0.172486
0.0623054 -0.00203582 0.249041
-0.00822911 0.00126968 0.0113833
-0.00324847 -0.00326345 0.0659957
-0.101251 0.0250803 0.160222
-0.0950211 0.0271016 0.149766
-0.0982249 0.0116396 0.13096
-0.0411863 -0.0201106 0.235826
-0.104435 0.0131897 0.134455
-0.0882977 0.0286 0.147259
0.131387 0.0687792 0.265698
0.103775 -0.00857728 0.244803
-0.00930897 -0.021652 0.218241
-0.0739607 -0.0384012 0.142267
-0.00363743 0.000589849 0.0236306
-0.0831809 0.022207 0.14207
0.130593 -0.0439903 0.183011
-0.0794503 0.019011 0.135847
0.0833557 0.0307844 0.177819
-0.0745365 0.0232651 0.123913
-0.0793662 0.0241295 0.126607
-0.0405209 -0.00397438 0.0651468
-0.0579954 0.0189952 0.134161
-0.0528325 -0.044244 0.143993
-0.0279726 -0.00271815 0.0342283
-0.0829967 0.0264172 0.139374
0.0505991 -0.0518111 0.246821
0.0076297 0.0402139 0.235242
-0.00226958 0.00267628 0.0190414
0.0481593 -0.0302806 0.375395
-0.0844884 -0.0572207 0.195639
0.0540173 0.0417266 0.230829
-0.0128008 0.0106293 0.175901
-0.00893329 -0.0155228 0.208727
-0.00322783 -0.000148509 0.0111003
-0.032093 0.00978648 0.114551
-0.0367788 -0.0412876 0.124704
0.011172 -0.000544302 0.0367195
-0.0433345 0.020183 0.116061
0.0849074 -0.0337946 0.108792
-0.0360232 0.0138805 0.11778
0.106181 -0.0657521 0.263418
0.110559 -0.0296902 0.294872
-0.0470654 0.019651 0.120716
-0.0777489 0.0266763 0.131626
-0.0757535 0.0204453 0.129363
-0.0729554 0.0157214 0.132653
-0.0807193 0.0329182 0.130585
-0.0627605 -0.0409501 0.136533
-0.00265182 0.000903236 0.004936
0.0984341 -0.00251473 0.20955
-0.0758776 0.0205707 0.129595
0.0790172 -0.00691765 0.20439
0.116714 -0.0354852 0.15631
0.0925016 -0.0334834 0.207004
-0.054183 -0.0600264 0.180833
0.131869 -0.0330015 0.324102
0.00608847 0.02093 0.231105
-0.00192311 -0.0032564 0.0257144
-0.00405565 8.05303e-05 0.00862652
0.0541463 -0.0531232 0.186212
-0.0202612 0.00709489 0.076678
-0.00533285 0.000648245 0.00520524
0.0923322 -0.0145473 0.145289
0.127534 -0.0519863 0.161994
-0.0046631 0.00562778 0.0390394
0.125152 -0.0526227 0.169062
0.0211991 0.00415809 0.0287234
-0.012299 0.00700505 0.031916
0.00817228 -0.00185023 0.0202005
0.100961 -0.0596033 0.25319
-0.0172109 0.00415012 0.0266922
-0.0828316 0.0216377 0.131424
0.0712101 -0.00439812 0.0870614
-0.00475664 0.0149126 0.263665
-0.0660511 0.0264222 0.221796
0.0522766 0.0361833 0.235615
-0.00262904 0.00234049 0.0214688
0.0583636 -0.0237473 0.0764056
0.0645979 0.00126434 0.0968562
0.049009 -0.0547489 0.190728
0.0235306 -0.00187412 0.035225
-0.0128823 -0.00760604 0.0316533
-0.0126195 -0.00741222 0.0310286
0.111023 -0.0296262 0.242401
-0.0734241 0.0306605 0.224586
-0.00147242 -0.0015078 0.00371299
-0.00819025 0.00205002 0.0117373
0.0079063 0.00395051 0.0256462
0.0425052 0.0161203 0.0910653
0.0630085 0.0118928 0.0957127
0.037359 0.0161506 0.0863812
0.0533412 0.00547082 0.0795468
0.113988 -0.0356783 0.156512
0.0825786 -0.0330508 0.105744
-0.000972565 -6.37474e-05 0.00410823
0.0983452 -0.061059 0.244569
0.0313471 0.0536437 0.215858
0.0951532 0.0231783 0.198539
0.0545238 0.0282533 0.119035
-0.0389884 -0.022642 0.25526
-0.0429606 -0.0416699 0.301071
-0.016699 0.00326772 0.0323577
-0.0376572 0.018435 0.155392
0.0166717 0.00420001 0.0231992
-0.00410931 0.00332249 0.0147074
-0.0575483 0.0232404 0.126027
0.0230251 0.00456801 0.0328673
-0.0059976 0.00213802 0.0134193
0.0146578 -0.00529595 0.0197556
-0.0734546 0.0157691 0.127128
-0.0949575 0.0345036 0.145914
-0.0199167 -0.0349446 0.103173
0.0867486 0.0162694 0.249569
0.104697 -0.0191147 0.248955
-0.0802782 0.00482461 0.135987
-0.0861825 0.00339461 0.146522
-0.0778034 0.0238199 0.132789
-0.090527 0.0205694 0.144756
-0.10238 0.0337121 0.158854
-0.0952328 0.0268303 0.150533
-0.0251896 0.0084915 0.100187
-0.0524381 0.016315 0.18182
0.0998781 -0.0321224 0.251903
0.09641 -0.0610364 0.245079
0.000563784 0.0037376 0.0245403
-0.0447748 0.00763169 0.0426381
-0.0171436 -0.0240906 0.0859082
-0.0444884 -0.00397706 0.0575269
0.0333067 0.0355225 0.224855
0.00393136 0.0207758 0.209421
-0.144548 -0.13124 0.427568
0.0255917 0.00474158 0.037727
-0.0558125 -0.0478748 0.150134
0.0436384 0.00228457 0.065451
0.0885602 -0.0515615 0.222535
-0.00263268 -0.00330503 0.00960566
0.0254324 0.00250539 0.0374532
0.00597762 0.00321886 0.0214463
-0.0125643 0.00872027 0.133965
0.0972808 -0.00205925 0.207489
-0.0584311 0.0117842 0.104325
0.0515991 -0.0571582 0.197985
-0.000685043 0.00082337 0.0244616
-0.107848 -0.0224856 0.172622
0.000562376 5.50526e-05 0.00174939
-0.0955655 -0.0199332 0.152938
0.0382641 -0.0429217 0.146741
-0.00253763 -0.00284732 0.00571453
0.0152497 -0.0224794 0.179995
-0.0805363 0.0239596 0.132708
-0.028017 -0.0384601 0.109367
-0.0387371 -0.042045 0.128788
-0.0292339 -0.0361026 0.106385
0.0880442 -0.00509186 0.225084
-0.0506151 0.0186583 0.159171
-0.0518145 0.0191081 0.163799
-0.0381293 0.0162615 0.100832
0.0447566 0.0336463 0.211095
0.0820463 0.00568846 0.275602
0.0357374 0.0129017 0.0762055
-0.0145323 0.00466148 0.0555005
0.0379194 0.0131176 0.0826095
0.0432333 0.0142312 0.0946063
-0.0850853 0.0211345 0.136876
-0.0797495 0.0175472 0.13886
-0.0253198 -0.0421119 0.123809
0.115478 0.0190471 0.196023
0.113766 0.0187103 0.193191
-0.0385444 0.0141828 0.0778011
-0.00137884 -0.000161022 0.00189854
-0.0822293 0.0256516 0.133223
-0.0162946 -0.00231955 0.0141133
-0.00806346 -6.81916e-05 0.00882537
-0.0494084 -0.0529618 0.158168
0.0025551 -0.00547886 0.0467709
0.00043006 -0.00673289 0.0163826
-0.0231885 0.00932822 0.0960676
-0.0129395 0.00496131 0.0515828
-0.0206886 -0.00486982 0.0236346
-0.00196299 -0.00349919 0.00142357
-0.0398752 -0.0140788 0.0281962
-0.00802938 0.00230103 0.00986519
-0.0253103 -0.00557835 0.0185899
-0.054156 0.00579189 0.0303983
-0.0165155 -0.019683 0.0842244
-0.0165155 -0.0196828 0.0842244
-0.0201581 -0.00321892 0.0221316
-0.00137105 -0.00266841 -0.00202793
-0.0294361 -0.00388575 0.0204977
-0.0546205 -0.0427947 0.137143
-0.0817412 -0.0465492 0.164706
-0.0644836 -0.050295 0.162647
-0.00192822 -0.000119683 0.00341465
-0.00266293 -0.00384011 0.00508326
-0.00532421 0.00165929 0.00997933
-0.0393843 -0.0129156 0.23386
-0.0395964 -0.0220867 0.225294
-0.0506484 0.000427562 0.228376
-0.0202544 0.0153987 0.212505
0.00195796 -0.00854336 0.0279036
-0.0322974 0.0112838 0.210392
-0.0416175 -0.0447905 0.231134
-0.00297361 -0.000242512 0.00149226
-0.0142252 0.00876412 0.120563
-0.000392314 -0.000569434 0.000852578
-0.00575873 0.00169338 0.00758656
-0.0413868 -0.062888 0.219911
-0.071735 -0.0133533 0.0678807
-0.013761 0.0179176 0.177112
-0.0114928 0.0159438 0.143212
-0.0733821 0.0236861 0.156611
-0.0300093 -0.0472475 0.133776
-0.0398366 0.0167172 0.117843
-0.0464963 -0.0416451 0.129702
-0.00865398 -0.012547 0.0389774
-0.0593119 -0.0398472 0.136676
-0.0467579 -0.0292663 0.275327
-0.0816974 0.0347313 0.128936
-0.0254861 -0.0102746 0.0411182
0.00790535 0.00507218 0.0293576
0.00206803 0.0149769 0.144338
0.00615022 0.0310115 0.191643
-0.00273248 -0.00661566 0.0435882
-0.00169766 0.000614941 0.00676659
-0.0392826 -0.00458883 0.235243
-0.0174511 -0.00324979 0.0198731
-0.00302458 -0.00127466 -0.00387784
-0.00349459 -0.00188046 -0.00292813
-0.0131906 -0.00276125 0.012056
-0.00967455 7.46489e-07 0.00793803
-0.0286981 0.00198452 0.0125752
-0.0158642 -0.004158 0.0164635
-0.016422 -0.00432508 0.0172559
-0.00612558 0.00342 0.016691
-0.0447918 -0.00223059 0.195723
-0.00676301 0.000976912 0.0105915
0.018713 -0.0384978 0.542784
-0.0024481 -0.00235968 0.00537685
-0.0205771 -0.023243 0.0635791
-0.0443175 0.020584 0.128359
-0.00791507 0.00373727 0.0135461
-0.00811926 0.00917001 0.19189
-0.0019796 0.00108021 0.00960369
-0.05081 -0.0436892 0.136083
-0.00869011 -0.00954459 0.0398329
-0.00060691 -0.00160358 -0.000456826
-0.00521105 0.000600282 0.0139869
-0.032732 0.0109176 0.0300819
-0.0659212 0.016817 0.150197
-0.0260219 0.00831186 0.0954881
-0.0676682 0.0114495 0.154442
-0.0429754 -0.0323559 0.24095
-0.0152721 -0.00132502 0.0134392
-0.0128005 -0.00273444 0.011317
-0.01261 -0.00263845 0.0111752
-0.0132614 -0.00276495 0.0120229
-0.0102828 -0.00316918 0.00796015
