0.411797 -0.320547 1.44571
0.277689 -0.356473 1.62125
0.443467 0.0167971 1.29963
0.0890696 0.104141 0.480125
-0.141572 0.0894707 0.571181
-0.0647457 0.119524 0.489255
0.452891 0.0214699 1.16589
-0.0555369 0.135754 0.48714
-0.0668413 0.130492 0.468237
0.00218771 0.0799074 0.59744
0.512295 0.0223814 1.17932
-0.136587 -0.0195432 0.536509
0.473577 -0.169834 1.32448
0.446316 -0.138825 1.30653
0.470308 -0.0409491 1.25721
-0.103463 -0.0649233 0.561373
0.485556 -0.0412732 1.29904
0.564476 -0.149255 1.41724
0.30432 -0.48197 1.61632
-0.0956786 0.0737198 0.51878
-0.0454677 0.0973474 0.511784
0.508148 -0.150793 1.22624
-0.0568195 0.00606403 0.538563
0.353809 -0.296421 1.55014
0.486213 -0.0720806 1.27953
-0.0614424 0.0135735 0.541287
0.383593 -0.0729783 1.11454
0.441521 -0.282323 1.38492
0.558899 -0.295119 1.20087
0.0604403 0.145256 0.453241
0.437219 -0.134378 1.43853
0.506297 -0.143492 1.29673
0.585796 -0.0999927 1.12406
0.317275 -0.0115685 1.47214
-0.110305 0.0583492 0.49977
-0.0552672 0.135529 0.48484
-0.0967904 -0.0644512 0.559869
0.405013 -0.169162 1.41051
0.542405 -0.095727 1.19518
0.438889 -0.111511 1.23902
0.409804 -0.230729 1.427
0.253133 -0.490376 1.71849
0.314412 -0.00956525 1.46306
0.361139 0.0144486 0.929838
0.0272791 -0.104391 0.779831
-0.0237576 0.0938307 0.577613
0.00783552 0.0711004 0.645877
0.0046953 0.0292856 0.542755
-0.125302 0.23089 0.913517
-0.12498 0.111722 0.181931
-0.0933996 0.0846976 0.419363
0.579913 -0.137361 1.11294
-0.146055 0.116509 0.247222
-0.133157 -0.098125 0.575369
-0.0583742 0.0870585 0.514022
0.724628 -0.457141 1.14661
-0.11225 0.151338 0.462827
0.115995 0.146829 0.446123
0.0683989 0.111242 0.405215
-0.0526946 0.158283 0.465973
-0.0222273 0.0799368 0.155068
-0.106109 0.165332 0.531855
0.0285586 0.109346 0.513649
-0.0440744 0.095713 0.536462
0.0903554 0.187359 1.00009
-0.122642 0.231492 0.92226
-0.171425 0.285627 0.952865
-0.0708518 0.0590702 0.489213
0.0917438 0.105862 0.486619
0.0929473 -0.668008 2.07997
-0.0632053 0.0143439 0.530711
0.317292 -0.463613 1.62128
0.45675 -0.332063 1.3779
0.426444 -0.238278 1.47243
0.223226 0.119883 0.439987
-0.0522423 0.125738 0.48808
-0.0654328 0.0663135 0.499335
0.277793 -0.399235 1.66162
-0.0479352 0.0957408 0.496529
-0.608888 -1.41466 4.07923
0.461522 -0.0920042 1.29819
0.175054 -0.642213 1.98859
0.46476 -0.0911901 1.3039
0.508257 -0.064897 1.20031
-0.134879 0.020061 0.569071
-0.0609182 0.0868783 0.513536
-0.127336 -0.0895573 0.578351
-0.0430974 0.138438 0.513529
-0.0245893 0.0709078 0.524713
-0.134656 0.0136033 0.557098
0.3062 -0.463903 1.67693
0.470883 -0.0406537 1.26168
0.283112 -0.462783 1.57905
0.488249 -0.286358 1.35612
0.423541 -0.116226 1.35916
-0.120088 0.132536 0.518577
0.207224 -0.36513 1.48755
0.539325 -0.0918871 1.18713
-0.0400639 0.0971345 0.514757
-0.0865558 0.0137816 0.565359
-0.0316679 0.15644 0.531768
0.575845 -0.48189 1.36311
-0.105156 -0.0391162 0.489743
-0.113286 0.0665622 0.538844
-0.0860664 0.0143117 0.563834
-0.0616265 0.0865168 0.482659
0.292474 -0.41089 1.7233
-0.0858858 0.0145012 0.564096
-0.0736348 0.072287 0.150363
0.366599 -0.542206 1.59677
0.354847 0.0396969 0.90919
-0.13639 -0.00891827 0.58114
0.259256 0.118657 1.51341
-0.00166109 0.017819 0.56058
0.353635 0.115472 0.588028
0.452806 -0.122341 1.14184
-0.0059691 0.0464243 0.541519
-0.127516 -0.0845322 0.583346
-0.048972 -0.0703853 0.535915
-0.0886889 0.0118865 0.505885
0.48019 -0.133823 1.25652
-0.0621888 -0.0180522 0.56953
-0.0624281 0.0174447 0.52159
-0.00914618 0.146815 0.500413
0.586744 -0.354596 1.14725
-0.132358 -0.0652107 0.509868
0.648042 -0.284858 1.0939
-0.145462 -0.00326568 0.897393
0.457986 -0.344868 1.32025
-0.773137 -0.356227 1.33559
0.61835 -0.106069 1.06922
0.480632 -0.0645149 1.25323
0.639996 -0.319849 1.06883
-0.247335 -0.252058 0.81762
0.549025 -0.212286 1.21157
0.576144 -0.312667 1.17041
-0.15709 0.144112 0.644094
0.579084 -0.313616 1.17212
-0.206261 -0.00857258 1.0605
0.47186 -0.126393 1.32179
0.378021 -0.332082 1.22962
0.424178 -0.243499 1.40988
0.617868 -0.310969 1.12986
0.446879 -0.117813 1.27717
0.450896 -0.0867232 1.27938
0.632461 -0.187009 1.02919
0.49193 -0.347568 1.31671
0.648347 -0.324243 1.07546
0.135271 0.138714 0.437719
-0.107377 0.125865 0.281513
-0.126801 0.150732 0.413923
-0.282538 0.342045 1.23189
0.594325 -0.0252302 1.52071
0.599184 -0.176802 0.978311
0.595831 -0.14116 1.13795
0.0203359 0.0425748 0.657542
-0.114563 -0.0965357 0.583253
0.652345 -0.35847 1.13423
0.527982 -0.37882 1.26802
0.614606 -0.311183 1.15565
0.441328 -0.298321 1.40501
0.481651 -0.371176 1.3288
-0.0972303 0.00456932 0.518387
0.572193 -0.167898 1.12803
0.419033 -0.284474 1.33687
-0.0405158 0.117512 0.512288
0.463789 -0.254907 1.36657
0.354112 -0.0662867 1.41086
-0.0172544 0.120698 0.49841
-0.111297 -0.0336234 0.42038
0.67122 -0.159533 1.09846
0.456053 -0.399778 1.42412
0.619556 -0.228534 1.10965
-0.107429 0.0585486 0.271551
-0.0969901 0.00717531 0.492941
-0.113486 0.0486301 0.316053
-0.0453429 -0.0125908 0.388724
-0.120534 0.24448 0.953315
-0.143502 -0.0269402 0.574185
-0.0586038 0.133841 0.366567
0.47615 -0.173524 1.33478
-0.267035 -0.239672 0.968132
-0.131067 0.122287 0.594981
0.471578 -0.308884 1.4877
0.443306 -0.221948 1.32826
-0.8046 -0.326825 1.62915
0.534015 -0.525521 1.42132
0.0211444 0.0607408 0.631034
-0.0498638 0.0614485 0.439054
0.110516 -0.366343 2.086
0.528747 -0.38022 1.15591
0.509791 -0.369095 1.26279
0.135378 -0.578265 2.00169
0.0937896 -0.527731 1.96353
0.365988 -0.438091 1.56804
0.281611 -0.518517 1.72727
0.185704 -0.700825 2.18293
0.242731 -0.591525 1.786
-0.149174 0.0847586 0.613398
0.0229372 0.0486389 0.653083
-0.0878165 0.00981237 0.506452
0.0482947 0.123103 0.627048
0.29186 -0.468761 1.58349
0.0769255 0.0902432 0.320864
-0.0670795 0.0435728 0.356368
-0.212148 0.236592 0.733912
0.264985 0.03808 0.84201
0.374812 0.0236598 1.0759
-0.0598238 0.0884343 0.478921
0.330456 0.126865 0.550935
-0.176621 0.142729 0.369176
0.203868 0.0680979 0.700235
0.0334081 0.145112 1.56384
-0.0773075 0.103415 0.425587
0.325861 0.126981 0.545752
0.112421 0.117544 0.455545
0.136947 0.0187407 0.597533
0.0430779 0.0543839 0.25069
0.610471 -0.29245 1.15518
-0.745449 -0.451414 2.01641
-0.0425639 0.140018 0.529366
0.0600608 0.0464908 0.742362
-0.224659 0.182318 0.755397
-0.0434885 0.0342564 0.553063
0.46391 -0.343708 1.37179
0.0806403 0.10231 0.468366
0.424675 -0.148698 1.3288
0.233089 0.0036985 0.531638
-0.154708 0.131525 0.669945
0.170886 0.0187433 0.788561
0.305236 -0.267699 1.43231
0.27276 -0.00805455 0.586531
0.386252 -0.205627 1.46281
-1.0095 -0.394582 2.08968
0.935357 -0.663515 1.36219
0.00348677 0.0182153 0.576989
-0.0460504 -0.164668 2.48559
-0.01763 -0.0665971 0.5512
-0.0457645 0.0433133 0.312737
-0.0728175 0.113281 0.200602
-0.150717 0.142184 0.635488
-0.112315 0.0530047 0.23791
-0.0512148 0.0163815 0.458169
-0.21979 0.0972201 0.441325
-0.132152 0.11212 0.4251
-0.0681703 0.0976437 0.31965
0.439877 -0.357164 1.42513
-0.172803 0.0155112 0.543309
0.564805 -0.187654 1.17111
-0.206535 0.103745 0.433538
-0.187204 0.0551872 0.502889
-0.061399 0.0628141 0.535301
0.351433 -0.310148 1.6051
-0.253969 0.139413 0.474179
-0.00507348 0.160924 0.290683
-0.119673 0.124524 0.391606
0.0707688 0.202614 0.526601
-0.182385 0.0966942 0.349193
-0.15146 0.119611 0.353593
-0.298274 0.132086 0.479138
-0.550514 0.448385 0.882706
-0.0248494 0.0670677 0.482057
-0.164492 0.12024 0.425859
-0.349389 0.128845 0.53599
-0.149821 0.0942211 0.481596
-0.352447 0.233871 0.614076
-0.202163 0.115231 0.425266
-0.112302 0.0661883 0.443466
-0.248493 0.141469 0.44831
-0.0971393 0.131445 0.446052
-0.355936 0.128838 0.549065
-0.114364 0.0660177 0.423266
-0.341566 0.227883 0.587148
-0.147462 0.141759 0.3972
-0.162502 0.120608 0.414204
-0.166102 0.143564 0.438408
-0.569004 0.366907 0.731138
-0.404412 0.374725 0.871875
-0.189687 0.115257 0.428166
-0.620139 0.494999 0.855905
-0.205757 0.115118 0.440879
-0.265263 0.145461 0.49401
-0.536377 0.419486 0.829586
-0.162174 0.142497 0.417243
-0.554956 0.450301 0.895467
-0.352596 0.23319 0.614086
-0.20924 0.149047 0.526408
-0.185651 0.107259 0.438322
-0.359904 0.236131 0.609804
-0.173884 0.176481 0.464229
-0.151478 0.14563 0.442559
-0.168649 0.0725707 0.376193
-0.367903 0.304198 0.490437
-0.228136 0.104641 0.349404
-0.178156 0.094444 0.341099
-0.181507 0.0867176 0.336375
-0.195229 0.105468 0.281163
-0.188593 0.100557 0.342548
-0.484923 0.384461 0.743166
-0.167703 0.169463 0.423593
-0.162211 0.0963022 0.282779
-0.186067 0.120334 0.307853
-0.179738 0.0621029 0.460085
-0.168415 0.0729683 0.376484
-0.162288 0.0715147 0.377041
0.0524777 0.178894 0.407235
-0.162866 0.0940684 0.28574
0.0122569 0.134367 0.282816
0.0173961 0.174377 0.42791
-0.163408 0.093247 0.290455
-0.202873 0.122326 0.351613
-0.20272 0.111474 0.419593
-0.283352 0.104272 0.477111
-0.48601 0.378458 0.735457
-0.210709 0.100114 0.412784
-0.164882 0.167879 0.417199
-0.307155 0.113261 0.478001
0.0289672 0.176212 0.448782
-0.228893 0.132172 0.470578
-0.175703 0.177806 0.478891
-0.245672 0.0892944 0.486415
-0.0919045 0.155256 0.366905
-0.238969 0.137937 0.458222
-0.119602 0.123859 0.402652
-0.169851 0.0605476 0.427968
-0.157125 0.103806 0.422718
-0.155025 0.195889 0.488671
-0.0843114 0.0481888 0.509468
-0.0321993 -0.0159766 0.550386
-0.102782 0.172864 0.599397
0.0475609 0.141215 0.425372
-0.0988067 0.0046572 0.520349
-0.6229 -0.0195043 1.85068
-0.113798 0.0678612 0.549142
-0.0944696 0.101942 0.484351
-0.562331 -0.13827 2.2191
-0.120108 0.103033 0.537163
-0.258662 -0.16668 1.17777
-0.118785 -0.00709463 0.541398
-0.154803 0.0180777 0.587319
-0.0741822 0.0334412 0.463333
0.0774539 -0.109875 0.759937
-0.167014 0.0259982 0.512712
-0.118683 0.135598 0.537277
0.658049 -0.200616 1.06121
0.135585 0.108078 0.902295
0.102533 0.0442092 0.869755
0.305901 0.030949 0.92741
-0.0394104 0.0162119 0.498644
0.0701568 -0.0833219 1.14605
0.459152 0.0226425 1.09297
0.440775 0.0260821 1.05798
-0.0796623 0.176433 0.611313
-0.0475326 0.142781 0.569403
-0.113107 0.192982 0.613604
-0.0595104 0.0287785 0.437251
0.299686 -0.399397 1.71672
-0.0460868 0.163365 0.506027
-0.0386875 0.0826074 0.515929
0.0338038 -0.0718213 0.611154
-0.103681 0.00662839 0.536738
-0.0354159 0.146738 0.713442
-0.0818399 0.121311 0.500331
0.352978 -0.42468 1.81081
0.0761329 0.146165 0.404557
-0.0810224 0.0202816 0.516461
-0.0432802 0.133668 0.505019
0.309902 -0.481886 1.6158
0.676482 -0.28692 1.15392
0.330683 -0.288734 1.51153
-0.0374731 0.0214171 0.561164
0.550695 -0.165273 1.20152
0.510726 -0.410544 1.29003
0.475614 -0.126096 1.27796
-0.0956989 0.0113584 0.541328
0.485229 -0.191864 1.31582
0.63797 -0.739345 1.83955
0.176148 0.131577 1.13183
-0.126746 -0.0872987 0.559462
-0.137755 -0.0245272 0.554019
0.249679 -0.688595 1.74635
0.516933 -0.463149 1.3551
0.533669 -0.480186 1.38797
-0.0651317 0.0421435 0.514637
0.839108 -0.417459 1.25585
-0.0685166 0.0205546 0.541143
0.107034 0.145745 0.43135
-0.306977 0.246291 0.786749
-0.212567 0.156745 0.497404
-0.0990569 0.118107 0.274726
0.0740707 -0.0206922 0.875437
-0.0895427 0.0998913 0.0705286
0.258064 -0.489043 1.73231
-0.0253469 0.0120924 0.423267
0.416313 0.0171506 1.10786
0.142893 0.162557 0.528326
-0.159627 0.218301 0.99661
0.520647 -0.179969 1.24434
0.221407 -0.270665 1.63541
0.398098 -0.0752279 0.96382
0.23545 -0.00792499 1.74927
0.204672 -0.638772 1.86051
0.535252 -0.335606 1.26083
0.30741 -0.0814146 1.56644
-0.0896524 0.0963796 0.095437
-0.28961 0.139009 2.21965
0.167933 -0.388276 1.8209
0.382424 -0.444639 1.56528
-0.181876 -0.0261115 0.699945
0.441196 0.00026346 1.26626
0.408121 -0.12601 1.38284
-0.150537 0.138962 0.481133
0.221114 0.188617 0.853432
-0.149637 0.122274 0.246592
-0.136502 0.118898 0.223998
-0.12203 0.107978 0.176848
-0.268635 0.140916 0.516123
0.218404 -0.0708075 1.71722
0.559838 -0.190312 1.18626
0.526699 -0.269784 1.16895
0.221716 -0.267167 1.63048
0.237877 -0.277668 1.66928
0.055073 -0.568407 2.33885
0.34978 -0.289243 1.52349
0.289657 0.125694 1.63352
0.283482 0.119127 0.479117
0.46893 -0.467127 1.50839
-0.136393 0.0841268 0.532356
-0.111319 0.0624036 0.537523
-0.0737568 -0.0937125 0.561282
0.262197 -0.290724 1.60155
0.28138 0.118425 0.476107
-0.0660619 0.0449066 0.536526
-0.109949 0.0619368 0.537016
-0.0412379 0.13709 0.607425
-0.116426 0.130539 0.609362
0.218515 0.0852248 0.538676
0.482491 -0.154605 1.28211
0.490543 -0.287296 1.36189
-0.0966024 0.0278277 0.522823
0.606997 -0.29121 1.1521
-0.0834487 -0.0305576 0.549939
-1.41961 -0.691903 2.89248
-0.163965 0.0319115 0.709551
-0.145899 0.131059 0.28427
-0.798438 -0.377634 2.26976
0.254379 0.0950316 0.556706
-0.0229407 0.178859 0.66114
-0.0936936 0.175946 0.52961
0.188285 0.0815542 0.460852
0.0511227 0.136817 0.50681
-0.109231 0.0394621 0.458802
-0.114241 0.0120004 0.297243
-0.110819 0.015144 0.295799
-0.109921 0.0181135 0.287799
-0.0623741 0.0638533 0.526302
0.10792 0.0770666 0.717826
0.469897 -0.146225 1.85516
0.342477 -0.526808 1.57336
-0.139559 0.0877085 0.54747
0.43798 -0.133479 1.45752
-0.152622 0.0528431 0.578926
-0.155207 0.151801 0.684774
-0.0594578 0.0075529 0.569144
0.380718 -0.45565 1.57577
-0.294697 0.268571 0.878579
0.439363 -0.357347 1.42232
0.123731 0.140885 0.43535
-0.10074 0.0934763 0.454139
-0.110819 0.0936591 0.531483
-0.2867 0.236666 1.66637
-0.0250405 -0.0512638 0.533957
-0.164153 0.00155512 0.564432
-0.0593464 0.023765 0.448563
-0.0392263 0.0838355 0.492958
0.485631 -0.281541 1.36443
0.55597 -0.122141 1.1172
0.274175 -0.44425 1.52906
0.180258 0.114113 1.19626
0.436709 -0.208811 1.37477
0.405073 -0.192569 1.44417
-0.0612861 -0.103427 0.566544
0.124691 -0.158551 0.775317
0.466614 -0.0937081 1.314
0.598555 -0.22015 1.12713
0.535412 -0.0841891 1.16802
0.58078 -0.169556 1.13231
0.615655 -0.357971 1.16145
0.499529 -0.486473 1.33989
-0.0648062 -0.00941633 0.533151
0.583107 -0.172239 1.15086
-0.119973 -0.0822441 0.548548
-0.0836156 0.0339218 0.237501
-0.0690779 -0.0869278 0.531062
0.0126924 0.0678642 0.588222
0.239638 -0.40481 1.64765
0.0570908 0.119555 0.655774
0.232482 -0.116512 1.17157
-0.13637 -0.0249544 0.55737
-0.0981632 0.00539123 0.512804
0.356936 -0.338346 1.61364
-0.103745 0.0196433 0.509861
0.304632 -0.459933 1.66468
0.34681 -0.400608 1.58359
-0.125039 -0.0602153 0.551167
0.542783 -0.164915 1.1887
0.29857 0.127251 1.67745
0.439852 -0.441464 1.44122
-0.0555515 0.14068 0.505172
0.485142 -0.280184 1.20143
-0.0488869 0.0119302 0.529927
0.487552 0.018395 1.14633
0.0814442 0.149136 0.464247
0.221101 0.0897471 0.532021
-0.0471104 0.0129978 0.536247
0.461116 -0.399012 1.36214
0.460618 -0.253547 1.36213
0.436196 -0.352142 1.41124
-0.105515 0.0244851 0.5085
-0.13046 0.0786739 0.553675
0.447848 -0.226206 1.34539
0.347468 -0.401677 1.58536
-0.0810168 -0.0357846 0.411365
0.581498 -0.13725 1.18614
-0.103229 -0.0332222 0.472377
0.573495 -0.215093 1.37436
-0.0473756 -0.000501292 0.533912
-0.144001 0.142998 0.260752
0.304155 -0.159738 1.5401
-0.0901204 -0.00385849 0.537841
0.0013896 -0.0266316 0.601697
0.409944 -0.317793 1.44058
-0.0437434 0.0608893 0.143527
0.00164819 -0.45316 2.08663
0.14193 -0.391177 1.98566
0.231939 -0.452295 1.75107
-0.13229 -0.75896 2.82049
0.293439 -0.398386 1.76077
0.316615 -0.450845 1.64855
0.0330565 -0.66321 2.88825
0.154933 -0.582209 1.81414
0.504959 -0.178414 1.24435
0.166357 -0.265195 1.88535
0.245939 0.0234216 1.69726
0.497352 -0.414275 1.39711
-0.0877859 0.161667 0.41592
-0.0197889 0.14187 0.525561
0.410619 -0.127092 1.38951
0.120495 -0.711421 2.057
-0.117409 0.102944 0.378661
-0.130461 0.113029 0.386998
0.299492 -0.36903 1.62303
-0.122469 0.109707 0.40772
-0.127313 0.112728 0.36072
-0.0170311 0.141496 0.530893
-0.14297 0.0840271 0.272084
-0.0164156 0.134152 0.490824
0.00691534 0.15059 0.359274
0.00844123 0.137087 0.341302
-0.0819506 0.136273 0.458449
-0.0676631 0.146919 0.399497
-0.190054 0.120361 0.446138
0.0287611 0.133311 0.343172
0.0981561 0.106342 0.761342
-0.00800745 0.14138 0.305524
-0.171244 0.119555 0.363371
-0.180321 0.136615 0.420441
-0.243952 0.141128 0.433786
-0.174339 0.1008 0.407702
-0.38627 0.357379 0.820306
-0.256832 0.138316 0.463114
0.280626 -0.259299 1.62653
-0.420776 0.175244 0.603244
-0.0745561 0.164364 0.418764
-0.104138 0.137 0.375788
-0.34214 0.13121 0.552351
-0.11558 0.131955 0.179833
-0.290304 0.19338 0.382461
-0.260954 0.331702 0.525804
-0.595455 0.558176 0.9831
-0.633002 0.513122 1.03591
-0.266119 0.134152 0.488448
-0.485455 0.397889 0.790352
-0.0925441 0.0273577 0.505815
-0.095633 0.101661 0.486185
-0.0236928 0.0268677 0.55503
-0.059873 0.0864646 0.506986
-0.0737226 0.0430521 0.539963
-0.0240975 0.0707983 0.518578
-0.0511359 0.0716976 0.51002
-0.107961 0.00586709 0.505861
-0.0807235 0.10122 0.483675
-0.0377547 0.0826615 0.508811
-0.104548 -0.014154 0.526428
-0.117083 0.0457217 0.508352
0.0213592 0.131278 0.65264
-0.145697 0.0789491 0.605442
-0.109365 0.0101191 0.524314
-0.0804461 -0.07152 0.498108
-0.0802867 0.0209026 0.517416
0.293055 0.125567 0.487393
-0.125169 0.0771317 0.633562
0.073177 0.0942649 0.597494
0.00230635 0.0816814 0.592608
0.483952 -0.275164 1.72162
-0.0577008 0.0922959 0.513557
0.497611 -0.357441 1.44377
0.446508 -0.145585 1.32964
-0.0507874 0.117956 0.481261
0.339359 -0.172662 1.48199
0.414477 -0.120988 1.38572
-0.118606 0.10245 0.532311
0.378279 -0.361717 1.46856
-0.0626672 0.0660734 0.515887
0.459407 -0.0833816 1.28102
-0.100623 0.00575704 0.537723
0.483435 -0.278861 1.36981
-0.0897119 -0.00472412 0.539664
0.302631 -0.0816496 1.56127
0.539997 -0.246682 1.43038
-0.0477832 0.0977948 0.508364
-0.14291 0.085917 0.575276
0.0234201 -0.093829 0.77966
0.0258716 -0.142242 0.755628
-0.0633031 0.0656621 0.51115
0.0028357 0.0781529 0.607311
0.0391102 -0.0973021 0.758095
0.194096 -0.271969 1.70463
0.17179 -0.402666 1.85094
0.426661 -0.306131 1.28618
-0.0523274 0.127356 0.492374
0.284902 0.11116 1.61579
0.538807 -0.0913904 1.18273
-0.0679484 0.0518282 0.54821
0.482486 -0.351515 1.43861
-0.042828 0.134071 0.501048
0.238749 0.122575 0.44448
0.473709 -0.266178 1.34743
0.470039 -0.165152 1.30407
-0.0962 -0.061913 0.548198
0.206488 -0.288632 1.78245
0.448023 -0.388555 1.40382
-0.0940472 0.101348 0.479629
0.538061 -0.389992 1.29015
-0.0521023 0.126831 0.49253
-0.0827653 0.0450417 0.499244
0.483954 -0.192258 1.31676
0.445742 -0.135983 1.28394
0.372297 -0.135896 1.48489
0.325255 -0.0143598 1.48949
-0.0821801 0.100719 0.488545
0.538707 -0.254082 1.3732
-0.0735315 -0.00516941 0.514712
-0.166837 0.00814284 0.582964
0.509768 -0.179866 1.24556
0.218929 -0.560372 1.7055
0.101766 0.110557 0.516683
0.379409 -0.0512102 1.37499
0.019927 0.139681 0.629205
-0.131519 0.0138536 0.54262
0.381312 -0.204485 1.44563
0.29058 0.000840744 1.59855
0.466691 -0.160473 1.29053
-0.132588 0.189959 0.626967
0.555165 -0.296661 1.20358
0.52642 -0.329532 1.24944
0.197193 0.0374819 0.828154
0.366115 -0.518737 1.57189
0.308287 -0.0102713 1.43433
0.149776 0.134208 0.544261
0.340129 -0.0075326 1.33923
-0.131703 0.0130954 0.546661
0.519191 0.0245618 1.18988
-0.113268 0.0665496 0.536721
0.513866 -0.299088 1.25643
0.494833 -0.0407333 1.20629
0.415593 -0.264199 1.35312
0.329456 -0.012651 1.51254
-0.0868155 0.0761397 0.502339
-0.0605812 0.013402 0.534922
0.225873 -0.101374 1.63802
-0.0662813 -0.0952582 0.55535
0.39289 -0.0895939 1.55936
0.312433 -0.148989 1.77296
0.13643 -0.376295 1.93752
0.204757 -0.282765 1.73005
0.212686 -0.181305 1.69032
0.427493 -0.118897 1.36535
0.0217047 -0.149573 0.878408
-0.0428206 0.135703 0.50763
0.223865 0.120075 0.438812
0.395843 -0.18905 1.42865
0.211621 -0.457815 1.85521
0.230358 -0.582177 1.77765
-0.0400308 -0.0220271 0.54735
0.393828 -0.0837348 1.39381
-0.0348591 0.0702315 0.531782
-0.0132366 0.156504 0.532928
0.373351 0.0390244 1.50813
0.169789 -0.521662 2.10815
-0.00437517 -0.0952152 0.665338
-0.150221 0.0407736 0.570505
0.350783 -0.0844062 1.42959
-0.10077 0.0111207 0.514346
0.0533487 0.149587 0.449165
0.078774 0.150148 0.457421
-0.0433918 0.133639 0.497079
0.267912 -0.652207 1.96339
0.0945582 -0.666102 2.07602
0.483474 0.0218362 1.22835
-0.027808 0.105667 0.522059
0.222542 -0.187094 1.73308
-0.0551449 0.00676264 0.528325
-0.0865884 0.075853 0.504052
0.465115 -0.25454 1.36972
-0.0393075 -0.0216991 0.541382
0.493369 -0.151073 1.2478
0.160167 -0.372159 1.78733
0.210541 -0.654406 1.89559
-0.0870057 0.134953 0.471704
0.319877 -0.294336 1.75925
-0.0815586 0.0456575 0.484329
0.47272 -0.344888 1.35374
0.343402 -0.544706 1.58983
0.410156 -0.0899993 1.41022
0.312977 -0.376803 1.61698
-0.0308732 0.00106058 0.499463
0.224238 -0.190541 1.75657
-0.116461 -0.0049813 0.548117
0.240442 0.12476 0.449891
-0.113028 -0.0035349 0.538282
0.477734 -0.405536 1.34563
-0.0855318 0.0531186 0.202021
-0.0741056 -0.0308866 0.534854
0.660894 -0.384147 1.84007
-0.0886566 0.0772018 0.503821
0.583075 -0.298714 1.12067
0.529299 -0.170664 1.22886
0.587916 -0.155416 1.11347
0.0832213 0.143181 0.400939
0.501497 -0.0617635 1.1812
-0.0316813 0.014871 0.19358
0.434564 -0.175422 1.46081
0.0972902 -0.547843 2.05036
0.703642 -0.273645 1.04501
0.561604 -0.389026 1.21329
0.239601 0.0239307 1.70434
-0.0834383 -0.67166 2.50935
0.391978 -0.0843756 1.39622
0.190889 -0.27395 1.70718
0.330547 -0.389051 1.59372
0.490737 -0.357612 1.28492
-0.270905 -0.869808 2.74401
0.424906 -0.231104 1.36468
0.281886 0.00345981 1.53359
-0.0189297 -0.651152 2.2752
0.218898 0.0862871 0.55378
0.478066 -0.308781 1.35014
0.438455 -0.149025 1.31398
0.500353 -0.142338 1.23736
0.546739 -0.128119 1.22789
0.409053 -0.123744 1.37837
0.458231 -0.142897 1.32978
0.433488 -0.205536 1.38518
0.427542 -0.123465 1.37892
-0.105872 0.0402802 0.446473
0.553441 -0.188982 1.17791
-0.123324 -0.00863827 0.526776
0.599862 -0.220288 1.12486
0.695647 -0.342607 1.08642
0.578979 -0.0971988 1.10881
-0.0772865 0.0266628 0.381513
-0.250505 -0.09032 1.09625
-0.173409 0.0898261 0.70578
0.0921558 0.141778 0.411355
-0.128353 0.152738 0.565547
-0.145817 0.0407337 0.405144
-0.00957876 0.110411 0.216932
-0.21573 0.220738 0.573089
-0.101977 0.0422816 0.225641
0.048799 0.152011 0.797449
-1.47938 -0.650942 3.11311
0.509168 -0.581563 1.49705
-0.463922 -0.154452 1.22239
-0.0395263 -0.0124287 0.404582
-0.0829801 0.0428635 0.313048
-0.084074 0.105704 0.231162
0.0321746 -0.20073 0.928903
-0.815258 -0.282958 1.64518
-0.361916 -0.16593 1.58323
-0.103053 0.0189655 0.272855
0.660874 -0.277291 1.127
-0.182015 -0.0732516 0.531219
-0.155593 -0.0458879 0.577057
-0.106591 0.0756095 0.226117
-0.0595588 0.0986736 0.967952
-0.114629 0.044979 0.229246
-0.126142 0.0247605 0.437337
-0.12767 0.0184824 0.572587
-0.108596 0.0259555 0.5209
-0.133225 0.0198648 0.553838
0.167079 -0.620703 1.92254
-0.0731458 -0.0897689 0.538202
0.200119 -0.599542 2.3588
-0.0634829 0.0657208 0.518618
0.381072 -0.451836 1.58529
-0.136366 0.190323 0.628989
-0.113677 0.149937 0.497983
0.00353549 0.0783049 0.612612
0.509939 -0.300069 1.25813
0.545341 -0.165289 1.19321
0.208637 -0.446651 1.79991
0.264706 -0.366332 1.65132
0.570564 -0.268318 1.43325
-0.0664339 0.135564 0.496415
-0.112369 0.0427879 0.490802
0.488684 -0.355332 1.22274
-0.106838 0.0291438 0.521719
-0.110037 0.0307009 0.542902
0.531058 -0.441845 1.26964
0.365037 -0.447229 1.54332
0.51942 -0.152083 1.24441
0.506798 -0.453487 1.33708
0.27092 0.121428 0.50787
0.527734 -0.385847 1.50075
0.524187 -0.224093 1.25022
-0.106955 0.0305843 0.524847
0.479114 -0.471652 1.29508
-0.115728 -0.101061 0.569372
0.00437395 0.0785597 0.611833
-0.118561 0.0205896 0.526597
-0.0938885 0.00605814 0.517463
-0.121628 0.0977822 0.540495
-0.094069 0.00460092 0.52836
0.2857 -0.39167 1.73775
-0.102281 -0.0135135 0.512297
0.282276 -0.0700514 1.45596
-0.0950837 0.0738633 0.526454
0.136871 -0.313381 1.57676
-0.0945897 0.0739691 0.50661
-0.123191 0.0969045 0.593583
-0.125616 0.0218021 0.439098
-0.805947 -0.214412 1.77059
0.278412 -0.40863 1.67524
0.465572 -0.332348 1.3645
-0.265956 0.321447 1.12144
-0.239566 0.00964741 1.05501
-0.00288538 -0.0432113 0.654432
-0.12263 0.207057 0.778569
-0.161489 0.0315951 0.482948
-0.11322 0.0708759 0.506647
-0.0891862 0.0807342 0.457294
0.114591 0.105806 0.908434
-0.236719 0.286936 0.959985
-0.285483 0.121835 1.00703
0.513309 0.0981808 0.907441
-0.0981102 0.166888 0.538514
0.243244 0.125245 0.482418
-0.189681 0.0341379 0.723282
-0.336543 0.328318 0.84625
-0.187462 0.0994132 0.789292
-0.201307 0.0987132 0.883102
-0.234229 0.401012 1.4841
0.209741 0.243278 0.902725
-0.0134264 0.0253347 0.514174
-0.097795 0.174937 0.577634
-0.0978584 0.176159 0.592834
-0.0711856 0.0590369 0.482965
-0.113131 0.0684133 0.540422
-0.0394192 0.0730716 0.521905
0.124097 0.108525 0.838842
-0.0964392 -0.0101482 0.477508
-0.117932 0.101887 0.513589
-0.0808822 0.172881 0.58757
0.26726 0.122139 0.497271
0.0415393 -0.00632811 0.237474
-0.0757232 0.101434 0.0748802
0.545347 -0.163178 1.19118
0.489571 -0.116774 1.26913
0.452823 -0.14199 1.32413
0.323283 -0.474363 1.65147
0.659177 -0.200431 1.06356
0.251007 -0.471873 1.68245
-0.0440549 -0.429419 1.51829
-0.0562882 0.0138839 0.668117
0.250712 0.111449 0.485846
-0.112965 0.0201509 0.651927
0.0202209 0.104221 0.503534
0.214803 0.0899015 0.517449
-0.0742281 -0.0508739 0.533765
-0.141491 0.0873909 0.546991
-0.143852 0.0704834 0.559335
-0.0475915 0.0984721 0.512139
-0.0980874 -0.0617697 0.548687
-0.10753 -0.0911553 0.550834
-0.0808111 0.0960508 0.462827
-0.031208 0.000685935 0.495411
0.0247318 0.144382 0.662968
-0.0672105 0.13783 0.501377
-0.0944368 0.101581 0.480586
0.0458163 0.120404 0.607315
-0.0650098 0.0474194 0.5049
-0.0995575 0.0178536 0.534736
0.134965 0.0654874 0.862002
-0.0619234 0.0125043 0.502533
-0.0641438 0.108835 0.490219
0.236235 0.100184 0.542838
-0.0697595 0.0429252 0.521545
0.0293149 0.0322107 0.634045
-0.0655446 0.118122 0.481977
-0.0604373 -0.0811443 0.53729
-0.109098 0.0253097 0.53216
-0.0640009 -0.0783071 0.518892
-0.0892164 0.0756529 0.499878
0.295735 -0.38068 1.72343
0.258836 -0.336924 2.07753
-0.0606767 0.0136187 0.535206
0.266455 -0.370073 1.66583
0.281546 0.00442752 1.53194
0.346937 0.0542575 1.33297
0.0275226 0.158919 0.716426
-0.0619505 0.109498 0.484444
-0.0683407 0.0427367 0.505129
-0.0629977 -0.080543 0.527165
-0.0323782 0.100448 0.455278
-0.0755965 -0.0536138 0.542998
-0.113916 0.0227233 0.53941
-0.0581543 0.0928672 0.511012
-0.0535557 0.0182084 0.496403
-0.0973869 0.0439655 0.486299
-0.0397394 0.0769527 0.52066
-0.0743923 -0.100948 0.552032
-0.1306 0.11565 0.544087
-0.0489692 0.0100071 0.54714
0.0211792 0.019055 0.621987
-0.120757 0.0690798 0.546873
-0.0547171 0.117028 0.456527
-0.0542253 -0.095602 0.534404
0.225517 0.101606 0.441317
-0.0369133 -0.0198143 0.539062
-0.170134 0.161411 0.843802
-0.0559509 0.0918168 0.522934
-0.0389915 0.0799359 0.517991
0.0312632 -0.128825 0.633284
-0.109771 0.0585817 0.524013
-0.0434587 0.0133607 0.630005
0.0206656 0.0904526 0.462456
-0.0967366 0.142511 0.580388
-0.113678 -0.0916222 0.548823
0.152912 0.0778945 0.524546
0.0150379 0.00752159 0.63271
0.477179 -0.126279 1.28217
0.472112 -0.0424232 1.26558
0.582516 -0.215975 1.1087
0.465358 -0.0332341 1.28287
0.599186 -0.0672427 1.08781
0.639245 -0.190038 1.08237
0.522759 -0.169712 1.22384
0.475825 -0.349843 1.3597
0.511001 -0.146519 1.25698
0.414124 -0.321596 1.45187
-0.02919 0.0953426 0.543559
0.293327 -0.259745 1.5521
0.609057 -0.287619 1.14484
0.657175 -0.319501 1.10626
0.638139 -0.163057 1.08292
0.587876 -0.150224 1.14732
0.550484 -0.182778 1.18879
0.522359 -0.274727 1.25371
0.432271 -0.459863 1.44237
0.526323 -0.276704 1.26227
0.461588 -0.0401972 1.24084
0.206683 0.078595 0.549621
0.599846 -0.215326 1.08721
0.560586 -0.228322 1.20249
0.00402662 0.239548 1.05977
0.538437 -0.124451 1.20318
0.464951 -0.346018 1.3806
-0.0835481 0.0644298 0.565933
0.632747 -0.263003 1.08846
-0.0386131 0.0435185 0.31991
-0.081512 0.0661479 0.56761
0.626639 -0.344991 1.14017
0.641184 -0.320101 1.1578
-0.130325 -0.102001 0.584519
0.0035297 0.239818 1.06059
0.623826 -0.194759 1.10712
-0.114986 0.0797127 0.206231
0.117484 0.118372 0.46632
0.520436 -0.591553 1.52019
-0.174903 0.091128 0.657337
0.115028 0.11801 0.459451
-0.899415 -0.375326 1.8511
0.300988 -0.451785 1.64421
-0.982093 -0.440274 2.02462
-0.189829 -0.0392341 0.762809
0.255262 -0.121194 1.41671
-0.0949566 -0.0814021 0.554616
-0.00743487 0.137065 0.301914
0.16037 -0.18979 0.890996
0.444931 -0.302435 1.38877
0.25591 -0.00790924 1.64024
0.139173 -0.414236 1.91613
0.168464 -0.269575 1.91209
0.403744 -0.162078 1.37067
0.218115 -0.0649572 1.72996
-0.297548 -0.0119121 0.488447
0.236838 -0.590952 1.79144
0.540268 -0.0756633 1.1845
-0.165648 0.1066 0.418676
-0.126294 0.153445 0.4193
-0.228243 0.129364 0.463703
-0.125591 0.118934 0.235019
-0.166962 0.158825 0.458163
-1.0895 -0.116959 1.96319
-0.0949906 0.133654 0.515927
-0.187103 0.109472 0.426779
-0.144831 0.178659 0.408416
-0.126867 0.23204 0.552368
-0.316328 0.134903 0.521879
-0.264127 0.143743 0.538222
0.0971341 0.131646 0.85583
-0.0963909 0.129217 0.428275
-0.410915 0.382621 0.883491
-0.0447129 0.150187 0.518122
0.0119134 0.134587 0.342283
-0.0904391 0.151865 0.343788
-0.0871868 0.164546 0.431853
0.0130214 0.134917 0.285444
-0.160111 0.151977 0.527002
0.0117581 0.0713912 0.37948
-0.162885 0.10547 0.405438
-0.117505 0.106974 0.381068
-0.152339 0.173416 0.444933
0.192628 -0.0542372 1.58657
-0.190172 0.164654 0.485561
-0.103406 0.0797734 0.443786
-0.176164 0.246027 0.70455
-0.103633 0.077658 0.462275
-0.0746539 0.154168 0.397224
0.00615532 0.0387515 0.6111
-0.121247 0.11982 0.184923
-0.209271 0.0817515 0.478577
-0.14282 -0.0215211 1.9961
-0.114122 0.116624 0.156777
0.508505 -0.411702 1.29245
-0.308632 -0.111487 1.90355
-0.0940142 0.0829664 0.267138
-0.127362 0.112904 0.191452
0.631974 -0.161401 1.07796
-0.140791 0.12908 0.261132
-0.12069 0.111466 0.169428
-0.0937678 0.0798495 0.292009
-0.148182 0.182321 1.46722
-0.108709 0.109402 0.132146
-0.062251 0.065636 0.520526
-0.962206 -0.0961187 1.95973
0.416586 -0.170266 1.40178
0.0605105 0.145737 0.449194
0.436018 -0.495661 1.47528
-0.103764 0.044753 0.356554
0.211271 0.0842007 0.535041
-0.0902493 0.100756 0.0970083
-0.0902981 0.100789 0.0971064
-0.123566 0.100913 0.327216
0.641956 -0.148413 1.06
-0.175277 0.467818 2.50599
0.788052 -0.493281 1.20035
0.294936 -0.571182 1.71111
0.0282231 -0.0545124 0.359008
0.497039 -0.158605 1.30838
0.544438 -0.210679 1.20122
-0.171425 0.0238155 0.76032
0.00683085 -0.0976339 0.565814
0.577683 -0.21624 1.17166
0.654944 -0.265427 1.10443
-0.121134 0.114755 0.16546
-0.095489 0.099213 0.10977
-0.159858 0.0980585 0.258544
-0.965659 -0.205183 1.76494
0.292457 -0.024365 0.883526
0.78127 -0.254967 1.21559
-0.0866527 -0.0152674 0.489564
-0.13401 -0.0167302 0.509023
-0.0957924 0.0536253 0.212189
-0.0822251 -0.057801 0.567197
-0.0944409 0.108296 0.141562
0.119382 0.118607 0.446463
0.202262 0.0739211 0.390767
0.567432 -0.115855 1.09096
0.484573 -0.0708629 1.275
-0.0488542 0.0960132 0.12536
0.220753 -0.165145 0.607262
0.426215 0.0285305 0.652545
0.29606 -0.280278 1.65244
0.262651 -0.304869 1.65601
0.575132 -0.565064 1.40989
-0.00399563 -0.650726 2.1785
0.551439 -0.40295 1.31835
-0.259665 0.141418 0.524054
-0.313712 0.200298 0.554051
-0.120638 0.033119 0.518235
-0.292995 0.0927622 0.58024
-0.164485 0.0964221 0.298253
-0.104106 0.0798895 0.436544
-0.104144 0.0813035 0.417501
-0.123998 0.0487694 0.450561
-0.0749837 0.158641 0.401107
-0.121147 0.0636108 0.416995
-0.124306 0.0965418 0.328834
-0.213936 0.135718 0.448726
-0.269675 0.101498 0.503757
-0.114979 0.107755 0.3985
-0.305212 0.115034 0.474677
0.0552231 0.0845831 0.699365
-0.200469 0.0942952 0.410577
-0.180569 0.0873049 0.336189
-0.116018 0.106574 0.401143
-0.116724 0.105957 0.41577
-0.121195 0.0352353 0.503744
-0.123536 0.0478981 0.446779
0.0740018 0.0802855 0.794734
-0.125372 0.15046 0.399485
0.0196297 0.148892 0.370114
-0.26991 0.150691 0.508766
-0.120634 0.1102 0.385182
-0.123682 0.106533 0.201401
0.0394516 0.188355 0.473657
0.0143462 0.153828 0.356785
-0.155734 0.123724 0.37947
0.0012243 0.144294 0.324871
-0.0662466 0.150444 0.422223
-0.119291 0.129535 0.214287
-0.0230445 0.1484 0.30425
-0.213217 0.135741 0.433813
-0.0656048 0.148266 0.426159
-0.20269 0.228911 0.613206
-0.0973683 0.0905397 0.391319
-0.0305819 0.106268 0.534723
0.303585 -0.576808 1.73048
0.553696 -0.441115 1.36872
-0.820088 -0.449698 2.19507
-0.847811 -0.471398 2.27946
-0.257987 0.165179 0.467006
-0.108337 0.0140565 0.5249
-0.117105 0.164059 0.489254
0.372665 -0.0490011 1.36329
0.341561 -0.29552 1.53685
-0.10201 0.0779604 0.11844
0.0202109 0.121962 0.573902
-0.105978 -0.00289269 0.310608
0.0139541 0.130933 0.594403
0.59112 -0.273488 1.14294
0.563884 -0.474362 1.35432
-0.0557243 0.0772142 0.448987
0.319901 -0.0719353 1.33913
-0.0940643 0.0795097 0.204131
-0.0881525 0.0578156 0.240736
0.392422 0.0339095 0.97549
-0.0220103 0.0834453 0.425478
0.155416 0.112352 0.339726
0.22073 0.091292 0.522508
0.187531 0.113459 0.375593
-0.839731 -1.03558 4.07985
0.178295 -0.401226 1.82026
0.288388 -0.430765 1.72411
0.314774 -0.510584 1.70424
0.494102 -0.152069 1.25609
0.212264 0.0827884 0.55955
-0.00684491 -0.446993 2.08995
0.359271 -0.44884 1.54927
0.587381 -0.20726 1.14748
0.0410171 -0.706017 3.06449
0.547652 -0.380326 1.19209
0.279306 -0.135913 1.58531
0.133961 -0.369083 1.91366
-0.0647111 -0.0308234 0.386751
0.55652 -0.102431 1.1207
0.424271 -0.330442 1.46872
0.173586 -0.293712 1.98832
0.610196 -0.30793 1.14591
0.504065 -0.120723 1.28967
0.245435 0.0231126 1.71105
-0.256678 -0.777028 2.66295
0.598881 -0.325647 1.28891
-1.76518 -1.6919 5.04446
0.370753 -0.202602 1.40732
-0.893779 -1.08309 4.33456
0.211177 0.0812391 0.548124
0.518133 -0.112473 1.26644
0.602603 -0.231712 1.11941
0.578566 -0.219963 1.18005
0.162974 -0.381661 1.78451
0.281045 -0.372665 1.6573
0.099908 -0.66541 2.00823
0.180769 -0.413423 1.88933
0.22302 -0.249489 1.46756
0.255849 -0.279107 1.57697
0.591976 -0.163 1.15262
-0.114024 0.017377 0.507477
0.608887 -0.293109 1.15664
0.405308 -0.474563 1.69345
0.544325 -0.0906533 1.09612
0.211977 -0.0609918 1.72198
0.484343 -0.135589 1.23026
0.132427 -0.317053 1.5541
-0.123092 0.0292485 0.759065
0.0987939 -0.683723 2.067
0.568684 -0.0881104 1.13026
0.604997 -0.36221 1.15081
0.246699 0.0235611 1.74063
0.0471146 0.15649 0.362544
-0.204977 0.102407 0.302751
-0.192616 0.0886573 0.442583
0.298559 0.0300474 1.48492
0.454636 -0.305365 1.40651
0.227402 -0.048934 1.7094
-0.212577 0.121517 0.451434
-0.411061 0.277649 0.661022
0.217018 -0.0699254 1.72949
-0.0161808 0.140279 0.502513
-0.359744 0.537271 0.875422
-0.188302 0.117779 0.423091
-0.0637887 0.13936 0.350627
-0.53177 0.271484 0.667852
-0.0631059 0.139808 0.354415
-0.169018 0.17599 0.449752
-0.133042 0.0680866 0.32389
-0.28076 0.0430011 0.650039
-0.35683 0.239866 0.575509
-0.192226 0.148508 0.307559
-0.16851 0.174901 0.44468
-0.134508 0.0665845 0.334521
0.333918 -0.541734 3.69294
0.203442 -0.184255 1.67912
0.157386 0.093124 0.582349
-0.174639 0.0818375 0.316933
-0.154236 0.0613725 0.327914
-0.13436 0.0850598 0.315102
0.244718 -0.148384 1.21988
0.157997 0.0935398 0.584293
-0.173043 0.119384 0.305047
0.462667 -0.135815 1.31049
-0.1798 0.106045 0.346367
-0.125907 0.0622847 0.369847
-0.141161 0.0807716 0.283588
-0.143229 0.0670085 0.352384
-0.175515 0.109457 0.344455
-0.174483 0.109317 0.340559
-0.171078 0.109129 0.328766
-0.204983 0.19376 1.04085
-0.111313 0.115732 0.169494
0.206965 -0.373478 1.71152
-0.148981 0.0753175 0.322666
-0.113663 0.0706713 0.307462
-0.158023 0.0676908 0.318311
0.264674 -0.182437 1.63194
0.249654 0.0264948 1.71416
2.05503 1.024 3.53541
0.0466624 0.154401 0.404132
0.472248 -0.259267 1.38031
0.0318907 0.159031 0.399581
-0.34544 0.140671 0.541205
-0.114008 0.149575 0.369462
-0.124477 0.118504 0.37866
0.0412905 0.153549 0.390172
-0.34368 0.140036 0.54105
0.0368042 0.160724 0.397353
-0.303181 0.301197 0.766175
-0.175396 0.164707 0.428084
-0.0050746 0.00310408 0.389277
0.270487 -0.12965 1.52448
-0.334568 0.139621 0.518515
0.0230934 0.178056 0.397208
-0.193566 0.169462 0.401336
-0.287127 0.153458 0.539104
-0.563753 0.461587 0.712389
-0.252362 0.118423 0.46785
-0.102538 0.132108 0.352545
0.259063 -0.683857 1.82319
0.527309 -0.379664 1.26721
0.533679 -0.334113 1.26184
0.10669 0.112739 0.491436
0.190444 0.117904 0.406641
-0.152401 0.160991 0.549623
-0.0890702 0.154578 0.372572
-0.125523 0.244325 0.604126
-0.120975 0.110717 0.120046
-0.358026 0.509955 3.42198
-0.0787583 0.186897 0.441187
-0.101101 0.0790256 0.451166
-0.161777 0.155878 0.42107
-0.135711 0.105109 0.145237
-0.207043 0.231933 0.639213
-0.12843 0.092669 0.374076
-0.152871 0.103364 0.39643
0.0186244 0.130574 0.325616
-0.153847 0.121799 0.363834
-0.180477 0.169893 0.46538
-0.0583693 0.157838 0.49907
-0.164134 0.106032 0.410211
0.00813014 0.142505 0.295281
-0.0853157 0.151246 0.376765
-0.249429 0.290107 0.918324
-0.0623547 0.0781996 0.501729
-0.0719597 0.169459 0.522348
0.0192344 0.13968 0.35
-0.174604 0.167529 0.498249
-0.129054 0.113841 0.373221
0.00511689 0.171688 0.406009
0.00558036 0.157618 0.332763
0.0308799 0.142706 0.375399
-0.185817 0.0919633 0.399445
-0.0919007 0.0875003 0.388809
-0.191258 0.272203 0.831886
-0.268618 0.270133 0.628449
-0.175297 0.231023 0.654914
-0.0149092 0.157906 0.327511
-0.107017 0.108231 0.1486
-0.187074 0.114633 0.420674
-0.11855 0.112497 0.143054
-0.128441 0.139048 0.201901
-0.107123 0.118219 0.0887646
-0.105956 0.112437 0.0856627
-0.0210083 0.140442 0.213668
-0.0790767 0.111249 0.112743
-0.283452 0.230966 0.704256
0.0108003 0.170561 0.371873
-0.237884 0.12211 0.426142
-0.000110277 0.104218 0.545303
-0.193672 0.136635 0.470553
-0.200236 0.146125 0.475706
-0.0993094 0.108419 0.0887026
-0.164869 0.127097 0.427951
-0.190746 0.091817 0.36812
-0.183706 0.131561 0.43098
-0.116822 0.0874432 0.384376
-0.162074 0.155253 0.411899
-0.575158 0.371169 0.741762
0.0384445 0.193429 0.459962
-0.10984 0.122257 0.102611
-0.101091 0.132078 0.375659
-0.0744648 0.158444 0.402292
0.0441152 0.168161 0.458492
-0.120323 0.0580175 0.428053
-0.128516 0.0596062 0.42793
-0.504272 0.40933 0.837153
-0.116922 0.0868304 0.390203
-0.327257 0.0991617 0.548438
-0.160008 0.153443 0.396892
0.0514638 0.200459 0.494204
-0.127171 0.151192 0.282415
-0.175832 0.10758 0.394607
-0.185684 0.0851757 0.35389
-0.122699 0.166187 0.190665
-0.164175 0.111846 0.330897
-0.120644 0.0995705 0.349059
-0.140557 0.0829681 0.336662
-0.191358 0.122203 0.362675
-0.155297 0.0830149 0.308437
-0.147034 0.0545015 0.406564
-0.270393 0.124024 0.39176
-0.147863 0.10538 0.362348
0.0448836 0.192576 0.518362
-0.603417 0.336669 0.726898
-0.369383 0.137408 0.562526
-0.453087 0.370433 0.594945
-0.371455 0.137397 0.566534
-0.252171 0.113556 0.403688
-0.220417 0.120212 0.377226
-0.176815 0.093737 0.342505
-0.14929 0.110106 0.359375
-0.101562 0.106215 0.123893
-0.269673 0.124455 0.390361
-0.158438 0.0668008 0.323259
-0.134733 0.0476 0.433015
-0.261742 0.111225 0.400993
-0.182454 0.132604 0.439559
0.0651325 0.198008 0.457108
0.0495884 0.173788 0.444547
0.0358696 0.194009 0.405447
-0.214333 0.0655548 0.431829
-0.396155 0.382175 0.867277
-0.189833 0.159108 0.467866
0.0926395 0.172335 0.502356
-0.112721 0.10935 0.387741
-0.143971 0.110704 0.383792
0.0255255 0.152039 0.386684
0.067657 0.164813 0.404474
-0.529198 0.425016 0.883189
0.558505 -0.201862 1.19734
0.261751 -0.320779 1.68923
0.32185 0.0175683 0.577532
0.253728 -0.492012 1.73083
0.139007 -0.237026 1.55255
-0.216141 0.136114 0.428334
-0.340466 0.129165 0.522516
0.124163 -0.182029 1.33324
-0.26952 0.143904 0.513213
-0.180603 0.12789 0.422391
-0.23755 0.308116 0.642276
-0.183642 0.10627 0.252629
-0.110909 0.138179 0.379216
-0.432462 0.208081 0.693254
-0.210979 0.235022 0.661971
-0.0898117 0.0831791 0.350465
-0.210219 0.104237 0.446709
-0.149206 0.0661311 0.302391
0.225754 -0.283729 1.84626
0.206411 -0.0590024 1.68887
-0.315955 0.129208 0.499684
0.281005 -0.255771 1.61796
-0.184432 0.110715 0.411831
0.0187313 0.177253 0.441438
-0.1952 0.161899 0.652779
0.226845 -0.0514196 1.71406
-0.153638 0.0935531 0.46358
-0.113524 0.113005 0.428178
0.0361213 0.153999 0.416335
-0.493594 0.214476 0.688853
0.0189582 0.172524 0.34276
-0.00706299 0.14434 0.303896
0.0592133 0.161517 0.430695
0.0524727 0.177848 0.46452
-0.0100166 0.143072 0.2968
0.31269 -0.161345 1.24744
-0.226047 0.248031 0.683187
0.246612 -0.0369978 0.971585
0.0195494 0.163847 0.383922
-0.148428 0.143392 0.435586
0.00723712 0.127547 0.305646
-0.0589701 0.229998 0.633295
-0.109142 0.1217 0.354638
-0.389994 0.475429 0.70126
-0.38782 0.270533 0.600466
-0.203135 0.101506 0.339819
0.0525457 0.185132 0.437819
-0.120965 0.0336583 0.513489
-0.086913 0.111723 0.415723
-0.377291 0.264303 0.582216
0.0519399 0.177635 0.408496
-0.5322 0.431594 0.697443
-0.431641 0.507478 0.796913
-0.1252 0.0486937 0.471081
-0.110029 0.118631 0.0993397
-0.542777 0.439553 0.714004
-0.25532 0.17442 0.422051
-0.632756 0.642935 0.847442
-0.467889 0.570942 0.910497
-0.206284 0.10349 0.303802
-0.184035 0.0866426 0.382496
-0.138226 0.119569 0.324363
-0.180045 0.102986 0.339888
-0.214058 0.102324 0.320659
-0.181936 0.0985369 0.369329
-0.145457 0.104909 0.347913
-0.164734 0.123503 0.270371
-0.175582 0.124264 0.36952
-0.23385 0.105343 0.3729
-0.122323 0.14429 0.247988
-0.22466 0.0993687 0.344867
-0.123029 0.146023 0.255882
-0.12338 0.14562 0.253482
-0.214364 0.113918 0.369455
-0.193097 0.128854 0.330872
-0.176694 0.091328 0.336544
-0.157749 0.127984 0.38606
-0.243377 0.0995246 0.445981
-0.13674 0.054005 0.404311
-0.204645 0.0899796 0.313634
-0.167763 0.0396008 0.439358
-0.186494 0.129442 0.342461
-0.374624 0.134125 0.581434
-0.124206 0.0461797 0.461299
0.444894 -0.24412 1.41409
0.0369696 0.183973 0.342479
-0.253751 0.12984 0.458138
-0.308914 0.305136 0.77985
-0.298341 0.338968 0.559088
-0.249512 0.129789 0.446334
-0.064714 0.208704 0.528619
0.0492871 0.160557 0.328866
-0.215312 0.0691189 0.444896
-0.159475 0.0750747 0.442159
-0.21238 0.117427 0.438833
-0.0465221 0.246606 0.70959
-0.314668 0.134473 0.47688
0.163704 -0.28515 1.87215
-0.14763 0.0484798 0.475981
-0.122742 0.0502153 0.401018
-0.180726 0.0969827 0.30058
-0.00362022 0.0922498 0.353125
-0.171223 0.127922 0.375947
0.219127 -0.107468 1.67596
0.117551 -0.375417 1.87598
0.203842 -0.288226 1.78239
0.29461 -0.265244 1.5644
0.235046 -0.450256 2.15864
-0.108999 0.124938 0.193534
-0.125175 0.07111 0.30526
0.00429734 0.12831 0.295781
0.191998 0.0791003 1.85951
0.175607 -0.354118 1.78361
-0.124911 0.0621571 0.348431
-0.141652 0.155182 0.285965
-0.113508 0.0617964 0.350265
-0.19615 0.0902043 0.416755
0.034321 0.178589 0.403745
-0.611532 0.556199 0.998876
-0.0714346 0.0848381 0.443942
-0.12554 0.268794 0.69785
-0.760801 0.72646 1.30127
-0.0146413 0.154587 0.312112
-0.156945 0.0689374 0.437474
-0.135827 0.0533025 0.418128
0.031424 0.176959 0.397357
-0.334501 0.238905 0.54178
-0.659859 0.528987 1.09558
-0.0605632 0.0667619 0.242277
-0.326417 0.221228 0.544999
-0.32549 0.246906 0.627638
-0.0831491 0.107234 0.134475
-0.151447 0.18451 0.406508
-0.108785 0.109386 0.132479
0.339481 -0.0490908 1.40501
-0.135677 0.108027 0.138708
0.0541731 0.175687 0.443448
-0.330574 0.218864 0.547713
-0.198478 0.283963 0.496479
-0.0856343 0.114217 0.107218
-0.0819012 0.108114 0.108175
-0.0814248 0.10873 0.108233
-0.081887 0.108989 0.107317
0.232742 0.021454 0.888721
