0.409082 -0.319284 1.43836
0.268896 -0.343809 1.56643
0.453262 0.0183799 1.3305
0.116062 0.138061 0.627564
-0.18155 0.114378 0.73205
-0.0854315 0.157245 0.643216
0.491424 0.0237391 1.26296
-0.0733733 0.17842 0.639699
-0.088803 0.172585 0.618792
-0.276104 0.147525 0.469404
-0.576251 0.434251 1.00345
-0.488796 0.371201 0.767328
-0.224709 0.0966801 0.408532
0.00283528 0.102886 0.76609
0.542574 0.0241831 1.2494
-0.179264 -0.0252798 0.703634
0.484671 -0.17464 1.35688
0.459048 -0.142824 1.34452
0.482721 -0.0419806 1.29511
-0.136026 -0.0860327 0.738347
-0.143562 0.124247 0.321898
0.499025 -0.0420111 1.33609
0.567245 -0.153823 1.4326
0.29228 -0.463769 1.5564
-0.124978 0.0966539 0.67979
-0.0601892 0.128578 0.675525
0.526538 -0.157557 1.27412
-0.0739098 0.00766092 0.700991
0.34475 -0.288924 1.51244
0.498197 -0.0740932 1.31397
-0.0798403 0.0175206 0.703879
0.44202 -0.283514 1.3882
0.569127 -0.301399 1.2241
0.508448 -0.14453 1.30528
0.613981 -0.103649 1.17689
0.323834 -0.0111326 1.49574
-0.146543 0.0775845 0.664371
-0.0742626 0.180291 0.646361
-0.127305 -0.084898 0.734294
0.405365 -0.169195 1.4125
0.565743 -0.0988328 1.24535
0.481531 -0.126207 1.33908
0.411203 -0.232138 1.43391
0.238542 -0.465799 1.63345
-0.358884 0.252142 0.554574
-0.190161 0.184241 0.387395
-0.172127 0.086499 0.567714
0.407555 0.0169498 1.05034
0.0328821 -0.123073 0.926736
-0.0292453 0.119761 0.748229
0.00633221 0.0366742 0.70574
-0.14328 0.277113 1.13362
-0.127111 0.116223 0.546481
0.60666 -0.142747 1.16392
-0.21437 0.166141 0.379225
-0.172057 -0.12869 0.749734
-0.076161 0.114054 0.672392
0.69716 -0.440195 1.10839
-0.126499 0.141304 0.470659
-0.147838 0.201324 0.623165
0.132991 0.192334 0.552882
0.0895838 0.148603 0.537727
-0.0827216 0.199054 0.517435
-0.0390227 0.117013 0.214112
-0.137693 0.223406 0.771395
0.0313405 0.142471 0.650301
-0.0570016 0.124364 0.697056
0.108579 0.214015 1.16086
-0.138815 0.270546 1.08786
-0.192117 0.329178 1.10786
-0.0933623 0.0780903 0.64552
0.117235 0.13823 0.628866
0.0894546 -0.608744 1.89778
-0.0823285 0.0185529 0.692412
0.307119 -0.44977 1.57108
0.457163 -0.334539 1.38333
0.405252 -0.231365 1.41976
0.2853 0.157336 0.562336
-0.0697386 0.165689 0.643091
-0.0861271 0.0872108 0.656204
0.266979 -0.384241 1.59867
-0.0636965 0.127131 0.658864
-0.38721 -0.911288 2.63984
0.475394 -0.0948531 1.33775
0.166402 -0.603195 1.86451
0.477155 -0.0938277 1.34124
0.525787 -0.0662308 1.24331
-0.175458 0.0257843 0.738414
-0.0804454 0.114943 0.678687
-0.166487 -0.116428 0.754494
-0.0571413 0.183089 0.678772
-0.0324325 0.0935038 0.691098
-0.17611 0.0179048 0.732564
0.291251 -0.443891 1.60152
0.488347 -0.0424198 1.30985
0.279533 -0.459115 1.56284
0.425969 -0.11767 1.37381
-0.15855 0.173981 0.682174
0.21322 -0.374453 1.52369
0.564676 -0.0952985 1.24163
-0.0528906 0.12871 0.681879
-0.112755 0.0182019 0.738723
-0.0414012 0.204522 0.693678
0.550712 -0.463468 1.31295
-0.139699 -0.0498702 0.641777
-0.14838 0.0879425 0.710115
-0.110645 0.0196191 0.7241
-0.0810803 0.114266 0.639226
-0.111861 0.0191452 0.737519
-0.110127 0.106024 0.210894
0.316412 -0.46949 1.42447
0.400728 0.0466429 1.02879
-0.176043 -0.0110891 0.750853
0.276714 0.12075 1.57091
-0.00264716 0.0228077 0.720662
0.466419 0.142844 0.754756
0.489942 -0.1344 1.22965
-0.00855447 0.0593278 0.701658
-0.168477 -0.112283 0.773001
-0.0641631 -0.0923579 0.700754
-0.117819 0.0155702 0.670705
0.829662 -0.293555 1.93869
-0.0810915 -0.0237729 0.74168
-0.0816817 0.0227226 0.681742
-0.0122867 0.193593 0.66052
0.593256 -0.358972 1.16097
-0.178327 -0.0885112 0.680745
0.661463 -0.2906 1.11639
0.461448 -0.352552 1.3376
-0.931855 -0.457506 1.67756
0.650457 -0.110638 1.12394
0.500165 -0.0667537 1.30333
0.259051 -0.00610237 1.63643
-0.190873 0.170422 0.363554
-0.155514 0.155483 0.378158
-0.201021 0.133657 0.402653
-0.324015 0.153066 0.583597
-0.382315 0.426053 0.640324
-0.217596 0.0993915 0.491516
0.204127 -0.0555416 1.65091
0.294319 -0.0723308 1.50283
-0.269451 0.20452 0.599766
0.653548 -0.325604 1.09037
-0.304947 -0.312632 1.01514
0.563841 -0.217726 1.24431
0.58654 -0.318768 1.19277
0.589283 -0.319619 1.19383
-0.2363 -0.010886 1.21619
0.477283 -0.126273 1.33779
0.425249 -0.377333 1.35769
0.42423 -0.242834 1.40966
0.627944 -0.316127 1.14883
0.465333 -0.122 1.33008
0.658791 -0.193849 1.07139
0.502599 -0.358726 1.34676
0.659485 -0.329345 1.09345
0.172542 0.182161 0.566159
-0.150831 0.176716 0.398056
-0.293723 0.366049 1.32907
0.52806 -0.00684365 1.37692
0.638423 -0.186408 1.04027
0.62209 -0.145551 1.18579
0.0738896 0.0211623 1.06933
-0.148849 -0.12572 0.759069
0.657143 -0.36182 1.14346
0.526862 -0.380362 1.27024
0.623243 -0.314945 1.17112
0.440987 -0.29903 1.40577
0.482079 -0.372734 1.33236
-0.128685 0.00609204 0.687136
0.595856 -0.172925 1.17289
0.436019 -0.301092 1.3823
-0.0535985 0.155074 0.675324
0.467384 -0.257857 1.37917
0.360129 -0.0666552 1.43315
-0.023183 0.159612 0.658257
-0.152177 -0.046192 0.573339
0.692719 -0.162851 1.13241
0.45542 -0.402317 1.4257
0.642809 -0.236829 1.15144
-0.152425 0.0820137 0.382725
-0.127806 0.00775308 0.65819
-0.161589 0.0548731 0.488436
-0.0642677 -0.0136457 0.513612
-0.135593 0.285946 1.13763
-0.185283 -0.0354585 0.747872
-0.0795798 0.182493 0.504952
0.487375 -0.178407 1.36512
-0.314553 -0.283543 1.15388
-0.168214 0.157676 0.765614
0.463656 -0.301945 1.46036
0.454448 -0.22941 1.36316
-1.25318 -0.632953 2.75064
0.509103 -0.505208 1.36554
0.0268183 0.0772412 0.80209
-0.0676767 0.0835807 0.595828
0.0980563 -0.322301 1.83726
0.544015 -0.392235 1.19079
0.512527 -0.372739 1.27326
0.123183 -0.524142 1.81428
0.091319 -0.500807 1.86486
0.353174 -0.424132 1.51693
0.26527 -0.489097 1.6291
0.156621 -0.589469 1.83931
0.242577 -0.589114 1.77641
-0.190762 0.109551 0.78989
0.0288555 0.0613908 0.815607
-0.11687 0.0126429 0.671837
0.0616629 0.157271 0.801343
0.285546 -0.458339 1.54189
0.105499 0.124663 0.439281
-0.0937876 0.0602854 0.49428
-0.25819 0.293545 0.926747
0.313881 0.0436178 0.992278
0.452005 0.0173915 1.26303
-0.0797399 0.1175 0.625882
0.405348 0.159839 0.675873
0.246954 0.0815514 0.853257
0.164082 0.13353 2.6055
-0.10509 0.139599 0.552551
0.393865 0.16026 0.66362
0.139832 0.154298 0.586221
0.174626 0.0231945 0.758419
0.0572378 0.0759843 0.344386
0.619839 -0.296475 1.17302
-0.724317 -0.454907 2.02617
-0.0558682 0.181138 0.685412
0.0731754 0.0563613 0.90452
-0.268538 0.223274 0.924355
-0.0568208 0.0448156 0.722486
0.462318 -0.345145 1.37233
0.105012 0.134967 0.612514
0.42017 -0.135866 1.29433
0.269799 0.0132349 0.635437
-0.18935 0.166358 0.830845
0.217093 0.0190323 0.975331
0.340777 -0.0108544 0.725575
0.383841 -0.203903 1.45506
-1.12632 -0.493218 2.4549
0.840993 -0.598852 1.22552
0.00394602 0.0234101 0.737681
0.0637796 -0.396162 3.86361
-0.0752634 0.0220229 0.434205
-0.107268 0.164758 0.291242
-0.186298 0.179907 0.789178
-0.16289 0.0694396 0.355651
-0.068943 0.0216362 0.607801
-0.177415 0.156205 0.440726
-0.0962979 0.136637 0.448879
0.434918 -0.351807 1.40813
-0.218268 0.033878 0.660712
0.58416 -0.193666 1.21111
-0.251848 0.147211 0.472261
-0.219971 0.106078 0.477094
-0.0804402 0.0828065 0.703644
0.338135 -0.299556 1.54863
-0.309722 0.183499 0.547227
0.0441961 0.248284 0.542587
-0.163726 0.169175 0.333857
0.0231313 0.239851 0.536184
-0.204092 0.165366 0.419918
-0.342726 0.173817 0.521719
-0.439067 0.288048 0.779488
-0.304208 0.186098 0.520567
-0.393493 0.165066 0.586689
-0.157732 0.103707 0.489875
-0.193144 0.185196 0.446308
-0.206824 0.165237 0.437813
-0.694016 0.447912 0.935465
-0.769066 0.603998 1.12447
-0.532185 0.422539 0.822042
-0.20883 0.187553 0.46014
-0.509804 0.419449 0.807277
-0.242371 0.188424 0.520178
-0.425869 0.283734 0.71602
-0.220496 0.221668 0.521983
-0.192914 0.187065 0.462519
-0.233372 0.101737 0.512647
-0.379099 0.137376 0.635654
-0.246192 0.132223 0.452156
-0.292401 0.169188 0.510965
-0.219199 0.107521 0.46847
-0.00341988 0.221908 0.421481
-0.246618 0.127736 0.455665
0.0486893 0.19567 0.451308
-0.00978371 0.227582 0.509106
-0.24268 0.156801 0.433535
-0.346272 0.143585 0.558539
-0.257273 0.142306 0.445826
-0.209192 0.211916 0.439767
-0.409672 0.152875 0.648036
0.00615087 0.225687 0.527899
-0.270436 0.173909 0.497919
-0.225504 0.227884 0.572804
-0.283728 0.132319 0.508697
-0.129497 0.212757 0.486811
-0.111476 0.0639193 0.674139
-0.0422385 -0.0215197 0.720903
-0.130879 0.226095 0.803594
0.0803056 0.194893 0.606242
-0.130804 0.00604189 0.691278
-0.45331 0.0232392 1.29273
-0.146728 0.0454509 0.968865
-0.126226 0.137142 0.654706
-0.509699 -0.134912 2.09836
-0.158578 0.134705 0.701377
-0.281192 -0.182039 1.30315
-0.154831 -0.00796395 0.698914
-0.200662 0.0239637 0.764505
-0.0985101 0.0435187 0.637298
0.0948675 -0.139321 0.944745
-0.217547 0.0367614 0.668342
-0.154455 0.178015 0.704526
0.678726 -0.204943 1.09302
0.162583 0.127573 1.06738
0.20715 0.0190719 1.36324
0.342956 0.0377658 1.0449
-0.0554981 0.0289024 0.641705
0.0784632 -0.091908 1.26947
0.49775 0.0256499 1.18282
0.482698 0.0292221 1.15612
-0.0987788 0.226023 0.800759
-0.384093 0.134702 0.625793
-0.190193 0.178474 0.461568
-0.256109 0.130746 0.468215
-0.378283 0.445241 0.673594
-0.40352 0.259673 0.684874
-0.213569 0.168702 0.471983
-0.54609 0.269891 0.811465
-0.190609 0.095584 0.452403
-0.275492 0.169718 0.530636
-0.480516 0.258905 0.965378
-0.389138 0.330653 0.46964
-0.235972 0.330059 1.09767
-0.0606592 0.185262 0.744711
-0.145222 0.247952 0.798443
-0.0802905 0.0385538 0.583732
0.293832 -0.391755 1.66904
-0.0617416 0.214672 0.666065
-0.0510226 0.109073 0.68052
0.0421929 -0.0917628 0.775943
-0.138676 0.00887349 0.719758
-0.0443523 0.179229 0.877695
-0.108769 0.162627 0.660101
0.32415 -0.393116 1.67209
0.102795 0.197495 0.546508
-0.107366 0.0268413 0.684672
-0.0576779 0.176381 0.666461
0.298207 -0.465856 1.56026
0.68194 -0.288669 1.16262
0.30939 -0.269922 1.44552
-0.0496834 0.0267029 0.730735
0.568409 -0.169772 1.23953
0.50945 -0.411415 1.29026
-0.125329 0.0152089 0.711804
0.498243 -0.196454 1.35043
0.561376 -0.656863 1.62703
-0.229238 0.120407 0.465245
-0.171023 0.112267 0.37198
0.19782 0.148738 1.24835
-0.155193 0.121156 0.404153
-0.230751 0.103935 0.500426
-0.26675 0.137464 0.453424
-0.185452 0.108518 0.476821
-0.469667 0.393613 0.709442
-0.247023 0.160974 0.456417
-0.23104 0.206914 0.506255
-0.16491 -0.114765 0.733362
0.231238 -0.647816 1.63819
0.533606 -0.484024 1.38649
-0.0862023 0.0556408 0.681829
0.803374 -0.399216 1.19931
-0.0904086 0.0267583 0.713564
0.136609 0.194914 0.565273
-0.379991 0.309513 1.03029
-0.537575 0.305057 1.78873
-0.141056 0.168146 0.380269
0.0920366 -0.0277935 1.05523
-0.41447 0.350041 0.508414
-0.135649 0.149302 0.101497
-0.180154 0.154945 0.452509
0.240707 -0.464569 1.63625
-0.0524798 0.041919 0.487644
0.446745 0.0201763 1.19126
0.218604 0.217378 0.748854
-0.177736 0.252599 1.15417
0.511658 -0.177172 1.22712
0.22104 -0.272477 1.6397
0.225213 -0.0057202 1.66463
0.403531 -0.220043 1.49331
-0.274716 0.0773844 0.555275
-0.411983 0.524968 0.955859
-0.31915 0.124135 0.451295
-0.454667 0.183592 0.7329
-0.498685 0.411405 0.780692
-0.167962 0.15419 0.422573
0.285976 -0.305655 2.01816
-0.202228 -0.61349 2.30575
-0.182428 0.185634 0.407103
0.49797 -0.137933 1.33522
0.434824 -0.129593 1.3742
-0.29409 0.139801 0.495749
-0.268151 0.0685443 0.482979
0.185434 -0.0397871 1.66358
-0.248645 0.0751115 0.564039
-0.364236 0.253914 0.560487
-0.324833 0.191792 0.431265
-0.150259 0.187358 0.246469
0.190277 -0.593923 1.72926
0.508955 -0.00441318 1.41961
0.415703 -0.125661 1.40128
-0.192097 0.177897 0.47231
-0.228812 0.175811 0.465926
-0.190972 0.172088 0.265594
-0.178566 0.159135 0.258606
0.574357 -0.194526 1.21689
0.549721 -0.281793 1.22049
0.229481 -0.274119 1.67039
0.232421 -0.269243 1.62209
0.0482618 -0.464003 1.91886
0.342983 -0.283611 1.49511
0.282681 0.122116 1.59488
0.359987 0.155066 0.606873
0.439096 -0.440619 1.43552
-0.178727 0.110884 0.704546
-0.145981 0.0823409 0.7082
-0.096886 -0.123391 0.733168
0.255656 -0.282848 1.56163
0.356096 0.154355 0.6019
-0.0866834 0.0588711 0.70617
-0.149394 0.0857774 0.741099
-0.0525332 0.175668 0.779251
-0.149314 0.164336 0.771597
0.278058 0.10977 0.684294
0.49263 -0.158816 1.31218
0.488329 -0.287506 1.35969
-0.128116 0.0367326 0.694304
0.617224 -0.295713 1.17206
-0.109841 -0.0405407 0.722118
-1.24928 -0.634855 2.64833
-0.204861 0.18555 0.396986
-0.774747 -0.39606 2.31605
0.31247 0.121775 0.689378
-0.0268373 0.225581 0.840616
-0.120485 0.233978 0.727289
0.233678 0.108576 0.583864
0.0625901 0.178977 0.654492
-0.147172 0.0528447 0.622647
-0.164557 0.0116997 0.431043
-0.15955 0.0163581 0.428894
-0.158675 0.0207466 0.418094
-0.0823928 0.0839 0.693124
0.140445 0.0975825 0.908997
0.363929 -0.120182 1.49919
0.32933 -0.512098 1.52376
-0.182242 0.115262 0.724977
-0.196523 0.068542 0.755828
-0.191659 0.191852 0.865178
-0.0779656 0.0116957 0.732606
0.364655 -0.438564 1.51808
-0.339606 0.31856 1.04714
0.433111 -0.353972 1.40735
0.163071 0.18846 0.575931
-0.135108 0.126798 0.605795
-0.144601 0.124307 0.695925
-0.202386 0.199727 0.953286
-0.0443899 -0.0374278 0.624476
-0.219363 -0.00600282 0.78037
-0.0808023 0.0318412 0.603904
-0.0507899 0.110338 0.666045
0.497783 -0.293498 1.40334
0.581124 -0.126942 1.16648
0.27788 -0.453776 1.55548
0.249412 0.114572 1.48587
0.445975 -0.214164 1.40208
0.405788 -0.192711 1.44718
-0.0809607 -0.135936 0.73963
0.251146 -0.319255 1.22827
0.472486 -0.0926098 1.33251
0.618786 -0.226557 1.16441
0.560642 -0.0870059 1.2211
0.604697 -0.175149 1.17737
0.616773 -0.359133 1.16473
0.488929 -0.480146 1.31916
-0.0857369 -0.0127552 0.703228
0.611875 -0.180882 1.20824
-0.156963 -0.10784 0.718742
-0.0918005 -0.112435 0.690387
0.0256531 0.0908786 0.759553
0.235459 -0.394388 1.60797
0.0750662 0.151521 0.838343
0.294982 -0.155233 1.39051
-0.174994 -0.0308169 0.739127
-0.130134 0.00699746 0.681654
0.334193 -0.318908 1.52106
-0.137638 0.0260593 0.677223
0.290631 -0.439616 1.59089
0.333529 -0.385932 1.5266
-0.163424 -0.078785 0.721325
0.563249 -0.170422 1.23299
0.288267 0.122209 1.62229
0.430701 -0.436334 1.41926
-0.0737615 0.186138 0.669197
0.496393 -0.287355 1.2302
-0.0629473 0.0159477 0.695855
0.518987 0.0206914 1.21831
0.104658 0.192376 0.599688
0.277876 0.114401 0.67149
-0.0632057 0.0160665 0.709406
0.466677 -0.402773 1.37611
0.464185 -0.257473 1.37608
0.431593 -0.349302 1.39952
-0.140253 0.032669 0.677101
-0.169909 0.103213 0.724673
0.452774 -0.229218 1.363
0.33276 -0.385946 1.52802
-0.111277 -0.0538587 0.569661
0.601345 -0.141196 1.22595
-0.139499 -0.0439367 0.631734
0.569887 -0.213856 1.3651
-0.0625215 -0.00151685 0.703431
-0.201736 0.20203 0.35862
0.304137 -0.158198 1.53229
-0.11825 -0.00481712 0.704442
-0.00118922 -0.0313167 0.759647
0.000740098 -0.402614 1.84948
0.129531 -0.35562 1.80562
-0.103226 -0.601977 2.23965
0.301606 -0.429015 1.57015
0.143129 -0.546786 1.69953
0.150671 -0.24571 1.73175
0.240057 0.02351 1.64828
0.416295 -0.130131 1.41503
0.107481 -0.636052 1.83828
-0.163374 0.14689 0.447193
0.288505 -0.355327 1.56399
-0.167456 0.1542 0.443028
-0.176393 0.157962 0.418539
-0.028795 0.190821 0.678989
0.0174089 0.192371 0.828068
-0.00277615 0.208042 0.472031
-0.116238 0.18101 0.568466
-0.233283 0.163926 0.470318
0.0812874 0.190595 0.553159
0.0260927 0.211594 0.516002
-0.22562 0.165574 0.445001
-0.228693 0.181554 0.473474
-0.225777 0.14284 0.480809
-0.443562 0.402265 0.943074
-0.324775 0.181799 0.573637
-0.469259 0.213821 0.667145
-0.119091 0.210824 0.463039
-0.425874 0.167353 0.691894
-0.302034 0.367565 0.562404
-0.524552 0.49404 0.854147
-0.317444 0.175619 0.554098
-0.12285 0.0364646 0.672847
-0.127751 0.136179 0.651448
-0.0309788 0.0349632 0.723649
-0.0791669 0.114271 0.669274
-0.0968062 0.0566115 0.710384
-0.031835 0.0933147 0.682572
-0.0678977 0.0940866 0.670471
-0.143696 0.0077589 0.674474
-0.107531 0.135226 0.645196
-0.0499862 0.109337 0.672414
-0.138678 -0.0190161 0.70038
-0.154832 0.0603043 0.671904
0.0266631 0.165325 0.821975
-0.186879 0.101898 0.780626
-0.143842 0.0135466 0.69279
-0.106422 -0.0947733 0.659109
-0.106343 0.0275614 0.68579
0.367686 0.159002 0.611456
-0.158814 0.0975281 0.803499
0.0871368 0.114472 0.732759
0.00433149 0.106335 0.760502
0.454839 -0.259042 1.61857
-0.0760515 0.122026 0.678043
0.492174 -0.353342 1.42768
0.460156 -0.150204 1.37021
-0.0668408 0.158718 0.643894
0.414184 -0.122981 1.3959
-0.155421 0.134958 0.700627
0.377048 -0.360251 1.46761
-0.0834975 0.087136 0.686653
0.475371 -0.0858996 1.32588
-0.131998 0.00752641 0.708559
0.48641 -0.28225 1.38172
-0.117948 -0.00626075 0.712937
0.299497 -0.0793266 1.53926
0.538195 -0.245617 1.42423
-0.0629432 0.130461 0.677382
-0.184812 0.112173 0.750891
0.0269232 -0.111192 0.945388
0.0317056 -0.173953 0.922388
-0.0838443 0.0868218 0.67577
0.00411851 0.100523 0.780215
0.0480269 -0.119356 0.927346
-0.0695306 0.169031 0.652833
0.283646 0.110448 1.59695
0.564185 -0.0948804 1.23734
-0.0893699 0.0677651 0.721466
0.476681 -0.349583 1.42478
-0.056884 0.177327 0.662138
0.310135 0.161852 0.574935
0.477988 -0.269622 1.36198
0.481258 -0.169335 1.33607
-0.127076 -0.0825482 0.726624
0.199466 -0.278894 1.71698
0.4528 -0.395881 1.42002
-0.125822 0.136382 0.644839
0.535778 -0.390432 1.28886
-0.0693248 0.168356 0.652993
-0.110286 0.0597628 0.663724
0.488039 -0.194846 1.33501
0.373961 -0.136457 1.49055
-0.109738 0.135126 0.655156
0.537699 -0.253591 1.37137
-0.0973383 -0.00707992 0.682232
-0.21824 0.0100078 0.765562
0.527207 -0.187406 1.29079
0.208853 -0.534234 1.62595
0.133058 0.145361 0.672737
0.388948 -0.0519438 1.40798
0.0252764 0.177086 0.796997
-0.172892 0.0181922 0.715441
0.382244 -0.204229 1.44845
0.289134 0.00233345 1.57898
0.479678 -0.165465 1.32825
-0.163943 0.230493 0.764676
0.560937 -0.300864 1.22035
0.531296 -0.33369 1.26386
0.234311 0.0447715 0.984495
0.359122 -0.511156 1.54345
0.322399 -0.0115731 1.48781
0.19317 0.174379 0.701277
0.358092 -0.00862983 1.41108
-0.172891 0.0172758 0.720568
0.548735 0.0263598 1.25787
-0.148598 0.0877672 0.707623
0.519216 -0.303477 1.27285
0.51566 -0.0418902 1.25928
0.424111 -0.269422 1.38056
0.337638 -0.0128776 1.54077
-0.115074 0.10129 0.667509
-0.0798331 0.0173881 0.705963
0.227118 -0.100744 1.63543
-0.0868276 -0.124908 0.725336
0.364385 -0.0862396 1.47282
0.280152 -0.134802 1.605
0.126718 -0.347943 1.79288
0.195336 -0.269129 1.64731
0.206159 -0.177671 1.64533
0.434147 -0.119901 1.38543
0.0258512 -0.177144 1.0382
-0.0569198 0.179042 0.669716
0.289467 0.157853 0.566576
0.394644 -0.189214 1.42863
0.215847 -0.547742 1.67088
-0.0523423 -0.028917 0.714515
0.404403 -0.0858531 1.4299
-0.0460352 0.0921827 0.698323
-0.0177515 0.205232 0.697891
0.375006 0.0387686 1.51604
0.143206 -0.437193 1.77353
-0.00541117 -0.119851 0.835343
-0.194022 0.0523129 0.736648
0.356507 -0.0855297 1.45119
-0.133291 0.0143522 0.678067
0.0687434 0.198935 0.593689
0.102008 0.19943 0.601805
-0.0580083 0.176819 0.657169
0.241259 -0.589847 1.77366
0.0907558 -0.606403 1.89192
0.499707 0.0230311 1.27365
-0.0368099 0.139042 0.685594
0.212391 -0.183506 1.67431
-0.0725328 0.0088118 0.695308
-0.115192 0.0997909 0.664205
0.46463 -0.255018 1.36962
-0.0514808 -0.0285208 0.707932
0.514349 -0.158643 1.30343
0.154975 -0.357431 1.71644
0.191831 -0.596728 1.72879
-0.116694 0.182064 0.635413
-0.108965 0.0610188 0.647237
0.474866 -0.348354 1.36336
0.338928 -0.539125 1.56986
0.407558 -0.0896953 1.40685
0.301965 -0.364987 1.56421
-0.0410191 0.00134398 0.661206
-0.153835 -0.00652574 0.73961
-0.149108 -0.00489506 0.712205
0.473538 -0.404812 1.34192
-0.0978698 -0.0410147 0.704518
0.585871 -0.340283 1.63225
-0.117421 0.102612 0.668902
0.598471 -0.306515 1.15015
0.543044 -0.175619 1.26314
0.614417 -0.161217 1.16197
0.112352 0.193346 0.541564
0.309605 -0.535706 1.02519
0.412582 -0.168252 1.41799
0.088325 -0.49643 1.85508
0.716533 -0.276576 1.06204
0.561903 -0.390317 1.21603
0.231455 0.025186 1.62884
0.392158 -0.0834491 1.3963
0.190277 -0.269201 1.68554
0.318998 -0.37456 1.53587
0.42749 -0.231028 1.3716
0.290162 0.00434141 1.56917
-0.0154695 -0.57141 1.99781
0.479922 -0.311967 1.35915
-0.169514 0.204018 0.324026
-0.186402 0.241206 0.551087
-0.174482 0.131131 0.488967
-0.000612304 0.0833743 0.594407
-0.26921 0.160888 0.528156
-0.138615 0.0975197 0.730017
-0.148691 0.195579 0.418078
-0.189055 0.176027 0.435349
-0.137649 0.157035 0.434185
0.223148 -0.351474 2.40617
-0.31264 0.290738 0.52389
-0.134738 0.177704 0.378134
-0.21155 0.123526 0.494688
0.0549763 0.246997 0.66429
-0.15782 0.17884 0.300679
-0.157389 0.178905 0.310565
0.111573 0.243276 0.731778
-0.150181 0.189971 0.344551
0.211084 0.217547 0.718598
0.239134 -0.274477 1.63548
-0.192483 0.146226 0.705976
-0.620971 0.15927 1.4661
0.520371 -0.148529 1.28622
0.563832 -0.131089 1.26456
0.411817 -0.121786 1.38386
0.469671 -0.144637 1.35527
0.436877 -0.20766 1.39772
0.430723 -0.123265 1.38607
-0.143528 0.0546987 0.60544
0.569132 -0.194197 1.21153
-0.165415 -0.0114445 0.703828
0.620187 -0.227311 1.1629
0.703274 -0.345777 1.09782
0.609409 -0.100957 1.16497
-0.539871 -0.556315 3.41307
-0.212026 0.116002 0.877725
0.0968778 0.187797 0.506149
-0.165076 0.198437 0.733965
-0.174517 0.105443 0.342366
-0.0274564 0.159254 0.288019
-0.29045 0.301467 0.831415
-0.149667 0.0613204 0.322739
0.0688749 0.185005 1.00835
-1.34481 -0.637923 2.96555
0.47382 -0.547607 1.40961
-0.53086 -0.187453 1.45398
-0.0703534 0.0134464 0.469293
-0.117517 0.0587426 0.443492
-0.124403 0.152493 0.311561
-0.0191038 -0.110154 0.768983
-0.942592 -0.356367 2.00692
-0.366585 -0.173161 1.66353
-0.149438 0.0200854 0.401613
0.668026 -0.279254 1.14005
-0.242059 -0.0988585 0.712088
-0.202184 -0.059403 0.758239
-0.155688 0.109955 0.322089
-0.0674226 0.115783 1.12765
-0.173265 0.0480697 0.372032
-0.172332 0.0303513 0.609481
-0.166172 0.0240444 0.747366
-0.143523 0.0344809 0.690954
-0.176228 0.02563 0.733482
0.154943 -0.57835 1.78793
-0.0963074 -0.118359 0.707003
0.157165 -0.468041 1.85365
-0.0839533 0.0866319 0.685171
0.363626 -0.436356 1.52436
-0.163929 0.218982 0.731633
-0.154616 0.203265 0.67885
0.00431258 0.100104 0.783921
0.519054 -0.306667 1.28317
0.564311 -0.170138 1.23419
0.200363 -0.432556 1.73574
0.257672 -0.356829 1.60623
0.55481 -0.260871 1.39555
-0.0884522 0.179788 0.6586
-0.149864 0.0571487 0.655537
0.515071 -0.375363 1.28821
-0.141193 0.0388406 0.693327
-0.144309 0.040447 0.714978
0.531086 -0.445471 1.27514
0.537348 -0.157594 1.28847
0.511794 -0.461119 1.35302
0.341894 0.154954 0.640498
0.507024 -0.372947 1.44688
0.535288 -0.22896 1.2779
-0.141011 0.0403498 0.697269
0.485729 -0.479284 1.31398
-0.151187 -0.132637 0.744907
0.00470567 0.100143 0.783306
-0.159498 0.0284113 0.714221
-0.124674 0.00804462 0.687572
-0.158888 0.127809 0.706565
-0.124117 0.00688827 0.703913
0.26768 -0.368167 1.63768
-0.135342 -0.0179521 0.679954
0.288076 -0.0704497 1.47892
0.142067 -0.320375 1.59966
-0.125005 0.0983414 0.674241
-0.157513 0.127054 0.780607
-0.171686 0.0295324 0.599264
-0.840628 -0.238397 1.92464
0.269917 -0.392392 1.61486
0.465688 -0.334097 1.368
-0.329564 0.40714 1.56023
-0.269638 0.0130599 1.21442
-0.00835293 -0.0506354 0.806077
-0.146164 0.254023 0.968414
-0.226016 0.0306592 0.719693
-0.119684 0.108799 0.617497
0.201054 0.114318 1.3019
-0.288753 0.358666 1.26924
-0.327929 0.143186 1.20079
0.568275 0.112842 1.00657
-0.126418 0.219398 0.723091
0.310742 0.163342 0.615967
-0.234669 0.0438908 0.910838
-0.395245 0.387156 1.01212
-0.227827 0.122532 0.989746
-0.239245 0.118119 1.092
-0.221217 0.389338 1.42943
0.27665 0.29461 1.13678
-0.00559493 0.0181786 0.749655
-0.124252 0.22982 0.783864
-0.124615 0.239465 0.884354
-0.0947161 0.0786332 0.647707
-0.0508822 0.0956017 0.694464
-0.129747 -0.0117146 0.632853
-0.155284 0.134993 0.696633
-0.101852 0.225168 0.78407
0.351266 0.158789 0.644268
0.0554524 -0.00919235 0.325509
-0.118966 0.153727 0.107596
0.567645 -0.169916 1.23908
0.504183 -0.118676 1.30395
0.465967 -0.14821 1.36326
0.301757 -0.448059 1.55718
0.67955 -0.204703 1.09469
0.240057 -0.454613 1.61699
-0.0537184 -0.363601 1.36473
-0.0708259 0.0173152 0.840388
0.321634 0.144676 0.621852
-0.14881 0.0239958 0.848372
0.0263334 0.137458 0.663934
0.273993 0.115659 0.659286
-0.0976529 -0.0671408 0.70218
-0.187027 0.115463 0.72448
-0.187508 0.0923767 0.731858
-0.0628511 0.130064 0.675774
-0.129265 -0.0821452 0.725483
-0.141174 -0.120417 0.725366
-0.108692 0.127436 0.615588
-0.0416291 0.000761157 0.656599
0.0306785 0.181001 0.832652
-0.0893757 0.182932 0.665364
-0.12628 0.136243 0.64481
0.0593656 0.154806 0.783915
-0.0861652 0.0628242 0.668699
-0.131798 0.0234262 0.710176
0.160151 0.0777436 1.02331
-0.0821931 0.0165341 0.666576
-0.0852627 0.143129 0.644371
0.297421 0.127646 0.682083
-0.0944509 0.056664 0.6995
0.0369223 0.0406994 0.804738
-0.0875192 0.157435 0.641932
-0.0788527 -0.106021 0.700978
-0.143673 0.033482 0.703407
-0.0840179 -0.102971 0.681143
-0.11853 0.100423 0.663714
0.286845 -0.370058 1.67179
0.231801 -0.30112 1.85689
-0.0797303 0.0178041 0.703687
0.25774 -0.357789 1.6101
0.29439 0.00302062 1.60369
0.355155 0.0567885 1.36148
0.0335193 0.196679 0.885892
-0.0826639 0.14592 0.645114
-0.0906062 0.0566942 0.669808
-0.0816035 -0.104823 0.688826
-0.0440374 0.146123 0.656643
-0.0995591 -0.0708507 0.713191
-0.149731 0.0300588 0.712366
-0.0765784 0.122857 0.677705
-0.0714139 0.023909 0.660442
-0.124241 0.05399 0.59907
-0.0523471 0.101475 0.685572
-0.0975945 -0.132663 0.723035
-0.169642 0.151719 0.710699
-0.0641518 0.012933 0.717415
0.0270609 0.0242895 0.79356
-0.0709329 0.162129 0.622663
-0.0719231 -0.12601 0.699699
0.290683 0.132126 0.568588
-0.0493676 -0.0261044 0.662039
-0.200074 0.193649 1.006
-0.0736421 0.121311 0.692174
-0.0510631 0.105793 0.682795
-0.149689 0.0777599 0.717336
-0.0554047 0.016141 0.773701
0.0274788 0.121147 0.6171
-0.126871 0.185661 0.759627
-0.149001 -0.120446 0.720426
0.193961 0.10028 0.666402
0.0185355 0.0082284 0.811091
0.491849 -0.131077 1.32377
0.604288 -0.223181 1.14955
0.491784 -0.0345452 1.35289
0.633857 -0.0694192 1.14831
0.663364 -0.195717 1.12184
0.537646 -0.175337 1.26069
0.481501 -0.357342 1.37977
0.527928 -0.151965 1.29979
-0.0383761 0.124476 0.710855
0.289112 -0.258009 1.53451
0.621511 -0.293649 1.16845
0.665465 -0.322904 1.11951
0.663719 -0.167865 1.12421
0.613981 -0.155432 1.19625
0.566323 -0.187854 1.22338
0.533392 -0.282968 1.2837
0.424018 -0.45386 1.41965
0.533754 -0.281 1.28161
-0.218801 0.140442 0.429006
0.263138 0.100485 0.698403
0.619537 -0.221681 1.1225
0.574794 -0.233366 1.23241
0.00404225 0.267143 1.18294
0.562119 -0.129542 1.25566
0.463006 -0.345572 1.37711
-0.109195 0.0826919 0.733135
0.649479 -0.268832 1.11643
-0.0547389 0.0601485 0.447111
-0.108139 0.0862129 0.746246
0.6327 -0.348613 1.15208
0.645365 -0.32195 1.16608
-0.170014 -0.133552 0.763306
0.00424844 0.267932 1.18327
0.645808 -0.200201 1.1451
-0.167229 0.11932 0.285263
0.150549 0.156389 0.606765
0.482537 -0.554697 1.42515
-0.217676 0.116209 0.831498
0.14685 0.156138 0.597755
-1.00743 -0.457288 2.17745
0.288826 -0.435612 1.58331
-0.995613 -0.46902 2.13975
-0.26127 -0.11967 1.23937
0.290039 -0.14183 1.5431
-0.124798 -0.106659 0.725438
0.198208 -0.237629 1.07414
0.44642 -0.300523 1.38824
0.254976 -0.0078768 1.63292
0.156963 -0.2494 1.77432
0.421515 -0.172481 1.43688
0.21071 -0.0636176 1.66441
0.564748 -0.0789344 1.23869
-0.21421 0.149351 0.473956
-0.172459 0.19833 0.444345
-0.276817 0.173561 0.520341
-0.209435 0.200692 0.471266
-0.230961 0.153027 0.449808
-0.20538 0.243929 0.561229
-0.370431 0.178934 0.582718
-0.304779 0.183959 0.571626
0.0908178 0.169032 0.936839
-0.128995 0.174759 0.600696
-0.430496 0.39449 0.909236
-0.0842995 0.191888 0.54815
-0.200215 0.19198 0.545846
-0.194876 0.216106 0.460527
-0.233362 0.206911 0.518957
-0.141333 0.104789 0.650941
-0.146893 0.0925654 0.543551
-0.524453 0.412069 0.884456
0.0206504 0.240441 0.538305
-0.208254 0.188165 0.459594
-0.208421 0.132445 0.473433
-0.498402 0.428522 1.00604
-0.530627 0.190109 0.889815
-0.692337 0.248511 0.939993
-0.161344 0.165523 0.326181
-0.42587 0.292573 0.681179
-0.532069 0.319724 0.633474
-0.0661763 0.187143 0.557541
-0.257005 0.101259 0.485924
-0.32725 0.0386198 0.69707
-0.345082 0.296418 0.905806
0.00805235 0.049356 0.784528
-0.19024 0.179661 0.324135
-0.372741 0.0778761 1.03014
-0.0979257 -0.216666 3.85814
-0.188889 0.179892 0.319778
0.506444 -0.412319 1.29183
-0.282662 -0.0868893 1.71399
-0.136254 0.124948 0.332164
-0.206765 0.166975 0.358704
0.65805 -0.166033 1.12023
-0.190847 0.180819 0.32628
-0.136769 0.135273 0.255771
-0.146925 0.212177 2.68721
-0.167803 0.163319 0.211669
-0.0818517 0.0867328 0.688472
-1.27652 -0.189723 2.80191
0.392958 -0.153714 1.34088
0.423081 -0.484366 1.43788
0.268371 0.108309 0.679722
-0.138894 0.15225 0.13773
-0.138992 0.15227 0.137958
-0.172365 0.14213 0.450033
0.671981 -0.153393 1.10793
-0.137659 0.233384 0.731937
0.741091 -0.464508 1.13347
0.277047 -0.533489 1.60197
0.0368218 -0.0740744 0.484909
0.507867 -0.161602 1.33679
0.560518 -0.21659 1.23689
-0.216367 0.0193763 1.01829
0.00597608 -0.125331 0.724258
0.595058 -0.222214 1.20659
0.668146 -0.269837 1.12607
-0.17893 0.169008 0.238983
-0.147933 0.14513 0.184377
-0.221409 0.142823 0.347027
-1.32469 -0.363152 2.59593
0.399773 -0.0516834 1.14125
1.07968 -0.388357 1.56738
-0.115459 -0.0248581 0.66866
-0.175883 -0.0173597 0.660168
-0.141243 0.075723 0.31114
-0.107771 -0.0758444 0.741049
-0.142552 0.161188 0.204587
0.138783 0.157466 0.558805
0.276491 0.0975974 0.522769
0.599515 -0.121489 1.15129
0.497831 -0.072987 1.31049
-0.0762522 0.143002 0.181137
0.264857 -0.200736 0.734119
0.397008 0.0578689 0.656168
0.539891 -0.535015 1.33591
0.00029788 -0.588931 1.97753
0.540028 -0.397529 1.29841
-0.295918 0.182056 0.542592
-0.404458 0.258711 0.71905
-0.161242 0.0640116 0.585499
-0.146026 0.117202 0.513187
-0.148188 0.124021 0.461764
-0.113629 0.211678 0.489115
-0.167576 0.0725151 0.684627
-0.174001 0.143288 0.375271
-0.269598 0.181047 0.528777
-0.294156 0.144104 0.488299
-0.160938 0.151746 0.450644
-0.389868 0.155137 0.602352
-0.250852 0.13598 0.465012
-0.161883 0.150507 0.453558
-0.16736 0.0822436 0.513669
0.0965455 0.0963797 0.99822
-0.172285 0.19509 0.421574
0.0218128 0.205736 0.501787
-0.306192 0.190366 0.529108
-0.167239 0.154889 0.419943
0.35257 -0.500362 1.52938
-0.164576 0.170653 0.0910315
-1.79742 -0.479231 2.89004
0.0521469 -0.491506 1.9177
0.0602423 0.196838 0.983738
-1.82526 -0.463259 3.0286
0.0470292 -0.459731 1.90457
-1.51713 -0.875601 3.5187
0.340148 -0.539466 1.57424
-0.15555 0.0288034 0.623362
-1.75822 -0.775328 3.47301
0.328862 -0.0130387 1.50334
0.493555 -0.48714 1.36615
0.48002 -0.414113 1.36302
-0.0521308 0.149317 0.646211
0.257847 -0.534166 1.73014
-0.759617 -0.869376 2.65978
-0.173892 0.151413 0.145815
-0.532661 0.286519 0.843012
-0.521447 0.493005 0.860544
-0.516358 0.420506 0.654267
-0.320895 0.281408 0.353334
0.0500618 0.223806 0.482178
-0.17073 0.172671 0.108874
-0.170803 0.1726 0.108818
-0.30904 0.270674 0.327016
0.0751598 0.210263 0.458892
-0.478785 0.305526 0.639034
-0.178665 0.164553 0.153823
-1.3181 -1.31245 3.89283
-0.161574 0.157719 0.126329
0.0678172 0.259125 0.683708
-0.5482 0.443054 0.77953
-0.186435 0.150989 0.149591
-0.184196 0.143599 0.439561
0.0275013 0.245073 0.58653
-0.00666151 0.202542 0.43952
-0.095146 0.202038 0.550298
-0.172612 0.187173 0.303949
-0.001472 0.220396 0.507066
-0.26551 0.178652 0.500454
-0.0969467 0.198322 0.538468
-0.253785 0.286943 0.764817
-0.193236 0.18049 0.120067
-0.141441 0.132887 0.454131
0.406898 -0.0893046 1.40865
0.300219 -0.154761 1.46219
-0.0402275 0.139226 0.699715
0.285657 -0.544425 1.63205
0.533638 -0.427791 1.32836
-0.780709 -0.444601 2.16908
-0.813244 -0.479318 2.28918
-0.214049 0.183241 0.287992
-0.154699 0.221329 0.683905
-0.155252 0.117601 0.171458
0.0280261 0.166744 0.767376
-0.149902 0.0188135 0.386419
0.0177268 0.167938 0.761443
0.601854 -0.278252 1.16574
0.540685 -0.458125 1.30891
-0.0765664 0.104413 0.612789
0.334021 -0.0742731 1.3918
-0.134586 0.10745 0.349725
-0.130092 0.0904227 0.318843
0.439862 0.0389738 1.09201
-0.0331118 0.114311 0.558432
0.28047 0.116918 0.66231
0.212523 0.153579 0.458442
0.169491 -0.381115 1.72907
0.299487 -0.489509 1.6288
0.507093 -0.159518 1.29825
-0.00434172 -0.423544 1.98587
0.349141 -0.437292 1.50815
0.60541 -0.212931 1.18255
0.0312258 -0.544276 2.35949
0.55334 -0.385816 1.20648
0.274524 -0.131073 1.55034
0.126063 -0.344098 1.78745
0.420863 -0.330317 1.46363
0.15841 -0.257593 1.79357
0.620017 -0.312844 1.1654
0.516822 -0.121625 1.31924
0.238713 0.0239218 1.65083
-0.205409 -0.632186 2.1745
-0.565555 -0.693814 2.78667
0.525294 -0.115452 1.28808
0.620422 -0.238082 1.15239
0.593759 -0.225347 1.21099
0.159087 -0.372563 1.7373
0.266443 -0.356197 1.58013
0.0910516 -0.621077 1.86813
0.167567 -0.387468 1.76538
0.229927 -0.250244 1.49195
0.253089 -0.274508 1.55655
0.608021 -0.169255 1.18735
-0.145723 0.0488536 0.557027
0.619104 -0.298015 1.17601
0.394495 -0.464479 1.65211
0.575949 -0.0959653 1.16154
0.20754 -0.0585604 1.67273
0.502075 -0.140391 1.27592
0.133405 -0.319214 1.56342
-0.151679 0.03851 0.95605
0.0910342 -0.620511 1.87742
0.241493 0.024217 1.69277
-0.290722 0.183426 0.482715
-0.364414 0.122859 0.584476
-0.271384 0.324969 0.419287
-0.197516 -0.158493 1.71224
-0.268578 0.319844 0.409291
-0.333394 0.265799 0.349354
-0.155104 0.172366 0.329916
-0.220051 0.209853 0.453125
-0.406301 0.386818 0.562143
0.160679 0.266654 0.698743
-0.146851 0.179832 0.434471
-0.207733 0.138237 0.435125
-0.264196 0.116006 0.515294
-0.133595 0.177593 0.385098
-0.315997 0.352476 0.478382
-0.142439 0.112827 0.500386
-0.0691223 0.22886 0.772739
-0.202375 0.151692 0.44898
-0.486915 0.335884 1.08326
-0.511076 0.344742 1.15808
-0.231397 0.201585 0.493614
-0.245384 0.125995 0.474457
-0.187058 0.185341 0.243848
-0.48514 0.253414 0.660742
-0.22884 0.122458 0.464101
0.0845832 0.19758 0.615492
0.130074 -0.0383356 1.81179
0.128376 -0.0350263 1.78499
-0.464016 0.443134 0.687584
-0.171291 0.137809 0.41124
0.280713 0.104028 1.61013
-0.173274 0.10002 0.429916
-0.252604 0.16195 0.479625
-0.22609 0.151433 0.454085
-0.448449 0.220914 0.652214
-0.26718 0.129686 0.459689
-0.18645 0.142496 0.45646
-0.214432 0.174249 0.446701
-0.184574 0.143699 0.440129
-0.204351 0.192677 0.419475
-0.31191 0.320324 0.418447
-0.287001 0.227143 0.366592
-0.15616 0.171839 0.349556
-0.190657 0.257639 0.525618
-0.527953 0.418771 0.81342
-0.240059 0.302142 0.378473
-0.268656 0.323389 0.41638
-0.32194 0.318085 0.34495
-0.296253 0.223779 0.406525
0.265706 0.0442879 1.63024
-0.240944 0.106558 0.443833
-0.201184 0.189099 0.399402
-0.698688 0.55384 0.983673
-0.616063 0.0595871 0.969832
-0.461795 0.2479 0.618205
-0.163461 0.195635 0.326859
-0.235473 0.116541 0.50363
-0.186032 0.126071 0.446159
-0.633481 0.335621 0.803766
-0.242175 0.129013 0.421329
-0.233965 0.131682 0.46259
0.305433 0.0305785 1.51159
0.451996 -0.303411 1.3978
-0.368215 0.527196 0.860185
-0.236779 0.160523 0.47437
0.202968 -0.176967 1.64385
-0.250021 0.115164 0.445232
-0.214652 0.0904479 0.432629
-0.197756 0.114853 0.467299
-0.178816 0.0845969 0.520499
-0.270303 0.150675 0.570935
0.199376 -0.360271 1.6502
-0.235202 0.0846476 0.58924
-0.257943 0.0634741 0.617864
0.25966 -0.175527 1.60828
0.086793 0.214801 0.599425
0.0460599 0.220658 0.557062
-0.160942 0.201139 0.453671
-0.323218 0.316492 0.749095
-0.30027 0.16071 0.518372
-0.148274 0.180439 0.42573
0.224388 -0.0989316 1.62488
-0.146558 0.176955 0.402068
-0.165143 0.175475 0.30188
-0.199776 0.189853 0.38428
-0.178349 0.189378 0.280637
0.230158 -0.619473 1.65545
0.52743 -0.381813 1.27227
0.533141 -0.335191 1.26381
0.127448 0.148339 0.619317
0.234102 0.157577 0.515486
-0.193526 0.208487 0.697302
-0.162179 0.293763 0.716162
-0.181714 0.165185 0.197212
-0.244746 0.337439 2.30071
-0.117593 0.235664 0.509364
-0.142053 0.117032 0.541829
-0.195815 0.158476 0.195805
-0.249024 0.271097 0.708382
-0.177386 0.13786 0.415917
-0.203039 0.146673 0.460592
0.0817664 0.189252 0.557023
-0.204025 0.169375 0.422488
-0.226198 0.214801 0.517411
-0.212654 0.148855 0.464742
0.00827432 0.200673 0.412496
-0.125828 0.203203 0.459898
-0.0787191 0.100473 0.686978
0.0461204 0.196665 0.52519
-0.210461 0.202117 0.469344
-0.176464 0.160085 0.41473
-0.0165045 0.228643 0.500249
0.00876173 0.219695 0.468637
-0.23447 0.13459 0.44853
-0.132164 0.12449 0.492774
-0.328987 0.325557 0.760656
-0.204431 0.247052 0.576772
-0.159556 0.161795 0.212055
-0.232925 0.158211 0.454374
-0.175501 0.167779 0.203846
-0.215777 0.226251 0.415287
-0.499557 0.384801 1.48121
-0.233521 0.178212 0.494358
-0.241849 0.188231 0.505886
-0.203992 0.170287 0.415831
-0.230563 0.175014 0.477546
-0.208296 0.200537 0.451244
-0.597533 0.394568 0.783383
-0.143456 0.181384 0.517494
-0.173797 -0.00352912 1.01393
-0.533593 0.430109 0.889558
-0.162189 0.128844 0.450709
-0.21607 0.139724 0.310409
-0.171275 0.139347 0.479157
-0.195476 0.119318 0.435733
-0.191739 0.0974011 0.439652
-0.205887 0.146567 0.47781
-0.23946 0.1341 0.432431
-0.202212 0.153745 0.438747
-0.269589 0.0490988 0.687764
-0.180429 0.0844465 0.491057
-0.229034 0.176274 0.484585
0.0388501 0.229281 0.547224
-0.271289 0.101514 0.519416
-0.392256 0.377246 0.813873
-0.190769 0.155912 0.431451
0.0231958 0.20916 0.509361
-0.450126 0.374234 0.708579
-0.198617 0.112354 0.485754
-0.591971 0.632175 1.06904
-0.205901 0.166953 0.431235
-0.255367 0.1449 0.486002
-0.361433 0.308764 0.51085
0.0432906 0.0842062 0.604225
-0.266815 0.187453 0.502994
0.251176 -0.00463639 1.61746
0.195002 0.0612443 1.70729
0.215042 -0.0502226 1.65085
-0.0738982 0.215521 0.299077
-0.243001 0.0937326 0.492761
-0.515947 0.425692 0.704545
-0.587272 0.289718 0.854192
-0.0897473 0.166411 0.635116
-0.303442 0.185904 0.517479
-0.266136 0.139671 0.483078
-0.234314 0.132721 0.478369
0.149526 -0.227737 1.73006
0.479999 -0.0325574 1.32461
0.48892 -0.314324 1.34335
0.325323 -0.165976 1.49097
0.488587 -0.0754299 1.30954
0.105421 -0.509534 1.82323
-1.54247 -0.426975 3.07293
0.221704 -0.469188 1.6629
0.269541 -0.401982 1.61584
0.362696 -0.190013 1.48092
0.218866 0.102237 1.69252
0.186974 -0.355236 1.71289
-1.47196 -0.260362 2.94695
-0.154454 0.157296 0.181545
-0.114776 0.203214 0.265528
-0.303099 0.174761 0.383778
-1.29922 -0.181737 2.89833
0.1217 -0.517037 1.79781
-0.410914 0.178352 0.815182
-0.534519 0.320888 0.718711
-0.163519 0.194502 0.320315
-0.223781 0.0762177 0.503473
-0.364534 0.16282 0.602574
-0.19358 0.0891389 0.614843
-0.18752 0.121899 0.482458
-0.22369 0.150158 0.444296
0.524109 -0.456622 1.49817
0.510582 -0.270739 1.31287
-0.314467 0.345741 0.463466
0.312849 -0.307831 1.53739
-0.247857 0.130776 0.463066
0.178367 0.0218123 1.76303
-0.168094 0.15469 0.387896
-0.287973 0.0711402 0.502322
0.0426257 0.126511 0.883307
-0.161625 0.175826 0.3039
-0.157994 0.169656 0.361834
-0.164252 0.186129 0.272465
0.239011 0.0242939 1.63169
-0.237822 0.143389 0.393991
-0.175751 0.159053 0.411236
-0.200757 0.167884 0.371012
-0.161766 0.175862 0.299469
-0.83557 0.160176 1.23801
-0.149506 0.173451 0.421876
-0.23023 0.186495 0.454616
-0.338039 0.0695277 0.638227
-0.210404 0.186481 0.404873
-0.822597 0.102082 1.13359
-0.229836 0.0909771 0.478794
-0.271329 0.136645 0.491249
-0.164958 0.261754 0.555034
0.575057 -0.206761 1.23211
0.252689 -0.307054 1.62515
0.138381 -0.22773 1.51966
-0.214432 0.148042 0.469689
-0.344709 0.169134 0.50761
0.0251669 0.21965 0.543014
-0.212389 0.232426 0.53133
-0.734186 0.129744 1.40575
0.492581 -0.0110127 1.32397
-0.160103 0.202269 0.460957
-0.356138 0.172351 0.530551
-0.352337 0.160601 0.585285
0.399863 -0.0562452 1.42427
-0.135704 0.176182 0.534008
0.254299 -0.30849 1.62649
0.455038 -0.231624 1.37476
0.471682 -0.173246 1.35021
0.272965 -0.13026 1.53931
0.424942 -0.0836102 1.38107
-0.177814 0.17626 0.32253
-0.0460421 0.210882 0.375674
-0.453432 0.219274 0.693468
-0.195225 0.203235 0.439426
-0.218332 0.120584 0.421863
-0.279971 0.195897 0.571992
-0.237082 0.124854 0.40667
-0.092132 0.20849 0.577508
-0.18129 0.147067 0.384907
0.375118 -0.14527 1.47307
0.143398 -0.161142 1.16729
0.0320419 0.247053 0.626056
-0.261934 0.163352 0.504624
0.463726 -0.0906607 1.31997
0.172996 -0.345132 1.71758
0.14144 -0.125179 1.73627
0.437871 -0.118339 1.38113
-0.109422 0.212248 0.435829
0.299209 -0.0764592 1.51022
-0.174126 0.165449 0.184512
-0.255738 0.161793 0.489207
-0.16672 0.184105 0.2802
-0.390152 0.436662 0.658554
-0.543194 0.269412 0.766477
-0.586752 0.357223 0.713587
-0.504895 0.333902 0.891015
-0.239213 0.080886 0.5249
0.165895 0.261705 0.729821
-0.183579 0.199374 0.333848
-0.269945 0.1429 0.471617
-0.568946 0.380393 0.71985
-0.327466 0.314647 0.400944
0.0122994 0.242255 0.470864
0.0895125 0.253817 0.74451
0.0314671 0.262705 0.546951
-0.298479 0.187165 0.578202
-0.16845 0.12528 0.353187
-0.182033 0.176884 0.418053
-0.0631189 -0.615923 2.26227
-0.261109 0.0842148 0.514875
0.32627 -0.165609 1.49876
-0.200232 0.148552 0.443457
-0.263284 0.180268 0.475179
-0.380169 0.168659 0.559634
-0.304533 0.181411 0.531933
-0.225903 0.171434 0.460071
-0.355526 0.14121 0.582802
-0.157344 0.184532 0.413058
-0.259117 0.281666 0.784815
-0.117875 0.101203 0.577565
-0.212849 0.0941915 0.419514
0.191848 -0.254255 1.62148
-0.372265 0.170886 0.573886
0.272546 -0.249917 1.57088
-0.217021 0.188394 0.551232
-0.186664 0.146792 0.38433
-0.157415 0.153732 0.486036
0.047066 0.212922 0.564838
-0.0244622 0.223971 0.392088
-0.00243753 0.205847 0.445603
0.0386365 0.212177 0.506265
0.0538946 0.234571 0.590248
-0.233187 0.0968544 0.543942
-0.281332 0.303922 0.854663
0.271724 -0.0393001 1.08183
0.126153 0.193387 0.656235
-0.150618 0.184154 0.40939
-0.126702 0.13416 0.589763
-0.329988 0.323007 0.733611
-0.479342 0.434858 1.05989
-0.454147 0.295363 0.782479
-0.19035 0.156561 0.428721
-0.224156 0.143165 0.446606
-0.361081 0.345187 1.04087
-0.216934 0.147342 0.417761
-0.120928 0.228515 0.613625
-0.193066 0.0918409 0.474598
0.140271 0.221048 0.69451
-0.196223 0.206635 0.459838
0.0268392 0.246417 0.579399
0.0289662 0.202996 0.520979
-0.167641 0.16227 0.164717
-0.190553 0.156929 0.418123
-0.263594 0.140356 0.47794
-0.205523 0.258406 0.643224
0.360974 -0.206371 1.44782
-0.528771 0.269535 0.76167
-0.657538 0.339919 0.941754
-0.129713 0.210459 0.476246
-0.244644 0.152417 0.462416
-0.228478 0.155593 0.435826
-0.539925 0.429163 0.842974
-0.166518 0.171844 0.398144
-0.409149 0.0908993 0.680571
-0.420119 0.410999 0.909865
-0.272421 0.37118 0.672402
-0.222355 0.164968 0.434841
-0.344308 0.156426 0.546764
0.451055 -0.326695 1.36317
-0.0967089 0.200564 0.534182
0.262961 -0.360435 1.59712
-0.138918 0.152481 0.37052
0.30944 -0.00792351 1.52709
0.211155 -0.0623102 1.69452
0.0800957 0.166575 0.892961
-0.205299 0.147233 0.428367
-0.117038 0.229245 0.463868
-0.318318 0.284807 0.343145
-0.728901 0.39375 1.78136
-0.370876 0.27309 1.06651
0.10938 -0.0931234 1.81183
-0.315026 0.120553 0.539698
0.288487 -0.141948 1.53125
0.161893 -0.230229 1.70843
0.193108 0.0626502 1.67696
-0.261608 0.141436 0.47288
-0.347214 0.162168 0.657978
-0.192292 0.124245 0.40019
-0.275078 0.160343 0.534143
-0.131102 0.204388 0.437912
0.0907205 0.205742 1.32248
-0.204874 0.126782 0.354878
-0.237428 0.117577 0.433739
-0.193949 0.15425 0.451362
-0.16914 0.162882 0.620481
0.490258 -0.291808 1.36635
0.464287 -0.392593 1.37837
-0.235734 -0.55091 2.37545
0.301766 -0.0797673 1.53041
-0.13578 0.237208 0.492552
-0.20329 0.191073 0.410347
-0.163691 0.134541 0.314617
-0.435097 0.427552 0.768529
-0.196108 0.0989916 0.519088
-0.295571 0.184023 0.499208
-0.166362 0.0898657 0.490498
-0.23378 0.173195 0.483548
-0.242134 0.132762 0.439118
-0.100517 0.146674 0.617282
-0.264817 0.169472 0.489884
-0.269574 0.0366534 0.598208
-0.207185 0.123263 0.315549
0.0608007 0.173115 0.825956
-0.220791 0.234781 0.49037
-0.540919 0.353356 0.940531
-0.294925 0.152544 0.514853
-0.163295 0.128392 0.360731
-0.144151 0.136481 0.314079
-0.287808 0.0664056 0.518068
0.302274 -0.266365 1.5333
0.152671 -0.409144 1.97111
0.451872 -0.366015 1.39761
-0.885178 -0.0405809 1.58402
-0.159861 0.177627 0.243425
0.0763359 0.19498 0.599473
-0.249065 0.220239 0.86279
-0.224875 0.0775812 0.492647
-0.207232 0.179683 0.36793
-0.19114 0.222088 0.415953
0.0340435 0.237118 0.470104
-0.262835 0.118915 0.476986
-0.341097 0.23712 0.522105
-0.219159 0.171718 0.420033
-0.275676 0.0970423 0.52966
-0.213539 0.136497 0.454611
-0.457672 0.0830038 0.786192
-0.25698 0.0932458 0.404957
-0.380196 0.0812524 0.622278
-0.31909 0.0678666 0.529313
-0.202888 0.187911 0.162629
-0.244228 0.176342 0.261224
-0.152934 0.17608 0.230298
-0.179535 0.111458 0.383882
0.00927725 0.241614 0.548597
-0.207578 0.169944 0.426445
0.29243 -0.0737796 1.50021
0.487271 -0.0437002 1.3047
-0.211155 0.182001 0.159219
-0.173057 0.184361 0.392179
0.0492694 0.233573 0.576273
-0.175936 0.178271 0.409592
-1.58526 -0.245249 3.0515
0.150172 -0.267308 1.75286
0.227533 -0.475262 1.67794
-0.221819 0.298399 1.0098
0.519884 -0.396858 1.31633
-0.185887 0.174815 0.403967
0.230117 -0.290774 1.61943
0.318892 0.0166662 0.9155
-0.00443215 -0.427029 2.00742
-0.234852 0.10043 0.492617
-0.323059 0.218787 0.538113
0.102657 -0.508618 1.82698
-0.709758 0.349393 0.944525
-0.139657 0.213249 0.442629
-0.487962 0.0909016 0.726398
-0.49762 0.0879631 0.746989
-0.713837 0.128722 1.04513
-0.175102 0.14495 0.192552
-0.249598 0.135192 0.460331
0.158673 0.224721 0.729886
0.224259 -0.016581 1.67748
0.295767 -0.358159 1.53383
0.113333 -0.48749 1.80245
0.306789 -0.449003 1.56929
-0.146561 0.169683 0.142121
-0.157598 0.171336 0.114105
-1.67022 -0.199291 3.07773
-0.0334783 0.22501 0.452363
0.438634 -0.0805428 1.36238
0.5071 -0.147671 1.31107
0.444847 -0.39706 1.40459
0.149586 -0.459046 1.73873
-0.205324 -0.581678 2.2382
-0.121834 0.132494 0.541597
-0.252436 0.132155 0.457384
-1.50794 -0.873791 3.5503
-1.58826 -0.543473 3.40366
0.165959 -0.0231482 1.74588
-0.222123 0.103227 0.398233
0.336016 -0.382862 1.47758
-1.6706 -0.606838 3.2603
0.497513 -0.354485 1.33985
0.148271 -0.566267 1.7799
-0.400386 0.329328 0.553986
0.00707081 -0.620134 2.06526
-1.60658 -0.562295 3.44063
-0.439192 0.360247 0.690096
-0.158 0.15843 0.183948
-0.371277 0.350426 0.480452
0.0264763 -0.437679 1.89725
-0.154608 0.156863 0.183426
-0.163417 0.154231 0.276019
-0.162696 0.156012 0.257909
-0.573644 0.316803 0.722261
-0.488662 0.393293 0.801787
-0.177362 0.143603 0.199152
-0.27422 0.225768 0.325189
-0.209716 0.196415 0.285762
-0.178756 0.159209 0.20172
-1.3798 -0.255204 3.25807
0.252693 0.116615 1.59979
-0.233723 0.140166 0.516671
-0.17827 0.140967 0.212439
-0.204187 0.155132 0.212774
-0.155722 0.168109 0.395713
-0.424167 0.504763 0.750966
-0.304605 0.137163 0.530056
0.0824514 0.254397 0.619927
-0.466109 0.535774 0.858163
-0.168037 0.087389 0.516176
-0.499296 0.296059 0.959236
-0.436244 0.523959 0.826896
-0.362386 0.136422 0.592119
-0.245301 0.124978 0.479106
-0.190365 0.167643 0.394311
-0.227165 0.14765 0.371677
-0.204518 0.146635 0.472169
-0.220579 0.174396 0.321346
-0.308281 0.147 0.472888
-0.303857 0.14119 0.452661
-0.271119 0.180032 0.455739
-0.240479 0.130328 0.430824
-0.204215 0.172079 0.412619
-0.301962 0.138019 0.518127
-0.269386 0.133186 0.384413
-0.451885 0.173245 0.700752
-0.16618 0.0877559 0.493796
0.44486 -0.245164 1.41511
-0.0965275 0.261709 0.636603
-0.207646 0.112354 0.519824
-0.0538944 0.310913 0.928416
-0.190505 0.0904214 0.49885
-0.168106 0.0921995 0.439642
0.214734 -0.104815 1.63961
0.106853 -0.346868 1.72661
0.292229 -0.261418 1.54728
0.111972 0.19215 0.617862
0.181045 0.0749676 1.74544
0.168837 -0.339098 1.70771
-0.245898 0.268695 0.69325
0.0407065 0.241955 0.541815
-0.585307 0.53273 0.967215
-0.0969906 0.111616 0.617693
-0.0594666 0.202247 0.31953
-0.38074 0.281734 0.598257
-0.519855 0.427358 0.832033
-0.363049 0.258567 0.579221
-0.161933 0.162627 0.185248
0.0264245 0.225865 0.507221
-0.390213 0.265999 0.636659
-0.4061 0.243412 0.4738
-0.267332 0.22324 0.327424
-0.420269 0.27492 0.459879
0.540937 -0.109695 1.25488
0.0536597 -0.480261 1.96071
-0.366477 0.315979 0.406047
-0.492198 0.458173 0.786573
0.287869 -0.273803 1.59984
0.0365245 -0.484919 1.98812
0.475893 -0.355119 1.37062
-0.618475 0.331506 0.78702
-0.381431 0.235165 0.448128
0.456188 -0.232953 1.37729
-0.833751 0.794097 3.31189
0.384112 -0.456265 1.63566
-1.13285 -0.673493 3.56988
0.365368 -0.109882 1.46286
-0.871488 -0.841019 3.1023
0.507297 -0.333835 1.35803
-0.374375 0.373705 0.626407
-1.7229 0.323828 2.86507
-0.926085 0.160941 1.43019
0.196939 -0.171489 1.61409
0.177614 -0.404902 1.83592
0.258474 -0.328878 1.52952
0.118106 0.206324 0.697839
0.36858 -0.358451 1.62505
0.416283 -0.477087 1.42446
0.429836 -0.0229881 1.34357
0.428594 -0.466297 1.44488
0.426761 -0.125168 1.40386
-0.060498 0.0829057 0.460507
-1.49084 -0.262301 2.99864
0.0226664 0.198521 0.887697
-0.10924 0.198249 0.648089
-1.82404 -0.615622 2.99857
0.219718 0.032723 1.60063
-0.58132 0.121012 0.750956
0.129111 -0.352406 1.80755
-0.762162 0.578609 3.13675
0.238371 0.116893 1.55656
-0.167654 0.157363 0.116332
-0.482539 0.229576 0.67552
0.226274 -0.099513 1.62103
-0.524593 0.361638 1.19891
-0.177893 0.183138 0.148348
-0.268526 0.231747 0.446814
0.0526068 0.223172 0.423212
-0.0440629 0.196252 0.273143
0.388937 -0.184734 1.40089
0.401473 -0.344279 1.44795
-0.449704 0.25973 0.597793
0.040607 0.219191 0.525302
-0.457353 0.245519 0.611488
-0.36128 0.358801 0.579212
-0.441177 0.362871 0.553576
0.074386 0.160294 0.572956
0.0384085 0.253034 0.660088
0.00964251 0.168382 0.450908
-1.45686 -1.01298 3.74832
0.256872 -0.298241 1.61897
-1.57079 -0.241076 3.03223
-1.91038 -0.752375 3.1066
-0.299485 0.200822 0.332458
0.419678 -0.248208 1.88253
0.0717072 0.191853 0.58731
-0.78158 0.103957 1.07176
0.260118 -0.536083 1.64174
-0.664503 0.524948 1.17104
0.0873806 -0.606556 1.897
0.406789 -0.229425 1.41365
-0.14551 -0.482797 2.20571
-0.161945 0.163927 0.215399
0.155211 0.198241 0.695338
-1.77606 -0.510352 2.89311
-0.17876 0.158723 0.382429
0.30746 -0.158908 1.52123
0.0841764 0.197629 0.603578
0.301941 -0.0778542 1.53442
0.196943 -0.389798 1.70716
0.0266363 -0.442363 1.93509
-0.339184 0.336189 0.809503
-0.586505 0.253496 0.856118
-0.657525 0.361116 0.831749
0.132189 -0.229473 1.80928
-0.463392 0.423258 1.01325
-0.459016 0.420301 0.999833
0.315989 -0.163137 1.45396
-1.65852 -0.339337 3.38537
0.490402 -0.362916 1.3651
0.342512 -0.153149 1.44801
0.453048 -0.439466 1.38108
0.309303 0.0325601 1.51557
0.517591 -0.0639081 1.23084
0.509683 -0.160017 1.30222
-1.60272 -0.435488 3.15435
0.510655 -0.173778 1.28611
0.50174 -0.446563 1.33311
-0.0969261 0.158041 0.27726
-0.24672 0.189416 0.318132
-0.419235 0.298987 0.651377
-0.624968 0.330949 0.886952
-0.3981 0.28779 0.603233
-0.155239 0.162764 0.143019
-1.59885 -0.444588 3.17823
-0.497543 0.39611 0.763543
-0.136786 0.0957989 0.239514
0.302737 -0.156937 1.53009
-1.64783 -0.190654 3.07694
-1.55955 -0.292043 3.15417
0.265749 0.332036 1.24381
0.09009 -0.615425 1.91888
-0.821952 0.649894 3.21825
0.146802 -0.632335 1.79707
0.101368 -0.142115 0.883239
0.103887 -0.508302 1.82269
-1.61487 -0.250125 3.10018
-0.742425 0.261895 1.01366
-0.179431 0.153902 0.275782
-0.7662 0.57584 3.15429
-0.235861 0.118414 0.430147
-1.28508 -0.22112 3.01823
0.550243 -0.532149 1.46953
-1.49065 -0.696318 3.36347
0.509556 -0.377729 1.33846
-1.55037 -0.236456 2.98629
0.158501 -0.45115 2.27442
0.194663 -0.0382284 1.69979
0.14246 -0.380192 1.87306
0.310487 -0.155935 1.50297
0.245904 -0.00314434 1.61815
-1.62466 -0.0134673 2.88108
0.0629467 -0.20778 1.98802
-0.135851 0.120385 0.563109
0.22994 -0.101224 1.63793
0.335458 -0.313338 1.50767
0.223845 0.280958 1.02368
0.204424 -0.367099 1.6681
0.280081 -0.262855 1.57049
-0.219625 0.184768 0.228937
-0.536584 0.282866 0.687195
-0.152523 0.167117 0.179782
0.149022 -0.635065 1.8052
-0.858038 0.0409436 1.17894
-0.173689 0.144515 0.197719
-0.222218 -0.748101 2.34774
-0.222784 -0.739849 2.3288
-0.0200631 0.190011 0.74227
0.455351 -0.253393 1.3745
0.607819 -0.553261 1.54044
-0.843913 0.605508 3.32372
0.370452 -0.527528 1.57456
-0.127386 0.20011 0.379676
0.235177 -0.341651 1.63216
-1.55654 -0.84773 3.50628
0.275767 0.0438967 1.65073
0.314517 -0.308147 1.53393
-0.299374 0.168055 0.505116
0.504488 -0.257847 1.28698
0.0648705 0.253984 0.707969
0.306705 0.0638314 1.54617
