0.723625 -0.119389 1.6171
-0.129341 0.122741 1.39227
0.688535 -0.310131 1.503
-0.571454 -0.0400432 1.68545
-0.0908129 0.143535 1.0521
0.0541566 0.121877 0.410348
0.0489857 0.109455 0.415116
0.11872 0.0839604 0.420902
-0.0568746 0.109043 1.28524
0.76558 -0.352267 1.66647
0.11209 0.136647 0.423718
0.0293871 0.110662 0.456578
-0.164638 0.148897 0.542045
0.0580504 0.106792 0.406287
0.101514 0.130008 0.405028
-0.167698 0.152488 0.55313
0.122412 0.0865279 0.431805
-0.0412635 0.086443 0.395877
0.146244 0.0895955 0.389952
0.206594 0.0806046 0.325409
-0.127906 0.120276 1.39221
-0.0409568 0.0865651 0.396405
0.0452396 0.0864054 0.427878
-0.00938499 0.0622721 0.40477
-0.101318 0.0909828 0.492913
-0.00382266 0.0893109 0.408195
-0.212861 0.147408 0.500065
-0.580786 0.0664892 1.75582
0.0692902 0.129981 0.407056
-0.146423 0.134786 2.52661
-0.184402 0.149935 0.524916
0.859326 0.0630909 5.25668
-0.215364 0.149502 0.505239
0.0363636 0.0821401 0.35186
-0.0908513 0.0772822 0.386588
-0.325939 0.254532 1.60067
0.0247252 0.063296 0.395893
0.537994 0.0812176 0.940976
0.0277219 0.0731859 0.395961
-0.0620615 0.0960895 0.424719
0.469185 0.0394666 0.800951
-0.129796 0.132157 1.37875
0.00737123 0.0828355 0.360658
0.122762 0.0900436 0.446421
0.213244 0.101818 0.331859
0.136873 0.0821279 0.368385
0.0455035 0.0959832 0.360543
-0.272527 0.0888306 1.35743
0.2156 0.105891 0.331396
-0.100595 -0.0921642 0.434103
0.105834 0.0974277 0.46411
0.17117 0.117291 0.369062
0.0300766 0.0527088 0.508989
0.445645 0.203895 0.539974
0.230018 0.10249 0.321995
0.0103089 -0.0562432 0.269015
0.0419746 0.0531955 0.402547
0.152947 0.0696396 0.38236
0.152643 0.0697317 0.38322
-0.0899258 0.0717 0.377281
0.177963 0.0823936 0.455515
-0.0838834 0.0694633 0.366816
0.0550657 0.0936863 0.292856
-0.0118191 0.11915 0.301755
0.0472856 0.124886 0.394898
0.104259 0.112643 0.478324
0.198762 0.08936 0.406627
0.163251 0.122946 0.38648
0.0431348 0.16507 0.492394
0.0778288 0.135045 0.356707
0.0675851 0.127748 0.402727
0.0589538 0.121124 0.385865
0.0893734 0.105985 0.396116
-0.0584466 0.0858085 0.403709
-0.017678 0.0938813 0.410738
-0.00688179 0.124669 0.399329
-0.0682111 0.0825695 0.392503
0.102316 0.0932003 0.294995
-0.0296873 0.334053 1.40717
0.0294746 0.0759537 0.409564
0.210978 0.083292 0.331603
0.140768 0.0795548 0.420119
-0.645168 0.321326 1.42463
-0.13207 0.132808 0.397623
-0.169599 0.148575 1.38561
0.196585 0.120953 0.385214
0.146621 0.067095 0.363408
-0.177046 0.14727 0.593506
-0.538579 0.257886 1.48623
0.699738 -0.439699 2.03716
0.78909 -0.342713 1.63996
0.160626 0.0683427 0.37857
-0.055916 0.0837005 0.393349
-0.0414624 0.0855809 0.394817
0.868258 -0.0587238 1.67843
0.211695 0.127663 0.356889
0.180074 0.216841 2.00128
1.00416 0.0200414 1.49739
-0.0756656 0.0718171 0.350062
-0.158604 0.156942 1.15799
-0.0237692 0.108341 0.9914
0.96866 -0.454666 1.08821
0.728282 0.107284 0.903341
0.515957 0.104598 0.6397
0.0494302 0.0519773 0.491938
0.104744 0.081218 0.420092
0.215482 0.0530046 0.304191
-0.057774 0.125787 1.26188
-0.0829452 0.0999957 0.379657
1.16757 -0.451254 1.36183
-0.00177337 0.0783149 0.380408
0.369979 0.069344 0.60306
0.00489951 0.0483881 0.433279
0.0273725 0.0652051 0.400038
-0.0896436 -0.352741 1.08512
0.677829 -0.235976 1.44713
-0.029134 -0.201588 0.927181
-0.144267 0.184236 1.41782
0.0660089 0.130275 0.413711
0.0375783 0.120001 0.487751
-0.0385084 0.165582 0.463581
0.548622 -0.224379 0.999877
-0.287172 0.30966 1.46882
-0.0632241 0.23867 1.28833
-0.0707164 0.0851727 1.47613
0.143332 0.0729976 0.370071
-0.691879 0.157946 1.5783
0.118503 0.150315 0.544869
0.0385208 0.130452 1.19147
0.760025 -0.262604 1.57858
0.133756 0.0737956 0.392791
1.27686 -0.533411 2.3616
-0.0845122 0.0920945 0.37749
0.0541819 0.115029 0.43196
-0.00518183 0.144687 0.429297
0.310598 -0.26085 2.29283
-0.43738 0.289839 1.28149
0.222031 -0.131534 0.882472
0.118741 0.0834881 0.413449
-0.115549 0.10624 0.458989
-0.0631616 0.0818863 1.32926
-0.543824 0.178007 1.63266
0.465396 0.0443006 2.32194
0.0921541 0.0830563 0.376841
0.156728 0.0774649 0.393086
0.291343 -0.0257659 2.14815
0.197957 0.107369 0.39104
-0.454107 0.222906 1.41261
0.511615 0.185695 2.15803
0.135177 0.0831085 0.374478
0.463256 0.207497 2.16554
0.0393415 0.028478 1.4777
0.945318 -0.252001 1.73625
0.0234259 0.10346 0.43346
1.35138 -0.439189 2.41928
-0.466388 0.242008 1.44132
0.140667 0.0678822 0.351828
-0.616709 -0.0337483 1.76249
-0.0670725 0.0850664 1.42657
0.175988 0.0683771 0.379629
-0.148281 0.128625 0.535746
-0.658186 0.0911295 1.52075
-0.0444019 0.0886587 0.406332
0.0395409 0.0829611 0.409848
0.175299 0.0633437 0.374304
0.103382 0.144357 0.423253
1.5143 -0.631558 2.83716
0.00386166 0.118965 0.446822
0.676055 0.118865 1.67189
0.000910865 0.118672 0.439993
-0.0604468 0.107849 0.430317
-0.532417 0.183905 1.67372
-0.196379 0.155699 0.549273
0.0988056 0.0831005 0.438155
0.114997 0.10337 0.51358
-0.182816 0.169944 1.28669
0.0301478 0.138673 0.46235
-0.0817807 0.132923 0.377393
0.024312 0.0992387 0.432855
-0.179465 0.142078 0.50408
0.385489 -0.435571 1.74388
-0.447536 0.227782 1.42869
-0.962523 0.511295 2.14401
-0.542627 0.324163 1.38971
0.740121 -0.262341 1.53583
-0.0474087 0.0724004 0.392999
-0.590861 0.217318 1.44045
-0.148508 0.108579 0.402796
-0.0509269 0.0955155 0.372782
0.0417071 0.0926879 0.399438
-0.303318 0.16261 1.16781
-0.468126 0.214874 1.32655
-0.0512884 0.0507895 0.367255
0.183774 0.117052 0.284489
0.163536 0.110569 0.349436
0.198198 0.13855 0.409877
-0.573797 0.205433 1.28144
-0.00506147 -0.161091 1.41121
0.140972 0.0799562 0.424134
-0.126482 0.126986 0.385282
0.681777 -0.427147 2.00839
-0.0459982 0.0868928 0.399709
-0.568376 -0.0193931 1.33246
0.77395 0.142338 1.66199
-0.086093 0.136194 0.387134
0.102471 0.179628 0.482699
0.0988188 0.140723 0.403523
-0.111762 0.152223 0.430192
0.0840292 0.138501 0.344908
-0.460054 0.219226 1.45819
1.03819 -0.415709 1.94782
0.255995 0.0780955 0.362196
0.172368 0.065519 0.369479
0.971101 0.0106791 1.46172
0.753696 -0.336452 1.64387
-0.409844 0.152151 1.54646
-0.402259 0.149973 1.52255
0.59574 -0.489079 1.72229
0.0508018 0.088308 0.222721
0.722702 -0.225424 0.807575
0.174073 0.125159 0.287596
-0.384619 0.151814 1.41077
-0.0690705 0.0781015 0.411328
-0.164342 0.165074 1.4281
-0.0473759 -0.279291 0.934718
0.69635 0.110989 1.69348
0.480088 0.108378 0.793253
-0.149956 0.136937 1.24659
-0.475426 0.227921 1.38999
0.766686 -0.272438 1.4327
-0.501103 0.265557 1.54148
0.0476861 0.0852479 0.518937
0.175758 0.0830979 0.374205
-0.0668942 0.0827647 0.397056
-0.0200656 0.0925844 0.400932
0.0861287 0.0688355 0.36719
-0.202267 0.169569 1.30007
0.656355 -0.325672 1.9436
0.00425321 0.0729157 0.39571
0.0411397 0.103771 0.430982
9.23197e-05 0.0988792 0.742137
0.0260527 0.0632285 0.404982
0.392983 0.0997272 0.578849
0.245794 0.0721326 0.341963
0.245632 0.0833409 0.357063
0.59107 0.175333 0.702731
0.00574377 0.0723638 0.384982
-0.0676324 0.082017 0.389657
-0.088948 0.0668922 0.408435
0.95852 -0.120226 1.72565
-0.0347215 0.0702785 0.398941
0.23468 0.247822 2.29378
0.199316 0.0501667 0.311861
-0.301466 0.179666 1.22979
-0.0796834 0.15063 1.2493
0.184397 0.118638 0.373404
0.21672 0.0416887 0.323568
0.155698 0.11538 0.360926
-0.0915793 0.115706 0.420427
0.678674 -0.370521 1.65446
-0.533027 0.178697 1.62609
0.0211805 0.0813937 0.390727
0.00474303 0.103858 0.394025
0.0220446 0.107088 0.420305
-0.183472 0.152262 0.549497
-0.467305 0.248909 1.47559
0.174328 0.0672174 0.375528
0.146295 0.0679441 0.34956
0.148507 0.0668038 0.345414
-0.0479871 0.0716437 0.388857
-0.0176735 0.109897 0.388053
-0.0771441 0.140199 0.386166
-0.191638 0.159909 0.563737
-0.530939 0.311799 1.35292
0.0233315 0.102151 0.439318
0.00236175 0.0574788 0.41171
-0.0913289 0.0726901 0.382603
-0.00238326 0.0971657 0.411897
-0.0533508 0.121149 0.485629
0.111799 0.0898778 0.461338
-0.215892 0.054751 0.933174
0.560989 -0.041618 0.745951
0.177366 0.0642807 0.381633
2.02521 -2.24686 8.68163
1.57201 -0.469745 2.84269
0.271587 0.018889 2.33183
0.681302 -0.375911 1.66481
0.0230409 0.112687 0.436381
0.209477 0.0964127 0.316002
0.634918 0.151873 1.91747
0.692261 0.0456717 0.931222
0.612608 0.120082 0.965376
0.0384957 0.0473554 0.41627
-0.0555615 0.0650765 0.414671
0.0884408 0.114782 0.37705
-0.0559208 0.0736782 0.401398
0.10571 0.125545 0.392565
-0.0805829 0.0966732 0.377757
0.223304 0.0782837 0.31497
-0.0727419 0.0857749 0.351214
0.272284 0.0807876 0.382542
-0.113699 0.0808546 0.474726
0.462968 0.154468 0.833043
0.213138 0.089229 0.325752
0.339357 0.156332 0.642672
0.204684 0.0855284 0.311259
-0.0899057 0.081047 0.392771
0.0270005 0.122102 0.406308
-0.0739372 0.0669498 0.393143
0.198812 0.126101 0.401159
0.0285132 0.109494 0.449227
0.281218 -0.221214 1.15567
-0.00960151 0.0539142 0.405375
0.159992 0.0675577 0.375813
0.21874 0.0757352 0.308171
0.0764084 0.155339 0.362429
0.180943 0.155121 0.382538
0.145837 0.152554 0.368711
0.196917 0.138097 0.346153
0.135612 0.124547 0.279808
0.710723 -0.413161 0.831238
1.12823 -0.369978 1.42004
0.00199793 0.073113 0.375622
-0.181526 0.26727 1.22106
0.93048 -0.0706124 1.62521
0.829367 -0.361241 1.73117
0.0309871 0.0755563 0.444428
0.0341282 0.0781551 0.391348
0.227135 0.0845166 0.320308
0.142386 0.0691967 0.378641
0.0580014 0.118327 0.425152
0.0388813 0.0550798 0.472727
0.485354 0.0699097 0.837945
0.185866 0.0945366 0.516567
0.043359 0.155336 0.633228
0.0504647 0.127863 0.408426
0.09488 0.0867218 0.404779
-0.0179624 0.0932747 0.406684
-0.0180012 0.110429 0.396319
0.0900539 0.107676 0.40474
-0.0848151 0.0790135 0.377744
-0.17673 0.142593 0.580306
-0.0839106 0.0967848 0.389094
0.00286325 0.0668623 0.454192
-0.0127872 0.0622461 0.404822
0.157533 0.116748 0.366849
-0.0765993 0.0754785 0.367736
-0.424525 0.234837 1.72747
0.217558 0.0333323 2.15095
0.449325 0.037308 0.765208
0.359436 -0.0171504 2.53105
0.192359 0.0720082 0.417087
0.246045 0.113516 0.514384
0.000688313 0.117376 0.429762
-0.0816398 0.10998 0.384417
0.266054 0.0583191 0.410627
0.205199 0.085591 0.312375
0.0141107 0.131771 0.432538
0.981973 -0.182218 1.52474
-0.446185 0.170414 1.56234
0.830077 -0.279153 1.48548
0.836144 -0.0559687 1.62245
0.0312462 0.116889 0.464529
0.249843 0.0384116 2.55723
-0.0622574 0.112304 0.997663
0.119781 0.0883601 0.440825
-0.0579658 0.0791304 0.43075
0.0508455 0.110503 0.4178
-0.0451065 0.0823774 0.654683
0.255725 0.0378237 2.30158
-0.0586846 0.0762011 0.383498
-0.0781814 0.129142 0.981907
0.18208 0.118208 0.37088
-0.195857 0.250187 1.24381
0.144672 0.131959 0.360652
0.105451 0.136037 0.424282
-0.057036 0.13772 0.395896
-0.184004 0.143321 0.47709
-0.16936 0.15681 1.41172
-0.0831718 0.135488 0.385751
-0.171674 0.135408 0.469615
0.0677281 0.122426 0.393123
-0.092179 0.133755 1.02623
0.116485 0.0859225 0.429975
0.0261897 0.12146 0.406955
0.16046 0.103215 0.456778
0.017095 0.0993735 0.377925
-0.00311934 0.0883535 0.41188
0.960439 -0.0668827 1.85309
-0.00309576 0.08417 0.406921
0.792221 -0.12612 1.63403
-0.496962 0.194197 1.71692
-0.0191501 0.113816 0.408472
0.0261517 0.106702 0.356538
-0.555731 0.450122 1.57276
-0.452326 0.227789 1.01976
0.209953 0.100455 0.324763
0.0290504 0.109908 0.453082
-0.0662124 0.0652995 0.408556
-0.166371 0.12725 0.54353
0.0462292 0.0823159 0.535166
-0.140111 0.113365 0.392991
0.212772 0.0445028 0.319019
-0.572465 0.31512 1.6416
-0.434701 0.261482 1.11905
0.219733 0.0529144 0.345143
-0.29075 0.166983 0.590386
-0.00443208 0.0572096 0.380719
-0.267431 0.216281 1.36013
-0.3322 0.145049 0.557486
-0.0222462 0.149994 0.432522
-0.0620611 0.0638345 0.392608
0.0413017 0.0436095 0.431481
-0.317393 0.193247 0.703612
0.0126057 0.0748481 0.503442
-0.0387595 0.13422 0.401775
-0.0806246 0.07137 0.386056
-0.120789 0.121594 0.366149
-0.200263 0.139857 0.475494
0.00592355 0.150984 0.448292
0.0634597 0.129781 0.412954
0.139828 0.0840795 0.36747
0.0451973 0.0999316 0.447211
0.0456112 0.159755 0.471849
0.145457 0.0725139 0.37356
0.0444782 0.0866886 0.429523
0.0717794 0.13428 0.433325
-0.08508 0.113214 0.39666
-0.0606354 0.0900875 0.379633
0.0249088 0.0552668 0.295547
0.111383 0.144184 0.457167
0.194286 0.128794 0.39305
0.0335903 0.166693 0.511209
0.158509 0.0669327 0.344243
-0.0824043 0.103809 0.381085
-0.0326011 0.0694063 0.396873
-0.0895739 0.0807639 0.391802
0.0380279 0.0413753 0.402855
-0.124417 0.109949 0.323341
-0.0538572 0.0855849 0.364321
-0.123482 0.10864 0.319586
-0.0792962 0.0706212 0.382276
0.206351 0.0940614 0.32127
0.0486499 0.114558 0.466915
0.0369662 0.1171 0.477179
-0.000752432 0.097086 0.404118
-0.0201956 0.146037 0.422276
0.196388 0.0534312 0.314935
-0.0314906 0.0692375 0.394579
0.0422018 0.04292 0.419274
-0.0670022 0.0743224 0.385132
-0.0667946 0.0792949 0.377761
0.153779 0.102934 0.324674
-0.202542 0.153988 0.531584
-0.645404 0.225301 1.53828
-0.247014 0.165134 0.578093
-0.31104 0.168362 0.788214
-0.614172 0.217601 1.47086
-0.223023 -0.076227 0.822035
-0.0509518 0.0768064 0.342479
0.0424179 0.0993367 0.419338
0.944845 -0.365833 1.52119
0.0975866 0.139585 0.400821
0.0231003 0.0913089 0.395746
0.162933 0.0693452 0.384048
0.031016 0.085111 0.416238
0.00295525 0.102221 0.375564
0.102839 0.0802105 0.410371
0.119044 0.128136 0.338276
-0.0882622 0.115038 0.414114
0.222268 0.124864 0.302986
0.0457099 0.132569 0.332668
0.141969 0.143598 0.343816
0.546494 0.025845 0.911403
0.203844 0.120783 0.298704
0.182996 0.0796962 0.250855
0.0947364 0.214009 0.489763
0.0765174 0.15612 0.357891
0.195208 0.128996 0.377673
0.0693444 0.143361 0.367974
-0.495946 0.175766 1.75885
0.023397 0.0364495 1.23406
-0.03445 0.123257 0.36964
0.482592 0.042154 0.808669
-0.0550338 0.0831057 0.39091
0.737612 -0.0937013 1.63212
0.137251 0.0754168 0.402588
-0.213653 0.175522 0.621485
0.118168 0.0823761 0.40781
-0.0661556 0.0964364 0.407261
-0.237299 0.158353 0.716099
0.891753 -0.271074 1.58825
-0.0683908 0.0937548 0.386538
0.01753 0.0751789 0.309324
0.031535 0.111862 0.447712
0.140364 0.0854804 0.387138
0.0116699 0.0934183 0.41757
-0.556441 0.282513 1.24219
-0.227223 0.158895 0.53632
1.61966 -0.517339 2.65037
-1.45938 0.770726 3.24184
-0.0741957 0.0766472 0.371966
-0.0884162 0.135274 0.399745
0.00140117 0.0676584 0.427914
-0.486925 0.26711 1.21858
-0.620321 -0.0222976 1.4487
0.14161 0.0910409 0.401015
0.0430997 0.0986037 0.424626
-0.428403 0.168147 1.50661
1.04934 -0.26132 1.91049
-0.174253 0.142811 0.586081
0.0234503 0.0867102 0.38895
-0.264114 0.161834 0.575838
-0.460855 0.251802 1.44964
-0.5603 -0.0400592 1.62183
0.170695 0.104776 0.347471
0.268 0.112157 0.372654
0.319562 0.0814288 0.466528
0.0593573 0.0405586 0.214234
0.266056 0.110228 0.36842
0.143951 0.112309 0.353481
0.232546 0.0781904 0.332495
0.0262579 0.14242 0.38131
0.21384 0.0848828 0.336339
0.141349 0.0208695 0.135499
-0.00293984 -0.121458 1.505
-0.0211015 0.148564 0.429513
-0.236842 0.181283 0.486339
-0.353658 0.158419 0.652719
0.30457 0.110356 0.528065
0.295461 0.07295 0.428006
0.495355 0.1095 0.667811
0.0583127 0.13776 0.400033
0.0506778 0.140976 0.387234
-0.720545 0.0864348 1.64195
-2.52893 -0.0429884 3.50639
-0.013667 -0.114355 0.515224
-1.09397 -0.0419638 1.97235
-0.0696831 0.0945411 0.378048
-0.056744 0.0807831 0.37243
-0.0728331 0.10315 0.384707
-0.141807 0.143013 0.773902
-0.177969 0.135679 0.508462
-0.203524 0.160587 0.528186
-0.198926 0.148079 0.551361
-0.0808683 0.0687879 0.369019
-0.159165 0.145484 0.538934
-0.515028 0.20664 1.54995
-0.296283 0.236576 0.746257
-0.199372 0.157686 0.520933
-0.170947 0.145511 0.520793
-0.17405 0.135268 0.530507
-0.0169754 0.129502 0.402246
0.181661 0.110646 0.373544
0.182401 0.127299 0.343468
0.122298 0.103093 0.277652
0.184208 0.108176 0.267458
0.137628 0.106555 0.335665
0.0618156 0.144087 0.419103
0.0548324 0.126807 0.440165
-0.0213824 0.142848 0.443348
-0.401541 -0.446022 1.6636
0.172547 0.0604412 0.36309
-0.659013 0.0868354 1.52851
0.471461 -0.338323 1.6391
-0.524859 0.255559 1.44649
-0.44941 0.174998 1.48491
-0.517346 0.200737 1.55114
0.486814 0.0648484 0.834633
0.749352 -0.240504 1.90185
0.58643 -0.549592 1.46672
-0.0019682 -0.181489 1.51852
-0.00631549 0.0580766 0.405993
0.0329844 0.0623627 0.394772
0.581227 0.0328605 0.719819
0.588915 0.0861356 0.730175
0.758962 -0.390389 0.823416
0.929339 -0.102782 1.64134
0.0215142 0.0671624 0.560602
0.650622 0.0810218 0.646136
0.0269449 0.0471984 0.459818
-0.0989416 0.0979761 0.67776
0.152639 0.0691273 0.380944
-0.292615 0.0952529 1.3974
0.724241 -0.383872 0.847088
0.938542 -0.44588 1.06295
0.199178 0.0785559 0.303538
0.451496 0.206276 0.515108
-0.102976 0.0819052 0.431132
0.0988263 0.13779 0.35367
0.143585 0.100418 0.280846
0.247435 0.0824575 0.353891
-0.00138332 0.149601 0.438092
0.0240779 0.154376 0.411434
-0.0547439 0.0832136 0.39058
-0.0744194 0.0684097 0.388907
-0.0712727 0.136462 0.33088
-0.0742339 -0.0408086 1.29719
-0.0971663 0.13956 1.21535
0.989722 -0.454515 1.63922
0.683528 -0.16192 1.68097
0.855593 -0.546924 1.5843
1.10345 -0.487229 1.17236
0.702173 0.0904405 0.708408
0.648109 0.00614212 0.769756
0.499697 0.0486507 0.826911
0.579089 -0.542933 1.46055
-0.173534 0.175444 1.43521
0.82202 -0.258932 0.924505
-0.422593 0.164547 1.49309
-0.521351 0.200647 1.57225
0.736289 -0.410333 0.775366
-0.0600982 -0.0329429 1.24674
-0.387102 0.146081 1.42915
0.300654 0.247844 2.36492
0.90663 -0.38334 1.69435
0.719233 0.12563 1.68936
1.06742 -0.197526 1.66138
0.878411 -0.393255 0.972261
1.10788 -0.365401 1.3957
-0.371015 0.217291 1.51345
0.0118227 0.090429 0.414082
0.0400399 0.0651864 0.409826
0.65545 -0.00256777 0.788312
0.00174198 0.0791681 0.400462
0.616345 -0.00345981 0.774501
0.322248 0.0812368 0.474224
0.57641 -0.18149 0.769194
0.620596 0.0300649 0.779927
0.648417 0.0806548 0.643788
0.698641 -0.375223 1.67751
0.791525 -0.145775 1.49429
0.548405 -0.503368 1.32878
0.577231 -0.178105 0.765698
-0.0681088 -0.0369149 1.29605
0.752624 -0.113044 1.6721
-0.466672 0.214991 1.41204
0.1683 0.118979 0.24627
0.18245 0.139864 0.329854
0.113385 0.119388 0.423233
0.175843 0.119552 0.284627
-0.0754043 0.0698054 0.390295
-0.0183356 0.165348 0.42929
0.0168094 0.109562 0.53413
-0.0892227 0.104344 0.411381
0.17957 0.122351 0.324416
0.00534649 0.157075 0.466137
-0.0759312 0.104639 0.381509
0.173421 0.128531 0.360921
0.0213505 0.156857 0.457422
0.0729829 0.137257 0.430806
0.163644 0.069337 0.384809
0.591174 -0.525611 1.36867
-0.199408 0.16309 1.27036
0.909206 -0.579059 1.67704
0.279145 -0.353597 2.35487
-0.0365317 0.0635837 0.35203
0.473876 0.0374861 0.804298
0.655593 0.00234409 0.776373
-0.468443 0.243303 1.42429
-0.0481748 0.0702936 0.38722
0.643072 0.0885789 0.774339
0.00599667 0.0692964 0.402643
0.0414095 0.0528891 0.407486
0.0408387 0.0784615 0.489311
-0.0291894 0.164233 0.775757
0.186334 0.134305 0.303927
-0.05463 0.154788 0.292474
0.344718 0.189305 0.429411
0.250131 0.109951 0.348303
0.19401 0.113005 0.258646
-0.117229 0.158158 0.445066
-0.0672512 0.0783871 0.369207
-0.0798528 0.0920677 0.375641
0.2116 0.127866 0.35619
-0.0897933 0.125877 0.407553
0.0468998 0.0229886 0.215314
-0.398484 0.164328 1.46921
0.126201 0.0936469 0.259355
0.0625751 0.147205 0.419038
0.168524 0.073305 0.352551
0.100759 0.122524 0.43815
0.795403 -0.272729 1.65592
0.238623 0.0729791 0.335447
-0.0613066 0.143931 0.415998
0.0422987 0.0529218 0.398126
0.00238425 0.0770295 0.504023
-0.000222038 0.166074 0.439925
0.0366296 0.0763514 0.317063
0.109416 0.165727 0.478326
-0.0576334 0.137533 0.397155
0.0447678 0.165423 0.491235
0.757565 0.0744368 0.708984
-0.083839 0.119983 0.388046
0.185045 0.123788 0.356676
-0.00697404 0.0763712 0.416101
-0.0157434 0.0911223 0.398521
0.060152 0.12366 0.395171
-0.161444 0.188758 0.547522
0.256078 0.0786846 0.361455
0.0937037 0.173586 0.452079
0.160636 0.10853 0.342431
0.230065 0.101762 0.319258
-0.129683 0.142971 1.388
0.299829 0.165744 0.633256
-0.0342123 0.171855 0.370754
0.170065 0.143847 0.324644
0.661036 -0.479056 1.99641
-0.541381 0.373047 1.56099
-0.46574 0.248605 1.43966
-0.710266 0.141877 1.57231
-0.500229 0.354518 1.52307
-0.370359 0.272211 1.19261
0.499907 -0.0585778 1.01087
-0.716521 0.171014 1.57769
0.00577498 -0.174456 1.14503
0.818845 -0.0568302 1.58731
-0.0697432 0.0653197 0.368179
-0.0657158 0.0747799 0.369618
-0.207678 0.195573 0.513425
-0.780391 -0.0279439 1.42953
0.110368 0.133152 0.415801
-0.0663539 0.0916844 0.37876
0.0260438 0.0547035 0.397319
-0.0811472 0.0709397 0.421178
-0.00694082 0.0700043 0.416332
0.172534 0.070775 0.367463
1.0441 -0.347603 1.32314
0.0403273 0.0688244 0.401432
-0.090171 0.0664561 0.39138
0.0345702 0.0730011 0.767718
0.733142 -0.426547 0.870719
0.618877 -0.00687311 0.779026
0.576971 0.0335318 0.7183
0.459884 -0.25383 0.472282
0.451336 0.207442 0.518386
0.214177 0.133014 0.326863
-0.889611 -0.037366 1.64141
-0.492456 0.368898 1.55057
-0.0791457 0.0713718 0.367881
-0.0789418 0.0715166 0.367698
-0.200257 0.131694 0.492348
-0.0794466 0.0722347 0.369277
-0.325042 0.167931 1.17605
-0.277318 0.182733 1.35067
-0.18049 0.232073 1.28749
-0.408539 0.300548 1.30573
-0.174927 0.182228 1.45071
-0.148847 0.240782 1.33037
-0.0353826 0.268775 1.2961
-0.272365 0.313107 1.4786
0.781026 -0.146983 1.26016
-0.171165 0.145767 0.521865
-0.171015 0.145673 0.522365
-0.852623 -0.124343 1.57939
-0.505901 0.2686 1.74552
-0.656566 0.157407 1.53882
-1.06882 -0.0397657 1.92448
-0.20409 0.155166 0.533663
-0.203271 0.150665 0.542149
-0.773884 -0.117649 1.45218
-0.980908 0.263962 1.53181
-1.00326 0.266495 1.56961
-0.838516 -0.0354575 1.55255
-0.202871 0.156678 0.526291
-0.238816 0.172647 0.541901
-0.192039 0.154299 0.532537
0.00260246 0.0624234 0.402635
0.708265 -0.164119 1.724
-0.570459 0.280001 1.57092
-0.485919 0.185865 1.56366
-0.171324 0.176819 1.40574
-0.255579 0.097405 1.34243
-0.077014 0.140078 0.385761
-0.576797 0.286269 1.76547
-0.225965 0.15767 0.534847
-0.199617 0.147236 0.548612
-0.652989 -0.0250841 1.49103
-0.174421 0.299214 1.29407
-0.174438 0.177654 1.39602
-0.176502 0.0583082 0.615674
-0.0918248 0.186104 1.39679
-0.319612 0.194175 0.689876
-0.161803 0.179473 0.809179
-0.213919 0.147411 0.514282
-0.368938 0.211357 0.821239
-0.193493 0.142242 0.537156
-0.174704 0.110813 0.497615
-0.297502 0.167343 0.69255
-0.163041 0.101836 0.472752
-0.158778 0.098653 0.465101
-0.239075 0.144197 0.536272
-0.246247 0.193607 0.492741
-0.267249 0.204414 0.548846
0.339489 0.228296 2.62384
0.152175 0.134398 0.287879
0.170853 0.120458 0.253306
0.0038651 0.045735 0.350154
0.787476 0.0769108 0.741794
0.119748 0.114778 0.280109
0.0736167 0.088362 0.188052
0.152949 0.145029 0.310533
0.256519 0.162871 0.348858
-0.0509197 0.157255 0.40145
-0.0902324 0.173332 0.444335
0.143852 0.11967 0.292793
-0.587829 -0.0159381 1.38394
1.06658 -0.34745 1.33919
1.0002 -0.312758 1.13568
0.0433628 0.0549408 0.413894
0.272661 0.0230841 2.3355
0.698509 -0.371526 0.785561
1.42244 -0.603948 2.85268
1.83589 -0.373803 3.70164
0.753751 -0.417564 0.790053
-0.404084 0.167553 1.49034
0.845139 -0.0866881 1.64824
0.328882 -0.169183 2.3348
0.818137 -0.0881302 1.59764
0.22642 0.188149 2.1992
0.840559 -0.0650653 1.5107
0.462661 0.0451933 2.33385
0.0907589 0.0215056 2.32737
0.00861263 0.0784939 0.395704
0.683911 -0.313995 1.11006
1.11135 -0.516538 1.17669
0.0931907 0.0763862 0.406613
0.57339 0.120811 0.728027
0.978649 -0.3194 1.22751
0.703113 -0.442749 2.03032
-0.417219 0.162161 1.4767
0.682948 -0.496304 2.06749
0.586869 -0.499774 1.7345
-0.433517 0.131521 1.38979
0.814032 -0.338457 2.22666
-0.256863 0.280784 1.15034
-0.0795925 0.172491 1.31027
-0.379392 0.227336 1.53108
-0.71448 0.165219 1.62749
-0.770714 0.0993993 1.63144
-0.18092 0.166691 1.26709
0.763812 0.138803 1.96096
1.17572 -0.0115225 1.47215
-0.185285 0.267144 1.41641
-0.104807 0.123866 0.936747
-0.0549218 0.106561 1.32358
0.037969 0.0415216 0.398063
-0.0878067 0.114387 0.418282
-0.00169281 0.0905547 0.428428
0.0322178 0.0704382 0.394846
-0.0167135 0.0926275 0.404614
0.111909 0.0797038 0.395498
-0.0819345 0.0842256 0.575692
-0.230748 0.158839 0.541206
-0.562149 0.214743 1.36737
-0.482766 0.222872 1.40332
0.77311 -0.127619 1.67411
1.09207 -0.325671 1.90202
-0.205094 0.258324 1.61765
0.693469 -0.500304 2.09277
0.16074 0.0676821 0.350908
0.954051 -0.362951 1.53503
0.024972 0.0624573 0.399623
-0.000121619 0.0672399 0.394182
-0.0796428 0.0830403 0.382118
-0.0387288 0.0885815 0.354555
0.0170019 0.125678 0.366648
-0.0449549 0.0694399 0.320865
0.19404 0.12166 0.382338
0.248443 0.13204 0.384223
-0.0644809 0.0881637 0.360392
-0.0684581 -0.0443942 0.396675
0.0382167 0.0517803 0.406433
0.369283 0.134441 0.629459
0.541002 0.0303858 0.688303
0.592145 -0.534439 1.6952
0.998859 -0.455181 1.65163
0.619464 -0.00204922 0.737261
0.432753 -0.405239 1.08627
0.0728742 0.000573913 0.468036
-0.0123456 -0.0462124 0.327241
-0.102098 0.171978 1.03191
-0.192357 0.40481 1.92738
-0.715754 0.17295 1.57493
0.707639 0.151279 1.70812
-0.693716 0.157496 1.57716
-0.667156 -0.0264546 1.55655
-0.735118 0.156362 1.65226
-0.327417 0.207925 0.531423
-0.273364 0.189655 0.494642
1.02456 -0.376703 1.87034
-0.142854 0.134001 1.25047
-0.0758812 -0.17777 0.557449
0.308392 -0.259161 2.26812
0.494481 -0.390431 1.09949
-0.4446 0.16458 1.3919
0.757373 -0.119954 1.62448
0.273168 0.236144 2.22101
0.78884 0.205385 2.48619
0.679676 -0.189552 1.67319
0.566572 0.0977703 0.754217
-0.277012 0.316523 1.49719
0.259189 -0.142985 1.94258
-0.125195 0.275194 1.33927
-0.078204 0.246035 1.21497
-0.83913 -0.122705 1.5513
-0.256001 0.155291 0.758574
-0.551587 -0.0279455 1.56051
0.888803 -0.117456 1.70821
-0.120344 0.208277 1.37687
-0.0306067 -0.115282 0.274715
0.844467 -0.316777 1.56723
-0.0914355 -0.328047 0.800979
-0.0484686 0.136495 1.01569
-0.0917289 0.069083 1.23053
0.974895 -0.375983 1.56345
0.130041 0.463063 2.29451
0.049836 0.128353 1.25523
0.460879 -0.165284 1.021
-0.0719346 0.239894 1.21601
1.02604 -0.291386 1.8082
-0.0967983 0.077094 0.408878
-0.0965851 0.148982 0.364129
0.867009 -0.0615857 1.66258
-0.0749229 0.0685661 0.51795
-0.0377908 0.0720187 0.403512
0.143942 0.245541 2.19718
-0.720839 0.255304 1.63163
-0.276567 0.0898353 1.39764
1.22478 -0.41227 2.30073
1.20352 -0.548854 1.34513
-0.17505 0.227608 1.26799
-0.0548698 0.28365 1.35602
0.816849 -0.353076 1.69018
0.913702 -0.437752 1.04937
-0.0593166 0.138661 1.07301
-0.066653 0.179473 1.30145
0.0378936 0.127994 1.27648
-0.0222886 -0.000352697 0.300046
-0.28697 0.229548 1.44115
-0.0525283 0.108879 1.21164
-0.281953 0.145607 1.46287
0.595749 0.0850995 0.719926
0.181211 -0.334269 1.46046
0.515928 -0.189974 1.5003
0.262113 0.233673 2.16972
0.221278 0.049977 2.39591
-0.0602666 0.0619289 0.394638
0.0653192 0.147866 1.41494
-0.0497196 -0.087925 0.258058
0.251473 0.205864 1.95416
0.223198 -0.224508 1.86609
0.594945 -0.185468 0.792696
0.612889 -0.0116108 0.770055
0.655122 -0.00625083 0.767605
0.0315088 0.00540301 0.2682
0.960511 -0.172685 1.49275
-0.183709 0.170437 1.29022
0.734314 -0.396828 2.50577
0.505616 0.194386 2.14333
-0.0694977 -0.0266617 1.26418
0.960874 -0.319778 1.95156
-0.0521148 -0.0297202 1.24739
-0.183686 0.177211 1.30178
0.828957 -0.395553 0.969454
-0.00921935 -0.145095 1.29408
-0.767027 -0.0603999 1.81381
-0.0328358 -0.228551 1.11727
-0.0493773 0.162144 1.65611
-0.561485 -0.0322782 1.60398
0.587741 -0.490345 1.71433
-0.0190591 -0.178183 1.14085
-0.0561166 0.160674 0.918927
-0.45187 0.21269 1.408
0.429284 -0.271468 1.91936
0.239193 0.255513 2.34349
-0.376292 0.158834 1.21537
0.24657 0.243173 2.29628
-0.443766 0.239145 1.37811
0.589809 0.127481 0.923308
0.714088 0.135105 1.69402
0.644918 -0.00280529 0.77929
0.00495898 -0.149279 1.50508
-0.0142889 -0.0172741 0.262588
-0.00162592 -0.0323679 0.283887
-0.0120915 -0.0160254 0.254917
-0.0184749 0.169358 0.441633
0.489111 -0.13137 1.04141
0.349179 0.193309 0.436675
0.318766 0.176628 0.39606
0.132084 0.0901409 0.189851
-0.533384 0.191739 1.66052
0.147662 0.148254 0.362096
0.293672 0.0588305 0.442056
0.181237 0.145601 0.306284
0.0752814 0.1521 0.346921
-0.0557521 0.0844856 0.394159
0.114478 0.115529 0.246135
0.172058 0.122409 0.279197
0.454086 0.310591 0.85622
0.191285 0.143912 0.311987
0.175152 0.129736 0.281117
0.204768 0.11864 0.282895
0.249258 0.204002 0.569777
-0.0741734 0.165217 0.390408
0.14393 0.134174 0.300797
0.0411039 0.115297 0.246951
-0.00101519 0.164259 0.435555
0.221771 0.115511 0.331666
0.0687396 0.142255 0.366285
0.11188 0.143939 0.542446
-0.436088 0.201711 1.311
0.0156371 0.161471 0.471736
0.0973474 0.139241 0.373726
-0.0515417 0.0724355 0.395398
0.0563947 -0.00476333 0.0573097
0.661757 0.00594079 0.636947
0.215039 0.123368 0.292047
0.645597 -0.0684522 0.821038
0.659426 0.0139043 0.72139
0.492134 0.111502 0.814135
0.687922 -0.337919 1.99793
-0.154796 0.123599 0.502745
-0.18061 0.151989 0.548126
0.0304795 0.0852494 0.412418
-0.351589 0.152653 0.593586
0.129911 0.0721552 0.376404
0.600709 -0.547683 1.73315
0.784491 -0.270278 1.63261
-0.228511 0.160056 0.539616
-0.0396345 0.153165 0.420173
0.131678 0.0721977 0.381266
0.810931 -0.250131 0.987863
0.192181 0.112854 0.27942
-0.421602 0.162077 1.30604
-0.0398671 0.0849434 0.387891
0.575212 0.0347633 0.737454
0.147851 0.122997 0.301003
0.16965 0.0789054 0.33601
0.137978 0.12761 0.351162
-0.0396706 0.0837017 0.333785
0.0354838 0.0611693 0.410031
0.0467034 0.0988464 0.390496
0.173114 0.126947 0.32596
-0.0749003 0.137532 0.378801
-0.0733904 0.109987 0.380396
0.208758 0.118961 0.282871
0.226984 0.0882193 0.362357
-0.0282867 0.116141 0.509824
0.255271 0.0850077 0.363765
-0.0554276 0.0789594 0.611329
0.375721 -0.0427019 0.695995
-0.0570657 0.137883 0.396315
-0.0573612 0.0707986 0.376542
0.177698 0.0756566 0.39306
0.462883 0.0014136 0.44798
0.348294 0.110889 0.60971
-0.0583839 0.0875658 0.383262
0.598383 0.0853695 0.745748
-0.0839831 0.107143 0.386875
0.00155667 -0.0799563 0.495348
0.0238578 0.137521 0.360544
0.180532 0.127066 0.341414
0.162362 0.0242096 0.166519
-0.0646836 0.100032 0.387353
0.0219352 0.0821105 0.884258
0.0381921 0.14862 0.333699
0.161955 0.141158 0.345256
0.803589 -0.119591 1.64942
0.165748 0.116645 0.243089
0.158493 0.149557 0.336384
-0.275833 0.367165 1.51702
0.155181 0.144305 0.326227
0.706309 0.107739 1.70635
0.814159 -0.260431 1.67423
-0.0830467 -0.0368638 0.491507
-0.132739 0.184477 0.537398
-0.0532672 0.0614784 0.39511
0.0254182 0.164716 0.344302
0.158341 0.0995075 0.231253
0.156408 0.117579 0.291411
-0.010676 0.0552329 0.416301
0.574843 0.0347123 0.807303
0.0553367 0.244425 1.2761
-0.306776 0.100513 1.45527
-0.00706053 -0.0130143 0.260605
0.0013228 -0.0132393 0.251264
0.783565 -0.0315707 1.03697
0.103472 -0.0850898 0.759136
-0.190734 0.240091 1.32414
0.51433 0.0529695 0.838968
0.779555 -0.148782 1.42015
1.19292 -0.401757 2.22005
0.78519 -0.130009 1.61916
0.930535 -0.0694369 1.61353
1.00383 -0.354933 1.78867
-0.186998 0.33479 1.31567
0.911588 -0.169125 1.43702
1.1724 -0.336846 2.02982
0.00778924 0.0801269 0.395774
-0.289763 0.0866351 1.40851
-0.64175 0.164617 1.45685
-0.71639 0.103037 1.62364
0.93264 -0.0582842 1.71632
-0.668799 0.0969015 1.53708
-0.442682 0.189379 1.40889
0.757109 0.107834 1.89838
1.43267 -0.463467 2.34956
1.65065 -0.689245 3.12614
-0.341777 -0.296571 1.23555
0.344982 -0.0118394 2.30882
-0.165864 0.131872 1.28787
-0.0648939 -0.0553739 2.20934
-0.0336115 0.465403 2.09703
-0.535793 0.279988 2.57218
0.863375 -0.193301 1.55495
0.510479 -0.296879 3.42127
-0.243741 1.81263 8.32142
-0.0956258 0.785381 3.29969
-0.135239 0.237349 1.76553
0.908847 -0.101394 1.59356
0.946651 -0.102564 1.77983
0.408173 0.480836 1.96016
0.672495 -0.192024 1.64994
0.594803 0.415145 1.75646
0.861318 -0.274566 1.71541
-0.0663678 0.0791193 1.25381
-0.319773 0.512096 2.35348
0.0865978 0.1789 1.67937
-0.293527 0.166721 1.53681
1.27445 -0.385767 2.18165
0.869319 -0.301039 1.77687
0.662519 0.452813 1.92154
-0.298348 0.300972 2.79752
-0.232868 0.251591 2.83243
0.0647263 0.525149 2.2128
-0.0713131 0.731923 3.04221
-0.134379 0.394677 2.68342
0.50909 -0.734925 3.18976
-0.119611 0.504503 2.22139
-0.45604 0.790702 3.35911
-0.400303 0.577884 2.91606
-0.058071 0.165047 1.68969
-0.0249052 -0.21996 1.16003
-0.110572 0.193408 1.11449
0.677971 -0.519672 1.46868
-0.06072 0.145555 1.25639
-0.0578218 0.277452 1.34369
1.68451 -0.531401 3.04338
-0.0403907 -0.331896 1.32435
0.583331 -0.184109 0.776773
0.634434 0.00808935 0.755006
1.59102 -0.00349909 1.57472
0.159015 0.279782 2.50853
1.61418 -0.505478 2.93538
0.806675 -0.245505 1.45164
0.805837 -0.300744 1.65114
-0.0536244 0.135852 1.35249
0.843989 -0.125301 1.7201
0.536063 -0.0382283 0.716293
-0.079573 -0.04122 1.97009
1.32169 -0.087542 1.43607
0.825976 -0.0595934 1.58048
-0.0829438 0.0725705 0.379167
-0.693409 0.165499 1.52831
-0.637932 0.0819715 1.48853
0.167827 0.0737037 0.236224
0.227989 0.112168 0.35409
0.136102 0.149567 0.396769
0.0375874 0.142161 0.362843
0.0254984 0.015787 0.348636
0.0697189 0.018567 0.0867077
-0.0531951 0.0772802 0.392123
0.122922 0.110863 0.24687
0.0307566 0.00419452 0.0315594
0.817017 -0.0574401 1.56232
0.067606 0.141638 0.396591
0.000921263 0.0589652 0.416802
-0.0635362 0.075697 0.405154
0.565521 0.171141 0.669816
0.147654 0.122802 0.301737
0.203769 0.0957735 0.298801
0.191103 0.129218 0.310449
0.178978 0.113741 0.276556
0.256301 0.127743 0.399339
0.181827 0.120157 0.322174
0.193372 0.136285 0.367065
0.0640173 0.116852 0.250832
0.179024 0.113719 0.265282
0.207768 0.0960781 0.479558
0.101426 0.125664 0.468202
0.0298778 0.059793 0.386039
-0.0507298 0.0728834 0.398139
-0.00235067 0.0492342 0.36868
0.404119 0.184027 0.460531
0.000486921 0.0518921 0.406606
0.178577 0.137146 0.339997
0.195195 0.0533253 0.313736
-0.0298383 0.132013 0.375104
-0.00412707 0.0830643 0.424853
0.622663 -0.0951191 1.38047
-0.0328032 0.0703491 0.400367
0.124589 0.110262 0.301944
0.222871 0.109403 0.341068
-0.00145634 -0.198285 1.75895
-0.0333911 0.0954025 0.402599
-0.547703 0.252058 1.51948
-0.535715 0.247152 1.48637
-0.134719 0.0981055 1.26417
-0.477971 0.2039 1.4158
0.812964 -0.0103988 1.09333
-0.0178411 0.0122667 0.337364
0.0313437 0.138344 0.340324
0.111717 0.121268 0.332595
0.115438 0.0798139 0.396703
0.122118 0.0929054 0.38256
0.0460999 0.159444 0.470472
0.0206041 0.100346 0.400911
-0.0743127 0.202086 0.558428
0.204007 0.0416742 0.311008
0.209441 0.0776143 0.331972
0.123292 0.0849332 0.371849
0.21541 0.10183 0.317416
0.062775 0.148799 0.369414
0.21946 0.0970846 0.302575
0.114105 0.0805829 0.405407
0.137758 0.101658 0.317838
0.212697 0.079999 0.314693
0.121586 0.0963915 0.389443
-0.165565 0.149827 0.545562
-0.0679584 0.0940512 0.387768
0.331362 0.0623446 0.397646
0.208125 0.126957 0.354635
0.203507 0.0996454 0.311802
0.0562124 0.127931 0.311637
0.0284978 0.000448761 0.0125025
0.049775 0.0769124 0.413434
0.0550077 0.128532 0.431098
0.150322 0.109795 0.345891
0.197877 0.0688815 0.322454
-0.489219 0.175728 1.54996
0.231472 0.135573 0.325232
0.219663 0.136357 0.380867
0.16586 0.0703759 0.391635
0.143061 -0.0334759 0.172005
0.183881 0.13661 0.304532
-0.114882 0.160853 0.467165
-0.0239515 0.154697 0.440006
-0.0814089 0.0764187 0.365064
0.12027 0.0885871 0.20095
-0.0993359 0.153651 0.372498
0.1982 0.14681 0.329404
-0.085833 0.163898 0.426153
-0.0730404 0.158799 0.360393
0.0948362 0.118794 0.264028
0.185368 0.130597 0.273561
0.195155 0.111105 0.264172
-0.0791104 0.0912795 0.369676
-0.0886215 0.152436 0.343121
0.00183034 0.11463 0.40584
0.00600102 0.10959 0.41889
-0.0764825 0.138819 0.384806
0.0178859 0.094829 0.365461
0.0304488 0.112767 0.422074
0.0353713 0.0944945 0.415159
0.0295416 0.10933 0.406156
0.111977 0.0787411 0.388557
0.0245972 0.141798 0.369659
0.109728 0.0927315 0.426207
0.11317 0.0785842 0.386938
0.113898 0.0793874 0.392582
0.0564729 0.128907 0.447117
0.0171682 0.0978246 0.392382
0.13247 0.124411 0.309186
0.158388 0.12086 0.296469
0.232331 0.0824298 0.333842
0.121984 0.117617 0.367861
0.0225749 0.16472 0.481755
0.0372773 0.152218 0.400727
0.0429633 0.0625453 0.409683
0.62534 0.221071 0.72713
0.0762983 0.143883 0.389351
0.442196 0.00652232 0.416352
0.693157 0.00814287 0.660214
0.038812 0.139242 0.356628
-0.00835972 0.165516 0.438538
0.187526 0.125955 0.3002
0.19916 0.110976 0.267612
0.00351736 0.080862 0.389239
0.109773 0.136503 0.382098
-0.0202805 0.154926 0.429824
0.0824125 0.142938 0.369044
0.126949 0.113925 0.308108
0.493834 0.104408 0.815379
0.208608 0.0700599 0.227131
-0.00835835 0.139067 0.347923
-0.00419372 0.14823 0.439601
0.200027 0.0796586 0.307445
0.0862319 0.1419 0.353061
0.214309 0.0769339 0.303643
0.15272 0.155423 0.375355
-0.025767 0.157447 0.487102
0.610069 0.181296 0.725651
-0.123336 -0.076513 0.647843
-0.00574732 0.170191 0.545896
0.727552 -0.098689 1.61981
0.019938 0.0105993 0.0363209
0.721238 -0.127053 1.49075
0.0613261 0.141491 0.413599
-0.0303967 0.134068 0.379914
0.0254603 0.150699 0.401366
0.0574429 0.122895 0.387156
0.0952837 0.10841 0.340978
0.100489 0.144609 0.390047
0.327786 0.118362 0.574077
0.186612 0.12474 0.360114
0.00776994 0.0760864 0.365712
0.0656772 0.15749 0.40366
-0.0709444 0.09503 0.381517
0.0558991 0.131087 0.446884
0.134449 0.206403 0.673151
0.19854 0.119728 0.334136
-0.00395354 0.158048 0.441315
0.50535 0.209732 2.25934
0.491478 0.0888823 0.67543
1.50176 -0.378405 2.589
0.920561 -0.0659074 1.75203
-0.0567967 -0.334239 0.796961
-0.493116 -0.0335956 1.42968
-0.19962 0.164179 1.27681
-0.175069 0.200553 1.22014
-0.059428 0.090531 0.413885
0.032857 0.0606222 0.401283
-0.126979 0.201844 1.35674
-0.161119 0.246546 1.3417
0.890481 -0.0622728 1.6983
1.15846 0.105123 1.65977
0.0521977 0.491336 2.18015
0.719466 -0.247202 1.98298
0.037601 0.363886 1.67418
0.876799 -0.101314 1.69595
0.79009 0.0449387 1.18772
0.98715 -0.301065 1.95895
0.384133 0.0249913 2.26633
1.14525 -0.476332 2.035
-0.0349544 0.30543 1.32531
-0.210925 0.295164 1.36501
1.44998 -0.0588709 1.77072
-0.169136 0.245022 1.22999
-0.0685694 0.257071 1.35187
-0.0356762 0.284399 1.37049
-0.0633668 0.202985 1.27542
1.09851 -0.366669 1.8888
-0.0839358 0.279515 1.35975
1.06593 0.0249001 1.57719
0.349382 -0.145836 0.719006
-0.158898 0.252092 1.37604
-0.120077 0.199686 1.32931
0.0517994 0.243233 1.28088
0.794682 -0.124299 1.69957
-0.203099 0.273761 1.33566
0.318955 0.00148462 2.09621
-0.119671 0.269654 1.31112
0.571399 0.126628 0.899012
0.837149 -0.292142 1.53257
0.707239 -0.226744 1.94417
1.24664 -0.0381666 1.51853
0.842052 -0.292728 1.53677
-0.174211 0.221454 1.24504
0.789718 -0.603522 1.65667
0.253608 0.19983 0.955127
-0.170549 0.178708 1.2173
0.635807 -0.2018 1.76627
-0.182965 0.201171 1.04847
0.303035 -0.256331 2.24899
0.951468 -0.285842 1.11111
1.10392 -0.225098 2.2936
0.874305 -0.114349 1.55891
0.215106 -0.265724 1.44045
0.873264 -0.10451 1.55381
0.937836 -0.52642 1.02901
0.571751 -0.510656 1.34208
1.17222 -0.530836 1.31527
0.578832 -0.099122 1.34704
1.19674 -0.12998 2.02093
0.771844 -0.333286 1.61151
1.17568 -0.280645 1.32777
0.422975 -0.54795 1.72427
0.559087 -0.523111 1.44184
0.45868 -0.586965 1.84162
0.596726 -0.542966 1.38286
1.1543 -0.633417 1.14867
0.299092 0.383555 5.49653
0.0451753 -0.291735 1.70542
1.24247 -0.0162821 1.32662
0.817081 -0.0564157 1.50909
0.861676 -0.21598 1.56095
0.991051 -0.182904 1.53623
-0.0775766 0.117337 0.759073
0.957844 -0.442871 1.10257
-0.0161571 -0.213083 1.29109
-0.17053 0.227984 1.24884
0.869968 -0.25561 1.7527
-0.238458 0.330189 1.4992
-0.0624441 0.199658 1.37566
-0.380972 0.421717 1.89037
-0.259665 0.189758 1.27137
-0.0382895 0.397874 1.66116
1.189 -0.32794 2.04567
1.01682 -0.204826 1.57628
-0.500925 0.0883834 1.55759
-0.175519 0.230227 1.26772
-0.176408 0.177504 1.37578
-0.405322 0.212089 1.48357
-0.372384 0.146295 1.14798
-0.77262 0.280205 1.71611
-0.682915 0.0868657 1.49287
-1.04984 -0.0424462 1.90301
0.353839 0.00720696 2.34259
0.820917 -0.138814 1.68796
0.919029 0.093216 1.39589
0.270881 0.246393 2.24566
0.655709 -0.769267 3.31326
0.668361 -0.177712 1.63745
0.272611 -0.345028 2.29852
0.248164 0.0521986 2.61526
0.299219 -0.285459 2.32556
-0.116631 0.0819014 1.29557
-0.0380005 -0.318826 1.49899
0.250754 0.0144423 2.12489
1.2189 -0.462724 2.20659
0.779898 -0.262164 0.953746
-0.078325 0.227329 1.30034
0.818683 -0.5294 1.52799
1.01458 0.0224335 1.51716
0.471234 0.0851354 2.26972
0.734772 0.0422153 1.14952
0.793508 -0.526806 1.47948
0.788381 0.121392 1.7262
1.08382 0.0925887 1.56507
0.827087 -0.535543 1.5332
0.243078 0.123158 2.13106
-0.30164 0.295825 1.41124
-0.609628 0.20431 1.45123
-0.608505 0.316891 1.35371
-0.648012 -0.0242018 1.47662
-0.224581 0.176622 0.529195
-0.12194 0.0923305 1.34935
0.679714 -0.0942521 1.37056
0.0801734 -0.212011 1.05064
1.03743 -0.497389 1.18108
0.804412 -0.293652 1.58717
0.712875 0.108809 1.77735
-0.0675239 0.188344 1.44885
0.544882 0.0460368 0.875751
0.74375 -0.345008 1.62425
0.710635 -0.391093 1.7315
0.956532 -0.226341 2.27031
0.893165 -0.566881 1.63943
0.800566 -0.357867 0.927009
0.935303 -0.431865 1.53169
-0.0753107 -0.0353402 1.3594
-0.0692294 0.145733 1.25011
1.03029 -0.00450511 1.14322
0.857992 -0.335993 1.40628
0.763891 -0.255773 0.948052
0.590484 -0.0100092 0.748711
0.796338 -0.0632175 1.42289
0.955873 -0.447957 1.11639
0.181836 -0.108768 0.867945
0.715552 -0.161191 1.76015
0.956452 -0.654344 5.0195
0.329768 -0.173499 2.31122
-0.00267654 -0.104565 1.25848
0.385638 0.0045824 2.40529
0.669855 -0.185409 0.869839
0.579755 -0.528119 1.37363
-0.063057 0.201902 1.27325
0.677009 0.00518001 0.81495
0.652751 -0.0049638 0.766068
-0.128045 0.0941815 1.40956
0.755905 -0.348079 0.890914
0.740368 0.115753 1.64641
0.0116778 -0.0210944 1.34698
-0.0532435 0.0813708 1.36835
0.575986 0.123446 2.7984
0.674939 -0.00579961 0.781384
1.09709 -0.476236 1.20286
-0.197881 0.215372 1.36739
-0.146876 -0.0792089 0.572167
-0.373939 0.116922 1.74272
-0.068027 -0.027413 1.21115
1.01792 0.10204 1.50842
1.60285 -0.0447654 1.26816
0.247249 -0.108248 0.673336
0.405138 -0.191954 0.548923
-0.499629 0.268458 1.61481
0.75872 -0.121748 1.62529
-0.463839 0.176346 1.4245
0.310685 0.0226899 1.89836
1.15199 -0.341219 1.99228
-0.124873 0.107295 1.16931
-0.0684475 0.0505203 1.01614
-0.0178798 0.0122254 0.337253
0.233145 0.00232044 0.535204
0.633582 0.0320856 0.828717
0.00702479 0.213645 1.32039
-0.206359 0.173727 1.30091
-0.00227506 -0.0149737 0.252734
0.91826 -0.330476 1.77872
1.32326 -0.597036 1.38499
1.15966 0.116907 1.6811
-0.535243 0.516046 3.45647
0.150012 0.207019 2.91579
0.282702 0.107939 2.46438
0.605835 -0.253116 1.7229
0.756154 0.132338 1.65377
-0.165116 0.169845 1.89596
-0.0636749 0.238573 1.47181
1.87123 0.445262 2.38183
-0.39575 0.25071 2.00313
-0.619468 0.92564 5.11733
1.25017 0.112989 1.69816
1.30707 0.29243 1.72978
0.850661 -0.368392 0.98277
0.346081 0.35758 1.64705
-0.125687 0.227734 1.48942
0.14133 -0.235911 1.08365
0.0512041 0.25435 1.32166
-0.0868198 0.149495 1.03638
-0.177567 0.0692778 0.943985
-0.0664188 0.210229 1.29247
-0.140666 0.138883 0.994435
0.00486306 -0.0438724 0.306744
-0.303789 -0.066759 1.0356
0.478475 0.00279471 0.62155
-0.283392 0.323315 1.29167
-0.294599 0.2524 1.43272
-0.0745473 0.228862 1.15328
-0.330772 0.357302 1.38202
-0.0310482 -0.24667 1.20872
-0.30595 0.145531 1.30814
0.524932 0.126975 1.64975
0.438373 0.0325527 2.1417
-0.410156 0.149956 1.54057
-0.307156 0.209545 1.49092
0.57028 -0.508129 1.41849
0.820297 -0.0462626 1.59896
0.561332 0.211166 2.34216
0.355904 -0.184646 2.535
-0.334246 0.196269 1.35578
-0.463941 0.219287 1.47557
0.997321 -0.447988 1.11007
1.04357 -0.209885 1.20821
0.371283 0.0348114 1.91733
0.509374 -0.326114 1.54663
0.735177 -0.387271 0.817502
0.773148 -0.119456 1.60271
-0.826651 -0.0675554 1.55715
-0.331279 -0.0113034 0.610912
-0.0782135 0.00941963 0.289482
0.0139281 0.0134329 1.16329
-0.331197 -0.012212 0.61069
-0.806252 -0.0641841 1.51644
1.09201 -0.323479 1.28198
0.111145 -0.253523 0.853791
0.190591 -0.0628196 0.595214
1.16172 -0.504147 1.26677
0.497986 -0.0621433 0.992619
1.12719 -0.211551 1.94365
0.944994 -0.34901 1.69506
1.26016 -0.286897 1.43324
0.565428 -0.14468 0.764522
-0.17457 0.179445 1.24691
-0.0660157 0.181047 1.26267
0.800831 -0.302253 1.49851
-0.168646 0.133991 1.72833
0.640224 -0.278319 1.22754
0.240682 0.0546713 1.97795
0.772847 -0.359553 0.94838
0.0566697 0.252981 1.31401
0.748774 -0.348252 1.63646
-0.153265 0.153166 1.34213
1.41492 -0.639824 1.46884
0.503623 0.205976 2.25003
0.522313 -0.0545356 1.02827
-0.0836913 0.189801 1.34206
0.698175 0.123784 1.78496
0.063245 -0.0513226 0.280184
0.0893821 -0.064735 0.513066
0.0781811 0.0183773 2.12061
0.104342 -0.0865498 0.557145
0.735581 -0.395926 1.76205
-1.00327 0.267723 1.57211
0.269484 -0.332275 2.25166
1.37066 -0.517432 2.56145
0.370302 -0.0546642 0.867572
-1.01979 0.27243 1.85248
0.391159 0.174979 1.78053
0.211169 0.369745 1.78842
0.849781 -0.137956 1.85621
0.811821 -0.351151 1.68209
-0.066032 0.197588 1.03181
-0.0652227 0.162016 1.39569
-0.393195 -0.433934 1.63428
-0.0511332 -0.0298516 1.29229
-0.132845 0.283915 1.38232
-0.357151 0.103363 1.48659
-0.330688 0.379002 1.46397
0.849941 -0.560364 1.56865
-0.38423 0.169894 1.32962
0.688418 -0.241853 1.2464
-0.0768425 0.177163 1.26995
0.502605 0.0437091 0.829389
-0.0398928 0.0796538 1.16678
-0.0123324 -0.0460441 0.325176
-0.288741 0.159877 1.49729
-0.12863 0.12479 1.37321
-0.0600129 0.139066 1.11959
-0.354794 0.358631 1.67184
-0.818397 0.0346388 1.66423
0.389792 0.184394 1.80836
-0.295958 0.19648 0.923093
-0.564665 0.201963 1.29051
-0.480906 0.315158 1.2781
0.116706 -0.179771 1.27714
-0.0197476 -0.00621749 0.221296
-0.297335 0.119186 1.47135
-0.00778895 -0.00249287 0.258649
-0.0525961 0.156302 1.06128
-0.483743 0.185108 1.44137
-0.175471 0.21364 1.37104
-0.183916 0.269451 1.31717
-0.231792 0.321503 1.45626
-0.070253 0.176186 1.09545
-0.238621 0.253193 1.51878
0.43641 0.204524 1.32665
1.08711 -0.338964 2.13769
0.842155 -0.342047 1.55561
0.0188556 0.353024 1.59585
1.15257 -0.0500526 1.45623
-0.0505745 0.320044 1.38469
0.912451 -0.132722 1.76115
0.976719 -0.102665 1.86067
0.704264 -0.287064 1.35187
0.850029 -0.277069 1.74495
0.671858 -0.050015 1.2313
0.765605 -0.308186 1.45071
0.803867 -0.278726 1.45008
1.14796 -0.537253 1.14759
-0.00470273 -0.0798412 1.06514
0.952993 0.00252508 1.02797
0.924208 0.0119552 0.990343
0.956571 -0.459709 1.10351
0.649414 -0.411762 1.26362
0.522466 -0.12704 1.04333
0.793564 -0.138852 1.63739
0.866588 -0.330212 1.54593
-0.0532118 -0.360203 1.14531
0.846871 -0.309444 1.54829
0.321584 -0.134667 0.841314
0.541755 -0.0413063 1.06988
-0.23743 0.291421 1.626
-0.0556712 -0.0420369 1.22945
0.595617 -0.459119 1.2786
0.518915 -0.462486 1.21206
0.878659 -0.327989 1.62458
0.739706 -0.574224 1.59849
0.608823 -0.409155 2.99106
-0.904267 -0.0209892 1.35105
0.707672 0.129301 1.83958
-0.00422774 -0.118012 1.37924
-0.898965 -0.0208195 1.34283
-0.114263 0.00558686 0.384945
-0.0158801 0.0119573 0.289855
-0.0612145 0.137883 1.20851
-0.0282329 -0.0212384 0.291966
-0.0662991 0.123145 1.18881
-0.00641912 -0.00871941 0.263647
-0.0711082 0.109118 1.25497
-0.135201 0.200998 0.972266
-0.256725 0.333882 1.40939
-0.353102 0.172722 1.42549
0.631647 -0.146697 1.56326
-0.358475 0.173992 1.49296
0.406029 0.113045 1.92957
0.374361 0.16664 3.0436
0.50988 0.138372 2.34099
0.965002 -0.107454 1.80061
0.394047 0.0253165 2.31459
0.0227245 0.352788 1.59883
0.0143844 -0.0197492 0.288611
-0.00312677 -0.0341951 0.306048
-0.126615 0.23323 1.2835
-0.0599397 0.208059 1.14808
-0.360591 0.180796 1.48523
-0.0881659 0.0683721 1.22556
-0.0633634 0.164561 1.22871
-0.164036 0.240116 1.19347
0.0131522 0.276243 1.2752
0.110317 -0.0991936 0.849097
-0.0224128 -0.199434 1.27408
0.108668 -0.0978791 0.841455
0.00679808 -0.0591356 0.380393
-0.278491 0.306926 1.42104
0.0354012 0.136909 0.974724
-0.0193446 0.019255 0.387222
-0.34649 0.165894 1.45615
-0.372516 -0.402732 1.53736
0.187191 -0.111148 0.896176
0.0957532 -0.0848045 0.543136
0.625868 0.034604 0.838463
-0.0249941 -0.180664 0.931578
0.0990816 -0.0860899 0.532073
0.252553 0.060293 0.802741
0.184982 -0.110125 0.884476
0.807978 0.0425354 1.22132
0.803859 -0.576913 1.32661
-0.238324 0.15097 1.20841
0.00954245 -0.0117624 0.261006
0.0278415 0.0699389 1.35552
-0.288317 0.311836 1.29632
-0.0588767 0.130815 1.27857
-0.0274716 -0.0209598 0.290401
0.540279 0.0294253 0.768538
0.697551 -0.502421 2.10699
-0.306119 0.242773 1.49813
-0.351576 0.106071 1.63975
-0.0289681 -0.0208039 0.292761
-0.0535988 -0.0430517 1.2372
0.437562 0.0303825 0.722086
0.0354249 0.0971376 0.816315
-0.0234284 -0.000340364 0.303802
0.0578242 0.181298 1.21128
0.735988 0.0502374 0.988269
-0.159465 0.148177 1.47664
0.00243161 -0.00944742 0.278764
0.223775 -0.114983 0.787488
0.115958 -0.099313 0.402896
0.0225302 -0.0027568 0.300724
0.209566 0.0874751 1.11641
0.0467066 -0.0449439 0.478734
-0.298812 0.207422 1.32893
-0.0249851 -0.213819 1.04867
0.0365627 -0.00452024 1.01534
0.904961 -0.649795 1.46739
0.68791 0.031542 0.866173
-0.182901 0.147647 1.19714
0.0888823 -0.0642688 0.4893
-0.0694184 -0.0508507 0.394918
-0.307261 -0.194423 0.989349
0.851158 -0.0128442 0.978325
0.564323 -0.483813 1.29617
0.0484788 -0.00585043 0.263118
-0.0409919 0.0595692 0.998685
0.947818 -0.562953 0.823029
-0.078153 0.162432 1.31674
1.33165 -0.0876374 1.44778
0.980448 0.0807613 1.43602
0.991112 -0.174018 1.5291
-0.0122477 -0.149275 1.21342
-0.282112 0.161337 1.47135
0.000710237 -0.0102505 0.428533
-0.174311 0.140028 1.59689
-0.318191 0.156326 1.32274
0.179645 0.0567038 2.32999
-0.288309 0.248017 1.39369
-0.0653527 -0.0448645 1.33091
-0.0280909 -0.02285 0.294071
-0.355324 -0.0790918 1.18732
0.0136658 0.080948 0.589766
-0.160113 0.124671 1.46897
-0.0581517 0.100452 1.36299
0.690796 -0.019916 0.911011
0.0567617 0.275832 1.30913
-0.306211 0.0972255 1.46972
-0.00672126 -0.0213648 0.300754
0.164569 -0.0228417 0.509951
0.555778 -0.52427 1.43582
-0.0115811 -0.00140706 0.277865
0.044462 -0.178553 1.09169
0.322323 -0.135514 2.25767
0.601075 0.0327914 0.817605
0.564381 0.0286758 0.762786
-0.307468 0.24498 1.46584
-0.121025 0.195622 1.32068
-0.0754973 0.156046 1.10639
0.111693 0.0270426 1.46479
0.0253936 0.25655 1.19513
-0.08866 0.171347 1.29857
-0.150433 0.126143 1.40047
-0.0323923 0.323992 1.37826
-0.0756276 0.149938 1.06427
-0.0723136 0.0789105 1.40961
-0.291977 0.142762 1.42446
-0.0494329 0.300602 1.32584
0.368863 0.144589 1.99119
0.744719 -0.0967255 1.66248
0.71574 -0.645471 1.61377
0.0235138 0.0331496 1.58058
-0.0366089 -0.208898 0.779968
-0.36473 0.10702 1.51878
-0.199166 0.37551 1.4281
-0.512732 0.401839 1.82728
0.00741865 -0.190444 1.22885
-0.468327 0.258589 1.66814
0.519937 0.0353068 0.792287
-0.152945 0.149393 1.64539
-0.0923277 0.19135 1.34432
-0.433799 0.238558 1.55765
0.460918 -0.241486 1.45069
-0.314372 0.23484 1.54549
0.724733 -0.0415487 1.44272
-0.0934569 0.148725 1.26494
0.0481892 -0.0400616 0.382446
-0.0354214 0.100541 1.20928
-0.217933 0.242663 1.22379
-0.0565809 0.181271 1.17448
0.834445 -0.527829 1.53829
1.18326 -0.0381881 1.45811
0.142587 -0.104431 0.470117
0.554101 0.0316924 0.78666
-0.101431 0.232034 1.70626
-0.178044 0.299574 1.30187
-0.160886 0.148036 1.40022
-0.0454712 0.0345684 0.388015
0.00298805 -0.010732 0.266368
1.24618 -0.505213 2.32013
0.0231812 0.0488233 1.26799
-0.17379 0.220514 1.2416
-0.0359161 -0.22797 0.999378
-0.155875 0.141912 1.27699
0.0306362 0.0186953 0.884036
-0.060096 0.152253 1.27776
-0.0902997 0.144919 1.22201
0.00183036 -0.013809 0.262259
0.73447 -0.0564797 1.40448
-0.0111695 -0.156512 1.43146
0.0945184 0.00552518 0.362411
0.0673743 0.0189084 1.04647
0.835312 -0.283055 1.70581
0.0297965 0.109709 1.10912
0.0449776 -0.0372651 0.369004
-0.263705 0.192995 1.28497
-0.0194915 -0.0066036 0.276214
-0.247692 0.278189 1.35877
-0.0214379 -0.113907 0.503343
0.929971 -0.0469311 1.57454
-0.697846 0.272729 3.92179
-0.458325 0.170592 2.48211
0.267482 -0.134878 0.617678
0.187411 0.213785 1.95843
0.0136728 -0.112777 0.770416
0.596306 0.0360174 0.796389
-0.0490244 -0.0402936 1.14278
-0.0138375 -0.164618 1.33674
0.0295382 0.0748277 1.39592
-0.0487572 0.264204 1.27835
0.0512309 0.0777414 1.10115
-0.306638 0.144832 1.49366
-0.654224 -0.0224385 1.49049
-0.747267 0.0999458 1.31971
-0.273261 0.354144 1.4835
-0.0243587 -0.243309 1.52357
-0.476342 0.333941 1.45791
-0.42904 0.0460779 0.801358
-0.982287 0.00589585 1.16943
-0.557018 0.274981 1.23561
-0.549278 0.141229 1.09584
-0.482489 0.341775 1.46818
-0.50994 0.335493 1.34785
-0.921728 0.00525487 1.10279
0.118603 -0.181985 1.29137
-0.678987 0.0966688 1.55248
-0.251213 0.138703 1.3156
-0.154406 0.118229 1.43053
-1.07083 0.280536 1.92497
-0.46288 0.215023 1.49843
-0.0532164 0.140222 1.30412
0.827371 -0.498626 3.17884
-0.961019 0.20961 1.68319
-0.0146238 0.00358819 0.33943
-0.440826 0.208382 1.41155
-0.702255 -0.0388194 1.65546
-0.0804216 0.252693 1.24663
-0.0251045 -0.169599 0.883479
-0.062381 0.158216 1.33141
-0.176172 0.297892 1.2945
