0.410803 -0.319963 1.44213
0.273753 -0.351259 1.59808
0.436128 0.0173166 1.28
0.0962901 0.112675 0.519143
-0.152423 0.0966 0.61659
-0.0701965 0.129557 0.53027
0.468613 0.0209067 1.20744
-0.0602061 0.147088 0.527777
-0.0725942 0.141671 0.508233
-0.240191 0.094396 0.492837
-0.223954 0.117122 0.387162
-0.436688 0.334182 0.716186
-0.402391 0.305682 0.612613
0.0735383 0.0877697 0.495802
-0.185496 0.0678912 0.36749
-0.0682286 0.163793 0.210542
0.00242177 0.0859489 0.639734
0.517408 0.0224347 1.1912
-0.148866 -0.0215043 0.584058
0.477182 -0.171563 1.33424
0.448533 -0.139668 1.31282
0.461593 -0.0413808 1.2415
-0.112285 -0.0705533 0.608594
-0.109644 0.093034 0.277744
0.483831 -0.0408385 1.29462
0.546149 -0.145327 1.37723
0.299898 -0.474875 1.593
-0.103528 0.0798724 0.561833
-0.0492722 0.105361 0.554092
0.511277 -0.151904 1.23397
-0.0614855 0.00650796 0.582382
0.345495 -0.288606 1.5148
0.486292 -0.0726046 1.28111
-0.0664249 0.0146489 0.584891
0.4404 -0.281698 1.38173
0.560411 -0.296711 1.2052
0.0657174 0.157981 0.49371
0.419751 -0.122215 1.3664
0.510369 -0.143945 1.30518
0.592271 -0.100988 1.13624
0.31793 -0.0107327 1.4697
-0.119632 0.063293 0.542036
-0.0599266 0.14686 0.525334
-0.104706 -0.0697304 0.605502
0.399131 -0.166403 1.38982
0.548665 -0.0966642 1.20772
0.472898 -0.124361 1.31454
0.4074 -0.229657 1.41951
0.248365 -0.480804 1.68603
0.316006 -0.00973495 1.46823
-0.306962 0.210077 0.480615
-0.147193 0.143084 0.309894
-0.355356 0.121069 0.568762
-0.136467 0.0740273 0.429731
0.373431 0.0147409 0.961585
0.0286057 -0.110538 0.82474
-0.0247166 0.100614 0.629153
0.00776365 0.0767343 0.685959
0.0053728 0.030854 0.589283
-0.131904 0.248618 1.00309
-0.137226 0.124228 0.194467
-0.102419 0.0950541 0.435483
0.586724 -0.138973 1.12591
-0.159067 0.128218 0.261737
-0.143881 -0.106114 0.622271
-0.0631482 0.0943638 0.557169
0.718385 -0.453814 1.13687
-0.307457 0.26159 0.344888
-0.0956801 0.109829 0.405848
-0.121305 0.163218 0.491426
0.108865 0.156775 0.453103
0.0773921 0.121031 0.447428
-0.0680009 0.159157 0.4041
-0.0169327 0.0853749 0.183919
-0.117203 0.194676 0.70285
0.025455 0.11803 0.536016
-0.047375 0.103378 0.582346
0.0978459 0.195918 1.05697
-0.127427 0.243816 0.977344
-0.177759 0.299444 1.0035
-0.0767875 0.0638305 0.533942
0.099109 0.114462 0.525937
0.0892897 -0.635749 1.98316
-0.0689339 0.015509 0.565076
0.316066 -0.460769 1.61147
0.456045 -0.331979 1.3766
0.409025 -0.232264 1.42654
0.241456 0.129653 0.474663
-0.0566302 0.136278 0.529004
-0.0710455 0.0718486 0.541327
0.271645 -0.390523 1.62617
-0.0519757 0.103779 0.538332
-0.514236 -1.19946 3.46859
0.46314 -0.0929917 1.30383
0.176559 -0.642047 1.98705
0.466244 -0.0918058 1.3083
0.514158 -0.0657197 1.21369
-0.145137 0.021289 0.608565
-0.065945 0.0941384 0.556339
-0.137549 -0.0967174 0.624507
-0.0466544 0.149803 0.555706
-0.0266275 0.0767558 0.568112
-0.145449 0.0147961 0.602572
0.303999 -0.45921 1.66117
0.473281 -0.0415246 1.26936
0.278001 -0.456484 1.55726
0.424004 -0.116492 1.36072
-0.130198 0.143093 0.560675
0.209356 -0.369599 1.50354
0.545974 -0.0930892 1.20108
-0.0433151 0.10511 0.556884
-0.0934429 0.0149086 0.61062
-0.0340991 0.168898 0.573911
0.564031 -0.472589 1.33759
-0.114481 -0.0420474 0.53065
-0.122192 0.0722181 0.582939
-0.0929274 0.0154734 0.609127
-0.0669363 0.0939998 0.522291
0.271802 -0.385664 1.62205
-0.0927262 0.0156728 0.609417
-0.0828652 0.080544 0.165934
0.352073 -0.52227 1.54279
0.366693 0.0416349 0.940706
-0.146394 -0.00599316 0.612666
0.252858 0.120493 1.47676
-0.00174002 0.0188993 0.605451
0.343861 0.122695 0.587254
0.465267 -0.126168 1.16998
-0.00674933 0.0493259 0.587016
-0.139925 -0.0929156 0.64058
-0.0526936 -0.0758605 0.578312
-0.0962018 0.0126725 0.547143
0.493996 -0.139126 1.2862
-0.0671416 -0.0195515 0.614118
-0.0676836 0.0189556 0.563993
-0.0100005 0.158865 0.541777
0.584186 -0.353131 1.14272
-0.144216 -0.0711702 0.553781
0.649727 -0.286047 1.09726
0.457642 -0.345042 1.31999
-0.799391 -0.369325 1.39656
0.626149 -0.107366 1.08257
0.484531 -0.0649398 1.26318
-0.146659 0.133269 0.276654
-0.121091 0.122001 0.311332
-0.15975 0.104249 0.332598
-0.17303 0.133794 0.340993
-0.169943 0.0754453 0.396818
0.641459 -0.319832 1.07049
-0.262853 -0.267903 0.870357
0.551808 -0.213364 1.21775
0.577532 -0.313686 1.17371
-0.167455 0.154369 0.688556
0.580418 -0.314586 1.17523
-0.215644 -0.00962516 1.10506
0.465709 -0.123783 1.3065
0.380446 -0.334466 1.23894
0.423037 -0.242834 1.40621
0.618457 -0.311305 1.13104
0.452863 -0.119579 1.29574
0.638233 -0.188699 1.03855
0.506291 -0.358948 1.35413
0.649489 -0.324651 1.07718
0.145739 0.150115 0.472912
-0.118175 0.13826 0.301959
-0.283727 0.346681 1.24955
0.622412 -0.0323259 1.57566
0.609361 -0.179526 0.994597
0.604135 -0.142457 1.15268
0.0229279 0.0447583 0.709078
-0.123397 -0.103955 0.628731
0.652435 -0.358801 1.13462
0.526044 -0.378289 1.2648
0.614983 -0.31079 1.15559
0.439262 -0.297367 1.39929
0.479837 -0.37021 1.32466
-0.105356 0.00497624 0.561936
0.57653 -0.168581 1.13623
0.434329 -0.30011 1.37603
-0.0438606 0.127246 0.554683
0.465102 -0.255718 1.36984
0.351176 -0.0656114 1.39986
-0.0187244 0.130751 0.540047
-0.121658 -0.036787 0.459123
0.674786 -0.160166 1.10389
0.463808 -0.407471 1.44702
0.628835 -0.232556 1.12708
-0.119163 0.0643391 0.301489
-0.105257 0.00704518 0.538839
-0.125406 0.0538199 0.347601
-0.0507236 -0.011386 0.417574
-0.125325 0.257889 1.01564
-0.154822 -0.0290104 0.620359
-0.0644688 0.146427 0.400719
0.477141 -0.173376 1.33615
-0.280347 -0.251999 1.02014
-0.141055 0.131319 0.639543
0.469933 -0.307248 1.48119
0.447035 -0.225857 1.34096
-0.816639 -0.332821 1.66989
0.522707 -0.516217 1.39448
0.0226765 0.0650581 0.676311
-0.0545005 0.0671509 0.479845
0.102672 -0.338259 1.93116
0.53135 -0.3828 1.16248
0.508371 -0.36882 1.26058
0.130612 -0.556614 1.92817
0.0980439 -0.529398 1.97764
0.359915 -0.431164 1.54321
0.273485 -0.502436 1.67604
0.176061 -0.663569 2.06843
0.243259 -0.593451 1.79076
-0.160017 0.0912555 0.659336
0.0244141 0.0518209 0.689592
-0.0953263 0.0104983 0.548643
0.051878 0.132001 0.673129
0.286944 -0.461337 1.55906
0.0841432 0.0987082 0.350829
-0.0738173 0.0478428 0.391597
-0.225832 0.253374 0.790782
0.280408 0.0391648 0.888071
0.42059 0.0175489 1.18226
-0.0660727 0.0967968 0.507308
0.357714 0.135741 0.593044
0.21702 0.0691122 0.745047
0.0899703 0.151596 2.12725
-0.0858512 0.113222 0.433729
0.349872 0.135796 0.584252
0.121874 0.127468 0.493748
0.14637 0.0199176 0.639117
0.0468381 0.0598442 0.275977
0.611207 -0.292821 1.15644
-0.725218 -0.440558 1.97589
-0.0464433 0.150777 0.569877
0.0629537 0.0491162 0.782415
-0.23745 0.193988 0.804499
-0.0469997 0.0369997 0.597431
0.460959 -0.343327 1.36642
0.0887036 0.111276 0.510492
0.432972 -0.148691 1.3439
0.255639 0.0018111 0.577487
-0.162955 0.141234 0.705137
0.185878 0.0179408 0.847688
0.354492 -0.0291763 0.713573
0.381164 -0.202541 1.44465
-1.01523 -0.403071 2.12388
0.913895 -0.649738 1.32806
0.00392998 0.0193909 0.622361
-0.00106155 -0.325379 3.77297
-0.0265678 -0.0566189 0.552469
-0.0808898 0.126068 0.224442
-0.159927 0.152154 0.672299
-0.126113 0.055593 0.274123
-0.0557932 0.0171705 0.500811
-0.13828 0.122332 0.357682
-0.0753657 0.10732 0.352085
0.437196 -0.352755 1.4132
-0.173128 0.0331512 0.505629
0.568795 -0.189002 1.17942
-0.201098 0.115242 0.385836
-0.182324 0.0756072 0.429902
-0.0664234 0.0679797 0.57919
0.342563 -0.303035 1.56768
-0.247766 0.146329 0.437389
-0.0264277 0.168828 0.279488
-0.124594 0.130476 0.271791
0.0412342 0.20164 0.482626
-0.197546 0.105558 0.370097
-0.160606 0.129015 0.344433
-0.278314 0.139184 0.425675
-0.338297 0.227866 0.57538
-0.245723 0.148471 0.423859
-0.334774 0.135024 0.499357
-0.123913 0.0782379 0.414075
-0.15462 0.148596 0.372084
-0.162798 0.129515 0.357187
-0.526452 0.347173 0.675232
-0.660879 0.519081 0.923832
-0.419652 0.335367 0.62154
-0.165038 0.148357 0.37484
-0.44108 0.362521 0.684503
-0.192003 0.149614 0.413414
-0.364699 0.239871 0.608561
-0.17654 0.178337 0.426478
-0.152344 0.148718 0.38101
-0.184759 0.079761 0.410389
-0.319218 0.110318 0.537718
-0.192366 0.103102 0.357063
-0.22552 0.133597 0.388685
-0.174516 0.0819639 0.38842
0.0106843 0.178498 0.354783
-0.195299 0.0991124 0.368903
0.0210536 0.150012 0.327513
-0.0106235 0.177165 0.392311
-0.195129 0.121697 0.362195
-0.288168 0.113687 0.470112
-0.202409 0.111246 0.355675
-0.165081 0.168154 0.358458
-0.338795 0.123654 0.532707
0.0137064 0.183579 0.444595
-0.219368 0.138271 0.413226
-0.18293 0.185492 0.473416
-0.229796 0.103489 0.419946
-0.101333 0.167357 0.383181
-0.129262 0.133192 0.370113
-0.174629 0.0750543 0.410264
-0.163048 0.114928 0.397739
-0.0910991 0.0522724 0.550938
-0.0347119 -0.0174654 0.596103
-0.110001 0.185541 0.643951
0.0566521 0.155548 0.475871
-0.107199 0.00505463 0.56501
-0.388624 0.0294853 1.07034
-0.122137 0.0730773 0.582787
-0.10296 0.1116 0.532224
-0.528696 -0.128215 2.09935
-0.129565 0.111562 0.581496
-0.258043 -0.16141 1.169
-0.128514 -0.00763547 0.58593
-0.166712 0.0196046 0.63312
-0.0810423 0.037258 0.499017
0.081937 -0.116733 0.805067
-0.180428 0.0290297 0.553342
-0.127854 0.146523 0.580107
0.661379 -0.20127 1.06601
0.132858 0.113986 0.910372
0.035102 0.0705618 0.606608
0.311631 0.0335907 0.948864
-0.0436194 0.0217252 0.526967
0.0724284 -0.08553 1.17901
0.468459 0.0234055 1.11455
0.45149 0.0267392 1.08324
-0.0848957 0.19021 0.663888
-0.306392 0.108761 0.49272
-0.150299 0.141296 0.381815
-0.136627 0.0739147 0.35107
-0.218048 0.0980126 0.427763
-0.290804 0.342027 0.492336
-0.321627 0.2084 0.531423
-0.170027 0.133485 0.388186
-0.170535 0.133022 0.391432
-0.470014 0.229005 0.683465
-0.240121 0.145971 0.440159
-0.148311 0.0737045 0.361137
-0.222392 0.134678 0.432258
-0.198621 0.150973 0.265014
-0.316543 0.267377 0.378229
-0.176728 0.229051 0.617571
-0.0509171 0.153758 0.614624
-0.12112 0.206122 0.655957
-0.0648655 0.0309191 0.478501
0.297708 -0.396529 1.70038
-0.0499606 0.176434 0.546947
-0.0418505 0.089432 0.558565
0.0360378 -0.0770506 0.654654
-0.112192 0.00721317 0.581053
-0.0375213 0.155993 0.758379
-0.0885743 0.131373 0.541686
0.339151 -0.410103 1.74684
0.0829439 0.159357 0.440807
-0.0879533 0.0219486 0.560346
-0.0469165 0.144555 0.546477
0.30459 -0.47385 1.58916
0.675724 -0.286602 1.15265
0.306152 -0.267116 1.43025
-0.0411057 0.0222248 0.604422
0.553029 -0.165593 1.20611
0.508232 -0.409022 1.28471
-0.103324 0.0123929 0.585141
0.491416 -0.19409 1.3316
0.611121 -0.70979 1.76296
-0.181691 0.0932865 0.37948
-0.138257 0.0706323 0.39245
0.188517 0.136398 1.18617
-0.119234 0.0930642 0.326502
-0.186084 0.0787262 0.420244
-0.220572 0.105452 0.393597
-0.14703 0.0826585 0.401069
-0.415872 0.3467 0.623951
-0.197862 0.126219 0.376443
-0.185375 0.165922 0.416037
-0.136088 -0.0935058 0.60183
0.24402 -0.674692 1.70971
0.513971 -0.461108 1.34802
0.53023 -0.477944 1.37897
-0.0707695 0.0455918 0.557696
0.839289 -0.418631 1.25175
-0.0745942 0.0220698 0.587332
0.115067 0.158408 0.466611
-0.317997 0.258088 0.819035
-0.339844 0.217906 0.963123
-0.109554 0.131034 0.310679
0.0787366 -0.0225325 0.924402
-0.355499 0.29771 0.436113
-0.100616 0.112128 0.0785658
-0.221716 0.156667 0.449463
-0.140349 0.121715 0.36138
0.255965 -0.488016 1.72464
-0.029683 0.0155461 0.451655
0.443473 0.0142924 1.16807
0.170077 0.17911 0.601588
-0.165687 0.22911 1.05351
0.48913 -0.169611 1.17303
0.223308 -0.276116 1.66013
0.229941 -0.00630723 1.69667
0.399485 -0.216987 1.47695
-0.217111 0.0625098 0.438443
-0.299522 0.375707 0.627734
-0.282119 0.275958 0.662859
-0.253902 0.0961063 0.361878
-0.367611 0.150175 0.579539
-0.423879 0.34991 0.649397
-0.129692 0.120298 0.338678
0.318333 -0.339378 2.24336
-0.239047 -0.718978 2.70522
-0.142076 0.145697 0.329575
0.489733 -0.135364 1.31152
0.422902 -0.127327 1.33891
-0.223468 0.111217 0.363362
-0.215272 0.0497598 0.398997
0.192716 -0.0400346 1.71843
0.191306 -0.603437 1.76484
0.3806 -0.445038 1.5626
0.59079 -0.0230492 1.59722
0.407194 -0.123108 1.37261
-0.164249 0.149705 0.519254
0.104982 0.167671 0.593873
-0.182516 0.138884 0.384188
-0.144639 0.130694 0.210928
-0.133561 0.12113 0.186771
0.213722 -0.0698236 1.68307
0.560709 -0.190082 1.18731
0.530951 -0.272339 1.1788
0.236504 -0.27979 1.713
0.235186 -0.272204 1.64248
0.0518303 -0.500536 2.07128
0.344578 -0.284196 1.49995
0.282561 0.12282 1.59177
0.304933 0.128115 0.51428
0.490569 -0.489702 1.56397
-0.147264 0.0909883 0.575457
-0.12025 0.0675695 0.581401
-0.0798389 -0.101307 0.606056
0.256972 -0.284532 1.57157
0.302869 0.127414 0.511304
-0.0714185 0.0485239 0.580064
-0.12246 0.0699017 0.607377
-0.0441619 0.147104 0.651893
-0.125106 0.138372 0.648424
0.234215 0.0912688 0.57734
0.477321 -0.153413 1.27179
0.489577 -0.287712 1.36026
-0.104687 0.0301757 0.566778
0.608068 -0.291738 1.15428
-0.0903845 -0.0331503 0.594796
-1.33041 -0.651289 2.73637
-0.169795 0.148497 0.350226
-0.781503 -0.37418 2.24806
0.274937 0.101463 0.599261
-0.0236738 0.19159 0.7115
-0.100953 0.190849 0.57904
0.204779 0.0877511 0.499703
0.0506518 0.146836 0.534454
-0.119062 0.0431405 0.499085
-0.127615 0.00934541 0.337225
-0.123736 0.0128374 0.335845
-0.122807 0.0162107 0.326953
-0.0677661 0.0688193 0.568818
0.120261 0.0837723 0.781563
0.46786 -0.146659 1.84632
0.337106 -0.520398 1.55238
-0.150511 0.0948813 0.592323
0.423353 -0.131595 1.42011
-0.16433 0.0571151 0.625373
-0.163926 0.161897 0.72443
-0.0642507 0.00868214 0.611238
0.375665 -0.450464 1.55776
-0.301591 0.278302 0.903453
0.436299 -0.35535 1.41321
0.134029 0.152774 0.47188
-0.109502 0.101885 0.492957
-0.119444 0.101563 0.572631
-0.283032 0.239235 1.70174
-0.0280961 -0.0537084 0.570953
-0.176562 0.00290152 0.6061
-0.0647567 0.0253451 0.490525
-0.0426653 0.0909912 0.532816
0.483999 -0.28084 1.36071
0.559556 -0.122725 1.12406
0.272848 -0.442231 1.5221
0.180541 0.115773 1.203
0.427414 -0.206271 1.34765
0.404479 -0.192568 1.44225
-0.0666994 -0.112357 0.614074
0.0962166 -0.125655 0.706611
0.459887 -0.0909008 1.29756
0.602836 -0.22136 1.13474
0.543881 -0.0854317 1.18571
0.586705 -0.170738 1.14301
0.611034 -0.355576 1.15324
0.49519 -0.483773 1.33068
-0.0704441 -0.0103449 0.578001
0.597196 -0.177254 1.17979
-0.129188 -0.0884089 0.590852
-0.0747064 -0.0930446 0.570726
0.0143708 0.0734289 0.625853
0.242881 -0.405789 1.65514
0.0611392 0.127563 0.701137
0.289358 -0.151571 1.36015
-0.147378 -0.0268756 0.604394
-0.106522 0.00582504 0.556517
0.352913 -0.334211 1.59381
-0.112475 0.021313 0.552827
0.300652 -0.45291 1.64056
0.340446 -0.393111 1.55601
-0.135228 -0.0650973 0.596251
0.547823 -0.166422 1.19924
0.292672 0.124607 1.64329
0.432228 -0.437307 1.42332
-0.0601366 0.152161 0.546513
0.48576 -0.281447 1.20482
-0.0522983 0.0131479 0.571387
0.494675 0.0186116 1.16157
0.0847327 0.156682 0.487954
0.23435 0.0952306 0.566464
-0.0510009 0.0139805 0.5799
0.464718 -0.400144 1.36896
0.463707 -0.255358 1.36979
0.434946 -0.349905 1.4049
-0.114427 0.0266259 0.551812
-0.140602 0.085024 0.597591
0.44841 -0.226764 1.34697
0.341519 -0.393937 1.56053
-0.0885345 -0.0410353 0.453624
0.585331 -0.138146 1.19388
-0.112518 -0.0343016 0.508403
0.570583 -0.213849 1.36704
-0.051103 -0.00161191 0.581644
-0.158755 0.157625 0.286307
0.286632 -0.152029 1.46439
-0.0976228 -0.00421702 0.582473
0.000168653 -0.0271107 0.639869
0.410968 -0.318951 1.44465
0.000302241 -0.424413 1.95039
0.134904 -0.373059 1.89391
-0.120864 -0.696923 2.59281
0.284753 -0.387325 1.7105
0.309413 -0.439612 1.60947
0.150952 -0.568391 1.77107
0.50806 -0.179506 1.25183
0.163853 -0.255602 1.83269
0.242819 0.023634 1.67064
0.411301 -0.128563 1.39504
0.115536 -0.682051 1.97288
-0.127357 0.114549 0.370609
-0.138492 0.12391 0.354829
0.292391 -0.359446 1.58388
-0.131441 0.120387 0.376527
-0.138448 0.123454 0.358788
-0.0227363 0.156151 0.562175
-0.017815 0.150673 0.543151
0.00274931 0.163916 0.384933
-0.0912588 0.145992 0.469187
-0.076679 0.158839 0.417386
-0.185096 0.128736 0.38266
0.0353767 0.14721 0.385283
0.108193 0.112284 0.820881
-0.00480125 0.157775 0.349006
-0.176631 0.12973 0.348211
-0.18161 0.14387 0.385119
-0.180665 0.111694 0.398665
-0.352775 0.322406 0.714512
-0.268302 0.147204 0.47797
0.27806 -0.2567 1.6115
-0.376772 0.172963 0.523956
-0.0908022 0.167612 0.377476
-0.357175 0.137839 0.57668
-0.246957 0.300768 0.457487
-0.477306 0.448377 0.766795
-0.260601 0.141 0.459672
-0.10039 0.0297389 0.549077
-0.103855 0.110809 0.529674
-0.0255973 0.0289498 0.599075
-0.0647662 0.0934011 0.547606
-0.079721 0.0465575 0.584059
-0.0260835 0.0766193 0.561244
-0.0555274 0.0769163 0.548637
-0.117111 0.00638938 0.548946
-0.0875696 0.109908 0.524972
-0.0408975 0.0894823 0.550931
-0.113806 -0.0154714 0.573435
-0.127053 0.0496031 0.551629
0.0227104 0.140024 0.696512
-0.156343 0.0849553 0.65069
-0.117904 0.0110623 0.566417
-0.0875394 -0.0778489 0.541935
-0.0871567 0.0225987 0.561105
0.312162 0.133825 0.519161
-0.134674 0.0845703 0.687981
0.0729602 0.0954291 0.612703
0.00384933 0.0888276 0.630801
0.4666 -0.264584 1.65956
-0.0624577 0.0998751 0.555835
0.500374 -0.358795 1.4485
0.45239 -0.147778 1.34575
-0.0543302 0.129303 0.525146
0.407177 -0.120256 1.36842
-0.12806 0.110835 0.57554
0.376362 -0.359223 1.46428
-0.0680195 0.0718507 0.562493
0.463215 -0.0842088 1.29111
-0.108693 0.006297 0.581231
0.483087 -0.279453 1.36998
-0.0970374 -0.00499146 0.585886
0.295993 -0.0784246 1.52516
0.551638 -0.252769 1.45759
-0.0517669 0.10592 0.550705
-0.153778 0.0927992 0.620663
0.0247324 -0.0993182 0.824927
0.027373 -0.150872 0.801138
-0.0686453 0.071001 0.553137
0.00360302 0.0844178 0.653952
0.0413768 -0.10316 0.803155
-0.0566926 0.137977 0.533366
0.285708 0.111149 1.61375
0.546142 -0.0926126 1.19794
-0.0739146 0.0558785 0.594557
0.482644 -0.353195 1.43982
-0.0463824 0.145094 0.542226
0.257727 0.132363 0.479093
0.474405 -0.267143 1.34981
0.471037 -0.165195 1.30574
-0.104929 -0.0678103 0.599085
0.203222 -0.285195 1.7581
0.460812 -0.401249 1.44012
-0.102667 0.111006 0.525715
0.536969 -0.389861 1.28833
-0.0564396 0.13744 0.533649
-0.0900098 0.048698 0.541197
0.480592 -0.192133 1.31381
0.452994 -0.138419 1.30238
0.377415 -0.137668 1.50263
-0.0893023 0.110023 0.533279
0.536452 -0.253116 1.36756
-0.0797569 -0.0056466 0.558037
-0.181427 0.00813684 0.631568
0.514129 -0.181862 1.25674
0.214807 -0.549559 1.67333
0.109635 0.119153 0.556725
0.377843 -0.0503847 1.36879
0.0214389 0.149515 0.67344
-0.142267 0.0150233 0.587263
0.378617 -0.202221 1.43435
0.289138 0.00227369 1.5806
0.470311 -0.161855 1.3001
-0.136787 0.193095 0.638951
0.553628 -0.29678 1.20214
0.526502 -0.33 1.2503
0.20668 0.039179 0.868168
0.360304 -0.511839 1.54993
0.314641 -0.0110921 1.45419
0.160814 0.144132 0.584237
0.346763 -0.00842566 1.36644
-0.142391 0.014218 0.591468
0.523867 0.0246374 1.20068
-0.122346 0.0720738 0.580636
0.513184 -0.298962 1.25532
0.502148 -0.0417358 1.22379
0.418754 -0.265991 1.36212
0.336906 -0.0127843 1.53732
-0.0940538 0.082593 0.544658
-0.0657658 0.0143957 0.580609
0.222745 -0.0994724 1.61232
-0.0717986 -0.103141 0.6007
0.389236 -0.0900342 1.54891
0.283253 -0.135838 1.62204
0.131654 -0.363339 1.87264
0.199515 -0.273855 1.68098
0.208119 -0.179199 1.66357
0.428026 -0.118802 1.36588
0.0227608 -0.156935 0.921685
-0.0464031 0.146747 0.549131
0.240521 0.129196 0.471365
0.391803 -0.187329 1.41575
0.206753 -0.442842 1.79961
0.224594 -0.568387 1.73576
-0.0432901 -0.0238174 0.590585
0.3886 -0.0828567 1.37749
-0.0381713 0.0756536 0.576514
-0.0143171 0.168917 0.575204
0.36955 0.0385071 1.4929
0.148629 -0.457732 1.85521
-0.00474062 -0.101832 0.711029
-0.157753 0.0422796 0.592718
0.349646 -0.0839495 1.42442
-0.108986 0.0120611 0.556386
0.0555257 0.160559 0.480483
0.0855193 0.163009 0.496311
-0.0470865 0.144629 0.53807
0.256545 -0.624724 1.8819
0.0895187 -0.628165 1.96214
0.475614 0.021142 1.21278
-0.0300575 0.114333 0.564854
0.215757 -0.184237 1.69484
-0.0596771 0.00729452 0.571464
-0.0938245 0.0822107 0.546197
0.461333 -0.252887 1.35938
-0.0425236 -0.0234741 0.584436
0.501936 -0.154627 1.26959
0.159778 -0.368043 1.77054
0.202703 -0.630546 1.82786
-0.0944337 0.146522 0.512048
0.308297 -0.284368 1.70024
-0.0886052 0.0495792 0.526028
0.476393 -0.348478 1.3649
0.336553 -0.535196 1.56139
0.396437 -0.0870283 1.36883
0.307279 -0.37037 1.58936
-0.0335226 0.0010953 0.541395
0.212425 -0.18274 1.67821
-0.127624 -0.00572 0.607984
0.257969 0.134061 0.482533
-0.122634 -0.00391493 0.583671
0.476053 -0.404827 1.34411
-0.0955522 0.0587927 0.224752
-0.0803484 -0.0335406 0.579377
0.625885 -0.363449 1.74238
-0.0960284 0.0837064 0.546153
0.585911 -0.299971 1.12581
0.53229 -0.171608 1.23535
0.59399 -0.156822 1.12467
0.0906318 0.155984 0.437001
0.508082 -0.0624737 1.19622
0.15413 -0.28089 0.645456
0.403564 -0.166114 1.39374
0.0964607 -0.530871 1.99163
0.705058 -0.273704 1.0466
0.557627 -0.386348 1.20547
0.235149 0.0239942 1.6672
-0.0823434 -0.665621 2.48823
0.3852 -0.0821518 1.37131
0.195977 -0.276668 1.73465
0.32628 -0.381506 1.56656
0.420149 -0.227941 1.34926
0.293399 0.00305219 1.59263
-0.017402 -0.613686 2.14617
0.47565 -0.306862 1.34277
-0.129239 0.158989 0.263629
-0.15058 0.198298 0.466755
-0.138318 0.102064 0.418745
0.0167632 0.0599866 0.541253
-0.218656 0.127846 0.437682
-0.113503 0.0793987 0.613665
-0.114272 0.153691 0.336134
-0.147282 0.13808 0.349294
-0.105603 0.122788 0.357166
0.0155342 -0.0730916 1.09195
-0.282214 0.25721 0.497181
-0.101484 0.139158 0.318355
-0.166403 0.0971258 0.393728
0.0556964 0.207202 0.572748
-0.119149 0.137714 0.247056
-0.119142 0.13818 0.258592
0.108643 0.207888 0.647291
-0.113868 0.149108 0.292682
0.197595 0.184915 0.638864
0.245106 -0.280916 1.67532
-0.157844 0.122155 0.583558
-0.617914 0.155254 1.44342
0.504588 -0.143495 1.24761
0.548785 -0.128168 1.2318
0.405546 -0.120422 1.36251
0.463827 -0.145183 1.34509
0.432683 -0.206066 1.38421
0.422669 -0.121129 1.36086
-0.115809 0.0436145 0.48949
0.555741 -0.189753 1.18267
-0.133862 -0.00938022 0.572198
0.603769 -0.221847 1.13243
0.698684 -0.344293 1.09144
0.585416 -0.0979498 1.12055
-0.304311 -0.153891 1.46336
-0.180974 0.0978549 0.733666
0.0826634 0.151061 0.415316
-0.136239 0.161733 0.577455
-0.127263 0.0887748 0.219995
-0.0168168 0.122059 0.228725
-0.235909 0.242358 0.639439
-0.113672 0.0472785 0.248652
0.0598874 0.162918 0.885637
-1.34065 -0.590726 2.84401
0.4974 -0.569694 1.46565
-0.517693 -0.1885 1.39703
-0.0548299 0.0114213 0.370755
-0.0915456 0.0468745 0.345534
-0.0941598 0.116543 0.251632
0.0340704 -0.211683 0.976083
-0.822542 -0.286234 1.67643
-0.361694 -0.166398 1.59819
-0.114868 0.0180118 0.308016
0.664843 -0.279275 1.13315
-0.19755 -0.0794049 0.577037
-0.168065 -0.0494916 0.624156
-0.118776 0.0838342 0.24949
-0.0691573 0.106477 0.851437
-0.129155 0.0462123 0.263498
-0.138613 0.0249984 0.48692
-0.137719 0.0199899 0.618071
-0.117694 0.0281906 0.565019
-0.143898 0.0215773 0.599021
0.162276 -0.603534 1.86988
-0.0793162 -0.0972657 0.582606
0.169838 -0.503806 1.9981
-0.0689485 0.0706524 0.559091
0.371212 -0.44118 1.5481
-0.145519 0.202028 0.668906
-0.125646 0.165283 0.550984
0.00367724 0.0839401 0.657766
0.511131 -0.301156 1.26151
0.549023 -0.166204 1.20062
0.212278 -0.453238 1.82508
0.262105 -0.362136 1.63275
0.564715 -0.265865 1.41881
-0.071986 0.146762 0.537488
-0.122019 0.0464858 0.533038
0.49013 -0.356944 1.22725
-0.115881 0.0317401 0.567031
-0.118914 0.0332554 0.587231
0.528825 -0.440848 1.26567
0.522373 -0.153034 1.25137
0.503886 -0.452023 1.33128
0.28895 0.129643 0.541632
0.520065 -0.38154 1.48104
0.526172 -0.225202 1.25508
-0.11581 0.033188 0.569412
0.480069 -0.473155 1.29816
-0.125097 -0.109226 0.615307
0.00458271 0.0842717 0.657363
-0.128319 0.0223636 0.570292
-0.102081 0.00657356 0.562548
-0.131268 0.105693 0.58395
-0.101886 0.00568339 0.577477
0.276296 -0.379465 1.6887
-0.11096 -0.0146627 0.555914
0.280222 -0.0678486 1.44033
-0.10271 0.0799647 0.570477
0.138257 -0.314977 1.58131
-0.102391 0.0802551 0.549099
-0.131408 0.104096 0.633431
-0.137498 0.0237824 0.480153
-0.799905 -0.212527 1.77288
0.275411 -0.400557 1.64936
0.464188 -0.331574 1.36105
-0.268294 0.326505 1.13902
-0.243884 0.0131217 1.07155
-0.00628467 -0.0430827 0.682299
-0.128784 0.218814 0.822911
-0.174189 0.0358955 0.518062
-0.0969643 0.0881666 0.493247
0.168555 0.108168 1.14432
-0.265906 0.323954 1.12238
-0.302418 0.128015 1.08384
0.5447 0.101139 0.957358
-0.104993 0.17884 0.573597
0.264172 0.134998 0.521558
-0.201283 0.0370463 0.769976
-0.340637 0.333049 0.846414
-0.198964 0.105677 0.846635
-0.200627 0.104546 0.856395
-0.212385 0.362451 1.30221
0.196325 0.243816 0.877612
-0.0148505 0.0275855 0.554619
-0.104874 0.189914 0.634726
-0.106883 0.19941 0.712248
-0.0772176 0.0640816 0.525294
-0.042235 0.0787985 0.567924
0.159483 0.114061 0.990299
-0.10493 -0.0103903 0.516649
-0.127408 0.110503 0.556453
-0.0864117 0.186809 0.639958
0.30392 0.132389 0.55401
0.0449819 -0.00721136 0.259563
-0.0861069 0.113626 0.0830975
0.551826 -0.165447 1.20495
0.490223 -0.117454 1.27126
0.450258 -0.138991 1.3155
0.317337 -0.466118 1.62232
0.662212 -0.201017 1.06807
0.24475 -0.462393 1.64677
-0.0429661 -0.440124 1.54937
-0.0601146 0.0148128 0.713416
0.270079 0.12008 0.522798
-0.120684 0.0215261 0.69643
0.0218032 0.112688 0.544914
0.230313 0.0963109 0.554849
-0.0803692 -0.0550836 0.577589
-0.15198 0.0939479 0.587593
-0.155114 0.0761653 0.603783
-0.0515318 0.106537 0.554235
-0.106601 -0.0673556 0.597329
-0.11642 -0.0988277 0.597359
-0.0877656 0.103107 0.498094
-0.033912 0.000688592 0.537174
0.0261896 0.153612 0.706138
-0.0728377 0.149324 0.54322
-0.102695 0.11064 0.523657
0.0489063 0.128896 0.65077
-0.0705285 0.0514116 0.547609
-0.108486 0.0192679 0.58268
0.141247 0.0684917 0.902238
-0.0671374 0.0135245 0.544453
-0.0695333 0.11805 0.531579
0.251096 0.106749 0.576483
-0.0778509 0.0467581 0.576897
0.031229 0.034322 0.679344
-0.0711156 0.12812 0.522729
-0.0654733 -0.0879118 0.581792
-0.118108 0.027453 0.576558
-0.0694587 -0.0849937 0.562827
-0.096738 0.0819907 0.541803
0.291225 -0.37385 1.69439
0.247283 -0.321742 1.98459
-0.065633 0.0147061 0.578675
0.262911 -0.364511 1.64173
0.294434 0.00286631 1.60603
0.347968 0.0543573 1.33702
0.0291443 0.17048 0.769352
-0.0672071 0.118754 0.525344
-0.0739535 0.0463198 0.546621
-0.068303 -0.0873231 0.571254
-0.0358034 0.118767 0.534474
-0.0818824 -0.0580905 0.587421
-0.123261 0.0246419 0.584209
-0.0628975 0.100562 0.55377
-0.0582308 0.0196644 0.538857
-0.0999969 0.0438637 0.485103
-0.0429789 0.0832545 0.563325
-0.0805217 -0.109212 0.596971
-0.140557 0.124884 0.586543
-0.053008 0.010739 0.591667
0.0222623 0.0202585 0.665611
-0.0591026 0.128104 0.498355
-0.0588509 -0.103475 0.577582
0.24227 0.109177 0.47407
-0.0399207 -0.0214387 0.582455
-0.175972 0.170673 0.884163
-0.0604635 0.0992946 0.56545
-0.0418628 0.0867572 0.5605
-0.123014 0.0638482 0.58724
-0.0461848 0.0136389 0.645359
0.0224517 0.0983296 0.502674
-0.103788 0.15507 0.628538
-0.122886 -0.0990023 0.593409
0.161721 0.0829314 0.555777
0.0157356 0.00710837 0.68437
0.480379 -0.128666 1.29354
0.587137 -0.217506 1.11731
0.477859 -0.0345452 1.31594
0.60725 -0.0677761 1.10187
0.64542 -0.191736 1.09259
0.526185 -0.170722 1.23131
0.488969 -0.360594 1.39511
0.517627 -0.151066 1.27695
-0.0317838 0.102778 0.587268
0.291623 -0.260129 1.54693
0.6109 -0.288795 1.14869
0.658546 -0.32042 1.10894
0.643852 -0.164195 1.0922
0.596527 -0.152072 1.1629
0.550967 -0.18327 1.19051
0.524638 -0.276154 1.25948
0.428317 -0.456219 1.43017
0.527118 -0.277288 1.26445
-0.479136 0.376478 0.721917
-0.175961 0.107816 0.366704
0.221505 0.0843123 0.588794
0.600481 -0.215585 1.08848
0.562491 -0.22882 1.20623
0.00380661 0.246483 1.09203
0.545308 -0.126258 1.21856
0.462361 -0.344452 1.37376
-0.0902965 0.0683324 0.605651
0.635683 -0.264142 1.09343
-0.0426738 0.0477148 0.351933
-0.0880369 0.0713263 0.612656
0.62592 -0.34481 1.13919
0.640567 -0.319976 1.15705
-0.140745 -0.110118 0.631201
0.00391906 0.247176 1.09246
0.629343 -0.196289 1.11617
-0.127174 0.0899144 0.221406
0.126725 0.128113 0.50395
0.507531 -0.578428 1.48557
-0.178095 0.0990041 0.648104
0.123863 0.127685 0.496488
-0.875108 -0.363783 1.81467
0.299347 -0.448969 1.63281
-0.957253 -0.428879 1.99012
-0.209861 -0.0555546 0.876935
0.261005 -0.123748 1.43814
-0.102756 -0.0879457 0.599304
0.00150473 0.154922 0.36144
0.167959 -0.199477 0.933132
0.445143 -0.300034 1.38447
0.255914 -0.00720839 1.63477
0.136 -0.40464 1.87239
0.163313 -0.260194 1.85226
0.417501 -0.170764 1.42115
0.215133 -0.0643972 1.69846
0.232471 -0.581332 1.76107
0.543976 -0.076821 1.19391
-0.169674 0.117149 0.387216
-0.134594 0.156648 0.360555
-0.22218 0.138516 0.422207
-0.165047 0.158711 0.380362
-1.07859 -0.116127 1.96551
-0.183005 0.120077 0.366967
-0.173124 0.209458 0.517672
-0.136867 0.261531 0.669362
-0.298063 0.14276 0.464043
-0.253344 0.14924 0.483216
0.0915599 0.146583 0.860831
-0.106337 0.139066 0.432798
-0.340549 0.31454 0.685061
-0.0600752 0.156692 0.481307
-0.160543 0.154377 0.44925
-0.12728 0.118012 0.361545
-0.152563 0.171052 0.367633
-0.185487 0.16525 0.417368
-0.179828 0.245561 0.676052
-0.114035 0.0889988 0.471778
-0.114091 0.0633162 0.498903
-0.471471 0.364723 0.782911
0.0118384 0.174078 0.386406
0.00630003 0.186243 0.40334
-0.163979 0.148531 0.370517
-0.164097 0.104353 0.380265
-0.479482 0.403817 0.956741
-0.357602 0.150116 0.553938
-0.557031 0.206282 0.72922
-0.122641 0.126899 0.269816
-0.33266 0.230836 0.51443
-0.456647 0.270168 0.533719
-0.039192 0.15493 0.524645
-0.208178 0.0762182 0.407187
-0.25261 0.0404377 0.518276
-0.248554 0.218313 0.578391
0.00681092 0.0414698 0.658368
-0.143115 0.136741 0.237878
-0.287653 0.0754377 0.741176
-0.145884 -0.0771752 2.73572
-0.133174 0.132371 0.196644
0.506065 -0.410385 1.28771
-0.221615 -0.0158973 1.12724
-0.104525 0.0911242 0.299354
-0.14678 0.126295 0.229981
0.637918 -0.162597 1.08763
-0.153291 0.142081 0.279022
-0.104066 0.0889288 0.310683
-0.15162 0.191822 1.65433
-0.126157 0.122791 0.162707
-0.0673989 0.071093 0.564204
-1.13437 -0.135384 2.36676
0.408514 -0.167072 1.37791
0.0659252 0.158688 0.489842
0.429984 -0.489689 1.45654
0.22673 0.0903014 0.573979
-0.102068 0.112824 0.107326
-0.102131 0.112846 0.107449
-0.134318 0.111493 0.34492
0.6498 -0.150041 1.0724
-0.157273 0.427515 2.28189
0.778286 -0.488032 1.18488
0.282893 -0.548332 1.64404
0.0306335 -0.0594904 0.392129
0.498933 -0.159203 1.31311
0.547804 -0.211972 1.20852
-0.191113 0.0153396 0.887467
0.00584187 -0.10312 0.603299
0.580966 -0.217527 1.17823
0.656914 -0.266237 1.1078
-0.138613 0.128659 0.194836
-0.109144 0.109356 0.135669
-0.189062 0.107098 0.321314
-0.96981 -0.206578 1.79201
0.306557 -0.027088 0.923475
1.02336 -0.357661 1.52361
-0.0943763 -0.0161549 0.530053
-0.145523 -0.0182102 0.553512
-0.107034 0.0586753 0.237805
-0.0889927 -0.0625857 0.613025
-0.1059 0.121117 0.155834
0.117885 0.127851 0.463437
0.226569 0.0791363 0.431271
0.574878 -0.117284 1.10513
0.487401 -0.0715942 1.2829
-0.0570661 0.10744 0.136919
0.231805 -0.174566 0.640215
0.44812 0.0303488 0.68563
0.283966 -0.271286 1.59386
0.564919 -0.556313 1.38683
-0.00346572 -0.619651 2.07649
0.546225 -0.400672 1.30833
-0.240863 0.146014 0.446837
-0.271742 0.18574 0.439538
-0.129168 0.0476637 0.49357
-0.114516 0.0915235 0.424813
-0.114977 0.0957293 0.38374
-0.088043 0.166497 0.386402
-0.150706 0.00496538 0.959362
-0.134086 0.109762 0.305774
-0.214174 0.144437 0.421292
-0.234768 0.112999 0.393866
-0.12516 0.118518 0.379727
-0.333873 0.12488 0.520519
-0.201185 0.105896 0.383988
-0.125558 0.118409 0.362962
-0.132461 0.0611816 0.432842
0.08914 0.0834819 0.886614
-0.132113 0.152199 0.326779
0.00187279 0.158569 0.362526
-0.24146 0.151205 0.415864
-0.129291 0.120941 0.345007
-0.144033 0.111764 0.358463
0.0315681 0.200008 0.492985
0.00942016 0.161359 0.381139
-0.0748565 0.161903 0.442856
-0.130774 0.142682 0.231159
-0.0188378 0.167213 0.3547
-0.211888 0.141882 0.398769
-0.0749419 0.159703 0.445385
-0.204472 0.229837 0.582346
-0.109206 0.103314 0.371724
-0.0331436 0.114741 0.577811
0.29643 -0.563404 1.69051
0.547646 -0.437175 1.35512
-0.797812 -0.43977 2.15773
-0.819354 -0.457807 2.22588
-0.169639 0.141632 0.235204
-0.117458 0.0152313 0.569253
-0.127087 0.17923 0.541263
0.331261 -0.283077 1.48901
-0.115015 0.0871789 0.131647
0.0238971 0.139898 0.643865
-0.116368 0.00539407 0.322232
0.0149701 0.140407 0.637349
0.594072 -0.275205 1.14874
0.557316 -0.469833 1.34007
-0.0612706 0.084705 0.497825
0.316146 -0.0689139 1.32704
-0.105102 0.0905217 0.213799
-0.0984448 0.0668931 0.255154
0.402622 0.0355363 1.00191
-0.0251036 0.0912641 0.456839
0.178399 0.122589 0.378931
0.236308 0.0976942 0.559658
0.225904 0.123326 0.431352
-0.69856 -0.868092 3.43867
0.176599 -0.393848 1.79145
0.282917 -0.423923 1.69495
0.307602 -0.498914 1.66544
0.496145 -0.155718 1.26854
0.226845 0.0886055 0.597301
-0.00520261 -0.458828 2.15053
0.356998 -0.447006 1.54138
0.591833 -0.208779 1.15589
0.0365627 -0.651564 2.82342
0.54753 -0.380668 1.1924
0.272974 -0.130192 1.54334
0.13195 -0.359087 1.86839
-0.0714706 -0.0342406 0.421658
0.421364 -0.328486 1.45961
0.164611 -0.268551 1.87107
0.610659 -0.308178 1.14694
0.512268 -0.121322 1.30798
0.24248 0.0235611 1.68485
-0.238821 -0.724748 2.48686
0.604912 -0.329704 1.29827
-1.46192 -1.40696 4.2061
-0.756226 -0.919066 3.68839
0.226221 0.0871402 0.586758
0.52171 -0.113188 1.27497
0.607394 -0.233462 1.12819
0.582363 -0.221334 1.18769
0.165066 -0.386286 1.80338
0.280098 -0.370854 1.65124
0.0950552 -0.641334 1.9339
0.179715 -0.408681 1.87131
0.225999 -0.247542 1.47306
0.257504 -0.279102 1.58115
0.597847 -0.165436 1.16533
-0.116475 0.0379651 0.449549
0.609856 -0.293727 1.15866
0.408542 -0.478099 1.70476
0.551804 -0.0927355 1.11259
0.210297 -0.058912 1.69566
0.484018 -0.135598 1.22968
0.137626 -0.307906 1.53984
-0.130186 0.0334863 0.820422
0.0946997 -0.658567 1.99128
0.574459 -0.0878544 1.1399
0.600967 -0.359431 1.14283
0.244837 0.0246544 1.71701
-0.225401 0.14332 0.371405
-0.295959 0.0967865 0.473849
-0.222936 0.270287 0.355191
-0.167954 -0.0512798 1.08152
-0.22004 0.265355 0.346194
-0.27532 0.21597 0.292884
-0.118799 0.136934 0.338051
-0.177363 0.168817 0.384115
-0.328096 0.31243 0.445399
0.133365 0.219948 0.578128
-0.11331 0.141406 0.35359
-0.164338 0.106728 0.360932
-0.211429 0.0905254 0.419432
-0.10032 0.139716 0.329682
-0.264243 0.296299 0.406131
0.102534 0.229723 0.646256
-0.110956 0.0877619 0.41104
-0.0574187 0.19065 0.637878
-0.159528 0.118324 0.368099
-0.276363 0.21003 0.50783
-0.380833 0.264816 0.798625
-0.184858 0.160839 0.403151
-0.196885 0.0974203 0.392922
-0.141306 0.141462 0.195598
0.134437 -0.196739 1.38354
-0.383653 0.201906 0.508284
-0.185984 0.0929294 0.399134
0.067987 0.159369 0.498956
0.137604 -0.0392198 1.90779
0.13379 -0.0360039 1.85722
-0.380602 0.362872 0.547812
-0.134809 0.105032 0.364308
0.283799 0.104961 1.62659
-0.135297 0.0744678 0.35898
-0.200345 0.127491 0.386353
-0.180124 0.11835 0.374993
-0.352836 0.176406 0.500292
-0.212858 0.100397 0.37382
-0.147232 0.11082 0.381145
-0.160424 0.13428 0.316619
-0.14495 0.111552 0.363585
-0.159267 0.151002 0.33489
-0.243093 0.250721 0.322962
-0.217098 0.172218 0.274029
-0.1188 0.132715 0.279945
-0.153523 0.208645 0.435597
-0.390935 0.314814 0.567742
-0.193878 0.24881 0.319786
-0.220303 0.268621 0.352305
-0.201009 0.203077 0.368936
-0.266909 0.263543 0.29059
0.385671 -0.184341 1.40075
0.0991611 0.114736 0.505005
-0.243716 0.180334 0.344571
0.264994 0.0456083 1.63525
-0.192227 0.0804741 0.367516
-0.157495 0.148098 0.325907
-0.575179 0.456828 0.773519
-0.116193 0.124737 0.0733692
-0.193432 0.0796257 0.372231
-0.223171 0.127437 0.439345
-0.192203 0.0735364 0.394676
-0.36462 0.0803281 0.516677
-0.382254 0.203445 0.505527
-0.124606 0.152792 0.271384
-0.123051 0.0993315 0.284391
-0.142736 0.131942 0.095119
-0.19267 0.0890867 0.43351
-0.106962 0.143124 0.211296
-0.119422 0.120004 0.102996
-0.0374111 0.16658 0.293921
-0.163222 0.106446 0.235616
-0.139725 0.132335 0.0886544
-0.0719176 0.14993 0.206719
-0.151494 0.13639 0.114733
-0.186802 0.102069 0.381706
0.299787 0.0305862 1.48037
0.451734 -0.303016 1.39629
-0.310284 0.442755 0.702103
-0.188284 0.125922 0.385617
0.202554 -0.179493 1.65426
-0.200443 0.0875385 0.370239
-0.170227 0.0668275 0.359413
-0.156617 0.0880951 0.38703
0.256983 -0.148298 1.25418
-0.142257 0.0634716 0.437262
-0.218066 0.120276 0.464217
0.206117 -0.36962 1.69821
-0.208107 0.0532913 0.58273
-0.127572 0.0753858 0.349753
-0.214247 0.0450459 0.530886
0.260965 -0.17803 1.61749
0.0719177 0.17405 0.489621
0.05398 0.18176 0.486883
-0.125327 0.157818 0.358339
-0.139632 0.12648 0.41264
-0.273072 0.267346 0.630597
-0.243156 0.127413 0.424425
-0.114237 0.14165 0.345721
0.22435 -0.0978865 1.62919
-0.109677 0.140754 0.385245
-0.125728 0.135964 0.258147
-0.155302 0.148247 0.309617
-0.137053 0.147236 0.238591
0.242597 -0.644731 1.72662
0.525933 -0.379281 1.26503
0.530396 -0.332393 1.25484
0.109045 0.121532 0.517727
0.201384 0.127483 0.434429
-0.159263 0.170284 0.564288
-0.132433 0.241785 0.578658
-0.134189 0.124019 0.142637
-0.303161 0.433789 2.9086
-0.09188 0.188055 0.411238
-0.111402 0.0900501 0.475342
-0.147869 0.117869 0.15902
-0.20657 0.224888 0.58784
-0.139873 0.104556 0.356303
-0.159971 0.114841 0.375355
0.0230945 0.144126 0.363374
-0.159421 0.131991 0.340752
-0.181084 0.172314 0.421586
-0.167953 0.116804 0.377821
0.0138212 0.158164 0.336458
-0.0961403 0.163715 0.39275
-0.0653459 0.083735 0.550368
0.0326491 0.155724 0.411726
-0.167072 0.160553 0.384642
-0.137601 0.124735 0.342151
-0.00406761 0.183595 0.42294
0.00798096 0.173808 0.372167
-0.185044 0.104305 0.362955
-0.103753 0.0964215 0.384858
-0.268848 0.267012 0.607117
-0.16414 0.200192 0.468719
-0.118681 0.121427 0.162908
-0.183203 0.123871 0.363697
-0.130405 0.125826 0.152663
-0.190649 0.201784 0.447388
-0.326012 0.262531 0.824151
-0.185794 0.141344 0.400753
-0.191466 0.149327 0.404405
-0.162694 0.13386 0.354625
-0.183041 0.138334 0.385876
-0.16462 0.159004 0.368519
-0.44282 0.299009 0.55158
-0.113051 0.143898 0.409202
-0.145058 0.0196928 0.729065
-0.463003 0.372576 0.753274
-0.126493 0.0996056 0.373045
-0.196573 0.0952383 0.360672
-0.13463 0.109108 0.395252
-0.154366 0.0907823 0.364343
-0.150779 0.0728956 0.364695
-0.165456 0.11475 0.405595
-0.191529 0.103208 0.35984
-0.158542 0.119831 0.356022
-0.221999 0.0376792 0.569686
-0.142418 0.0637216 0.405913
-0.188771 0.141248 0.424241
0.0378797 0.185024 0.45341
-0.212894 0.0807303 0.404422
-0.316025 0.305179 0.634548
-0.150523 0.121966 0.361006
0.0226351 0.166389 0.416171
-0.382887 0.316543 0.592712
-0.158011 0.0863567 0.404624
-0.539773 0.574529 0.944961
-0.162238 0.130671 0.353489
-0.212916 0.113351 0.429981
-0.30479 0.25811 0.433941
0.0460083 0.0650188 0.520771
-0.229138 0.152417 0.457727
0.290095 -0.478509 3.24131
0.250937 -0.00469328 1.61673
0.2 0.0635605 1.74472
0.216925 -0.0517847 1.67288
0.563196 -0.203074 1.20662
0.258221 -0.313379 1.65927
0.246656 -0.479181 1.68604
0.136874 -0.225396 1.50396
-0.169399 0.116034 0.380866
-0.312912 0.136217 0.482988
0.0484713 0.183699 0.505366
-0.170419 0.187489 0.435308
-0.33843 0.122061 0.536077
0.474271 -0.0117293 1.27724
-0.125035 0.159847 0.370832
-0.293624 0.137504 0.440718
-0.295038 0.129029 0.495608
0.389458 -0.0550802 1.38983
-0.106586 0.140937 0.437756
0.475027 -0.356487 1.4192
0.259621 -0.31089 1.64914
0.13358 -0.370774 1.88701
0.448685 -0.227941 1.35413
0.461308 -0.170513 1.3215
0.271897 -0.129235 1.53156
-0.175961 0.106106 0.323623
0.212824 -0.0670558 1.67846
0.413166 -0.0813874 1.34333
-0.136632 0.136466 0.268508
-0.0257657 0.16813 0.317077
-0.378818 0.180839 0.571211
-0.15305 0.160406 0.354249
-0.175919 0.0910079 0.364038
-0.218982 0.154549 0.438449
-0.0752492 0.164575 0.440282
-0.195487 0.0921553 0.361894
-0.072101 0.168204 0.470206
-0.139979 0.114097 0.297414
0.371166 -0.143793 1.45739
0.132418 -0.1472 1.07211
0.0277179 0.201437 0.506506
-0.213125 0.129621 0.422625
0.449481 -0.0877212 1.27951
0.176366 -0.354597 1.75994
0.472774 -0.367526 1.39532
0.145451 -0.128657 1.78724
0.428019 -0.116312 1.35001
0.295984 -0.0761947 1.49649
-0.150263 0.121821 0.35832
-0.0777479 0.14421 0.166262
-0.281316 0.279884 0.656786
-0.128335 0.125994 0.306121
-0.382462 0.275561 0.586976
-0.384633 0.171984 0.562778
-0.119676 0.124792 0.0712645
-0.208704 0.127761 0.417928
-0.12642 0.141718 0.231574
-0.315975 0.352259 0.51854
-0.405308 0.209383 0.545142
-0.458849 0.282467 0.537199
-0.404006 0.270211 0.684601
-0.23192 0.029388 0.611769
-0.079067 0.138942 0.151968
-0.146167 0.161899 0.313845
-0.216563 0.111211 0.386488
-0.444035 0.299696 0.540233
-0.0679812 0.151755 0.173527
-0.161935 0.107943 0.34128
0.00254801 0.14978 0.351853
-0.256795 0.246813 0.312545
-0.0720891 0.148731 0.178919
-0.000960454 0.174182 0.401965
-0.0729667 0.151956 0.186639
-0.240302 0.150083 0.467707
0.151499 0.163045 0.637273
-0.128994 0.0946963 0.286873
-0.141233 0.139434 0.336944
-0.0724658 -0.704983 2.59254
-0.21295 0.0623285 0.434887
0.322352 -0.163276 1.47999
-0.251008 0.0554452 0.414596
-0.21202 0.142989 0.391606
-0.317382 0.135165 0.470116
-0.248263 0.145184 0.438652
-0.180197 0.135447 0.380026
-0.297784 0.112566 0.493349
-0.121368 0.144767 0.336403
-0.221584 0.241383 0.67787
-0.0919398 0.0791775 0.488346
-0.165377 0.0723891 0.334059
0.19889 -0.259724 1.66536
-0.313651 0.137705 0.488406
0.274075 -0.250234 1.57632
-0.180289 0.122354 0.351236
-0.171038 0.150948 0.43494
0.221491 -0.0518906 1.68493
-0.148534 0.112335 0.340961
-0.122617 0.121728 0.38452
0.0459969 0.172945 0.474922
-0.016379 0.174207 0.305596
-0.00317847 0.160872 0.347063
0.0456922 0.171324 0.433001
0.0680603 0.197814 0.534438
0.0103025 0.167424 0.382426
-0.166872 0.087633 0.342262
-0.233377 0.253867 0.692447
0.254143 -0.0383072 1.00275
0.0203813 0.179982 0.420717
-0.153399 0.149531 0.388541
0.0383187 0.146681 0.400504
-0.127727 0.214178 0.464614
-0.115909 0.144783 0.335093
-0.100382 0.107657 0.484152
-0.271995 0.266244 0.594229
-0.386596 0.352894 0.810682
-0.373547 0.244745 0.628579
-0.149132 0.12208 0.351213
-0.172115 0.113924 0.337732
-0.381779 0.364918 1.16847
-0.170142 0.114601 0.337543
-0.096822 0.184749 0.495038
-0.152932 0.0688846 0.394782
0.124988 0.184391 0.593083
-0.153868 0.163567 0.367929
0.0934036 0.167649 0.537749
0.0291288 0.201896 0.485418
0.0201334 0.160676 0.40835
-0.123588 0.120692 0.122922
-0.14901 0.122126 0.341784
-0.210769 0.1098 0.390075
-0.170051 0.214985 0.546286
0.358696 -0.204571 1.43785
0.0984087 0.156042 0.469737
-0.137077 0.132029 0.196021
-0.145311 0.115332 0.319075
-0.180751 0.106139 0.374083
-0.419879 0.217429 0.585036
-0.284697 0.109027 0.461389
-0.311797 0.102686 0.517463
-0.109774 0.127694 0.084531
-0.168905 0.132312 0.412377
-0.12023 0.135074 0.242891
-0.29028 0.204123 0.438944
-0.50746 0.268889 0.693777
-0.10054 0.171673 0.411645
-0.279976 0.124498 0.446245
-0.191375 0.119609 0.365409
-0.267967 0.204347 0.332697
-0.426901 0.351207 0.517799
-0.105958 0.12488 0.454983
-0.123255 0.148843 0.240619
-0.174369 0.0809 0.314754
-0.113303 0.134722 0.262178
-0.319091 0.300399 0.456574
-0.172833 0.147697 0.363848
-0.0199656 0.128005 0.260673
-0.16694 0.238048 0.543416
-0.273167 0.156335 0.493652
-0.228179 0.159444 0.325561
-0.201052 0.101482 0.341175
-0.172435 0.145753 0.358348
-0.185646 0.110445 0.344745
-0.307649 0.342642 0.50189
-0.239351 0.133567 0.306382
-0.236888 0.133305 0.301684
-0.102667 0.0993539 0.276095
-0.195761 0.0658234 0.423864
-0.151378 0.14302 0.310462
0.186311 -0.181358 1.74368
0.132842 -0.036843 1.89415
0.333239 -0.239532 1.49809
0.0744096 0.203332 1.03562
0.480888 -0.405047 1.39664
-0.0738461 0.251512 0.717039
0.334439 -0.240654 1.50574
-0.227328 0.198262 3.62318
0.342141 -0.315062 1.5272
-0.457959 0.282237 0.535884
-0.282936 0.112312 0.445586
-0.16151 0.11475 0.387539
-0.0847175 0.196082 0.446581
-0.248534 0.221984 0.266451
-0.541794 0.309808 1.21821
-0.286483 0.217564 0.760637
-0.147436 0.139504 0.274402
0.115113 -0.0977288 1.90585
-0.343582 0.225324 0.559537
0.181527 -0.301594 1.79298
-0.255619 0.0946485 0.442791
-0.329622 0.154859 0.515979
0.28594 -0.140663 1.51746
0.169728 -0.233428 1.75678
0.197842 0.0647548 1.71082
-0.142631 0.132828 0.100596
-0.395903 0.204648 0.532127
-0.211595 0.110212 0.394606
-0.161092 0.133467 0.327947
-0.177497 0.0768387 0.345683
-0.164563 0.0730833 0.331372
-0.289643 0.132226 0.550845
-0.16035 0.0847438 0.419569
-0.219366 0.127082 0.425579
-0.100446 0.15982 0.346811
0.00135399 0.164619 0.762902
-0.17333 0.0636547 0.377581
-0.180692 0.0851864 0.396996
-0.204576 0.0834533 0.421219
-0.232542 0.146799 0.431329
-0.153135 0.120839 0.372609
-0.137704 0.132025 0.547008
-0.366131 0.0145654 0.62009
0.48957 -0.290781 1.36226
0.469463 -0.395489 1.39132
-0.279679 -0.650368 2.80524
0.298923 -0.0787349 1.51635
-0.105949 0.184759 0.377867
-0.158127 0.14943 0.327105
-0.167613 0.0789935 0.379284
0.199684 -0.256528 1.73201
-0.124583 0.0971747 0.285076
-0.114734 0.10996 0.397246
-0.313374 0.309806 0.513166
-0.153946 0.0787762 0.409045
-0.237698 0.146287 0.405457
-0.132836 0.0639192 0.441462
-0.182671 0.135989 0.37669
-0.18788 0.137192 0.400033
-0.192002 0.102777 0.357902
-0.460262 0.308857 0.579652
-0.100962 0.143375 0.319346
-0.150589 0.115842 0.335657
-0.0741146 0.156639 0.180019
-0.0631641 0.117711 0.708143
-0.216447 0.134589 0.413633
-0.223354 0.0219526 0.511138
-0.188166 0.0736698 0.382031
-0.0143567 0.137792 0.458249
-0.179176 0.191206 0.416876
-0.279598 0.206547 0.397644
-0.246535 0.120912 0.443911
-0.191459 0.0707368 0.395614
-0.223311 0.0684354 0.33782
-0.125035 0.0972815 0.29131
-0.109046 0.103683 0.248223
-0.233179 0.0479699 0.428612
0.305493 -0.271442 1.55961
0.169666 -0.457896 2.19976
0.464706 -0.377852 1.43949
-0.76507 -0.0175086 1.3231
-0.118437 0.144382 0.322428
0.054242 0.152621 0.468346
-0.161635 0.152931 0.360641
-0.174611 0.0628233 0.380051
-0.140619 0.12255 0.353321
-0.144033 0.127891 0.342287
-0.276894 -0.681957 2.73275
-0.160952 0.139552 0.29575
-0.144652 0.165039 0.284435
-0.109942 0.151956 0.263459
-0.190552 0.148653 0.180294
-0.0728647 0.144159 0.164306
-0.0707768 0.149785 0.182815
-0.207229 0.0929293 0.380698
-0.21878 0.0805892 0.427848
-0.28612 0.194543 0.444056
-0.294966 0.204447 0.353568
-0.17613 0.134792 0.358386
-0.222093 0.0746084 0.433773
-0.166674 0.106716 0.359354
-0.368366 0.0720923 0.617888
-0.138086 0.0862981 0.300109
-0.202827 0.0692584 0.329177
-0.295172 0.068708 0.472606
-0.214968 0.0734478 0.315668
-0.15639 0.142699 0.138319
-0.19686 0.134931 0.226978
-0.116298 0.130275 0.146606
-0.13962 0.0830249 0.315997
0.0308263 0.203289 0.507015
-0.165324 0.135567 0.345378
-0.167013 0.134151 0.368195
0.289009 -0.0717817 1.47873
-0.129689 0.130058 0.0767429
-0.139766 0.150138 0.257806
0.468206 -0.0430234 1.2546
-0.159592 0.136157 0.127721
-0.1327 0.143435 0.306267
0.0469157 0.190905 0.485347
-0.135755 0.139128 0.328667
0.00440553 0.185853 0.401221
-0.118723 0.130599 0.309882
-0.35782 0.426296 0.619106
-0.248824 0.107586 0.439794
0.0603701 0.203215 0.487845
-0.385535 0.442229 0.683223
-0.13311 0.0657479 0.433609
-0.4941 0.400888 0.642163
-0.294354 0.194171 0.490895
-0.364636 0.436955 0.668633
-0.318946 0.106538 0.534568
-0.204184 0.0949215 0.42413
-0.147441 0.130405 0.317095
-0.188907 0.113695 0.337773
-0.200868 0.107209 0.403385
-0.162938 0.114685 0.393746
-0.172484 0.134506 0.264667
-0.25288 0.114764 0.397116
-0.24452 0.109583 0.370816
-0.22422 0.143508 0.392707
-0.191565 0.100161 0.355645
-0.160324 0.134551 0.338254
-0.241808 0.108782 0.41835
-0.215332 0.101188 0.31814
-0.413105 0.144798 0.64695
-0.129988 0.0681549 0.400146
0.44047 -0.24288 1.40131
-0.0786303 0.207583 0.490986
-0.16594 0.0867411 0.431076
-0.208187 0.12681 0.399461
-0.0613851 0.237393 0.645387
-0.151191 0.0685354 0.4141
-0.1309 0.0688466 0.364519
0.221155 -0.105177 1.67406
0.108389 -0.358943 1.7808
0.295511 -0.264672 1.56513
-0.122643 0.138492 0.208987
0.00846135 0.142198 0.333707
0.185236 0.0767439 1.78988
0.173236 -0.348117 1.75539
-0.204669 0.223795 0.581829
0.0297012 0.191711 0.426734
-0.473363 0.432232 0.748048
-0.0781466 0.0923823 0.478336
-0.059145 0.148525 0.214832
-0.304011 0.225224 0.468913
-0.478863 0.390336 0.758078
-0.30318 0.21295 0.483927
-0.126438 0.12277 0.163782
0.061969 0.193061 0.494602
-0.313816 0.213997 0.502226
0.243189 -0.455228 1.67071
-0.117691 0.126545 0.0869718
-0.14467 0.110641 0.12295
0.40414 -0.226845 1.40224
-0.168795 -0.557605 2.54957
0.153701 -0.233889 1.77871
-0.119907 0.120133 0.355156
-0.215307 0.136415 0.271554
0.0694037 0.153972 0.453675
-0.137924 0.122602 0.311393
0.215731 0.0329924 1.65093
0.0482192 0.157625 0.465654
