0.0163184 -0.120666 0.81308
-0.35895 0.317468 1.62833
0.401269 0.250482 0.706955
0.00337731 -0.160038 0.809118
0.449314 0.0497572 0.723492
-0.722353 -0.0592018 1.53234
-0.545412 0.349528 1.36033
0.204219 0.084652 0.657091
0.0519997 -0.0155322 0.468881
0.425383 -0.0131135 0.753431
0.170971 0.00620471 0.679568
0.403016 -0.0381368 0.703372
0.424976 -0.0960165 0.802886
0.333562 -0.0492864 0.77133
-0.242026 0.243634 1.8312
-0.336817 -0.112758 0.742405
-0.0794967 -0.266496 0.886964
-0.156858 -0.177117 0.786621
-0.294334 -0.179007 0.814883
-0.00472773 -0.103477 0.661765
-0.208883 -0.140941 0.778777
-0.418852 -0.174036 0.736846
-0.276343 -0.0833325 0.694868
0.0828874 -0.0190341 0.630667
0.0622962 0.0384711 0.805359
0.249747 0.167989 0.943097
0.166108 -0.0799506 0.876309
-0.142317 -0.0552488 0.777369
0.343685 0.0763086 0.645807
0.33087 0.178693 0.649622
0.252235 0.0388507 0.693291
-0.0330289 0.0553392 0.8046
0.100179 -0.257904 0.867941
0.177338 0.108975 0.924763
0.191851 0.16629 0.721277
0.0172157 0.155133 0.704224
-0.637719 -0.245707 1.07982
0.239034 0.079833 0.605367
0.321618 0.0981232 0.683205
0.267026 0.0991758 0.644111
0.294847 -0.178455 0.741465
-0.0535828 0.0359427 0.721393
0.0986683 -0.254936 0.857251
0.291101 -0.0511331 0.765947
0.0555582 -0.16408 0.798774
-0.148538 -0.254734 0.823094
-0.169016 -0.0823277 0.792093
-0.205628 -0.139643 0.777368
-0.0571196 -0.0734593 0.807244
0.0626977 0.112573 1.04192
-0.0103323 0.0161773 0.101791
0.007814 0.455175 1.72626
0.0536527 0.483319 1.84535
0.155769 0.121438 0.756063
-0.65068 0.374695 1.48496
0.145039 0.385597 1.54303
-0.242999 -0.0504085 0.79022
-0.441271 -0.166864 0.691491
0.183659 0.0967026 0.720977
0.0169062 -0.0669124 0.815185
-0.064635 -0.0766621 0.877176
-0.342862 0.537425 1.73808
-0.520571 0.357959 1.52146
-0.824905 0.314987 1.47575
-0.982708 0.134269 1.50383
-0.366174 -0.131311 0.724926
0.0884165 0.10055 0.793078
-0.889581 0.349062 1.46958
-0.156222 -0.174928 0.765704
-0.0634365 0.0282613 0.724029
-0.486632 0.388347 1.59342
0.234098 0.242565 0.711362
0.0373331 0.478382 1.65872
-0.409582 -0.163854 0.760817
0.292211 0.194811 0.651277
-0.318039 -0.123619 0.620218
0.173878 0.578729 1.58468
-0.370847 -0.134606 0.711302
-0.284437 0.468828 1.60934
-0.120149 0.462213 1.55177
-0.0805915 0.00943251 0.704068
-0.11322 -0.00353471 0.780142
0.370752 0.00773825 0.659434
-0.655983 0.222168 1.60343
-0.385419 0.399167 1.3915
-0.241314 0.326376 1.61501
-0.906899 0.277862 1.39225
-0.390151 0.529352 1.56129
-0.848349 0.171855 1.5245
0.198746 0.175733 0.707563
-0.17898 0.442122 1.62152
0.0745556 -0.155996 0.798442
0.362591 0.178422 0.657484
-0.0742615 -0.187885 0.780998
-0.776107 0.229037 1.52043
-0.915911 0.0386602 1.55264
-0.0152835 -0.0543432 0.782751
0.0215118 0.423783 2.01497
-0.121795 0.00145716 0.813245
-0.0229814 -0.138086 0.831531
0.107695 0.11488 0.745184
0.118898 0.539051 1.69687
0.227119 0.0978186 0.648835
-0.0214223 0.063 0.774588
0.0381065 0.564442 1.64958
-0.866244 0.331877 1.42243
-0.223989 0.515361 1.5844
-0.947418 0.259155 1.42872
0.191047 0.0679088 0.815284
0.466092 0.607845 1.797
-0.435724 0.214355 1.69863
0.0949436 0.407332 1.76277
0.0648072 0.39209 1.69171
-0.719013 0.0224229 1.69546
-0.731196 0.139869 1.53004
-0.0585801 0.494048 1.51064
-0.184276 0.559333 1.57144
-0.0603119 -0.058723 0.777885
0.291387 -0.101138 0.779906
0.210545 0.124247 0.723777
0.432982 -0.0985948 0.843491
0.3517 -0.0541368 0.809087
0.286235 -0.0491128 0.82642
0.34851 -0.109154 0.721902
-0.0736281 -0.195597 0.803625
-0.443611 0.385964 1.59832
0.100681 -0.0615045 0.671803
0.300557 -0.0531131 0.782144
0.147604 0.1036 0.610279
0.201006 0.0151524 0.914513
0.224635 -0.134102 0.957278
0.129908 0.113351 0.834367
0.0580518 -0.159977 0.786024
-0.0297072 -0.0494608 1.01572
-0.315369 -0.192942 0.887714
0.191107 0.166233 0.7282
0.255385 -0.10584 0.833381
-0.241946 -0.228319 0.883998
0.0178628 -0.0533996 0.837213
0.309074 0.0505998 0.610836
-0.292519 -0.145183 0.743524
-0.249593 -0.325495 1.15761
0.251122 -0.144921 0.725955
-0.321788 -0.160231 0.75521
0.155683 0.00496632 0.840214
0.0991021 -0.21217 0.873034
0.550415 -0.264855 1.08403
0.193019 -0.04685 0.894776
-0.0559464 -0.0566802 0.779122
0.368248 0.0177379 0.666868
0.387483 0.098533 0.676611
0.29395 -0.150388 0.867144
0.166704 0.125434 0.76566
0.223479 -0.00325687 0.658534
0.265056 0.181367 0.646667
0.0521839 -0.00749421 0.872796
0.0984126 0.117632 0.75002
-0.0944017 -0.0408238 0.828288
-0.0874979 -0.211774 0.732788
0.281802 -0.0606003 0.556498
0.325149 -0.0667444 0.64536
-0.75898 0.241271 1.58402
0.0659154 -0.118291 0.791571
0.0479093 -0.000992568 0.825354
0.199614 0.17239 0.738114
-0.409734 -0.205264 0.744286
0.578653 -0.278541 1.05072
-0.283137 -0.140665 0.713708
-0.206186 -0.0302161 0.88259
-0.0764515 -0.014383 0.464197
0.00549601 0.066051 0.775903
0.277581 0.185718 0.645471
0.168006 -0.142832 0.919165
-0.441698 0.11274 1.69116
0.291331 0.172004 0.641376
0.0865951 0.0861328 0.780959
0.151473 0.107679 0.769242
0.0140581 -0.205572 0.814548
-0.270888 -0.0824653 0.752093
-0.239526 -0.234933 0.698235
-0.0195591 0.0268023 0.78807
0.0661523 -0.118364 0.787839
0.0543009 -0.00446595 0.81127
0.0206046 -0.254375 0.803893
-0.0164321 0.040393 0.899101
0.247874 -0.122487 0.888013
0.271379 0.105396 0.659253
0.251613 0.206109 0.648691
-0.0209545 -0.255388 0.896376
-0.222206 -0.116295 0.763268
-0.146704 -0.0135083 0.699729
0.143047 0.142214 0.721579
0.55255 -0.334425 0.965715
0.401431 0.101704 0.723482
0.34036 0.212089 0.655841
0.194737 -0.0606601 0.523598
0.138602 0.0224221 0.812949
0.397386 0.2282 0.69531
-0.391692 -0.199086 0.774232
0.130559 0.062337 0.642271
-0.460873 0.375426 1.22327
-0.41267 -0.173451 0.616091
-0.48621 -0.189865 0.70172
0.303881 0.560293 1.70925
-0.801017 0.197166 1.36983
-0.657435 0.504898 1.55922
-0.882843 0.184498 1.44858
-0.890194 0.271885 1.36135
0.484237 -0.396438 1.19203
-0.560813 0.255858 1.53242
-0.766806 0.445156 1.52421
-0.404834 -0.179609 0.750297
-0.421928 -0.162022 0.628034
-0.946738 -0.000283336 1.49553
-0.934552 0.115788 1.44439
0.243102 0.106121 0.688644
0.0642152 0.0390153 0.802371
0.279234 -0.0508768 0.811536
0.187383 -0.176072 0.588051
-0.12761 -0.197576 0.817563
0.14409 -0.197803 0.931773
-0.146218 -0.0136401 0.694375
0.182127 -0.0212968 0.39152
0.160926 0.0818971 0.66971
0.187705 -0.0925518 0.907748
-0.0860827 0.0176789 0.762243
0.294863 0.00885239 0.657297
0.119886 0.00554049 0.660666
0.209014 0.0882303 0.6667
0.36317 -0.0524218 0.614137
0.163868 0.00496829 0.88867
-0.127073 0.000199107 0.749726
0.121206 -0.122175 0.866146
0.127624 -0.297444 0.909628
0.376912 -0.087061 0.789146
-0.210561 -0.215906 0.78372
-0.125128 -0.0545165 0.842964
0.120491 0.0989582 0.827222
0.139496 -0.03502 0.851962
-0.0875445 0.004419 0.781172
0.147375 0.0173313 0.665162
-0.471047 -0.19126 0.840527
0.0599904 0.0878694 0.809513
0.154408 0.145563 0.720033
-0.187071 0.478573 1.72834
0.241313 0.205212 0.664176
0.196508 -0.0431304 0.707748
-0.188576 -0.281519 0.91967
-0.0117171 -0.0645325 0.922761
0.25285 -0.105368 0.827844
0.106762 -0.0138274 0.734259
0.373052 0.0961315 0.644315
-0.735986 0.279882 1.46934
-0.318063 0.495186 1.55855
-0.219925 0.56176 1.61397
-0.809573 0.337186 1.4893
-0.650011 0.269155 1.41391
0.344417 0.183619 0.670592
-0.786032 0.280132 1.57373
-0.0102139 -0.156343 0.780858
-0.120191 0.458381 1.63927
-0.806203 0.328649 1.38259
0.352161 -0.0304066 0.642825
-0.898441 0.0489887 1.52514
-0.406911 0.1042 1.55752
-0.0749172 -0.190329 0.792335
0.318699 -0.0325358 0.676291
0.0288955 -0.148664 0.818682
0.203411 0.0322921 0.819231
-0.0609849 0.00816041 0.845915
0.0893136 0.0240895 0.795689
0.0261789 -0.212708 0.82247
0.329893 -0.0633989 0.769638
0.0797512 -0.0581627 0.843854
0.303457 0.0963351 0.640749
0.141646 -0.0247627 0.609053
-0.0322142 0.0145796 0.79325
-0.227272 -0.116911 0.723391
0.101162 0.105683 0.780743
0.131647 -0.0824734 0.888919
0.0871845 0.386637 1.68868
0.321974 0.0689117 0.754826
-0.572847 0.110733 1.58628
-0.27977 0.306863 1.75632
-0.110672 0.324055 1.37264
-0.640664 0.0807049 1.81251
-0.130834 -0.171496 0.839822
-0.44826 0.111076 1.69412
-0.505876 0.401922 1.60791
-0.0516481 -0.0267271 0.775054
0.27528 0.0155209 0.642372
-1.12805 -0.215039 1.85148
0.246449 0.0615705 0.662752
-0.810514 0.298892 1.39013
0.334354 0.182922 0.707505
-0.0163291 0.0556977 0.775243
0.570809 -0.328632 1.17074
-0.405582 -0.166661 0.674266
-0.310698 0.191166 1.73432
-0.12943 0.393383 1.6914
-0.897324 0.0426543 1.5225
-0.235198 0.323972 1.60438
-0.270973 0.439698 1.51937
-0.276026 0.369974 1.55106
0.118911 0.534311 1.68792
-0.215746 0.482038 1.64794
-0.770347 0.457348 1.37201
-0.312528 -0.170337 0.77217
-0.272815 0.405912 1.5341
0.102087 -0.108011 0.866785
-0.542898 0.38398 1.52628
-0.279118 0.298054 1.70789
0.270529 0.113272 0.694262
-0.236624 -0.111867 0.47609
0.0493505 0.444042 1.71789
0.234296 0.189189 0.654213
0.369522 -0.0864056 0.883283
-0.578789 0.250338 1.62105
0.170407 0.0111832 0.827449
0.248981 -0.174472 0.642051
0.439304 -0.355747 1.07584
0.0917251 0.00326931 0.801764
0.352088 -0.0505988 1.38913
0.374085 -0.0911113 0.898172
0.295311 -0.167389 0.846737
0.0753842 -0.0173874 0.607506
0.551256 -0.32569 1.05782
0.237812 -0.0402612 0.8285
0.25205 0.20465 0.650889
-0.207994 -0.255643 0.767019
-0.0874808 -0.0156917 0.76369
0.48371 -0.380485 1.14375
0.275286 0.0385938 0.689218
0.101189 0.00709225 0.838783
0.0145385 -0.126298 0.804131
0.235026 -0.290625 0.856131
0.362458 -0.269793 0.972864
-0.253243 -0.0852864 0.761648
0.113394 0.0936435 0.790524
0.324836 -0.0460915 0.752636
-0.0506322 0.0345243 0.674681
-0.0937612 -0.017437 0.808677
-0.0465968 -0.0553031 0.828075
0.0039519 -0.13705 0.883429
-0.389412 -0.175626 0.78998
0.70732 -0.225787 1.13269
-0.0135092 0.0366126 0.790615
-0.0454603 0.019338 0.774872
-0.177106 -0.0812953 0.771825
0.0392793 -0.258212 0.837872
-0.0252451 -0.221957 0.815146
-0.0254388 0.0417257 0.778795
-0.244154 -0.126939 0.792946
-0.375101 -0.17169 0.751958
0.0864245 0.0863321 0.781324
0.105366 -0.0412394 0.756777
-0.460885 0.428442 1.55889
-0.0525815 -0.0429895 0.826919
-0.273694 -0.0765301 0.705021
-0.165706 -0.0250713 0.758745
-0.208055 -0.141467 0.810237
0.0915797 -0.305924 0.897623
0.0964816 -0.0865117 0.863316
0.13073 0.0621022 0.840192
0.200925 -0.0689668 1.03801
0.343056 0.089097 0.599074
0.247251 0.0588253 0.666407
0.102263 0.0566083 0.858239
-0.129782 -0.0196877 0.540019
-0.101601 -0.0165975 0.313989
0.168532 -0.178119 0.898204
0.423317 -0.346693 1.04301
0.325752 0.134097 0.641661
0.0285855 0.0513879 0.787208
-0.023847 0.00808285 0.804324
0.0441734 0.0313836 0.78047
0.201241 -0.017597 0.852283
0.397308 0.240978 0.701063
0.266183 0.0910614 0.669042
0.3743 -0.0673844 0.775087
-0.0276165 -0.0173986 0.829091
0.278759 0.167666 0.663661
-0.432391 -0.150369 0.793474
-0.0115088 -0.179107 0.810235
-0.263563 -0.0777676 0.61504
0.363437 -0.189854 0.955743
0.356265 0.112125 0.668816
0.361613 -0.0647204 0.749629
-0.249382 -0.129148 0.74894
-0.991366 -0.0705156 1.59438
-0.819485 0.00843801 1.57331
-0.0901221 0.508014 1.60694
-0.836841 0.374727 1.45846
-0.0154146 0.541638 1.57361
0.308268 0.16431 0.63377
0.587919 -0.325216 1.09618
-0.898446 0.251314 1.40205
0.214257 0.461012 1.70416
0.50182 -0.24941 1.02779
0.0869327 0.0117097 0.830505
-0.414292 -0.204044 0.717369
-0.135731 -0.21551 0.780095
-0.138944 -0.219854 0.798064
-0.18336 0.41136 1.62184
-0.0440353 0.0395693 0.773258
-0.701701 -5.53182e-05 1.71398
-0.413424 -0.207359 0.756968
-0.112133 -0.0252629 0.605969
-0.126182 -0.0711993 0.822585
-0.212143 -0.127922 0.798207
-0.440182 -0.202971 0.770079
-0.0744458 -0.0880108 0.818429
-0.0827125 -0.011438 0.797891
-0.09696 -0.170421 0.821686
-0.114432 -0.241871 0.850467
-0.0110287 -0.281229 0.836718
-0.112262 -0.198534 0.774726
-0.0700748 -0.202984 0.794091
-0.0136681 -0.276547 0.846749
-0.015825 -0.231837 0.819002
-0.0697917 -0.156571 0.815322
-0.0258233 -0.219976 0.809541
-0.25992 -0.237627 0.781112
-0.202852 -0.254075 0.761269
-0.254942 -0.251992 0.753091
-0.718063 0.408531 1.5726
-0.737927 0.298914 1.54227
-0.712475 0.473431 1.43207
-0.156077 -0.209912 0.765954
-0.176029 -0.219691 0.761501
-0.15535 -0.234698 0.774412
-0.861012 0.336733 1.26589
-0.811967 0.406888 1.49799
-1.13105 0.355601 1.66452
-0.765488 0.317826 1.46764
-0.530299 0.500243 1.51445
-0.923286 0.330664 1.52023
-0.85056 0.421425 1.37924
-0.882678 0.432415 1.33698
-0.807577 0.39486 1.36244
-0.851155 0.511034 1.52227
-0.942019 0.0136571 1.83944
-0.680088 0.257495 1.51969
-0.947295 0.0615058 1.44457
-0.798258 0.091466 1.54578
0.412609 0.561453 1.73472
-0.399035 -0.136727 0.61704
-0.308436 -0.0959685 0.687491
-0.364845 -0.128848 0.748067
-0.338119 -0.278573 0.795705
-0.744153 -0.00880864 1.23723
-0.374433 -0.29152 0.80548
-0.26257 -0.110071 0.760499
-0.908589 -0.0470335 1.50155
-0.374358 -0.189813 0.734207
-0.98082 -0.0137845 1.50517
-0.94271 -0.0666776 1.51007
-0.366693 -0.19102 0.776131
-0.281139 -0.156435 0.687165
-0.36487 -0.202217 0.613907
-0.410977 -0.153991 0.734768
-0.560712 -0.204864 0.966305
-0.494912 -0.192191 0.732562
0.181357 0.157188 0.710169
0.0622972 -0.0579782 0.829947
0.202602 0.140108 0.647553
0.313626 0.0884718 0.656601
0.0124635 0.0716202 0.780569
0.0844225 0.0444634 0.708373
0.192484 0.0966212 0.720725
0.326938 -0.0583825 0.758384
0.157299 -0.0274375 0.841332
-0.160001 -0.131052 0.69625
-0.00123975 0.0128096 0.752253
0.191748 -0.0464716 0.607346
0.199847 -0.030026 0.677871
0.107561 -0.223139 0.923356
0.322745 -0.181283 0.869955
0.46891 -0.0862768 0.93386
0.0203252 -0.169145 0.744059
-0.795419 0.283534 1.55052
-0.0603695 -0.0615436 0.779549
-0.179114 -0.243465 1.05989
-0.221716 -0.145074 0.790616
0.237698 0.00539974 0.558275
0.266209 0.0344697 0.667201
0.297398 -0.224784 0.990802
0.249083 0.154546 0.692896
0.063129 -0.0158049 0.883733
0.327673 0.0460846 0.642468
0.269937 0.110252 0.69079
0.0470596 -0.149593 1.15219
0.239558 0.00105519 0.698343
0.19087 0.165345 0.73004
-0.945654 0.174108 1.44678
-0.148607 0.440602 1.63331
-0.22915 0.380767 1.65815
-0.0871588 0.487984 1.7758
-0.0827867 0.384226 1.76345
-0.964822 0.171916 1.42705
-0.899251 0.231071 1.61368
-0.0634801 0.41406 1.74998
-0.218207 0.566456 1.62822
-0.968157 0.265813 1.46463
-0.356905 0.422392 1.53755
-0.0668423 0.510837 1.61249
-0.213547 0.458354 1.57817
-0.420752 0.518409 1.56972
-0.32637 0.373933 1.63957
-0.0874554 0.494073 1.56469
-0.424042 0.463614 1.56029
-0.338453 0.469961 1.60811
-0.386431 0.525522 1.53832
-0.0381385 0.039659 0.84399
0.250021 -0.155252 0.90099
-0.534217 0.253763 1.59809
-0.505025 0.162222 1.53169
0.215735 -0.023616 0.821933
0.175182 -0.0244928 0.856146
0.0389581 -0.13643 0.792451
0.182892 -0.00714038 0.710397
0.303324 -0.0471213 1.03054
0.00417977 -0.123004 0.812421
0.107973 -0.135186 0.919328
0.212258 -0.305226 1.07038
0.226401 -0.250994 1.04451
0.000452231 -0.0360821 0.849764
0.235017 -0.244502 0.95947
0.0663373 -0.281188 0.86773
0.0186877 -0.00236378 0.845869
0.0385193 -0.257458 0.832644
0.0361122 -0.241417 0.832315
0.117435 -0.312676 0.850404
0.0706684 -0.224558 0.83229
0.160715 -0.227362 0.971715
0.098594 -0.196212 0.845511
0.503173 -0.0160959 0.87632
0.0130984 -0.204439 0.808059
0.356254 -0.0322072 0.619434
0.587936 -0.178053 0.978067
0.65664 -0.319141 1.14631
0.361902 -0.335008 0.932946
0.58278 -0.311954 0.995526
0.577057 -0.322975 1.0487
0.676979 -0.263695 1.12711
0.667425 -0.336028 1.05525
0.500201 -0.360796 1.02353
0.309997 -0.232214 0.833512
0.200105 0.173169 0.736044
0.28884 0.546793 1.82079
0.0168806 0.439895 1.69394
0.134568 0.606128 1.67191
0.064275 0.394807 1.69681
0.137328 0.136936 0.722751
0.211084 0.181634 0.748612
0.151041 0.573136 1.80234
0.271341 0.615647 1.73425
0.189235 0.0557745 0.840518
0.175721 0.0825186 0.785435
0.149281 0.0919417 0.809448
0.0897742 0.0707527 0.792679
0.246318 0.126263 0.734616
1.16679 0.606661 1.74168
0.370481 0.174026 0.667924
1.14774 0.54409 1.75296
0.261776 0.154379 0.67365
0.239737 0.149949 0.691714
0.245567 0.217533 0.671327
0.320976 0.194064 0.633307
-0.312792 -0.123897 0.745682
1.18584 0.0523679 1.86709
0.359396 0.164232 0.775572
0.0578383 0.0617367 0.799733
0.0836897 0.108514 0.803073
-0.445532 -0.179046 0.708429
-0.225583 -0.239546 0.754018
-0.132506 -0.00796656 0.774198
0.135231 0.138735 0.760907
-0.191654 -0.0711087 0.761154
-0.287435 -0.104168 0.74381
0.164117 0.148579 0.777969
0.274698 0.203163 0.645954
0.112155 0.112275 0.778457
0.295256 0.18728 0.643928
0.175916 0.111821 0.718972
-0.370945 -0.136512 0.751448
0.0332642 0.0536584 0.777323
0.208928 0.0159981 0.84863
0.291339 0.190988 0.619128
0.132862 -0.066936 0.9016
0.0136656 0.0370265 0.758885
0.0515016 -0.0226963 0.855067
-0.275507 -0.0636527 0.853446
-0.0432066 -0.0241208 0.802661
0.181936 -0.0551697 0.903827
-0.19936 -0.282179 0.860495
-0.0244997 -0.14034 0.843301
0.119584 -0.273317 0.799006
-0.026214 -0.234629 0.809781
-0.0168392 -0.238396 0.841203
0.138072 0.0221005 0.81388
0.0470304 -0.297951 0.86135
-0.274385 -0.271024 0.80816
-0.0280838 -0.15104 0.801468
0.354764 0.207623 0.674599
0.273568 -0.0570567 0.547086
-0.316987 -0.281224 0.833195
0.364394 0.142185 0.655048
0.555917 -0.336242 0.970238
0.238815 -0.122009 0.773544
-0.160397 -0.193534 0.78913
0.404716 0.235899 0.706504
0.328261 -0.0679538 0.643864
-0.300677 -0.267556 0.789592
0.0517532 -0.323919 0.942459
0.0448075 -0.0473501 0.859008
-0.00218558 -0.0359618 0.820673
0.386575 -0.23563 0.965752
0.135343 -0.304928 0.894929
-0.216738 -0.0593505 0.754249
-0.406203 -0.129579 0.882767
-0.124343 -0.000372052 0.752343
0.0333876 -0.0195014 0.199529
0.0415457 0.075678 0.773649
-0.813707 0.106699 1.44441
0.101673 0.00759216 0.821274
0.0653743 -0.283861 0.854911
0.25569 0.220463 0.616898
0.368622 0.097294 0.635886
0.575528 -0.278308 1.04681
0.245845 0.203956 0.678895
-0.388775 -0.142386 0.731543
-0.334307 0.36054 1.57155
-0.7063 0.238388 1.24104
-0.0944326 0.532926 1.67757
-0.561741 0.251707 1.54026
0.0358366 0.504458 1.62739
-0.089535 -0.150693 0.708421
-0.500977 0.420347 1.42499
0.0249594 -0.120875 0.824938
-0.420201 -0.211031 0.76897
-0.808141 0.253071 1.48824
0.128827 0.478646 1.6635
-0.4323 0.231619 1.61188
0.109266 0.428527 1.81126
0.0376753 0.0643802 0.815313
-0.123007 0.445563 1.69329
-0.439853 0.533881 1.55245
-0.396902 -0.139256 0.737014
0.0354302 0.545539 1.59349
0.240566 0.203449 0.686344
-0.103386 -0.0470045 0.771089
0.568105 -0.318341 1.15658
0.255736 0.133676 0.943165
0.335422 0.168784 0.641354
0.141607 0.103535 0.795122
0.00848372 0.0491628 0.71032
0.0688958 0.0668851 0.792777
0.241752 0.186683 0.574974
-0.669273 0.377518 1.42411
0.19055 0.493971 1.74837
-0.440131 0.224865 1.66206
0.290727 0.0099115 0.649864
-0.043517 0.326979 1.76898
-0.338194 0.218886 1.95006
-0.679085 0.458503 1.45192
0.064781 -0.103521 0.803397
0.0883656 -0.0958786 0.866984
0.0107689 -0.00432936 0.781075
-0.923922 -0.0420818 1.52031
-0.292336 0.392642 1.64467
0.296324 -0.254652 0.871193
0.0148673 -0.067313 0.794873
0.182104 0.0373106 0.823466
-0.188746 -0.275356 0.781836
-0.0595482 -0.286462 0.829593
-0.208677 -0.030221 0.824051
-0.0794089 0.545748 1.62422
-0.228584 -0.0578722 0.754808
0.231338 0.0769428 0.828083
0.304023 -0.108096 0.689713
0.378595 -0.145019 0.86679
0.259551 -0.0177018 0.71659
0.383095 0.163289 0.705722
1.02588 -0.326547 1.94633
0.341171 -0.100369 0.732898
0.122908 0.107688 0.807393
0.324367 -0.113487 0.729592
0.0669101 -0.108443 0.829458
0.0973338 -0.0880954 0.859554
0.0876665 0.0373513 0.792892
0.194139 0.153147 0.72862
0.624366 -0.191141 1.02349
0.0257478 -0.118847 0.852475
0.320414 -0.122839 0.732676
0.677452 -0.333869 1.08441
0.164684 0.156463 0.849918
0.0197094 0.0722415 0.775758
0.623441 -0.14466 1.02604
0.15011 -0.0114843 0.832381
0.240617 0.12179 0.731336
0.66251 -0.124764 1.06397
-0.0132415 0.0677158 0.795849
-0.919209 0.178133 1.65607
0.0848384 0.0367556 0.761902
-0.147604 -0.0281106 0.754633
0.26053 0.0355576 0.713449
-0.4679 0.445785 1.5685
0.177786 0.520761 1.72174
-0.70433 0.017129 1.63537
-0.664024 0.132398 1.4396
-0.178787 -0.211408 0.852699
0.231664 0.159816 0.715302
-0.660203 0.263649 1.44587
-0.550716 0.382173 1.55904
-0.408728 0.202716 1.54475
-0.825569 0.0438694 1.58457
-0.177358 -0.131904 0.831671
-0.733267 0.247466 1.42542
-0.39255 0.439422 1.53815
-0.396009 0.438948 1.55076
0.393107 0.092553 0.644961
-0.249264 0.481458 1.58487
-0.174802 0.462837 1.64897
-0.544912 0.243818 1.48831
-0.236963 0.395724 1.56555
-0.3866 0.479055 1.5182
-0.345338 0.36813 1.61007
-0.122819 0.436468 1.67077
0.033589 0.47874 1.6564
0.487264 -0.0436053 0.844332
0.0991085 -0.0743067 0.910039
-0.377545 -0.129865 0.714246
-0.0908381 0.498074 1.57022
0.670649 -0.272182 1.13274
-0.791906 0.274811 1.40872
-0.069235 -0.197081 0.776219
-0.741333 0.441228 1.41331
0.50259 -0.246755 1.02546
-0.392674 0.458879 1.69109
-0.420221 -0.163134 0.733791
0.173667 -0.0395449 0.909167
0.338252 -0.0466007 0.778873
-0.873916 0.256277 1.43568
-0.841864 0.00698578 1.53207
-0.172667 0.469627 1.65882
0.0347634 0.473121 1.64386
-0.896814 0.447766 1.37554
0.19912 0.111018 0.716671
0.0499195 -0.239088 0.856884
-0.0167009 0.439773 1.66712
-0.295818 0.397403 1.66697
-0.533244 0.534393 1.52542
-0.718617 0.179044 1.49354
-0.24943 -0.173525 0.918334
-0.817352 0.496877 1.43968
-0.176908 0.496356 1.73605
-0.486335 0.477113 1.4811
0.0742199 -0.0578064 0.849054
0.519208 0.669045 1.87088
-0.914913 0.317661 1.64164
-0.00889813 0.0167416 0.858486
-0.354171 0.519226 1.57498
0.196473 -0.0170675 0.729264
0.267212 0.511321 1.4538
0.204072 -0.221063 1.03842
-0.17615 -0.2192 0.7652
-0.98785 -0.362397 1.63733
-0.385473 -0.152872 0.736272
0.17281 -0.0100959 0.682181
0.410676 0.180658 0.682932
0.143603 -0.0934417 0.875992
0.269482 -0.0577974 0.82283
0.196668 0.109096 0.704363
0.146382 0.0901103 0.797025
0.056698 -0.00525252 0.834793
-0.296977 -0.260236 0.788233
0.276219 0.0380712 0.689439
0.276874 0.143683 0.636125
0.525893 -0.25162 1.03326
0.251789 0.0400911 0.689799
-0.205685 -0.259442 0.910406
0.290451 0.164722 0.646504
-0.160834 -0.212468 0.768016
-0.290359 0.363675 1.69356
0.100877 0.120187 0.766466
-0.125389 -0.190205 0.795915
-0.114998 -0.0227045 0.682382
-0.607751 0.176708 1.03685
0.195013 0.067526 0.819802
0.250974 0.144862 0.648654
0.643498 -0.138863 1.03605
0.148201 -0.206133 0.966975
-0.603028 0.448808 1.38897
-0.0827549 -0.247357 0.796402
-0.0705025 -0.237865 0.790316
0.176497 0.0251885 0.724926
-0.364708 -0.189838 0.775278
0.0953193 -0.0501782 0.847543
-0.300094 -0.186509 0.809587
0.130657 0.12157 0.785568
0.200877 -0.0148524 0.944437
0.0721235 -0.0546706 0.829435
0.0144708 0.0380919 0.814113
0.136038 -0.0663017 0.903797
0.163215 -0.144253 0.966858
-0.145147 -0.0571131 0.787524
-0.2936 -0.0981403 0.786377
0.199216 -0.0677287 1.02356
0.375571 0.0494411 0.654932
-0.0713471 -0.159002 0.805492
0.335554 0.146781 0.631324
0.313568 0.0577926 0.601373
-0.0468185 -0.14879 0.777084
0.275117 -0.0957651 0.62345
-0.135166 -0.0301022 0.731341
0.220003 0.148652 0.829465
0.37737 -0.124716 0.838992
0.0628295 -0.114498 0.793299
0.370908 -0.122331 0.82469
0.373548 0.110304 0.657216
0.0899541 -0.0616044 0.861439
0.383825 -0.112634 0.822138
-0.250351 -0.0822379 0.494565
-0.273675 -0.0932308 0.519839
-0.378001 -0.125778 0.750176
0.27168 0.114522 0.699047
0.353509 -0.0165355 0.83083
0.325347 0.222341 0.668222
0.153041 0.134184 0.807973
-0.0122521 -0.178425 0.802741
0.119731 -0.0405568 0.896163
0.344168 0.239905 0.652124
0.345873 0.108965 0.621359
0.0501859 -0.26117 0.862954
0.0105495 -0.163303 0.796447
0.182723 -0.0925943 0.896421
0.258597 0.109044 0.67406
0.27121 0.0383578 0.679633
-0.0397822 0.31251 1.63262
0.0132645 -0.152303 0.794675
-0.000326874 -0.00334645 0.799236
0.0406228 -0.125361 0.786186
-0.871214 0.475552 1.5627
0.262722 -0.0212341 0.730022
-0.622591 0.464303 1.43845
0.0108706 -0.128732 0.786442
0.0125126 0.0515428 0.812369
-0.891286 0.259337 1.43479
-0.343348 0.471494 1.6214
-0.0552024 0.338752 1.42852
-0.39836 0.328714 1.51548
-0.858299 0.0035567 1.56427
-0.49286 0.478568 1.49981
-0.0927864 0.51779 1.63617
-0.867963 0.182862 1.42135
-0.240046 0.383946 1.69359
-0.745857 0.299867 1.59582
-0.234207 0.228769 1.74445
0.432249 0.553574 1.64635
0.335213 0.0691295 0.633703
-0.435272 0.524256 1.52731
0.0315657 -0.036098 0.813357
0.269242 -0.0534638 0.82551
0.264234 0.137887 0.686264
-0.0647571 -0.182416 0.778873
0.321639 -0.200093 0.809527
0.302031 -0.149108 0.74868
-0.306797 -0.189806 0.801576
0.128855 -0.199839 0.796835
0.293745 -0.082029 0.760108
-0.126545 -0.188467 0.797191
-0.345038 -0.210872 0.855728
-0.350279 -0.107006 0.798877
0.32499 0.0741747 0.612867
0.0990138 -0.259007 0.870106
-0.602776 0.447274 1.37635
-0.322482 -0.141246 0.779415
0.0680328 0.0651503 0.77302
-0.39896 -0.136688 0.615938
0.294366 0.196739 0.67637
0.20691 -0.104334 0.826231
0.0520587 -0.0218145 0.854682
0.0444913 -0.293598 0.850783
0.173961 0.0987073 0.797661
0.270516 0.180842 0.648613
-0.025607 -0.238317 0.821995
-0.201274 -0.251407 0.752821
-0.206896 -0.231819 0.764152
0.273136 0.211129 0.729508
-0.0364801 0.0356623 0.778043
0.328664 0.173135 0.669174
-0.0802411 -0.0465388 0.835499
0.0116464 -0.0512425 0.82816
0.00177111 -0.156777 0.791989
0.166728 0.156491 0.777314
-0.139037 -0.242486 0.780486
0.117741 -0.171541 0.902592
-0.0338053 -0.167492 0.79404
0.36824 0.106491 0.655303
-0.237012 -0.255289 0.779719
-0.386691 0.526236 1.5459
0.20196 -0.0273156 0.759408
0.203859 -0.143037 0.891918
0.0999847 -0.207943 0.838068
0.214985 -0.00105773 0.835873
-0.432999 -0.160312 0.717884
0.280161 0.191301 0.768673
0.263616 -0.117348 0.864187
-0.184579 -0.0903272 0.893082
0.194208 0.0692275 0.829333
0.253584 0.108048 0.66512
0.602773 -0.281467 1.17317
0.469023 -0.363757 1.10057
0.333024 -0.308383 0.862345
-0.195639 -0.0727847 0.777592
0.525232 -0.337963 0.949846
0.288799 0.126822 0.673701
-1.39438 -0.218912 2.48288
0.325534 0.0735087 0.613252
-0.125187 -0.186084 0.787045
0.447762 -0.216511 0.96592
-0.098098 0.00139926 0.83155
0.119617 0.119482 0.839782
-0.278169 -0.118532 0.746517
-0.36298 -0.120168 0.724769
-0.213133 -0.0575807 0.747521
-0.361137 -0.162609 0.731652
-0.295857 -0.0855302 0.716805
-0.0816751 0.00163868 0.628294
-0.0198543 0.0559847 0.787097
0.196528 -0.131679 0.97722
0.105089 0.109012 0.794413
0.228867 -0.0234327 0.844852
0.366483 -0.0324101 0.756952
0.0628429 0.0587764 0.878687
0.416452 0.0440262 0.674663
0.140507 -0.0362463 0.861529
-0.0546854 -0.219926 0.837312
-0.1814 -0.0169026 0.749634
0.0360773 0.0235836 0.597947
0.196639 -0.261706 1.02753
-0.0450496 -0.0551759 0.835203
0.16831 -0.0745439 0.730469
0.0299369 -0.043595 0.828919
-0.249136 -0.237416 0.814726
0.325616 0.135415 0.65176
0.172294 0.0116755 0.783876
0.183766 0.00676249 0.74181
0.0329156 0.0243092 0.799673
-0.0308533 -0.15512 0.848714
-0.0476067 -0.158668 0.801377
0.0601275 -0.114194 0.772897
0.248444 0.162404 0.705441
0.208146 0.139558 0.7798
-0.0860259 -0.0504987 0.672976
0.295632 0.217824 0.649593
0.0828317 -0.0772094 0.86621
0.332543 0.118735 0.64878
0.391772 -0.215781 0.949843
0.139932 -0.0602157 0.851765
0.497519 -0.275119 1.08526
0.253361 0.119514 0.698026
0.15695 -0.0547667 0.828912
0.336469 0.134148 0.649876
0.0737503 -0.0272349 0.840464
0.212953 -0.195332 0.939913
0.183148 -0.0918861 0.893081
0.278058 -0.0844417 0.90985
0.0936783 0.0804501 0.802733
0.285694 0.147533 0.653247
0.0349518 -0.196838 0.819077
0.120911 -0.27461 0.843142
-0.857848 0.443067 1.41672
-0.453426 0.461146 1.4539
-0.253222 0.264828 1.52605
-0.53267 0.521493 1.4658
-0.711269 0.467864 1.42872
0.0979812 -0.0704737 0.850092
-0.217186 0.532828 1.6334
0.267314 0.216461 0.670654
-0.682684 0.216365 1.61079
-0.68352 0.385585 1.46906
-0.262602 0.516881 1.52736
0.00392723 0.528522 1.59039
0.00512361 0.540762 1.62296
-0.0226802 -0.195906 0.819416
-0.35756 -0.199558 0.717831
-0.493284 0.494565 1.48153
-0.480845 0.487002 1.5351
0.252146 0.186625 0.674222
0.16482 0.333568 1.18468
0.279774 -0.0565237 0.565318
0.0825457 -0.12699 1.01213
0.122496 -0.0451233 0.85024
0.25677 -0.107886 0.836507
-0.452069 -0.164126 0.779158
0.217451 -0.0345604 0.777022
0.131006 -0.074931 0.844544
0.134715 0.140534 0.793839
-0.0472706 -0.0252467 0.808475
0.306225 0.0187355 0.617487
0.338667 0.222919 0.651209
0.0609195 0.0368104 0.786721
-0.195243 -0.213063 0.808156
-0.0487953 0.0287006 0.761564
0.0123265 -0.00451254 0.817906
-0.0774008 -0.0903911 0.838217
-0.147217 -0.0578425 0.787885
0.0671247 -0.0883089 0.820698
0.0244279 0.049846 0.794662
0.3072 0.00420907 0.695938
0.0572956 -0.210736 0.833717
0.196128 0.126037 0.741953
-0.194874 -0.129493 0.819791
0.0444678 -0.276542 0.818948
0.268241 0.0971165 0.750309
-0.263011 -0.169006 0.772415
0.00727284 -0.157922 0.799467
0.405293 -0.169322 0.775249
-0.236895 0.404104 1.65932
0.151235 0.0751168 0.803933
0.149629 0.0740265 0.807612
0.607979 -0.290305 1.10351
0.269117 0.11231 0.69258
0.208008 0.117914 0.734458
0.31046 0.147724 0.633878
0.179634 -0.104031 0.928671
0.35396 0.110055 0.631897
0.129761 -0.117844 0.956205
0.323397 0.174473 0.635369
-0.212446 -0.0627375 0.67772
0.329252 -0.125099 0.747497
0.430514 -0.0147843 0.758051
0.179541 0.101724 0.806482
0.137936 -0.196912 0.917379
-0.291383 -0.183113 0.797822
-0.20905 -0.092677 0.76101
-0.294924 -0.182581 0.789433
0.132982 0.0994023 0.814787
-0.23593 -0.0674324 0.787383
-0.126824 0.541079 1.58042
-0.245689 0.306118 1.71698
0.148132 -0.051652 0.864361
0.206303 0.13677 0.861108
-0.00521613 0.483702 1.45136
-0.358481 -0.117737 0.734386
-0.374281 0.464725 1.46459
-0.787883 0.433179 1.39255
-0.473797 0.488032 1.59882
-0.930332 0.314596 1.42496
0.354597 0.188733 0.68815
-0.8481 0.110039 1.50769
-0.669661 0.138393 1.53822
-0.771349 0.0496123 1.58518
-0.695691 0.0221023 1.64397
-0.435065 0.393703 1.5754
1.11944 0.340662 1.67973
-0.628442 0.422437 1.34233
0.0579489 0.0371594 0.7842
0.196026 -0.0470626 0.904712
0.00566326 -0.142656 0.815699
0.0402812 0.0976907 0.986204
0.307929 0.10789 0.607285
-0.00068058 -0.0356841 0.8257
0.249318 -0.0431166 0.805429
0.281546 -0.0495986 0.738476
0.153363 0.109014 0.790724
-0.0957789 -0.165601 0.797529
-0.147289 -0.0467787 0.779089
0.0311749 -0.0449799 0.76945
-0.155592 -0.208243 0.756481
0.185555 0.00951768 0.712397
0.100163 0.005921 0.852252
0.0110265 -0.150499 0.786037
0.00367122 -0.158509 0.805121
0.0502973 0.0595872 0.864751
-0.207887 -0.092071 0.769635
-0.0761239 -0.161738 1.87493
-0.358251 -0.123627 0.788225
-0.120276 0.00398476 0.755372
-0.105425 0.00207077 0.76581
-0.377484 -0.129546 0.725154
0.158013 -0.100816 0.95463
-0.0827728 -0.175491 0.892443
-0.045459 -0.0160798 0.775143
-0.423085 -0.157118 0.974001
-0.15683 -0.211491 0.769769
-0.140443 -0.0459697 0.696711
-0.362827 -0.133348 0.733427
-0.20437 0.025847 0.810598
-0.0958652 -0.000967078 0.765774
0.258664 -0.110966 0.601759
0.312957 0.191108 0.713487
-0.0830978 -0.248047 0.795172
-0.107121 -0.0201705 0.663651
0.291827 0.105728 0.68809
-0.0726893 -0.185266 0.769938
-0.0248459 -0.0128279 0.278693
0.163261 -0.0396919 1.17943
-0.190278 0.475246 1.99042
-0.536053 0.472994 1.43007
-0.832207 0.427131 1.36853
-0.206008 -0.0559859 0.810974
0.191425 0.153941 0.711272
-0.564619 0.290548 1.62153
0.112831 0.120877 0.756298
-0.207619 0.42976 1.54631
-0.0667944 -0.200635 0.808197
-0.461858 0.411664 1.68045
-0.30687 -0.177606 0.751804
0.139405 -0.0923793 0.859536
0.169697 0.153044 0.727103
-0.763032 0.337421 1.5713
0.0436817 -0.0763436 0.774723
0.0284412 0.453129 1.5739
-0.342391 0.32819 1.73683
0.637792 -0.23828 1.09032
-0.92161 0.270254 1.59043
-0.917135 0.31063 1.40155
-0.147499 0.433805 1.61057
-0.837893 0.120259 1.37005
-0.973246 0.178178 1.48636
0.226999 -0.108408 0.742727
0.274347 0.129682 0.758816
0.0810364 -0.0221159 0.82864
-0.00196253 -0.25351 0.826744
0.0779732 0.00488041 0.831132
-0.0405963 -0.12202 0.803608
-0.0688424 -0.241727 0.808087
-0.260723 -0.0954453 0.679584
-0.500071 0.18889 1.54581
-0.603621 0.259923 1.72678
-0.144176 -0.0327823 0.776701
0.304758 -0.0919812 0.674096
-0.285665 0.381109 1.61028
-0.30619 0.477759 1.54422
-0.811296 -0.0897488 1.40564
-0.109688 -0.00275561 0.765666
-0.172648 -0.0683969 0.675334
0.201828 0.181646 0.729978
0.181898 -0.0537941 0.895721
0.0968874 0.0527268 0.7952
-0.818366 -0.0962364 1.42289
-0.125159 -0.18529 0.816006
0.08026 0.12479 0.976743
0.019236 -0.203472 0.806089
-0.0150448 0.0346006 0.774485
-0.274006 -0.109939 0.767188
0.0137862 -0.202168 0.803138
0.295413 0.097817 0.724238
-0.319912 -0.140789 0.764307
-0.469918 0.239058 1.79346
0.270277 0.217121 0.749762
-0.107114 -0.162944 0.740404
-0.118723 0.46225 1.65725
0.0996256 -0.200897 0.858712
-0.0638607 0.4047 1.71356
-0.0590255 0.515398 1.57035
0.0725801 0.575348 1.66165
0.0527428 0.106269 0.907279
-0.0813095 -0.0382725 0.809412
-0.731084 0.427781 1.36519
-0.0719694 -0.256684 0.803773
0.364412 0.135841 0.653456
-0.223682 -0.0881218 0.777628
-0.232686 -0.157085 0.79731
0.0385665 0.044452 0.787708
-0.759718 -1.23132 9.73156
-0.416027 -0.155693 0.761497
-0.0752143 -0.158875 0.80521
-0.607703 -0.220435 1.03627
-0.0832095 0.488347 1.67345
0.259929 -0.203359 1.02501
-0.311837 -0.115248 0.838741
-0.180613 -0.0648885 0.787556
-0.734369 0.431963 1.39761
-0.52348 0.382829 1.5412
0.28742 0.188412 0.621383
-0.845727 0.434465 1.39194
-0.864486 -0.098689 1.50517
-0.986305 0.555098 1.50862
-0.149813 -0.00730401 0.813968
0.144271 -0.187502 0.983392
0.0434062 0.0918144 0.796052
-0.266396 -0.104557 0.988466
-0.0678524 -0.238338 0.791005
-0.215088 -0.060216 0.823778
-0.518978 -0.169951 0.870934
0.252259 0.231511 0.668486
-0.952617 0.365087 1.80334
-0.239011 -0.0551248 0.721722
0.019554 0.0719465 0.778627
-0.416021 -0.162723 0.760687
-0.853847 0.333993 1.40744
0.0157374 -0.203132 0.809655
0.309496 0.0205157 0.623051
-0.282654 -0.168926 0.788855
0.290785 0.184158 0.636692
-0.405591 -0.150623 1.01832
-0.45783 -0.179883 0.782737
-0.386475 0.477386 1.51149
0.117968 0.594376 1.64311
0.285242 0.147825 0.652456
-0.121078 0.577552 1.58673
-0.0174436 0.521317 1.52755
0.283616 0.147489 0.651867
-0.576153 0.253064 1.56863
0.0701761 0.623168 1.6261
-0.377553 0.503803 1.49907
0.0021384 -0.158191 0.802248
-0.885584 -0.108657 1.71025
-0.741994 0.253058 1.44154
0.36275 0.17752 0.657481
0.0520291 -0.0377476 0.835655
0.132081 -0.0745712 0.845351
-0.207464 0.339347 1.43135
0.339113 -0.0601344 0.787032
0.127327 -0.127206 0.904737
-0.287149 -0.110571 0.753026
0.177737 -0.174852 1.01869
-0.0504885 -0.0574023 0.844821
-0.230716 0.27322 1.61383
-0.769777 0.380086 1.25535
-0.211576 0.438549 1.58694
0.111818 -0.0354558 0.839022
0.186255 0.146671 0.758412
0.173596 -0.0236939 0.849151
-0.461602 0.525595 1.50471
-0.0943968 -0.204521 0.845573
1.21118 0.539034 1.84411
-0.246483 0.4491 1.65445
-0.0114 -0.180865 0.815723
0.0323867 0.0473895 0.782847
-0.316235 -0.138921 0.758502
0.0592868 0.0896435 0.692194
0.159029 -0.159161 0.921625
0.0501622 -0.0792814 0.828398
0.188388 -0.0830654 0.781643
0.0127985 0.0479281 0.740306
0.111144 -0.150284 0.904047
-0.546948 0.477143 1.46749
-0.0348188 0.013142 0.794596
-0.466631 -0.212809 0.754864
-0.153547 -0.211734 1.02935
-0.855067 0.496643 1.37782
-0.21314 0.578823 1.57633
-0.0572917 0.0308365 0.873497
0.0857651 -0.0859975 0.870445
0.351718 0.165275 0.656925
-0.126152 -0.0956554 0.795931
-0.683593 0.269878 1.5492
0.360966 -0.191991 0.951014
-0.343686 0.319818 1.70526
0.197144 0.0402915 0.549441
-0.221417 0.534314 1.64853
-0.217132 -0.114031 0.753636
-0.0824656 0.489161 1.80119
0.163892 -0.0625538 0.895942
-0.059571 0.536161 1.62064
-0.186353 0.565072 1.58593
-0.275693 0.294326 1.6832
-0.113684 0.378079 1.61149
0.249975 -0.222927 0.977534
-0.0848665 -0.0129898 0.794835
-0.189981 -0.0844487 0.771081
0.632776 -0.312541 1.06494
-0.218938 -0.0353741 0.825257
-0.603689 0.190979 1.57111
-0.670312 0.387648 1.54895
-0.226446 0.401707 1.65814
0.0128248 0.0381974 0.802322
-0.544758 0.258771 1.64021
0.0984229 -0.257308 0.863509
0.0242904 -0.213034 0.814991
-0.468096 -0.207612 0.731932
0.179406 0.106967 0.701093
0.227662 0.146636 0.639154
0.121104 0.132752 0.766458
-0.924474 -0.0655762 1.47978
0.109663 -0.137966 0.93932
-0.204992 0.506174 1.61349
0.297195 0.197847 0.689136
-0.425531 0.516852 1.57705
-0.792485 0.00976425 1.50745
-0.648517 0.372271 1.48038
0.261765 0.181423 0.640542
0.281464 -0.0788266 0.729496
-0.94803 0.278435 1.63841
-0.103158 -0.00350466 0.75533
-0.32289 0.367123 1.61477
-0.0807595 0.454017 1.69242
-0.959984 -0.0149815 1.47254
-0.889093 0.178976 1.41868
-0.953643 -0.000292246 1.51231
-0.882035 0.0269936 1.67269
0.292322 0.16719 0.650839
0.173121 0.551199 1.65672
-0.43244 -0.170419 0.730636
0.0561898 0.437012 1.59213
-0.0813284 0.00166929 0.786336
-0.230337 -0.149851 0.712943
0.696703 -0.26978 1.15674
0.313997 0.211252 0.63371
0.313987 0.577574 1.74726
-0.446892 -0.206729 0.762838
-0.359429 -0.186495 0.764392
0.273498 -0.0604656 0.834467
0.50747 -0.359455 0.964208
0.253761 0.193496 0.684755
-0.670203 0.308464 1.46428
-0.26332 -0.0521786 0.890799
-0.376305 -0.135291 0.720361
-0.741227 0.117301 1.58356
-0.0175298 -0.211367 0.806951
-0.0736389 -0.0351196 0.751283
-0.147599 -0.0581699 0.788282
0.112835 -0.159833 0.892045
0.322601 0.200019 0.626821
-0.83594 0.0411278 1.44631
0.175423 0.137944 0.713495
-0.562334 0.263179 1.70323
0.278206 -0.0796615 0.752634
-0.439587 0.411118 1.46734
-0.256783 0.504006 1.63402
0.12995 -0.0815847 0.877021
-0.148101 0.428742 1.60402
-0.889301 0.403765 1.43694
-0.702072 0.222609 1.54479
0.0780013 -0.157831 0.816623
0.668527 -0.139488 1.07247
0.340153 -0.17551 1.12515
-0.381383 -0.167919 0.729052
0.620275 -0.156087 1.05325
-0.0440925 0.313186 1.68837
-0.653439 0.250915 1.50293
-0.213826 -0.237269 0.769286
-0.0340418 0.512279 1.64372
0.212299 0.143857 0.658122
-0.524695 0.201084 1.58336
0.29521 0.168557 0.657818
0.0344309 0.558163 1.62863
-0.641409 0.23992 1.45945
-0.247088 -0.127829 0.750705
-0.0204683 0.325467 1.52959
-0.537989 -0.204871 0.821906
-0.129853 0.517259 1.51405
-0.675076 0.0275948 1.285
-0.353006 0.304701 1.59298
0.37076 0.198195 0.664942
0.14242 0.529431 1.60778
-0.761127 0.217762 1.51282
-0.89478 0.305991 1.42041
0.0470542 0.454105 1.75676
0.027099 -0.111906 0.798653
0.541321 -0.340072 0.995821
-0.451084 -0.179343 0.726432
0.308444 0.0209851 0.621385
-0.788348 0.392605 1.44531
0.00874323 -0.107849 0.841306
-0.247855 0.441304 1.63023
0.0505237 0.376929 1.72385
-0.0734037 -0.193866 0.793356
0.044078 0.0910617 0.772251
-0.73714 0.270107 1.49761
-0.880955 0.221383 1.5148
0.309392 -0.0534242 0.797025
0.276613 0.182999 0.594767
0.220256 0.0686671 0.543754
0.120596 0.433253 1.57623
0.209497 -0.123364 0.892563
-0.355495 0.340728 1.09446
0.240243 -0.0203401 0.86789
-0.734894 -0.0385034 1.64275
-0.252473 0.250532 1.91022
0.147816 -0.227226 0.9544
0.0855327 0.0366188 0.781347
-0.04339 0.303129 1.64735
0.238858 -0.0525856 0.840738
-0.31762 0.448581 1.39388
0.22818 0.154244 0.863406
-0.22085 0.349768 1.55114
-0.230863 0.234338 1.78109
0.243203 -0.0265366 0.873977
-0.190745 0.436458 1.70406
-0.416934 -0.182256 0.678575
-0.247527 0.479074 1.56154
-0.789974 0.454301 1.56865
-0.45686 0.545391 1.5003
0.180973 0.325475 1.17146
-0.024055 0.535162 1.58945
-0.342299 0.579021 1.49979
0.137046 0.618661 1.70146
-0.717274 0.466226 1.3303
0.328036 0.0859722 0.585211
-0.350836 0.591128 1.52798
-0.866071 0.503271 1.39285
-0.0535381 0.00236186 0.76397
-0.640165 0.218258 1.55579
0.056952 0.584448 1.5339
-0.50767 0.104983 1.7331
-0.712133 0.463017 1.42961
-0.369657 0.455071 1.44962
-0.41359 -0.152001 0.669736
-0.210662 0.5618 1.51653
-0.902656 0.523764 1.44989
-0.470001 0.595784 1.45019
-0.462225 0.647935 1.5314
-0.475916 0.0952096 1.59818
-0.0817207 0.587171 1.59137
0.12002 -0.0401143 0.903888
-0.242797 0.430668 1.57461
0.288128 0.0723238 0.59771
-0.447378 0.505899 1.44868
0.123268 -0.146684 1.01649
-0.23116 0.361378 1.60563
0.300976 0.533885 1.72131
0.246189 0.14965 0.593814
-0.0486661 -0.261348 0.837343
0.312638 0.547664 1.77807
-0.89699 0.219662 1.3943
-0.828108 0.415588 1.42179
-0.406558 0.327729 1.60978
-0.909238 0.18813 1.5108
0.257328 0.616221 1.68787
-0.507089 0.512315 1.51265
-0.708387 -0.0398608 1.59836
-1.07024 0.475182 1.77395
-0.73292 0.153965 1.44525
-0.550896 0.184046 1.14341
0.395895 -0.107796 0.839942
-0.1413 -0.046555 0.86648
-0.693056 0.277294 1.48219
0.266317 0.0158811 0.621312
-0.0878669 0.566159 1.52745
-0.0602718 0.607222 1.91445
0.426033 -0.203487 0.922679
-0.873895 0.177491 1.45285
0.426237 0.639334 1.70625
-0.490434 -0.196346 0.732045
-0.763337 0.0474013 1.56283
-0.956339 -0.00779529 1.67995
-0.774492 0.101566 1.37647
-1.01003 -0.0165784 1.48315
-0.407848 -0.144866 0.730008
-0.794979 0.370088 1.48372
0.310297 0.0533415 0.594477
-0.184302 -0.124866 0.815383
0.0683502 0.0134922 0.830953
0.0587751 -0.00359615 0.835398
0.314722 0.130531 0.632657
0.0232451 0.0799234 0.775337
-0.216496 -0.143461 0.826933
-0.480898 -0.155104 0.824109
-0.273773 -0.0748519 0.74212
0.0408897 0.0757819 0.573191
0.321922 0.229208 0.617435
0.286063 0.18025 0.626703
0.295847 0.542747 1.89197
0.48761 -0.300242 1.09575
0.256214 0.176883 0.630303
0.0388979 0.0500715 0.713362
-0.87445 -0.0922084 1.50978
0.21285 0.155526 0.620154
0.20259 0.0730538 0.667942
0.0566964 -0.168835 0.817454
0.310658 0.0966915 0.676772
0.286487 0.22021 0.606056
1.07096 0.227291 2.83663
0.221262 0.154925 0.56182
-0.791348 0.434103 1.40381
-0.865334 0.177634 1.55471
0.248027 0.119709 0.680491
-0.532636 -0.0153226 1.28043
0.20889 0.14888 0.65533
-0.127735 -0.171423 0.826926
0.223949 0.039274 0.753122
-0.374498 0.307194 1.52413
0.227031 0.146264 0.709194
0.408963 -0.0160485 0.721996
0.357145 -0.174382 0.882474
-0.566552 0.23086 1.47748
-0.209661 0.298071 1.78936
-0.218569 -0.0836312 0.83477
-0.772734 0.286115 1.4481
0.361413 0.201296 0.676303
0.245407 0.128054 0.625742
0.0202059 0.0806597 0.763089
0.354178 -0.0341644 0.657065
-0.33878 0.0690913 1.17682
-0.33171 0.324555 1.64243
0.368723 0.17473 0.672379
-0.129609 -0.0289977 0.662582
-0.101219 -0.0569488 0.711479
0.0334614 0.0247843 0.57111
0.250466 0.132207 0.675172
0.0665124 -0.154919 0.781212
-0.033903 0.0130142 0.7525
0.0455077 0.0536734 0.725887
-0.0733997 -0.0306371 0.78289
0.158278 0.126311 0.665307
-0.841763 0.176278 1.51009
-0.239257 -0.0732893 0.732086
0.262633 -0.0226712 0.940036
0.203419 0.0609744 0.728728
0.115502 0.10151 0.753938
0.66028 -0.373865 1.24502
0.051486 -0.00438455 0.840393
-0.271322 0.451868 1.53359
-0.357648 0.517006 1.60864
-0.0876379 0.587268 1.59804
0.418705 -0.302342 1.10106
0.166012 0.552968 1.51565
-0.399635 -0.155043 0.656003
-0.879255 0.313975 1.51761
0.0730705 -0.057101 0.844965
-0.150379 0.396718 1.64435
0.112239 0.126707 0.878777
-0.852333 0.345749 1.54537
0.111251 0.0611593 0.795359
-0.551595 0.236953 1.58619
-0.169597 -0.0503504 0.660505
-0.0017451 -0.00308245 0.783263
0.20423 -0.185691 0.894661
-0.565584 0.466608 1.18452
-0.656789 0.223759 1.61122
0.170023 -0.0894708 0.851864
-0.517366 0.592969 1.47322
0.229858 0.102013 0.707428
0.170297 0.0154593 0.832399
0.223912 0.100326 0.695317
0.0997806 -0.207151 0.848121
0.224154 -0.112507 0.889901
-0.167665 -0.0472752 0.730686
0.176482 -0.0509474 0.782649
0.25115 0.160645 0.66053
0.247839 0.0426473 0.931388
-0.356601 0.51873 1.58164
-0.602213 0.119115 1.6553
-0.0762578 0.0110723 0.792802
-0.733439 0.253593 1.42481
0.274571 -0.0248482 0.703646
-0.0768497 -0.07929 0.692391
0.0038462 -0.153651 0.784132
0.249585 -0.00936559 0.722381
-0.28831 -0.0816137 0.723417
-0.425422 -0.155702 0.705756
-0.475516 -0.165944 0.876939
-0.079756 -0.0871554 0.77782
0.39235 -0.0340459 0.800446
-0.368337 0.532332 1.63456
-0.200481 -0.0752781 0.797968
-0.30746 -0.0970635 0.646743
-0.127835 0.48978 1.64825
-0.261928 -0.115968 0.780526
-0.769479 0.0295515 1.65475
-0.184014 -0.0547338 0.756822
-0.221283 -0.0429204 0.821623
-0.839327 0.0418219 1.44904
0.32262 0.0591001 0.614557
-0.807876 0.369683 1.45019
0.00283444 -0.129712 0.742584
0.0839773 0.115569 0.820602
-0.514561 0.355109 1.49064
0.115995 -0.114349 0.907388
-0.717658 -0.0117524 1.5337
-0.42869 0.223287 1.60411
-0.557444 0.38549 1.58647
-0.324358 0.436581 1.59043
-0.729279 0.424173 1.38802
-0.00604803 -0.130481 0.833016
-0.908901 -0.13087 1.42389
-0.074645 -0.0358778 0.817958
-0.270858 -0.0920127 0.809328
0.0357627 0.476939 1.39818
-0.424325 0.521005 1.57876
-0.0268331 0.487716 1.46775
0.328064 -0.11734 0.739774
-0.426825 0.0929915 1.51463
-0.420057 -0.193877 0.713716
-0.0578736 0.0124871 0.761947
-0.164742 -0.0636827 0.766314
-0.668059 0.0530347 1.58929
0.343734 -0.221271 0.85717
-0.223351 0.413414 1.65504
0.503091 -0.28261 1.10061
-0.615515 0.252355 1.60627
-0.779573 0.362462 1.71091
0.487711 -0.302398 1.03754
-0.623444 0.276948 1.67082
-0.931391 -0.130887 1.4702
0.143485 0.492873 1.78267
-0.224072 0.353114 2.21669
-0.0171207 0.381995 1.47465
-0.0545316 0.00356049 0.809723
0.557615 -0.323093 1.06679
0.254652 -0.141406 0.773492
-0.609849 0.22612 1.88352
0.148485 -0.0369708 0.897633
-0.021193 -0.0651538 0.829702
0.194001 0.0675635 0.820876
-0.789707 0.0416259 1.53051
-0.465236 0.396724 1.67811
0.0592426 0.441545 1.68788
-0.726384 0.256242 1.78929
0.123747 0.576703 1.5812
0.0327514 0.521694 1.53584
-0.888499 0.0101107 1.61936
-0.225627 0.57251 1.64019
0.132156 -0.101959 0.934411
-0.506542 -0.231362 0.829931
0.219378 0.0991496 0.606254
0.0537368 -0.0361591 0.83296
0.238401 0.140649 0.646703
-0.266807 -0.0927803 0.747342
-0.723929 0.00254519 1.44135
-1.02373 0.522639 1.66037
-0.806629 0.336617 1.48858
0.0638621 0.475916 1.67108
0.144015 -0.0504224 0.840941
-0.367041 0.424172 1.58515
-0.0874415 0.573099 1.53895
-0.404408 -0.216989 0.737506
0.0836813 0.0974335 0.790099
-0.503016 0.50737 1.50813
-0.561765 0.182428 1.70434
-0.194568 -0.219132 0.788553
-0.90446 -0.0882941 1.77607
0.110542 0.114364 0.74563
-0.00922726 -0.18823 0.814324
-0.157053 -0.118665 0.96844
-0.856474 0.317642 1.50312
0.333147 -0.0535061 0.760395
-0.738532 0.457989 1.30158
-0.0639329 0.0330553 0.792187
-0.562094 0.0666898 1.59676
0.0743668 -0.158055 0.806
-0.873439 -0.0944981 1.50712
0.564432 -0.273365 1.07474
-0.778452 0.244566 1.43371
0.0732008 0.0427964 0.859286
0.163869 0.0744549 0.725269
0.195908 -0.0186231 0.839283
0.22128 0.0736576 0.845294
-0.304444 -0.116864 1.21394
-0.867371 0.447118 1.43276
0.275582 -0.217029 0.757133
-0.339381 -0.182825 0.778918
0.0494489 0.00249736 0.824339
-0.415891 0.502558 1.53617
-0.254419 0.498769 1.61182
-0.862759 0.219571 1.45101
-0.82637 0.521449 1.3855
-0.905804 0.449098 1.31783
-0.776646 0.301163 1.47169
0.276923 0.232815 0.738872
0.539318 -0.282702 1.05658
-0.189537 -0.143896 0.910215
-0.1657 -0.064055 0.77754
-0.122862 -0.156342 0.764231
-0.132978 -0.0522393 0.815102
-0.178843 -0.0492546 0.795906
0.149728 0.148344 0.75937
-0.782324 0.043018 1.49358
0.138092 0.0652902 0.866026
-0.00845728 0.0489746 0.772894
-0.0655497 -0.0313935 0.783855
0.167142 -0.0527603 0.843395
-0.783564 -0.301001 1.2449
-0.905017 0.0520721 1.53618
0.161027 0.0324721 0.752885
-0.156492 -0.17457 0.789249
-0.488196 0.496894 1.56552
-0.307422 0.476119 1.49557
-0.915838 0.508837 1.34752
-0.751743 0.143548 1.57571
-0.728945 0.433516 1.38919
-0.211817 0.417955 1.57761
-0.504639 -0.204168 0.733426
-0.864191 -0.102643 1.51233
-0.896964 0.0469022 1.52056
0.0559249 -0.167993 0.811833
-0.342441 0.397108 1.53707
0.16864 -0.124259 0.986631
-0.948939 0.131173 1.4459
-0.245319 -0.0839901 0.700873
0.214919 -0.120935 0.898007
-0.0589441 -0.153533 0.804195
0.258761 -0.106 0.847742
-0.141249 -0.244626 0.788148
0.169699 0.12664 0.763206
-0.549453 0.176845 1.56115
-0.399634 -0.191181 0.766344
-0.162634 -0.0458129 0.722377
-0.145411 0.406686 1.71892
0.0329422 0.585151 1.81894
-0.841576 0.0452815 1.62451
-0.282835 -0.227109 0.746242
-0.875386 0.169291 1.47164
0.507715 -0.394342 1.05385
-0.0110415 -0.276342 0.822699
-0.167941 -0.0471961 0.752466
-0.183784 -0.0474872 0.754714
-0.114139 0.438317 1.57509
0.33986 -0.242536 1.09107
0.0218146 0.026634 0.794388
-0.295106 -0.255917 0.795473
0.148419 -0.0523673 0.864771
-0.0843249 0.0185834 0.771002
-0.213377 -0.234176 0.759056
-0.0561375 0.00133591 0.776679
-0.444759 0.229742 1.69349
-0.0962262 0.0127867 0.756356
0.0484806 0.0756773 0.729477
-0.100414 0.0178596 0.825541
0.183095 -0.0202065 0.6972
0.283031 0.235992 0.750902
0.377594 -0.0297255 0.698848
0.198629 0.145121 0.741284
0.0270638 -0.213527 0.820993
-0.422194 0.206394 1.63961
0.475133 -0.376049 1.12661
-0.698114 -0.0129778 1.69258
-0.619257 0.453945 1.43202
-0.0242973 -0.135949 0.813319
0.640981 -0.338873 1.48598
-0.251141 0.58297 1.48135
0.0597759 0.583323 1.53421
-0.22428 0.551834 1.57425
-0.919856 0.254247 1.37923
-0.849941 0.472429 1.29057
-0.804161 0.00693328 1.55008
-0.888 0.436154 1.34305
-0.110495 0.514423 1.62598
-0.521525 0.171909 1.57864
-0.624386 0.127829 1.42509
0.147637 0.596877 1.58535
-0.223074 0.506411 1.71113
0.145152 0.0883114 0.744806
-0.444812 -0.232385 0.765241
-0.515787 0.572635 1.43608
-0.0470377 0.599522 1.5445
-0.887242 0.588329 1.38775
-1.11771 -0.0732541 1.75195
-0.29304 0.427729 1.62003
0.156196 -0.0534276 0.901071
-0.178548 -0.119838 0.793473
0.66724 -0.247772 1.09763
-0.365623 -0.13122 0.703215
-0.346638 -0.121045 0.721764
-0.301478 -0.0745031 0.888605
0.290042 0.101826 0.684501
0.0961111 0.00510131 0.833957
-0.0162155 0.0106599 0.850637
0.263156 -0.0550084 0.810003
0.352099 -0.177319 1.00671
-0.203482 -0.222157 0.777593
0.120296 0.369672 1.52515
-0.500257 -0.17864 0.887989
0.217292 0.011857 0.840066
-0.421001 -0.168361 0.786873
-0.989379 0.179137 1.49211
-0.702578 0.221749 1.5397
-0.709212 0.463342 1.42461
-0.0405065 0.0424465 0.768851
-0.858158 0.0298133 1.56653
-0.814102 0.166599 1.463
-0.635788 0.221649 1.55559
0.351076 -0.0784232 0.73524
0.469793 0.619765 1.7337
-0.910121 0.154433 1.44454
-0.186799 0.569529 1.58795
-0.951592 0.148192 1.38547
-0.363978 -0.158878 0.735944
0.154952 -0.0115808 0.851412
-0.105163 0.442573 1.50042
-0.056652 0.417182 1.59607
0.195714 0.509562 1.78124
-0.644743 0.222528 1.57555
-0.379949 -0.21845 0.757567
-0.597147 0.378399 1.48352
-0.668937 0.219968 1.2845
0.589683 -0.328856 1.07283
-0.798932 0.156138 1.61087
0.528366 -0.338472 0.954369
-0.611662 0.254148 1.60087
-0.400145 0.319658 1.57438
-0.162594 -0.244586 0.797495
-0.372332 0.408421 1.62117
0.173668 0.0252192 0.732374
-0.831444 0.0513779 1.57305
-0.647126 0.295249 1.40484
-0.802179 0.136452 1.44651
0.226757 0.170955 0.628686
-0.891082 0.0395647 1.50887
0.276652 0.186127 0.656497
-0.109184 -0.103448 0.819698
0.316852 0.0125803 0.686597
-0.853498 0.221426 1.39244
0.36493 -0.221692 0.91367
0.280807 -0.0452783 0.661095
0.0089347 0.068875 0.792697
0.294191 0.0987326 0.659108
0.0983481 0.0863406 0.786563
0.193368 -0.00546598 0.737932
-0.368903 -0.12569 0.693081
0.350229 -0.0308954 0.729207
-0.27026 0.154097 1.45648
0.378018 -0.0591796 0.940555
0.25094 0.214819 0.607758
-0.385029 -0.156551 0.752775
0.197359 0.067248 0.822242
0.20658 0.031065 0.823279
-0.901426 0.182526 1.44136
-0.828919 0.419102 1.42276
0.00302775 -0.156363 0.779824
0.221517 0.0442443 0.840129
-0.501375 0.423128 1.43428
-0.105516 -0.0113448 0.81582
0.251606 0.108314 0.662854
0.156332 0.468617 1.76106
-0.245374 -0.0559193 0.822616
-0.234655 0.635521 1.55227
-0.663783 0.230219 1.62661
-0.249906 -0.140721 0.846848
-0.148673 -0.216843 0.774248
0.397602 -0.0357206 0.815569
-0.115657 -0.153198 0.673938
-0.264765 0.483005 1.72052
0.244722 0.162144 0.636065
0.200169 0.0412999 0.699514
-0.027148 0.00892697 0.732527
-0.348445 -0.188866 0.812672
-0.161132 -0.050561 0.746567
0.178574 0.143352 0.776743
-0.329543 -0.164903 0.709566
0.228597 0.170888 0.625101
-0.482263 0.503394 1.64102
0.131286 0.109118 0.736767
0.111479 -0.0880477 0.857421
-0.0601131 0.0281866 0.856303
-0.455625 -0.186338 0.785881
-0.456913 0.0928316 1.52725
-0.0651443 0.431869 1.8278
-0.00781133 -0.0702701 0.984159
-0.361479 -0.139024 0.636688
0.0569061 0.0112833 0.814665
-0.493396 0.453095 1.56756
-0.270104 0.286201 1.64418
0.265342 -0.0240517 0.714598
0.212234 0.548081 1.92699
0.183935 0.145152 0.700805
-0.353184 0.405475 1.454
-0.435816 0.476183 1.60816
-0.522316 -0.195956 0.867742
-0.129885 -0.00985645 0.634653
-0.111963 0.0101917 0.819398
-0.326062 -0.198867 0.80428
-0.161218 -0.0133485 0.840815
-0.270763 -0.0763725 0.666133
-0.209785 -0.150332 0.838298
0.00494372 -0.124789 0.82998
0.253926 0.17797 0.62332
-0.352906 0.408854 1.46438
0.0196991 0.0770879 0.799932
-0.109842 0.0101472 0.801373
-0.239055 -0.0532208 0.743021
0.117279 -0.103555 0.938965
0.0791078 0.0605602 0.241208
-0.387122 -0.142924 0.73845
0.0559162 0.0112609 0.803611
-0.43829 0.422017 1.39241
-0.539287 0.528697 1.48639
0.527694 -0.114446 1.00101
0.190024 -0.0333091 1.03046
-0.441072 0.505971 1.82585
0.226298 0.176 0.606984
-0.436767 0.474564 1.43456
0.120038 -0.0453718 0.841425
-0.378217 0.434455 1.56447
-0.0514311 -0.153377 0.829167
-0.164236 -0.0149526 0.798578
0.0985621 -0.100425 0.889288
-0.725205 0.418651 1.38786
-0.698481 0.262764 1.56664
-0.0197257 -0.048961 0.816433
-0.177989 -0.131954 0.834022
-0.816438 0.242902 1.31099
-0.194901 -0.0370084 0.726554
-0.552168 0.162058 1.52066
-0.736988 0.281373 1.64944
-0.645375 0.383018 1.51464
-0.820266 0.0461374 1.59932
-0.71457 0.224885 1.57009
0.268396 0.122309 0.663401
-0.0176193 -0.129159 0.815053
0.028139 0.0244394 0.812333
0.168179 0.707873 1.95857
-0.272667 0.417084 1.57169
-0.928842 0.000525352 1.47493
-0.0986198 -0.178183 0.838446
0.251755 0.0414267 0.705463
0.175378 0.0106735 0.716338
0.385979 -0.335122 1.1352
0.0380167 0.503258 1.64586
-0.891896 0.269692 1.43922
0.339411 0.61379 1.75786
0.446261 -0.236678 1.00918
0.000374724 -0.153419 0.77809
-0.0266881 0.00605784 0.706542
-0.235308 -0.122338 0.760794
-0.21553 -0.0580554 0.760024
0.0152105 -0.199795 0.808853
0.0119003 0.0745083 0.77548
-0.0342849 -0.0464137 0.442402
-0.0290951 -0.20744 0.751139
-0.171501 -0.0333819 0.621542
0.163945 0.0226889 0.754636
-0.35535 -0.18449 0.750922
0.0438886 -0.0716117 0.246469
0.196987 0.167073 0.571172
0.0912854 0.108721 0.779577
-0.373746 -0.13017 0.704227
-0.0294112 -0.02547 0.0923749
0.0726098 0.00850429 0.758231
0.445268 0.0511955 0.766528
0.282719 0.0477809 0.752908
-0.652712 -0.0115044 1.67518
0.197495 0.0079067 0.787626
-0.74565 0.482131 1.50027
-0.281168 -0.0955489 0.63201
-0.703397 -0.00998455 1.82405
0.239933 0.00615897 0.554948
-0.164006 -0.0320434 0.570959
0.0757874 0.107554 0.76568
0.425758 -0.0223977 0.757215
-0.153067 -0.0168222 0.798065
0.262522 -0.0256364 0.575413
-0.255615 -0.0851436 0.677811
0.2135 -0.152692 0.938684
-0.288642 -0.167345 0.783613
-0.314123 -0.12033 0.788224
-0.0474801 0.0266036 0.706807
0.453289 0.277771 0.788471
-0.292338 -0.118798 0.620047
-0.465522 0.561313 1.56058
-0.384756 0.520098 1.53338
0.504462 -0.115416 0.896824
0.141696 0.0231896 0.829698
0.00395375 -0.0103534 0.855243
-0.156275 -0.05043 0.822692
0.270928 -0.0385913 0.941942
-0.262776 -0.0728483 0.658072
-0.546194 0.21302 1.65065
-0.326401 0.583076 1.53271
-0.0487521 0.655265 1.68624
-0.143585 0.564482 1.4772
-0.074933 -0.0361845 0.81178
-0.220762 -0.0498346 0.757787
0.451864 -0.330718 1.19533
-0.957451 0.132132 1.46015
0.19859 0.533731 2.11205
-0.850953 0.172804 1.41347
-1.01844 0.373403 1.82881
0.154636 -0.197016 0.600028
-0.187049 -0.12522 0.768246
-0.0511417 -0.0267421 0.790064
0.587627 -0.331279 1.12578
0.223406 0.0907286 0.664824
0.0460782 0.496105 1.45338
-0.930364 -0.0002232 1.47517
0.624374 -0.303481 1.0882
-0.177129 -0.00708787 0.749237
-0.146334 0.581816 1.51342
-0.215325 0.469067 1.44486
-0.252394 0.595242 1.50414
-0.340672 0.504831 1.69052
-0.923209 0.56707 1.38712
-0.571664 0.412324 1.61206
-0.322472 -0.0984601 0.735392
-0.340092 0.559686 1.46115
-0.324517 0.580565 1.51991
0.279717 0.146051 0.697751
0.570323 -0.362394 1.02621
0.194852 0.0131812 0.801039
-0.154191 0.446893 1.66738
0.307724 -0.161236 0.905048
-0.250595 -0.168782 0.844397
0.275548 -0.112208 0.893599
-0.242282 0.335655 1.56186
0.135461 0.144361 0.80718
-0.838238 0.364735 1.39007
-0.202526 -0.0904235 0.761457
-0.221228 -0.146808 0.817865
-0.266927 -0.245973 0.78097
0.308333 0.108279 0.652174
0.066002 0.0401018 0.818575
-0.0435242 0.298583 1.59143
-0.188739 0.570848 1.58505
-0.822366 -0.0927236 1.42307
-0.96662 0.306801 1.39307
-0.874206 0.577229 1.36494
-0.83846 0.511671 1.38079
0.0221673 0.316976 1.57861
-0.672261 0.586966 1.44653
-0.0470881 0.619115 1.59075
-0.0712553 0.0173106 0.776108
-0.409997 0.558647 1.64619
-0.260542 0.470032 1.70739
-0.212522 0.260449 1.53049
-0.561426 0.616492 1.61603
-0.302729 0.559569 1.41337
0.0500468 0.0345668 0.81542
-0.222106 0.551235 1.62479
-0.645329 0.223062 1.58008
-0.543232 0.515897 1.46451
0.191218 0.00898039 0.734768
-0.90651 0.310346 1.43967
-0.5826 0.299384 1.67971
-0.845858 -0.108553 1.63952
-0.297407 -0.147749 0.748144
0.0552747 0.000379823 0.812395
-0.250618 0.453059 1.61408
-0.0226114 0.0606249 0.753386
-0.228416 -0.0724871 0.781938
0.187867 -0.0944839 0.913993
0.355423 -0.133686 0.806341
0.306567 0.574689 1.65088
0.33972 -0.141299 0.779792
0.250405 0.599019 1.6633
-0.920636 0.360337 1.3572
-0.294411 0.571053 1.52632
-0.971069 0.187154 1.63435
-0.00296681 -0.129238 0.807874
-0.030387 0.0488159 0.760398
0.164976 -0.143168 0.912916
-0.174891 -0.127265 0.872431
0.397745 0.541885 1.67783
-0.0681275 -0.161681 0.83458
0.111222 0.102083 0.753003
-0.0898076 0.466757 1.6
-0.108618 -0.017534 0.677811
0.171864 -0.00247806 0.676643
-0.89235 0.347934 1.47368
-0.308099 -0.0911902 0.726696
0.14299 0.566659 1.57285
0.522695 -0.368455 1.12132
-0.758215 0.293755 1.57574
0.300483 0.570727 1.62409
-0.0781938 0.0303845 0.817098
-0.915202 0.314345 1.45175
1.22903 0.61564 1.79895
1.17453 0.519403 1.72447
-0.477307 0.541129 1.5424
0.1866 0.54228 1.78543
-0.732573 -0.000784019 1.70113
0.264927 0.0540691 0.713465
-0.295537 -0.173226 0.763308
-0.732281 0.238857 1.5482
-0.83154 0.337603 1.50828
-0.245105 0.466714 1.53958
-0.799889 0.232459 1.56369
-0.586337 0.176946 1.64076
0.116956 0.121843 0.882975
0.378996 -0.236071 0.950193
-0.240996 0.302939 1.67541
0.476565 -0.326279 1.09385
0.0538988 0.0821316 0.782996
-0.471786 0.155944 1.59052
-0.0662934 -0.183016 0.776085
-0.567583 0.177119 1.58827
-0.387779 -0.213553 0.741363
-0.899648 0.240876 1.47446
-0.864003 0.498753 1.38649
-0.711337 0.260501 1.437
0.0860596 0.549511 1.98139
0.142577 0.00619457 0.720308
-0.166995 0.554073 1.61893
-0.0268577 -0.21706 0.777338
0.0140898 0.431689 1.65949
-0.280399 -0.14299 0.782534
0.602011 -0.247406 1.09203
-0.183482 0.550941 1.5469
-0.968963 0.0613658 1.48159
-0.385871 -0.155277 0.686574
0.0190563 -0.210725 0.818836
0.355515 0.110819 0.636084
-0.122521 0.00329544 0.754278
0.143294 0.0691814 0.783668
0.0948343 -0.251094 0.843642
-0.0417372 -0.074991 0.831739
-0.160469 -0.179042 0.808726
-0.189927 0.430205 1.69295
0.0902385 0.00340481 0.831594
0.471813 -0.156678 1.09976
0.353569 -0.0772576 0.736035
0.523573 -0.111526 0.993112
-0.252085 0.272625 1.58004
0.200135 -0.146451 0.894615
0.21034 -0.120994 0.888192
-0.468476 0.453273 1.5966
-0.803372 0.048728 1.64459
-0.0573289 0.559854 1.55987
-0.214652 0.371251 1.57544
-0.12472 0.506324 1.54468
-0.275623 -0.0739907 0.725397
0.0385043 0.456517 1.5379
0.756657 -0.448941 1.45088
-0.036192 0.011454 0.780197
-0.15775 -0.209727 0.795004
0.0927111 0.0685979 0.805225
-0.906049 0.130996 1.48855
-0.920521 0.0300074 1.74683
-0.190318 0.429241 1.68867
0.215066 -0.103758 0.931338
-0.00119465 0.517382 1.72224
-0.696981 0.281614 1.56998
0.145162 0.135548 0.729708
-0.623481 0.193817 1.62601
0.00257732 0.0303972 0.737921
-0.00323794 0.0129969 0.796857
0.00282464 0.0298555 0.735624
0.323479 0.115686 0.631311
-0.773399 0.12368 1.66318
-0.249452 0.338332 1.66418
-0.327105 0.440412 1.60351
0.0233549 0.0491533 0.788355
-0.191675 0.473704 1.76143
-0.848104 0.247634 1.39153
-0.723665 0.137978 1.51447
-0.0886517 0.59439 1.59035
-0.414447 -0.199386 0.806162
-0.901329 0.109056 1.51094
-0.305618 -0.120598 0.720512
0.0586078 -0.0462271 0.742354
-0.202444 -0.0213573 0.968381
-0.77149 -0.00014501 1.80161
0.307644 0.0964045 0.671447
0.105597 0.592101 1.64052
-0.104671 -0.227456 0.782966
-0.537953 0.399632 1.22633
0.0339215 -0.203431 0.824254
-0.0848217 0.018047 0.764978
0.0551656 -0.168085 0.81273
-0.133268 0.000585402 0.789314
0.191987 0.125302 0.766195
-0.473393 -0.176705 0.83793
-0.258937 0.311119 1.80141
-0.884736 0.228882 1.49125
-0.964296 0.0667574 1.57523
-0.703543 0.266453 1.62295
-0.668093 0.213053 1.39746
-0.0164321 0.549742 1.58636
0.174978 0.0762401 0.505713
0.0454538 -0.0448075 0.812072
0.245811 0.148985 0.604488
0.362891 0.0848449 0.637569
-0.213039 0.294277 1.76994
-0.602541 0.12218 1.65995
-0.0335049 0.519785 1.66651
-0.81552 0.00670686 1.48166
-0.260355 0.507298 1.50458
-0.0648157 -0.00386701 0.748315
-0.90487 0.192652 1.48454
-0.899284 0.0611087 1.46589
0.0383263 0.520397 1.69447
0.195417 0.176111 0.717924
0.0138408 0.0385229 0.81519
0.249388 -0.106323 0.818205
-0.0203601 0.0260745 0.781259
0.260799 0.495498 1.66058
-0.0308756 0.535993 1.72196
0.655843 -0.220976 1.08966
0.0865813 -0.095854 0.861991
-0.21977 0.540344 1.56172
0.0548541 -0.0713305 0.271381
-0.798488 0.172991 1.57937
-0.0751195 -0.180038 0.933729
0.57364 -0.136784 0.981099
-0.676793 0.247204 1.63795
-0.148732 0.594864 1.54791
-0.223587 0.310786 1.52409
-0.315462 -0.108554 0.722083
-0.249772 0.586892 1.48109
-0.0881415 0.573861 1.54746
-0.217795 -0.21876 0.791074
0.346367 -0.243808 1.0995
-0.902215 0.507834 1.38632
0.251129 -0.251599 1.07868
-0.228524 -0.0455494 0.849625
0.200015 0.042598 0.697439
-0.334402 0.30788 1.57243
-0.573047 0.471993 1.20416
0.264578 0.582425 1.83315
0.149983 -0.0972046 0.914925
-0.381595 0.318947 1.46007
-0.171682 -0.124787 0.837925
0.0107689 -0.151604 0.786746
-0.0437734 0.0395014 0.774428
0.447389 -0.220648 0.972944
0.194908 0.0677363 0.647268
-0.211977 0.468006 1.58262
0.000765766 0.513101 1.69934
0.275478 -0.0217684 0.756566
0.128643 0.107801 0.737664
-0.28293 0.469676 1.59975
0.106604 -0.109436 1.246
0.24438 0.21108 0.666127
-0.281414 -0.081536 0.694642
0.03478 0.484342 1.67037
0.258132 0.211008 0.6614
-0.160204 -0.193936 0.787745
0.120484 -0.02709 0.590148
-0.847139 0.0355217 1.42913
0.121528 0.0991208 0.788323
-0.0287937 -0.0435502 0.828348
-0.334974 -0.104129 0.766165
-0.051969 -0.0886449 0.972275
-0.561701 0.403313 1.58405
0.0174147 0.0416801 0.854038
-0.237538 -0.0764087 0.81183
0.0483408 0.36983 1.7338
0.608789 -0.15959 1.03619
-0.149809 -0.00727902 0.797541
0.126111 -0.115753 0.937202
0.269036 0.221607 0.651448
0.175789 -0.167208 0.959076
0.0852893 0.0484404 0.755727
0.153675 0.153144 0.784484
0.0437539 0.0542776 0.794278
0.0922549 0.00174592 0.835114
-0.0936868 -0.00176765 0.719842
0.260421 0.0378482 0.729388
-0.666904 0.130886 1.45099
-0.152399 -0.203925 0.775572
0.153049 0.120505 0.761188
0.0305907 -0.00241648 0.824351
-0.51163 0.38004 1.46788
0.174217 0.0359619 0.816518
-0.87928 0.0266778 1.45472
-0.943333 0.118881 1.46007
-0.081725 0.0232432 0.788431
-0.152928 -0.00758636 0.746901
-0.774619 0.0487931 1.59062
-0.211806 -0.133323 0.59726
0.116556 0.0570186 0.747125
0.130511 -0.0749922 0.843669
0.0786132 -0.0235318 0.82843
-0.414432 -0.16087 0.721413
0.0188444 -0.0513266 0.822254
0.298675 -0.237349 0.833754
0.023543 0.572252 1.58437
0.0254669 -0.215714 0.825625
-0.809768 0.317355 1.54042
-0.5236 0.58032 1.4607
-0.490169 0.567871 1.60246
-0.71748 0.419228 1.33526
-0.409396 0.483012 1.48912
-0.341547 0.580036 1.50219
0.146297 0.0908573 0.786499
0.11053 0.0274581 0.799104
-0.641377 0.251687 1.56768
0.181316 0.0832303 0.779186
0.131959 -0.175667 0.912071
-0.0881531 -0.167823 0.813402
-0.951633 -0.0399891 1.56885
-0.348216 0.598404 1.54245
0.0519771 0.383138 1.77908
0.156069 0.562775 1.70914
-0.813497 0.103096 1.46343
0.0829737 -0.0841935 0.852353
-0.333859 0.296361 1.71452
0.0178018 -0.10855 0.800536
-0.390661 0.490894 1.53764
-0.360051 0.318897 1.639
-0.35689 0.398108 1.53734
-0.501861 -0.223106 0.755577
0.564025 -0.335258 1.08459
0.012024 0.053433 0.766844
-0.0194808 0.0214823 0.689328
-0.498234 0.481305 1.50876
-0.216838 -0.153296 0.853342
-0.556138 0.178912 1.58354
0.246788 0.204713 0.677863
0.0571123 0.428233 1.47886
0.0199679 0.0422327 0.814686
-0.43561 0.529219 1.53986
-0.0396731 -0.0426739 0.75498
-0.15368 -0.0328533 0.480862
-0.379297 -0.0927928 1.14442
0.274023 -0.0510644 0.800868
0.174841 0.137508 0.915509
-0.176022 -0.219577 0.762658
