0.743266 -0.123637 1.66178
-0.126942 0.120641 1.36828
0.751026 -0.338805 1.63956
0.0531865 0.119328 0.401234
0.0496392 0.111028 0.421342
0.116366 0.0822741 0.411718
-0.0567641 0.110458 1.31018
0.76708 -0.353935 1.66968
0.110805 0.135026 0.418573
0.0290948 0.10958 0.452163
-0.16225 0.146857 0.534439
0.057401 0.105641 0.401903
0.100526 0.128739 0.40115
-0.165031 0.150266 0.544808
0.12186 0.0861686 0.4299
-0.0408363 0.085549 0.391597
0.144712 0.088634 0.38595
0.204747 0.0798683 0.32256
-0.125683 0.118846 1.3749
-0.0404297 0.0855409 0.391184
0.0445197 0.0849354 0.420055
-0.00953848 0.0622025 0.403895
-0.100586 0.0903356 0.489307
-0.00377016 0.088074 0.402455
-0.210923 0.146157 0.495588
-0.497375 0.0589003 1.51173
0.0683995 0.128267 0.401512
-0.181388 0.147477 0.516363
1.04513 0.0755228 6.39577
-0.213372 0.148215 0.500651
0.0363773 0.0821239 0.353859
-0.0898471 0.0764721 0.3823
-0.305133 0.238505 1.52135
0.0244438 0.0629448 0.392893
0.552539 0.0834385 0.966017
0.0275437 0.0728598 0.394344
-0.0644172 0.0989943 0.441108
0.469633 0.0391226 0.801772
-0.128836 0.131548 1.37307
0.00721649 0.0821863 0.357735
0.12079 0.0882966 0.437548
0.211046 0.100709 0.328453
0.135666 0.0813807 0.365291
0.0446413 0.0940335 0.35455
-0.266776 0.0864646 1.33149
0.214311 0.105208 0.329542
-0.0963578 -0.0893739 0.418316
0.106329 0.0978369 0.467695
0.169597 0.116162 0.365671
0.0299061 0.0516184 0.502281
0.445232 0.203535 0.539369
0.21582 0.095659 0.300639
0.0101268 -0.0553144 0.265022
0.0417801 0.0535132 0.404721
0.151847 0.0691308 0.37981
0.151439 0.0691492 0.380412
-0.0893879 0.0712243 0.375333
0.175748 0.0812891 0.449701
-0.0829762 0.0687448 0.36282
0.0544575 0.0928069 0.290021
-0.0117356 0.117892 0.2985
0.0475618 0.125843 0.398149
0.103317 0.111584 0.473978
0.193171 0.0863009 0.394642
0.160097 0.120445 0.378808
0.0427238 0.163315 0.487212
0.0770605 0.133777 0.353431
0.0670195 0.126608 0.3989
0.0586665 0.120593 0.384336
0.0888554 0.105449 0.394251
-0.0579099 0.0850027 0.399359
-0.017483 0.0927904 0.405562
-0.00677979 0.123102 0.394275
-0.0675657 0.0817998 0.388638
0.0998749 0.0909104 0.287617
0.653093 0.00997599 0.679303
0.68019 0.0117453 0.706047
0.0357591 -0.0260645 0.220729
0.217794 -0.148668 0.322903
0.0546491 -0.0333079 0.220234
0.0168963 -0.0158146 0.243537
0.0626347 -0.0330987 0.209967
0.0653187 -0.0346559 0.207307
0.0109748 -0.0171137 0.228391
0.188378 -0.102931 0.188737
0.592875 0.141532 0.686498
-0.0270184 0.293733 1.26497
0.0292057 0.0756819 0.409099
0.208854 0.0822536 0.328531
0.142101 0.0803132 0.424975
-0.649941 0.322164 1.43679
-0.126528 0.127508 0.379876
-0.164913 0.145228 1.35224
0.194835 0.119813 0.381804
0.145751 0.0666693 0.36154
-0.173764 0.144729 0.583047
-0.536932 0.256844 1.48076
0.697998 -0.4397 2.03071
0.784706 -0.341413 1.63083
0.15898 0.0675544 0.374746
-0.0552229 0.082702 0.388088
-0.0411221 0.0847129 0.390272
0.86272 -0.0599565 1.66739
0.209771 0.126476 0.353661
0.175369 0.21255 1.96451
0.993358 0.0184848 1.48071
-0.0743463 0.070691 0.343947
-0.0445049 0.163755 1.51959
1.00184 -0.4717 1.12599
0.574178 0.0841117 0.706604
0.506974 0.102828 0.629143
0.0489579 0.0514802 0.487441
0.104122 0.0807788 0.417928
0.214706 0.0527909 0.303269
-0.0570739 0.126728 1.271
-0.0821934 0.0989919 0.376082
-0.00199028 0.0782242 0.379832
0.366536 0.0684762 0.59728
0.00476806 0.0480031 0.429909
0.0270847 0.0645734 0.396258
0.856312 -0.298227 1.76334
0.0653176 0.128902 0.409358
0.0372107 0.118824 0.483045
-0.0380506 0.163804 0.458568
-0.296182 0.321511 1.5173
-0.0714881 0.0837762 1.46391
0.143435 0.0729451 0.370685
-0.685668 0.155281 1.56419
0.117571 0.149042 0.540483
0.0396297 0.136125 1.24281
0.750659 -0.259698 1.55822
0.134893 0.0743676 0.39674
1.19827 -0.501111 2.21361
-0.0836522 0.0912067 0.373934
0.0536302 0.113892 0.427709
-0.00514106 0.143371 0.425443
0.318452 -0.26983 2.35658
-0.434602 0.288042 1.27389
0.225433 -0.13283 0.896015
0.11741 0.0826169 0.408592
-0.114169 0.105021 0.453594
-0.0676752 0.0843591 1.3856
-0.523883 0.173244 1.57565
0.476872 0.0480749 2.38981
0.0915277 0.0825399 0.37503
0.154672 0.0765338 0.387246
0.299438 -0.0273959 2.21469
0.194006 0.105216 0.382981
-0.439466 0.211803 1.36824
0.515202 0.186547 2.17223
0.134565 0.0827978 0.372682
0.479976 0.214097 2.2436
0.0399661 0.0283302 1.49703
0.971899 -0.261692 1.78548
0.023175 0.102424 0.429141
1.48972 -0.486695 2.66158
-0.460651 0.239372 1.42486
0.140135 0.0676278 0.350915
-0.0717824 0.0851833 1.44683
0.173883 0.0675085 0.37516
-0.145936 0.127321 0.52928
-0.629996 0.087286 1.45692
-0.0436122 0.0871798 0.398503
0.0391801 0.0823179 0.406686
0.178102 0.0641835 0.381248
0.102379 0.142937 0.419133
1.33651 -0.55779 2.4994
0.00448975 0.119867 0.450317
0.701323 0.118803 1.72321
0.0009938 0.117719 0.436398
-0.0597817 0.106699 0.425609
-0.517596 0.177388 1.62761
-0.193477 0.153416 0.541296
0.0978462 0.0822792 0.434026
0.114052 0.10247 0.509436
-0.184109 0.173364 1.30396
0.0298905 0.137546 0.458658
-0.0807692 0.131366 0.372841
0.0240622 0.0984707 0.429583
-0.176628 0.139812 0.496131
0.389396 -0.440511 1.76263
-0.455394 0.231872 1.45522
-1.02498 0.544793 2.2831
-0.521081 0.3123 1.33464
0.739803 -0.262731 1.53467
-0.0469732 0.0717217 0.389162
-0.583285 0.212755 1.42059
-0.143694 0.104997 0.38954
-0.0521763 0.0975572 0.381121
-0.46758 0.212964 1.32032
-0.0514425 0.0508033 0.366478
0.181687 0.115702 0.281166
0.161129 0.108836 0.34401
0.20163 0.14121 0.419103
-0.00569845 -0.158067 1.38113
0.139645 0.0792046 0.42022
-0.124328 0.12485 0.37859
0.668563 -0.419843 1.96845
-0.0454857 0.0859551 0.395106
-0.529 -0.0184995 1.24076
0.792028 0.145041 1.70045
-0.0847082 0.134365 0.381431
0.101526 0.177909 0.478158
0.0978777 0.139372 0.399707
-0.11011 0.150243 0.424462
0.0831617 0.137112 0.34141
-0.454652 0.216158 1.44043
1.04427 -0.418805 1.95859
0.256535 0.0781797 0.363377
0.171216 0.0650379 0.367207
1.07653 0.010544 1.62382
-0.41432 0.154052 1.56333
-0.400424 0.148972 1.51564
0.0500123 0.0867856 0.218731
0.753679 -0.235997 0.843126
0.17206 0.123666 0.28416
-0.368524 0.148541 1.36112
-0.0682302 0.0772095 0.406396
-0.159695 0.158215 1.37835
-0.0653062 -0.465875 1.44258
0.481159 0.107944 0.794615
-0.149054 0.135675 1.23945
-0.495457 0.237958 1.44527
0.0470846 0.0841682 0.512317
0.173757 0.0821004 0.370085
-0.0658215 0.0813452 0.389439
-0.0198812 0.0915969 0.396424
0.0850465 0.0679278 0.36256
-0.211162 0.179727 1.37131
0.658885 -0.32905 1.95259
0.00417695 0.0721979 0.391717
0.0409667 0.10311 0.428074
0.000122821 0.0982995 0.737896
0.0255995 0.0622083 0.398008
0.388851 0.0983703 0.572618
0.232889 0.0686351 0.322799
0.213696 0.0722819 0.307835
0.592716 0.175517 0.7046
0.0056635 0.0715593 0.380782
-0.0666889 0.080928 0.384016
-0.0880477 0.0664754 0.40759
0.847798 -0.105918 1.52384
-0.0343922 0.0697287 0.395698
0.2399 0.252806 2.32831
0.197794 0.0497651 0.30961
-0.327907 0.194882 1.33512
-0.0781588 0.148294 1.2295
0.181516 0.116752 0.367352
0.212928 0.0409143 0.318141
0.154158 0.114227 0.357401
-0.0899189 0.11377 0.412717
0.689986 -0.377427 1.68188
-0.51429 0.172356 1.56564
0.0209248 0.0804658 0.386275
0.00469441 0.102806 0.38987
0.0218121 0.106137 0.416624
-0.179925 0.14925 0.538664
-0.458129 0.244869 1.4493
0.172983 0.0666559 0.372771
0.145784 0.0677144 0.348717
0.14803 0.0666066 0.344699
-0.0473238 0.0707513 0.383607
-0.0175118 0.108789 0.384045
-0.0761711 0.138549 0.381491
-0.184165 0.154406 0.543847
-0.508319 0.300007 1.29569
0.0230813 0.101092 0.434809
0.00230797 0.0567598 0.406326
-0.0907657 0.0721974 0.380005
-0.00237018 0.0961756 0.40762
-0.05269 0.119677 0.479671
0.111414 0.0895338 0.459794
0.176205 0.063824 0.37931
2.30625 -2.56315 9.88888
1.38052 -0.411027 2.48816
0.281679 0.0190891 2.42422
0.692278 -0.382511 1.69076
0.0227993 0.111545 0.431995
0.207597 0.0955186 0.313149
0.570984 0.131807 1.71587
0.548274 0.0326209 0.790108
0.696198 0.136984 1.06421
0.0380559 0.0468317 0.411434
-0.0548457 0.0642614 0.409359
0.087476 0.113517 0.372998
-0.0554448 0.0730406 0.39771
0.1048 0.124484 0.389297
-0.0796184 0.0955693 0.373246
0.221669 0.0776931 0.312792
-0.0721846 0.085077 0.348109
0.272071 0.0806588 0.382445
-0.11247 0.0800568 0.469761
0.466418 0.155321 0.839559
0.211315 0.0884099 0.322958
0.338375 0.15561 0.640781
0.203004 0.084791 0.308766
-0.0895806 0.0806925 0.390919
0.026739 0.121321 0.403661
-0.0741466 0.0668938 0.393116
0.200693 0.127265 0.40505
0.0282205 0.108398 0.444812
0.281156 -0.221404 1.1555
-0.00972257 0.0536207 0.403274
0.158271 0.0667037 0.371731
0.217253 0.0752014 0.306203
0.0751462 0.152302 0.355233
0.150058 0.125741 0.308837
0.143632 0.15008 0.3627
0.194005 0.135941 0.340771
0.133464 0.122457 0.275028
0.130497 -0.0236306 0.312871
0.751052 -0.43286 0.876165
1.07673 -0.354395 1.35407
0.00195204 0.0723338 0.371784
0.972829 -0.0747532 1.69934
0.83495 -0.364472 1.74266
0.0308068 0.0759117 0.446194
0.0337582 0.0773667 0.387596
0.225784 0.0839918 0.318497
0.140105 0.06808 0.372872
0.0588545 0.119438 0.429227
0.0386963 0.0546452 0.470085
0.478853 0.0688911 0.82607
0.173431 0.0881096 0.482139
0.0430849 0.154308 0.628988
0.0499567 0.126635 0.404485
0.094418 0.0861827 0.403431
-0.0177743 0.0924039 0.402711
-0.0176208 0.108511 0.388713
0.0894479 0.107046 0.402457
-0.083897 0.0781895 0.373559
-0.173533 0.140262 0.570249
-0.0827084 0.0956282 0.383969
0.00307753 0.0656408 0.448802
-0.0127035 0.0618091 0.401952
0.154856 0.114755 0.360381
-0.0757423 0.0746629 0.363512
-0.402601 0.223276 1.64168
0.22272 0.034055 2.20001
0.447302 0.0368627 0.761782
0.368826 -0.0177653 2.58993
0.190734 0.0713179 0.413672
0.242482 0.111891 0.50633
0.000710646 0.116552 0.426765
-0.0806424 0.108708 0.379805
0.203358 0.0847884 0.309586
0.0139107 0.130074 0.426962
0.982732 -0.183289 1.52552
1.23066 -0.424519 2.21858
0.843177 -0.0574845 1.63574
0.030949 0.115888 0.460556
0.24462 0.0369298 2.51723
-0.0406422 0.0808628 0.713306
0.11789 0.0869973 0.433613
-0.0570953 0.0781721 0.425009
0.050312 0.109356 0.413496
0.262638 0.0392765 2.36244
-0.0579855 0.0753227 0.378927
0.180649 0.117253 0.36802
0.143345 0.130747 0.357359
0.104476 0.134757 0.420382
-0.0563752 0.136197 0.391424
-0.180844 0.140847 0.468927
-0.160481 0.148887 1.35101
-0.0821039 0.133848 0.380965
-0.169149 0.133463 0.462858
0.0671667 0.121475 0.390149
-0.0949945 0.138329 1.05137
0.112944 0.0833191 0.416718
0.0258805 0.120349 0.403229
0.158784 0.102053 0.452008
0.0170553 0.0986444 0.374851
-0.00302934 0.0876166 0.408433
0.957344 -0.0674144 1.84631
-0.00321913 0.0834645 0.403143
0.794618 -0.12694 1.63848
-0.465577 0.183361 1.61183
-0.0188266 0.11171 0.400677
0.0258254 0.105457 0.352384
-0.454773 0.229085 1.02359
0.208796 0.0999012 0.323049
0.0287317 0.108721 0.448268
-0.0655993 0.0646699 0.40423
-0.165299 0.126305 0.540213
0.0458589 0.0816546 0.531017
-0.138118 0.111757 0.387449
0.211432 0.0441602 0.317162
-0.562987 0.312494 1.6228
-0.43819 0.263892 1.12829
0.218416 0.0525023 0.343255
-0.28534 0.163882 0.579529
-0.00447687 0.0566989 0.377163
-0.329285 0.145974 0.555151
-0.0219563 0.148219 0.427204
-0.0615252 0.0632547 0.389019
0.0410744 0.0433827 0.4292
-0.29924 0.180417 0.659486
0.0124675 0.0740761 0.498375
-0.0383284 0.132764 0.397391
-0.079875 0.0706577 0.382293
-0.119027 0.119744 0.360506
-0.197068 0.137685 0.468041
0.00586506 0.149563 0.444066
0.0626479 0.128369 0.408112
0.138272 0.0831192 0.363438
0.0447378 0.0989345 0.442886
0.045499 0.15907 0.469958
0.144167 0.0718517 0.370419
0.0436612 0.0851332 0.422584
0.070895 0.132915 0.42909
-0.0842161 0.112088 0.392557
-0.059834 0.088906 0.374604
0.0244329 0.0542654 0.290276
0.110437 0.142961 0.452196
0.189854 0.125946 0.383887
0.0333023 0.165133 0.506517
0.157099 0.066303 0.341369
-0.0814335 0.102634 0.376628
-0.0323558 0.0688103 0.393057
-0.0887114 0.0799649 0.388037
0.0377188 0.0411431 0.400281
-0.122228 0.108051 0.317599
-0.0530394 0.084295 0.358807
-0.122118 0.107481 0.315993
-0.0786966 0.0699855 0.379181
0.205061 0.0934305 0.319298
0.0481874 0.11346 0.462581
0.0365978 0.115937 0.472528
-0.000757677 0.096063 0.399798
-0.0199998 0.144586 0.418044
0.19463 0.0529102 0.312213
-0.031019 0.0683788 0.389161
0.0419671 0.0429771 0.4197
-0.0668337 0.0739545 0.38319
-0.0660251 0.0783994 0.373404
0.152258 0.101898 0.321496
-0.198971 0.151361 0.522461
-0.622086 0.216024 1.48301
-0.243533 0.163786 0.570312
-0.330288 0.177101 0.834631
-0.596193 0.210372 1.42829
-0.221008 -0.0754943 0.814626
-0.0499312 0.0755917 0.33625
0.041564 0.0967007 0.407396
0.937354 -0.363328 1.50778
0.0959927 0.137224 0.393847
0.0228377 0.0903464 0.391612
0.16132 0.0685776 0.380324
0.0307315 0.0844822 0.413284
0.00309011 0.102356 0.376321
0.102187 0.0797383 0.40817
0.118436 0.127649 0.336998
-0.0865594 0.113249 0.406078
0.220014 0.123545 0.299873
0.0452413 0.131362 0.329593
0.141976 0.143718 0.344485
0.547885 0.0253839 0.913547
0.198649 0.117516 0.290552
0.180216 0.0784687 0.246915
0.0940626 0.21253 0.486396
0.0756724 0.154401 0.353939
0.19132 0.126255 0.36973
0.0691483 0.143208 0.367933
0.0236115 0.0361867 1.22942
-0.0340233 0.121756 0.365089
0.482444 0.0422399 0.80856
-0.0543203 0.0820712 0.385529
0.732536 -0.094084 1.62093
0.136248 0.0748521 0.399861
-0.208468 0.171582 0.60686
0.118077 0.0823516 0.407724
-0.0652555 0.0951615 0.401813
-0.232596 0.154938 0.701573
-0.0676182 0.0927415 0.382145
0.0173171 0.074615 0.306906
0.0315537 0.11219 0.4499
0.137423 0.083869 0.378877
0.011439 0.0900558 0.40103
-0.603221 0.305836 1.34844
-0.223062 0.15601 0.526603
1.68751 -0.540623 2.76194
-1.32546 0.701881 2.94179
-0.0735471 0.0758963 0.368556
-0.0870473 0.133416 0.393828
0.00136322 0.0669963 0.423797
-0.481416 0.264271 1.20563
0.140062 0.0900279 0.396624
0.0425477 0.0973773 0.419136
-0.422258 0.167231 1.48828
0.977306 -0.244339 1.77783
-0.171514 0.140754 0.577407
-0.259136 0.159027 0.565686
-0.479443 0.261464 1.50507
0.167124 0.102601 0.340032
0.251175 0.104928 0.347357
0.314628 0.0800067 0.459044
0.2582 0.107097 0.356402
0.14156 0.11032 0.347168
0.22763 0.0764155 0.325296
0.0258792 0.139997 0.374563
0.21079 0.0834723 0.331639
-0.0208932 0.147098 0.425233
-0.232511 0.178128 0.477716
-0.346943 0.155701 0.641353
0.302837 0.109557 0.52497
0.289448 0.0711788 0.4192
0.0577621 0.13651 0.3964
0.0490439 0.135268 0.37143
-0.680358 0.0813369 1.55542
-2.48395 -0.0357325 3.44593
-0.975256 -0.0377001 1.76228
-0.0688412 0.0934357 0.373473
-0.05608 0.0798445 0.36799
-0.0718329 0.101779 0.379509
-0.136795 0.138141 0.744768
-0.177397 0.135474 0.504566
-0.200195 0.157824 0.519211
-0.197885 0.147482 0.546547
-0.0813906 0.0700915 0.368329
-0.159531 0.146323 0.537383
-0.491248 0.198068 1.48205
-0.29591 0.235945 0.741543
-0.198187 0.156876 0.515898
-0.170743 0.14566 0.517676
-0.17348 0.135011 0.526078
-0.0168154 0.128184 0.398101
0.180014 0.109542 0.37036
0.181298 0.126496 0.341676
0.12076 0.101787 0.274066
0.181623 0.106604 0.263528
0.136074 0.105318 0.331773
0.0611852 0.142612 0.414814
0.0543277 0.12568 0.436343
-0.0211659 0.141429 0.43891
-0.321131 -0.348741 1.3445
0.171311 0.0599913 0.360621
-0.636854 0.0838587 1.47936
-0.438324 0.171348 1.45034
0.535017 0.0720474 0.918095
0.699572 -0.229581 1.79449
0.572005 -0.535723 1.43032
-0.0021648 -0.180611 1.51244
-0.00649951 0.0581741 0.406016
-0.213801 -0.0221352 0.362615
0.0703588 -0.0356854 0.205816
0.0557745 -0.0225539 0.214356
-0.214011 -0.0220418 0.362884
0.0326418 0.0617929 0.391453
0.59978 0.0342761 0.743538
0.58746 0.0869315 0.728647
0.783653 -0.401424 0.850463
0.917345 -0.101997 1.61931
0.0212981 0.066677 0.556961
0.0266525 0.0469106 0.457054
-0.100407 0.0984235 0.68199
0.152712 0.0692188 0.381935
-0.293809 0.09596 1.40514
0.737431 -0.393564 0.863655
1.07323 -0.500922 1.21717
0.197715 0.0779108 0.301587
0.44472 0.202853 0.506991
-0.104047 0.0823524 0.433555
0.0979984 0.136696 0.350908
0.14148 0.0988917 0.27653
0.227042 0.0753347 0.322535
-0.00126998 0.147516 0.431898
0.023603 0.151591 0.403671
-0.0542397 0.0824473 0.386577
-0.0737543 0.0678234 0.385179
-0.071228 0.136021 0.329701
-0.0758473 -0.0445485 1.3852
1.09656 -0.508891 1.82056
0.686799 -0.163941 1.68958
0.845724 -0.540997 1.56603
0.673196 0.0867271 0.678192
0.654442 0.00632952 0.777727
0.492009 0.0470138 0.813699
0.572676 -0.537686 1.44489
-0.173402 0.175334 1.4357
0.81785 -0.258289 0.919504
-0.413984 0.161656 1.46467
-0.51313 0.19795 1.54546
0.749612 -0.416194 0.78912
-0.0595611 -0.0329948 1.25535
-0.377218 0.142403 1.39533
0.299465 0.247889 2.3669
0.880469 -0.373819 1.64451
0.741118 0.136113 1.74622
1.07349 -0.199455 1.67051
1.11192 -0.367681 1.40034
-0.381813 0.224707 1.56218
0.0116679 0.089727 0.410817
0.0396693 0.0646844 0.406828
0.656239 -0.00364034 0.789141
0.00167976 0.0784554 0.397049
0.318686 0.0800807 0.468836
0.608465 -0.194431 0.812916
0.592258 0.0278629 0.743218
0.678655 0.0836683 0.674003
0.700117 -0.376409 1.6802
0.786337 -0.147311 1.48963
0.585438 -0.538268 1.41932
0.608554 -0.190681 0.808631
-0.0683104 -0.0367399 1.3269
0.740045 -0.11378 1.64378
-0.46548 0.214177 1.40881
0.166365 0.11763 0.243393
0.180054 0.137941 0.325323
0.112436 0.118391 0.419823
0.173753 0.118084 0.281123
-0.0745805 0.0690887 0.385905
-0.0181429 0.163667 0.424927
0.0166503 0.108529 0.529249
-0.0883456 0.103316 0.407478
0.178496 0.121633 0.322706
0.00528783 0.155701 0.462089
-0.0751426 0.103594 0.377532
0.197887 0.147686 0.418301
0.0211547 0.155385 0.453164
0.0722362 0.135808 0.426322
0.162569 0.06886 0.382535
0.596782 -0.532319 1.38469
-0.202735 0.167003 1.29793
0.917481 -0.585153 1.69198
0.285436 -0.364398 2.4177
-0.0343267 0.0605885 0.337346
0.476957 0.0389451 0.810523
-0.0477226 0.0696201 0.383361
0.604468 0.0849303 0.727681
0.00587068 0.068786 0.399617
0.0410455 0.0525605 0.404872
0.040402 0.0774068 0.483248
-0.0287429 0.16268 0.768763
0.183946 0.132548 0.299903
-0.0550944 0.155094 0.292919
0.339204 0.186067 0.422288
0.24774 0.10885 0.345041
0.192035 0.111906 0.256082
-0.11566 0.156201 0.439437
-0.0663898 0.0774646 0.364612
-0.080339 0.0922782 0.375674
0.208274 0.12578 0.350568
-0.0894503 0.12523 0.405327
-0.392927 0.162566 1.45129
0.124737 0.092588 0.25635
0.0620301 0.145958 0.415486
0.166925 0.0725998 0.34933
0.0997918 0.121325 0.433957
0.799214 -0.274446 1.66301
0.261743 0.0809444 0.371784
-0.0605404 0.142246 0.411054
0.0421656 0.0532778 0.40039
0.0022862 0.0764722 0.500635
-0.000215166 0.164473 0.435705
0.036239 0.0758586 0.314881
0.109942 0.166794 0.481951
-0.0570809 0.136123 0.393326
0.0446564 0.165439 0.491677
0.715636 0.0698454 0.668687
-0.0827996 0.118609 0.383404
0.183198 0.122532 0.35302
-0.00692265 0.0756674 0.412239
-0.0155917 0.0900778 0.393566
0.0595046 0.122343 0.390954
-0.159616 0.186767 0.541629
0.245758 0.0755842 0.345885
0.0929865 0.172264 0.448699
0.159235 0.107553 0.339453
0.228663 0.101139 0.317387
-0.126868 0.140512 1.36339
0.312744 0.173208 0.662111
-0.0337152 0.169732 0.366075
0.166836 0.140878 0.317896
0.664402 -0.48236 2.00662
-0.433014 0.29338 1.27497
-0.498335 0.26632 1.53102
-0.642969 0.126845 1.43462
0.591645 -0.0698687 1.1507
0.818653 -0.0579297 1.58766
-0.0701809 0.0669109 0.368508
-0.0660809 0.0766382 0.370066
-0.204048 0.191902 0.504086
-0.756828 -0.0271854 1.39062
0.109276 0.1318 0.411625
-0.0655499 0.0906228 0.374199
0.0257588 0.054587 0.396648
-0.0800185 0.0699731 0.415162
-0.0069266 0.0694412 0.412978
0.170956 0.070084 0.364203
0.983147 -0.32594 1.24478
0.0399262 0.0682154 0.398131
-0.0890694 0.0656691 0.386597
0.736347 -0.429693 0.874808
0.637197 -0.00706057 0.802089
0.592774 0.0364737 0.738622
0.432731 -0.239089 0.442976
0.449697 0.206461 0.516366
0.213168 0.132254 0.325592
-0.483073 0.359567 1.5203
-0.0795607 0.0727274 0.367319
-0.0793239 0.0728334 0.367014
-0.197358 0.12969 0.484441
-0.0798608 0.0735965 0.368719
-0.378661 0.198136 1.34391
-0.285693 0.190066 1.39418
-0.188575 0.247375 1.35144
-0.582263 0.444973 1.82078
-0.144532 0.234138 1.29698
-0.0343407 0.27578 1.32264
-0.284124 0.328913 1.53914
0.733692 -0.137149 1.19843
-0.170991 0.145955 0.51883
-0.170833 0.145836 0.519309
-0.771793 -0.113407 1.44031
-0.443736 0.234784 1.54158
-0.645651 0.154036 1.51502
-0.959599 -0.0353727 1.73002
-0.200852 0.152544 0.524882
-0.199833 0.148047 0.532944
-0.692236 -0.104775 1.3166
-0.992677 0.267636 1.55055
-0.998238 0.264939 1.56248
-0.199601 0.154038 0.517507
-0.235035 0.169914 0.533362
-0.188847 0.151709 0.523724
0.00234398 0.0627177 0.403942
0.713766 -0.16633 1.73794
-0.538408 0.262527 1.48318
-0.166285 0.171836 1.367
-0.28083 0.10467 1.46679
-0.0761624 0.138593 0.381535
-0.223966 0.156328 0.528605
-0.196298 0.144683 0.539205
-0.627553 -0.0233928 1.43482
-0.188999 0.334316 1.41806
-0.31249 0.188545 0.673176
-0.211861 0.145993 0.507902
-0.70026 0.419963 1.41598
-0.192922 0.142052 0.533318
-0.145433 0.0889186 0.434391
-0.236306 0.142453 0.528962
-0.242015 0.190314 0.484457
-0.262453 0.200777 0.53923
0.289884 0.197783 2.31219
0.150073 0.13249 0.283735
0.168977 0.11916 0.250498
0.00363528 0.0454701 0.348282
0.700108 0.0676703 0.657912
0.118029 0.113079 0.275872
0.0731729 0.0882669 0.187605
0.149901 0.141898 0.303756
0.238231 0.150593 0.322171
-0.0502788 0.155439 0.396686
-0.0893142 0.171606 0.439814
0.142076 0.118177 0.289054
1.07698 -0.3516 1.35206
0.973949 -0.30461 1.10484
0.0429965 0.0545913 0.411372
0.288136 0.0241919 2.47518
0.719885 -0.384109 0.810336
1.19951 -0.506892 2.39764
1.70255 -0.348236 3.42672
0.761801 -0.418141 0.797366
-0.398719 0.16586 1.47377
0.838894 -0.0865521 1.63526
0.335385 -0.173389 2.38206
0.811915 -0.088028 1.58407
0.225934 0.189415 2.19403
0.783727 -0.0627985 1.40714
0.471484 0.0460519 2.38317
0.0944687 0.0244212 2.46569
0.00848404 0.0776936 0.391749
0.428139 -0.193174 0.67783
0.0924957 0.0758485 0.404022
0.579964 0.121711 0.735774
1.08022 -0.354212 1.35666
0.583123 -0.497324 1.7222
-0.44148 0.135311 1.41242
0.782732 -0.33027 2.1531
-0.270663 0.292693 1.19818
-0.0800624 0.179318 1.34717
-0.367142 0.219897 1.4818
-0.708481 0.163392 1.614
-0.646296 0.0818249 1.39296
-0.185067 0.172693 1.30253
0.761182 0.137682 1.95162
1.13867 -0.0116222 1.43372
-0.176877 0.24739 1.33709
-0.0537234 0.106173 1.30708
0.0377354 0.0413284 0.395786
-0.0866088 0.112924 0.412732
-0.00171608 0.0898307 0.425108
0.0318214 0.0696587 0.390384
-0.0165711 0.091724 0.400539
0.111594 0.0794593 0.394745
-0.0808708 0.0831772 0.568545
-0.22658 0.156032 0.531608
-0.554478 0.210414 1.34988
-0.446647 0.204465 1.30113
0.75737 -0.123124 1.63872
2.07729 -0.615131 3.39013
-0.191139 0.238429 1.50201
0.697924 -0.503948 2.10544
0.15963 0.067196 0.348689
0.934748 -0.356759 1.50368
0.0247111 0.0620127 0.396824
-0.000160649 0.066572 0.390289
-0.0787971 0.0821886 0.377987
-0.0383833 0.0877078 0.350965
0.0168072 0.124301 0.36256
-0.0444895 0.0687367 0.317338
0.192515 0.120697 0.379335
0.246692 0.131044 0.381459
-0.06379 0.0869778 0.355366
-0.0657292 -0.0423144 0.381309
0.0378557 0.0515648 0.404467
0.361426 0.131273 0.615409
0.589179 -0.532708 1.68852
0.962203 -0.440228 1.59055
0.649248 0.00415804 0.774108
0.410418 -0.384183 1.02918
-0.126569 0.238995 1.31762
-0.206862 0.443214 2.0913
-0.679606 0.162852 1.49666
0.705255 0.151459 1.7004
-0.574441 -0.0228547 1.33605
-0.717447 0.154591 1.61581
-0.320697 0.203746 0.52071
-0.268377 0.186121 0.485703
1.05872 -0.390697 1.93414
-0.140292 0.129266 1.20001
-0.0774761 -0.181878 0.570099
0.30941 -0.261769 2.28891
0.513389 -0.406283 1.14022
0.759348 -0.121173 1.62862
0.273052 0.236563 2.2242
0.730235 0.186403 2.30643
0.688011 -0.192337 1.69357
0.552429 0.0955461 0.737096
-0.280632 0.323363 1.5231
0.199469 -0.116846 1.58133
-0.0824056 0.271321 1.31575
-0.816934 -0.116125 1.50496
-0.329002 0.207792 0.947734
0.777273 -0.105131 1.52355
-0.120933 0.213236 1.40079
0.856776 -0.323439 1.58989
-0.0930803 -0.33181 0.811112
-0.0482069 0.135304 1.00428
-0.0992011 0.0761082 1.34154
0.130562 0.446462 2.22013
0.0419454 0.11335 1.14666
-0.0819351 0.296116 1.45257
1.14598 -0.325601 1.98335
-0.0957961 0.076363 0.404727
-0.0952464 0.147056 0.359224
0.889225 -0.0637005 1.70482
-0.074093 0.0678309 0.512358
-0.0377178 0.0715341 0.400673
0.12626 0.219919 1.9959
-0.692889 0.243273 1.56619
1.23396 -0.418882 2.32167
-0.185907 0.247682 1.35634
-0.0529584 0.285002 1.35994
0.751446 -0.328012 1.5771
1.74239 -0.821467 1.7954
-0.0678836 0.19033 1.36605
0.033476 0.11135 1.14154
-0.2953 0.233839 1.47167
-0.0560793 0.115137 1.27284
-0.274838 0.143432 1.43299
-0.697518 0.143743 1.35618
-0.63454 0.0786958 1.37714
0.608942 0.0887825 0.736641
0.171005 -0.321162 1.40476
0.4951 -0.183116 1.44975
0.26301 0.237799 2.18619
0.226503 0.0505501 2.43644
0.0621722 0.142966 1.38003
0.627448 -0.0117252 0.788607
0.0318178 0.00552686 0.271755
0.984779 -0.177185 1.52999
-0.186994 0.175863 1.32111
0.766005 -0.419132 2.61644
0.515342 0.198424 2.18444
-0.0687159 -0.0259801 1.263
-0.0526393 -0.0300672 1.26533
-0.185687 0.18078 1.32268
0.828011 -0.396871 0.970768
-0.688667 -0.0578949 1.63437
-0.0486964 0.163878 1.67802
-0.523493 -0.0320918 1.50328
0.604723 -0.504859 1.76132
-0.0176188 -0.206691 1.30061
-0.0528698 0.143391 0.842861
0.409601 -0.260846 1.82441
0.228157 0.24253 2.22612
0.252912 0.249612 2.35558
-0.470002 0.25367 1.45461
1.98539 0.425631 2.54902
0.653329 -0.00212222 0.790347
-0.000773938 -0.146357 1.31151
-0.0183626 0.167227 0.43597
0.315535 -0.091712 0.753754
0.344145 0.190292 0.430105
0.315804 0.17487 0.39235
0.131094 0.0896427 0.188723
-0.482132 0.174774 1.50812
0.145477 0.145911 0.356372
0.292815 0.0584466 0.440955
0.178538 0.143333 0.301466
0.0745257 0.150627 0.343555
-0.0551981 0.0836498 0.390117
0.112809 0.1138 0.24236
0.169904 0.120865 0.27561
0.442128 0.301936 0.832269
0.183996 0.13783 0.297942
0.172647 0.127832 0.276917
0.202449 0.117272 0.279705
0.241008 0.196679 0.54909
-0.0731407 0.163064 0.385219
0.141598 0.131866 0.295559
0.0406831 0.114767 0.245717
-0.00100913 0.162645 0.431275
0.21884 0.113905 0.3271
0.0680244 0.140842 0.362631
0.11024 0.141521 0.533405
-0.502832 0.230586 1.50017
0.0155112 0.159899 0.467227
0.0965004 0.138083 0.370653
-0.0509839 0.0716929 0.391017
0.0557389 -0.00466073 0.0567931
0.212359 0.12176 0.28826
0.642705 -0.0687826 0.8173
0.662989 0.0136711 0.725187
0.513969 0.115884 0.849104
0.694334 -0.342016 2.01716
-0.15292 0.122197 0.497278
-0.177324 0.149184 0.537947
0.0302114 0.0846658 0.40963
-0.340776 0.14867 0.576774
0.129901 0.0720968 0.376723
0.601047 -0.548941 1.73418
0.787725 -0.274452 1.6406
-0.224504 0.157195 0.530152
-0.0391906 0.151508 0.4156
0.131258 0.0720212 0.380621
0.18901 0.110854 0.274496
-0.0395594 0.0842309 0.38455
0.573258 0.0346185 0.734729
0.146657 0.122048 0.298658
0.168638 0.078428 0.334245
0.137052 0.126762 0.349013
-0.0393033 0.0828965 0.330339
0.0351126 0.0607158 0.407003
0.0462723 0.0980897 0.387516
0.172111 0.12626 0.324259
-0.0739534 0.135895 0.374181
-0.0725774 0.10897 0.376934
0.205332 0.116932 0.278005
0.225051 0.0874244 0.359253
-0.028115 0.115229 0.50579
0.252229 0.0838987 0.359302
-0.0547702 0.0780529 0.604364
0.37375 -0.0426746 0.692344
-0.0564089 0.136386 0.391915
-0.056732 0.0700375 0.372306
0.176782 0.0752501 0.39126
0.462053 0.00117944 0.447166
0.348046 0.110573 0.609395
-0.0579025 0.0868202 0.37982
0.596144 0.0855327 0.742997
-0.0830828 0.106062 0.382749
0.0235842 0.135917 0.356269
0.179271 0.126184 0.339153
-0.0639613 0.0989638 0.38305
0.0218331 0.0819044 0.88295
-0.0133018 -0.00758804 0.227321
0.0376308 0.145574 0.326747
0.159538 0.13892 0.339759
0.808784 -0.12138 1.6594
0.163836 0.115318 0.240243
0.154972 0.145929 0.328157
-0.286371 0.383578 1.57578
0.152537 0.141675 0.320232
0.716398 0.109524 1.73036
0.77734 -0.250678 1.61169
-0.0824137 -0.0365276 0.487248
-0.133559 0.185219 0.538965
-0.0528708 0.0609356 0.391646
0.0251408 0.163045 0.340728
0.15539 0.0975548 0.226629
0.153802 0.115504 0.286214
-0.0105949 0.0546361 0.411818
0.0666545 0.278214 1.41541
2.21898 0.218079 2.80227
0.797852 -0.159827 1.45138
1.26505 -0.426198 2.35492
0.71574 -0.0566636 1.29867
1.09595 -0.39153 1.92791
-0.227457 0.421419 1.59969
0.929575 -0.171824 1.46098
1.05862 -0.309053 1.85492
0.00767698 0.0794438 0.392261
-0.54416 0.139596 1.22246
0.906793 -0.0613456 1.67373
-0.612809 0.0903377 1.40162
-0.436763 0.188235 1.39503
0.762428 0.108965 1.91146
1.38108 -0.445365 2.26343
1.55612 -0.65689 2.95268
-0.351991 -0.30852 1.2846
0.351611 -0.0121352 2.35104
0.833882 -0.189758 1.51611
0.307165 -0.193699 2.24418
-0.0872657 0.64904 2.77304
-0.121837 0.204624 1.55433
0.969495 -0.107435 1.68344
1.04247 -0.111956 1.93546
-0.0650947 0.0789342 1.25269
0.0621347 0.13995 1.37135
-0.300392 0.170544 1.57213
1.22626 -0.373475 2.11102
0.831532 -0.290959 1.7133
-0.235026 0.226151 2.17246
-0.104702 1.2837 5.16003
-0.0972637 0.248677 1.76379
0.793827 -1.1394 4.8405
-0.0533906 0.145211 1.5027
-0.0235935 -0.222517 1.16622
-0.0602006 0.145031 1.25865
-0.0583236 0.297391 1.41687
1.75968 -0.547312 3.17077
-0.0406352 -0.334693 1.3337
0.643383 0.00793414 0.765442
0.151701 0.271113 2.43219
-0.0542531 0.135344 1.34585
-0.0496637 -0.028909 1.26551
0.651667 -0.0522729 0.831102
0.80619 -0.0585534 1.54793
-0.083478 0.0738673 0.378475
-0.674121 0.16025 1.48745
0.167598 0.0736765 0.23622
0.225986 0.111135 0.350923
0.134084 0.147176 0.390464
0.0371824 0.140842 0.359421
0.0251636 0.015647 0.345922
0.0694764 0.0186087 0.0868488
-0.0524976 0.0763339 0.387094
0.0303125 0.0042311 0.0315042
0.919659 -0.0653495 1.75879
0.0669321 0.140223 0.39269
0.00065326 0.0589206 0.416648
-0.0629917 0.0749963 0.401299
0.56202 0.169691 0.665378
0.146139 0.121549 0.298629
0.202233 0.0950859 0.296731
0.189088 0.127811 0.307135
0.177736 0.112981 0.274747
0.244151 0.121453 0.379376
0.181358 0.119897 0.321979
0.194046 0.136698 0.368908
0.0630899 0.11503 0.246839
0.176124 0.11179 0.260693
0.206405 0.0954347 0.476562
0.100539 0.124543 0.46415
0.0295718 0.0593959 0.383387
-0.0501236 0.0720481 0.393372
-0.00275347 0.0494043 0.369563
0.402296 0.182994 0.458364
0.000451742 0.0513567 0.402398
0.176773 0.135723 0.336539
0.193896 0.052923 0.311821
-0.0297491 0.131122 0.372513
-0.00419093 0.0823149 0.421043
0.755024 -0.120133 1.68619
-0.0325295 0.0696904 0.396422
0.123395 0.109256 0.299199
0.217849 0.1068 0.333052
-0.00567868 -0.234438 2.05646
-0.0330367 0.0944074 0.398257
-0.550788 0.254023 1.52849
-0.542057 0.251052 1.50546
-0.143208 0.108898 1.40177
-0.481131 0.203348 1.42483
0.241365 0.0613431 2.0522
0.10496 -0.0360804 0.252517
0.0309879 0.136838 0.33655
0.110878 0.120449 0.330334
0.114738 0.0793867 0.39475
0.121628 0.0925909 0.381579
0.0456926 0.158093 0.466666
0.0203787 0.099589 0.397887
-0.0734519 0.199878 0.552549
0.203301 0.0414752 0.310139
0.244658 0.0900929 0.391386
0.12255 0.084476 0.369936
0.213756 0.100997 0.315129
0.0621747 0.147441 0.366112
0.218425 0.0966295 0.301345
0.113548 0.080237 0.403994
0.136358 0.100641 0.314698
0.207392 0.0778788 0.306843
0.120909 0.0958918 0.38771
-0.1633 0.147942 0.538542
-0.0671051 0.0929497 0.383038
0.327438 0.0613475 0.392841
0.205202 0.125071 0.3494
0.201938 0.0988093 0.309486
0.0555419 0.126435 0.307889
0.0280607 0.000505586 0.0123995
0.0492468 0.0761652 0.409587
0.0546941 0.127764 0.428728
0.142658 0.10362 0.325927
0.195353 0.0679538 0.318278
-0.489638 0.176169 1.55194
0.229976 0.134655 0.323202
0.2168 0.134482 0.375767
0.164837 0.0698829 0.389484
0.18101 0.134386 0.299521
-0.11314 0.158603 0.460442
-0.0236502 0.153014 0.435144
-0.0803363 0.0754939 0.360293
0.119129 0.0878352 0.199279
-0.0979504 0.151636 0.367476
0.194646 0.144021 0.323101
-0.0846939 0.161887 0.420793
-0.0728711 0.158113 0.35874
0.0934949 0.117047 0.260047
0.183333 0.129176 0.270548
0.192957 0.109857 0.261088
-0.0780527 0.0901324 0.364746
-0.0873248 0.150449 0.338436
0.00177898 0.113573 0.402103
0.00590896 0.108528 0.414849
-0.075494 0.137149 0.380023
0.0176698 0.0940117 0.362294
0.0301528 0.111884 0.418903
0.0350867 0.0938254 0.412408
0.0292477 0.108495 0.403175
0.111357 0.0783551 0.386874
0.0243247 0.140236 0.365552
0.109053 0.0921893 0.42396
0.112498 0.0781762 0.385109
0.113215 0.0789619 0.390685
0.0559618 0.127745 0.443227
0.0169534 0.0967206 0.387903
0.131903 0.124053 0.308284
0.157605 0.120366 0.295274
0.230446 0.0817163 0.33119
0.121037 0.116741 0.365213
0.0223825 0.163156 0.477226
0.0368899 0.150707 0.396745
0.0426494 0.0621389 0.407535
0.625667 0.220737 0.727364
0.0757277 0.143133 0.388
0.441846 0.00631491 0.416004
0.69398 0.00665554 0.660795
0.0383806 0.137831 0.352977
-0.00830218 0.164116 0.43478
0.185615 0.124638 0.297101
0.194883 0.108472 0.26149
0.00334425 0.0804776 0.387355
0.108968 0.135591 0.379512
-0.0200776 0.15337 0.425526
0.0816916 0.141772 0.366035
0.125847 0.113019 0.305627
0.496669 0.105216 0.820137
0.205415 0.0689811 0.22353
-0.00848344 0.138465 0.346305
-0.00415802 0.146761 0.435238
0.196888 0.0783499 0.302617
0.0852721 0.140332 0.349135
0.211578 0.0759243 0.299714
0.160394 0.164128 0.397779
-0.0255134 0.155907 0.482353
0.535073 0.158427 0.63357
-0.122094 -0.0757403 0.64124
-0.00569548 0.168732 0.541285
0.747869 -0.109064 1.66574
0.01949 0.0106298 0.0360229
0.739974 -0.13066 1.52938
0.0606871 0.140015 0.409306
-0.0301065 0.132732 0.37608
0.0251026 0.149098 0.39709
0.0577186 0.123987 0.391234
0.0943703 0.107448 0.337932
0.0997644 0.143664 0.387773
0.326699 0.117802 0.572134
0.182431 0.121852 0.351817
0.0076009 0.0755906 0.363194
0.0651093 0.156209 0.40037
-0.0701421 0.0940046 0.377197
0.0551939 0.129233 0.44054
0.125308 0.189106 0.615871
0.19962 0.120402 0.336508
-0.00392499 0.156458 0.436855
0.506605 0.210378 2.26392
0.495175 0.0898577 0.681439
1.55428 -0.392282 2.67664
0.814219 -0.0616683 1.57805
-0.0580012 -0.338168 0.807087
-0.503769 -0.035032 1.45929
-0.200743 0.16795 1.29232
-0.19308 0.230964 1.4116
0.0323378 0.0605471 0.400243
-0.125642 0.207898 1.3856
0.841584 -0.0595342 1.61954
0.0366696 0.400152 1.80904
0.734401 -0.256234 2.01776
0.0322944 0.332963 1.54263
0.780657 -0.0898666 1.5398
1.01958 0.0593 1.46488
0.392247 0.0245227 2.32499
0.883626 -0.367678 1.61504
-0.0351458 0.343573 1.4581
-0.205665 0.284815 1.33498
1.09487 -0.0481415 1.39571
-0.187142 0.274437 1.35725
-0.0719551 0.27603 1.43789
-0.0348742 0.308098 1.45748
1.32154 -0.444559 2.22276
0.942376 0.0209753 1.42405
0.340411 -0.146198 0.708495
-0.155536 0.248392 1.35597
0.0646771 0.276749 1.41348
-0.212506 0.290456 1.40098
-0.127688 0.29706 1.41644
1.77843 0.388411 2.30032
1.07489 -0.370999 1.89769
0.749889 -0.246853 2.04402
1.34314 -0.0406621 1.62694
0.779577 -0.271255 1.44227
-0.177406 0.229742 1.28124
0.794997 -0.606255 1.66659
-0.170427 0.179847 1.22436
0.756923 -0.241811 2.0553
1.10315 -0.223902 2.2885
0.627388 -0.0895808 1.1927
0.952576 -0.115087 1.67447
0.568669 -0.508011 1.33459
1.15946 -0.525882 1.29236
1.17939 -0.130435 1.99628
1.81896 -0.426453 1.93531
0.554218 -0.519879 1.43027
0.602682 -0.547964 1.39409
1.06673 -0.590986 1.07715
0.0471547 0.0827185 1.42647
0.763423 -0.0544418 1.42587
0.857844 -0.215159 1.55313
0.756499 -0.142077 1.23254
1.10224 -0.505644 1.23165
-0.0163131 -0.204034 1.24045
0.872982 -0.259662 1.75995
-0.237395 0.32836 1.50329
-0.067788 0.227755 1.52692
-0.261402 0.194271 1.28935
-0.0393727 0.463959 1.89762
1.18847 -0.326384 2.043
1.00488 -0.196632 1.55232
-0.512253 0.0899291 1.59194
-0.175916 0.180339 1.39982
-0.319369 0.164791 1.2012
-0.494979 0.200466 1.46943
-0.704259 0.252913 1.57958
-0.799044 0.102103 1.72668
-0.972582 -0.0390892 1.76862
0.345316 0.00636112 2.30276
0.750457 -0.129581 1.56665
0.783966 0.0781953 1.22639
-0.00560056 -0.016093 0.237739
0.272905 0.247271 2.25886
0.692024 -0.81414 3.50202
0.582239 -0.15718 1.41933
0.286428 -0.369001 2.43137
0.31131 -0.299051 2.42572
-0.11676 0.0831662 1.2943
-0.037983 -0.318667 1.49374
0.248299 0.0133415 2.10901
1.05687 -0.398478 1.94513
0.980514 -0.326236 1.14147
-0.0687652 0.192293 1.13791
0.958444 0.0194668 1.44771
0.469526 0.0902296 2.26505
0.808876 -0.537566 1.506
0.804801 0.123711 1.75845
1.44157 0.125014 2.01049
0.835515 -0.540552 1.54874
0.238117 0.121345 2.09336
-0.306473 0.302913 1.44389
-0.531452 0.173645 1.28062
-0.575282 0.295049 1.28322
-0.624116 -0.0227392 1.42472
-0.220528 0.17349 0.519844
-0.121031 0.0919075 1.32871
0.885239 -0.117201 1.70979
0.954085 -0.346407 1.83852
-0.074135 0.221879 1.66987
0.525859 0.0440245 0.854233
0.76409 -0.355499 1.66344
0.723845 -0.399682 1.76287
0.959803 -0.445178 1.5686
-0.0619308 0.13264 1.16128
0.762492 -0.062073 1.37148
0.70524 -0.160078 1.73397
0.726573 -0.48805 3.7543
0.334384 -0.17685 2.34075
-0.00212306 -0.104815 1.23921
0.397511 0.00461835 2.47942
0.559394 -0.509382 1.33484
-0.0634724 0.218198 1.34949
0.672878 0.00510989 0.813736
0.669078 -0.00566273 0.785629
-0.124856 0.0941214 1.38769
1.02358 -0.453828 1.12618
0.740739 0.118929 1.64778
0.0114218 -0.0214937 1.35198
0.544042 0.113015 2.62859
0.0485834 0.0139351 1.04224
-0.0687321 -0.0277926 1.24941
0.518867 0.104123 0.845328
-0.630747 -0.0150852 1.42464
0.449379 -0.210609 0.581905
-0.739667 0.381195 1.56509
-0.824167 0.25495 1.3801
-0.618247 0.321707 1.38013
-0.430256 0.324553 1.53998
0.0614185 -0.145034 0.830768
-0.801119 0.306604 1.33045
-0.613884 -0.0137905 0.996354
-0.885887 -0.0684329 1.63808
-0.797491 0.251078 1.3532
-0.695772 0.0198989 1.43503
-0.648478 0.0842618 1.39545
-0.0549248 -0.0430493 1.23453
0.214566 0.0483525 1.8721
-0.917099 -0.13282 1.67089
-0.688677 0.16509 1.51193
0.034665 -0.0205892 0.222465
0.0525081 -0.0191068 0.206551
-1.29887 -0.106623 1.42966
-0.177327 0.18802 1.48793
-0.694459 0.387903 2.21031
0.762301 -0.121792 1.63346
-0.453798 0.172566 1.39499
0.305291 0.0224878 1.87781
1.07515 -0.320944 1.87721
-0.133342 0.118299 1.23222
0.391679 0.0205334 0.732316
0.636767 0.0314077 0.832981
0.0068952 0.210125 1.30255
-0.206458 0.17453 1.29995
1.15757 -0.412884 2.17841
0.924147 -0.422049 1.036
1.1935 0.120116 1.72733
-0.458633 0.433191 2.94
0.161379 0.227936 3.166
0.244994 0.0944051 2.19803
0.466474 -0.203882 1.39454
0.779937 0.138752 1.70102
2.32794 0.552737 2.91168
-0.352769 0.222071 1.78006
-0.400969 0.570094 3.24215
1.23526 -0.530837 1.3234
-0.06563 0.209972 1.29131
-0.336014 -0.0729086 1.11837
-0.293737 0.255875 1.43986
-0.319339 0.153895 1.35538
0.450772 0.0336205 2.19896
-0.426849 0.154737 1.60349
0.567143 -0.503702 1.40731
0.832311 -0.0478755 1.62157
0.550048 0.206397 2.29322
0.358225 -0.187458 2.55612
-0.337481 0.20035 1.372
-0.46498 0.219656 1.47945
1.25911 -0.559976 1.34054
1.23916 -0.245098 1.3937
0.446581 0.0379209 2.20271
1.12869 -0.591808 1.13646
0.989794 -0.151364 1.9799
-0.807543 -0.0632177 1.52151
0.988176 -0.275794 1.99546
0.560072 -0.0679652 1.08438
1.16677 -0.222151 2.00005
0.996955 -0.236324 1.18201
-0.184312 0.191384 1.32666
-0.0699995 0.190442 1.32185
0.852129 -0.320473 1.58013
0.634824 -0.27613 1.21962
0.170109 0.0360143 1.51403
0.755982 -0.353172 1.65269
0.510917 0.211348 2.29023
0.482839 -0.0497225 0.96926
-0.0849369 0.200034 1.39904
0.688719 0.122066 1.76121
0.0904232 -0.0620075 0.505651
0.0907655 0.0238489 2.48849
0.729398 -0.393373 1.7477
-0.973164 0.260351 1.52602
0.31379 -0.0478853 0.768526
0.196844 0.345759 1.67216
0.862729 -0.143135 1.88276
0.925753 -0.398487 1.88432
-0.0633921 0.159347 1.36734
-0.351136 -0.381214 1.46526
-0.0511056 -0.0306851 1.31223
-0.141834 0.310456 1.49258
-0.358899 0.103429 1.49411
-0.341894 0.397558 1.52987
0.852847 -0.566828 1.57666
-0.396169 0.176886 1.37075
0.623419 0.0571693 0.968171
-0.285715 0.157929 1.48623
-0.128032 0.125086 1.37601
-0.308471 0.303379 1.45297
-0.771726 0.0313871 1.57695
0.387935 0.178094 1.78254
-0.295748 0.121454 1.46742
-0.176134 0.216427 1.3689
-0.242912 0.334247 1.51564
-0.0747923 0.208757 1.24457
-0.321343 0.354304 2.04367
0.328157 0.157381 1.06595
0.0207938 0.373237 1.67366
1.1833 -0.0517403 1.4924
-0.162889 0.0436263 0.395224
-0.0486212 0.338485 1.44738
0.583408 -0.091938 1.21699
0.925182 -0.0988228 1.77695
0.818091 -0.272726 1.68819
0.727173 -0.0535331 1.31119
0.838793 -0.337544 1.56512
1.00396 -0.343061 1.74634
1.43588 -0.668172 1.38352
-0.00377154 -0.088014 1.16911
1.26748 -0.602188 1.39141
0.603555 -0.384784 1.19043
0.961642 -0.22129 1.71638
0.650921 -0.115883 1.38761
0.822355 -0.316441 1.47695
1.56846 -0.557153 2.65189
0.143784 -0.0685354 0.511263
0.676897 -0.0503615 1.27608
-0.190017 0.225777 1.30951
0.461892 -0.361293 1.04966
0.504246 -0.450547 1.18565
0.87771 -0.327782 1.62274
0.943227 -0.724807 1.9727
0.603376 -0.40352 2.95859
-0.944104 -0.0200091 1.40589
0.716562 0.129602 1.84657
-1.00445 -0.0187874 1.47879
-0.458937 0.0572905 1.05566
-0.0652148 0.122548 1.17509
-0.00460769 -0.00884476 0.26256
0.708012 -0.163475 1.72241
-0.27482 0.129555 1.19728
0.506728 0.140603 2.33741
0.583143 0.159859 2.63837
0.928535 -0.103795 1.7404
0.421361 0.0278267 2.48382
0.0230293 0.334631 1.52596
-0.0112923 -0.166253 1.4184
-0.303494 -0.103729 1.25771
0.117316 -0.102639 0.880168
0.27339 0.0649486 0.845946
0.683464 0.0547853 0.991695
0.0189125 -0.0202517 0.295076
-0.375719 0.188288 1.53349
-0.0886276 0.0697414 1.24276
-0.0636869 0.199368 1.35068
-0.0620643 0.163947 1.2247
-0.273822 0.29562 1.39058
0.0401659 0.148246 1.02004
-0.325085 0.154898 1.37419
0.140053 -0.113811 0.667033
-0.0260543 -0.20544 1.03445
0.183101 -0.109514 0.874001
-0.0149445 -0.0170474 0.235493
-0.0248916 -0.00506427 0.226419
-0.0280516 -0.0113619 0.235308
0.651618 0.100009 0.688278
0.285704 -0.149783 0.486449
0.113907 -0.0313077 0.320976
0.326954 -0.00501721 0.524013
0.122337 -0.0147151 0.234611
0.766224 0.0375528 1.16912
0.831912 -0.597967 1.36225
-0.26223 0.168905 1.30957
0.0278354 0.0710717 1.38753
-0.323801 0.359468 1.45624
-0.0590199 0.136284 1.31109
-0.476558 0.0909239 0.758001
-0.534809 -0.175115 1.21804
-0.0454733 -0.000797919 0.255087
-0.863141 -0.219035 1.12065
-0.0199414 -0.000558534 0.252613
0.730742 -0.528265 2.20447
-1.02189 -0.122657 1.28125
-0.0213094 -0.00503272 0.231349
-0.421757 0.29657 1.3337
-0.0284306 -0.00574118 0.233595
-0.441319 0.32267 1.37028
-0.505819 -0.167825 1.16741
-0.979251 0.0594392 1.64495
-0.0275893 -0.0109417 0.232045
-0.775166 0.0478284 1.33628
-0.0250016 -0.0084358 0.223387
0.000310337 -0.191258 1.65585
-0.88319 0.0718379 1.50622
-0.0314049 -0.278713 1.29841
-0.025206 -0.00842538 0.223514
-0.718994 0.0217023 1.47536
-1.2566 0.00957082 1.44682
-0.675875 0.084688 1.20037
-1.2536 0.164376 1.10392
-0.349755 0.172062 0.858855
-0.608229 0.206648 0.900933
-0.570052 -0.0300657 1.61155
-0.738181 0.394444 1.46779
-0.42068 0.273467 1.21915
-0.577147 0.0173194 1.21351
-1.06056 0.120504 1.30126
-0.352872 0.170155 1.41111
-0.40143 0.216574 1.31342
-0.647246 -0.0196212 1.46326
-0.382505 0.306456 1.46042
-1.51703 0.207956 1.38488
-0.340908 0.150307 0.855196
-0.0825644 -0.00542859 0.26696
-0.0260172 -0.0118218 0.230432
-0.0535204 0.00618926 0.268329
-0.338359 0.198464 1.69233
-0.0261425 -0.012846 0.223686
-0.118086 0.0147303 0.276555
-0.118202 0.0146579 0.276768
-0.273158 0.40564 1.84802
-0.606531 -0.0703704 0.846992
-0.00728358 -0.00656526 0.265456
-0.720357 0.362776 1.24098
-0.443232 -0.107484 1.22055
-0.584104 0.383237 1.51933
0.679812 -0.184329 1.70805
-0.861265 -0.207058 1.12093
-0.859608 0.0624586 1.46392
-0.78794 0.30881 1.27948
-0.652673 0.0388987 1.14476
-0.627958 0.100378 1.20916
-0.581896 0.0318598 1.03846
-0.466534 0.137556 0.909763
-0.640265 0.160697 1.06968
-0.0371616 0.000697948 0.230769
-0.237789 0.0788093 0.448914
-0.353079 -0.0900845 0.682607
-0.029943 -0.00588456 0.226292
-0.0282363 -0.005795 0.233414
-0.0284239 -0.00575207 0.233646
-0.0300083 -0.0101806 0.226029
-0.071173 0.004774 0.268295
-0.679363 0.0854852 1.4565
-0.564856 0.172721 0.997504
-0.895673 0.231576 1.24979
-0.549963 0.302064 1.09901
-0.49841 0.293347 1.06038
-0.0251459 -0.00306336 0.229882
-0.0903176 0.0438083 0.334799
-0.211958 0.00432765 0.327831
-0.0599537 0.152179 1.19007
-0.296184 0.235258 1.4508
-0.0539415 -0.0431847 1.25455
0.0602395 0.185501 1.22439
0.283399 -0.141054 0.927178
0.0608031 -0.00634746 1.3503
-0.200713 0.166134 1.2992
-0.141212 0.172731 1.18173
-0.346806 0.201776 1.42077
-0.174215 0.179578 1.24775
-0.0665972 0.29542 1.57999
-0.436064 -0.462263 1.73809
0.940937 -0.0134787 1.0588
1.61917 -0.95124 1.23965
-0.0794436 0.171052 1.36772
1.0089 -0.0693119 1.16041
0.965174 0.0779991 1.41742
0.992819 -0.17447 1.53112
-0.0117355 -0.142601 1.17138
0.0833734 0.0237601 2.34258
0.174143 0.0570363 2.37194
-0.286357 0.250186 1.39811
-0.058883 0.109476 1.44967
0.666077 -0.0191669 0.886266
0.0679501 0.308828 1.43028
-0.305819 0.0958778 1.46325
-0.00484184 -0.0214819 0.30458
0.570912 -0.535724 1.46712
0.228259 -0.102841 1.70759
0.549895 0.0297775 0.767981
0.568351 0.0305798 0.768549
-0.298978 0.238451 1.42874
-0.0801216 0.172911 1.2025
0.0284375 0.265033 1.22787
-0.0902327 0.177519 1.33565
-0.0314294 0.351637 1.47357
-0.11157 0.273207 1.74715
0.378112 0.151946 2.03687
-0.350665 0.102848 1.46457
-0.194975 0.370712 1.41029
-0.396571 0.300377 1.43807
0.00553155 -0.181493 1.16674
-0.446323 0.245231 1.59107
0.511668 0.0357633 0.779706
-0.0878277 0.180082 1.28109
-0.304971 0.232123 1.50429
0.696936 -0.0406918 1.39617
-0.420983 0.254675 0.929721
-0.0955364 0.154716 1.30701
-0.563029 -0.0501231 0.736662
-1.67921 -0.373513 2.06246
-1.54224 -0.263543 1.82306
-0.537769 0.482509 1.83063
-0.559911 0.38997 1.72181
-0.208618 0.068037 0.420186
-1.25715 0.278541 1.43225
-0.699655 0.246657 0.902573
-0.218131 0.0718629 0.430402
-0.54296 0.336819 1.38974
0.883484 -0.558452 1.62729
1.40427 -0.410982 1.32709
0.0649806 -0.0489795 0.200875
0.0627395 -0.0441608 0.21398
0.00369349 -0.0256858 0.229542
0.0284978 -0.0206716 0.218062
0.10853 -0.0714507 0.304649
0.0648189 -0.0445739 0.215695
-0.364876 0.111437 0.665762
-0.554533 0.20788 1.05665
-0.492049 0.113548 1.13747
-0.862108 0.18276 1.1175
-0.561975 0.298549 1.29615
-0.644879 0.352785 1.24435
-0.0261185 -0.00282924 0.230125
-0.450736 0.32207 1.63744
-0.597702 0.162594 1.09607
-0.473161 0.313132 1.44014
-0.79659 0.308495 1.29087
0.22075 0.244606 2.22113
1.2292 -0.0411333 1.50436
-0.0820929 0.172119 1.30658
-0.189218 0.325398 1.38772
-0.164177 0.152384 1.42451
0.00449309 -0.0105809 0.266429
1.37095 -0.554718 2.5451
0.0225705 0.0490969 1.251
-0.15727 0.144145 1.28977
-0.0601316 0.149538 1.26731
-0.0976249 0.164586 1.36907
0.816391 -0.0592569 1.53634
0.18709 0.0640775 2.41926
0.963158 -0.0484324 1.62622
-0.74688 0.357651 1.46135
-0.413373 0.255762 1.25678
-0.542056 0.257226 1.19598
-0.0479477 -0.0406998 1.1363
-0.0134385 -0.164229 1.32129
-0.304093 0.148316 1.49075
-0.625815 -0.020976 1.4263
-0.890974 0.116883 1.55077
-0.289135 0.37662 1.56568
-0.456577 0.317971 1.39969
-0.444587 0.0499266 0.819242
-1.06264 0.00593634 1.25124
-0.680287 0.339673 1.4811
-0.49246 0.126459 0.992402
-0.556943 0.367025 1.45766
-0.654666 0.0935436 1.49943
-0.256416 0.144302 1.35382
-0.153321 0.120612 1.42147
-0.0529047 0.141197 1.30942
-0.969828 0.208539 1.69982
-0.704816 -0.0405687 1.66417
-0.0403338 -0.311005 1.47437
-0.0642297 0.169916 1.39737
-0.189237 0.329133 1.39895
0.0196194 0.012307 1.25123
1.40027 0.131199 1.96315
-0.318068 0.163524 1.32017
-0.284375 0.160787 1.465
-0.0314827 -0.00150222 0.246932
-0.0225255 0.00430112 0.346932
-0.211705 -0.194003 0.869481
0.110672 -0.0817978 0.604656
-0.359868 -0.0142316 0.663437
-0.629627 0.223313 1.41436
-0.588724 0.14649 1.33187
-0.688719 0.173735 1.13387
-0.960629 0.312618 1.52091
0.0632606 0.0568913 1.44582
0.0650004 0.106566 1.45218
0.63713 -0.586712 1.86727
-0.877756 -0.328344 1.16695
-0.0424425 -0.325966 1.32249
-0.706552 -0.267212 0.980724
-0.817952 -0.111025 1.14833
-0.840263 -0.235213 1.07814
-0.0520267 0.150937 1.40987
-0.196818 0.270233 1.44689
-0.322467 0.190038 1.32404
-0.445255 0.340423 1.46065
-0.0414869 -0.00505743 0.235863
-0.477744 0.339395 1.45486
-0.297144 0.191485 1.35481
-0.606007 0.145186 1.35474
-0.732982 -0.0464955 2.12554
-0.251423 -0.0263365 0.481623
-0.422673 0.227182 1.35682
-0.527958 0.201682 0.919557
-0.0246382 -0.011344 0.222974
-0.606693 0.02789 1.27676
-0.532041 0.267345 1.48871
-0.834076 -0.0154719 1.25868
-0.0438754 0.00437568 0.23737
-0.419873 0.160672 1.30122
-0.38928 0.19391 1.56502
-0.538052 0.343359 1.39834
-0.285063 0.155242 1.41626
-0.53279 0.124516 1.20523
-0.741991 0.098099 1.34049
-0.0166164 0.0013798 0.36001
-0.870015 0.495448 1.62351
-0.700906 0.20313 1.26635
-0.590179 0.32034 1.36336
-0.511254 0.113415 1.2048
-0.0252748 -0.00911445 0.223452
-0.181886 0.0583183 0.437083
-0.0300067 -0.0101822 0.226104
-0.0511586 0.0800749 1.31125
-0.584034 0.218184 1.10605
-0.0246249 -0.0113515 0.223041
-0.428021 0.219148 1.32321
-0.32841 0.216166 1.05893
-0.0301751 -0.00458083 0.226553
-0.528911 0.182157 1.22002
-0.0861578 0.307679 1.44517
-0.383286 0.307707 1.4683
-0.0498755 0.00118334 0.237694
-0.484518 0.199873 1.42319
-0.12196 0.198542 1.34148
-0.0596741 0.11601 0.983537
0.24788 -0.0759418 0.782625
0.221559 -0.038274 0.618997
0.0118053 -0.0451321 0.299841
0.510275 0.0471513 0.875319
0.0840221 -0.0654028 0.253819
0.825697 -0.0840986 1.61063
0.775069 -0.122762 1.60268
0.630072 0.107772 1.42932
0.525516 0.109773 0.892859
0.31503 -0.0290439 0.384641
0.812809 -0.0820662 1.58878
0.00237887 -0.0188869 0.229419
0.00236367 -0.0188672 0.229406
0.754161 -0.126101 1.68619
0.795708 -0.511979 1.47778
0.0920668 -0.0442376 0.272605
0.203979 -0.0222689 0.450074
0.891879 -0.163318 1.39027
0.56887 -0.476132 1.67002
0.0838225 -0.048123 0.251943
-0.464912 -0.0368816 1.39595
-0.563872 0.364271 1.45979
-0.172731 0.0405082 0.811781
-0.381538 0.203203 1.25885
0.198897 0.0330198 1.93769
-0.0241777 -0.00809353 0.224406
-0.627335 0.339168 1.26053
0.157384 0.165884 1.63389
-0.47492 0.364632 1.52865
-0.412403 0.161485 1.43927
0.194085 0.183521 1.72089
-0.0524278 0.00673382 0.278077
-0.0253962 -0.0103754 0.223607
-0.903694 -0.107497 1.16561
0.278093 -0.0384514 0.661202
1.05016 -0.427957 2.05624
-0.461911 0.188308 1.36637
-0.417135 0.192021 1.37071
0.244298 0.244025 2.30314
0.192951 0.0453599 1.71978
0.780916 -0.0982338 1.70718
-0.118505 0.228729 1.40372
-0.205237 0.171055 1.32401
-0.411907 0.160037 1.46007
0.274998 0.0107078 1.74733
-0.168891 0.175057 1.39314
-0.503469 0.195091 1.51163
-0.409033 0.181609 1.40958
-0.294815 0.175914 1.44347
-0.3919 0.217823 1.33238
-0.211228 0.0753621 1.14634
-0.804222 -0.124097 1.5104
-0.377836 0.283757 1.25602
-0.479577 -0.0126191 1.17596
-0.625749 -0.0924992 1.19822
-0.0584165 0.00927534 0.243155
-0.66347 0.231737 1.47972
-0.512595 0.287502 1.48848
-0.0708956 0.0699487 0.472162
-0.192585 -0.0199226 0.420129
-0.510489 0.208587 1.50367
-0.570861 -0.0261271 1.60032
-0.195019 0.0138985 0.359888
0.111035 0.0175279 1.15733
-0.0686179 0.268506 1.42421
-0.0628745 0.153515 1.31977
-0.0894625 0.14074 1.04082
0.0426251 0.0829175 1.45594
-0.0539383 -0.421736 1.31037
-0.301109 0.121748 1.4978
-0.0132062 -0.152407 1.17358
-0.052588 0.0850792 1.40367
0.889486 0.217116 2.73415
-0.470517 0.179318 1.53554
0.077178 0.116712 1.50898
-0.186873 0.275997 1.34229
-0.27942 0.33353 1.55209
0.751777 -0.401759 0.837094
0.248391 -0.137726 0.469129
0.065644 -0.0231548 0.202778
0.0329083 -0.0143275 0.222464
0.0623357 -0.0577867 0.20038
0.0850723 -0.0644546 0.217788
0.0617517 -0.0443646 0.215324
0.045848 -0.0221473 0.216403
0.0709367 -0.0233635 0.20182
0.117356 -0.0963881 0.310747
0.0458887 -0.0188296 0.220776
0.0428946 -0.0187411 0.220917
0.658323 -0.320549 0.834796
0.690481 0.0775665 0.675214
0.745954 -0.0192613 0.742418
1.23776 -0.363908 1.2185
0.764535 0.140209 1.90596
0.660701 0.0939943 0.688585
0.160194 -0.0121057 0.3466
0.517567 0.075837 0.668577
0.650628 0.102702 0.690168
0.473087 0.0876538 0.605865
0.700957 0.00282336 0.665652
0.292573 -0.149239 0.425185
0.297655 -0.0872078 0.358218
0.11318 -0.032196 0.255762
0.34728 -0.149883 0.445066
-0.00404672 -0.0205223 0.227057
0.625039 0.0920549 0.678431
0.705778 0.066049 0.648788
0.639536 0.0964755 0.68744
0.573591 0.0761785 0.654183
0.723776 -0.34462 0.863554
1.3153 -0.572946 1.39546
0.563391 -0.283751 0.745982
0.0510262 -0.0283282 0.234505
0.0609496 -0.0516107 0.210772
0.0572984 -0.0508186 0.218135
0.0628863 -0.0426954 0.219708
0.0416824 -0.0210638 0.215379
0.0508282 -0.0296137 0.221971
0.0529387 -0.0312797 0.212276
0.0444445 -0.0256682 0.2216
0.0512494 -0.0318956 0.221001
0.69932 0.00558152 0.656178
0.658983 0.00447252 0.765696
0.0638857 -0.0462783 0.212239
0.0554494 -0.01926 0.205602
0.067591 -0.0538365 0.237583
0.615336 0.0957515 0.6657
-0.818291 0.318915 1.48089
-0.590093 0.319087 1.36002
-0.801945 0.154273 1.4836
-1.23998 0.0082024 1.42877
-0.778969 0.213885 1.14244
-0.356334 0.189581 0.761323
0.253828 0.0945991 3.0571
-0.0323283 -0.012351 0.236321
0.0855591 -0.0245171 0.27044
0.735509 0.105712 1.63948
0.829667 -0.122237 1.62922
0.713382 0.133824 1.81946
0.843638 -0.128996 1.65315
0.67079 0.126006 1.60837
0.192977 -0.0729166 0.318213
0.738121 -0.195001 1.36554
0.786465 -0.126797 1.55505
0.119215 -0.0541414 0.287198
0.0361818 -0.0433369 0.241736
0.734224 -0.60314 1.73786
0.548239 0.00473778 0.694374
0.75837 -0.126374 1.69514
0.554889 0.134405 0.915499
0.587714 0.147331 0.954797
-0.0382111 0.0163491 0.305627
-0.32941 0.325571 1.53016
-0.341114 0.337476 1.58042
-0.0328759 -0.00798169 0.220721
-0.429141 0.315144 1.56325
-0.0233743 -0.00528852 0.22664
-0.0380015 -0.00851878 0.232138
-0.596597 -0.0135033 1.3607
-0.442832 -0.384209 1.57232
-0.197415 -0.00703792 0.408688
-0.167229 -0.00556846 0.30878
-0.258137 0.327603 1.40812
0.197847 0.0789417 1.03418
-0.613687 -0.0948727 1.1903
-0.759497 0.0504683 1.31819
-0.0366884 0.00885911 0.277185
-0.395486 0.0487799 0.789174
-0.687597 0.0908978 1.25821
-0.354033 0.17149 1.13425
-0.364777 0.332891 1.29963
-0.626508 0.340895 1.43053
-0.50044 0.277671 1.46902
-0.402669 0.0780348 0.630915
-0.782371 -0.0322115 1.45554
-0.0517546 -0.0311115 1.46412
0.0789418 0.0289277 1.29488
-0.726929 0.225446 1.23739
-0.618078 0.0783187 1.10939
-0.0353101 -6.17727e-05 0.229725
-0.0293378 -0.00661056 0.223696
-0.934097 0.320879 1.27289
-0.359824 0.266408 1.31296
-0.0350366 -0.000187558 0.229554
-0.0566329 0.0101403 0.24688
-0.283021 0.0960703 1.43904
-0.138159 0.289535 1.55767
-0.329691 0.200527 0.746013
-0.434042 0.176621 0.849897
-0.133113 0.032422 0.358687
-0.0501932 0.00476085 0.249827
-0.962706 0.277888 1.26701
-0.0177894 -0.0186045 0.242749
-0.31222 -0.215633 1.02749
-0.348363 0.248763 1.31181
-0.377661 0.211703 1.44493
-0.0560731 0.00687095 0.253177
-0.449875 0.309464 1.32667
-0.840457 -0.0176443 1.2655
-0.0583144 0.00927747 0.243021
-0.516732 -0.130514 0.874018
-0.960448 0.214363 1.72412
-0.382321 0.142091 1.35834
0.132391 0.0984919 1.28645
-0.757791 -0.0259967 1.39007
-0.544359 0.0635905 1.26584
-0.747408 0.0955301 1.33768
-0.827847 0.257748 1.4737
-0.661345 0.0747796 1.4356
-0.56868 -0.0115202 1.35166
-0.895005 -0.126335 1.2266
-0.50013 0.244723 1.25862
-0.782212 0.101373 1.39608
-0.702225 0.361391 1.49078
-0.79121 0.341394 1.41374
-0.672852 0.35309 1.50117
-0.263714 0.166249 1.20129
-0.309914 -0.0433756 0.533921
-0.117036 0.222729 1.38283
-0.760799 0.410217 1.50684
-0.695416 0.345248 1.39094
-0.428829 0.3985 1.49929
-0.624542 0.145927 1.39394
-0.869461 0.231274 1.47146
-0.73631 0.0174925 1.51446
-0.0791268 0.274313 1.30683
-0.632266 0.328509 1.41687
0.056955 -0.24621 1.41086
-0.593447 0.257028 1.19566
-0.0533415 -0.294153 0.958153
-0.566939 -0.187445 1.2895
-0.530705 0.413175 1.72984
-0.58212 -0.195329 1.33667
0.0875968 0.133251 1.89384
0.242547 0.20652 2.86004
-0.00656408 -0.220157 1.3712
-0.299443 0.201536 1.44909
-0.275837 0.133979 1.17877
-0.421253 0.376467 1.70111
-0.678717 -0.551333 2.26023
-0.405839 0.360449 1.65464
-0.575842 0.28666 1.43883
-0.511811 0.273712 1.52758
-0.517246 0.403765 1.69597
-0.546351 0.268664 1.36602
-0.0529055 -0.34665 1.11401
-0.452399 0.211424 1.35855
-0.642404 -0.0454073 1.53166
0.128203 -0.0990835 1.18542
0.19847 0.134792 1.66665
-0.998185 0.00567678 1.17812
0.00908952 0.0472841 0.533975
-0.295903 0.224157 1.44588
-0.668136 -0.018074 1.50841
0.0463365 -0.0271751 0.260651
0.614628 -0.283368 0.767857
0.8142 -0.363868 0.936341
0.730006 0.149571 0.664304
0.216279 -0.081929 0.352248
0.749985 -0.00233819 0.814809
0.596677 0.0299216 0.730053
1.33207 -0.393068 1.34169
1.37009 -0.407227 1.38001
0.0461308 -0.0247799 0.267642
0.0487437 -0.0199831 0.216097
0.0616226 -0.0527906 0.215945
0.0442531 -0.025715 0.221471
0.0533504 -0.0327205 0.220445
0.0819192 -0.0490645 0.20866
0.0545766 -0.0148074 0.207703
0.75892 -0.401849 0.855826
0.0325572 -0.0246216 0.224293
0.0524332 -0.0256178 0.217611
0.0616848 -0.0518405 0.210687
0.0438299 -0.0187529 0.220897
0.0677547 -0.0649833 0.19804
0.0583944 -0.0413653 0.213598
0.0376085 -0.0196758 0.218297
0.0255538 -0.0246962 0.22427
0.0190993 -0.0152044 0.228217
1.14271 -0.44534 1.32663
0.0170868 -0.0216417 0.248267
0.00477681 -0.0169101 0.238101
0.0163246 -0.0155146 0.228226
0.0622955 -0.0380449 0.211624
0.0972965 -0.0296776 0.219116
1.38705 -0.404646 1.37694
0.619068 0.0951039 0.68023
0.668248 0.0844319 0.674387
0.63907 0.0025771 0.617253
0.0107426 -0.0171592 0.228379
0.0303175 -0.0235175 0.223345
0.0935044 -0.0233233 0.195738
0.0741299 -0.0181918 0.293516
0.727343 -0.406613 0.852555
0.172391 -0.0204843 0.229894
0.0442118 -0.0172847 0.21443
1.22857 -0.531223 1.32916
0.0305961 -0.0171736 0.225008
0.0618638 -0.0383318 0.201585
0.0600732 -0.0325747 0.21062
0.0744502 -0.0107605 0.270139
0.762174 -0.0201269 0.758942
0.74707 -0.0241405 0.709966
0.714226 0.0851887 0.683925
0.00939579 -0.0178111 0.24531
0.00703043 -0.0217214 0.221806
0.0185682 -0.0183386 0.236677
0.647303 0.104568 0.668078
0.0758126 -0.0136884 0.284261
-0.0720884 0.296875 1.53637
-0.267286 0.285231 1.35423
-0.699072 0.166476 1.62716
-0.185309 0.217484 1.41976
-0.488017 0.235044 1.09416
-0.180236 0.24747 1.33346
-0.18244 0.238861 1.31884
-0.319895 0.189873 1.61765
0.156956 -0.150493 1.36404
0.988934 -0.365963 1.96349
0.358049 0.0222058 0.686075
-0.193422 0.19254 1.22449
0.497698 0.0417607 0.820177
-0.0706792 0.211427 1.29324
-0.0359352 0.287639 1.36334
0.392929 3.7757e-05 0.738147
0.671455 0.117649 1.46532
-0.0502447 0.14297 1.34028
-0.42171 0.375307 1.69046
0.64993 0.00570845 0.79797
0.569366 0.0411437 0.945823
0.607698 -0.282939 0.791392
-0.131755 0.297023 1.42101
0.681006 0.0372091 1.06388
-0.186838 0.289163 1.3858
-0.174755 0.136936 1.1111
-0.16706 0.201492 1.29088
0.850721 -0.392394 0.899433
0.612921 -0.0296142 0.885975
0.608647 -0.0286507 0.880601
1.16996 -0.532782 1.31292
1.08542 -0.511843 1.22851
-0.201417 0.255693 1.40143
0.532738 0.0260586 0.892915
-0.240318 0.0791692 1.25626
-0.266039 0.153457 1.39824
0.0881165 0.153702 1.69053
1.85614 -0.589679 3.38706
0.856113 -0.0555267 1.6453
1.00651 -0.0124762 1.29709
0.748209 0.121825 1.85648
0.971811 -0.169684 1.50819
0.633038 0.00633062 1.03798
-0.08456 0.150106 1.22215
0.919043 -0.427171 1.50779
-0.382235 -0.399691 1.53164
-0.0570941 0.188406 1.17673
0.677574 -0.00586095 0.787229
-0.119519 0.202101 1.36651
0.12801 -0.0257228 0.216469
0.207704 -0.115991 0.367853
0.112709 -0.00254444 0.306108
0.593648 0.0910134 0.733645
0.116891 -0.0537027 0.286325
0.106436 -0.0355775 0.255061
0.676195 -0.325099 0.819991
0.611695 0.0133216 0.670899
0.0321173 -0.0206118 0.257111
0.640619 0.101851 0.707914
0.036061 -0.0429507 0.241336
0.0560909 -0.027103 0.222769
0.622314 0.058097 0.607662
0.0545785 -0.050468 0.284141
0.885002 -0.50941 0.990124
0.00664419 -0.021689 0.226241
0.0698556 -0.0214449 0.268472
0.711667 -0.0802831 0.760407
0.174816 -0.0123647 0.35435
0.216809 -0.0803825 0.364047
0.7278 -0.386591 0.819357
0.119113 -0.0543892 0.285916
0.341501 0.140613 1.62195
0.175425 -0.0606738 0.296137
0.0648473 -0.0604099 0.434888
0.533162 0.12751 1.68076
0.485493 0.118432 1.55504
0.72861 0.154427 0.668862
0.729198 0.160296 1.75625
0.716866 0.150843 0.653917
0.126741 -0.00368315 0.280666
0.187453 -0.050262 0.311535
0.268696 -0.0232832 0.402237
0.249612 -0.0764831 0.322535
1.4003 -0.502881 2.52281
2.24013 -0.0617307 2.47283
0.622985 0.0329849 0.79327
0.643762 0.020004 0.765541
0.489379 0.0344748 0.739116
0.693671 0.0965866 0.754239
1.15759 -0.360818 1.31331
0.576376 0.0961119 0.737557
0.685005 -0.230257 1.21984
0.540303 0.121071 0.913115
-0.000909942 -0.0179008 0.228758
-0.41229 0.17115 1.36317
-0.498138 0.0648389 1.52552
-0.266044 0.346996 1.45495
0.536959 -0.0959172 1.27985
-0.250118 0.276534 1.35558
0.0338734 -0.0224142 0.222491
0.0591471 -0.0421914 0.217475
0.544415 0.105181 0.670123
0.0600852 -0.0521826 0.217663
0.0260694 -0.0223904 0.223714
0.0619972 -0.0453335 0.21551
0.0527111 -0.0322124 0.220787
0.705807 -0.290022 0.910121
0.0532194 -0.0352851 0.22067
0.0580369 -0.0363708 0.220255
0.0684471 -0.0567579 0.210266
1.12844 -0.503163 1.25544
1.27555 -0.372614 1.20512
0.657881 -0.339024 0.755099
0.188397 0.032168 2.66569
0.492391 -0.151589 0.529967
0.580771 0.121172 0.735995
0.257056 0.234227 2.19215
1.03209 -0.340457 1.31451
0.734229 0.143104 0.678535
0.606687 0.0947141 0.669924
0.21105 -0.00299735 0.277961
0.203173 -0.0251949 0.293505
0.205014 -0.0299923 0.293695
0.499772 0.109244 0.805676
0.722773 -0.22695 0.746239
0.749455 -0.403562 0.837668
0.232089 -0.0842227 0.373682
0.649869 -0.201121 0.695028
0.655316 0.0994106 0.69388
1.28644 -0.412925 2.10772
0.241312 -0.0998263 0.643202
0.794286 -0.257553 0.804352
0.0263632 -0.0214426 0.244485
0.00922982 -0.0164686 0.237317
-0.269523 0.0813791 1.36372
1.50185 -0.106443 1.62022
-0.00402762 -0.0764397 0.890482
0.648015 -0.180809 1.62625
0.629953 0.13857 0.854998
-0.296983 0.100705 1.5332
-0.150684 0.239879 1.32048
-0.155638 0.159598 1.38654
0.486998 -0.289564 1.90991
0.921093 -0.122727 1.95701
0.679806 -0.193355 1.66368
0.600972 0.0341149 0.744598
0.105386 -0.0179253 0.184709
0.0363472 -0.0412796 0.23436
0.0471664 -0.0242621 0.221403
0.0589785 -0.0212158 0.260044
0.0631674 -0.0543299 0.212355
1.72085 -0.56706 3.27271
0.725786 -0.593005 1.71442
0.95763 -0.441841 1.56875
0.223128 0.0541058 2.58801
0.399584 -0.00513353 2.54166
1.44039 -0.470796 2.58885
0.0925017 -0.00967947 0.254262
0.646243 0.0185849 0.728037
-0.193885 0.23132 1.3034
-0.313589 0.164252 1.60653
-0.344594 0.211349 1.67609
-0.069307 0.196095 1.34359
-0.0468804 0.0739421 1.10615
-0.164013 0.12994 1.07117
-0.168427 0.166739 1.30157
-0.0538958 0.105354 1.32052
-0.117627 0.113862 1.06253
-0.0538188 0.133903 1.09014
1.0373 -0.312346 1.19999
1.33565 -0.0445667 1.62941
0.610592 -0.360946 2.4079
0.674322 -0.115379 1.5194
0.597735 0.12101 0.733559
0.0343943 -0.0406699 0.2616
0.0786231 -0.0217905 0.272383
0.695656 0.00366743 0.657628
0.660147 0.100882 0.695188
0.306294 -0.0469681 0.46732
0.0337408 -0.0199651 0.258859
0.0392621 -0.042484 0.23758
0.13157 -0.0212799 0.212665
0.133848 -0.0751741 0.372174
0.609811 -0.195076 0.814226
0.117248 -0.0121411 0.268064
0.133374 -0.0192181 0.182103
0.00208953 -0.0180716 0.233805
0.0186905 -0.0275877 0.235737
