-0.279 0.0745548 0.861706
0.280688 0.197323 1.17025
0.618199 0.115936 1.26902
-0.106891 -0.0265654 0.845385
0.910339 0.134082 1.89211
0.222232 0.163686 0.472885
0.00998801 -0.00582438 0.04869
-0.054752 0.0340942 0.172892
-0.0607642 0.0340725 0.177634
-0.422631 0.111714 0.893531
-0.0595031 0.0294282 0.12706
-0.129443 0.0540903 0.203287
-0.441845 0.0847636 0.890217
-0.173752 0.0679884 0.280423
0.00329679 0.0499458 0.18202
-0.368123 0.0727934 0.889538
-0.181758 0.0681533 0.268777
0.357789 -0.013353 0.990329
-0.0648725 0.0275716 0.151456
-0.0655644 0.0283107 0.131127
-0.0669622 0.0224476 0.136708
-0.0516193 0.0186122 0.111452
-0.0603682 0.0265468 0.176998
-0.0614871 0.0201338 0.116767
-0.0877259 0.0313352 0.169868
0.297735 0.191149 0.531927
-0.0938723 0.0610576 0.465236
0.118763 -0.00799033 1.65128
0.469238 -0.0991739 1.04288
0.100517 0.0736778 1.49237
-0.299077 0.0743522 0.894043
-0.0910935 0.044761 0.263436
1.00588 0.620289 1.72042
0.743121 0.43135 1.23194
0.0354978 0.0950224 1.498
0.010845 0.0425192 0.30986
-0.336451 0.107294 0.854442
-0.458605 -0.0588563 0.993603
-0.739405 0.2437 1.909
-0.0663378 0.0392149 0.121373
0.52333 -0.21113 0.962758
0.0730039 0.0566375 0.166767
-0.116379 0.0599511 0.786193
0.399989 -0.165433 1.3123
0.333295 -0.0963498 1.13032
0.861938 -0.0760615 1.56184
0.427417 -0.0998189 0.995922
0.338698 -0.222367 1.05607
-0.602507 0.0351023 1.01055
0.210571 -0.0889549 1.0463
-0.27359 -0.330373 1.04186
-0.080563 0.0401407 0.174539
-0.580055 -0.0182758 0.922837
0.628615 0.0901609 1.27257
0.567773 -0.0640277 1.1357
-0.0990963 0.024143 0.205811
-0.157658 0.0586913 0.929949
-0.402578 0.110908 0.910458
0.0020409 0.0978809 1.55298
-0.294805 0.0914491 0.867739
-0.498366 -0.09729 1.06062
-0.20543 0.086615 0.832181
-0.18279 0.125449 0.822811
0.0187882 0.0384997 0.231445
0.0267148 0.0453485 0.275519
-0.221996 0.0938436 0.757881
-0.0618196 0.0281769 0.171784
0.0239229 0.0416295 0.275689
-0.101871 0.0494408 0.134955
-0.115978 0.071033 0.152241
-0.383468 0.18886 0.810427
-0.0208986 0.0305175 0.181654
-0.301328 0.126619 0.886495
-0.0617371 0.0299955 0.178431
-0.0402653 0.0351076 0.181821
0.351876 -0.0424385 0.444345
0.402303 -0.256367 0.893154
-0.779453 -0.074642 0.67096
0.0816327 0.189183 0.621042
0.955967 -0.0823235 1.73286
-0.779116 0.00441509 1.09972
-0.0568723 0.0381202 0.178415
-0.0804322 0.0309567 0.170576
0.0412898 0.067232 0.180208
0.00211544 0.0405985 0.181909
-0.364524 0.115737 0.923698
-0.219022 0.0911259 0.749462
-0.0984869 0.0782863 0.18801
0.0614522 0.0695181 0.171033
0.0679342 0.053438 0.15735
-0.0901236 0.0607795 0.170609
-0.000449572 0.0655457 0.17187
-0.0466849 0.008828 0.104518
0.00461386 -0.00334065 0.0285182
0.0131337 0.00746498 0.0316431
-0.0333956 0.0126382 0.0525004
-0.0605089 -0.0916877 0.270989
-0.0196772 0.0115036 0.0878681
-0.0425932 0.0194497 0.0662908
0.885891 0.05373 1.72344
0.37435 -0.19663 1.24935
-0.180394 0.065658 0.266725
0.371898 -0.0109952 1.06704
-0.164107 0.0728337 0.288657
0.379114 0.199729 1.14801
0.429364 0.0392421 1.09457
-0.177216 0.0736543 0.268318
-0.597449 0.0403308 0.965154
-0.0978566 0.0531853 0.324741
-0.534095 0.0354038 0.919544
-0.0795919 0.0322444 0.171828
0.019397 0.169861 0.920981
-0.089999 0.0246731 0.166178
-0.117008 0.049877 0.755804
-0.00176554 0.000267508 0.0027688
0.14662 0.0967628 1.21299
-0.00461451 0.0644262 0.308348
0.00813063 0.164897 1.46571
-0.127253 0.0585479 0.805526
0.00592322 0.0505419 0.271667
-0.056023 0.0153306 0.102815
-0.189007 0.0669025 0.322332
-0.24792 0.0667084 0.500823
-0.866168 0.445828 2.21538
-0.436336 0.127365 0.917838
-0.0895984 0.0450252 0.175055
-0.176278 0.0775915 0.857639
-0.15587 0.070868 0.533734
1.03226 0.70678 2.01366
-0.175663 0.0685151 0.274403
-0.0636579 0.0231864 0.125236
0.0839754 0.123587 0.367852
-0.0489518 0.0827849 0.632672
0.185161 0.219221 1.33335
0.00562007 0.0678389 0.280786
-0.430161 0.0982319 0.866304
0.473037 0.0480112 1.20309
-0.58034 -0.254313 1.04221
-0.593738 -0.11791 1.09143
-0.179376 0.0814583 0.85958
0.183028 0.239545 1.46369
0.282311 0.144376 0.497268
0.534397 -0.259771 0.848734
-0.585768 0.0866242 0.948068
0.364286 0.192573 0.996455
0.373262 -0.102171 1.25038
-0.663785 -0.0748968 1.03183
-0.107128 -0.0188307 0.817848
0.421068 0.00731052 1.16939
-0.0306691 0.0335056 0.18285
0.200122 0.22488 0.879315
-0.413868 0.0937054 0.888738
-0.131977 0.106053 0.799047
-0.471983 0.194594 0.93191
0.178722 0.200149 1.25544
-0.0634468 0.122309 0.877412
0.036292 0.0565829 0.188714
0.0159977 0.0451266 0.321359
0.0015925 0.0411149 0.182537
-0.0702799 0.0345712 0.175783
-0.0229711 0.0109872 0.0555248
-0.0888616 0.0427216 0.171029
-0.00423343 -0.00242943 0.0090504
0.00651525 -0.00299695 0.0369197
-0.00291945 -0.00181537 0.00653202
-0.0200291 0.0533486 0.211865
-0.0219925 0.00768985 0.0418909
-0.0394812 0.0352837 0.181458
-0.00534298 0.0363565 0.184715
-0.100226 0.0403623 0.259839
-0.0752677 0.0264196 0.173439
0.00264788 0.0468969 0.183815
-0.0851445 0.034049 0.170734
-0.0676173 0.0340488 0.175135
-0.0926104 0.0354965 0.169282
-0.0354073 0.0431967 0.18307
-0.00851593 0.00275415 0.0145769
-0.640962 0.262617 1.14525
-0.0758946 0.0274294 0.166307
-0.0642818 0.040927 0.979063
0.0188347 0.131772 0.929299
-0.097602 0.0346705 0.177511
-0.0755769 0.0272958 0.163681
-0.0212828 0.0349855 0.214384
-0.0499415 0.023196 0.101816
-0.0431227 0.0155395 0.0832156
-0.0878927 0.045662 0.171314
0.00374622 -0.00199633 0.0249293
-0.0790745 0.0329425 0.172851
-0.165142 0.0778264 0.287383
-0.300287 0.0413881 0.910562
0.160604 0.114845 1.38437
-0.519604 -0.0805143 0.932675
-0.0041751 0.0422042 0.182223
-0.0122206 0.0361197 0.181351
-0.652165 0.0368 1.09551
-0.650628 -0.0731651 1.00899
-0.0135123 0.0430825 0.183083
-0.604698 -0.0138252 0.967813
-0.00543585 0.0331424 0.182488
-0.548628 -0.00784401 0.928113
-0.525181 -0.0186657 0.834495
0.403688 0.0547739 0.881796
-0.72518 0.041327 1.02892
0.399103 -0.134656 1.04494
1.02645 0.0360413 2.26783
-0.171873 0.0752381 0.27204
-0.0832245 0.0413006 0.17382
-0.71538 0.0617909 1.00439
0.00250725 0.0404445 0.18173
-0.67068 -0.186722 0.997842
-0.632788 -0.178469 0.934725
-0.377533 0.102341 0.866338
-0.0703465 -0.300582 1.08749
0.389532 -0.201411 1.30108
0.614665 -0.10562 1.02822
-0.04554 0.0221846 0.0880127
0.00455718 -0.00939292 0.0581779
-0.0135063 0.0427916 0.181379
-0.0862367 0.0312066 0.170049
-0.0640811 -0.111093 1.07816
-0.0437547 0.0207679 0.125023
-0.377693 0.0939667 1.01629
-0.33923 -0.227435 0.808681
0.0493393 0.0822333 1.49566
-0.625883 -0.0901209 0.992059
0.365457 -0.226859 1.11099
-0.083075 0.0387816 0.170652
-0.089953 0.0399385 0.170802
0.00228219 0.0518961 0.195257
-0.0675824 -0.221923 1.04847
-0.102501 -0.0877749 1.45756
-0.172916 0.0757685 0.274539
0.368808 -0.0153446 1.03836
0.535368 -0.131093 0.901796
0.380841 -0.247748 0.853886
-0.449325 0.0668306 0.976134
0.409785 0.0556945 1.0348
-0.51498 -0.0867592 0.89531
-0.122276 0.0774452 0.804045
-0.287819 0.068117 0.862091
-0.38664 0.0711899 0.905333
0.373169 -0.259808 1.11092
-0.626186 -0.0773543 0.984328
-0.0607036 0.0338026 0.176857
-0.595306 0.0903831 0.965953
0.405311 -0.0416934 1.29741
0.121006 -0.184477 1.76162
0.513087 -0.215687 0.9592
0.0197192 0.090588 1.51896
0.579893 0.0545807 1.27309
-0.512935 0.134132 0.877033
-0.0130628 0.0372702 0.183174
0.198046 0.221474 0.860712
0.524632 -0.230808 0.970159
0.361889 -0.258225 0.910179
0.662086 -0.105846 1.1133
-0.00346064 0.038567 0.182954
0.253458 0.11538 0.449028
0.0767202 0.0572582 0.165444
-0.604177 0.0964 0.950821
-0.0118478 0.103366 0.764729
-0.286239 0.0519953 0.879498
-0.0157818 0.0457164 0.182606
-0.0803128 0.0399221 0.172524
-0.0330243 0.046839 0.302056
-0.0143974 0.0308629 0.205927
0.520406 -0.104412 1.08639
0.277291 0.126583 0.503792
-0.282317 0.0353761 0.850345
0.482111 -0.0997624 1.01872
0.692565 -0.0936205 1.33841
-0.176459 0.0779808 0.848943
0.907187 0.00410859 1.78932
0.410275 -0.0375518 1.31038
0.445726 0.0403533 1.03406
0.322509 0.0973368 0.565121
-0.524005 -0.100904 0.951732
-0.590831 0.0379642 0.949523
0.209632 -0.0979626 1.21252
0.663394 0.0358733 1.10749
0.0286122 0.0912258 1.48875
-0.0686925 0.140115 1.35295
-0.420727 0.0843243 1.01579
-0.696982 0.184899 1.0578
0.39242 -0.276068 0.969463
0.368002 0.211141 1.18914
0.020665 0.0774759 0.437456
-0.430926 0.10507 0.909398
0.435074 0.0437125 1.01027
0.503977 -0.210752 0.944063
-0.0217292 0.0475509 0.18692
0.812597 0.0435608 1.57919
0.0392117 0.0900303 1.21523
0.368009 0.223828 0.801665
-0.0292725 0.0386504 0.182582
0.450702 -0.0890745 1.43869
-0.178145 0.0837808 0.846261
0.412618 -0.0334044 1.31452
0.391302 0.00745449 1.08107
-0.0688492 0.0541017 1.38547
0.526032 -0.230703 0.970566
0.0448844 0.0839108 1.4819
-0.538909 -0.0184652 0.922925
-0.596243 -0.0240252 0.94553
-0.51258 -0.088157 0.891039
0.482139 0.0723175 1.05822
-0.0250512 0.0347622 0.182224
-0.280264 0.0400776 0.876715
-0.450241 0.0716935 0.972727
-0.477842 0.119456 1.01822
0.385474 0.222991 1.27349
0.160973 -0.0452853 2.07969
0.229796 -0.122522 1.53411
0.372604 0.204354 1.09693
-0.460659 -0.0810986 0.983223
0.241242 -0.0500189 0.534205
0.393322 -0.164867 1.27711
-0.589551 0.0303984 0.98375
-0.38796 0.0723228 0.898761
0.113142 -0.0989474 1.47932
0.355637 -0.253654 0.883278
0.740942 -0.043811 1.43457
0.476851 0.0927541 1.04597
-0.554632 -0.0109225 0.951367
0.448707 -0.108647 1.04358
-0.433388 0.09921 0.878783
0.488273 -0.0904027 0.956338
-0.0582304 -0.288583 0.842025
0.369598 0.206739 1.09678
-0.37338 0.0623119 0.932506
-0.562253 0.0372576 0.962416
-0.554608 0.0977271 0.937154
0.415604 0.224196 1.09186
-0.716744 -0.205994 1.07976
-0.123749 0.0785247 0.830204
0.415396 0.0366862 1.06119
-0.10509 -0.0156544 0.828964
-0.263087 0.0758862 0.818599
-0.601308 0.0378798 0.969726
0.152 0.22119 1.32883
0.406865 -0.134567 1.05867
0.05753 0.193446 0.556001
-0.53834 -0.0230127 0.8582
-0.690466 -0.125489 1.00213
-0.0787842 0.044524 0.173434
-0.0285823 0.0377738 0.182274
-0.187395 0.0744217 0.265278
0.0356746 0.0569386 0.182708
-0.285742 0.083134 0.88127
-0.488963 0.0696203 1.04035
0.00346481 0.0443422 0.182914
-0.279463 -0.291806 0.958974
-0.00596047 0.0264096 0.181358
-0.740869 -0.129658 1.06746
0.0971269 -0.159837 1.46533
-0.587445 0.0926729 0.939457
0.379505 0.00508859 1.0596
0.411489 0.0298428 0.94802
-0.563222 0.0857798 0.953983
-0.190516 0.0605337 0.288379
-0.190013 0.0773143 0.266101
-0.0202569 0.0447443 0.184215
-0.00326276 0.0381045 0.181787
-0.535554 0.0864277 0.914018
-0.0294354 0.0475261 0.181152
-0.0653385 -0.232159 1.54721
-0.0293102 0.0452348 0.180989
0.0772522 0.181954 0.598714
-0.579707 -0.191752 1.21646
0.292536 0.147465 0.515473
0.507059 0.142495 0.845437
0.0050617 0.0272012 0.181898
-0.0182624 0.0325099 0.183107
-0.615682 0.136764 0.966967
0.574435 0.0333237 0.955288
0.376495 -0.252165 0.893296
-0.458197 0.0284071 0.983286
-0.0725119 -0.0785677 1.09841
-0.545637 0.0756407 0.918252
-0.120376 -0.521944 2.14078
-0.760076 -0.0735186 1.20141
-0.570943 -0.0864315 0.982955
-0.116686 -0.0208842 0.855591
-0.23916 -0.352867 1.0874
-0.0356593 0.0430561 0.183098
-0.61885 0.104118 0.971751
-0.0249392 0.0346628 0.182375
-0.180088 0.0723707 0.264174
0.615115 0.077071 1.32801
-0.10411 -0.0272012 0.813932
-0.0569046 0.0376335 0.178757
0.00418633 0.0585009 0.19701
0.434633 0.0406253 1.05381
-0.0202437 0.0446605 0.182324
-0.294148 0.0332746 0.76126
-0.00179708 0.0414317 0.165922
-0.023163 0.0480468 0.182406
0.00275163 0.0568286 0.191666
-0.165178 0.0775904 0.285536
-0.0521225 0.0240837 0.170345
0.443439 0.123494 0.744177
-0.00864351 0.0542749 0.214446
-0.200296 0.0897656 0.81793
-0.403948 0.112031 0.834225
-0.621415 0.174012 0.941338
-0.427729 0.108627 0.8795
-0.02816 0.0449993 0.182585
0.173435 0.185596 1.70333
0.434962 0.0388783 1.06191
0.525442 -0.0955536 1.02808
-0.510553 -0.00699134 1.11586
-0.0288584 0.0304822 0.181699
0.50213 0.117577 1.13304
-0.21366 0.104786 0.774241
-0.0217824 0.0524732 0.196006
1.08089 -0.0953484 2.31948
-0.0892337 -0.31303 0.863697
-0.482199 0.120513 0.900565
-0.56792 0.140525 1.09624
-0.146904 0.117902 0.800988
-0.765311 0.0318831 1.01763
-0.0856806 -0.287365 0.80099
-0.706017 0.0345853 1.01223
-0.0623513 0.0300766 0.182244
-0.0556485 -0.177504 1.05761
-0.505989 0.179821 0.873108
-0.0396996 0.0351515 0.181608
-0.688313 0.182034 1.04558
-0.024546 0.0345993 0.182363
-0.0149126 0.0248491 0.18452
-0.228959 0.0787903 0.310413
-0.292009 0.116867 0.831417
0.372307 0.104116 0.619875
-0.366071 0.106131 0.790556
-0.160819 0.0652748 0.285279
-0.03375 0.052124 0.315739
0.368027 0.191648 1.10697
-0.769208 -0.124123 0.697397
-0.788786 -0.19393 0.69682
-0.901519 -0.0457833 0.588685
-0.26954 0.0836394 0.220202
-0.297883 0.0473536 0.265292
-0.609095 -0.202976 0.616322
-0.482499 -0.0789313 1.02374
-0.0497845 0.0217449 0.164685
-0.36244 0.108782 0.934219
-0.377565 0.111837 0.920061
-0.313831 0.133326 0.722232
-0.592471 -0.0300161 0.948651
-0.568715 0.123517 0.889759
-0.241392 0.0704475 0.371598
-0.563797 -0.103994 1.02577
-0.952004 -0.0784693 1.24847
-0.652475 -0.141517 0.965256
0.197446 -0.1577 1.39425
-0.0288379 0.0306915 0.181538
-0.0554728 0.0299743 0.178992
-0.298766 0.111366 0.577913
0.507724 0.0979199 1.10213
-0.333101 0.0812299 0.88062
0.307814 -0.114231 1.45321
0.307109 0.153688 0.472367
-0.173573 0.0862312 0.817656
-0.771185 0.0314996 1.02863
-0.0182012 0.0325161 0.183788
-0.80148 0.0062222 1.13018
-0.362229 0.0963695 0.815072
-0.641604 -0.115566 0.914912
-0.203358 0.102899 0.822872
-0.0246048 0.0416811 0.183168
-0.0494719 0.0352833 0.180212
-0.0188733 0.0355668 0.182561
-0.749597 0.037119 1.08572
-0.0852143 0.0338872 0.171073
-0.157232 0.0511605 0.803567
-0.118648 0.0607924 0.836477
-0.297373 0.0848928 0.456085
-0.44963 0.0832195 0.930046
-0.541767 0.0785385 0.848699
0.442106 0.0674669 0.975578
-0.610085 0.136076 0.956569
0.276085 0.155586 0.449077
0.311153 0.165968 0.513461
-0.0287104 0.0451198 0.180743
0.164657 -0.263205 1.59874
-0.0828008 0.0339594 0.169845
-0.22492 0.059605 0.319798
-0.0916723 0.0474871 0.174799
-0.0871587 0.0249362 0.174508
-0.0848214 0.049264 0.172122
-0.372945 0.0422894 0.399937
-0.0700885 0.0402662 0.181279
0.00406822 0.0595862 0.199904
0.00217707 0.0339197 0.183068
0.482109 -0.263229 1.04113
0.148479 0.208105 1.20673
-0.184593 0.0706585 0.287818
-0.200167 -0.257854 0.779438
-0.0161732 0.0793523 1.26927
0.0942541 -0.321391 2.1053
-0.126271 0.168895 0.723108
-0.0826471 -0.265113 1.2372
-0.40075 0.117162 0.93162
-0.0191282 0.0438878 0.182443
0.378415 0.0573336 1.25961
0.333888 -0.246752 0.850491
-0.254996 -0.297836 0.915967
-0.391127 0.071519 0.920659
-0.111564 0.0489536 0.234623
-0.428191 0.116656 0.875954
-0.0132658 0.0426241 0.180883
-0.60847 0.0427033 1.03958
-0.071713 0.0399311 0.174995
-0.0133245 0.0372807 0.182744
0.0433302 -0.234822 1.49368
0.538591 -0.112788 1.19727
-0.700867 -0.150819 1.04551
-0.00694439 0.0365752 0.182332
0.275789 0.0948258 0.479432
-0.0702137 0.0733003 0.389866
-0.0515871 0.0352248 0.180344
-0.395551 0.0197391 0.852913
-0.00609232 0.02617 0.179359
0.434288 -0.259836 1.05461
-0.336233 0.165112 0.809675
-0.108478 0.0402329 0.213382
0.204484 0.187635 0.677436
-0.0296966 0.0267195 0.182472
0.610069 -0.066099 1.37622
-0.144219 0.0648587 0.95199
-0.0802971 0.0396215 0.171812
0.00449442 0.0544255 0.182981
-0.0926908 0.0289916 0.189083
-0.0929352 0.0263585 0.175798
0.268708 0.0938038 0.460532
0.0757431 0.0567048 0.164897
-0.208537 0.0970408 0.750434
-0.0213473 0.0522927 0.191528
-0.0716797 0.0392781 0.173529
-0.285841 0.0393406 0.853921
0.00298664 0.0338005 0.181796
-0.10459 -0.0147094 0.840826
-0.0151887 0.0250928 0.183747
0.000951761 0.0409461 0.180943
0.528016 0.0773068 1.10131
-0.0879003 0.0423915 0.170225
-0.218221 0.103091 0.907622
-0.0837091 -0.299215 0.820588
-0.0242263 0.0439527 0.182782
0.365114 -0.0160482 1.01127
0.692183 0.133819 1.34428
0.47746 -0.257465 1.00864
-0.001848 0.0430659 0.179176
0.420733 -0.216691 1.51504
0.445647 -0.264061 1.06502
-0.012975 0.0369786 0.182279
0.428289 0.176078 0.787887
-0.51655 0.19311 0.90268
0.00141066 0.0403567 0.18005
-0.033276 0.0310113 0.180289
0.103645 0.0761417 1.29947
-0.00726353 0.0323376 0.182525
-0.0852247 0.0366945 0.170692
-0.17867 0.129209 0.812656
-0.44364 0.13179 0.857337
-0.126975 0.0913955 0.791656
-0.47985 0.195057 0.951333
-0.318494 -0.298226 0.952992
-0.263442 -0.293011 0.910302
-0.29753 -0.107394 0.876571
-0.0902593 0.0464914 0.171692
0.294053 0.167598 0.479585
-0.0655869 0.0273527 0.173168
0.125584 0.0959209 1.05445
-0.0620111 0.0354119 0.122619
-0.0294133 0.0271553 0.183793
-0.0326378 0.0272451 0.182706
-0.0226688 0.0265591 0.182662
-0.0370918 0.0436762 0.183687
-0.219212 0.0933238 0.745758
-0.200788 0.0730453 1.01721
-0.0680228 0.0344415 0.17727
0.458615 0.107071 1.03824
-0.0225456 0.0307467 0.183178
0.00335444 0.0335616 0.18046
-0.108622 -0.0263885 0.787526
-0.122224 -0.0147838 0.863454
0.634422 -0.0861619 1.29588
-0.00366227 0.0481287 0.188283
-0.061225 0.0272599 0.180303
0.569449 -0.138404 0.960471
-0.052699 0.146032 1.22548
-0.0606095 0.0266001 0.177056
0.547348 -0.133701 0.920863
0.11658 0.184004 0.656213
0.393427 -0.124959 1.51512
-0.0308856 0.0307602 0.178563
0.193917 0.0773707 0.262167
0.00455733 0.030419 0.183994
0.114576 0.0947833 1.36315
-0.197823 0.118273 0.7504
-0.0681738 0.0378907 0.177315
0.177246 0.202877 0.783044
-0.646441 0.188712 1.00467
-0.397156 -0.0861442 0.592839
0.00329324 0.0467052 0.182218
-0.132888 -0.139187 2.43434
-0.365147 0.0613395 0.911354
-0.0724126 0.0396602 0.174931
-0.345349 -0.28947 0.954578
-0.0609852 0.0284082 0.175205
-0.474976 0.210123 0.984094
-0.544843 0.151267 1.11183
0.471465 -0.251165 0.959716
0.366476 0.115859 0.645257
0.54821 0.250088 1.1368
0.116499 0.167183 1.22245
0.211055 0.24681 1.49881
-0.296334 0.0537584 0.307133
0.116454 0.178656 0.64126
0.122539 0.193412 0.713032
-0.213762 0.136728 0.750233
-0.13714 0.138852 0.773808
-0.301306 0.106442 0.863844
-0.022482 0.0265905 0.182366
0.294508 0.154613 0.482258
0.170668 0.181488 0.720996
0.890524 -0.121363 1.73242
-0.645273 -0.0929844 1.02376
0.913662 -0.0778516 1.79275
-0.251684 0.0685253 0.304107
-0.381156 0.120448 0.973551
0.366928 -0.273418 0.954409
0.732554 -0.0318541 1.37812
-0.0565224 0.0352635 0.178627
0.801044 -0.102787 1.50108
0.252297 0.187672 1.12533
-0.431099 0.103671 0.916557
-0.337648 -0.330431 1.05152
-0.1647 0.0710576 0.296946
-0.0115032 0.0408681 0.182057
0.517193 0.0977346 1.00087
-0.197548 0.0818459 0.874968
-0.524355 -0.180053 1.09918
0.42321 0.225391 1.13645
0.698678 -0.113085 1.42256
-0.0636014 0.0289506 0.176602
0.301162 0.144357 0.477185
-0.0560819 0.0376382 0.179936
0.12081 0.195197 0.712177
-0.0150493 0.0252356 0.184757
-0.515039 0.207612 0.982898
0.488361 0.0944532 1.06517
0.545167 0.10034 1.09522
0.499604 -0.334122 1.21229
-0.174534 0.153601 0.98109
0.0374359 0.0900938 1.19839
0.477922 -0.205217 0.892632
-0.11492 0.0573426 0.241663
0.507643 -0.266905 1.03825
-0.369409 0.0988189 0.968466
-0.126009 0.0918041 0.668415
-0.141088 0.10587 0.780093
-0.297008 0.0980228 0.80276
0.660972 -0.0696555 1.50211
0.321489 -0.165071 1.27263
0.0038302 0.0258225 0.182356
-0.292577 0.0701113 0.334236
-0.307046 0.0574979 0.356904
-0.0603076 0.132483 0.918368
-0.20967 0.132763 0.734044
-0.00350279 0.0389808 0.182825
-0.0761708 0.0646718 0.373915
0.494975 0.103746 1.09896
-0.429092 0.120845 0.976464
-0.0532648 -0.144884 1.44142
-0.4651 0.207886 0.95927
0.185153 0.204575 0.648671
0.338661 0.266146 1.01627
0.500064 -0.245093 0.790984
-0.592595 0.167391 0.91292
-0.0177734 0.0247324 0.170989
-0.279736 0.0715713 0.750626
-0.279274 0.0768583 0.35198
0.247604 -0.108594 1.42548
0.375726 0.110182 0.479641
-0.383789 0.102458 0.821349
0.337434 0.168476 0.475535
0.38622 0.0832368 0.459547
-0.295814 0.171384 0.839944
0.592543 -0.101278 0.99968
-0.0150887 0.0415274 0.176256
-0.00486311 0.0445495 0.178141
-0.00427618 0.0282902 0.189457
0.00396454 0.0287282 0.182021
0.390637 -0.164822 1.25997
0.403972 -0.167276 1.28523
0.189426 0.193953 0.743613
0.272805 0.139833 0.478962
-0.471343 0.105213 0.939195
-0.0773899 0.0308421 0.173118
0.00353709 0.0262994 0.170368
-0.00723724 0.0340776 0.188347
0.121218 0.130849 1.31659
-0.215567 0.0921832 0.742267
-0.436457 0.161491 0.858033
-0.400698 0.11626 1.05687
0.375938 0.060587 0.624705
-0.0699192 -0.117446 1.12849
0.0162984 0.0777742 0.86483
0.204093 -0.116695 1.53845
-0.129377 0.122426 0.745386
0.423263 0.259742 1.26972
-0.309001 0.130925 0.905318
-0.167932 0.131277 0.704203
0.296671 0.152141 0.514099
0.0835429 -0.12982 1.22636
-0.516703 0.206962 0.986662
0.409923 0.208119 1.29367
-0.0628254 0.0265686 0.177342
-0.0669396 0.0274606 0.179949
-0.626287 -0.086168 0.986936
-0.0674404 0.0260233 0.174997
-0.369926 0.094897 0.960458
-0.23223 0.16075 0.76877
-0.297134 0.139073 0.835386
0.514826 -0.271393 1.05436
0.37731 -0.0435346 0.475985
-0.276823 0.0761422 0.812947
0.329285 0.106034 0.57533
-0.161569 0.19409 0.882314
0.121169 -0.102265 1.55303
-0.185116 0.137718 0.735473
-0.36565 0.180736 0.901367
0.198534 0.219716 0.854767
-0.341631 0.187822 0.927015
-0.214194 0.156386 0.740427
-0.296308 0.108824 0.787144
-0.393974 0.179001 0.92366
0.208804 0.244208 0.92215
-0.622309 0.0220996 1.02632
0.108107 0.0916397 1.29202
-0.212463 0.107109 0.837753
0.376051 0.0628944 0.470686
0.356723 0.10293 0.439567
0.387509 0.0914337 0.456828
0.405331 0.087125 0.472697
0.31877 0.0910802 0.435829
1.06443 -0.00585835 2.14264
0.42154 -0.252328 1.02614
-0.381688 0.151506 0.873719
-0.213717 0.13814 0.751723
0.360577 0.0770906 0.451582
-0.0673787 0.142098 1.34281
-0.366069 0.18709 0.777346
-0.352205 0.110518 0.891665
0.664172 0.138701 0.897555
0.352254 -0.0425273 0.443377
-0.21483 0.125235 0.735189
-0.291134 0.0912724 0.891301
-0.368236 0.0809446 0.836884
-0.341601 0.0857664 0.872782
-0.43582 0.106053 0.931391
0.664737 0.138827 0.894314
0.658664 0.137075 0.88729
-0.298373 0.111611 0.863559
-0.105092 0.103101 1.46146
0.760959 -0.0434564 1.27821
-0.20758 0.104612 0.826786
-0.240459 0.124326 0.796611
-0.454562 0.200577 0.935088
-0.162581 0.130182 0.685044
-0.284805 0.175144 0.844023
-0.28416 0.175371 0.842512
-0.406779 0.116176 0.859288
0.448528 0.24038 1.17176
0.576225 0.159192 0.959459
-0.143981 0.157715 0.700525
-0.296756 0.174563 0.747181
-0.407023 0.174857 0.917062
0.351759 0.137061 0.42765
-0.207095 0.0947211 0.886047
0.817645 -0.0689887 1.8243
0.271937 0.0738094 0.903601
-0.114732 0.0597756 0.783546
0.376778 0.0799677 0.473043
0.395881 -0.0444741 0.498997
0.285361 0.14465 0.486592
-0.204996 0.144713 0.708842
0.0663974 0.233218 2.03237
-0.245733 0.117162 1.0295
-0.391474 0.20232 0.836032
-0.229723 0.140864 0.866513
-0.200989 0.0750748 0.916533
-0.383145 0.194606 0.955813
-0.284338 0.0830413 0.760155
-0.301656 0.142549 0.844828
-0.180908 -0.255457 0.760858
0.624567 0.104467 0.818891
0.13314 0.201056 0.721411
0.346287 -0.235196 0.779492
-0.0401102 -0.0140251 0.530787
0.521454 -0.251514 0.822035
-0.471525 0.0802868 1.02097
0.439816 0.0596466 1.1188
-0.0596827 -0.149896 0.879018
-0.118932 0.0983174 0.66813
-0.0063487 0.031185 0.177174
-0.0484869 0.067702 0.401487
0.0298867 -0.0221501 0.0170094
0.485815 0.0894447 0.946157
-0.211291 0.137825 0.746591
-0.121946 0.174435 0.740934
0.436472 -0.165854 0.461041
-0.146117 0.122152 0.782743
0.588754 0.0280728 0.986045
-0.130301 0.0871905 0.678623
0.491128 0.0641079 1.07404
-0.146058 0.188507 0.808518
-0.396196 0.138269 0.864746
0.488208 0.094792 1.06507
0.74297 0.0397096 1.64972
0.916318 0.315919 1.57378
0.443153 -0.109588 1.03111
0.573847 0.027818 0.960089
-0.130775 0.0694417 0.780875
0.680624 0.13301 0.940702
-0.122013 0.17407 0.741081
-0.345206 0.0418793 0.917695
-0.208431 0.155111 0.814614
-0.241958 -0.218956 0.685862
-0.214857 0.0773082 0.285064
-0.124306 0.0987629 0.768546
-0.447758 0.117089 0.59151
0.172738 0.240435 1.3888
-0.187284 0.176682 0.792875
-0.303249 0.061783 0.315687
-0.449174 -0.186018 0.466498
-0.0629456 -0.134413 0.935444
0.307191 0.152107 0.540289
-0.122996 -0.180337 1.7363
-0.0566677 0.0372042 0.776736
0.403239 0.162371 0.731236
-0.121298 -0.0141477 0.850652
0.3009 0.157684 0.518487
0.0161617 0.100004 0.730491
-0.117239 0.0926554 0.766657
0.0901852 0.17463 0.713181
0.179347 0.208134 0.967265
0.375542 0.0725327 0.467494
0.371049 -0.262945 0.942462
0.5258 -0.129391 0.883722
-0.062725 -0.104731 0.950793
0.355632 0.141679 0.445469
0.147587 0.147269 1.24769
-0.149746 -0.351131 1.01379
0.393965 -0.262941 0.877051
0.156742 0.161557 1.2672
-0.31699 0.0815434 0.911556
0.396941 -0.128285 1.32167
0.390007 0.0907603 0.460527
0.743727 -0.0875133 1.44292
0.103724 0.0759325 1.69458
0.791723 -0.0505965 1.53504
0.0897746 0.20599 0.681389
0.0997011 -0.115466 1.52103
-0.0577745 -0.222973 1.49239
-0.0884419 -0.178576 1.1879
-0.139205 -0.152114 0.431182
0.0803488 -0.0020818 0.135915
-0.0124953 0.138886 1.25536
-0.0715315 0.259304 1.69704
-0.176207 -0.297496 0.873541
-0.0159639 -0.199249 1.21758
-0.0295283 0.0387656 0.250668
-0.125617 0.0522585 0.14378
-0.0691234 0.0416913 0.183005
-0.0394681 0.0377615 0.189367
-0.071642 0.0378281 0.170068
-0.0847379 0.0495286 0.17316
-0.238868 0.0702013 0.234469
-0.170407 0.0790426 0.261903
-0.227269 0.0637977 0.297039
-0.100732 0.0795154 0.195648
-0.318348 0.0601867 0.943945
-0.0723011 0.136803 0.586637
-0.205017 0.122774 0.79165
-0.0192293 0.0366545 0.765424
0.199633 0.208094 0.672452
0.246493 -0.163113 0.544545
0.373996 -0.249654 0.912021
0.157162 0.176982 0.702409
0.381481 -0.0153018 1.06344
0.515044 -0.214309 0.960722
0.156901 0.161694 1.34437
0.256525 -0.125813 1.56169
0.384836 -0.128978 1.8024
-0.38637 0.0522727 0.423522
-0.670901 -0.121165 0.968291
0.377905 -0.0366591 1.08364
0.196298 0.203803 0.663611
0.871774 -0.101404 1.4781
0.306596 0.138656 0.453149
0.576525 0.0738537 1.46852
-0.610505 0.0412326 0.986138
-0.189941 0.0602817 0.30417
0.132103 -0.0405684 0.227383
0.0161072 0.101317 0.998727
0.446259 0.235061 0.937684
-0.601179 -0.264796 1.09008
-0.464206 0.107774 0.878666
-0.362365 0.0771141 0.680863
-0.0863384 -0.193635 1.92315
-0.187978 0.0819686 0.841294
0.0125237 -0.0542905 0.0859144
0.385829 -0.120583 0.413045
0.399946 0.00877855 1.14104
0.0573959 -0.0526001 0.245741
0.402751 -0.204496 1.31918
0.454933 0.00907569 1.25974
0.0316288 -0.0507748 0.155104
-0.293237 -0.302174 0.962766
-0.0692604 -0.00772761 0.912915
0.439704 0.0357939 1.02406
0.325701 0.184961 0.593432
-0.00116702 0.172882 1.14889
0.754338 0.204685 0.74792
0.0233525 0.118403 1.15715
-0.0603695 0.204409 1.37869
0.279554 0.158319 0.455428
0.206134 0.176238 0.497725
-0.275878 0.0650438 0.312357
-0.0134435 0.0369799 0.181591
-0.0771709 0.0421737 0.172231
0.00755393 0.00648278 0.224281
0.332284 0.16548 0.468698
-0.0496585 0.0349322 0.179467
-0.629851 0.0507281 1.02459
0.227088 -0.117282 1.58463
-0.0573746 0.0378855 0.179538
-0.268868 0.0547411 0.390258
-0.195815 0.133625 0.705161
-0.183299 0.0543808 0.284068
-0.293241 0.0464442 0.332605
-0.275234 0.0564269 0.344576
-0.194452 0.0607744 0.306653
-0.0357637 0.0136613 0.142624
-0.782724 0.020589 1.13857
-0.705174 0.0621585 0.991874
-0.245065 0.0914445 0.246964
-0.257321 0.0967318 0.204729
-0.290423 0.0672022 0.189359
-0.257381 0.0834626 0.184615
-0.3213 0.0479498 0.261867
-0.884817 -0.0821398 0.768142
0.558519 -0.158321 0.605204
0.00974249 -0.147112 0.826258
0.0264828 0.13158 1.02095
-0.0394433 0.067617 1.46771
-0.255331 0.0784292 0.267385
-0.172771 0.0724376 0.309789
-0.110004 0.0974711 0.638402
-0.291725 0.0566917 0.143755
-0.269461 0.0586548 0.131017
-0.266539 0.088302 0.204888
-0.266778 0.0512475 0.0978901
-0.12971 0.0815461 0.175023
-0.0105218 0.0642588 0.180308
-0.0374019 0.0219169 0.178038
-0.0107219 0.0522632 0.18717
-0.172809 0.0833196 0.301117
-0.0599991 0.0876407 0.261954
-0.0109262 0.0438947 0.154642
-0.118848 0.0687626 0.150847
-0.0368189 0.0660085 0.181141
-0.125673 0.0756874 0.164793
-0.0302851 0.0662019 0.178051
-0.109412 0.0910676 0.172672
-0.102024 0.0792343 0.195011
-0.0106196 0.0445195 0.157615
-0.139124 0.0986153 0.163149
-0.26576 0.0626355 0.143134
-0.0363831 0.0670395 0.182839
-0.119795 0.0721371 0.151549
-0.0406065 0.087186 0.188433
-0.0313303 0.0332419 0.181344
-0.0984874 0.0971215 0.196733
-0.10726 0.0909925 0.17747
-0.0895531 0.0773214 0.170462
-0.0234491 0.0511431 0.174459
-0.0896459 0.0781865 0.172481
-0.317997 0.0626866 0.279862
-0.271297 0.0848053 0.238819
-0.273488 0.0956901 0.193446
-0.366059 0.053171 0.227782
-0.586175 0.0321783 0.70085
-0.248567 0.069006 0.245933
0.127205 -0.0401616 1.70632
0.0472037 0.0645166 0.26209
0.417185 0.0336011 1.04583
-0.538073 0.161834 1.04405
-0.494036 0.158233 1.05439
-0.0248792 0.0349979 0.212633
-0.512538 0.192665 0.889972
-0.146366 0.0483336 0.690731
0.52197 0.0735964 1.06176
0.449177 0.130148 0.558713
-0.317168 0.136126 0.930205
-0.2589 0.0793004 0.296484
-0.311009 0.0456609 0.252645
-0.259154 0.0771542 0.308597
-0.281477 0.0490238 0.286781
-0.0910022 0.0252061 0.16911
-0.354183 0.180335 0.748212
-0.322446 0.185222 0.904873
0.38873 0.219868 1.24047
0.190958 -0.0826918 0.826179
-0.416407 0.0597321 0.459074
-0.277889 0.170457 0.846237
-0.0871862 0.0305296 0.168468
-0.241376 0.077079 0.302866
0.298366 0.198058 1.17685
0.473483 0.20447 1.5813
0.585139 -0.10056 0.977928
0.324659 0.14002 0.444704
0.259939 0.176617 0.434467
0.345131 0.23826 0.564666
0.112969 -0.10079 1.49959
0.00526388 0.116413 1.10582
0.325294 0.156647 0.564557
0.00201767 0.162981 1.10495
0.382725 0.18124 0.487053
0.383638 -0.25017 0.8393
-0.276406 0.0689354 0.31762
-0.280885 0.0798284 0.311396
0.0539718 0.18025 0.523027
-0.736672 0.192646 1.02596
-0.308907 0.0592426 0.359343
-0.219259 0.07509 0.292905
-0.0584732 -0.270744 0.893401
-0.0830398 0.0327587 0.170841
-0.189532 0.0768687 0.265395
-0.173444 0.0752813 0.276836
-0.28142 0.0747713 0.3202
-0.805701 -0.140632 0.940425
-0.33807 0.0196679 0.26411
-0.0292817 -0.0351023 -0.000736526
-0.375443 0.0411825 0.23595
-0.372769 0.0185165 0.267578
-0.42003 0.167574 0.959599
-0.298474 0.0662041 0.538425
-0.0897432 0.0457336 0.170148
-0.108754 0.0620749 0.783306
-0.0433216 0.0360959 0.184043
-0.0658808 -0.233253 0.971719
-0.0204186 0.0355646 0.1816
0.00153617 0.109703 1.70424
-0.797962 -0.0442646 0.808831
-0.332434 0.140972 0.948754
-0.283639 0.0550416 0.241765
-0.535824 -0.0718211 0.540044
-0.274699 0.0873611 0.226884
-0.175195 -0.0282778 0.118689
-0.278568 0.0551619 0.131988
-0.215631 0.0785483 0.286282
-0.277273 0.0570589 0.164795
-0.2512 0.069939 0.149611
-0.0257376 0.0224626 0.166355
-0.261348 0.0974713 0.281535
-0.261741 0.0915822 0.236011
-0.0265924 0.0241096 0.176057
-0.288562 0.0938441 0.239746
-0.342501 0.058564 0.21618
-0.280997 0.0106739 0.210635
-0.350464 0.0581195 0.245111
-0.257396 0.0788206 0.242389
-0.362767 0.0297565 0.255257
-0.333002 0.0468362 0.238195
-0.342709 0.056565 0.238255
-0.304764 0.0405726 0.222654
-0.299161 0.0473041 0.265396
-0.232438 0.0718293 0.287859
-0.33094 0.0600435 0.22759
-0.31505 0.0130596 0.270865
-0.365065 0.0338079 0.282191
-0.217958 0.0825784 0.271057
-0.946114 0.407428 1.91969
-0.170442 0.0729821 0.269991
-0.314901 0.0485261 0.257835
-0.180078 0.0815333 0.262292
-0.335818 0.0159655 0.270626
-0.240113 0.0911931 0.239771
-0.598902 -0.201767 0.602019
-0.632483 -0.177982 0.635215
-0.260261 0.0518368 0.154085
-0.770738 -0.123925 0.70008
-0.353175 0.0483008 0.204544
-0.210394 0.0978318 0.25881
-0.759994 -0.120968 0.690978
-0.505201 -0.145794 0.494906
-0.55091 -0.186629 0.550731
-0.254689 0.0759668 0.242165
-0.292293 0.0638618 0.277736
-0.0660588 0.0274925 0.174031
-0.561393 -0.0886491 0.968625
0.372222 -0.241265 0.829575
0.617591 -0.170846 0.672763
-0.0655652 0.142086 1.29653
0.28423 0.143564 0.483842
-0.0675466 0.0361334 0.173661
0.0536355 0.178481 0.471039
-0.584323 0.141105 0.915868
0.0858794 0.205344 0.667123
-0.0654814 -0.204366 0.950952
-0.641872 -0.179639 0.960733
-0.510387 0.17718 0.86853
0.375933 -0.267154 0.943251
-0.57654 -0.0108296 0.943229
-0.275818 0.055927 0.715506
-0.0523476 -0.159371 0.788789
0.0260644 0.220652 1.38481
-0.0565105 -0.282277 0.816359
-0.607697 0.166204 0.897124
-0.516339 0.201502 0.979891
-0.731375 0.164305 1.02518
-0.625941 0.195904 0.986831
-0.27427 0.0817996 0.238108
-0.272118 0.0847862 0.217739
-0.114445 0.0565802 0.149628
-0.050882 0.0522338 0.142714
-0.114759 0.0565488 0.150117
-0.251691 0.0850394 0.227958
-0.375896 0.0312205 0.266821
-0.0579141 0.0615077 0.174677
-0.303809 0.0491126 0.113745
-0.343229 0.0223279 0.269433
-0.222131 0.0905786 0.248752
-0.246091 0.079718 0.214522
-0.211982 0.0939798 0.230363
-0.0353263 0.0557876 0.185112
-0.294008 0.0887033 0.210681
-0.38209 0.0341738 0.271527
-0.114121 0.0565877 0.149536
-0.296821 0.0574911 0.147052
-0.959717 -0.1624 0.528633
-0.693365 -0.189767 0.703838
-0.985919 0.0535884 0.667035
-0.95669 -0.0436903 0.521619
-0.925591 -0.0524147 0.513557
-0.710293 -0.0272047 0.860022
-0.685367 -0.108357 0.722167
-0.80937 0.00907032 0.500896
-0.728414 -0.0800835 0.775772
-0.896014 -0.0161698 0.532904
-0.165969 0.0795155 0.28029
-0.288238 0.0786968 0.211223
-0.357159 0.0313581 0.271976
-0.958339 -0.154085 0.526398
-0.394905 0.0358243 0.428168
-0.59828 -0.104492 0.83797
-0.929312 -0.0449737 0.611008
-0.757872 -0.115992 0.697483
-0.592718 -0.199587 0.594082
-0.37071 0.0521493 0.192762
-0.259134 0.0800588 0.203789
-0.640335 -0.156935 0.334727
-0.891888 -0.0481774 0.580196
-0.949796 -0.0554721 0.617053
-0.287406 0.056723 0.249826
-0.625733 -0.0206063 0.235293
-0.82606 -0.0373866 0.581213
-0.882452 0.0248528 0.473136
-0.808695 -0.00528355 0.537253
-0.62333 -0.0252958 0.740928
-0.315594 0.0542648 0.289982
-0.305144 0.056043 0.317776
-0.78517 -0.181019 0.425818
-0.297376 0.0472443 0.264683
-0.536199 -0.0293698 0.519532
-0.665402 -0.0347155 0.657672
-0.47044 -0.0849748 1.01913
-0.729679 0.0137839 1.01191
-0.0692523 0.0380645 0.168981
-0.29731 0.0516345 0.29077
-0.267579 0.0871838 0.242718
-0.029727 0.0663462 0.1793
-0.0138251 0.0931167 0.224464
-0.0416126 0.0277295 0.205386
-0.183935 0.118405 0.242706
-0.156786 0.109058 0.167131
-0.0409634 0.0913073 0.197758
-0.0836498 0.0967781 0.195103
0.00310002 0.0832018 0.1867
-0.15771 0.109611 0.169049
-0.078276 0.0674496 0.179315
-0.0116202 0.0782645 0.183006
-0.10821 0.0961987 0.166993
-0.0398218 0.0836212 0.156643
-0.139836 0.098204 0.162114
-0.111523 0.0993517 0.174869
-0.0519179 0.0899365 0.192694
-0.238196 0.0717297 0.187706
0.000161644 0.073808 0.160926
-0.001438 0.0644324 0.178335
-0.0800124 0.101164 0.193335
-0.0407844 0.100228 0.193929
-0.0131395 0.0730242 0.170045
-0.138065 0.0975378 0.161878
-0.1317 0.0573494 0.153604
-0.0404759 0.0925101 0.176714
-0.0604014 0.0793968 0.165203
-0.0130483 0.0555175 0.178482
-0.167615 0.118599 0.185808
-0.0499497 0.0853877 0.182341
0.00619584 0.0744831 0.150586
-0.125419 0.0953878 0.227773
-0.050112 0.0859886 0.183789
-0.0519437 0.0985789 0.199272
-0.0815562 0.0847486 0.193562
-0.131554 0.0615147 0.168556
-0.124163 0.099442 0.151633
-0.140142 0.0716618 0.164512
-0.0890441 0.100034 0.142764
-0.349953 0.016098 0.283509
-0.302934 0.0607165 0.150252
-0.0552553 0.167876 1.16517
-0.589445 -0.236651 0.597316
-0.75632 -0.185206 0.667334
-0.82129 -0.00669769 0.547222
-0.304053 0.191645 0.772883
-0.0883672 0.194181 0.783999
-0.0582895 0.160645 0.714159
-0.513087 -0.180711 0.555311
-0.402745 0.10064 0.288606
-0.293513 0.054291 0.161595
-0.313422 0.104687 0.256661
-0.291689 0.0522757 0.299891
-0.574504 -0.167824 0.631157
-0.277537 0.0538144 0.238591
-0.531423 -0.185695 0.576893
-0.395616 0.0955906 0.518461
-0.555203 0.155224 0.759681
-0.191143 0.0606744 0.289756
-0.474656 0.130374 0.640141
-0.39315 0.0540067 0.246693
-0.365674 0.0171178 0.260826
-0.45751 0.0164984 0.339231
-0.344873 0.0556207 0.176283
-0.287807 0.0852268 0.321889
-0.46159 -0.0837474 0.483586
-0.365295 0.0200297 0.299188
-0.23829 0.0515044 0.127165
-0.388548 0.0573534 0.20363
-0.0651169 0.0298644 0.17993
-0.254171 0.0832189 0.228525
-0.334677 0.0580347 0.210686
-0.342657 0.0206357 0.269185
-0.344135 -0.00434184 0.236122
-0.0430671 0.0356492 0.18197
-0.68333 -0.277639 0.963641
-0.026582 0.0270332 0.182574
-0.0908171 0.0280981 0.183013
-0.0848963 0.0488414 0.17144
-0.213226 0.0761228 0.279932
-0.269452 0.0377019 0.234501
-0.291922 0.0534829 0.298413
-0.251337 0.0761794 0.251024
-0.129606 0.101455 0.779007
-0.373654 0.0615512 0.930543
-0.024929 0.0352666 0.183865
-0.189475 0.100015 0.251663
-0.055297 0.0299255 0.17934
-0.247244 0.0728866 0.255048
-0.244503 0.0750518 0.313567
-0.106283 -0.0266257 0.830852
-0.0866873 0.0292893 0.167196
-0.171418 0.110149 0.2971
-0.279536 0.0541011 0.238175
-0.36584 0.0317889 0.257342
-0.294542 0.0718659 0.216907
-0.330214 0.0499215 0.23271
-0.229584 0.0886671 0.258594
-0.356984 0.0315184 0.249362
-0.310366 0.00238123 0.22545
-0.0368276 0.0307385 0.231618
-0.327348 0.050084 0.232241
-0.350354 -0.00551082 0.232938
-0.286892 0.0110908 0.19255
-0.310982 0.0263995 0.29241
-0.292649 0.0479136 0.263421
-0.164959 0.0784325 0.282983
-0.320225 0.0664869 0.24858
-0.28819 0.0494178 0.280988
-0.349189 0.00918172 0.259713
-0.384674 0.0540636 0.224785
-0.224603 0.0862296 0.253228
-0.340119 0.074809 0.430295
-0.385442 0.0521376 0.240443
-0.294957 0.0707172 0.19373
-0.335817 0.0202804 0.262193
-0.355621 0.045786 0.204181
-0.266722 0.101631 0.290669
-0.126487 0.116007 0.643976
-0.184943 0.177025 0.790975
-0.0690966 0.0378793 0.172232
-0.0707706 0.13215 0.570768
-0.0759283 0.020964 0.170296
-0.249739 0.0676278 0.300084
-0.0772952 0.0289868 0.175023
-0.13793 0.0721476 0.216912
-0.0901545 0.0604232 0.169404
-0.164179 0.0926574 0.285517
-0.288766 0.0517001 0.294968
-0.280235 0.0630426 0.287704
-0.0549978 0.0292784 0.179212
-0.211547 0.0602698 0.29547
-0.650096 -0.0744186 1.01254
-0.333637 0.0454409 0.864562
0.0476876 0.165015 0.485828
0.110403 -0.175657 1.69102
-0.0178835 0.0300122 0.181227
0.595964 0.111897 1.20516
0.357594 0.101061 0.478022
0.0707214 0.0805899 0.159255
0.0304723 0.0191004 0.0529955
0.0768982 0.0940299 0.234722
-0.0182196 0.0406715 0.181973
-0.0370054 0.0285209 0.196276
-0.0108347 0.0787303 0.184442
0.577992 0.0257578 0.974095
-0.0326952 0.0218307 0.174602
0.00416002 0.0546583 0.183217
-0.0771119 0.0319559 0.186722
-0.190089 0.0763221 0.251716
-0.199979 0.0765652 0.177456
-0.172796 0.0396616 0.184559
-0.0520747 0.0231747 0.174332
-0.0354969 0.0326666 0.237726
0.0655073 0.0623239 0.134713
0.0717985 0.0622095 0.161647
0.0199326 0.0561292 0.131535
-0.0361787 0.0586527 0.177637
0.0200871 0.05631 0.132062
0.0177246 0.0157791 0.271317
-0.0765142 0.0411983 0.169271
-0.00686656 0.0420557 0.186322
-0.0342761 0.0218289 0.183128
0.131447 0.0841658 0.229884
0.111208 0.0679479 0.127402
-0.0295206 0.0491116 0.178369
-0.0245363 0.0459514 0.182999
0.900437 -0.203881 1.00954
0.536277 -0.132929 0.547051
0.736957 -0.17691 0.823229
0.755598 -0.183114 0.848736
-0.0640365 0.0405045 0.251639
-0.0200364 0.0501282 0.208836
-0.138448 0.0376554 0.15527
-0.167201 0.127411 0.351316
-0.078702 0.0513316 0.193031
-0.197714 0.10922 0.212385
-0.220127 0.0850912 0.236857
-0.369308 -0.0966763 0.841547
-0.191069 0.0723515 0.285509
-0.303917 0.0321544 0.166219
-0.253506 0.0746761 0.239756
-0.333858 0.0533275 0.208442
-0.373425 -0.00104489 0.266128
-0.162402 0.00164852 0.0526928
-0.3712 0.0482797 0.236185
-0.256843 0.0762755 0.24441
-0.17655 0.0713502 0.263975
-0.259318 0.0956574 0.263926
-0.295777 0.0699609 0.194172
-0.330339 0.00211591 0.26932
-0.234991 0.0676844 0.185536
0.00250118 0.0554996 0.182565
0.00373182 0.0573251 0.189394
0.000609618 0.0745098 0.173033
-0.0411194 0.0878831 0.190759
-0.11907 0.0789661 0.14738
-0.0876132 0.0943198 0.168368
-0.110187 0.0983552 0.172583
0.00104971 0.0475137 0.183151
-0.10864 0.0772797 0.148474
-0.106851 0.0938249 0.162608
-0.0405406 0.0250215 0.189026
-0.177853 0.0973108 0.23555
-0.0115395 0.0357996 0.18237
-0.284619 0.0562942 0.24412
-0.370644 0.0587433 0.234351
-0.195497 0.0801305 0.262719
-0.236012 0.0708908 0.299778
-0.344914 -0.0129592 0.231893
-0.327135 0.108396 0.565035
-0.613562 0.0118856 0.517201
-0.424947 0.187364 0.890496
-0.129004 -0.0150248 0.932719
-0.00766781 0.051353 0.184948
-0.348908 0.0680691 0.22434
-0.302699 0.0662698 0.19876
-0.014233 0.0548919 0.183714
-0.167782 0.123887 0.548358
-0.217134 0.180152 0.74367
-0.214572 0.14471 0.765141
-0.314619 0.0982186 0.354526
-0.407456 -0.00971499 0.287115
-0.206574 0.0885905 0.267861
-0.324611 0.0496599 0.221001
-0.266038 0.0924744 0.238702
-0.310361 0.0459041 0.252947
-0.243531 0.0762867 0.244137
-0.231694 0.0700472 0.225344
-0.353281 -0.00266186 0.247315
-0.226596 0.0876578 0.25528
-0.330205 0.0466886 0.234508
-0.319745 -0.11307 0.949318
-0.516167 -0.0854316 0.893899
-0.269688 0.1814 0.774044
-0.109958 0.0727708 0.175011
-0.291588 0.0932428 0.346231
-0.0591152 0.0790775 0.180487
-1.07252 0.147663 1.31267
-0.224941 0.0664269 0.216578
-0.269419 0.0494985 0.143485
-0.371284 -0.00114322 0.258209
-0.290248 0.059134 0.211684
-0.212854 0.0922099 0.269408
-0.619648 0.0226861 0.534969
0.344654 0.135794 0.427325
-0.0622573 -0.103214 0.894827
-0.0540579 -0.266331 0.762583
-0.0594802 0.0295735 0.176182
0.522964 0.233825 1.05068
0.144291 0.0159396 0.482249
-0.0568136 0.0350592 0.178441
-0.0460257 -0.146069 0.657898
-0.0232189 0.0451642 0.152646
-0.106312 0.102674 0.141426
-0.108372 0.099237 0.145262
0.00439276 0.0780571 0.160498
0.470351 -0.0896744 0.909206
-0.0225916 0.0472441 0.180149
-0.0823075 0.0378108 0.168011
-0.480912 -0.164918 0.998244
-0.909372 -0.0524101 0.588609
-0.256693 0.0804429 0.233967
-0.884292 -0.20042 0.486552
-0.311374 0.0517213 0.280581
-0.680919 -0.00204989 0.261036
-0.778859 0.0655208 0.789885
-0.837468 0.149922 0.436918
-0.775727 -0.129869 0.501923
-0.821534 -0.133655 0.532246
-0.615584 -0.181747 0.259923
-0.855169 -0.138196 0.557459
-0.35784 0.034185 0.281343
-0.6319 -0.186346 0.268665
-0.996338 -0.0498383 0.562974
-0.878675 -0.044851 0.471939
-0.528096 0.0808011 0.204119
-0.209911 0.0919792 0.224749
-0.891643 -0.202081 0.492355
-0.821718 0.153995 0.348315
-0.645916 -0.190006 0.275767
-0.287496 0.0669269 0.187373
-0.28954 0.066311 0.189839
-0.805836 0.14299 0.417973
-0.0661761 0.0265882 0.170755
-0.233118 0.0485958 0.0805649
-0.0771291 0.0434803 0.174467
-0.226763 0.0458716 0.0767036
-0.804614 -0.133245 0.523862
-0.38343 0.0584528 0.24071
-0.247852 0.0912205 0.248446
-0.865534 -0.138157 0.484357
-0.636037 -0.0496324 0.635019
-0.273771 0.0727199 0.132738
-0.235045 0.0647521 0.172009
-0.361789 0.00325063 0.287005
-0.0793709 0.0481256 0.175251
-0.263926 0.0686798 0.125085
-0.270298 0.0712909 0.129716
-0.266661 0.0578231 0.127032
-0.29025 0.0539498 0.222062
-0.237475 0.0899462 0.17311
-0.0354301 0.0558384 0.185114
-0.174151 0.114149 0.23032
-0.242797 0.0885934 0.187798
-0.282138 0.0827965 0.177291
-0.236279 0.0500115 0.0833041
-0.386441 0.0379803 0.359421
-0.289772 0.0583873 0.17155
-0.215604 0.0808911 0.27094
-0.284228 0.0665866 0.184297
-0.353174 0.0616786 0.849652
-0.408222 -0.0778108 0.412093
-0.641514 -0.0104649 0.268057
-0.280328 0.0872494 0.209614
-0.346556 0.0154876 0.278949
-0.268201 0.0832061 0.197917
-0.257495 0.0873239 0.230346
-0.263404 0.0732475 0.143314
-0.238301 0.0498706 0.084966
-0.904336 -0.141472 0.580188
-0.914528 -0.153977 0.501687
-0.738963 0.128091 0.380149
-0.841505 0.0235071 0.448115
-0.87556 0.159114 0.4595
-0.69773 -0.00108305 0.267924
-0.250461 0.0678893 0.30186
-0.824304 0.0222466 0.435828
-1.03544 -0.062464 0.676347
-0.925885 -0.0372899 0.500397
-0.725898 -0.173731 0.482422
-0.636121 -0.077023 0.666847
-0.908407 -0.14188 0.530513
-0.629001 -0.0103997 0.261188
-0.832464 -0.139295 0.450801
-0.870562 0.0251765 0.46454
-0.787628 0.0086102 0.551431
-0.236139 0.0732292 0.294328
-0.276324 0.205136 0.561217
-0.820905 -0.0871489 0.438491
-0.599659 0.0356847 0.58749
-0.322552 0.010962 0.278916
-0.862476 -0.144992 0.470007
-0.619819 -0.0362975 0.609943
-0.257143 0.071362 0.143278
-0.27891 0.0775427 0.20823
-0.920985 0.0221273 0.953303
-0.736826 -0.070935 0.758971
-0.698747 -0.0356648 0.694872
-0.505622 0.0865477 0.277934
-0.346488 0.0122153 0.254649
-0.73155 -0.00576694 0.313651
-0.496826 -0.00774788 0.832153
-0.795538 0.0280523 1.16063
-0.273697 0.0526614 0.147818
-0.298265 0.0695653 0.217887
-0.146 0.165735 0.746881
0.652229 0.122705 1.32878
0.0362386 0.0572855 0.183825
-0.145701 0.115512 0.791537
0.282771 -0.0186517 0.547278
0.502604 -0.224917 0.945997
0.603881 0.0183831 1.00787
0.353966 0.0777853 0.419872
0.0665688 0.0543161 0.158542
-0.0654862 0.0618164 0.0921019
0.0334759 0.0838205 0.173869
-0.0115539 0.0833877 0.126311
-0.103858 0.0696299 0.215721
-0.0708434 0.069326 0.107157
0.0555025 0.0668808 0.122765
0.0362495 0.0581197 0.182449
0.0503615 0.0671874 0.11849
0.0690025 0.0549608 0.160905
-0.00558146 0.0450682 0.0770413
-0.0402281 0.0924516 0.121213
-0.0465507 0.0869706 0.0989216
0.0501405 0.0621636 0.112166
0.00960199 0.0826824 0.105968
0.1051 0.0887444 0.195883
-0.0513982 0.106134 0.131363
0.0667947 0.0628311 0.113048
-0.0500167 0.0997133 0.12121
0.0312873 0.0829019 0.170838
-0.0292878 0.0905268 0.111783
0.0681401 0.0840417 0.155302
-0.00723095 0.103175 0.148261
0.0676713 0.0838749 0.154514
0.0406552 0.10046 0.20454
-0.0951119 0.0822825 0.136259
-0.110518 0.0988042 0.173294
0.0222047 0.0939143 0.156788
-0.10708 0.0758335 0.145329
-0.00192062 0.0887483 0.139354
-0.0232561 0.0991195 0.177341
-0.0132197 0.0756197 0.17744
0.0293914 0.0940507 0.153851
0.045658 0.131889 0.251627
-0.164875 0.0781591 0.285255
-0.0407263 0.106177 0.207754
0.00719366 0.0956602 0.148552
-0.073249 0.0891122 0.124616
-0.0106374 0.090218 0.140492
-0.0382078 0.110982 0.177758
-0.056615 0.0985953 0.138294
0.0250342 0.0940887 0.175773
-0.039876 0.0892917 0.11567
-0.0761402 0.0769257 0.172058
-0.0288453 0.101116 0.149817
-0.0108364 0.101611 0.212929
-0.109664 0.0786997 0.151388
0.0397848 0.0857681 0.162134
-0.0929298 0.0928815 0.179645
-0.0678368 0.0894371 0.102067
-0.0100045 0.104881 0.220833
0.0313557 0.0839923 0.171633
-0.253044 0.0562542 0.134222
0.0232265 0.159145 1.42397
-0.557939 -0.167421 0.61056
-1.02166 0.0494788 0.89719
-0.558937 -0.167115 0.608465
-0.292863 0.0500509 0.283463
-0.626647 0.231262 1.08445
-0.212908 0.0727872 0.283827
-0.06216 -0.116414 0.862584
-0.524113 -0.0853321 0.902457
0.0147149 -0.203968 1.20048
-0.242417 0.0693981 0.308185
-0.0183831 0.0472949 0.185269
-0.0498318 0.0353923 0.180262
-0.274168 0.0729045 0.134161
-0.292001 0.0636762 0.14436
-0.231904 0.0850931 0.166216
-0.269957 0.0757604 0.146937
-0.254504 0.085343 0.230642
-0.122881 0.074651 0.159333
-0.228414 0.0828708 0.161738
-0.341729 0.0287979 0.234412
-0.113357 0.0564485 0.148282
-0.270195 0.0582146 0.129416
-0.260392 0.0495907 0.094662
-0.26109 0.0611846 0.139363
-0.077465 0.066771 0.17299
-0.214667 0.0964576 0.235816
-0.244582 0.111758 0.167224
-0.819261 -0.127649 0.750218
-0.389635 0.0581245 0.232473
-0.523147 0.087176 0.298421
-0.238171 0.107371 0.16065
-0.221545 0.1101 0.284811
-0.267008 0.0748748 0.14636
-0.346872 0.0572542 0.241336
-0.936128 -0.0498086 0.523278
-0.956406 -0.148466 0.627424
-0.372347 0.0533514 0.218833
-0.0630316 0.0343249 0.177729
0.639014 -0.0664495 1.43877
-0.059489 0.0480968 1.0084
-0.0497795 0.0715571 0.382508
0.130256 0.24554 0.622132
-0.00786484 0.0555818 0.186939
-0.0295259 0.0575859 0.184013
0.0621059 0.0776803 0.143204
0.0717546 0.0577346 0.160698
-0.0302894 0.0688605 0.183614
-0.0693837 0.113194 0.208572
0.0835122 0.0582583 0.166881
0.399596 0.0852645 0.462954
0.00396004 0.0558164 0.186669
0.193969 -0.0226671 0.23025
0.162105 -0.00369432 0.190888
0.266461 0.176108 0.475983
0.103773 -0.00553455 0.101376
0.340343 0.146792 0.462176
0.334338 0.0572368 0.413646
0.230841 -0.0214401 0.279425
0.313452 0.138091 0.444801
0.349649 0.0576793 0.68483
0.358072 0.102965 0.440122
-0.038075 0.11003 0.817974
0.415262 -0.170616 1.35184
-0.0582593 -0.32548 0.985846
0.00532738 -0.0265029 -0.006442
0.170656 0.185958 0.740091
-0.183938 0.0796406 0.285185
-0.0604654 -0.24381 0.927144
-0.108472 0.0612831 0.149973
-0.151858 0.0809885 0.187845
-0.240155 0.0891238 0.172255
-0.10573 0.0742917 0.141377
-0.312671 0.107753 0.572597
-0.0218666 0.0503924 0.184327
-0.79244 0.0457602 0.957526
-0.0523239 0.0251968 0.182475
-0.076632 0.0790306 0.176155
0.367058 0.0840239 0.432811
0.668114 0.139336 0.897513
0.0823471 0.0579087 0.1653
-0.408812 0.128872 1.02378
0.0555493 0.071748 0.168758
-0.00591056 0.0487249 0.157272
0.200284 -0.0206828 0.238172
0.217172 -0.0194899 0.261105
-0.0605668 0.028935 0.174498
-0.177304 0.0629218 0.860578
0.00488639 0.0274792 0.182194
-0.0223651 0.0268552 0.183228
-0.0131568 0.0371362 0.182245
0.564502 -0.0365783 1.09054
0.0425967 0.0937565 0.227737
0.376736 -0.0125658 1.08509
-0.366731 0.0342071 0.257758
-0.319246 0.0486149 0.261495
-0.511984 0.0229226 0.707223
0.604087 -0.0224638 1.22128
-0.0669855 0.030866 0.185721
0.34763 0.097242 0.573231
-0.021414 0.0475871 0.181573
-0.03027 0.0793941 0.185513
-0.0956404 0.0986204 0.146217
-0.0659696 0.0358777 0.175994
-0.0775888 0.0696946 0.39695
0.0700797 0.0449039 0.118661
-0.0315688 0.0468799 0.284568
-0.138629 0.115087 0.982745
0.611517 -0.146757 0.637125
0.489219 0.131501 0.813038
0.578117 0.0284077 0.969158
-0.0406194 -0.144702 0.904726
0.10947 -0.166272 1.56804
0.589089 -0.147189 0.657989
0.0658386 -0.0297442 0.106424
0.385211 0.146473 0.439103
0.507687 0.274524 0.94447
-0.0885219 0.0500404 0.174655
-0.000356863 0.0471086 0.189643
0.153713 0.0764532 0.273573
-0.0372766 0.0585183 0.187073
-0.0256606 0.0221944 0.160404
-0.112188 0.0793588 0.595495
0.561385 -0.273768 0.905804
-0.215079 -0.314203 0.966248
-0.0225694 0.026934 0.182648
0.0473345 0.0597971 0.106115
0.0260698 0.101772 0.173721
0.00620964 0.10175 0.226168
0.00693474 0.0803532 0.166647
-0.000541217 0.0599893 0.115948
0.00212042 0.098114 0.179984
0.049575 0.0875618 0.161507
0.0695636 0.0937695 0.172468
0.0649136 0.0934649 0.170905
-0.010181 0.0628347 0.17833
0.0324313 0.0840219 0.172326
-0.0161396 0.102353 0.181968
-0.104328 0.0994125 0.208448
-0.00658642 0.089183 0.144623
-0.00296122 0.08471 0.131899
-0.0187511 0.0899574 0.14722
0.0323653 0.108494 0.208154
-0.0480694 0.0784204 0.181336
0.256064 0.184439 1.0967
0.00115372 0.0330746 0.178967
-0.0794474 0.0293509 0.171834
0.487765 0.253159 1.30648
-0.06491 0.0337668 0.17517
-0.0120239 0.0323848 0.183086
-0.523296 0.189296 0.906908
-0.213574 0.17782 0.731379
-0.0535225 -0.0271873 0.00580024
-0.234014 0.0727609 0.291321
-0.42356 0.0885568 0.903
0.00805036 0.036639 0.182837
-0.172197 0.157291 0.713274
-0.0380769 -0.0203813 0.0581361
0.402828 -0.0284841 1.28559
-0.32983 0.180322 0.885881
-0.330755 0.0998882 0.912059
0.00340703 0.0578175 0.19351
0.0228862 -0.0814102 0.188223
-0.0204398 0.0474264 0.186174
-0.17856 0.0777458 0.336689
0.00453016 0.0784756 0.162064
0.419848 -0.0472058 0.940097
-0.125518 0.0588924 0.160251
0.0512668 0.0584606 0.181675
-0.055873 0.0305804 0.187702
-0.0852779 0.0461819 0.168148
-0.0768907 0.078109 0.175345
-0.0466747 0.028421 0.213899
-0.116937 0.0617777 0.151673
-0.205714 0.101394 0.222772
-0.0668299 0.0781977 0.223591
-0.0354295 0.026563 0.155274
-0.0645022 -0.0219317 -0.00340217
-0.0779992 0.0280381 0.193301
-0.125362 0.0594033 0.142072
-0.0114184 0.0612762 0.219921
-0.0258836 0.0647139 0.190787
-0.573355 0.119281 1.17831
0.556596 -0.0111718 0.952445
-0.01449 0.083704 1.30048
0.37495 -0.256005 0.854169
-0.0182928 0.0323427 0.182085
0.179853 0.120897 1.47697
-0.0610865 0.0341773 0.178255
-0.0332958 0.0243283 0.185688
-0.0806136 0.0482999 0.172101
-0.0131941 0.0657484 0.17824
0.0365212 0.0768243 0.194852
-0.102228 0.0804239 0.197949
-0.0262076 0.0690037 0.190395
-0.0509274 0.0443488 0.15106
-0.224982 0.110808 0.955437
0.062312 0.0448844 0.11054
0.0566581 0.0472989 0.106696
-0.02749 0.0436829 0.186276
-0.0327772 0.0220436 0.176897
-0.0363563 0.053917 0.183193
0.00129102 0.0479351 0.186596
0.038896 0.0556071 0.169933
0.0882665 0.05682 1.12629
-0.088989 0.0498605 0.17327
-0.441495 0.0897681 0.866759
-0.0316718 0.0358328 0.186249
-0.0431588 -0.0733546 0.60946
-0.00261028 0.0566691 0.193613
-0.0269143 0.0268361 0.190581
0.0497621 0.0677934 0.166062
0.612083 -0.104136 1.02329
0.421823 -0.139597 1.09927
0.315808 0.108212 0.555381
-0.180486 0.125767 0.807405
-0.0881044 0.041953 0.168659
0.0037962 0.0296658 0.179108
-0.292869 0.0923657 0.465241
-0.03808 0.0513106 0.177568
0.372647 0.100829 0.619146
0.136078 0.0443934 0.243654
-0.0902335 0.0621796 0.170075
0.0903394 0.0618616 0.157042
0.152408 0.212077 1.28048
0.0860172 0.0581772 0.148886
-0.0544107 0.0254199 0.192601
0.584791 -0.100152 0.981355
0.0320206 0.0705171 0.182279
-0.194753 0.0751424 0.29187
-0.114002 0.0561004 0.148627
-0.266438 0.15353 0.640533
-0.0299036 0.0530086 0.18259
-0.129609 0.0598084 0.16266
-0.189399 0.094454 0.238171
0.00163688 0.0782083 0.183617
-0.0300704 0.0786645 0.183395
0.0038669 0.080375 0.178192
-0.0269274 0.0507468 0.15982
0.816759 -0.175531 0.888347
0.796947 -0.18896 0.890708
0.00597354 0.0249558 0.183067
-0.0403404 -0.126665 0.503753
-0.362781 0.176619 0.789793
-0.0712989 0.0652108 0.348261
-0.011712 0.0353444 0.180857
0.248481 0.222158 0.798902
0.299222 0.0909112 0.447563
0.326814 -0.234728 0.789811
0.389438 -0.127597 1.00212
-0.197929 0.179601 1.05688
0.836455 0.00788859 1.64381
0.298542 -0.0337711 0.571368
0.0239888 0.123193 0.977506
-0.0374396 0.0264758 0.195715
0.00709048 0.0394137 0.173684
-0.0257781 0.07871 0.184734
0.0776125 0.058148 0.169364
0.521194 -0.0799391 0.958349
-0.0181111 0.0321201 0.183298
0.606176 -0.100965 1.01897
-0.0221687 0.04818 0.161283
0.670424 0.0838882 1.43172
-0.0633644 0.0788519 0.179852
0.330412 0.181317 1.00256
0.109384 0.067388 0.125374
0.0323967 -0.186388 1.14928
0.406634 0.0535367 1.0228
0.067945 0.0668494 0.150399
-0.0793988 0.0780131 0.230195
-0.0304252 0.0330357 0.182266
0.252153 -0.0344751 0.47917
-0.207192 0.0798543 0.263174
-0.0894918 0.0453153 0.169455
-0.0903306 0.0791074 0.173569
0.333959 0.100217 0.581661
0.316068 0.214119 1.25314
-0.723374 -0.13289 1.05436
0.0443732 0.0880454 1.5244
-0.0865051 0.0296442 0.165784
-0.415121 0.0719072 0.978295
0.509421 -0.273408 1.08592
-0.063271 0.0294882 0.176047
-0.0142446 0.0442022 0.246983
-0.105839 -0.0157488 0.817225
0.362206 0.173469 0.469546
0.35909 0.162588 0.518236
-0.0919869 0.0698999 0.167468
-0.209971 0.0728774 0.277171
-0.181069 0.106561 0.234112
-0.0948636 0.0623247 0.186288
-0.319943 0.03992 0.973884
-0.947261 -0.0229054 1.24089
-0.984813 -0.0218615 1.29481
-0.791335 -0.138138 0.923091
-0.276852 0.0920579 0.318056
-1.08814 0.153642 1.33478
-0.227763 0.153725 0.741788
0.111685 -0.0412244 1.52208
-0.185058 0.0701719 0.262509
-0.247265 0.0909244 0.194992
-0.246773 0.0694637 0.364954
-0.0627216 0.0531068 0.169313
-0.209254 0.114245 0.213328
-0.285171 0.0607704 0.264468
-0.0890694 0.0436641 0.16575
-0.0223791 0.066657 1.13287
-0.462467 -0.0258827 1.00048
-0.30847 0.181373 0.883712
-0.242557 0.0223837 0.679124
-0.00634806 -0.0946681 0.452628
-0.0390987 -0.0236921 0.0612238
-0.0498227 -0.0269281 0.0242718
-0.193043 0.0454609 0.229417
0.0180574 -0.143577 0.77764
-0.547165 0.144705 0.937447
-0.702024 0.188972 0.974387
-0.196112 0.0606922 0.270914
-0.0609852 -0.124219 0.931786
-0.0297056 -0.0151626 0.100122
-0.472658 0.0450339 1.02011
-0.0414733 -0.00880953 0.12211
-0.0744725 0.0593014 0.177541
0.357552 -0.127272 0.946845
-0.630748 -0.00502225 1.01452
0.393373 0.170543 0.788234
-0.467475 -0.0209594 1.02496
0.000669379 0.218985 1.41314
-0.148684 0.0647315 0.930006
-0.239328 0.0685503 0.306684
0.00221307 -0.0192098 0.104311
-0.0349084 -0.00877808 0.152531
-0.312779 0.10292 0.323286
-0.27672 0.109617 0.313546
-0.253922 0.0936203 0.303382
-0.490727 -0.0906737 0.947033
0.280029 0.197362 0.652052
0.585639 -0.152464 0.648979
-0.00668484 0.0370626 0.187425
-0.0980247 0.0779438 0.187551
-0.0230671 0.0474359 0.158737
-0.0646748 0.0463707 0.180249
-0.0636962 0.0536971 0.168143
-0.0786145 0.0857145 0.229709
-0.326939 0.177862 0.87765
-0.0637742 0.0717296 0.197393
-0.234465 0.0946938 0.230413
-0.525717 -0.0261465 0.906209
-0.0875283 0.0454704 0.170542
-0.275694 -0.296342 0.923141
-0.028375 0.0328823 0.209601
-0.00830403 0.0383137 0.177407
-0.0620869 0.0276449 0.169087
0.080867 0.0566947 0.162598
-0.0317414 0.0348243 0.185222
0.123492 0.0715982 0.209531
-0.00476194 0.0521181 0.179883
-0.00877578 0.0517773 0.189592
0.427194 -0.0969633 0.997684
-0.0224515 0.0564079 0.181319
0.727864 -0.01704 1.24115
0.446133 0.0992172 0.520486
-0.075321 0.0713136 0.162097
-0.0622599 0.0801107 0.174301
-0.127402 0.0618053 0.146348
-0.212941 0.0765713 0.279411
-0.0805037 0.0400724 0.174148
-0.239848 0.0716816 0.309856
-0.212481 0.0918388 0.21672
-0.797935 -0.146702 0.911859
-0.342165 0.148939 0.79174
-1.0975 0.149645 1.34518
-0.79706 0.0205351 0.902783
-0.258579 0.0987607 0.211903
-0.377245 0.117115 0.7895
-0.258396 0.0993363 0.311604
-0.119976 0.06372 0.170849
-0.2433 0.071149 0.313026
0.105304 0.139096 0.886548
-0.175288 0.0832571 0.215375
-1.03382 -0.0239489 1.36338
-0.0763122 0.0599207 0.160508
-0.0910206 0.0804266 0.166273
-0.200208 0.078638 0.293819
-0.113597 0.0541675 0.148644
-0.0225607 0.0460351 0.176647
-0.0279035 0.0483283 0.183005
-0.288141 0.0528041 0.298236
0.00057591 0.0518587 0.186484
-0.278941 0.0736512 0.315953
-0.118246 0.0608217 0.163464
-0.118518 0.0724128 0.145521
-0.116959 0.062436 0.153255
-0.124503 0.058564 0.160872
-0.102899 0.0834083 0.204272
-0.208145 0.0820633 0.225242
-0.250244 0.0804523 0.222206
-1.0432 0.0765578 1.09099
-0.874985 -0.148895 1.03414
-0.786844 -0.14635 0.89998
-0.247682 0.0858163 0.256925
0.540451 0.00418142 1.05535
-0.0406818 0.0376174 0.287691
0.0531933 0.069735 0.163461
0.0427183 0.0642261 0.204233
0.491498 -0.317315 1.13443
1.08603 0.170795 1.17903
0.369052 -0.0435259 0.466123
-0.302486 0.0903838 0.813277
0.483522 -0.153996 0.499313
-0.0420007 0.0282381 0.182556
0.040826 0.0798856 0.23035
0.0507053 0.0760064 0.57495
0.739036 -0.179001 0.819592
0.642264 -0.150601 0.690168
0.790337 -0.186945 0.882111
0.00422151 0.0813611 0.178812
0.683211 -0.171858 0.76357
0.0826621 0.0912517 0.181186
0.709854 -0.156643 0.775402
-0.0388484 0.0324427 0.111363
-0.0300678 0.0709779 0.16356
-0.0505822 0.0456547 0.140059
-0.0629296 0.0410096 0.161388
-0.0486029 0.0437649 0.115059
-0.0413156 0.0432143 0.137799
-0.0614206 0.0412019 0.157813
-0.0505117 0.045505 0.137794
-0.0612969 0.0387197 0.152
-0.0570092 0.0482876 0.144644
-0.0273159 0.0633421 0.181564
-0.0643601 0.0429701 0.171287
-0.0435281 0.0782913 0.181306
0.0924441 0.039198 0.0982359
-0.0846418 0.0492427 0.17206
-0.0785017 0.0318062 0.17434
-0.0631851 0.0787554 0.179873
0.0937494 0.0357689 0.0967352
0.0899876 0.0567681 0.159147
-0.0171641 0.0786265 0.183616
0.374841 0.0716445 0.464489
0.121661 0.0338317 0.209524
-0.02994 0.0503213 0.182427
-0.0364369 0.0250278 0.19218
-0.0587882 -0.170597 0.814147
0.388825 -0.25802 0.884476
0.0544627 0.0835028 0.611779
-0.101166 -0.0165024 0.813903
-0.0358796 0.0687552 0.185535
-0.295134 0.0934966 0.251373
-0.216962 0.113148 0.879608
-0.0784287 0.0322108 0.171573
-0.19158 0.0849159 0.252343
-0.273698 0.0796219 0.260449
0.129418 -0.0732783 1.84653
-0.820604 0.00869471 1.15358
-0.494484 0.133965 0.750317
-0.856626 0.0709045 1.21186
-0.0582605 0.0292031 0.153475
-0.144305 0.0818731 0.221183
-0.453232 0.00377018 0.97601
-0.0248359 0.0354855 0.184227
-0.152119 -0.0241635 0.0997665
-0.110159 0.0614091 0.149842
-0.078256 0.0417938 0.16668
-0.230508 0.0540595 0.302875
-0.065455 0.0269028 0.167794
-0.198153 0.121526 0.2081
-0.507434 0.176819 0.858876
-0.5261 0.132882 0.894803
0.4107 0.0460068 1.04123
-0.00720073 0.0550269 0.185891
-0.0199987 0.0447618 0.18241
0.0659223 -0.0632932 0.64491
-0.0843484 0.0397804 0.170204
-0.0202272 0.085587 0.186925
0.63475 -0.0669342 1.42664
0.400625 0.0533944 1.02906
-0.0556589 0.0428766 0.126261
0.112914 0.0734753 0.122214
0.0138616 0.0434151 0.197913
0.0285025 0.0528186 0.320487
-0.0100355 0.101749 0.21142
0.0497997 0.0871882 0.16111
0.112339 0.0793383 0.121175
3.64244e-05 0.084452 0.185132
-0.012125 0.0631495 0.17338
0.0338682 0.0826037 0.190308
-0.00477351 0.068472 0.213957
0.384703 0.0992241 0.459493
0.0904874 0.0572824 0.159958
0.294819 0.0938676 0.470852
-0.0567168 0.0401806 0.123402
-0.000517056 0.069921 0.185473
-0.0481434 0.0798422 0.184079
-0.0149673 0.063435 0.171991
-0.146935 0.0548993 0.842858
-0.00972932 0.0572627 0.18066
-0.0272387 0.0607743 0.17413
-0.0534469 0.0387303 0.181199
-0.0206865 0.0517965 0.196563
-0.0505448 0.0490672 0.131515
-0.0109809 0.0803157 0.190518
0.0030864 0.071482 0.185581
-0.0190227 0.0700667 0.16227
-0.0565233 0.0432732 0.162369
0.0547703 0.0720389 0.175971
-0.336101 0.0878639 0.871138
-0.0922062 0.0637716 0.178606
0.052341 0.0685949 0.162351
-0.0808173 0.0349839 0.180904
0.403296 0.077967 0.500331
0.0324739 0.0859953 0.176065
-0.012687 0.0374415 0.184272
0.368973 -0.0446843 1.187
0.378857 -0.0439843 0.478684
0.378499 0.0720971 0.467038
-0.248135 0.0625977 0.337662
-0.17893 0.134217 0.828659
-0.253942 0.0835392 0.207614
-0.805686 0.0211908 0.91293
-0.194571 0.100433 0.191006
-0.185846 0.0884941 0.225459
-0.0502703 0.0402333 0.164045
-0.206424 0.101882 0.177496
-0.544455 0.0298693 0.901114
-0.831551 -0.0388473 0.946995
-1.03364 -0.123011 1.32934
-0.0843175 0.0374423 0.168275
-0.28069 0.114209 0.32116
-0.425395 0.186371 0.870364
-0.0207905 0.0306341 0.182485
-0.210798 0.084167 0.216121
0.0018986 0.0301413 0.181156
-0.293107 0.194835 0.840397
-0.188563 0.0734913 0.276607
-0.284168 0.104958 0.245337
-0.263153 0.0977647 0.188192
-0.240658 0.0716461 0.246757
-0.303629 0.0548585 0.310568
-0.489999 0.0458108 0.548084
-0.884037 0.0661209 1.03559
-0.792784 0.00253695 1.12705
-0.137315 0.0474407 0.0987397
0.000512936 0.0509225 0.183546
-0.261115 0.0782801 0.311202
-0.115407 0.0681098 0.849572
0.00516095 0.242808 1.55226
-0.274513 0.0843617 0.833756
-0.639031 0.154855 0.945786
-0.0529156 0.040902 0.137732
-0.803574 0.0550561 0.924952
-0.00616211 0.0357554 0.185308
-0.192754 0.0815561 0.265971
-0.255979 0.0760405 0.302702
0.0565954 0.0654152 0.159214
-0.118132 0.0646777 0.172432
-0.19129 0.116321 0.23275
-0.395307 0.0810077 0.836479
0.379031 0.192823 1.01496
-0.299217 0.0546935 0.344335
-0.0602066 -0.215723 0.930599
-0.0295568 0.0435513 0.175412
0.634374 -0.114632 1.23565
-0.182303 0.104502 0.246884
-0.00110259 0.0670283 0.179421
-0.153964 0.0792551 0.402982
-0.692574 0.195155 1.02642
-0.5969 0.175763 0.92622
-0.1787 0.0903722 0.226532
0.118891 -0.030709 1.61074
-0.235213 0.102106 0.275052
-0.825392 -0.142209 0.969479
-0.276736 0.184129 0.792739
-0.223723 0.062815 0.276629
0.172333 0.129569 1.52661
-0.60202 0.0894454 0.972488
-0.0606141 0.0266883 0.178413
-0.820667 -0.0197115 1.06143
-1.01533 0.0906941 1.26604
-1.10006 0.120535 1.18506
0.332732 0.176653 0.906147
-0.280792 0.0663859 0.318933
-0.252445 0.0995781 0.273354
-0.279605 0.111792 0.270429
-0.212616 0.0932624 0.227738
-0.232668 0.0846101 0.248542
-0.0304117 0.0784941 0.183028
-0.203492 0.0856484 0.284682
-0.0349985 0.0779895 0.181966
-0.542188 0.192827 0.923945
-0.263497 0.0975296 0.243739
-0.035089 0.0719422 0.19208
-0.515233 -0.0879395 0.895064
-0.292985 0.0611273 0.303051
-0.22678 0.0753222 0.219237
-0.0269646 0.0669724 0.184043
-0.414924 0.179296 0.846207
-0.18806 0.0892881 0.258952
-0.270106 0.0844647 0.219517
-0.105736 0.0641751 0.14941
-0.0843543 0.0362208 0.168843
-0.309794 0.0960041 0.855354
-0.0650169 0.0346537 0.198715
-0.183496 0.0738465 0.229265
-0.229966 0.0732042 0.284331
-0.162432 0.0921359 0.284633
0.477732 0.0974869 1.05128
0.440426 -0.11088 1.02738
-0.0152786 0.176544 1.15585
-0.437259 0.163716 0.857045
-0.0705912 0.0338629 0.174809
-0.181264 0.0647267 0.818152
-0.165289 0.0972949 0.287186
-0.0314154 -0.00397685 0.115835
-0.0422989 -0.0354159 0.0347204
-0.265699 0.0628351 0.266986
-0.0901519 0.0607947 0.169969
-0.413642 0.112866 0.841393
-0.164682 0.0923077 0.288599
-0.242281 0.102327 0.26546
-0.125617 0.0599449 0.142238
-0.0654638 0.0305768 0.242204
-0.060458 0.0761832 0.542307
-0.127398 0.0660162 0.188298
-0.130869 0.056439 0.1525
0.00517099 0.0240104 0.258451
-0.188415 0.0751395 0.231436
-0.0578318 -0.153245 0.891592
-0.090718 0.0251981 0.168046
-0.165661 0.0696291 0.259899
0.224718 0.11389 0.398389
-0.00101135 0.0668091 0.184706
-0.164766 0.0735063 0.303021
-0.209468 0.0749325 0.275964
-0.360175 0.0946603 0.512474
-0.131369 0.0574813 0.154269
-0.239771 0.0757266 0.299509
-0.123394 0.0577888 0.159439
-0.0773814 0.022962 0.135759
-0.345415 0.0821055 0.479947
-0.49128 0.153591 1.09538
-0.754663 0.0569505 1.08893
-0.490564 0.184969 0.848976
-0.282174 0.0751735 0.315966
-0.449333 0.127325 0.901262
-0.244713 0.0773944 0.307096
-0.344703 0.0138768 0.274391
-0.229027 0.0948181 0.200961
-0.200903 0.0466618 0.188307
-0.430225 0.160265 0.600443
-0.27672 0.0718272 0.280905
-0.248003 0.0931117 0.294235
0.104262 -0.169378 1.57011
-0.225819 0.0921078 0.207589
-0.0607914 0.0265011 0.177279
-0.547063 0.144396 0.936284
-0.176787 0.0744478 0.269049
-0.286551 0.0777534 0.321004
-0.175012 0.0674835 0.268506
-0.474335 0.172979 0.815655
-0.0481061 0.0773701 0.269843
0.0545346 -0.137737 0.734155
0.0643965 -0.153234 0.837597
-0.525325 -0.0213604 0.886039
-0.0688642 0.235093 0.991274
-0.21827 0.0705465 0.287311
-0.0283006 -0.024398 0.121249
-0.535749 0.167087 0.818633
-0.625173 -0.0903878 0.991047
-0.182881 0.075732 0.265466
-0.332874 0.0962292 0.800042
0.0777138 0.0608142 1.47884
-0.14936 0.172797 0.821134
-0.209853 0.0827795 0.239932
0.431288 0.0429274 1.00395
-0.177112 0.0758654 0.272898
-0.222387 0.0526734 0.308292
-0.0247723 -0.0259231 0.075145
-0.618232 -0.0247423 0.981865
0.335645 0.183415 0.890739
-0.194589 0.105529 0.263083
-0.247536 0.0802216 0.308007
-0.179283 0.101414 0.265646
-0.249131 0.0897197 0.294476
-0.181848 0.073438 0.248461
0.371743 -0.0155106 1.02867
-0.0794717 0.0476233 0.170666
-0.0665447 0.0350235 0.960309
0.107613 -0.121049 1.60876
0.0062289 0.025305 0.182578
-0.228396 0.0738354 0.312107
-0.194752 0.114636 0.238111
-0.0318207 -0.0564556 0.126848
-0.040893 -0.00849455 0.0304873
-0.289935 0.203363 0.851913
-0.130278 0.0971553 0.816957
-0.115197 0.0719316 0.155712
-0.0674791 -0.0177024 0.876644
-0.0306989 -0.0213554 0.0539147
-0.0184362 -0.0291335 0.136371
-0.0185293 -0.0290106 0.135468
-0.037962 -0.0249904 0.032747
-0.0632716 -0.213726 0.844279
-0.0684836 0.202393 1.11689
-0.0201712 0.0455256 0.184911
0.185746 -0.162652 1.41256
-0.187922 0.0755182 0.269854
-0.350729 0.13394 0.791884
0.0116925 -0.0134371 0.115024
-0.201191 0.0624299 0.285793
-0.211115 0.0597882 0.294064
-0.0272154 0.0307754 0.182893
-0.396086 0.180182 0.926949
-0.228009 0.0575239 0.677034
-0.0216533 -0.0130505 0.127801
0.41435 -0.0824889 1.32269
0.128031 -0.178462 1.58714
-0.076653 -0.00325727 0.02713
-0.0779761 0.068331 0.176268
-0.0977519 -0.0055977 0.0738573
-0.0788691 0.0472948 0.174214
-0.441762 0.126147 0.899282
-0.210339 0.0640561 0.282732
0.0776253 -0.0403729 1.23718
-0.537885 0.141258 0.902736
-1.01645 -0.122125 1.30067
-0.0853263 0.0490469 0.171599
-0.281774 0.164032 0.709013
-0.56175 0.0954298 0.629188
-0.0291477 0.0467029 0.183931
-0.11593 0.0904399 0.197264
-0.04204 0.0293926 0.185474
-0.18526 0.107123 0.253107
-0.240302 0.0447161 0.21241
-0.0377803 -0.0243148 0.0568239
-0.443473 0.16426 0.873887
-0.43682 0.076935 0.908147
-0.242333 0.0805941 0.29031
-0.240677 0.0728005 0.2269
-0.071326 0.040762 0.160784
-0.0396692 0.0352355 0.18211
-0.192162 0.0617257 0.155685
-0.160879 0.0804684 0.198535
-0.00436742 0.0340136 0.181847
-1.12299 -0.154668 1.07586
-0.840541 -0.0696744 1.08985
-0.784469 -0.13829 0.889619
-0.827735 -0.0186165 1.18252
-0.240982 0.047919 0.220723
-0.221763 0.0945345 0.210145
0.00476904 0.243174 1.54718
-0.0553957 0.0438822 0.134453
-0.0663601 0.0235172 0.160128
-0.256085 0.0761673 0.24184
-0.506386 0.178947 0.874481
-0.545841 0.169088 1.1884
-0.367504 0.113906 0.939126
-0.532739 0.0881915 0.914508
0.36655 -0.194515 1.22839
-0.195616 0.0813846 0.250721
-0.204412 0.0648703 0.287441
0.000595441 0.0261013 0.178114
-0.0153878 0.0281989 0.182527
-0.0765304 0.0771317 0.21476
-0.065634 0.0762351 0.224816
-0.0651302 0.0422864 0.266546
-0.154768 0.0932221 0.251062
-0.0328879 0.026713 0.181365
-0.0483113 0.0759251 0.175574
-0.597519 0.000456247 0.842335
-0.170142 0.0630135 0.21761
-0.214074 0.0964315 0.234398
-0.164804 0.0749527 0.282257
-1.12162 0.103044 1.40856
-0.32185 0.0670542 0.451363
-0.88074 -0.108677 1.11757
-0.270887 0.0974669 0.229373
-0.131938 0.102642 0.783099
-0.219423 0.126435 0.304116
-0.172912 0.0667143 0.264728
-0.229345 0.14717 0.719985
-0.909417 -0.0271056 1.18856
0.177471 0.183999 1.44055
-0.289101 0.084465 0.320573
-0.231268 0.0734759 0.290218
-0.216923 0.111989 0.198658
-0.259781 0.0771137 0.311721
0.0989953 -0.0876814 1.32694
-0.0459649 -0.0271465 0.031033
0.414806 0.0375238 1.00537
0.00222502 0.0419591 0.184078
-0.311237 0.0597548 0.555235
-0.0106322 -0.0102519 0.15061
0.224804 0.196135 0.549085
-0.0256546 0.0561532 0.209857
-0.206408 0.111644 0.208608
-0.259063 -0.0462737 0.507802
-0.22086 0.0923228 0.204109
-0.375862 0.187595 0.942587
0.00327331 0.0262057 0.176552
-0.20806 0.0732465 0.270217
-0.211985 0.101657 0.266823
-0.49798 0.170199 0.858052
-0.0821596 0.0332496 0.175548
-0.392772 0.123716 0.821865
0.0196898 -0.0159362 0.165326
-0.62373 0.0917782 0.980732
-0.067596 0.183952 0.788059
-0.596887 0.146655 0.935496
-0.124598 0.058366 0.139914
-0.0357014 0.0281208 0.186
-0.0383288 0.0429091 0.181392
-0.223456 0.0789917 0.214923
-0.182606 0.108164 0.237588
-0.613 0.101266 0.980106
-0.513137 0.182766 0.876131
-0.167721 0.0718247 0.275954
-0.422059 0.140646 0.701563
-0.188516 0.104001 0.261999
-0.189705 0.0603661 0.286847
-0.255295 0.0738485 0.304551
-0.197402 0.0667102 0.233022
-0.135919 0.138924 0.775807
-0.0546906 0.0522239 0.199229
-0.769684 0.175141 1.08546
-0.11008 0.0629238 0.139874
-0.0715342 0.0551549 0.195923
-0.075234 0.0408245 0.155291
-0.220362 0.0854724 0.237679
-0.194515 0.138218 0.277263
-0.305082 0.0799427 0.319197
-0.246427 0.101712 0.2581
