-0.282758 0.0768745 0.873409
0.284374 0.198704 1.18555
0.705328 0.134997 1.44929
-0.104232 -0.0266913 0.822445
0.935246 0.137913 1.94402
0.230899 0.170071 0.491274
0.00975171 -0.00568346 0.0475162
-0.0548567 0.0341724 0.173241
-0.0606923 0.0338732 0.176748
-0.432838 0.114751 0.915343
-0.059774 0.0295706 0.127639
-0.131482 0.0549398 0.206493
-0.444395 0.0852498 0.895381
-0.173357 0.0676692 0.27969
0.00328622 0.0489373 0.179
-0.376911 0.0754372 0.9117
-0.180741 0.0675733 0.267164
0.365923 -0.0137417 1.01283
-0.0652363 0.0277364 0.152313
-0.0659341 0.0284771 0.131865
-0.0672119 0.0225315 0.137223
-0.0525289 0.0189487 0.113429
-0.0609646 0.0199816 0.115744
-0.0879762 0.0314513 0.170376
0.298145 0.191978 0.532982
-0.0955147 0.0621377 0.473387
0.116297 -0.00777348 1.6179
0.471674 -0.0994411 1.04813
0.0973071 0.0702845 1.44032
-0.297365 0.0741533 0.888308
-0.0911497 0.044799 0.263581
1.0317 0.636334 1.76471
0.757632 0.439928 1.25608
0.034365 0.0894743 1.433
-0.475237 -0.0612012 1.02979
-0.76886 0.253373 1.98481
-0.066883 0.0395469 0.12237
0.532599 -0.214788 0.980677
0.0760033 0.0588168 0.173157
-0.1167 0.0595417 0.787153
0.381329 -0.15765 1.25094
0.346066 -0.097919 1.167
0.740946 -0.0685558 1.3409
0.440048 -0.101552 1.02429
0.369801 -0.239929 1.15389
-0.589881 0.0341846 0.989125
0.20886 -0.0895473 1.03653
-0.272713 -0.329231 1.03838
0.627051 0.090098 1.26945
0.577288 -0.0655769 1.15528
-0.380466 0.103643 0.854187
0.00270798 0.0923331 1.47847
-0.295312 0.0916308 0.869016
-0.484951 -0.0940489 1.03294
-0.22559 0.0958571 0.918165
-0.183366 0.125575 0.826159
0.0219371 0.0405504 0.244791
0.0269011 0.045675 0.275941
-0.216407 0.0901185 0.730002
-0.0618406 0.0283008 0.172551
-0.117091 0.0719357 0.154485
-0.403651 0.200896 0.857259
-0.0207901 0.0304513 0.182074
-0.302256 0.127002 0.891356
-0.0615846 0.0298904 0.177243
-0.0401275 0.0348544 0.18072
0.355041 -0.04252 0.447849
0.386507 -0.246677 0.856396
-0.793397 -0.0751853 0.68333
0.0819765 0.189881 0.622597
1.29228 -0.103245 2.34982
-0.75042 0.00370586 1.0585
-0.0567651 0.0380829 0.178156
-0.080102 0.0307768 0.169808
0.00233725 0.0407403 0.183062
-0.378217 0.121393 0.962198
-0.223649 0.0935268 0.764981
-0.0989309 0.0788127 0.189209
0.062577 0.0702781 0.173231
0.0755148 0.0587534 0.173077
-5.67301e-06 0.0669956 0.175372
-0.0464847 0.00878219 0.104077
0.00437277 -0.0031734 0.027023
0.0122659 0.00698112 0.0295536
-0.0333986 0.0126333 0.0524995
-0.0606026 -0.0918582 0.271459
-0.0195665 0.01145 0.0874121
-0.042919 0.0196118 0.0667986
0.847249 0.0516713 1.64818
0.370651 -0.19446 1.23764
-0.182777 0.0671268 0.272158
0.373592 -0.010411 1.06811
-0.164358 0.0727881 0.288855
0.364259 0.190982 1.10311
0.40901 0.0368019 1.04099
-0.177427 0.0734326 0.268383
-0.589795 0.0402386 0.952649
-0.0966253 0.0511015 0.32077
-0.527601 0.0352201 0.908031
-0.080125 0.0326339 0.173038
0.0193544 0.169903 0.920958
-0.0916636 0.0251595 0.169285
-0.113267 0.0473717 0.72404
-0.00170981 0.000258659 0.00268139
-0.00466885 0.0664248 0.318462
0.00819348 0.149518 1.35221
-0.126701 0.0583384 0.800762
0.00598091 0.0509153 0.273585
-0.0547847 0.0149699 0.100521
-0.181525 0.0645119 0.30925
-0.256684 0.0690773 0.518499
-0.891554 0.458785 2.28009
-0.483936 0.14126 1.018
-0.0877951 0.0440592 0.171514
-0.176896 0.0777999 0.86079
-0.156157 0.0710058 0.53456
1.0647 0.729276 2.07719
-0.175673 0.0682984 0.27442
-0.064103 0.0233549 0.126114
0.0857537 0.126191 0.375567
-0.0486539 0.0823637 0.62942
0.190693 0.227206 1.37447
0.0056809 0.0684516 0.283298
-0.428839 0.098196 0.863672
0.457296 0.0462731 1.16088
-0.567429 -0.24988 1.01864
-0.591642 -0.117015 1.08804
-0.179199 0.0816758 0.85781
0.168619 0.218829 1.34743
0.282747 0.143926 0.497188
0.534071 -0.259502 0.848163
-0.573015 0.0842217 0.927107
0.383272 0.201415 1.04499
0.384127 -0.103481 1.28764
-0.652442 -0.0742997 1.01371
-0.104779 -0.0190888 0.799217
0.392506 0.00493085 1.08777
-0.0305728 0.0332967 0.181997
0.184332 0.20544 0.808142
-0.396695 0.0893125 0.849608
-0.133583 0.108276 0.81011
-0.47613 0.196877 0.941005
0.20167 0.231617 1.42586
-0.061666 0.115795 0.843446
0.0365027 0.0564155 0.189024
0.0115525 0.0324475 0.233427
0.00179516 0.0411015 0.182985
-0.070236 0.0345134 0.175344
-0.0229069 0.010965 0.0553752
-0.0888604 0.0427214 0.17086
-0.00424118 -0.00243317 0.00906732
0.00648827 -0.00297995 0.03676
-0.00292131 -0.0018156 0.00653669
-0.0203757 0.0546525 0.215918
-0.0219423 0.00766915 0.0417906
-0.0394071 0.035092 0.180787
-0.0054992 0.035876 0.182399
-0.100213 0.0403082 0.259714
-0.0752883 0.0265412 0.173044
0.00288345 0.0474225 0.185858
-0.0856652 0.0344492 0.171834
-0.0678477 0.0342985 0.175612
-0.0931197 0.0361507 0.169673
-0.00777405 0.00249263 0.0131256
-0.527542 0.218889 0.94042
-0.0757515 0.0273838 0.165819
-0.0592714 0.035822 0.878722
0.0172169 0.129951 0.916074
-0.0952033 0.0330432 0.172647
-0.0762745 0.0276031 0.165131
-0.0220243 0.0351641 0.208982
-0.0502594 0.023352 0.10247
-0.0426636 0.0153746 0.0823214
-0.0879478 0.0456753 0.171399
-0.0789747 0.0328665 0.17235
-0.167363 0.0791562 0.291842
-0.292173 0.0403184 0.884863
0.162513 0.1172 1.40043
-0.514265 -0.0806161 0.923393
-0.00409849 0.0425405 0.183164
-0.0121579 0.035862 0.180571
-0.655013 0.036732 1.10031
-0.634311 -0.0708677 0.983678
-0.0133932 0.0427635 0.182255
-0.602792 -0.0137083 0.964677
-0.00529932 0.0331661 0.183116
0.398929 0.0544213 0.870805
-0.737764 0.0405913 1.04737
0.392881 -0.131701 1.02817
0.993761 0.0352295 2.19339
-0.173917 0.0764048 0.275895
-0.0828489 0.0409034 0.172876
-0.685954 0.0590817 0.962176
0.00282636 0.0408878 0.183507
-0.66004 -0.184615 0.981584
-0.743408 -0.203672 1.11203
-0.381219 0.10426 0.881312
-0.0634174 -0.267013 0.947262
0.37267 -0.193182 1.24323
0.601316 -0.10203 1.00518
-0.0457814 0.0223109 0.0884845
0.00446492 -0.00918821 0.0568816
-0.0135784 0.0431191 0.182595
-0.086707 0.0314935 0.17103
-0.0637301 -0.110508 1.07559
-0.376412 0.09377 1.01262
-0.322575 -0.216231 0.768778
0.0468221 0.0773091 1.42877
-0.587786 -0.082859 0.928737
0.364257 -0.224999 1.10631
-0.0835395 0.0390922 0.171908
-0.0901372 0.0400208 0.171139
0.00230144 0.0518932 0.195253
-0.0693655 -0.226477 1.06749
-0.0594437 -0.050086 0.827227
-0.174676 0.0765345 0.27786
0.378843 -0.0145958 1.06675
0.595292 -0.141665 1.00603
0.396026 -0.256462 0.887823
-0.450662 0.066708 0.979785
0.396651 0.0535126 1.00231
-0.525664 -0.0879608 0.916243
-0.124132 0.0797079 0.819748
-0.294154 0.0706299 0.881651
-0.397825 0.074369 0.932515
0.374791 -0.261271 1.11574
-0.614659 -0.0758439 0.966126
-0.0609024 0.0339338 0.176991
-0.58836 0.0891354 0.954525
0.399573 -0.041293 1.2783
0.108889 -0.166966 1.58913
0.526437 -0.220397 0.984239
0.557164 0.0522457 1.22411
-0.523849 0.137193 0.896532
-0.0129384 0.0374302 0.184023
0.189264 0.210567 0.821733
0.523904 -0.230372 0.968706
0.361767 -0.258005 0.909749
0.658474 -0.105197 1.10714
-0.00334687 0.0383888 0.183023
0.256595 0.116896 0.454435
-0.602501 0.0950153 0.949001
-0.013661 0.185526 1.21216
-0.289324 0.052941 0.889556
-0.0157048 0.0457402 0.182827
-0.0804685 0.0399502 0.17309
-0.0304861 0.0405107 0.269412
-0.0144347 0.0284585 0.195318
0.545734 -0.105202 1.13658
0.295155 0.137696 0.537011
-0.289839 0.0370765 0.873996
0.441968 -0.0943772 0.929717
0.718373 -0.0964318 1.38996
-0.177504 0.0785553 0.854392
0.903601 0.00484132 1.78231
0.397048 -0.0361543 1.26836
0.448314 0.0412853 1.04157
0.324961 0.0981905 0.568916
-0.55274 -0.104454 1.00583
-0.578466 0.0372341 0.928765
0.193861 -0.0925624 1.12691
0.61454 0.0319027 1.02512
0.0272949 0.0871905 1.42898
-0.0656752 0.133296 1.29609
-0.693439 0.184251 1.05211
0.369026 -0.262287 0.913265
0.385423 0.223414 1.25086
0.0221829 0.0829541 0.468265
-0.430604 0.105147 0.908752
0.438538 0.0446529 1.0197
0.516734 -0.215239 0.968661
-0.0207123 0.0445428 0.18133
0.624844 0.0342371 1.21395
0.0419264 0.0988529 1.31663
0.366135 0.222101 0.796418
-0.0292385 0.0386267 0.18213
0.449466 -0.0886721 1.4348
-0.176717 0.0832687 0.837787
0.39373 -0.0321137 1.25587
0.390157 0.00760546 1.07778
-0.0690057 0.0544528 1.38906
0.525207 -0.230251 0.969044
0.0432983 0.0789194 1.42829
-0.540965 -0.0179728 0.926668
-0.5454 -0.0204057 0.864342
-0.513727 -0.0878114 0.893616
0.505601 0.0763894 1.10954
-0.0249551 0.0347421 0.182181
-0.284468 0.040851 0.889847
-0.457291 0.0732448 0.988317
-0.515468 0.130856 1.10474
0.376756 0.217276 1.24433
0.127177 -0.0405469 1.66141
0.216711 -0.116881 1.44348
0.369352 0.202524 1.08741
-0.453995 -0.0801801 0.968397
0.237877 -0.0492999 0.526401
0.407747 -0.168372 1.32447
-0.587334 0.0307086 0.98015
-0.393736 0.0738962 0.912982
0.114829 -0.0997376 1.48906
0.356344 -0.254582 0.886093
0.750953 -0.0441395 1.45343
0.506291 0.0996311 1.11024
-0.542723 -0.0106726 0.929943
0.448037 -0.107328 1.04163
-0.436565 0.100395 0.885397
0.483969 -0.0894764 0.948023
-0.0600813 -0.293821 0.861814
0.362083 0.202597 1.07492
-0.37801 0.0633278 0.943844
-0.549983 0.0371646 0.940566
-0.551301 0.0972519 0.931674
0.398617 0.214961 1.04715
-0.693031 -0.198965 1.04356
-0.123757 0.0782636 0.829557
0.409169 0.0364551 1.04458
-0.270416 0.0782419 0.844247
-0.587467 0.036865 0.946732
0.141511 0.202765 1.23022
0.415202 -0.136614 1.08153
0.0592987 0.20011 0.573126
-0.681318 -0.123723 0.988889
-0.0792216 0.0449784 0.174674
-0.0285032 0.0377403 0.182265
-0.188784 0.0747636 0.267369
0.0367692 0.058254 0.187371
-0.278136 0.0801267 0.856367
-0.447842 0.0613619 0.941221
0.00371098 0.0446819 0.184311
-0.278502 -0.290813 0.95561
-0.00591443 0.0264955 0.181896
-0.73023 -0.128086 1.05201
0.0983694 -0.160974 1.48148
-0.596522 0.094436 0.954123
0.388804 0.00626227 1.08611
0.486751 0.0380621 1.12366
-0.558001 0.084828 0.944606
-0.191342 0.0607073 0.289711
-0.190741 0.0775507 0.267281
-0.0201258 0.0438294 0.181292
-0.00306376 0.0381805 0.18264
-0.530381 0.0853605 0.904782
-0.0294873 0.0480084 0.182512
-0.0291334 0.0451055 0.181435
0.076799 0.180749 0.594696
-0.577721 -0.191231 1.21232
0.283219 0.141401 0.497634
0.594384 0.167874 0.991445
-0.0182225 0.0323062 0.182358
-0.600528 0.132826 0.943005
0.573017 0.033729 0.954173
0.37585 -0.25148 0.89115
-0.45726 0.0282811 0.981081
-0.54948 0.0763531 0.925023
-0.119958 -0.519635 2.1318
-0.681773 -0.0686249 1.07267
-0.434355 -0.0715873 0.745797
-0.111203 -0.0217858 0.808947
-0.239788 -0.353614 1.08978
-0.0355498 0.0430438 0.182643
-0.610588 0.102626 0.958639
-0.0248682 0.0345446 0.181939
0.738129 0.0946873 1.59569
-0.0568429 0.037485 0.178071
0.00418796 0.0588004 0.197373
0.432028 0.0408872 1.04749
-0.020178 0.0446752 0.182418
-0.291891 0.0332269 0.754445
-0.00178275 0.0412113 0.165011
-0.0230144 0.0483218 0.183077
0.00260348 0.0545373 0.184336
-0.167638 0.0791859 0.290917
-0.0541998 0.0271058 0.177944
0.441697 0.123083 0.741018
-0.00835415 0.0482142 0.1935
-0.200426 0.090064 0.818955
-0.436629 0.125873 0.910832
-0.437886 0.109858 0.646052
-0.424126 0.106252 0.8719
-0.0280686 0.044954 0.182373
0.14482 0.150731 1.41719
0.43374 0.0390613 1.05879
0.523561 -0.094856 1.02435
-0.508125 -0.00696686 1.11041
-0.0287719 0.0303526 0.181241
0.498912 0.116671 1.12721
-0.217553 0.107699 0.78875
-0.0217439 0.0524423 0.195851
1.2598 -0.116217 2.71063
-0.0895186 -0.313817 0.865943
-0.477395 0.1192 0.89074
-0.547937 0.134313 1.05685
-0.149416 0.121085 0.81812
-0.762015 0.0311927 1.01309
-0.08744 -0.293102 0.820276
-0.742764 0.0378951 1.06703
-0.061368 0.0293239 0.176664
-0.0536871 -0.171633 1.00773
-0.0396302 0.0350164 0.180935
-0.674305 0.178245 1.02373
-0.0148489 0.0247022 0.183554
-0.215066 0.0719391 0.28793
-0.301615 0.122316 0.861591
0.397022 0.111663 0.661585
-0.368654 0.107097 0.795985
-0.1679 0.0698225 0.301714
-0.0706405 0.193276 0.833265
0.364333 0.189674 1.09555
-0.783726 -0.126182 0.710509
-0.78311 -0.193225 0.691178
-0.877409 -0.0463546 0.570892
-0.271409 0.0841636 0.221945
-0.604618 -0.202137 0.611354
-0.477441 -0.0780608 1.01187
-0.0496489 0.0217173 0.164224
-0.378528 0.115371 0.979753
-0.5675 -0.0266032 0.906981
-0.568962 0.123588 0.890021
-0.241468 0.0704682 0.371652
-0.56824 -0.104468 1.03406
-0.950779 -0.0777446 1.24733
-0.622723 -0.136561 0.920034
0.18075 -0.146808 1.28534
-0.0288213 0.0307036 0.181307
-0.0553436 0.0296578 0.177707
-0.329235 0.121942 0.641276
0.508137 0.0981132 1.10282
-0.334268 0.0815581 0.883635
0.337289 -0.123526 1.59072
0.314483 0.157809 0.484577
-0.748214 0.030034 0.995845
-0.0180226 0.0320952 0.182139
-0.762425 0.0056278 1.07381
-0.361627 0.0961905 0.814176
-0.660814 -0.11735 0.94493
-0.209304 0.107296 0.849404
-0.0244589 0.0414124 0.18275
-0.0494345 0.0352159 0.179576
-0.0188501 0.0355037 0.182166
-0.73354 0.0361471 1.06225
-0.154248 0.0502901 0.787389
-0.117897 0.0599324 0.831169
-0.297745 0.0849703 0.456588
-0.442932 0.0821656 0.914986
-0.544946 0.0789831 0.853563
0.465569 0.0723067 1.02714
-0.585707 0.130138 0.91761
0.294603 0.167317 0.480222
0.312397 0.166631 0.515265
-0.0288558 0.0457092 0.182972
0.144542 -0.234492 1.40612
-0.223981 0.059274 0.318303
-0.0917482 0.0475099 0.174903
-0.0903817 0.0272443 0.183506
-0.0852038 0.049581 0.173
-0.368662 0.0413721 0.394211
-0.0699665 0.040207 0.180155
0.00393838 0.05913 0.197723
0.0022188 0.034322 0.183755
0.472609 -0.257796 1.02045
0.146207 0.20483 1.18734
-0.199527 -0.257072 0.777015
-0.0156105 0.0954294 1.48269
0.0917818 -0.31553 2.07274
-0.137205 0.18868 0.794947
-0.0668953 -0.219391 0.990698
-0.392416 0.114467 0.910974
-0.0190742 0.0441797 0.183059
0.370472 0.056261 1.23345
0.333586 -0.246441 0.849706
-0.253681 -0.29636 0.911267
-0.395702 0.0726477 0.931785
-0.0873592 0.0302036 0.168419
-0.429159 0.117661 0.878675
-0.013169 0.0425991 0.181266
-0.58708 0.0409598 1.00179
-0.0717715 0.039916 0.174682
-0.0132567 0.0372794 0.182811
0.0468988 -0.248696 1.59394
0.473493 -0.100218 1.05134
-0.692472 -0.148368 1.03232
-0.00682734 0.0365961 0.182777
0.281778 0.0970571 0.489948
-0.0514555 0.0350886 0.179566
-0.477371 0.0230619 1.03075
-0.00624929 0.0263428 0.179227
0.429338 -0.257263 1.04328
-0.427283 0.212472 1.04913
-0.101736 0.0349966 0.195475
0.197344 0.180907 0.653702
-0.0297092 0.0267621 0.183011
0.63406 -0.067905 1.4315
-0.13033 0.0557007 0.850942
-0.080589 0.0399203 0.172413
0.00456849 0.0544917 0.18331
-0.0927391 0.028948 0.189057
-0.0914401 0.0250474 0.171146
0.28784 0.100729 0.494141
0.079217 0.0590318 0.171319
-0.215957 0.102022 0.780864
-0.0213055 0.0522505 0.191352
-0.0720717 0.0396224 0.17444
-0.293276 0.0410376 0.877525
0.00326704 0.0340043 0.183359
-0.100703 -0.0167567 0.803131
-0.0150539 0.0248577 0.183225
0.00173946 0.0423007 0.185835
0.527744 0.0773005 1.10064
-0.0885705 0.0428904 0.171763
-0.216332 0.101408 0.899366
-0.0837998 -0.299548 0.821558
-0.0242126 0.0441339 0.183014
0.363002 -0.015205 1.00539
0.696121 0.134456 1.35206
0.476776 -0.256996 1.00709
-0.00180298 0.0445249 0.184664
0.38495 -0.199872 1.38429
0.448126 -0.265827 1.074
-0.0129004 0.0368683 0.182122
0.376495 0.151406 0.688455
-0.603313 0.23288 1.06362
0.00238558 0.0421546 0.185326
-0.0332841 0.0310725 0.180248
-0.00714023 0.0321526 0.182549
-0.0854328 0.0368489 0.171123
-0.183512 0.134688 0.840641
-0.455102 0.137222 0.88149
-0.129608 0.0949882 0.811856
-0.467207 0.189477 0.924615
-0.319337 -0.298813 0.955813
-0.263439 -0.292996 0.910254
-0.298187 -0.107616 0.87838
-0.0909492 0.0469933 0.173117
0.298732 0.168966 0.486391
-0.0646241 0.0269491 0.170374
0.147582 0.118979 1.23946
-0.062028 0.0354239 0.122651
-0.0293528 0.0270173 0.183219
-0.0325387 0.0270534 0.182246
-0.0227499 0.0271455 0.185846
-0.225011 0.0967896 0.768725
-0.186893 0.0673231 0.938258
-0.0677276 0.0341955 0.176124
0.495566 0.116783 1.12277
-0.0224532 0.0304634 0.181982
0.00366982 0.0339557 0.18238
-0.117679 -0.0274466 0.872439
-0.11824 -0.0159805 0.830056
0.649141 -0.0882661 1.32705
-0.00361928 0.0475048 0.186178
-0.0605768 0.0264538 0.1764
0.586741 -0.140861 0.990089
-0.0509219 0.148978 1.27474
-0.0604625 0.0263787 0.176247
0.559965 -0.134707 0.943606
0.122195 0.193991 0.690188
0.373861 -0.118953 1.44149
0.197934 0.079673 0.267633
0.00430549 0.0301221 0.183212
0.11272 0.09338 1.34049
-0.0677898 0.0375448 0.175722
0.177214 0.202523 0.782325
-0.603531 0.175926 0.938364
-0.696844 -0.15117 1.04036
0.00336664 0.0468113 0.182557
-0.3661 0.0619216 0.913345
-0.349579 -0.292468 0.967209
-0.0616892 0.0292615 0.178222
-0.546473 0.152014 1.11541
0.607246 -0.3188 1.24079
0.367547 0.116232 0.646796
0.5094 0.232538 1.05652
0.127893 0.190764 1.36626
0.202113 0.237082 1.44134
-0.287753 0.0511114 0.296424
0.116093 0.177382 0.637389
0.130644 0.207657 0.758163
-0.218715 0.141148 0.769636
-0.138929 0.142287 0.790058
-0.301262 0.106204 0.863901
-0.0223828 0.0263384 0.181551
0.296301 0.155528 0.485006
0.173137 0.184249 0.730573
0.877551 -0.118603 1.70991
-0.669126 -0.0957337 1.06142
0.851228 -0.0742562 1.66939
-0.252839 0.068979 0.305493
-0.381714 0.120796 0.974748
0.366533 -0.272911 0.953248
0.642306 -0.0338615 1.2062
-0.0565442 0.0351954 0.178023
0.679513 -0.0872344 1.2682
0.257161 0.192242 1.14608
-0.424538 0.101971 0.902025
-0.336815 -0.329557 1.04866
-0.163563 0.0699497 0.293721
-0.0114156 0.0409647 0.182549
0.51818 0.0980998 1.00273
-0.190012 0.0803966 0.840149
-0.523901 -0.179947 1.09831
0.407287 0.216896 1.0942
0.791331 -0.125656 1.61416
-0.0638551 0.0291526 0.177357
0.291361 0.13889 0.460612
0.117101 0.187196 0.684393
-0.0149407 0.0247887 0.18332
-0.516487 0.208528 0.985758
0.489235 0.0949657 1.0669
0.537244 0.0987788 1.07832
0.501884 -0.335567 1.21784
-0.170772 0.149385 0.957133
0.03756 0.0904814 1.20074
0.509856 -0.217401 0.952932
0.481689 -0.254844 0.986178
-0.374357 0.0981422 0.975316
-0.134075 0.101408 0.719796
-0.154017 0.119185 0.85897
-0.305455 0.101801 0.82695
0.65497 -0.0683324 1.48723
0.321662 -0.164881 1.27214
0.00421646 0.0246106 0.181261
-0.278368 0.0645244 0.315528
-0.302613 0.0560299 0.350979
-0.0591006 0.122942 0.868609
-0.219004 0.140833 0.771092
-0.00331101 0.0389545 0.183774
-0.0769036 0.0633441 0.370717
0.495872 0.104046 1.10096
-0.378028 0.102136 0.852089
-0.0532226 -0.143966 1.43399
-0.466183 0.208191 0.961299
0.173806 0.189884 0.60617
0.333023 0.261874 0.999542
0.500965 -0.245356 0.792424
-0.602001 0.170618 0.928668
-0.017716 0.0243947 0.17004
-0.286375 0.0739186 0.769597
-0.266217 0.0717602 0.332308
0.248026 -0.108859 1.42712
0.373963 0.109284 0.47695
-0.382076 0.102492 0.816635
0.338141 0.168724 0.476257
0.417877 0.0921075 0.498456
-0.306296 0.178987 0.872107
0.612677 -0.105151 1.03864
-0.0150336 0.0414834 0.175834
-0.00487068 0.0446086 0.178059
-0.00402635 0.0279235 0.187812
0.00421728 0.029199 0.183999
0.387839 -0.163219 1.25144
0.405864 -0.16769 1.29072
0.189578 0.194151 0.744227
0.281675 0.144369 0.494584
-0.470422 0.105075 0.937451
-0.0777599 0.0310982 0.173981
0.00368357 0.0264089 0.171035
-0.00717735 0.032109 0.182046
-0.223524 0.0974264 0.774158
-0.444202 0.164772 0.875024
-0.388352 0.109912 1.0221
0.311865 0.050315 0.518456
-0.0742736 -0.122825 1.19766
0.012052 0.0688001 0.76389
0.191482 -0.112014 1.44045
-0.135586 0.131091 0.791777
0.377533 0.228848 1.12396
-0.298059 0.12494 0.875177
0.295512 0.151053 0.511903
0.0913548 -0.139486 1.32915
-0.516317 0.206993 0.985856
0.388347 0.196632 1.22334
-0.0624701 0.0262815 0.17601
-0.066962 0.0274277 0.179946
-0.665822 -0.0898798 1.04893
-0.0674401 0.0259737 0.174776
-0.367297 0.0942091 0.952857
-0.235932 0.164078 0.781981
-0.307744 0.145769 0.867635
0.511459 -0.270128 1.04877
0.391168 -0.0434386 0.493775
-0.282967 0.0783434 0.832358
0.319043 0.102005 0.556014
-0.154227 0.181815 0.80681
0.1147 -0.0986643 1.48288
-0.199593 0.151915 0.800069
-0.365296 0.182902 0.900476
0.19871 0.219875 0.855285
-0.347007 0.191477 0.942513
-0.223064 0.165721 0.774132
-0.30022 0.110782 0.798079
-0.384142 0.17355 0.898863
0.202717 0.236284 0.896381
-0.65264 0.0245783 1.08018
0.110135 0.0934809 1.31505
-0.254855 0.138919 1.01502
0.349403 0.0555341 0.435757
0.364843 0.105946 0.449797
0.400588 0.0952342 0.472632
0.407301 0.0874028 0.474731
0.321834 0.0911241 0.43936
1.08141 -0.00421607 2.17691
0.422872 -0.253063 1.0302
-0.40024 0.160626 0.920421
-0.219581 0.143248 0.775022
0.389454 0.0851228 0.488931
-0.062574 0.128967 1.2299
-0.383498 0.197977 0.818194
-0.384811 0.123989 0.98131
0.718954 0.152566 0.97272
0.359064 -0.0429248 0.452181
-0.218592 0.128212 0.748955
-0.284742 0.0891617 0.870627
-0.365681 0.0803629 0.831033
-0.418592 0.100193 0.88958
0.684256 0.144211 0.921235
0.689509 0.145249 0.92942
-0.289267 0.106641 0.837029
0.763224 -0.0434748 1.28201
-0.215331 0.110387 0.861519
-0.277988 0.149258 0.933712
-0.444882 0.195247 0.915445
-0.174238 0.143181 0.7404
-0.293344 0.181563 0.871637
-0.290153 0.179561 0.861935
0.405121 0.216162 1.057
0.595236 0.166265 0.991999
-0.148978 0.165589 0.728276
-0.309232 0.184259 0.783328
-0.405924 0.174125 0.915083
0.364479 0.142532 0.443466
-0.199211 0.0896873 0.84828
0.597871 -0.0508078 1.3374
0.256293 0.0692898 0.851038
-0.116119 0.0602125 0.795185
0.387471 0.0825018 0.486841
0.394959 -0.0432888 0.497826
0.291008 0.147127 0.495786
-0.21581 0.155176 0.750059
0.108299 0.323713 2.79601
-0.232549 0.143509 0.877804
-0.383979 0.195441 0.958155
-0.283601 0.0827013 0.757427
-0.313545 0.150445 0.881261
-0.180842 -0.255362 0.760507
0.63082 0.105956 0.827096
0.139257 0.211353 0.754906
0.394429 -0.26424 0.888951
-0.0475745 -0.0167107 0.632498
0.54133 -0.260979 0.853278
-0.458473 0.078243 0.985694
0.430538 0.0576633 1.09523
-0.0574887 -0.150597 0.845812
-0.123094 0.103935 0.698374
-0.00596305 0.0323686 0.182053
-0.0477002 0.0668777 0.395487
0.0303316 -0.0223629 0.0171088
0.499369 0.0925491 0.972519
-0.217554 0.143472 0.771832
-0.183625 0.0703679 0.259958
0.471389 0.093834 1.0383
0.444765 -0.16847 0.470476
-0.144101 0.12009 0.770941
0.591533 0.0304416 0.992468
-0.139206 0.0963574 0.733629
0.496862 0.0653203 1.08512
-0.136559 0.173231 0.752011
-0.384106 0.133467 0.83562
0.481199 0.0939655 1.04958
0.759083 0.0435705 1.68796
1.06527 0.369976 1.82846
0.444122 -0.108913 1.03323
0.583321 0.0296984 0.976503
-0.128311 0.185891 0.782858
-0.347709 0.0427945 0.924317
-0.209268 0.156588 0.819147
-0.286978 -0.254775 0.817295
-0.212037 0.0755991 0.280244
-0.520623 0.142046 0.696241
0.181207 0.249816 1.4517
-0.18355 0.173432 0.776856
-0.294919 0.0589395 0.305784
-0.456278 -0.188523 0.474665
-0.0601806 -0.124196 0.830203
0.28358 0.139458 0.496798
0.393305 0.15586 0.714159
0.298782 0.155759 0.514529
0.0170035 0.107401 0.766824
-0.115838 0.0903307 0.762447
0.0845295 0.162944 0.665588
0.178965 0.208781 0.965212
0.378182 0.073147 0.470598
0.378236 -0.266965 0.961167
0.542465 -0.132186 0.912827
-0.0584019 -0.0970528 0.876158
0.360917 0.143413 0.451964
0.162028 0.162957 1.364
-0.15325 -0.358373 1.03861
0.393874 -0.262746 0.87674
0.156053 0.161126 1.26274
-0.310421 0.0791868 0.892191
0.370925 -0.119367 1.23491
0.396872 0.0934019 0.468419
0.754345 -0.0881804 1.4639
0.094206 0.0676001 1.54784
0.792532 -0.0503027 1.53669
0.0908834 0.208593 0.688993
-0.0574728 -0.221199 1.48127
-0.0376392 -0.0749352 0.49886
-0.141554 -0.154495 0.440081
0.0824952 -0.0021106 0.139315
-0.0115991 0.0915525 0.927269
-0.17528 -0.296048 0.8692
-0.0152219 -0.19891 1.22828
-0.0294427 0.038552 0.249902
-0.134599 0.0615733 0.163992
-0.317314 0.0599862 0.940593
-0.091281 0.18746 0.755742
-0.226368 0.140738 0.880663
-0.0202043 0.0418311 0.871359
0.227504 0.243564 0.772282
0.161673 -0.107138 0.357795
0.373528 -0.249086 0.910239
0.170073 0.193 0.75807
0.383541 -0.0150607 1.06891
0.529904 -0.21925 0.988578
0.142952 0.1442 1.22045
0.246886 -0.121281 1.50714
-0.388432 0.0528641 0.425964
-0.684084 -0.122109 0.989938
0.358622 -0.0349746 1.02704
0.231036 0.248074 0.788651
0.860141 -0.0997976 1.4584
0.29655 0.133017 0.436931
0.640588 0.08696 1.63061
-0.593296 0.0395499 0.958251
-0.181769 0.0554781 0.288071
0.166291 -0.0415801 0.294979
0.0194866 0.139776 1.28624
0.446362 0.235082 0.940462
-0.58718 -0.259397 1.06444
-0.461017 0.107237 0.872019
-0.336666 0.0678639 0.628479
-0.0843682 -0.189616 1.88455
0.0129201 -0.0542756 0.0812003
0.395532 -0.122519 0.423958
0.372388 0.00628725 1.06395
0.0593704 -0.0531809 0.252911
0.423678 0.0081382 1.17429
0.193029 -0.116573 1.25243
-0.279845 -0.289139 0.919066
-0.0636388 -0.00799245 0.843589
0.452242 0.0372466 1.0537
0.331486 0.189039 0.602514
-0.00102348 0.158736 1.064
0.801196 0.220001 0.799003
0.023753 0.126478 1.25972
-0.0532941 0.167276 1.15769
0.278458 0.157197 0.453291
0.20409 0.173518 0.492003
-0.263102 0.0601042 0.295286
-0.0132655 0.0368504 0.182091
-0.0777124 0.0427383 0.173908
0.00815284 0.00673818 0.227999
0.32651 0.162182 0.45977
-0.0495558 0.0347677 0.178757
-0.607386 0.0481017 0.98616
0.203748 -0.107193 1.43051
-0.0571417 0.03752 0.178187
-0.268746 0.0547781 0.390064
-0.16568 0.109438 0.57933
-0.183457 0.0543161 0.284132
-0.310808 0.0523704 0.355522
-0.297099 0.0645873 0.375662
-0.191788 0.0588588 0.301641
-0.0380424 0.0180117 0.158262
-0.728133 0.0165504 1.05475
-0.689412 0.05952 0.969422
-0.261676 0.0998011 0.270042
-0.872036 -0.0819279 0.755759
0.569955 -0.160874 0.618202
0.00928624 -0.134826 0.743524
0.0263891 0.131364 1.01827
-0.0393194 0.0685469 1.47976
-0.262814 0.0813662 0.277877
-0.170473 0.0708532 0.304237
-0.107394 0.0937051 0.621478
-0.288646 0.0557296 0.140809
-0.260158 0.0548875 0.124133
-0.266786 0.087995 0.205455
-0.264193 0.0500494 0.0960024
-0.129833 0.0815857 0.175072
-0.0104837 0.0643027 0.180317
-0.0370634 0.0215325 0.174932
-0.0106373 0.0512649 0.183862
-0.16858 0.0804222 0.290714
-0.060064 0.0877286 0.262072
-0.0106391 0.0445353 0.158121
-0.119435 0.0691726 0.151919
-0.0367718 0.0669224 0.183303
-0.126588 0.0763803 0.166536
-0.0302633 0.0665059 0.178745
-0.109725 0.0913357 0.173254
-0.10438 0.0820148 0.201426
-0.139472 0.0987856 0.163515
-0.0362223 0.0670531 0.182742
-0.121869 0.0738481 0.156223
-0.0407545 0.088772 0.192271
-0.0989434 0.097742 0.198061
-0.107626 0.0913989 0.178254
-0.0898948 0.0777398 0.171301
-0.0227594 0.0534198 0.183627
-0.0898783 0.078465 0.172982
-0.275011 0.0962158 0.195093
-0.368824 0.053357 0.229874
-0.549338 0.0308997 0.652453
-0.246377 0.0677525 0.243318
0.115066 -0.0396312 1.5509
0.0470671 0.0637839 0.260135
0.415362 0.0334912 1.04169
-0.64093 0.199551 1.25423
-0.401813 0.126157 0.840748
-0.0252032 0.039936 0.231727
-0.51451 0.193579 0.893651
-0.159276 0.0536292 0.75672
0.543649 0.0772436 1.10971
-0.26046 0.0792296 0.298902
-0.313635 0.0460226 0.254894
-0.255422 0.0750878 0.303329
-0.287336 0.0504249 0.293713
-0.352585 0.179525 0.747625
-0.34366 0.19845 0.96788
0.386376 0.220334 1.23587
0.202176 -0.0873367 0.881194
-0.300672 0.189495 0.932522
-0.0873842 0.0306469 0.168933
-0.235971 0.0735549 0.29465
0.305934 0.203856 1.20961
0.469503 0.202795 1.56804
0.598149 -0.101041 0.999835
0.316781 0.135687 0.433928
0.260222 0.176626 0.43463
0.326155 0.221303 0.532165
0.111181 -0.0995661 1.47272
0.00480801 0.104005 1.01953
0.291586 0.138349 0.504059
0.00645841 0.212433 1.38585
0.357949 0.167043 0.453656
0.383403 -0.249903 0.838717
-0.273378 0.0677324 0.313414
-0.284373 0.0822105 0.314945
0.0537657 0.178527 0.518194
-0.762092 0.200947 1.06317
-0.300457 0.0563331 0.347935
-0.213442 0.0720926 0.283647
-0.0585016 -0.27035 0.892754
-0.0834824 0.0329956 0.171775
-0.192378 0.0784202 0.27064
-0.173254 0.0749678 0.276578
-0.277506 0.0729478 0.314986
-0.769081 -0.132948 0.898729
-0.373954 0.0405272 0.234494
-0.3744 0.0186149 0.268539
-0.399664 0.159646 0.909792
-0.284765 0.0619816 0.504787
-0.0903189 0.046151 0.171456
-0.110742 0.0642529 0.799724
-0.0428597 0.0351954 0.180539
-0.0203504 0.0356515 0.181899
0.000999115 0.0973717 1.55159
-0.783691 -0.0444753 0.792816
-0.335366 0.142703 0.957591
-0.526326 -0.071534 0.528887
-0.267158 0.083751 0.218321
-0.169346 -0.0279659 0.113368
-0.277195 0.0543882 0.130633
-0.249865 0.0691169 0.148294
-0.0257755 0.0222644 0.164325
-0.259462 0.0958673 0.279122
-0.0263692 0.0248924 0.183363
-0.268024 0.0828472 0.217549
-0.344138 0.0236077 0.269383
-0.344494 0.0563713 0.239309
-0.259461 0.0791369 0.245279
-0.341528 0.0559121 0.236657
-0.320154 0.044409 0.235849
-0.291358 0.0448766 0.256957
-0.337893 0.0622663 0.232888
-0.313226 0.0125357 0.268677
-0.363365 0.0331789 0.280275
-0.216726 0.0814579 0.269225
-1.3496 0.609 2.80023
-0.171298 0.0731078 0.271951
-0.314632 0.0467092 0.254964
-0.180067 0.0811991 0.262343
-0.336291 0.0158287 0.270705
-0.23805 0.0893518 0.236375
-0.597493 -0.201701 0.600401
-0.629709 -0.177694 0.632053
-0.247929 0.0468174 0.144319
-0.797808 -0.127525 0.725492
-0.787541 -0.124878 0.716271
-0.511646 -0.147346 0.501814
-0.548329 -0.186246 0.547751
-0.258943 0.0773417 0.247831
-0.279995 0.0591139 0.262204
-0.0666509 0.0278859 0.176367
-0.532185 -0.0850437 0.916783
0.381081 -0.246374 0.848536
0.642249 -0.176127 0.70074
-0.0567359 0.106212 1.04624
-0.0680342 0.0375279 0.175511
0.054173 0.179756 0.473859
-0.584106 0.141074 0.915434
0.0856605 0.204952 0.665668
-0.0598691 -0.185513 0.865039
-0.0855472 0.0342855 0.171908
-0.470302 0.16967 0.804683
-0.448314 0.0741709 0.242948
-0.215296 0.0876992 0.236491
-0.25307 0.0576563 0.139687
-0.514987 0.072119 0.506373
-0.25002 0.0963583 0.171235
-0.235543 0.0725821 0.231095
-0.235385 0.088822 0.160145
-0.236067 0.0843182 0.178341
-0.522296 0.182563 0.890258
0.374712 -0.266218 0.939867
-0.546675 -0.00897237 0.894093
-0.280246 0.0576084 0.728288
-0.0525779 -0.15932 0.784833
0.0248016 0.21621 1.35703
-0.0504466 -0.246846 0.696463
-0.621228 0.171015 0.91836
-0.532505 0.210043 1.01247
-0.695574 0.154827 0.973594
-0.577882 0.178095 0.90645
-0.238352 0.0661566 0.193673
-0.246254 0.0730486 0.189142
-0.115528 0.0573876 0.152026
-0.0507387 0.0518631 0.141658
-0.115626 0.0572113 0.151705
-0.261044 0.0894527 0.23938
-0.36088 0.0286033 0.252554
-0.0581148 0.0622625 0.177192
-0.302479 0.0483828 0.112655
-0.344954 0.0222378 0.270206
-0.212597 0.08436 0.233975
-0.247846 0.0801297 0.216207
-0.21338 0.0945297 0.231884
-0.0352446 0.0559304 0.185474
-0.114492 0.0567369 0.150046
-0.28268 0.0528268 0.136027
-0.935726 -0.159934 0.51367
-0.686435 -0.188658 0.696118
-0.847022 0.0390371 0.566705
-0.928866 -0.0440993 0.504283
-0.972433 -0.053428 0.542759
-0.72421 -0.027629 0.878546
-0.715581 -0.112631 0.757678
-0.792171 0.00717548 0.488604
-0.720531 -0.0800717 0.766258
-0.87362 -0.0180233 0.516928
-0.168108 0.0809488 0.284165
-0.285942 0.0774194 0.2088
-0.354569 0.0306029 0.269242
-0.932959 -0.151562 0.510555
-0.762553 0.0921566 0.910666
-0.540449 -0.0988575 0.748664
-0.784811 -0.119589 0.724648
-0.59071 -0.199335 0.591778
-0.376784 0.052886 0.196645
-0.256575 0.0788247 0.201613
-0.627011 -0.154891 0.326224
-0.884778 -0.0488093 0.57527
-0.924357 -0.0556162 0.598464
-0.285646 0.0558269 0.247484
-0.613426 -0.0215222 0.229213
-0.802785 0.0195023 0.424066
-0.79735 -0.00648656 0.529066
-0.618727 -0.0257461 0.73458
-0.299762 0.0497024 0.270748
-0.29791 0.0536319 0.308544
-0.766689 -0.178151 0.414181
-0.296565 0.0467045 0.26334
-0.534824 -0.0297538 0.517844
-0.663564 -0.0351395 0.655487
-0.686934 0.0121178 0.94932
-0.0690199 0.0377758 0.16781
-0.265642 0.0860302 0.23986
-0.0296287 0.0659606 0.178166
-0.0136958 0.0937774 0.22599
-0.0415488 0.0276843 0.205076
-0.184668 0.11882 0.243749
-0.157436 0.109458 0.167866
-0.0410143 0.0918331 0.198851
-0.0842401 0.0978089 0.197385
0.00337785 0.0838901 0.188223
-0.15844 0.110083 0.169919
-0.0792627 0.0689661 0.183215
-0.0108815 0.0823031 0.193172
-0.109319 0.0975437 0.169638
-0.0399348 0.0845495 0.158576
-0.140537 0.0986988 0.163093
-0.112657 0.100709 0.177573
-0.0519897 0.0902824 0.193369
-0.226855 0.0670629 0.175319
0.000421693 0.0744794 0.162399
0.000283748 0.0687319 0.191388
-0.0807336 0.102627 0.196429
-0.0409229 0.101507 0.196602
-0.0129295 0.0742987 0.172995
-0.138851 0.0981236 0.163041
-0.133532 0.0585304 0.157059
-0.0405908 0.093478 0.178725
-0.0606853 0.0801289 0.166866
-0.0124844 0.057096 0.184402
-0.1685 0.119211 0.186931
-0.0501339 0.0861604 0.183994
0.00651471 0.0751378 0.151941
-0.12543 0.0952089 0.227075
-0.0499584 0.0856124 0.182722
-0.0521503 0.0994707 0.201205
-0.082266 0.0859282 0.196534
-0.13379 0.0628867 0.173
-0.125601 0.10094 0.154282
-0.140765 0.071946 0.165405
-0.0898336 0.101313 0.144871
-0.3473 0.0148595 0.2791
-0.58351 -0.235012 0.590544
-0.755356 -0.185331 0.666293
-0.318315 0.202378 0.813782
-0.0898142 0.198451 0.800263
-0.066562 0.195116 0.822601
-0.518961 -0.182641 0.562214
-0.375882 0.0906262 0.263217
-0.29601 0.0549056 0.163145
-0.308989 0.102543 0.252033
-0.287563 0.0509077 0.294402
-0.577263 -0.168699 0.634386
-0.280077 0.0544364 0.240575
-0.53329 -0.186403 0.578973
-0.488118 0.130286 0.655218
-0.548291 0.152499 0.749456
-0.540681 0.148068 0.735774
-0.36763 0.0172705 0.261971
-0.458631 0.0146183 0.340703
-0.345862 0.0554318 0.176557
-0.270741 0.0767433 0.298619
-0.457025 -0.0835721 0.477906
-0.356041 0.0177745 0.28851
-0.384372 0.0559815 0.200368
-0.250508 0.0809186 0.224139
-0.350901 0.0623453 0.222476
-0.33881 0.0194544 0.264428
-0.0428864 0.035387 0.180761
-0.674749 -0.274214 0.951466
-0.0265644 0.0268937 0.181987
-0.0909705 0.0281017 0.183186
-0.085123 0.0490472 0.171862
-0.214533 0.0770464 0.282861
-0.286456 0.0513785 0.291489
-0.248083 0.0744369 0.247211
-0.132075 0.104217 0.793522
-0.38274 0.0629786 0.953962
-0.191999 0.101746 0.256202
-0.257207 0.0767879 0.269101
-0.241927 0.0736118 0.309313
-0.102639 -0.0262251 0.799052
-0.0863096 0.0287201 0.165866
-0.168238 0.106782 0.289885
-0.275287 0.0523974 0.232933
-0.365686 0.0315404 0.256564
-0.285298 0.0677745 0.208086
-0.330449 0.0496462 0.232417
-0.22387 0.0848517 0.250372
-0.358223 0.0314944 0.249805
-0.312336 0.00246907 0.226837
-0.326909 0.0496508 0.23139
-0.368109 -0.00372733 0.246951
-0.290676 0.0115996 0.195424
-0.312619 0.0272368 0.294233
-0.169655 0.0819127 0.293645
-0.305989 0.0593707 0.235774
-0.278674 0.0464425 0.268948
-0.359285 0.010848 0.268358
-0.222456 0.0845413 0.250073
-0.438628 0.109468 0.5727
-0.39265 0.053134 0.245085
-0.298698 0.0715702 0.196424
-0.339911 0.0204957 0.265537
-0.266184 0.100475 0.289946
-0.188696 0.181723 0.808756
-0.0690345 0.0379781 0.172728
-0.07128 0.133819 0.576481
-0.0762131 0.0212371 0.170928
-0.248776 0.0669183 0.298514
-0.0769312 0.0285716 0.17403
-0.164464 0.0957774 0.287295
-0.0907446 0.0609953 0.170839
-0.16665 0.0924234 0.290126
-0.285144 0.0503996 0.290299
-0.287066 0.0659071 0.295686
-0.0546802 0.0286141 0.177397
-0.213812 0.0610164 0.299391
-0.64238 -0.0730979 1.00039
-0.332651 0.0452788 0.861854
0.0475259 0.16363 0.48185
0.118436 -0.184587 1.80226
-0.0179003 0.0301247 0.18222
0.602588 0.113394 1.21849
0.380839 0.111195 0.512386
0.0716898 0.0814175 0.160878
0.0308726 0.0192008 0.0533421
0.0779335 0.0950606 0.237124
-0.0192827 0.0348983 0.154862
-0.0400604 0.0240313 0.176689
-0.0103725 0.0812098 0.190727
0.611415 0.0281495 1.02955
-0.0328935 0.0223033 0.177875
0.00427454 0.0547377 0.183534
-0.196702 0.0805569 0.262578
-0.052608 0.0238971 0.177064
0.0663463 0.0629222 0.136013
0.0706929 0.0614439 0.15917
0.0204767 0.0568659 0.133264
-0.0361583 0.0588668 0.177662
0.02064 0.0570608 0.133825
-0.0771183 0.0417875 0.171132
0.133557 0.0854358 0.233195
0.113205 0.0690329 0.129519
-0.0296781 0.050419 0.182707
-0.0245115 0.0459606 0.182965
0.801683 -0.184115 0.896056
0.543815 -0.133901 0.554905
0.789361 -0.185647 0.882479
0.68464 -0.164985 0.76689
-0.162745 0.121924 0.351772
-0.0802246 0.0592955 0.213061
-0.20441 0.0801455 0.30976
-0.252441 0.0739395 0.238309
-0.344097 0.0563514 0.215914
-0.375052 -0.000487423 0.267808
-0.174141 0.00537759 0.0601075
-0.25518 0.0751973 0.242293
-0.17654 0.0708893 0.264237
-0.295674 0.0695914 0.193738
-0.328463 0.00160692 0.267093
-0.250678 0.0746126 0.202126
0.00281485 0.0561357 0.18453
0.00416569 0.0580219 0.191523
0.00120885 0.0762826 0.177451
-0.0412354 0.0889123 0.193159
-0.119708 0.0794268 0.148435
-0.08778 0.0944911 0.168673
-0.11131 0.0997086 0.175275
0.00139379 0.047622 0.184273
-0.109707 0.0783033 0.150761
-0.10753 0.094634 0.164182
-0.0404683 0.0249374 0.188486
-0.1824 0.101513 0.244528
-0.0115258 0.0364606 0.184025
-0.284671 0.0552739 0.2438
-0.380643 0.0600769 0.240958
-0.197971 0.0816429 0.266447
-0.234388 0.0700566 0.297077
-0.345336 -0.0131335 0.231861
-0.612377 0.0114907 0.51572
-0.391314 0.166928 0.813606
-0.117751 -0.0174008 0.829524
-0.00748953 0.0517207 0.185536
-0.339635 0.0653224 0.216837
-0.319504 0.0718173 0.213418
-0.0140416 0.0557312 0.185944
-0.165187 0.120677 0.537369
-0.225175 0.189194 0.775792
-0.219869 0.149499 0.785422
-0.290336 0.0848045 0.319251
-0.409859 -0.00984818 0.288506
-0.204029 0.0867539 0.263779
-0.329595 0.0506563 0.224719
-0.261503 0.0899544 0.233076
-0.310638 0.0454748 0.252725
-0.242482 0.0755661 0.242643
-0.232746 0.0702218 0.22658
-0.361968 -0.00181588 0.254395
-0.226241 0.0866655 0.254849
-0.329142 0.0460775 0.233104
-0.326313 -0.115692 0.971833
-0.497632 -0.0835574 0.85879
-0.289412 0.200124 0.840276
-0.11162 0.075211 0.180012
-0.241416 0.0703819 0.273161
-0.0593669 0.0795224 0.181326
-0.274126 0.0506019 0.14596
-0.36982 -0.00155767 0.256732
-0.209247 0.0894857 0.263398
-0.312028 -0.00640202 0.23491
0.361114 0.142936 0.448358
-0.0594306 -0.0984813 0.842263
-0.0598263 0.0297431 0.176762
0.421391 0.186457 0.845337
0.174506 0.0192767 0.58232
-0.0567455 0.0350563 0.178071
-0.0476637 -0.149106 0.678147
-0.0231625 0.0453355 0.153207
-0.107417 0.104145 0.143752
-0.10952 0.100689 0.147711
0.00510379 0.0798294 0.164612
0.460821 -0.088138 0.890059
-0.0837308 0.0389984 0.17181
-0.526078 -0.179504 1.10127
-0.882023 -0.0525105 0.568623
-0.857337 -0.195979 0.469554
-0.308758 0.0511783 0.278734
-0.668064 -0.00334624 0.254633
-0.753576 0.0616973 0.76132
-0.774191 0.134129 0.398006
-0.7598 -0.12844 0.490035
-0.800574 -0.131649 0.516788
-0.604308 -0.179587 0.253901
-0.831712 -0.135891 0.540167
-0.358049 0.0342952 0.280438
-0.619625 -0.18393 0.26212
-0.952196 -0.0499539 0.534827
-0.787033 -0.0438264 0.414573
-0.522104 0.0789016 0.200668
-0.213453 0.0939491 0.22979
-0.873967 -0.199497 0.481158
-0.806056 0.149475 0.34
-0.632945 -0.187454 0.268796
-0.30561 0.0727142 0.202671
-0.28284 0.063573 0.183064
-0.769872 0.132965 0.395032
-0.0660457 0.0264075 0.170166
-0.230996 0.047493 0.0789658
-0.0775239 0.0439046 0.175642
-0.224665 0.0447986 0.0751338
-0.787662 -0.13172 0.511224
-0.254009 0.0938498 0.256666
-0.849727 -0.13698 0.474127
-0.660855 -0.0508562 0.66266
-0.264955 0.0689711 0.12598
-0.272671 0.0816132 0.212149
-0.40268 0.00512576 0.323184
-0.079469 0.048165 0.175384
-0.266281 0.0692139 0.126536
-0.268321 0.070083 0.127932
-0.300674 0.05639 0.231881
-0.0354612 0.0582107 0.193695
-0.17657 0.11645 0.234172
-0.254176 0.093845 0.199227
-0.234072 0.0488822 0.081643
-0.384719 0.037347 0.357185
-0.279297 0.0554062 0.162985
-0.354436 0.06186 0.853772
-0.405312 -0.0778093 0.408386
-0.628827 -0.0115588 0.261203
-0.27204 0.0785936 0.196562
-0.277658 0.0865462 0.20553
-0.258803 0.0874633 0.231607
-0.261333 0.0722275 0.141667
-0.234373 0.0481408 0.0821903
-0.878126 -0.139056 0.561263
-0.898401 -0.152525 0.491448
-0.694621 0.116683 0.352434
-0.730022 0.0151009 0.379062
-0.818161 0.14432 0.423956
-0.683138 -0.00248339 0.260745
-0.251909 0.0689602 0.303535
-0.724073 0.0142372 0.374125
-1.00394 -0.0623355 0.653458
-0.898271 -0.037958 0.48328
-0.712473 -0.171749 0.471995
-0.625579 -0.0767265 0.654297
-0.863356 -0.136962 0.500741
-0.61643 -0.0114856 0.254438
-0.816494 -0.137935 0.44074
-0.75405 0.0166311 0.392674
-0.779294 0.00720051 0.541758
-0.804378 -0.0867193 0.428073
-0.595375 0.0348145 0.582557
-0.320302 0.0103153 0.276175
-0.833751 -0.141898 0.452034
-0.617054 -0.0366936 0.606672
-0.254917 0.0701203 0.141103
-0.910198 0.020812 0.940726
-0.736888 -0.0714475 0.75875
-0.695569 -0.0360957 0.691184
-0.344293 0.0115113 0.252107
-0.707522 -0.00736939 0.300987
-0.525966 -0.00800956 0.886737
-0.702811 0.0203458 1.01752
-0.274957 0.0525929 0.148402
-0.296705 0.0686712 0.216697
0.640392 0.120208 1.30673
0.0366859 0.0580362 0.186228
-0.147344 0.117385 0.801157
0.283804 -0.0186717 0.549226
0.574605 0.0165689 0.957584
0.364689 0.0814677 0.432972
0.074391 0.0597322 0.175036
-0.066102 0.0628533 0.0940182
0.034082 0.0846493 0.175579
-0.011309 0.0846342 0.128466
-0.104262 0.0700738 0.217077
-0.0716286 0.0706145 0.109585
0.0559671 0.0672033 0.123213
0.0381526 0.059914 0.188314
0.0508128 0.0675197 0.118934
0.0748451 0.0591974 0.173469
-0.00538694 0.0453429 0.0774702
-0.0403738 0.0936727 0.123031
-0.046876 0.0884907 0.101078
0.050441 0.0623344 0.112264
0.00986215 0.0831423 0.106465
0.10651 0.0897506 0.19804
-0.0517996 0.107964 0.134006
0.0671989 0.063048 0.113244
-0.0503622 0.101306 0.123476
0.0318887 0.0837692 0.172614
-0.0293086 0.0919904 0.113944
0.0691256 0.0849046 0.156929
-0.006999 0.104194 0.149788
0.0686482 0.0847399 0.156151
0.0412519 0.10133 0.206236
-0.096633 0.0841656 0.140003
-0.111709 0.100257 0.176169
0.0229857 0.0954525 0.159627
-0.107678 0.0764194 0.146557
-0.0015844 0.0898806 0.141306
-0.023181 0.100637 0.180316
-0.0130767 0.0762595 0.178907
0.030241 0.0955084 0.156477
0.0466433 0.133724 0.25524
-0.169274 0.0808966 0.295557
-0.0409084 0.107747 0.21105
0.00778404 0.097358 0.151545
-0.0743014 0.0912047 0.128204
-0.010387 0.0915211 0.142762
-0.0383849 0.112891 0.181163
-0.0572045 0.100589 0.141585
0.0256088 0.095105 0.177727
-0.0400899 0.0908792 0.118134
-0.0762608 0.0771654 0.172486
-0.0288608 0.102787 0.152628
-0.0106819 0.102504 0.214734
-0.111458 0.0804483 0.155346
0.0404781 0.0866795 0.163876
-0.0931841 0.0932779 0.180302
-0.0686695 0.0912844 0.104723
-0.00978413 0.106153 0.223563
0.0325117 0.085816 0.175663
0.0217723 0.14474 1.32895
-0.559357 -0.168072 0.61219
-1.17738 0.0643833 1.0444
-0.558956 -0.167509 0.608157
-0.286807 0.0479259 0.276232
-0.503526 0.176305 0.861704
-0.209001 0.0709084 0.275828
-0.0642941 -0.119188 0.915979
0.0149432 -0.204126 1.21447
-0.238314 0.0676096 0.301213
-0.0183908 0.0467891 0.183733
-0.0497979 0.0352981 0.179502
-0.265518 0.0545839 0.124845
-0.23851 0.0885709 0.172296
-0.257206 0.0704263 0.136572
-0.262229 0.0879903 0.241159
-0.122514 0.0741602 0.158262
-0.255611 0.0476952 0.0914214
-0.270385 0.0641988 0.146958
-0.0781176 0.0678342 0.175576
-0.214841 0.0963033 0.235497
-0.81177 -0.12714 0.742777
-0.377253 0.0548291 0.222387
-0.239506 0.107912 0.161795
-0.22049 0.109245 0.282835
-0.25958 0.0715534 0.140255
-0.34235 0.0553155 0.236592
-0.931558 -0.0502931 0.520211
-0.924558 -0.145302 0.604103
-0.386368 0.054319 0.226237
0.677475 -0.0690869 1.52586
-0.0498164 0.0717779 0.383408
0.133366 0.250391 0.634399
-0.00753702 0.05661 0.190631
-0.0295273 0.0566156 0.18464
0.063049 0.0784912 0.144747
0.0774498 0.0617627 0.172594
-0.0301431 0.0688647 0.183761
-0.0694993 0.11366 0.209255
0.0847506 0.0588982 0.168818
0.433654 0.0956331 0.505238
0.00428356 0.0561746 0.188279
0.196131 -0.0224786 0.232647
0.154489 -0.00485145 0.180112
0.260171 0.171144 0.463067
0.10651 -0.00533034 0.104215
0.343604 0.147914 0.466473
0.364007 0.0635557 0.451626
0.237409 -0.0212775 0.287134
0.304144 0.133334 0.430829
0.351785 0.0580939 0.688945
0.414689 -0.17025 1.34998
-0.0591353 -0.329696 1.00116
0.00534228 -0.0267973 -0.00699969
0.182041 0.201466 0.78903
-0.179464 0.0775115 0.278939
-0.0549303 -0.21719 0.806035
-0.109405 0.0620266 0.151996
-0.14878 0.0786021 0.18164
-0.106748 0.075262 0.143566
-0.305172 0.103796 0.553791
-0.0216764 0.052143 0.190421
-0.823081 0.0482842 0.997431
-0.0520707 0.0248794 0.180409
-0.0775053 0.080554 0.179379
0.393474 0.0900792 0.46435
0.746635 0.158001 1.00384
0.0843169 0.0587874 0.168447
-0.421983 0.133991 1.0594
0.0565059 0.0726979 0.171082
-0.00575996 0.0490021 0.158144
0.207177 -0.0212413 0.24693
0.216673 -0.0197596 0.259999
-0.0615794 0.0298544 0.178566
-0.18274 0.0656189 0.887403
0.00523588 0.0274875 0.182778
-0.0222618 0.0266092 0.182497
-0.0132106 0.0370978 0.182091
0.575858 -0.0367381 1.11313
0.0435546 0.0950406 0.231003
0.36358 -0.0127087 1.04325
-0.32764 0.0502193 0.269041
-0.48708 0.0191284 0.668036
0.56143 -0.0211148 1.13534
-0.0650639 0.029079 0.176686
0.349062 0.0976744 0.575326
-0.021178 0.0482905 0.183344
-0.0301734 0.0790599 0.184718
-0.0966055 0.100053 0.148651
-0.066175 0.035882 0.176765
-0.076267 0.0691826 0.391707
0.0710471 0.0453142 0.119785
-0.0316523 0.0473293 0.286676
-0.12554 0.0960507 0.883796
0.613583 -0.147249 0.639427
0.48981 0.131695 0.813832
0.578849 0.028708 0.970993
-0.0420542 -0.144786 0.896949
0.113705 -0.172044 1.61522
0.551765 -0.138662 0.615391
0.0661771 -0.0299093 0.106224
0.378776 0.144063 0.431943
0.532435 0.289926 0.992707
-0.0881333 0.0497907 0.173885
-0.000393098 0.0468937 0.188497
-0.0372912 0.0587832 0.187834
-0.0259807 0.0232696 0.166771
-0.101444 0.0654889 0.525567
0.566334 -0.276067 0.913778
-0.215293 -0.314329 0.966875
-0.0225724 0.0263794 0.180484
0.0475256 0.0598708 0.105983
0.0264818 0.102469 0.174835
0.00644094 0.102276 0.227204
0.00725445 0.0810425 0.168063
-0.000203896 0.0606882 0.117438
0.00239472 0.0988777 0.181355
0.0503928 0.0885093 0.163281
0.0705145 0.0946773 0.174124
0.0657783 0.0943175 0.172451
-0.0100227 0.0633908 0.179844
0.0330353 0.0848677 0.174065
-0.0159853 0.103619 0.184374
-0.105597 0.101056 0.21231
-0.00627101 0.0905059 0.14701
-0.00271669 0.0854076 0.132991
-0.0186198 0.0911824 0.149436
0.0329314 0.109537 0.210102
-0.0481955 0.0789932 0.182514
0.287027 0.206099 1.22122
0.00132098 0.0334164 0.180634
-0.077557 0.0290486 0.167709
0.512223 0.267593 1.374
-0.0119648 0.0322344 0.18257
-0.514749 0.185852 0.89029
-0.216818 0.181335 0.744536
-0.416442 0.0863588 0.88565
0.00832708 0.0364216 0.183938
-0.214145 0.0862312 0.217736
-0.243843 0.0929637 0.200964
-0.219141 0.0885069 0.284309
-0.260838 0.098156 0.28425
-0.0796681 0.0446047 0.173698
-0.253272 0.0775824 0.284602
-0.265943 0.0842349 0.309919
-0.184203 0.112633 0.255105
-0.281913 0.0897397 0.212602
-0.230862 0.111725 0.181535
-0.00260368 0.0282858 0.192909
-0.0808533 0.032026 0.175459
-0.268758 0.0812698 0.227843
-0.0353409 0.042983 0.182416
-0.263248 0.0808734 0.227162
-0.192939 0.0809938 0.264102
-0.0853592 0.040518 0.171416
-0.174335 0.10387 0.317273
-0.33139 0.181229 0.889426
-0.317713 0.0947599 0.870704
0.00371519 0.0583959 0.195371
0.0228779 -0.0813603 0.187652
-0.0207262 0.0511071 0.197916
-0.189007 0.0840278 0.362754
0.0048704 0.0792799 0.163734
0.468525 -0.0529113 1.04601
-0.126691 0.0596876 0.162482
-0.0570777 0.0331797 0.198418
-0.0896244 0.0500081 0.185076
-0.0784221 0.0805659 0.181352
-0.0477301 0.0324964 0.241421
-0.116768 0.0614932 0.151316
-0.206886 0.101845 0.224331
-0.0652675 0.0278951 0.111941
-0.0324211 0.0336195 0.179774
-0.0863361 0.0480285 0.274616
0.499957 -0.00825875 0.854806
-0.0147819 0.0972796 1.48789
0.369119 -0.250219 0.840669
-0.0182539 0.0322401 0.181999
0.171814 0.114435 1.40592
-0.287779 0.0583809 0.137888
-0.308553 0.0569026 0.16865
-0.259194 0.0733817 0.149642
-0.0337082 0.0252817 0.191991
-0.0809299 0.048764 0.172537
-0.0115406 0.0736272 0.200896
-0.104015 0.0825107 0.202604
-0.0512034 0.0443974 0.149043
0.0637633 0.0456867 0.112648
0.0580439 0.04815 0.108784
-0.027673 0.0431873 0.183107
-0.0323152 0.0209114 0.168463
-0.0364047 0.0550605 0.183933
0.0862627 0.0560748 1.10387
-0.0901807 0.0506605 0.175628
-0.0314257 0.0348896 0.183315
-0.00187893 0.0582577 0.198866
-0.026484 0.0260132 0.189796
0.05074 0.0682496 0.167746
0.592086 -0.0998152 0.989415
0.310333 0.106198 0.544702
-0.0887535 0.0426047 0.17065
-0.292246 0.0921775 0.464198
0.376541 0.102006 0.62546
0.137918 0.0463563 0.247266
-0.0905887 0.0622663 0.170731
0.091767 0.062724 0.159187
0.146475 0.200972 1.22788
0.087407 0.059093 0.150914
0.572958 -0.0977159 0.963926
0.0335537 0.0726995 0.187941
-0.188213 0.0711638 0.279929
-0.114986 0.0570043 0.151231
-0.33296 0.205663 0.835192
-0.0296567 0.0530913 0.183824
-0.130368 0.0603005 0.163989
-0.192645 0.0963666 0.244027
0.00196952 0.0791312 0.185778
-0.0300095 0.0787987 0.183525
0.00421507 0.0813247 0.180305
-0.0262373 0.0628701 0.203469
0.716311 -0.158167 0.773603
-0.37696 0.184492 0.821388
-0.0116465 0.0353994 0.181075
0.236153 0.210113 0.757446
0.305103 0.092739 0.455661
0.314126 -0.228914 0.762053
0.403314 -0.128152 1.04027
-0.191069 0.17097 1.0092
0.834846 0.00897035 1.64143
0.299633 -0.0338027 0.573063
0.021342 0.111593 0.900477
-0.0369295 0.0235004 0.178324
0.0072138 0.0397911 0.175231
-0.0257002 0.07853 0.184196
0.699831 -0.100055 1.29051
-0.0180499 0.0324466 0.184916
0.582113 -0.095874 0.977703
-0.0220992 0.0487282 0.163054
0.719072 0.0898776 1.53584
-0.0639289 0.080092 0.182347
0.400305 0.218107 1.20976
0.111325 0.0684498 0.127423
0.0320203 -0.185555 1.14443
0.406963 0.0534278 1.02279
-0.0776666 0.0759761 0.224367
-0.030334 0.0329313 0.181432
-0.217518 0.0866018 0.281519
-0.089074 0.0452097 0.168455
-0.0907507 0.0795693 0.174459
0.390966 0.117313 0.680081
0.311727 0.211387 1.24035
-0.688553 -0.125482 1.00195
-0.0877944 0.031239 0.171979
-0.40497 0.0699931 0.953807
0.516423 -0.276416 1.09924
-0.0635662 0.0297882 0.177278
-0.014394 0.0444436 0.247892
0.376018 0.180214 0.488069
-0.0916713 0.0668472 0.162771
-0.0990435 0.0672277 0.200863
-0.321436 0.0402987 0.978516
-0.89731 -0.0221753 1.17383
-0.753433 -0.131114 0.878178
-0.9702 0.133799 1.18534
0.109554 -0.0417806 1.46662
-0.187428 0.0716562 0.266251
-0.234954 0.0830609 0.182225
-0.24732 0.0694188 0.365865
-0.0622999 0.053278 0.170819
-0.210191 0.114746 0.214602
-0.268484 0.0543737 0.244511
-0.0894753 0.0439017 0.167035
-0.0732486 0.0571678 0.172868
-0.493219 -0.0219557 1.08356
0.575641 -0.15036 0.637915
-0.00705134 0.0358445 0.180613
-0.0981945 0.0781395 0.187915
-0.0230017 0.0480123 0.160606
-0.0648763 0.0466003 0.181044
-0.0608435 0.0481325 0.148987
-0.0787543 0.0859281 0.2301
-0.328457 0.179081 0.881467
-0.062687 0.0666832 0.184362
-0.527134 -0.0258454 0.908592
-0.0877488 0.0455979 0.170957
-0.275677 -0.2963 0.922887
-0.00796067 0.0404605 0.183995
-0.0637832 0.0295184 0.17628
-0.0316969 0.0346214 0.184382
0.0751506 0.0456055 0.129558
-0.00498547 0.0536829 0.1822
-0.00857288 0.0524794 0.191952
0.433783 -0.0979865 1.01265
-0.0223999 0.057207 0.183721
0.752748 -0.0163418 1.28678
0.473224 0.106797 0.553391
-0.12745 0.0618834 0.146715
-0.217982 0.0797354 0.289367
-0.0804553 0.0396756 0.172781
-0.235592 0.0702543 0.302032
-0.213388 0.092653 0.219138
-0.787565 -0.143949 0.901536
-0.343029 0.148226 0.791786
-0.921452 0.121626 1.12199
-0.397531 0.125591 0.835647
-0.242185 0.0894503 0.285872
-0.115372 0.0589411 0.160023
-0.24665 0.0734868 0.317705
0.101488 0.136503 0.865388
-0.188287 0.0938302 0.240748
-0.0770241 0.0622946 0.165492
-0.117111 0.0585731 0.158535
-0.0278285 0.048419 0.183013
-0.276649 0.0724754 0.312728
-0.118328 0.0719831 0.145536
-0.117114 0.0623288 0.153151
-0.124569 0.058077 0.160214
-0.103211 0.0831489 0.203751
-0.214687 0.085223 0.235176
-0.994073 0.0710816 1.03836
-0.810914 -0.138754 0.958298
-0.746794 -0.138442 0.85338
-0.242749 0.0828427 0.250239
-0.0407791 0.0380776 0.291003
0.0409761 0.0608286 0.195815
0.570862 -0.361966 1.32229
0.962183 0.153066 1.04271
0.384201 -0.0437413 0.485502
-0.301441 0.0900027 0.809433
0.497029 -0.156634 0.513618
-0.0413831 0.0275695 0.179447
0.0415233 0.0807782 0.232789
0.0665457 0.0924973 0.693187
0.73941 -0.178781 0.820259
0.643173 -0.150624 0.691316
0.709137 -0.165868 0.790486
0.00450557 0.081993 0.180284
0.589497 -0.151933 0.656928
0.0842005 0.0926181 0.183924
0.756265 -0.163998 0.826911
-0.0403412 0.0380559 0.128934
-0.0300768 0.0712584 0.164117
-0.0508277 0.0462286 0.141795
-0.0630932 0.0412115 0.162168
-0.0488995 0.0445318 0.117192
-0.0413817 0.0434813 0.138571
-0.0618071 0.0417731 0.159968
-0.0507382 0.0460329 0.139365
-0.0626543 0.040917 0.160469
-0.057399 0.0490414 0.146944
-0.02744 0.0576873 0.165141
-0.0645433 0.0431978 0.172157
-0.0435901 0.0786731 0.182078
0.0931044 0.0394479 0.0986991
-0.0780132 0.0315819 0.172819
-0.0633072 0.0789241 0.179971
0.0947627 0.0360817 0.0975843
0.0909789 0.0572924 0.160523
-0.0170394 0.0786346 0.183874
0.379179 0.0725697 0.469689
0.123255 0.0343078 0.211883
-0.0301241 0.0504419 0.181707
-0.0363192 0.0250736 0.190137
-0.057683 -0.169921 0.811864
0.388477 -0.25773 0.883597
0.0452682 0.0718432 0.54
-0.0852572 0.0333996 0.169543
0.125218 0.0993835 1.44138
-0.249464 0.0876083 0.229682
-0.090483 0.046721 0.17295
-0.287625 0.0516558 0.328283
-0.0775559 0.0424804 0.172669
-0.249499 0.0671423 0.299638
-0.271952 0.0422872 0.855028
-0.171979 0.0839306 0.329739
-0.306944 0.186605 0.866816
-0.236773 0.0816671 0.276477
-0.759528 -0.0365437 0.860993
-0.21381 0.156791 0.747772
-0.108421 0.0102806 0.135573
-0.25038 0.0802984 0.154836
-0.604127 -0.0225219 0.958093
-0.249479 0.0892219 0.186489
-0.268252 0.0674434 0.271964
-0.261946 0.0656937 0.155396
-0.266122 0.0569184 0.121006
-0.0932863 0.212009 0.806533
-0.379381 0.0698061 0.868386
0.00154588 0.207466 1.35191
-0.509758 0.170604 1.00662
-0.32941 0.0226191 0.264826
-0.300128 0.096963 0.212661
-0.256621 0.094072 0.154077
-0.26808 0.0883358 0.194826
-0.352473 0.0475854 0.205416
-0.150849 0.0782351 0.299466
-0.0358031 0.0687589 0.185637
-0.209246 0.107121 0.843539
-0.078617 0.0324269 0.171417
-0.194977 0.0870273 0.257923
-0.820335 0.00938525 1.15518
-0.488368 0.132088 0.740681
-0.982001 0.0898888 1.3968
-0.0579487 0.0365832 0.176631
-0.110792 0.0623012 0.151727
-0.519318 0.130321 0.883422
0.663734 0.0872682 1.6827
-0.0201408 0.0864421 0.18881
0.626527 -0.0659998 1.4081
0.415409 0.056006 1.06564
-0.0553433 0.0415264 0.120883
0.114706 0.0744372 0.123983
0.012244 0.0429971 0.19121
0.0326918 0.0561578 0.343978
0.0507541 0.0882656 0.163195
0.114058 0.0803355 0.122845
0.000321536 0.0853597 0.187118
-0.0119473 0.0639047 0.175401
0.0345556 0.083615 0.19261
-0.00561469 0.0681355 0.210614
0.376633 0.097427 0.449478
0.092059 0.058188 0.162387
-0.0569881 0.0406063 0.124665
-0.048167 0.080098 0.184417
-0.139618 0.0509409 0.809725
-0.00996529 0.0568195 0.178648
-0.0272261 0.0602593 0.172706
-0.0549421 0.04203 0.194604
-0.0206255 0.0518473 0.196751
-0.0508062 0.0496962 0.133171
-0.0107451 0.0813767 0.193095
0.00365724 0.0732473 0.189965
-0.0189054 0.0709959 0.164491
-0.0566462 0.0434797 0.163052
0.055696 0.0729215 0.178064
-0.364245 0.0970594 0.951611
-0.0902496 0.0612579 0.170725
-0.0820197 0.0360018 0.185797
0.0330877 0.0868988 0.177901
-0.0124791 0.0375421 0.185336
0.385944 -0.0447342 1.24171
0.374369 -0.0419989 0.472649
0.416467 0.082514 0.515405
-0.247192 0.0621223 0.336072
-0.177415 0.132972 0.819247
-0.252941 0.0827138 0.206821
-0.712737 0.0164281 0.802073
-0.203035 0.107135 0.203849
-0.0502571 0.0400369 0.164397
-0.214015 0.106878 0.186916
-0.544073 0.0296685 0.901101
-1.02948 -0.122067 1.32576
-0.0859286 0.0397197 0.173803
-0.261921 0.102523 0.293669
-0.460462 0.205635 0.953175
-0.0206736 0.0292692 0.175467
-0.21744 0.0884162 0.225898
0.00192148 0.0302479 0.181391
-0.276248 0.179085 0.784847
-0.192379 0.074466 0.282859
-0.255936 0.0888244 0.213721
-0.256094 0.093947 0.1816
-0.25501 0.0787568 0.267067
-0.298814 0.0535551 0.305076
-0.510217 0.0478238 0.575922
-0.848254 0.0640629 0.991998
-0.71818 -0.000871457 1.01594
-0.139174 0.0487393 0.101258
-0.258335 0.0768287 0.307074
0.00295863 0.204261 1.33634
-0.587154 0.1398 0.861941
-0.713358 0.0452282 0.814624
-0.00612969 0.0359923 0.184735
-0.189133 0.078414 0.259404
-0.256737 0.0761484 0.304541
0.0634671 0.0708196 0.173856
-0.194351 0.119091 0.238433
-0.413505 0.0839129 0.878116
0.380846 0.193196 1.02032
-0.30236 0.0549829 0.350074
-0.055825 -0.201403 0.840877
0.661988 -0.118373 1.28992
-0.260422 0.193274 0.85755
-0.675229 0.190047 1.00031
-0.568547 0.166957 0.880377
-0.77761 -0.134179 0.912306
-0.263585 0.174502 0.750995
-0.589917 0.0868307 0.954018
-0.738982 -0.0182587 0.951702
-0.946274 0.0828972 1.17828
-0.892368 0.0930011 0.955129
0.348666 0.183898 0.940706
-0.266028 0.0602088 0.29789
-0.243002 0.0943215 0.261261
-0.245209 0.0910201 0.227599
-0.213151 0.0930578 0.228089
-0.274343 0.109122 0.308365
-0.550441 0.195575 0.938088
-0.26077 0.0959436 0.240502
-0.0350879 0.0723203 0.192593
-0.511365 -0.0867221 0.888349
-0.291167 0.0604621 0.300655
-0.221868 0.0722656 0.212669
-0.0271165 0.0665949 0.182837
-0.190028 0.0901197 0.261561
-0.0840815 0.0359571 0.168045
-0.261664 0.072896 0.689044
-0.064063 0.0268888 0.169984
-0.236352 0.0764321 0.295461
-1.00603 0.197228 1.30611
0.379669 -0.203769 1.2724
-0.11607 -0.0278767 0.8474
-0.388226 -0.0403651 0.811931
-0.0934949 0.0491695 0.170784
0.492722 0.219754 0.990888
0.318042 -0.106371 1.26846
-0.167559 0.0960534 0.297755
0.455487 0.0929489 1.00246
-0.463733 0.175542 0.913513
-0.18678 0.0675713 0.844718
-0.165392 0.0974046 0.287622
-0.2662 0.0627167 0.267971
-0.118084 0.0719048 0.151649
-0.0880896 0.0315015 0.170476
-0.257366 0.0744848 0.251014
0.367983 0.211287 1.22383
-0.396187 0.126939 0.831691
-0.181702 0.0823383 0.263678
-0.126893 0.0611685 0.145063
-0.0655646 0.0306537 0.242608
-0.0663082 0.0906549 0.6426
-0.137393 0.0633244 0.167497
-0.199289 0.0814225 0.249757
-0.091898 0.0256117 0.170209
-0.000818125 0.0673035 0.185714
-0.168133 0.0756666 0.311272
-0.211333 0.0757331 0.278975
-0.364196 0.0958456 0.518094
-0.132635 0.0582519 0.156593
-0.124923 0.0587092 0.161944
-0.0865001 0.0307589 0.172993
-0.277399 0.0733621 0.310132
-0.442632 0.125713 0.886698
-0.23385 0.071891 0.289836
-0.0556572 0.0370932 0.178089
0.169006 0.0189916 0.162602
0.0426627 0.0688563 0.18359
-0.0189154 0.0297832 0.196052
-0.230092 0.0951427 0.201898
-0.276881 0.0793739 0.295969
0.100549 -0.163775 1.51488
-0.225079 0.0912722 0.205357
-0.0317101 0.0249629 0.159095
-0.0137277 0.0300769 0.196181
-0.0376453 0.0166581 0.139636
-0.251433 0.0814965 0.220766
-0.591003 -0.00249119 1.01389
-0.471892 -0.0793542 0.909525
-0.324527 0.04451 0.228452
-0.238782 0.0865316 0.18138
0.577181 0.128104 0.676315
0.29827 0.146018 0.484142
-0.0207691 0.0303297 0.182007
0.501173 -0.0600684 1.03066
1.59409 -0.115739 2.90063
-0.254047 -0.106248 0.767732
0.617822 -0.145905 1.04382
0.348861 0.106281 0.505075
-0.0751281 0.0298301 0.174016
0.35213 0.107539 0.509692
0.565759 0.00398275 1.08715
0.179038 0.130621 1.58599
0.0214976 0.201055 1.27887
-0.2031 0.114001 0.277737
-0.311797 0.0420345 0.333032
-1.07797 0.092075 1.0426
-0.361532 0.0376573 0.223622
-0.256919 0.0905525 0.178792
-0.111216 0.00264064 0.0638374
-0.062851 0.0258528 0.174556
-0.246218 0.0745802 0.14855
-0.234122 0.0772559 0.157242
-0.191483 0.109511 0.26274
-0.224024 0.0535337 0.119008
-0.248679 0.0692368 0.247415
-0.0521375 0.0253658 0.181467
-0.241418 0.0884084 0.18368
-0.2729 0.0841061 0.20089
-0.270387 0.0710343 0.129273
-0.156555 0.0258344 0.248959
-0.825757 0.0368635 1.11442
-0.293287 0.377232 1.55797
-0.216238 0.0859429 0.393824
-0.149923 0.169041 0.800298
-0.161041 0.196897 1.13951
-0.242208 0.0773002 0.297951
-0.264445 0.0844708 0.303678
-0.0545359 0.0298123 0.180811
-0.0849162 0.0495599 0.172964
-0.263645 0.0858546 0.199754
-0.083037 0.0328402 0.172281
-0.215796 0.101756 0.779964
-0.0629644 0.0324429 0.171388
-0.0907532 0.0614295 0.17351
-0.049974 0.0511407 0.193381
-0.206308 0.0752081 0.271796
-0.503492 0.0521786 1.09468
-0.174844 0.138974 0.737798
-0.00735848 0.0515216 0.184912
-0.238403 0.0582167 0.33552
-0.448816 0.0791623 0.925569
0.408153 0.0675067 1.33677
-0.608019 -0.0268523 0.966089
0.295835 -0.103064 1.27183
-0.0307549 0.0500159 0.178478
-0.226602 0.0897835 0.218685
-0.00701497 0.0266815 0.185612
0.341142 -0.114816 1.44801
-0.0555846 0.0202436 0.117047
-0.0719654 0.0304425 0.114959
-0.0924357 0.0516019 0.143107
-0.0483131 0.033797 0.217776
-0.234763 0.114227 0.184949
0.3395 0.157204 0.735787
-0.152083 0.172804 0.753001
0.445606 0.0474512 1.03046
-0.178019 0.0751331 0.271909
-0.506897 0.191647 0.881721
-0.21017 0.0663519 0.274015
-0.510106 0.157207 0.778277
-0.615222 -0.0886428 0.974759
-0.217471 0.0819502 0.274553
-0.175257 0.118502 0.307588
-0.22469 0.114353 0.194043
-0.180174 0.0735639 0.259847
-0.125851 0.182834 0.779517
-1.04362 -0.0521274 0.96942
-0.931355 0.114516 1.0168
-0.304949 0.0874798 0.497077
-0.254662 0.0786508 0.181496
-0.161021 0.0527794 0.341599
-0.268454 0.0850298 0.204093
-0.256086 0.07068 0.153855
-0.180329 0.0969584 0.276646
-0.132641 -0.00274366 0.0347724
-0.181126 0.0816062 0.268329
-0.276293 0.0791363 0.303419
-0.882118 -0.107309 0.578567
-0.196015 0.0767096 0.279481
-0.657732 0.226065 1.05415
-0.74144 -0.0429859 0.388903
-0.317863 0.0553427 0.181069
-0.294539 0.0604248 0.215163
-0.266321 0.0296934 0.18721
-1.14914 -0.0435636 1.07068
-0.252175 0.069425 0.141259
-0.188573 0.0895089 0.794479
-0.519299 -0.087391 0.905316
-0.249761 0.070205 0.238525
-0.400066 0.0706154 0.930197
-0.218421 0.167426 0.869452
-0.426037 0.119821 0.882128
-0.358234 0.0462165 0.205973
-0.4257 0.100869 0.826663
-0.372864 -0.00130394 0.258608
-0.198075 0.0675299 0.297141
-0.137296 0.0635784 0.166158
-0.248165 0.0832534 0.204449
-0.58148 -0.00766561 0.929619
-0.945692 0.125148 1.15729
-0.632274 0.0526531 0.855267
-0.087505 0.0486569 0.169654
-0.183545 0.12976 0.82816
0.420786 0.0428945 0.980466
-0.283136 0.0960411 0.204441
-0.25674 0.0826535 0.167472
-0.38207 0.0754381 0.920292
-0.240812 0.0779432 0.304079
-0.155709 0.188722 0.437469
-1.06294 -0.0534685 0.991243
-0.234779 0.0592053 0.133368
-0.128335 0.0917334 0.8195
-0.231846 0.068978 0.293778
-0.261981 0.0706808 0.247451
-0.272289 0.0776441 0.18277
-0.230443 0.0926589 0.254172
-0.345807 0.057025 0.173783
-0.252424 0.0694356 0.153199
-0.22398 0.0943557 0.208587
-0.255013 0.0924776 0.180008
-0.387869 -0.00949756 0.268501
-0.205817 0.206048 0.57322
-0.366057 0.0606518 0.230929
-0.098254 0.0672248 0.204187
-0.657255 0.135426 0.80598
-0.246041 0.0851245 0.168523
-0.391973 -0.0097266 0.272143
-0.268015 0.0885484 0.205627
-0.277922 0.0754262 0.205226
-0.0554321 0.0290923 0.176059
-0.255111 0.07044 0.165304
-0.0656834 0.118167 0.745802
-0.286002 0.0503182 0.215926
-0.813309 0.00605217 0.564608
-0.133811 0.0472929 0.765289
-0.187534 0.129312 0.266669
-0.261533 0.0768145 0.176724
-0.222899 0.0953053 0.243824
-0.238163 0.0852179 0.207245
-0.220092 0.0800263 0.271157
-0.278017 0.074137 0.162144
-0.181352 0.0822839 0.265668
-0.0634187 0.106795 0.801502
-0.83828 0.0664478 0.986842
-0.215249 0.110296 0.853922
-0.606039 0.18256 0.950877
-0.0680695 0.189133 0.80399
-0.348838 0.0415912 0.217758
-0.216281 0.0949684 0.223875
-0.0616072 -0.198376 0.849132
-0.258008 0.087957 0.234256
-0.248233 0.0660906 0.141463
-0.0616456 -0.212795 0.842388
-0.24302 0.0865441 0.1832
-0.241703 0.10695 0.159968
-0.206805 0.0896409 0.269897
-0.970302 0.0750095 1.02444
0.00466409 0.214239 1.39603
-0.328666 0.0485936 0.245752
-0.277 0.0871763 0.207808
-0.332661 -0.108095 0.906662
-0.277825 0.0435802 0.134446
-0.524353 -0.00210487 0.297426
-0.251347 0.0668321 0.200375
-0.136288 0.116835 0.821874
-0.261779 0.0643145 0.15202
-0.0779882 0.0457629 0.206749
-0.201383 0.102208 0.256954
-0.24378 0.0836588 0.169772
-0.244362 0.0923512 0.179256
-0.949749 0.119683 1.03462
-0.26709 0.0703992 0.128214
-0.450709 0.0471592 0.316784
-0.752818 -0.0432012 0.393484
-0.189049 0.0444753 0.283074
-0.363834 0.0691149 0.272218
-0.230851 0.0925199 0.254186
-0.225099 0.0859403 0.287249
-0.263023 0.0682094 0.126165
-0.237152 0.102416 0.15366
-0.305143 0.0307609 0.182244
-0.833715 0.00956357 0.562742
-0.714309 0.0453865 0.816085
-0.27127 0.100485 0.16827
0.568073 -0.186141 2.40612
-0.712468 0.0479086 1.03153
-0.226771 0.0636154 0.296809
-0.189275 0.113892 0.246
-0.486114 0.0358786 0.45361
-0.220356 0.212427 0.587659
0.10475 -0.118853 1.55801
-0.208747 0.062165 0.27834
-0.0806609 0.0319113 0.173109
-0.200784 0.114123 0.228005
-0.242808 0.0882121 0.190429
-0.249727 0.0763554 0.206321
-0.283444 0.0898263 0.248389
-0.116902 0.0490762 0.144985
-0.265672 0.0855451 0.192848
-0.258651 0.0810193 0.23849
-0.184866 0.0996577 0.254052
-0.0248597 0.0346963 0.182108
-0.0243489 0.0408937 0.182845
-0.29371 0.0522368 0.303967
-0.126461 0.0842907 0.813118
-0.000177117 0.216304 1.3937
-0.299949 0.0475943 0.267014
-0.203984 0.0926453 0.248378
-0.175996 0.0661252 0.277057
0.359863 -0.125234 1.69127
-0.404974 0.108808 0.603291
-0.175817 0.0725174 0.265082
-0.0200506 0.0446773 0.183671
-0.200487 0.0623727 0.28498
-0.220734 0.110357 0.188274
-0.0932015 0.0642606 0.172515
-0.204545 0.105632 0.195428
-0.244169 0.0896101 0.289032
-0.264668 0.0527912 0.242654
-0.092062 0.0684277 0.165526
-0.217021 0.0752401 0.289687
-0.548969 0.151467 0.835078
-0.604679 0.164433 0.882795
-0.665652 0.176899 0.921616
-0.230612 0.204077 0.763269
-0.694592 0.0405235 1.01263
-0.176667 0.0845655 0.276072
-0.196477 0.115884 0.240309
-0.259741 0.20921 0.641514
-0.210911 0.147918 0.766126
-0.0558606 0.0373791 0.178675
0.444875 0.202847 0.405268
0.436442 0.200337 0.399898
-0.0559514 0.0346787 0.176875
-0.0548955 0.0292265 0.179204
-0.0551971 0.0288903 0.177124
0.466964 0.0974791 0.393551
-0.170637 0.0743315 0.827914
0.310007 0.174113 0.497406
-0.429994 0.122435 0.875901
-0.209913 0.0635005 0.281407
-0.179774 0.197366 0.786965
-0.0606718 -0.213789 0.861564
-0.915809 -0.108585 1.16756
-0.0860261 0.0498822 0.174208
-0.304799 0.181956 0.775062
-0.518305 0.0839971 0.577774
-0.115352 0.0885699 0.194036
-0.242793 0.0802074 0.290957
-0.251485 0.0780378 0.153669
-0.0333373 0.0313837 0.180931
-0.390112 0.124313 0.991207
-0.285716 0.0985889 0.222372
-0.258829 0.0603735 0.144799
-0.461465 0.0345161 0.344311
-0.803398 -0.008201 0.533336
-0.485378 0.034401 0.452109
-0.282257 0.0979714 0.220115
-0.810565 -0.0372554 0.566801
-0.730596 0.0663932 1.00566
-0.288679 0.0208698 0.27767
-0.292558 0.0466907 0.330868
-0.393889 0.0536117 0.246772
-0.243339 0.0752206 0.148031
-0.130045 0.196318 0.755327
-0.289538 0.0668769 0.211399
-0.246035 0.0752718 0.233597
-0.0714508 0.0409405 0.162209
-0.192703 0.0617973 0.156305
-0.170533 0.0887813 0.217489
-0.00395537 0.034381 0.184659
-1.06496 -0.14512 1.0212
-0.758047 -0.0623987 0.979584
-0.760556 -0.134953 0.861636
-0.836093 -0.0145494 1.1997
-0.248534 0.0499351 0.230406
-0.0545146 0.0716193 0.197667
-0.0662157 0.0263124 0.170094
-0.436785 0.126509 0.932119
-0.380077 0.119302 0.973043
-0.205194 0.0643696 0.288936
0.000677535 0.026851 0.180604
-0.0136476 0.0298416 0.193092
-0.064551 0.083674 0.242093
-0.0702896 0.075432 0.40508
-0.149492 0.0861176 0.235932
-0.0329009 0.0267619 0.181599
-0.657788 0.00652288 0.940686
-0.191252 0.078719 0.261485
-0.944032 0.0836377 1.17749
-0.351715 0.0767299 0.500533
-0.907272 -0.109195 1.1556
-0.262884 0.0926936 0.220179
-0.172313 0.0663016 0.263926
-0.220942 0.141485 0.699661
0.166761 0.170612 1.34806
-0.059224 0.0298666 0.122656
-0.0590058 0.0298706 0.123146
-0.215567 0.110819 0.196423
-0.260397 0.077132 0.312007
0.0024748 0.0420443 0.18493
0.23097 0.201735 0.563293
-0.418888 0.215059 1.06669
-0.593049 0.0864082 0.932505
-0.543687 -0.0958638 0.984533
-0.228691 0.0557501 0.344094
-0.137092 0.12738 0.766886
0.367412 -0.195583 1.22679
-0.12146 0.0966655 0.804297
-0.14457 0.119983 0.786424
-0.602362 0.142795 0.948309
-0.096322 0.076929 0.405131
0.434485 -0.0258212 1.36401
-0.0605025 -0.128827 0.733379
-0.22567 0.12264 0.639964
-0.211359 0.0618979 0.511451
-0.175625 -0.0306355 0.4182
-0.269527 -0.0267492 0.483478
-0.263681 0.060756 0.465195
-0.264752 -0.0101743 0.459776
-0.265971 -0.0258829 0.474922
-0.205796 0.0571313 0.536239
-0.197886 0.0515331 0.457106
-0.0404827 0.033408 0.176309
0.07908 0.0591041 0.17131
0.147501 0.0143067 0.151737
0.35257 -0.0141689 0.99099
-0.00457043 0.0276936 0.185195
0.563779 -0.0444573 0.364748
0.576724 0.160327 0.389011
-0.00029113 0.0603055 0.186094
0.0551044 0.0729192 0.179135
0.0447042 0.0592331 0.184774
0.655728 0.20328 0.394063
-0.0101943 0.0262828 0.177698
-0.0144889 0.0244362 0.182947
0.0427158 -0.00938061 0.140709
0.0882104 0.059469 0.158086
-0.0773629 0.0298369 0.169639
0.617617 -0.145177 1.04328
0.0289197 0.00919762 0.11248
-0.0333078 0.0262313 0.178637
-0.0330186 0.0262621 0.179698
0.0492395 0.0811152 0.209468
0.086218 0.0549541 0.159275
-0.0954565 -0.0212587 0.0291803
-0.391061 0.0381037 0.318127
-0.252062 0.10064 0.1765
-0.248686 0.0958396 0.257585
-0.0593244 -0.142454 0.800151
-0.390638 -0.010234 0.270451
-0.190263 0.186897 0.442525
-0.996958 -0.0187791 0.93226
-0.171344 0.0573886 0.765919
-0.678789 0.125759 0.774224
-0.182129 0.128588 0.82538
0.13074 0.179014 1.3288
-0.830547 0.0609427 0.857658
-0.277011 0.0594316 0.168342
-0.396654 0.0361716 0.284586
-0.483048 0.0360184 0.450233
-0.263367 0.0759409 0.144826
-0.174132 0.0757317 0.288601
-0.383264 0.0530359 0.224093
-0.379387 -0.00945756 0.275967
-0.369726 -0.00879852 0.25339
-0.245138 0.0654791 0.146121
-0.263776 0.0568858 0.126427
-0.79247 -0.0375655 0.553735
-0.0612699 0.153223 0.881449
-0.153175 0.180369 0.799972
-0.216922 0.0556303 0.149922
-0.35822 0.158182 0.833648
-0.254657 0.0765645 0.189828
-0.238511 0.0854359 0.18591
-0.261628 0.0729952 0.141849
-0.238731 0.107651 0.161896
-0.872314 0.174512 1.0486
-0.177852 0.0764615 0.276525
-0.160685 0.624473 1.77082
-0.342568 0.0641031 0.973229
-0.804074 0.0755067 0.996992
-0.258744 0.0578408 0.288423
-0.213766 0.0956719 0.233381
-0.243102 0.0798328 0.19772
-0.241602 0.0872242 0.190854
-0.278509 0.071768 0.146013
-0.277747 0.0912089 0.239471
-0.585344 0.142248 0.917799
-0.126649 0.0606404 0.14445
-0.237702 0.0876101 0.235011
-0.421768 0.0552565 0.656568
-0.546081 0.196435 0.939227
-0.168717 0.0718292 0.278001
-0.137912 0.141705 0.785211
-0.115981 0.0725479 0.156792
-0.0677634 0.0361026 0.142893
-0.238659 0.0965782 0.247682
-0.085369 0.0352857 0.171221
0.0798638 0.0532722 1.40696
0.0623093 0.0789453 0.18751
0.0369128 0.0579667 0.187045
0.296891 0.144239 0.528086
0.0764619 0.0622038 0.171974
-0.455616 0.0813781 0.948074
-0.353442 0.153647 0.773226
-0.179779 0.0882584 0.324745
-0.260028 0.0785786 0.214756
-0.238222 0.0680895 0.301172
-0.512894 0.134232 0.865589
-0.171539 0.0660729 0.820342
-0.308639 0.146405 0.846864
-0.295526 0.0546359 0.163274
-0.342089 0.0115121 0.249804
-0.244978 0.0860758 0.22112
-0.219494 0.0647848 0.31288
-0.367084 -0.00168819 0.254404
-0.27669 0.0861561 0.223546
-0.248991 0.0777213 0.149082
-0.269913 0.064257 0.146738
-0.30604 0.0420445 0.233884
-0.127475 0.185217 0.781758
-0.216829 0.15103 0.790001
-0.216807 0.224518 0.62097
-0.200376 0.110007 0.21511
-0.350889 0.03573 0.27435
-0.0704227 0.0299445 0.174221
-0.0780796 0.0352624 0.172926
-0.183678 0.112005 0.253825
-0.355285 0.236269 0.933169
-0.496493 0.0534971 0.353755
-0.754588 -0.127431 0.890896
-0.24601 0.0769536 0.145921
-0.327943 0.00206944 0.315819
-0.403249 0.0698125 0.920601
-0.0619561 -0.0831272 0.890732
-0.240935 0.0742864 0.145835
-0.256081 0.0820568 0.168567
-0.175868 -0.0257464 0.147508
-0.238164 0.0832714 0.239575
-0.0495772 0.0349276 0.178255
-0.579738 -0.012479 0.918408
-0.436719 0.162598 0.808625
-0.102997 -0.020049 0.0364833
-0.000727177 0.0417886 0.191008
-0.20354 0.0927878 0.829953
-0.116495 -0.0152839 0.821326
-0.272745 0.106795 0.312165
-0.373553 0.15695 0.832188
-0.266712 0.0629553 0.268785
0.303626 0.254487 1.51255
-0.353327 0.0832984 0.487426
-0.014122 0.0552203 0.184442
-0.193719 0.11648 0.248232
-0.0603528 0.0344479 0.117348
-0.0972583 0.0636136 0.197617
-0.0558941 0.0185077 0.112017
-0.0240474 0.0349536 0.182831
-0.429059 0.0558943 0.412588
-0.237639 0.0881336 0.214204
-0.189294 0.111526 0.262334
-0.598606 0.162224 0.874225
-0.750255 0.169621 1.05739
-0.126295 0.184643 0.784587
-0.289731 0.0906003 0.202293
-0.238264 0.0758365 0.298099
-0.529774 -0.0130971 0.916066
0.112551 -0.15936 1.52839
-0.465736 -0.0787174 0.991466
-0.0279581 0.0256774 0.186201
-0.192313 0.071023 0.265236
-0.232105 0.0885924 0.183577
-0.363022 0.09576 0.767457
-0.504983 0.0662186 0.493155
-0.0133048 0.0370174 0.182644
-0.193187 0.117326 0.23606
-0.306007 0.0932595 0.221221
-0.0518052 0.03596 0.180902
-0.240035 0.0896363 0.15239
-0.22002 0.191088 0.764092
-0.0590133 0.0336882 0.175239
-0.068285 0.035322 0.175414
-0.31552 0.0333043 0.158619
-0.627611 -0.177497 0.93527
-0.265548 0.0786303 0.217253
-0.190543 0.134849 0.266586
-0.27622 0.0835717 0.218917
-0.24479 0.0972963 0.268668
-0.247565 0.0943168 0.201952
-0.258621 0.0781083 0.306462
-0.259431 0.00350529 0.211518
-0.0581521 -0.0057407 0.305214
-0.220133 0.112352 0.195141
-0.271293 0.0565167 0.125664
-0.385621 0.0698189 0.200264
-0.286145 0.0500486 0.183585
-0.261051 0.0613521 0.144076
-0.269202 0.0881056 0.19652
-0.178355 0.0945465 0.266539
-0.293723 0.0815826 0.197182
-0.270618 0.0853395 0.240041
-0.103737 -0.0283205 0.806399
-0.127914 0.0912433 0.771943
-0.274814 0.0578505 0.126171
-0.234606 0.0860458 0.223473
-0.131142 0.061707 0.16815
-0.315576 0.0427286 0.230651
-0.0852947 0.0348997 0.171956
-0.362355 0.0217966 0.277927
-0.35246 0.0198698 0.268671
-0.822471 0.0479356 0.781512
-0.22155 0.0791965 0.299975
-0.956372 -0.015604 1.26441
-0.267261 0.0825913 0.3241
-0.210739 0.0796292 0.370288
-0.176948 -0.0677624 0.443662
-0.196955 0.0662043 0.328105
-0.17816 0.00397487 0.240791
-0.24018 0.0841118 0.397631
0.429693 -0.0710316 1.35256
0.00584474 0.191831 1.42735
-0.210718 0.0733499 0.227049
0.436802 -0.0674736 1.37331
0.0167696 0.0252904 0.941555
-0.214332 0.0781644 0.284276
-0.243867 0.0661466 0.239658
-0.355987 0.0230762 0.33287
-0.232138 0.0926114 0.297589
-0.194097 0.0378871 0.274747
-0.215459 0.0775645 0.284116
0.44442 0.254037 1.39351
-0.157656 0.194604 0.839958
-0.167172 0.12908 0.689467
-0.210091 0.0500423 0.215603
-0.24263 0.0577148 0.291447
-0.51642 -0.094381 0.528032
-0.247391 0.0703549 0.288439
-0.800707 0.147928 1.03413
-0.186456 0.0744796 0.986219
-0.118061 0.0545759 0.455192
-0.596314 -0.0179437 0.955765
-0.260383 0.0804267 0.351788
-0.927895 0.205644 1.23955
0.518587 0.402503 2.22115
-0.668121 -0.18201 0.833167
0.293178 0.234537 1.3834
0.0622102 -0.0185616 0.163386
-0.0224054 0.0302542 0.180991
-0.168231 0.0791697 0.292329
0.17273 -0.106479 1.47104
0.286401 0.0994715 0.524639
-0.0675201 0.0239533 0.168636
0.0106542 0.0216028 0.134441
-0.00732034 0.0429282 0.162669
0.0977114 0.036205 0.121246
-0.0190719 0.0460613 0.182337
0.0653267 0.0722772 0.176432
-0.00684879 0.0390842 0.173181
0.105434 0.0413832 0.123219
-0.022516 0.0342594 0.202613
0.133332 0.0127436 0.153327
-0.0541703 0.0213749 0.168826
0.0626923 0.223382 1.59643
-0.297767 0.0741138 0.220439
-0.164965 0.10217 0.275469
-0.216928 0.0626569 0.304904
-0.256377 0.100775 0.178397
-0.319703 0.0433078 0.225103
-0.243933 0.0896574 0.226225
-0.305314 0.0279313 0.267739
-0.22248 0.0923418 0.761831
-0.193749 0.104409 0.261351
-0.178026 0.0979433 0.215852
-0.421864 0.122249 0.887408
-0.177921 0.202267 0.479587
-0.243212 0.0843356 0.178429
-0.363288 -0.00224271 0.246299
-0.165091 0.0558389 0.190925
-0.0802732 0.151997 0.658666
-0.312256 0.0775768 0.208236
-0.269297 0.0746032 0.129949
-0.232566 0.0993133 0.151075
-0.0595654 -0.20219 0.919192
-0.175436 0.0880511 0.831118
-0.0599692 -0.030734 0.808198
-0.282037 0.0655944 0.320599
-0.354969 0.0896116 0.228229
-0.353528 0.0748766 0.215428
-0.207841 0.0952301 0.253943
-0.902092 0.115764 1.09572
-0.259119 0.0847108 0.125426
-0.0564371 0.0262549 0.176454
-0.0611587 0.025984 0.17432
-0.276209 0.0840453 0.456886
-0.840627 0.136787 0.990733
-0.246232 0.0690106 0.189334
-0.543582 0.0965374 0.340852
-0.220339 0.0920397 0.244892
-0.249028 0.100504 0.160577
-0.8494 0.0140101 0.599665
-0.195215 0.169876 0.793747
-0.0919616 0.0289102 0.176638
-0.0952466 0.0487818 0.201296
-0.240425 0.0862869 0.186347
-0.245861 0.0829383 0.145595
-0.272473 0.0598208 0.132429
-0.202429 0.186175 0.484236
-0.194182 0.0621884 0.295678
-0.196618 0.16833 0.860664
-0.294325 0.0506659 0.287059
-0.235862 0.0861404 0.168838
-0.0666761 0.174626 0.862163
-0.516748 0.131488 0.879572
-0.146429 0.158823 0.700057
-0.182677 0.091026 0.238765
-0.200634 0.124665 0.288101
-0.706671 -0.00924655 1.01701
-0.21699 0.0648885 0.139334
-0.223768 0.0946872 0.211012
-0.25025 0.0848867 0.207041
-0.104369 -0.0160449 0.831659
-0.302802 0.0582259 0.321334
-0.182949 0.0995748 0.278133
-0.214144 0.0977517 0.220201
-0.554452 0.00707299 0.921568
-0.303151 0.00287037 0.212576
-0.853921 0.170247 0.905567
-0.202652 0.0856009 0.300161
-0.822609 0.109449 0.99826
-0.224048 0.0929652 0.228838
-0.327263 0.0839474 0.221061
-0.310702 0.0492085 0.155026
-0.352012 0.0957279 0.243236
-0.182121 0.0761158 0.267597
-0.479066 0.0233606 0.622362
-0.636 0.107304 0.738651
-0.250074 0.098572 0.254225
-0.201024 0.0701024 0.301105
-0.60144 0.0969344 0.961553
-0.380981 0.0420506 0.23987
-0.0876125 0.0437305 0.171011
-0.255787 0.0768813 0.301424
-0.187111 0.105704 0.260928
0.0546062 -0.00894032 0.110225
-0.0753983 0.0260649 0.17134
0.0268669 -0.00697086 0.0928934
-0.0565261 0.0270359 0.178261
-0.0135578 0.0370893 0.182316
-0.0920684 -0.0204211 0.56913
0.0704382 0.142724 1.23673
0.818231 0.19206 1.1038
0.506675 -0.168558 0.54506
-0.0676699 0.0382216 0.175579
-0.0392528 0.0350034 0.180264
-0.0310695 0.0337513 0.182815
-0.0505524 0.0235109 0.169826
0.00821706 0.0290282 0.188659
-0.0730282 0.0337282 0.172842
0.33211 -0.0456062 1.063
0.160973 0.105672 1.33776
0.11914 -0.114631 0.907896
0.186006 -0.107446 0.443763
-0.0681114 0.0657036 0.35255
0.427658 0.153484 0.41732
-0.0254192 0.0342376 0.180793
0.36011 -0.0988447 1.22603
0.361202 -0.0985392 1.22257
0.35338 -0.14977 1.17393
0.365169 -0.098708 1.23099
0.346934 -0.0194809 1.04274
0.0879674 0.0067619 0.188346
0.0796603 0.0651413 1.37253
0.393365 -0.103423 1.31292
0.064966 -0.0318702 0.187824
0.13066 0.189693 1.35051
-0.448436 -0.0796674 0.878685
-0.0605467 0.0261735 0.175448
0.238503 -0.0944252 1.11583
-0.126755 0.0931269 0.793218
-0.162681 0.0134867 0.370591
-0.153274 0.0184447 0.313543
0.707389 0.142493 0.976575
0.380324 -0.190342 1.25682
-0.107002 0.044345 0.674252
0.698089 0.167994 0.963528
-0.061771 0.041652 0.840183
-0.0733528 0.0340646 0.174176
-0.0552091 0.028376 0.175021
-0.0631414 0.0299229 0.176166
0.0376971 0.0634649 0.188079
0.0434757 0.0609301 0.187153
-0.0338206 0.0290834 0.187137
0.123969 -0.0612422 0.19624
0.110981 0.0718986 1.43711
-0.0706346 0.0375834 0.173972
0.787665 -0.166611 0.86596
0.169307 0.147858 1.41757
-0.0237797 0.083765 1.57097
0.0585693 -0.0593894 0.587331
0.705356 0.140961 0.973062
0.67773 0.157316 0.930687
0.383652 0.109039 0.500447
-0.0484506 0.0266998 0.17916
-0.0312484 -0.0324187 0.173435
-0.0348824 -0.00265373 0.0685475
0.00662551 -0.0167941 0.0767331
0.00729246 -0.0405742 0.219896
-0.0702169 0.0375073 0.174159
0.193471 0.181756 1.12719
-0.0601092 -0.16953 1.03894
0.0333822 0.205269 0.765026
-0.0419183 0.0252471 0.171595
0.368719 -0.149254 1.79829
-0.0432957 -0.0144953 0.0583159
0.0298293 -0.00797165 0.0852089
0.0348414 0.020112 0.0898871
0.402252 -0.0836733 0.525024
0.0817368 0.0603238 0.173694
-0.0294928 0.0481456 0.18257
0.438564 0.201076 0.399127
0.499861 -0.156457 0.514896
0.0760479 0.0621352 0.171455
0.0929236 0.00504292 0.122548
0.814259 -0.170271 0.876723
-0.0447435 -0.00312256 0.0830502
0.112862 0.0517367 0.132122
0.192249 0.0384214 0.221788
0.122823 0.047872 0.129926
-0.0435783 -0.00211441 0.0855585
0.117325 0.0424959 0.125297
-0.015815 0.0240578 0.181349
-0.0603195 0.0198982 0.13665
0.00582158 0.148202 1.36734
-0.0442136 -0.00608536 0.0947514
0.38376 0.119877 0.557663
0.393469 0.2314 0.549637
-0.0498662 -0.173239 1.09375
0.000819608 0.0409431 0.189089
-0.0672503 0.038003 0.175454
0.685449 0.137659 0.946411
-0.062325 -0.046889 0.896789
-0.00665053 0.00541024 0.125092
-0.0412861 0.028393 0.17955
0.283275 0.141916 0.481762
0.353449 -0.211478 1.08622
-0.011899 0.0458231 0.183552
0.738321 -0.160722 0.811569
-0.0119996 0.0442757 0.183281
-0.0076835 0.0816192 1.41179
0.00574629 -0.00754719 0.114427
0.178256 0.128166 1.4316
-0.0325358 -0.0185073 0.0596094
0.293815 0.105739 0.535269
-0.0196985 0.0418551 0.18424
-0.0273524 -0.0181674 0.0628853
0.150904 -0.0599042 0.245892
0.0751828 -0.215171 1.2492
0.225162 0.0538932 0.291061
0.051472 -0.0493102 0.418182
0.0831259 -0.111459 0.842654
0.247007 -0.105922 1.42422
0.0402121 0.0710854 0.18333
0.0844654 -0.0704995 0.788707
0.954642 0.153626 0.826241
0.0839895 -0.0703766 0.785045
2.00635 0.60886 2.23982
0.966811 0.152641 0.829685
0.503967 0.189477 0.36947
-0.00866254 0.038011 0.141691
-0.00861913 0.09394 0.761224
-0.070267 0.0283913 0.171224
0.0428627 0.0620024 0.186012
0.284786 0.0371011 0.310049
0.191163 0.0150788 0.197057
0.192728 0.0157969 0.198887
0.252359 -0.10604 1.21026
0.228279 0.280502 1.67183
0.207809 0.051627 0.172232
-0.0277672 0.0276653 0.184733
-0.0750039 0.0229967 0.16333
0.106468 0.0383127 0.120434
-0.0447305 0.00808113 0.120649
-0.0656038 -0.0265446 0.0618026
0.16939 0.0577495 0.213569
0.0336752 0.0341257 0.160212
0.05008 -0.0346102 0.256599
-0.0675467 -0.015643 0.135041
-0.00107273 0.0455955 0.18678
-0.20315 0.0642576 0.283435
0.398944 0.220913 1.27193
0.766204 -0.128057 1.57689
0.0369911 0.135017 1.4151
-0.054527 -0.273242 0.792029
-0.520077 0.0873002 0.87078
-0.0573233 -0.25078 0.780348
0.110667 -0.0608055 0.396852
-0.199963 0.096629 0.532178
-0.197031 0.0724897 0.895494
-0.120784 0.183114 0.71587
0.278532 0.0955907 0.484419
-0.199977 0.175048 0.883503
-0.167637 0.128525 0.67756
0.131453 0.121367 0.433488
-0.00470462 0.0370713 0.186468
0.00233748 0.0331083 0.181675
0.00603456 0.0359466 0.18812
0.00654105 0.0290453 0.187325
-0.0283482 0.0444894 0.181546
0.0272084 0.0705167 0.222121
0.00297164 0.0410479 0.184329
-0.060423 0.0254761 0.173367
0.00557902 0.0352847 0.186615
-0.0398775 0.0347621 0.179535
0.00720657 0.0366665 0.190022
-0.0616427 0.0282802 0.162955
0.0041499 0.0421864 0.187381
0.0059994 0.0358097 0.188279
0.00852767 0.0329382 0.194035
-0.0355423 0.0273225 0.181879
0.448821 0.198363 0.416131
-0.0565639 0.0383964 0.177935
-0.0495701 0.0350152 0.178978
0.48011 -0.0469901 0.472944
0.119621 0.0561663 0.131921
-0.0624144 0.0415231 1.07251
0.405825 0.0100465 0.50386
0.115949 0.068842 0.134289
0.117325 0.0690861 0.135895
-0.0180498 0.031668 0.181302
0.623928 -0.0210494 0.35301
0.615461 0.149537 0.316313
0.544192 -0.0435215 0.354513
0.5957 0.144073 0.304848
0.592112 0.143709 0.303969
0.649673 0.0943094 0.389837
0.611719 0.0952983 0.31154
-0.00621453 0.0536494 0.189159
0.13358 -0.0369744 0.198608
0.648695 0.0945043 0.387934
0.617405 -0.020647 0.347446
0.0574586 0.0733965 0.174499
-0.0345475 0.0281714 0.184782
0.178877 0.057053 0.216055
0.0571168 -0.0456831 0.12696
0.362511 0.104098 0.446531
0.0425983 0.0689079 0.183307
-0.0920803 -0.019915 0.572406
-0.0605726 0.0281975 0.181327
0.317126 -0.144581 1.80776
-0.0679401 0.034951 0.168659
0.0372025 0.0585473 0.186644
0.038632 -0.0425382 0.114221
-0.028724 0.0398945 0.181589
0.890258 -0.196454 0.950989
-0.0520731 -0.024748 0.046163
0.228274 -0.151412 1.16911
-0.0118581 0.0350614 0.181109
0.158337 0.0297847 0.199782
-0.0239401 -0.0144677 0.0813479
-0.0784169 0.0353659 0.17339
0.49574 -0.165769 0.534807
0.258846 -0.115483 1.52876
-0.061976 0.0872781 0.461162
-0.0417088 0.0247019 0.171436
0.0523278 -0.00509712 0.120139
-0.0285146 0.0313101 0.182208
0.442246 -0.0899593 0.576148
0.328213 -0.140634 0.445062
-0.0368439 -0.000371016 0.112863
