0.409319 -0.319632 1.44011
0.268678 -0.343943 1.56653
0.459664 0.0189547 1.34853
0.119732 0.144089 0.653903
-0.191712 0.120861 0.774018
-0.0906861 0.166944 0.682553
0.498281 0.0244698 1.27999
-0.0779144 0.189425 0.67879
-0.0944925 0.183414 0.657171
-0.282885 0.161531 0.45428
-0.563443 0.42595 0.968761
-0.493498 0.377774 0.767766
0.00294085 0.10737 0.801398
0.54932 0.0246753 1.2649
-0.190027 -0.0276778 0.748108
0.48773 -0.175982 1.36604
0.462853 -0.143964 1.35607
0.48831 -0.0422796 1.31036
-0.14303 -0.0904878 0.773651
-0.135066 0.0927125 0.594251
0.502341 -0.0419885 1.34548
0.569377 -0.157968 1.43732
0.288501 -0.45857 1.54096
-0.132331 0.102476 0.720606
-0.0631266 0.134898 0.708488
0.531996 -0.159318 1.28768
-0.0780944 0.00797888 0.742298
0.343147 -0.287671 1.50835
0.503538 -0.0746967 1.32773
-0.08439 0.0184461 0.744969
0.443933 -0.285078 1.39489
0.572756 -0.303397 1.23203
0.510455 -0.146071 1.3134
0.620964 -0.104617 1.19001
0.32639 -0.0113808 1.50786
-0.153951 0.0815462 0.698169
-0.0788752 0.191533 0.686411
-0.133243 -0.0889821 0.769027
0.407649 -0.169789 1.41985
0.569273 -0.0996209 1.25452
0.484616 -0.126739 1.34767
0.413267 -0.233369 1.44138
0.237552 -0.464746 1.62895
-0.352105 0.255285 0.520864
-0.200135 0.193725 0.370065
-0.183931 0.101583 0.552358
0.418574 0.0177661 1.07849
0.0359237 -0.139208 1.01471
-0.0307746 0.126335 0.788534
0.00624235 0.0390951 0.743455
-0.14656 0.285956 1.17496
-0.136272 0.124038 0.584288
0.613501 -0.144003 1.17653
-0.22613 0.178909 0.390237
-0.181763 -0.136558 0.793498
-0.080617 0.12096 0.712193
0.694002 -0.438171 1.10441
-0.138255 0.1533 0.465404
-0.156586 0.214586 0.671432
0.0925244 0.158337 0.566821
-0.0871759 0.213438 0.561415
-0.0437701 0.127731 0.230401
-0.143802 0.227934 0.7447
0.0256181 0.151703 0.664436
-0.063685 0.134657 0.705628
0.112727 0.219824 1.19702
-0.14234 0.278781 1.11946
-0.196549 0.338972 1.14281
-0.0989796 0.0829598 0.685524
0.123651 0.146565 0.664519
0.0884116 -0.595885 1.8607
-0.0871089 0.0195403 0.733486
0.304955 -0.447833 1.56361
0.458089 -0.335508 1.38701
0.406802 -0.23244 1.42612
0.300617 0.167106 0.592277
-0.074026 0.175973 0.682759
-0.0912827 0.0925724 0.696417
-0.0668782 0.133537 0.691788
-0.376037 -0.891363 2.59297
0.479552 -0.0953707 1.34916
0.16087 -0.587791 1.81708
0.480841 -0.0943675 1.35235
0.532395 -0.06674 1.25858
-0.18365 0.026991 0.773526
-0.0843456 0.12063 0.712
-0.174106 -0.121908 0.789629
-0.0599944 0.192377 0.71293
-0.0339412 0.0979843 0.72397
-0.184346 0.0187756 0.767715
0.289001 -0.440341 1.58979
0.493851 -0.0425451 1.3241
0.278828 -0.459302 1.56201
0.429982 -0.118773 1.38675
-0.166209 0.182339 0.714898
0.209611 -0.372153 1.51129
0.568122 -0.0962714 1.25088
-0.0553647 0.134549 0.711689
-0.117864 0.0191109 0.773102
-0.043444 0.21422 0.726294
0.542315 -0.457162 1.2982
-0.148413 -0.0522553 0.679819
-0.155449 0.0922027 0.744456
-0.116862 0.0206124 0.76617
-0.0858298 0.121284 0.679981
-0.116923 0.0201349 0.771834
-0.120461 0.115657 0.228193
0.34929 -0.51874 1.52163
0.403614 0.0500938 1.04295
-0.185791 -0.0125969 0.797434
0.289024 0.120726 1.61545
-0.00292526 0.0241233 0.760006
0.515196 0.148629 0.816783
0.486593 -0.131345 1.228
-0.00914185 0.0627428 0.740963
-0.176106 -0.117584 0.808788
-0.0672203 -0.0969923 0.734402
-0.123608 0.0163837 0.704527
0.48548 -0.131552 1.29389
-0.0847477 -0.0249145 0.776211
-0.0864774 0.0240898 0.72196
-0.0129361 0.20299 0.692776
0.597048 -0.361431 1.16859
-0.187107 -0.0928423 0.714818
0.666294 -0.292546 1.12434
0.465225 -0.355975 1.34907
-1.07108 -0.567766 1.97172
0.658405 -0.111789 1.13743
0.505166 -0.0674652 1.31645
0.259448 -0.0060346 1.63879
-0.169481 0.168706 0.400722
-0.212617 0.149089 0.390649
-0.3367 0.162955 0.598188
-0.353816 0.390868 0.548943
-0.225005 0.114225 0.470627
0.203421 -0.0562886 1.65198
0.300814 -0.075568 1.54289
-0.272245 0.211886 0.57086
0.658249 -0.327821 1.09808
-0.315613 -0.324291 1.05251
0.568438 -0.219425 1.25438
0.59034 -0.320908 1.2006
0.593176 -0.321818 1.20183
-0.241376 -0.0110557 1.2444
0.479372 -0.126107 1.34438
0.425212 -0.378917 1.36023
0.427569 -0.245618 1.42226
0.631947 -0.318048 1.15604
0.470137 -0.123027 1.34325
0.665532 -0.195598 1.08207
0.503516 -0.359232 1.3494
0.663886 -0.331446 1.10064
0.181193 0.193236 0.597365
-0.162046 0.189959 0.419502
-0.296265 0.371666 1.35104
0.445137 0.0165738 1.22099
0.646767 -0.188379 1.0533
0.628246 -0.14665 1.1971
0.0758814 0.0216168 1.10064
-0.155504 -0.131546 0.79397
0.659691 -0.363067 1.14775
0.532086 -0.385172 1.28363
0.626822 -0.316649 1.17775
0.442399 -0.300284 1.41084
0.483713 -0.374302 1.33736
-0.134957 0.00645321 0.721092
0.60214 -0.174499 1.18497
0.435835 -0.300454 1.38119
-0.0562465 0.162716 0.70832
0.466689 -0.257296 1.37843
0.362797 -0.0680079 1.44584
-0.0243609 0.167496 0.690627
-0.160625 -0.0488522 0.605336
0.699147 -0.163928 1.14241
0.454301 -0.402021 1.42375
0.647992 -0.238524 1.16045
-0.164701 0.0880094 0.414905
-0.135345 0.00706723 0.70339
-0.17104 0.0712477 0.479064
-0.0704545 -0.00998118 0.536866
-0.138679 0.29429 1.17309
-0.195805 -0.0387184 0.796173
-0.0852104 0.195277 0.539442
0.49079 -0.180183 1.37477
-0.322812 -0.291192 1.18692
-0.175389 0.164794 0.799233
0.460262 -0.296032 1.44498
0.456697 -0.230424 1.37015
-1.42293 -0.778532 3.21443
0.50513 -0.502462 1.35813
0.027956 0.0804953 0.835858
-0.0712158 0.0880532 0.627421
0.0969418 -0.321004 1.82696
0.548353 -0.395578 1.20043
0.121288 -0.516717 1.7888
0.0901111 -0.496004 1.84601
0.351699 -0.42249 1.51153
0.263897 -0.487491 1.62288
0.152972 -0.574978 1.79563
0.230533 -0.562384 1.69627
-0.198898 0.1144 0.824365
0.030034 0.0638746 0.848834
-0.124047 0.0139423 0.719858
0.0645718 0.164314 0.836799
0.284966 -0.457547 1.53984
0.111904 0.132111 0.46465
-0.0992259 0.0638587 0.523405
-0.268502 0.306606 0.971794
0.323079 0.0453953 1.02244
0.473197 0.0148442 1.31098
-0.0852679 0.125359 0.659778
0.422705 0.168268 0.705071
0.233153 0.0892081 0.839885
0.226552 0.116245 3.00396
-0.110149 0.147969 0.612262
0.411524 0.168861 0.693396
0.149446 0.163406 0.620968
0.0617253 0.0819266 0.369904
0.623827 -0.298349 1.18056
-0.715469 -0.450921 2.01499
-0.0589903 0.191691 0.725453
0.0765857 0.0587684 0.943529
-0.276586 0.23224 0.950866
-0.061501 0.0448609 0.756259
0.453608 -0.335608 1.34265
0.110438 0.143383 0.646975
0.428443 -0.139184 1.32017
0.280401 0.0153758 0.663154
-0.197513 0.174883 0.864477
0.223425 0.0197348 1.0037
0.295167 0.0110333 0.677853
0.385129 -0.204761 1.46083
-0.977824 -0.399623 2.1179
0.825004 -0.587886 1.20303
0.00409559 0.0246821 0.777662
0.088328 -0.424163 3.9035
-0.0794421 0.0201767 0.474416
-0.116452 0.176157 0.301834
-0.194303 0.18919 0.816686
-0.176596 0.0734548 0.389105
-0.0735452 0.0232152 0.645151
-0.186862 0.168752 0.405369
-0.102075 0.144995 0.476149
0.43613 -0.353226 1.41293
-0.230013 0.0337406 0.703138
0.589401 -0.195319 1.22188
-0.25998 0.15882 0.464679
-0.226394 0.121783 0.450878
-0.0841543 0.0868556 0.737216
0.337864 -0.299666 1.54843
-0.309975 0.192625 0.521062
-0.035231 0.233437 0.394999
-0.176723 0.182048 0.391178
-0.00679325 0.244279 0.495294
-0.211891 0.176668 0.394667
-0.338278 0.183114 0.491536
-0.414174 0.28274 0.703284
-0.30412 0.195216 0.493367
-0.391208 0.176857 0.563468
-0.168902 0.119009 0.465643
-0.204888 0.197419 0.432584
-0.214425 0.176559 0.413043
-0.647029 0.426883 0.859652
-0.745128 0.58694 1.08545
-0.448257 0.366148 0.646201
-0.219343 0.198083 0.459313
-0.513013 0.423712 0.806081
-0.247322 0.197461 0.49459
-0.426592 0.288592 0.703531
-0.227524 0.228781 0.499735
-0.201404 0.196063 0.432786
-0.238479 0.117033 0.485794
-0.376961 0.148161 0.61132
-0.245129 0.148103 0.404618
-0.295736 0.179303 0.492015
-0.223083 0.126062 0.427334
-0.0335596 0.226927 0.386532
-0.250011 0.142256 0.426863
0.0356803 0.206437 0.450497
-0.0140444 0.239147 0.527713
-0.242204 0.169713 0.387823
-0.34185 0.155762 0.525765
-0.265211 0.153759 0.43886
-0.217146 0.219988 0.419804
-0.399669 0.163455 0.607958
-0.0073893 0.235571 0.523175
-0.271829 0.18379 0.464354
-0.232162 0.234406 0.5502
-0.285339 0.145556 0.48205
-0.143774 0.219824 0.462364
-0.116892 0.0671279 0.707375
-0.0442779 -0.0225575 0.754172
-0.136249 0.23328 0.821939
0.0845576 0.205315 0.638496
-0.137135 0.00628798 0.72582
-0.460511 0.0232625 1.3157
-0.154857 0.0606433 0.911138
-0.132561 0.14408 0.687681
-0.502149 -0.135105 2.08782
-0.166045 0.141224 0.735529
-0.288073 -0.188187 1.34409
-0.162401 -0.00840322 0.732807
-0.209716 0.025112 0.799604
-0.102067 0.0418425 0.688641
0.0977734 -0.144006 0.975385
-0.230666 0.0390211 0.711271
-0.160502 0.186215 0.73328
0.685198 -0.206433 1.10293
0.167855 0.130846 1.09902
0.204374 0.021276 1.35555
0.329554 0.0447108 1.02767
-0.0555464 0.0269954 0.690795
0.0798063 -0.0936744 1.29249
0.507491 0.026035 1.20537
-0.103052 0.238172 0.84966
-0.377447 0.146747 0.591597
-0.25934 0.144747 0.441263
-0.378837 0.443294 0.659062
-0.395129 0.261976 0.64782
-0.220139 0.179544 0.443414
-0.526416 0.270469 0.766791
-0.200205 0.1108 0.434856
-0.283493 0.179404 0.524652
-0.482462 0.26509 0.962914
-0.387407 0.331945 0.455303
-0.242356 0.33837 1.12618
-0.0632903 0.193746 0.779881
-0.15127 0.258322 0.833271
-0.0854279 0.0408299 0.622642
0.290394 -0.38814 1.65564
-0.064944 0.225135 0.698766
-0.053489 0.114456 0.713817
0.0439324 -0.0957257 0.808444
-0.145256 0.00927843 0.754388
-0.0460914 0.186078 0.911241
-0.114254 0.170902 0.693677
0.321109 -0.390282 1.65944
0.108329 0.208146 0.575979
-0.112553 0.028198 0.718597
-0.0605643 0.185106 0.69926
0.296488 -0.464043 1.55384
0.68577 -0.290125 1.16895
0.310202 -0.270846 1.45036
-0.051949 0.0279035 0.765123
0.573491 -0.171157 1.25051
0.513176 -0.415321 1.30067
-0.131062 0.0160089 0.745921
0.498164 -0.19655 1.35131
0.52093 -0.617533 1.54275
-0.235084 0.135046 0.440473
-0.182623 0.125543 0.367599
0.218588 0.149885 1.33097
-0.167181 0.13579 0.387596
-0.23632 0.119423 0.473512
-0.268365 0.150958 0.423882
-0.194546 0.12407 0.450184
-0.459958 0.387368 0.678561
-0.252218 0.172414 0.435356
-0.237303 0.214978 0.484118
-0.172705 -0.120511 0.769156
0.226557 -0.639531 1.61872
0.503576 -0.457191 1.33101
-0.0904011 0.0584441 0.715418
0.802567 -0.398699 1.19719
-0.0945979 0.0280236 0.748104
0.142176 0.20479 0.592589
-0.37956 0.313501 1.02178
-0.823418 0.405403 3.10896
-0.150049 0.17914 0.406908
0.0949241 -0.0288312 1.08665
-0.418378 0.355158 0.504759
-0.14911 0.163789 0.110659
-0.189671 0.167385 0.428313
-0.202554 0.231956 0.390083
-0.180859 0.245772 0.408293
-0.215411 0.198194 0.402898
-0.183683 0.172906 0.350821
0.0483238 0.131281 0.592378
-0.0654951 -0.574389 2.13466
0.239082 -0.464395 1.63282
-0.0510568 0.0379129 0.538241
0.455089 0.0202743 1.2127
0.245609 0.230065 0.814221
-0.183219 0.260487 1.2165
0.548589 -0.194015 1.31913
0.225923 -0.00524691 1.6662
0.401426 -0.218229 1.48499
-0.425964 0.542126 0.994207
-0.322048 0.137228 0.437842
-0.441255 0.191091 0.690089
-0.501201 0.41459 0.776893
0.280802 -0.300403 1.98262
-0.197033 -0.597495 2.24447
-0.192238 0.195684 0.385967
0.438186 -0.130292 1.38432
-0.296162 0.152208 0.473472
-0.270146 0.0877065 0.453547
0.185949 -0.0398085 1.66744
-0.252073 0.0925572 0.530443
-0.376904 0.264756 0.574436
0.435782 -0.0998033 1.38487
-0.324347 0.201432 0.411428
-0.0664035 0.217415 0.284371
-0.202412 0.229301 0.366101
-0.206415 0.176678 0.23949
-0.0669109 0.238779 0.333261
0.554871 -0.0160181 1.51547
0.416305 -0.125993 1.40375
-0.199434 0.187253 0.427826
-0.229569 0.185152 0.413747
-0.201358 0.184469 0.258874
-0.190139 0.171411 0.26304
0.579622 -0.196125 1.22782
0.55485 -0.284482 1.2319
0.228954 -0.273757 1.66746
0.231759 -0.269123 1.62002
0.0479746 -0.460306 1.90326
0.343417 -0.284445 1.49848
0.284769 0.122998 1.60469
0.376271 0.162735 0.633332
0.436882 -0.439575 1.43077
-0.187344 0.116177 0.738589
-0.152941 0.0863561 0.742581
-0.101442 -0.129056 0.766592
0.255781 -0.28364 1.56409
0.37171 0.162038 0.627684
-0.0908113 0.0617406 0.740231
-0.156689 0.0897239 0.776752
-0.0548352 0.183303 0.813297
-0.155761 0.171637 0.805603
0.290266 0.11488 0.713586
0.496365 -0.159631 1.3223
0.489843 -0.288334 1.36429
-0.134337 0.0385694 0.728845
0.621374 -0.297565 1.17976
-0.115015 -0.0425857 0.756437
-1.22083 -0.62523 2.60697
-0.21711 0.19732 0.421874
-0.759438 -0.390554 2.28573
0.317255 0.127933 0.707192
-0.028996 0.233725 0.866191
-0.125416 0.24523 0.767404
0.238166 0.115021 0.60293
0.0624076 0.187356 0.677992
-0.154616 0.0551116 0.658839
-0.174078 0.017023 0.447734
-0.168887 0.0220244 0.445046
-0.168074 0.0265688 0.434093
-0.0863438 0.0880178 0.726853
0.145416 0.100913 0.941484
0.322442 -0.106554 1.35777
0.325945 -0.508736 1.51301
-0.191738 0.120779 0.76664
-0.205514 0.071712 0.792652
-0.198065 0.199197 0.892322
-0.081728 0.0127102 0.764778
0.362436 -0.436989 1.51213
-0.351145 0.32982 1.09295
0.434076 -0.355235 1.41184
0.173405 0.199703 0.607485
-0.14211 0.133828 0.635638
-0.151338 0.130571 0.72803
-0.210089 0.207296 1.00244
-0.0476486 -0.0315059 0.641266
-0.228955 -0.00619982 0.81599
-0.085396 0.0341883 0.633121
-0.0530456 0.115557 0.701436
0.502097 -0.295884 1.41337
0.588094 -0.128295 1.18022
0.276512 -0.452626 1.55009
0.262818 0.116443 1.53711
0.490854 -0.227406 1.52243
0.40748 -0.193505 1.45358
-0.0847184 -0.142312 0.773482
0.239696 -0.305562 1.20381
0.476149 -0.0928887 1.34249
0.624178 -0.228334 1.17433
0.568711 -0.0892651 1.24041
0.610614 -0.176713 1.18869
0.619752 -0.360909 1.1704
0.487225 -0.479916 1.31741
-0.0897652 -0.01345 0.737514
0.617104 -0.182292 1.21841
-0.164508 -0.113284 0.75392
-0.0964277 -0.117824 0.72329
0.0271816 0.0955067 0.795676
0.235306 -0.395069 1.60932
0.0755561 0.156768 0.860776
0.296483 -0.156093 1.39899
-0.182954 -0.0320301 0.773066
-0.136536 0.00734042 0.715859
0.335042 -0.319164 1.52354
-0.144444 0.0273507 0.710977
0.28949 -0.43837 1.58609
0.332468 -0.38585 1.52493
-0.171224 -0.0825667 0.75584
0.568107 -0.171881 1.24388
0.288484 0.12227 1.62481
0.429025 -0.43541 1.41583
-0.0775185 0.195422 0.702727
0.50099 -0.289825 1.24132
-0.0659876 0.0166891 0.72952
0.527437 0.0208828 1.23781
0.110424 0.202704 0.630473
0.290028 0.119636 0.700462
-0.0662971 0.0167086 0.743295
0.466979 -0.4034 1.3777
0.464407 -0.257008 1.37689
0.430692 -0.348098 1.39683
-0.147122 0.0343526 0.710668
-0.177835 0.108148 0.759009
0.455583 -0.230785 1.3721
0.331419 -0.384945 1.52377
-0.117616 -0.055434 0.597155
0.606946 -0.142408 1.23725
-0.146555 -0.04784 0.669105
0.57215 -0.214682 1.37045
-0.0659649 -0.000542435 0.732838
-0.212655 0.214129 0.374888
0.301311 -0.155921 1.51732
-0.12429 -0.00521654 0.742969
-0.00191217 -0.0318857 0.789978
0.128092 -0.353318 1.79174
0.299919 -0.427596 1.56412
0.153852 -0.245904 1.74589
0.240279 0.0235851 1.65019
0.419738 -0.131017 1.4259
-0.173672 0.159992 0.427232
0.286147 -0.35267 1.55296
-0.177999 0.166664 0.428049
-0.18698 0.169949 0.407837
-0.0463594 0.198885 0.647773
-0.0170734 0.197275 0.725837
-0.0155113 0.219337 0.472801
-0.128841 0.190349 0.545066
-0.239408 0.175112 0.448818
0.075247 0.2008 0.5629
-0.232187 0.176927 0.42356
-0.234375 0.191542 0.447867
-0.232066 0.155608 0.456578
-0.449871 0.407935 0.948558
-0.306554 0.190788 0.490552
-0.431658 0.216348 0.584966
-0.131954 0.220246 0.453281
-0.388558 0.177901 0.589859
-0.303982 0.365469 0.540753
-0.509607 0.480573 0.814807
-0.317031 0.184992 0.526246
-0.128912 0.0383205 0.706747
-0.134647 0.142709 0.684026
-0.0323789 0.0365629 0.757479
-0.0830567 0.119977 0.702476
-0.101379 0.0592751 0.74417
-0.0333385 0.0979034 0.715899
-0.0712252 0.0987927 0.703781
-0.150805 0.0081229 0.708248
-0.112978 0.142165 0.677963
-0.0524728 0.114761 0.705661
-0.145387 -0.0199944 0.734965
-0.16259 0.0632768 0.705581
0.0275977 0.172006 0.855119
-0.195071 0.106503 0.815611
-0.150783 0.0142689 0.72715
-0.111568 -0.0995358 0.691228
-0.1115 0.0289249 0.71978
0.380535 0.164909 0.632681
-0.165766 0.101731 0.83861
0.0909888 0.11955 0.764729
0.00454865 0.111163 0.795619
0.45334 -0.25815 1.61283
-0.07975 0.128077 0.711222
0.481467 -0.346426 1.40263
0.463318 -0.151262 1.38003
-0.0702754 0.166865 0.676648
0.416856 -0.124063 1.40648
-0.162807 0.141508 0.734357
0.378029 -0.360647 1.47041
-0.0869161 0.091997 0.719972
0.479417 -0.0865995 1.33767
-0.138251 0.00784501 0.742854
0.488389 -0.28221 1.38509
-0.123506 -0.00658581 0.747324
0.2998 -0.0796228 1.54276
0.53859 -0.24568 1.42552
-0.0660793 0.136865 0.71057
-0.193077 0.117408 0.78565
0.0296372 -0.120429 0.993492
0.0330538 -0.180612 0.956408
-0.0879523 0.0911645 0.709356
0.00426652 0.104885 0.813985
0.0499651 -0.123941 0.961449
-0.0730447 0.17756 0.68555
0.286701 0.111414 1.61182
0.57016 -0.0957214 1.25028
-0.093548 0.0709689 0.755802
0.475365 -0.348783 1.42206
-0.0597219 0.186176 0.694855
0.325638 0.170236 0.602224
0.481876 -0.272149 1.37302
0.484427 -0.170055 1.34452
-0.133069 -0.0866134 0.761537
0.198849 -0.278558 1.71261
0.451171 -0.395079 1.41699
-0.132099 0.143773 0.678908
0.537171 -0.391887 1.29301
-0.0735652 0.177302 0.687548
-0.11596 0.0630398 0.70115
0.492473 -0.196227 1.34629
0.375969 -0.137238 1.49871
-0.115371 0.142185 0.689081
0.539244 -0.254351 1.37553
-0.10209 -0.00752334 0.716231
-0.228459 0.0101956 0.80093
0.531194 -0.189991 1.30281
0.208479 -0.533677 1.62376
0.139551 0.152528 0.704759
0.392307 -0.0522522 1.41997
0.0269747 0.18453 0.831185
-0.18123 0.0190383 0.750395
0.384091 -0.20535 1.45584
0.291148 0.0027057 1.58847
0.483058 -0.166306 1.33729
-0.171941 0.241481 0.801739
0.56474 -0.302944 1.22879
0.534022 -0.335617 1.27077
0.241881 0.0462548 1.01571
0.358659 -0.510936 1.542
0.324655 -0.0120114 1.49988
0.202626 0.182945 0.73412
0.363636 -0.00850368 1.43121
-0.181118 0.0181119 0.75557
0.555342 0.0268381 1.27299
-0.155715 0.0920417 0.742083
0.524608 -0.307027 1.28615
0.519781 -0.0416537 1.26965
0.425422 -0.27048 1.38584
0.348434 -0.0137886 1.58309
-0.120796 0.106403 0.70102
-0.0836159 0.0181741 0.740309
0.227813 -0.101531 1.64265
-0.0909325 -0.130978 0.759257
0.375052 -0.0884441 1.50893
0.279875 -0.134967 1.60561
0.125515 -0.346217 1.78173
0.194602 -0.267573 1.63963
0.206578 -0.178153 1.64862
0.437175 -0.120699 1.39551
0.0267444 -0.182839 1.07025
-0.0597738 0.187905 0.702643
0.303989 0.166121 0.59369
0.396422 -0.189885 1.43516
0.215916 -0.546853 1.66841
-0.0548065 -0.030365 0.748143
0.398257 -0.0842478 1.41121
-0.0482277 0.096633 0.731738
-0.0185644 0.215506 0.732298
0.377019 0.0389522 1.5247
0.140782 -0.433198 1.75475
-0.00543458 -0.125131 0.870573
-0.203066 0.0546318 0.770904
0.359108 -0.0861364 1.46187
-0.140568 0.0152149 0.718349
0.068472 0.208473 0.616925
0.107174 0.209831 0.632285
-0.0609818 0.185663 0.68969
0.239845 -0.586051 1.76191
-0.0386319 0.145848 0.718748
-0.0759769 0.00918844 0.729247
-0.12103 0.104834 0.697865
0.464919 -0.255255 1.37161
-0.0539137 -0.029953 0.741474
0.515007 -0.158716 1.30632
0.154854 -0.356895 1.71372
0.190202 -0.59146 1.71398
-0.12207 0.190487 0.663842
-0.114548 0.0641844 0.680899
0.475698 -0.349914 1.36877
0.33494 -0.53397 1.55465
0.412262 -0.0904198 1.42128
0.302355 -0.365944 1.56724
-0.043019 0.00135591 0.694398
-0.161856 -0.00755418 0.776133
-0.156178 -0.00512962 0.747012
0.472938 -0.4047 1.3416
-0.10255 -0.0429776 0.738347
0.580192 -0.337499 1.61642
-0.123226 0.107817 0.702518
0.602944 -0.308738 1.15871
0.546683 -0.176299 1.27125
0.620902 -0.162584 1.17379
0.11917 0.204575 0.572591
0.421888 -0.712748 1.26255
0.410318 -0.166901 1.41411
0.0872049 -0.49253 1.83916
0.721372 -0.277933 1.06871
0.564232 -0.392297 1.22154
0.395286 -0.0839666 1.40751
0.191945 -0.270211 1.69472
0.318027 -0.374178 1.53298
0.432466 -0.235126 1.38983
0.291265 0.00424806 1.57634
-0.0137414 -0.56508 1.97975
0.486464 -0.310472 1.36755
-0.184481 0.225532 0.386766
-0.195026 0.246104 0.521661
-0.184383 0.144682 0.46286
-0.026881 0.102252 0.546385
-0.268463 0.17192 0.486965
-0.149282 0.111561 0.68508
-0.158256 0.209864 0.451803
-0.197612 0.186461 0.406512
-0.150432 0.168992 0.417525
0.2194 -0.350102 2.38554
-0.148736 0.188669 0.357948
-0.210338 0.144911 0.402502
0.0405799 0.25449 0.654337
-0.170504 0.190413 0.292439
-0.169858 0.190428 0.300194
0.0963937 0.250299 0.719739
-0.162924 0.200555 0.332407
0.194409 0.225484 0.707195
0.238734 -0.27484 1.63527
-0.200992 0.153251 0.738145
-0.62363 0.15981 1.47267
0.521973 -0.148244 1.29101
0.568824 -0.132191 1.27564
0.415207 -0.122647 1.39548
0.472451 -0.1459 1.36478
0.439263 -0.20891 1.40577
0.434048 -0.124146 1.39668
-0.151078 0.0584847 0.634461
0.574909 -0.195878 1.22339
-0.172811 -0.0114076 0.738416
0.625486 -0.229081 1.17262
0.705828 -0.346703 1.10147
0.616717 -0.101912 1.17856
-0.623107 -0.810688 4.38649
-0.218208 0.121868 0.896135
0.0972704 0.197717 0.525699
-0.172276 0.207706 0.770424
-0.179966 0.124966 0.308157
-0.0291363 0.170161 0.307589
-0.305621 0.318003 0.891774
-0.159928 0.0663859 0.342822
0.0800776 0.191214 1.07838
-1.26072 -0.595973 2.78863
0.475259 -0.550232 1.41395
-0.522897 -0.176329 1.42794
-0.0734568 0.0118735 0.502916
-0.12483 0.0625729 0.470262
-0.133228 0.163592 0.317931
0.0385616 -0.244035 1.12024
-0.890635 -0.330373 1.89043
-0.367033 -0.174037 1.67487
-0.159003 0.0215461 0.426869
0.672322 -0.280749 1.14708
-0.253792 -0.103994 0.748608
-0.213058 -0.0636528 0.803075
-0.166154 0.11757 0.344085
-0.0745922 0.121242 1.09226
-0.187359 0.0434535 0.41714
-0.177298 0.0497415 0.574795
-0.173839 0.0251024 0.782058
-0.150486 0.0362215 0.725243
-0.184441 0.0268683 0.768464
0.156417 -0.580231 1.79317
-0.100845 -0.124206 0.740847
0.154581 -0.462173 1.82948
-0.0880102 0.0909223 0.718841
0.360799 -0.433998 1.51589
-0.173448 0.233446 0.77882
-0.159323 0.210665 0.700853
0.00447614 0.104432 0.817706
0.522613 -0.308596 1.29163
0.569119 -0.171881 1.24546
0.197915 -0.428156 1.71775
0.256949 -0.356231 1.60327
0.556577 -0.263084 1.40261
-0.0929664 0.188892 0.691867
-0.157468 0.0600886 0.68911
0.51368 -0.374255 1.28378
-0.147993 0.0408158 0.727613
-0.151186 0.0424115 0.749623
0.533527 -0.448375 1.28189
0.539361 -0.157619 1.29278
0.512048 -0.462206 1.35502
0.355596 0.161563 0.665887
0.504973 -0.372539 1.44341
0.539146 -0.230665 1.28735
-0.148276 0.0422438 0.739232
0.488168 -0.482057 1.3209
-0.15824 -0.139093 0.780247
0.00494411 0.104521 0.81754
-0.167365 0.029652 0.745648
-0.130771 0.00846164 0.721721
-0.167197 0.132914 0.738642
-0.1301 0.00715231 0.737961
0.266481 -0.36797 1.63423
-0.142194 -0.0190188 0.713604
0.289657 -0.070982 1.48811
0.140107 -0.317979 1.59215
-0.131114 0.103296 0.708012
-0.164362 0.132986 0.81888
-0.180659 0.0313895 0.631773
-0.836269 -0.238216 1.92652
0.268704 -0.389083 1.60907
0.469772 -0.337919 1.38045
-0.33302 0.412411 1.59633
-0.276048 0.0125498 1.25087
-0.0091901 -0.0522777 0.837792
-0.150474 0.262291 1.00112
-0.224669 0.0485993 0.669467
-0.125777 0.114508 0.651426
0.214544 0.114473 1.35909
-0.294319 0.36682 1.30711
-0.338345 0.146216 1.25239
0.587096 0.115589 1.03692
-0.132044 0.229854 0.76068
0.324379 0.171346 0.642929
-0.243364 0.0455307 0.948605
-0.365413 0.357749 0.869344
-0.235742 0.126483 1.03212
-0.246211 0.121389 1.13242
-0.22426 0.397657 1.47655
0.228618 0.287313 1.04637
-0.00543328 0.0182368 0.785941
-0.129322 0.242814 0.861918
-0.128992 0.252325 0.963445
-0.0992596 0.0824834 0.682445
-0.0532562 0.10022 0.728359
-0.13652 -0.0120347 0.665094
-0.162468 0.141701 0.729149
-0.105969 0.235066 0.821431
0.364616 0.166313 0.669503
0.0588928 -0.00980155 0.344352
-0.128902 0.166099 0.115311
0.572762 -0.171311 1.25013
0.511006 -0.120998 1.3226
0.47024 -0.14883 1.37434
0.308453 -0.456114 1.58359
0.68492 -0.206607 1.10363
0.237835 -0.451334 1.60653
-0.138067 0.0933316 0.283509
-0.0737175 0.0179587 0.874961
0.338268 0.152432 0.652388
-0.155013 0.0248824 0.883705
0.0276596 0.144272 0.696579
0.286736 0.121159 0.689009
-0.102346 -0.0705563 0.73658
-0.191186 0.117948 0.738645
-0.196275 0.0967818 0.766557
-0.0659056 0.136461 0.708676
-0.13537 -0.0861914 0.760315
-0.147894 -0.126403 0.760338
-0.115011 0.13473 0.651404
-0.0436464 0.000753804 0.689413
0.0318062 0.18851 0.8694
-0.0939403 0.192346 0.699409
-0.132804 0.143368 0.678601
0.0610348 0.160725 0.81245
-0.0904981 0.0660045 0.702703
-0.138058 0.0245741 0.744707
0.165039 0.0801278 1.05443
-0.0862595 0.0173012 0.699939
-0.0895986 0.150402 0.676871
0.310483 0.133411 0.711358
-0.0989603 0.0593477 0.732996
0.038465 0.0423659 0.838278
-0.0919922 0.165513 0.674609
-0.0824477 -0.111029 0.733099
-0.151036 0.0353701 0.742763
-0.0879453 -0.107991 0.713214
-0.124517 0.105518 0.697354
0.285341 -0.369331 1.66618
0.229035 -0.297889 1.83636
-0.0835213 0.0186334 0.737727
0.257507 -0.358221 1.6105
0.295128 0.0046338 1.5996
0.360312 0.0576224 1.38146
0.0348059 0.20433 0.920096
-0.0871685 0.152569 0.675275
-0.0951687 0.0595655 0.704225
-0.086253 -0.11064 0.722079
-0.0462057 0.153527 0.689524
-0.104257 -0.0743748 0.74753
-0.156837 0.0315543 0.747077
-0.0803576 0.128953 0.711064
-0.0749212 0.0250953 0.693677
-0.131233 0.0567171 0.63121
-0.0548869 0.106445 0.718738
-0.102047 -0.139009 0.75658
-0.177403 0.158967 0.743842
-0.0670906 0.0135308 0.751383
0.0278697 0.025109 0.8264
-0.0747737 0.167804 0.645258
-0.0753171 -0.132252 0.733117
0.302394 0.137699 0.591204
-0.0518099 -0.0275432 0.694722
-0.207657 0.200556 1.04315
-0.0770819 0.126955 0.722182
-0.0535617 0.110975 0.716021
-0.156985 0.0816726 0.753651
-0.0579439 0.0167821 0.810401
0.0288483 0.127169 0.647118
-0.131241 0.194462 0.792865
-0.15602 -0.126363 0.755115
0.203764 0.104623 0.701507
0.0193402 0.00845766 0.845396
0.496406 -0.132053 1.33561
0.610131 -0.225105 1.16041
0.49803 -0.0345903 1.36891
0.641911 -0.0698997 1.16234
0.669531 -0.197185 1.13184
0.539692 -0.175127 1.26501
0.482106 -0.358018 1.38221
0.530269 -0.15276 1.30611
-0.0401426 0.130349 0.744235
0.289487 -0.258812 1.53784
0.625904 -0.295689 1.17667
0.66889 -0.324226 1.12493
0.670405 -0.169048 1.13495
0.619796 -0.15658 1.20719
0.571491 -0.189515 1.23451
0.536074 -0.284077 1.29005
0.424149 -0.454748 1.42137
0.538731 -0.286184 1.29714
-0.226191 0.153557 0.410064
0.274389 0.104869 0.727969
0.62589 -0.223807 1.1338
0.579239 -0.235148 1.24195
0.567609 -0.130539 1.26756
0.464387 -0.346903 1.38177
-0.113325 0.0883515 0.772308
0.654577 -0.270712 1.12492
-0.0580785 0.0637524 0.474123
0.635956 -0.350453 1.15806
0.648619 -0.323495 1.17185
-0.177831 -0.140042 0.799286
0.00405933 0.273174 1.20646
0.65175 -0.201752 1.15529
-0.178958 0.127478 0.306486
0.157015 0.164249 0.635139
0.482897 -0.556628 1.42727
-0.226586 0.120788 0.86938
0.153084 0.164035 0.625712
-1.14164 -0.569024 2.53844
0.285719 -0.432523 1.57217
-0.983086 -0.464672 2.12659
0.290545 -0.142333 1.54716
-0.130729 -0.111746 0.759783
0.206403 -0.248081 1.11053
0.446419 -0.301262 1.38983
0.255059 -0.00794294 1.63377
0.156531 -0.248279 1.76701
0.425521 -0.173653 1.4489
0.210753 -0.0637296 1.66556
0.570705 -0.0801957 1.25252
-0.219658 0.161849 0.437048
-0.183225 0.206834 0.420647
-0.277667 0.183797 0.488738
-0.215617 0.207981 0.433526
-0.23212 0.16632 0.401049
-0.208603 0.240672 0.48078
-0.36625 0.188023 0.554565
-0.306797 0.192257 0.546663
0.0838746 0.175852 0.936622
-0.138953 0.184294 0.600205
-0.444397 0.405453 0.936409
-0.09901 0.201019 0.52612
-0.20796 0.200392 0.516683
-0.203799 0.223941 0.439839
-0.23744 0.214041 0.485035
-0.152312 0.118642 0.614633
-0.156894 0.107265 0.524458
-0.555608 0.433333 0.945649
0.030052 0.256589 0.587731
-0.219139 0.199055 0.462238
-0.216966 0.144994 0.458161
-0.490113 0.422371 0.973357
-0.49015 0.194242 0.79082
-0.66749 0.250345 0.897232
-0.173641 0.177698 0.323742
-0.417536 0.293227 0.648583
-0.511567 0.316787 0.596843
-0.0842515 0.195952 0.522354
-0.259705 0.11786 0.45601
-0.30534 0.072889 0.584143
-0.636939 0.504047 2.30327
0.00841509 0.0515401 0.8177
-0.209363 0.194608 0.38085
-0.370934 0.085806 1.0137
-0.0674117 -0.304907 4.51027
-0.205466 0.19353 0.362317
0.510708 -0.417904 1.30521
-0.216172 0.0367789 0.913367
-0.1452 0.132898 0.357885
-0.229913 0.178718 0.425524
0.664874 -0.167262 1.13129
-0.210232 0.194461 0.380236
-0.14599 0.142418 0.290998
-0.13618 0.209 3.10116
-0.180245 0.175417 0.228944
-0.0857553 0.0910371 0.72187
-1.21488 -0.179978 2.68736
0.398014 -0.157271 1.36137
0.422638 -0.484947 1.43827
0.280141 0.113208 0.709056
-0.149673 0.164478 0.146139
-0.149775 0.164492 0.146384
-0.182338 0.15105 0.474924
0.679319 -0.154636 1.11949
-0.142809 0.249104 0.815656
0.73878 -0.463048 1.13014
0.278161 -0.536324 1.60913
0.0387932 -0.0784578 0.511279
0.511226 -0.162661 1.34586
0.565367 -0.218369 1.24748
-0.221023 0.0237672 1.03044
0.00568627 -0.130479 0.754837
0.599941 -0.22396 1.21641
0.672975 -0.271539 1.1339
-0.19241 0.181502 0.260404
-0.159627 0.154801 0.204031
-0.232491 0.153321 0.360401
-1.26433 -0.34425 2.49221
0.212031 0.0243946 0.797541
1.42886 -0.54934 1.9765
-0.122204 -0.0204755 0.682871
-0.187212 -0.0246898 0.719247
-0.150964 0.0810788 0.332153
-0.112664 -0.079283 0.775265
-0.152792 0.173147 0.215114
0.137223 0.165868 0.573355
0.294463 0.102128 0.552422
0.606878 -0.122819 1.16519
-0.0833071 0.154072 0.192343
0.28265 -0.213483 0.774547
0.384631 0.0663592 0.652256
0.536013 -0.532323 1.32926
0.000866542 -0.583482 1.95909
0.540624 -0.398481 1.30101
-0.292454 0.191305 0.498936
-0.344212 0.241837 0.543892
-0.159591 0.136528 0.454208
-0.160304 0.138312 0.438999
-0.135223 0.215609 0.416925
-0.176366 0.0939069 0.614422
-0.184755 0.157782 0.352922
-0.2652 0.190282 0.471409
-0.293711 0.156938 0.458962
-0.172358 0.164664 0.421767
-0.385902 0.165396 0.576154
-0.25546 0.149155 0.442665
-0.17296 0.162765 0.432596
-0.177379 0.0997598 0.483941
0.276929 0.0460861 1.64607
-0.183473 0.204527 0.402273
0.0181989 0.218245 0.519453
-0.306896 0.198941 0.504352
-0.178087 0.167099 0.411552
-1.67381 -0.44247 2.70151
-1.67968 -0.424306 2.79683
0.045976 -0.466747 1.92699
0.326811 -0.0128638 1.49372
0.489622 -0.485092 1.35836
-0.523677 0.493161 0.855564
-0.00475207 0.210157 0.35392
-1.18965 -1.18447 3.51213
-0.193515 0.156758 0.414633
0.0243595 0.257592 0.608052
-0.00871557 0.215255 0.46185
-0.106375 0.211112 0.546916
-0.183945 0.198878 0.306289
-0.0165591 0.229428 0.498948
-0.259595 0.1874 0.436969
-0.110347 0.207341 0.523161
-0.258359 0.289603 0.738713
-0.204488 0.193262 0.12218
0.41042 -0.0901058 1.42067
0.300977 -0.15529 1.46921
-0.04208 0.145839 0.732585
0.284399 -0.542491 1.62579
0.53277 -0.427718 1.32808
-0.844946 -0.515229 2.40272
-0.794432 -0.469441 2.24929
-0.221495 0.194056 0.2895
-0.161845 0.232878 0.726359
-0.167027 0.126584 0.184537
0.0288093 0.174283 0.805545
-0.159308 0.0257814 0.399407
0.0183984 0.175176 0.794059
0.606225 -0.280276 1.17431
0.539284 -0.457694 1.30762
-0.08067 0.110266 0.649081
0.336739 -0.0748368 1.40448
-0.13782 0.0947744 0.346569
0.426565 0.0449624 1.07616
-0.0360831 0.121197 0.583019
0.293604 0.122504 0.692392
0.21938 0.162441 0.478059
0.169659 -0.385204 1.74347
0.299749 -0.491666 1.63259
0.51145 -0.160484 1.30882
-0.0045551 -0.420265 1.96823
0.611121 -0.214652 1.19331
0.556031 -0.387988 1.21273
0.276221 -0.132563 1.5592
0.124967 -0.342525 1.77725
0.417854 -0.327557 1.45243
0.153211 -0.247288 1.75711
0.623675 -0.31451 1.17205
0.527809 -0.1244 1.34657
0.238284 0.0235941 1.65196
-0.212443 -0.65585 2.25214
-0.534936 -0.656226 2.63774
0.532875 -0.115155 1.30313
0.625651 -0.239782 1.16171
0.598608 -0.22694 1.22054
0.157417 -0.371203 1.72787
0.255211 -0.347017 1.53035
0.0915498 -0.611059 1.84167
0.207062 -0.230331 1.41791
0.2551 -0.276656 1.56862
0.614365 -0.170688 1.19927
-0.153719 0.0529956 0.583037
0.622834 -0.299802 1.18309
0.592045 -0.0995958 1.19467
0.208064 -0.058909 1.67759
0.507442 -0.141686 1.2892
0.132582 -0.326243 1.58511
-0.157018 0.0398164 0.988119
0.0902497 -0.613957 1.85786
-0.293225 0.193139 0.462325
-0.360303 0.135904 0.554967
-0.276055 0.326482 0.405054
-0.195606 -0.122203 1.54153
-0.273645 0.321988 0.396083
-0.336117 0.272409 0.341567
-0.16785 0.184133 0.311748
-0.226872 0.217806 0.43076
-0.400539 0.382495 0.538872
0.145664 0.273771 0.690199
-0.158149 0.191002 0.429142
-0.215276 0.151915 0.410886
-0.264737 0.131822 0.477681
-0.147945 0.188416 0.361275
-0.317596 0.351944 0.461519
-0.153743 0.125622 0.487743
-0.0791828 0.236124 0.76596
-0.211554 0.163203 0.438695
-0.487345 0.338208 1.0748
-0.636343 0.40806 1.54039
-0.238415 0.211575 0.483648
-0.250218 0.139956 0.45047
-0.19761 0.196793 0.23469
-0.471821 0.25658 0.627558
-0.23772 0.134397 0.456568
0.129592 -0.038441 1.80754
0.128039 -0.0352032 1.78217
-0.455422 0.435437 0.660456
-0.181186 0.153956 0.369695
0.28192 0.104319 1.62024
-0.183707 0.116165 0.408882
-0.256941 0.173216 0.455795
-0.232635 0.163672 0.432567
-0.436414 0.226184 0.616451
-0.266539 0.145065 0.423238
-0.193659 0.157546 0.40401
-0.217344 0.184916 0.395428
-0.193599 0.157195 0.410759
-0.213252 0.202607 0.404365
-0.313797 0.321862 0.403986
-0.288962 0.234147 0.350225
-0.168339 0.183701 0.341896
-0.196373 0.253701 0.458389
-0.469159 0.38064 0.68625
-0.246473 0.304542 0.364395
-0.273749 0.32537 0.403003
-0.324567 0.321163 0.336652
-0.299685 0.23167 0.392937
0.266405 0.0440574 1.63661
-0.24651 0.122109 0.422627
-0.214349 0.199929 0.412634
-0.674417 0.537828 0.943124
-0.666806 0.055718 1.06803
-0.453937 0.253392 0.594214
-0.175454 0.205223 0.309276
-0.241742 0.130204 0.482707
-0.194813 0.141565 0.412925
-0.891068 0.43058 1.21301
-0.247243 0.143485 0.399454
-0.241427 0.144485 0.448123
0.307564 0.0307976 1.52253
0.451819 -0.303011 1.39685
-0.364282 0.513122 0.823184
-0.242163 0.171697 0.449812
0.201554 -0.17814 1.64297
-0.254675 0.1302 0.423076
-0.221725 0.107894 0.409043
-0.205846 0.130129 0.440352
-0.186471 0.109479 0.448023
-0.301838 0.157205 0.668039
0.198731 -0.359865 1.64711
-0.250404 0.0886685 0.630052
-0.260027 0.0815668 0.578983
0.257693 -0.175084 1.60094
0.0922435 0.227426 0.631644
0.0327494 0.229876 0.553451
-0.172184 0.210642 0.440104
-0.335331 0.327936 0.771385
-0.301293 0.171672 0.493484
-0.160474 0.19112 0.411025
0.225367 -0.0998029 1.63152
-0.159078 0.187935 0.385153
-0.177197 0.187031 0.284774
-0.20884 0.200036 0.368675
-0.189485 0.199675 0.265999
0.223856 -0.60813 1.62883
0.532044 -0.386393 1.28435
0.535673 -0.336983 1.27018
0.130136 0.155942 0.642849
0.238113 0.166149 0.532627
-0.20274 0.218734 0.731928
-0.172213 0.300134 0.716295
-0.193635 0.17809 0.199765
-0.239123 0.327602 2.23865
-0.132865 0.239523 0.472604
-0.154253 0.131984 0.506287
-0.205898 0.172585 0.191246
-0.253676 0.274309 0.681112
-0.185936 0.1538 0.373953
-0.209456 0.160103 0.423281
0.0738533 0.199509 0.563646
-0.208973 0.180399 0.376313
-0.232721 0.222244 0.494669
-0.221178 0.160357 0.45234
-0.0107322 0.210659 0.401285
-0.139601 0.211469 0.434842
-0.0950384 0.116551 0.638
0.0906767 0.211747 0.641201
-0.21923 0.211177 0.454204
-0.186603 0.17226 0.390821
-0.0211709 0.2415 0.520408
-0.239245 0.14877 0.421468
-0.144073 0.139079 0.476834
-0.340574 0.336149 0.779244
-0.212392 0.254013 0.56211
-0.170112 0.173364 0.22661
-0.235084 0.170332 0.412137
-0.187431 0.18014 0.21563
-0.221058 0.231518 0.381506
-0.361195 0.296579 0.883507
-0.222561 0.185831 0.373461
-0.246645 0.19732 0.47946
-0.21138 0.181266 0.386576
-0.236674 0.185397 0.454723
-0.216222 0.209298 0.430174
-0.583025 0.390467 0.755835
-0.153467 0.194018 0.560323
-0.179092 0.0294682 0.877813
-0.521344 0.423544 0.855618
-0.173331 0.142529 0.4313
-0.23059 0.149399 0.329339
-0.180852 0.155093 0.423925
-0.204261 0.133798 0.415453
-0.197759 0.120192 0.386925
-0.215157 0.158051 0.466279
-0.236032 0.151694 0.370906
-0.210838 0.165546 0.422358
-0.270299 0.0676155 0.643872
-0.186526 0.116599 0.397057
-0.236961 0.186768 0.4706
0.00630662 0.234455 0.504616
-0.273817 0.116926 0.491846
-0.394448 0.378572 0.801149
-0.199018 0.168588 0.39845
0.0174589 0.221032 0.522546
-0.444766 0.372336 0.685379
-0.204927 0.130185 0.436888
-0.576999 0.613863 1.03126
-0.214641 0.178264 0.41548
-0.258965 0.15766 0.459258
-0.358135 0.309245 0.487961
0.0281605 0.096466 0.592997
-0.270588 0.196698 0.480226
0.251406 -0.00552004 1.62468
0.194589 0.0610376 1.70686
0.214457 -0.0516037 1.65606
-0.031655 0.251256 0.432288
-0.249208 0.108405 0.474647
-0.525345 0.434167 0.714813
-0.105494 0.176121 0.593033
-0.303365 0.195029 0.490306
-0.269528 0.152504 0.459297
-0.239354 0.146447 0.450965
0.147634 -0.22771 1.72229
0.485393 -0.0329172 1.33952
0.490947 -0.315698 1.34904
0.325433 -0.165817 1.49103
0.493094 -0.075728 1.32076
0.102819 -0.502285 1.79523
-1.44554 -0.399066 2.88862
0.278065 -0.413201 1.64789
0.183545 -0.36104 1.72177
-1.39233 -0.245746 2.79108
-0.167983 0.170832 0.183746
-0.312304 0.186228 0.379811
-0.401062 0.185678 0.768273
-0.5199 0.319863 0.68686
-0.175539 0.204221 0.30292
-0.229998 0.0933563 0.477525
-0.361362 0.17289 0.575229
-0.201047 0.104769 0.578736
-0.196023 0.137218 0.447955
-0.230818 0.162468 0.425968
0.513464 -0.271257 1.31874
0.313056 -0.308541 1.53976
-0.250733 0.145297 0.431955
0.177187 0.0215115 1.75462
-0.178543 0.162907 0.453633
-0.287997 0.0900558 0.471091
0.0342606 0.133528 0.885749
-0.173542 0.188249 0.307321
-0.170294 0.181373 0.336767
-0.176612 0.196581 0.254015
0.239991 0.0239622 1.6396
-0.245848 0.155673 0.38611
-0.186073 0.171386 0.391294
-0.211201 0.17951 0.366306
-0.174221 0.187347 0.27795
-0.872059 0.16312 1.30393
-0.161139 0.184679 0.418314
-0.237844 0.196444 0.443892
-0.218055 0.196474 0.384317
-0.87301 0.102062 1.21783
-0.235188 0.108161 0.450835
-0.256528 0.153927 0.401273
-0.17504 0.282444 0.625501
0.579981 -0.208297 1.24234
0.140494 -0.222369 1.50607
-0.232418 0.155374 0.534875
-0.353472 0.178625 0.508641
0.0274555 0.232719 0.575673
-0.219852 0.238902 0.509879
-0.80922 0.124301 1.5839
0.498616 -0.0106568 1.33911
-0.171304 0.211271 0.443728
-0.353397 0.182293 0.505983
-0.348563 0.170822 0.553877
0.402701 -0.0564869 1.43399
-0.148749 0.186192 0.494451
0.253112 -0.307745 1.62173
0.457145 -0.232432 1.38081
0.47474 -0.17388 1.35811
0.428639 -0.0841143 1.3929
-0.191742 0.188358 0.347581
-0.0712397 0.218506 0.348494
-0.441741 0.224533 0.656683
-0.204273 0.212026 0.420738
-0.225474 0.135622 0.402707
-0.28226 0.204021 0.544796
-0.244839 0.138371 0.395059
-0.105093 0.217074 0.565128
-0.192193 0.1598 0.375028
0.149046 -0.167572 1.20229
0.0445732 0.264669 0.688146
-0.265697 0.174277 0.480369
0.46705 -0.0900962 1.32671
0.172347 -0.344941 1.7139
0.140701 -0.124953 1.73043
0.44082 -0.119321 1.39151
-0.122371 0.221722 0.428089
0.301206 -0.077108 1.5206
-0.201312 0.167519 0.422153
-0.259317 0.173012 0.462838
-0.178809 0.195462 0.27073
-0.386028 0.429723 0.63243
-0.533681 0.272613 0.742114
-0.569275 0.354142 0.683399
-0.490314 0.330497 0.846888
-0.243448 0.0984713 0.49312
-0.0378924 0.219228 0.355351
-0.203407 0.225318 0.46127
-0.272172 0.155863 0.445103
-0.553988 0.3765 0.691558
-0.328711 0.317063 0.388317
-0.0129941 0.247069 0.442453
0.0601097 0.255406 0.693125
0.0040377 0.264743 0.509532
-0.298637 0.195756 0.547717
-0.179709 0.13906 0.34455
-0.191747 0.187062 0.389882
-0.0613651 -0.597361 2.19314
-0.26383 0.101372 0.48545
0.327982 -0.166641 1.50707
-0.266806 0.190193 0.451698
-0.375542 0.178576 0.53319
-0.304938 0.190802 0.50579
-0.232247 0.182186 0.437193
-0.353016 0.152732 0.556008
-0.169215 0.194866 0.395509
-0.262853 0.284399 0.756022
-0.131043 0.118261 0.542547
-0.220473 0.11093 0.399095
0.190701 -0.25735 1.62861
-0.344642 0.180206 0.489091
0.272275 -0.24998 1.57052
-0.225555 0.198319 0.537946
-0.198955 0.157954 0.394672
-0.168302 0.165931 0.462025
0.0380808 0.223149 0.569884
-0.0443615 0.232081 0.377515
0.0250146 0.227505 0.534422
0.0495299 0.226956 0.551792
0.0664569 0.249089 0.641243
-0.232845 0.118164 0.479623
-0.282578 0.303655 0.817163
0.28909 -0.0456726 1.13399
0.128465 0.203164 0.680001
-0.163594 0.19332 0.362153
-0.144808 0.153447 0.478002
-0.331545 0.324618 0.712721
-0.457357 0.415257 0.97668
-0.425803 0.287955 0.701416
-0.198358 0.169198 0.393801
-0.229167 0.157738 0.416831
-0.343358 0.330095 0.928237
-0.224433 0.160808 0.398287
-0.134177 0.233218 0.576477
-0.201999 0.107459 0.454617
0.131167 0.230063 0.696851
-0.205065 0.215108 0.439347
0.00875195 0.253151 0.562113
0.0281416 0.214275 0.543983
-0.180472 0.174772 0.178552
-0.199959 0.169068 0.399718
-0.26696 0.153258 0.453538
-0.211493 0.261116 0.605055
0.362684 -0.207781 1.45623
-0.51157 0.27096 0.719097
-0.657467 0.343948 0.939934
-0.146044 0.214479 0.416393
-0.248668 0.164728 0.435133
-0.231188 0.167875 0.393854
-0.52397 0.42061 0.80382
-0.177654 0.183202 0.380091
-0.396214 0.107096 0.631884
-0.411169 0.403112 0.866041
-0.273502 0.364869 0.634485
-0.22535 0.17653 0.391369
-0.34087 0.167602 0.516507
0.451149 -0.326613 1.36361
-0.111565 0.209081 0.509347
0.262706 -0.360802 1.59751
-0.15028 0.164168 0.369492
0.309918 -0.00835281 1.53194
0.207593 -0.0636671 1.68122
0.0819697 0.171903 0.928328
-0.213774 0.159905 0.411227
-0.130616 0.236794 0.447311
-0.32228 0.290801 0.336583
-1.08036 0.533507 2.87032
-0.525578 0.351536 1.79262
0.108522 -0.0929248 1.80269
-0.31464 0.13417 0.512606
0.288926 -0.142691 1.5354
0.166298 -0.228786 1.71985
0.193034 0.0625265 1.67889
-0.265097 0.154288 0.448695
-0.345327 0.171719 0.628528
-0.201247 0.139449 0.377633
-0.276818 0.17133 0.504476
0.0955113 0.212681 1.34455
-0.214011 0.140723 0.344304
-0.238105 0.136063 0.38773
-0.202321 0.166559 0.423427
-0.178312 0.172332 0.609161
0.491698 -0.292311 1.37003
0.464574 -0.392777 1.37911
-0.228999 -0.53527 2.30766
0.303273 -0.0810003 1.54072
-0.152315 0.231764 0.390872
-0.211841 0.200897 0.392465
-0.17547 0.148188 0.307852
-0.428595 0.421292 0.73923
-0.296133 0.193488 0.472454
-0.176523 0.108697 0.454436
-0.239623 0.183629 0.460352
-0.248465 0.145974 0.422483
-0.117929 0.160551 0.550121
-0.27594 0.180134 0.496757
-0.270785 0.0570637 0.560718
0.0166232 0.181224 0.712365
-0.228944 0.242332 0.476805
-0.534935 0.353697 0.920429
-0.294968 0.164303 0.485835
-0.174475 0.140634 0.358968
-0.15664 0.149718 0.309306
-0.286805 0.0863364 0.482197
0.303115 -0.267939 1.53974
0.150254 -0.408051 1.95755
0.457048 -0.371878 1.41658
-1.46396 -0.223457 2.83499
-0.138389 0.219032 0.954367
0.0804072 0.205547 0.631119
-0.285521 0.244307 1.1731
-0.230621 0.0952269 0.464925
-0.21579 0.190659 0.352693
-0.208042 0.248966 0.528506
-0.0198137 0.233272 0.389238
-0.26648 0.133284 0.453383
-0.340665 0.243228 0.501531
-0.225896 0.182244 0.395093
-0.279712 0.111279 0.509258
-0.220656 0.149993 0.43072
-0.449557 0.0957747 0.752865
-0.227964 0.14044 0.260727
-0.487841 0.047418 0.885481
-0.316762 0.0864982 0.497463
-0.206252 0.196493 0.144889
-0.249607 0.188227 0.250579
-0.161995 0.189876 0.267123
-0.190062 0.125502 0.374262
0.0109678 0.25553 0.580659
-0.215375 0.181141 0.404702
0.294772 -0.0744708 1.51132
0.493328 -0.0437718 1.32001
-0.183995 0.194917 0.375679
0.0381501 0.243213 0.57706
-0.186582 0.189146 0.394837
-1.49486 -0.231043 2.88642
0.148426 -0.264695 1.735
0.225408 -0.472757 1.66726
0.520878 -0.398248 1.31977
0.230804 -0.292238 1.62601
-0.00543666 -0.422511 1.98148
-0.253001 0.109685 0.533349
-0.325113 0.226319 0.519999
0.100936 -0.506127 1.81446
-0.632403 0.328447 0.819612
-0.151791 0.222477 0.432532
-1.50169 -0.166219 2.82315
-1.56167 0.0565517 2.59308
-0.187876 0.15944 0.191327
-0.255204 0.147914 0.442105
0.147199 0.232918 0.726702
0.224018 -0.016652 1.67683
0.298315 -0.360843 1.5459
0.304844 -0.447148 1.56225
-0.157819 0.182812 0.153837
-0.165268 0.185452 0.141559
-1.5369 -0.178161 2.85221
-0.043475 0.236357 0.45865
0.445763 -0.0821808 1.38532
0.147752 -0.455414 1.72325
-0.200761 -0.569445 2.19095
-0.152073 0.160799 0.345812
0.0106842 0.212972 0.432777
-0.256793 0.145864 0.434434
0.417697 0.251543 1.11417
0.0644352 0.21281 0.50745
0.155277 0.252058 0.86269
-1.35704 -0.479611 3.10439
-1.6657 -0.251046 2.75458
-1.53097 0.146988 2.52909
0.0557948 0.224211 0.533829
0.0647582 0.200554 0.451982
0.0320221 0.217034 0.509394
-0.000300424 0.195896 0.353465
-0.0240247 0.219339 0.36828
0.00799649 0.212522 0.358621
0.0194519 0.237366 0.521641
0.0114924 0.205614 0.42024
-0.489183 0.456765 0.766139
0.0762399 0.211278 0.532098
0.270871 -0.374699 1.64428
-0.0322867 0.203238 0.66239
0.146618 0.208848 0.606286
0.347714 -0.533482 1.56709
0.127567 0.2084 0.575641
-1.23796 -0.637715 2.77362
0.0795454 0.226917 0.590319
0.100488 0.219713 1.17822
0.0459235 0.259583 0.684973
0.0709481 0.22711 0.562421
0.0606902 0.200463 0.444741
-0.212411 0.16658 0.168062
-0.0499644 0.209075 0.291909
-0.198376 0.227773 0.389223
-0.0525058 0.209217 0.301855
-0.195748 0.168923 0.155621
-0.208611 0.182287 0.259279
-0.184233 0.17102 0.133574
-0.190482 0.165511 0.161789
-1.68106 -0.484868 2.75161
-1.55009 0.298992 2.59649
-1.53091 0.299954 2.5724
-0.199117 0.167432 0.31825
0.153606 -0.050657 1.78278
0.234295 -0.342178 1.63184
-1.34284 -0.50382 2.97524
-1.41328 -0.482459 3.02931
-0.229909 0.118515 0.383555
0.514567 -0.389747 1.30429
0.516428 -0.304587 1.27387
0.144055 -0.553179 1.73717
-1.48599 0.0270103 2.59259
-1.57712 -0.221843 2.60007
-1.45421 -0.509259 3.11196
-0.429148 0.356186 0.65617
-0.370697 0.351038 0.466237
-0.168198 0.17078 0.181752
-0.45889 0.373879 0.723686
-0.280824 0.234994 0.318762
-1.28602 -0.23871 3.04465
0.249489 0.115753 1.59257
-0.248713 0.147561 0.556877
-0.192358 0.14993 0.236465
-0.221872 0.165616 0.237986
-0.16823 0.180212 0.368804
-0.423474 0.500326 0.735488
-0.306758 0.149051 0.508831
0.07464 0.264703 0.626755
-0.465162 0.531651 0.844298
-0.178295 0.104124 0.487902
-0.545153 0.315219 1.06324
-0.428007 0.509671 0.79076
-0.360087 0.147942 0.56591
-0.248753 0.139881 0.448483
-0.233415 0.161137 0.352124
-0.211078 0.15964 0.437321
-0.220271 0.185139 0.279284
-0.31438 0.15823 0.464785
-0.305851 0.154245 0.434092
-0.274708 0.190191 0.434854
-0.246408 0.143995 0.41205
-0.213154 0.182874 0.398276
-0.302533 0.150617 0.492314
-0.270363 0.148429 0.360128
-0.509098 0.180415 0.807911
-0.175913 0.120265 0.392443
0.446437 -0.245921 1.41992
-0.10133 0.275567 0.676977
-0.216219 0.125626 0.503887
-0.0782033 0.296883 0.808395
-0.199867 0.10458 0.482684
-0.178 0.115396 0.389414
0.215629 -0.104864 1.64438
0.105973 -0.345612 1.71862
0.291001 -0.260631 1.54161
0.0965102 0.201143 0.608954
0.1787 0.0737778 1.73155
0.166716 -0.336119 1.69179
-0.246997 0.267511 0.635796
0.0318387 0.252422 0.547429
-0.571543 0.520754 0.933841
-0.11173 0.126139 0.578272
-0.0944617 0.207194 0.273377
-0.378483 0.284918 0.576166
-0.487571 0.405293 0.753569
-0.360294 0.262415 0.553785
-0.173241 0.174852 0.196244
0.00657157 0.233411 0.490093
-0.39008 0.270814 0.619539
-0.374995 0.241041 0.410565
-0.334103 0.264025 0.476933
-0.384751 0.266983 0.396747
0.542755 -0.110065 1.25939
0.0509542 -0.471467 1.91947
-0.368272 0.320224 0.398192
-0.494505 0.460239 0.7831
0.474796 -0.355148 1.36924
-0.564311 0.317219 0.698058
-0.379884 0.242248 0.433651
0.458581 -0.234183 1.38458
-0.757381 0.720437 3.00602
0.373746 -0.44354 1.5923
0.416064 -0.501215 1.4454
0.218033 -0.271314 1.63361
-0.0264535 0.225262 0.313385
0.0772587 -0.578645 1.81153
0.162142 -0.625989 1.75648
-0.175492 0.174029 0.160617
-0.142719 -0.501067 2.23935
-0.0711217 0.228901 0.313693
-0.013613 0.218134 0.371509
-0.0205685 0.215365 0.33949
-0.0202721 0.237259 0.51239
0.0302344 0.214383 0.408038
-0.466116 0.241531 0.659463
0.444692 -0.447191 1.4465
0.0260052 0.261075 0.602978
0.288216 -0.406405 1.68609
-0.20062 0.168078 0.296509
0.149136 -0.449239 1.77225
0.259305 0.0897062 1.64788
-1.52721 -0.844954 3.46183
0.128058 -0.402383 1.7818
-0.196444 0.169322 0.146012
0.23655 0.00159389 1.65238
0.205326 -0.429546 1.72359
-0.214405 0.143973 0.261837
0.367548 -0.110662 1.47233
0.508536 -0.334644 1.36136
-0.370151 0.369345 0.597764
-1.5771 0.298262 2.62814
-1.1836 0.155324 1.90608
0.25666 -0.327138 1.52495
0.0895821 0.209355 0.6502
0.354161 -0.345063 1.5793
0.415601 -0.475379 1.42057
0.4248 -0.460614 1.43063
0.430659 -0.128302 1.42251
-0.114874 0.208765 0.681987
-1.70754 -0.57608 2.81118
-0.574431 0.130464 0.733676
0.127755 -0.352386 1.80257
0.401691 -0.348451 1.45781
-0.472066 0.273054 0.625279
0.180792 0.0949253 0.850766
0.042401 0.205834 0.561978
0.00173463 -0.442696 2.03229
0.323937 0.0385318 1.18824
0.458254 -0.550911 1.43597
0.0912348 0.163809 0.505573
0.508353 -0.226816 1.29174
-0.170389 0.177226 0.170171
0.281363 -0.415264 1.63299
-0.276898 0.258557 1.15518
-0.140451 -0.492995 2.1872
0.516969 -0.38474 1.35209
0.182879 0.0695268 1.74366
0.232694 -0.394604 1.6277
0.522594 -0.186665 1.29133
-1.72445 -0.678205 2.81199
-0.700252 0.29513 1.11564
-0.897916 0.0970719 1.26353
-0.723553 0.564696 1.29785
0.408995 -0.230713 1.42137
-0.143229 -0.476804 2.17958
-0.175552 0.178025 0.192339
0.0994121 0.203435 0.606877
-1.67501 -0.480587 2.73883
-0.189115 0.171041 0.372068
0.309616 -0.159492 1.53001
0.302362 -0.0778348 1.53598
0.19588 -0.389093 1.70214
0.0256188 -0.440321 1.92238
-0.351011 0.347029 0.831132
-0.541306 0.251586 0.767044
-0.617652 0.349254 0.769111
0.130765 -0.225066 1.78008
-0.458956 0.420655 0.987383
0.318809 -0.165461 1.46853
0.491193 -0.363804 1.36783
0.345337 -0.154765 1.46091
0.452713 -0.439545 1.38071
0.311405 0.0327455 1.526
0.522785 -0.0642404 1.24374
0.513414 -0.16037 1.31021
-1.50635 -0.407876 2.97827
0.515146 -0.175105 1.2971
0.500266 -0.445201 1.32916
-0.117605 0.171744 0.257111
-0.255434 0.200544 0.314034
-0.412697 0.299881 0.623027
-0.578897 0.318533 0.800517
-0.401071 0.293075 0.593439
-1.46739 -0.406761 2.92556
-0.14705 0.102829 0.256106
0.303117 -0.15831 1.53629
-1.50996 -0.170755 2.82817
-1.45339 -0.26912 2.95732
0.128589 0.288944 0.901192
-0.493806 0.458685 0.777596
-0.144849 0.213309 0.403066
-0.271003 0.216023 0.234883
-0.19555 0.187431 0.397215
0.0791989 -0.490112 1.84855
-0.169412 0.168649 0.396924
-1.69856 -0.488199 2.7777
-1.69132 -0.127964 2.56099
-0.216367 0.161125 0.274776
-0.477475 0.124716 1.15089
-0.178473 0.149383 0.251058
-0.00316678 0.223622 0.420599
-0.210744 0.176945 0.224549
-0.178227 0.150335 0.246367
-0.200233 0.162489 0.29312
0.0504369 0.247931 0.615934
-0.19792 0.168624 0.316556
-0.18366 0.205749 0.422968
-0.192748 0.184284 0.130705
-0.197274 0.194673 0.217776
-0.196347 0.190365 0.113147
-0.151746 0.145244 0.431021
0.0876893 -0.599023 1.8698
-0.767406 0.605899 3.01153
0.101952 -0.145126 0.896773
-1.48713 -0.22875 2.86558
-0.774748 0.273005 1.06851
-0.192872 0.166579 0.287298
-0.727005 0.54774 3.01555
-0.238868 0.135 0.394273
-1.26625 -0.227001 3.00109
0.525416 -0.508378 1.41539
-1.38242 -0.64596 3.11837
-1.46269 -0.223059 2.82545
0.150914 -0.435842 2.19051
0.194493 -0.0381746 1.69868
0.142331 -0.389118 1.9037
0.313706 -0.158473 1.52125
0.245706 -0.00339071 1.61983
-1.48107 -0.0104145 2.63276
0.0682465 -0.216529 2.08546
0.229978 -0.101337 1.64161
0.336871 -0.313861 1.51228
0.202636 -0.366816 1.66231
0.28077 -0.264199 1.57624
-0.230647 0.197069 0.230234
-0.62325 0.314762 0.82708
0.145978 -0.6269 1.7813
-0.940488 0.0300492 1.31461
-0.184873 0.161002 0.184092
-0.217023 -0.732658 2.29638
-0.217614 -0.725023 2.28109
0.44272 -0.246001 1.34007
-0.773061 0.551539 3.04076
0.366775 -0.524642 1.56489
-0.140901 0.210043 0.368197
-0.361105 0.177903 0.660307
0.0978512 -0.327051 1.83946
-0.0446894 0.210065 0.300362
-0.0382043 0.215492 0.340696
-0.131728 0.1444 0.329431
-0.0563051 0.238876 0.371752
-1.55473 0.295671 2.5777
-1.08626 -0.0010936 1.55659
0.20937 -0.0663682 1.65235
-0.136068 0.201595 0.363713
0.252025 -0.480398 1.69367
0.0782495 0.226778 0.654188
-0.0287507 0.212995 0.32368
-0.0332219 0.204912 0.309488
-0.060928 0.207286 0.273018
-0.030759 0.205793 0.31336
-0.20901 0.178893 0.220352
0.105895 -0.349183 1.76772
0.127053 -0.354616 1.80079
-1.68297 -0.258002 2.78838
-0.141031 -0.667221 2.23341
0.0820841 0.206438 0.624146
-0.214639 0.0971942 0.449697
-1.06946 0.569493 2.81162
-0.376599 0.331499 0.425264
-0.0783566 0.215754 0.276622
-0.208391 0.201903 0.272937
0.255221 -0.296362 1.60953
-0.201496 0.168895 0.1752
-0.197202 0.168109 0.16921
-0.199057 0.199674 0.241012
0.193604 -0.418324 1.69627
-0.198879 0.148345 0.26712
-0.208809 0.149527 0.207878
-0.202437 0.150828 0.269944
-0.208659 0.145566 0.217295
0.0534285 0.227697 0.557988
-0.178176 0.181305 0.111479
-0.0345155 0.229873 0.417779
-0.1783 0.181364 0.112585
-0.154683 0.245741 0.695938
-0.51193 0.424148 0.688662
-0.154313 0.247435 0.713619
-0.173358 0.219163 0.555435
-0.123524 0.251026 0.758328
-0.151292 0.199937 0.608306
-0.194926 0.159789 0.274354
-0.0305486 0.218667 0.298907
-0.200432 0.147037 0.212459
-0.177419 0.149559 0.258457
-0.187941 0.164229 0.328122
-0.18865 0.184754 0.345148
-0.177372 0.269659 0.54693
-0.174603 0.187582 0.117726
-0.0591663 0.228136 0.308917
-0.0480573 0.217006 0.336317
-0.201372 0.170251 0.180536
-0.0318929 0.223534 0.305489
-0.0303607 0.214867 0.343365
0.0320616 0.2047 0.426076
-0.00665277 0.198112 0.349295
-0.206754 0.163403 0.236177
-0.195448 0.15868 0.195408
-0.0317632 0.212265 0.319946
-0.188559 0.182626 0.105609
0.000807413 0.260488 0.490059
-0.213019 0.168799 0.295556
-0.442625 0.319282 0.663741
-0.200804 0.163829 0.348901
0.340739 -0.387882 1.49105
0.0883385 -0.596672 1.85752
-0.128717 0.115017 0.391364
0.239851 0.0250944 1.67651
0.15131 -0.264077 1.73501
-0.178448 0.175291 0.319878
-0.213174 0.177508 0.382298
-0.442432 0.408535 0.657567
-0.137754 0.221565 0.486138
-0.206469 0.153004 0.188342
-0.220591 0.13895 0.246559
-0.0463518 0.233841 0.389988
0.0601049 -0.464746 1.87378
0.297422 -0.322262 1.54281
-0.056548 0.217111 0.267321
-0.162098 0.210481 0.31082
0.104223 -0.338362 1.80828
-0.135033 0.195769 0.586871
-0.0586761 0.213531 0.31309
-0.0752615 0.221289 0.288971
0.402469 0.0120251 1.00872
0.0854516 0.202578 0.635573
-1.58985 0.423276 2.51928
-0.0872762 0.224921 0.696252
0.228699 -0.00832861 1.68589
0.533468 -0.386356 1.29283
-0.998905 -0.440014 2.57502
-0.183342 0.186339 0.0871764
-0.376923 0.244793 0.448376
0.213043 -0.175018 1.66374
-0.228429 0.148035 0.271089
0.0100609 0.27994 0.867505
-0.215411 0.172847 0.289364
-0.199062 0.16269 0.22156
-0.205824 0.168165 0.209683
-0.0601831 0.0750876 1.27642
-0.206428 0.166911 0.169699
0.283642 -0.269666 1.5888
-0.00107207 -0.466561 2.08554
0.148165 -0.221437 1.76595
-1.50926 -0.166176 2.84753
-0.213635 -0.658362 2.2615
-0.0793542 0.228142 0.291418
-0.40708 0.253863 0.504048
-0.0675642 0.230599 0.322644
-0.221569 0.217015 0.171618
-0.163909 0.194646 0.397521
-0.2234 0.146618 0.223295
-0.223001 0.14693 0.222195
-0.234288 0.146419 0.376379
-0.206218 0.156144 0.27061
-0.185065 0.180088 0.1117
-0.195286 0.232516 0.43219
-0.224614 0.152661 0.22517
-0.407877 0.349792 0.678098
-0.16659 0.164098 0.532588
-0.200261 0.191495 0.167502
-0.199766 0.191274 0.166078
-0.192338 0.171647 0.148252
-0.561303 0.375504 0.943609
-0.209128 0.195554 0.506397
-0.208539 0.195613 0.500369
-0.176028 0.170541 0.219394
-0.366808 0.261779 0.426451
-0.20872 0.134996 0.300418
-0.193373 0.152698 0.254714
-0.222888 0.136183 0.262949
-0.506081 0.222977 1.07742
0.234839 0.564348 2.58839
-0.221563 0.156618 0.306091
-0.12358 0.188417 0.724624
-0.207367 0.193112 0.214076
-0.146851 0.212434 0.352386
-0.211958 0.126445 0.260523
0.0303826 0.224014 0.563637
