-0.274027 0.2443 0.741289
-0.179652 0.311103 0.811104
0.0901819 0.035079 0.424889
0.00946704 0.102713 0.421026
0.232802 0.064289 0.397155
0.0476777 0.144518 0.415828
-0.261051 0.113385 0.617246
0.0880179 0.099292 0.448835
-0.159097 0.120602 0.570003
-0.083505 0.0580237 0.435643
-0.270295 0.210171 0.799606
-0.271378 0.220364 0.790573
-0.307227 0.200853 0.773165
-0.0884774 0.0624394 0.281034
-0.0811258 0.0570638 0.425734
-0.253985 0.164545 0.687735
-0.272755 0.0558372 0.35949
-0.162237 -0.0950709 0.457761
-0.138489 -0.0802905 0.370831
-0.287723 -0.0475037 0.338754
-0.276112 0.0382404 0.388871
-0.293336 0.0210125 0.282479
-0.301032 -0.0184056 0.31442
-0.0486026 0.0460315 0.375398
-0.28013 0.0397396 0.305844
0.0885685 0.11145 0.41974
-0.0110174 0.198068 0.407031
-0.101559 0.0882796 0.408451
0.081774 0.106222 0.403071
-0.207433 0.0906624 0.545478
-0.140488 0.302171 0.769141
-0.109324 0.271594 0.706202
0.206277 0.123996 0.391679
0.218226 0.186464 0.393639
0.0619065 0.0275825 0.392004
0.204947 0.150242 0.389999
0.152931 0.116375 0.365201
-0.0567917 0.0681206 0.466582
0.0158861 0.12314 0.404479
0.00904429 0.104858 0.425978
0.110143 0.0549551 0.420914
-0.0890806 0.0851597 0.405341
-0.135421 0.273325 0.765487
-0.0905857 0.0854131 0.405157
-0.081264 0.0569374 0.424607
0.0200289 0.0523837 0.436904
0.0596034 0.162034 0.431633
-0.113176 0.1958 0.753957
-0.124205 0.112716 0.508536
0.0866016 0.128366 0.418543
0.176558 0.157513 0.383606
0.0885262 0.095612 0.407565
-0.0712971 0.023223 0.510399
0.0814588 0.143654 0.438329
0.101876 0.129112 0.438686
-0.0424119 0.00810583 0.0411464
-0.0425259 0.0138809 0.0545664
0.173212 0.10333 0.393644
0.0402344 0.139924 0.411483
0.0904027 0.0967406 0.413059
-0.210288 0.0262224 0.248383
-0.110773 0.0032564 0.377705
-0.109879 0.0988985 0.450379
0.0190172 0.052011 0.429631
-0.292586 0.113218 0.659737
-0.0316856 0.0461876 0.276463
0.210321 0.156204 0.400233
-0.0982155 0.241919 0.749366
-0.273744 0.267943 0.825838
0.0859827 0.108701 0.411247
-0.236712 0.28255 0.789638
-0.119378 0.228424 0.739809
-0.109873 0.231787 0.774455
0.198386 0.132004 0.385162
-0.137032 0.251659 0.751269
-0.166969 0.268661 0.769362
0.0641123 0.11846 0.434868
-0.213103 0.219561 0.788057
0.188279 0.115878 0.379139
-0.225746 0.231401 0.721913
-0.259435 0.257263 0.749031
-0.141418 0.242664 0.790811
-0.0810152 0.207462 0.733032
0.0476832 0.0722978 0.425789
-0.150978 0.240458 0.760468
-0.119173 0.295675 0.767197
-0.105935 0.146504 0.595951
-0.0771764 0.223407 0.797215
0.217446 0.144096 0.415479
0.305674 0.207398 0.550076
0.089328 0.0348989 0.416332
0.0222712 0.114257 0.41594
0.0790006 0.0915397 0.412319
0.106339 0.153712 0.404515
0.236431 0.15574 0.44837
0.205662 0.186868 0.406544
0.241715 0.165962 0.392557
-0.198476 0.186196 0.683936
-0.15225 0.226073 0.756031
-0.248344 0.229347 0.773628
-0.27019 0.257114 0.818
-0.218965 0.172712 0.747873
0.025188 0.111711 0.410902
-0.215054 0.244308 0.784559
-0.0669867 0.183084 0.684594
0.0734534 0.0829278 0.108269
0.202135 0.15533 0.393679
0.198137 0.121506 0.380177
0.0202973 0.26682 0.5417
0.19417 0.11922 0.386784
0.168789 0.14963 0.370902
-0.175787 0.0639821 0.417334
-0.27566 0.275931 0.805702
0.0695419 0.0918901 0.418481
-0.0815388 0.0723583 0.374707
-0.0877658 -0.0393778 0.349165
-0.0927913 0.24708 0.744206
-0.320847 0.224299 0.792272
-0.232782 0.24239 0.783689
-0.313434 0.21887 0.770955
-0.280486 0.179933 0.810494
-0.286472 0.235762 0.748225
-0.325841 0.125737 0.740379
-0.141597 0.252093 0.756677
-0.272722 0.221949 0.794261
-0.29714 0.207727 0.837852
-0.348098 0.213631 0.928635
0.168721 0.104423 0.391317
0.0484228 0.161344 0.398856
0.0996826 0.147884 0.443117
0.0256303 0.113421 0.407714
0.0174944 0.0807805 0.154796
-0.122127 0.051685 0.206097
-1.17476 0.375222 1.84426
-0.165317 0.0735557 0.346597
-0.270553 0.037319 0.332808
-0.0613146 0.0142661 0.0656718
-0.167342 0.0265652 0.235499
-0.329427 0.0328032 0.384409
-0.128682 0.106368 0.433289
-0.187253 0.106576 0.391137
-0.00923904 0.168109 0.353999
0.218781 0.158175 0.387537
0.0362936 0.135251 0.413271
0.0525524 0.155477 0.407524
0.205488 0.164666 0.404266
0.2157 0.0578744 0.365813
0.0497541 0.160852 0.399728
-0.232316 0.203913 0.752485
-0.282606 0.19293 0.764064
-0.296902 0.17363 0.758627
0.074072 0.147177 0.401729
0.177874 0.0839066 0.334293
-0.180523 0.0864856 0.445976
-0.087352 0.219473 0.767851
-0.27615 -0.0266688 0.363266
-0.281596 0.033725 0.314197
-0.273667 0.0385518 0.339704
-0.284562 0.0566974 0.311018
-0.0809373 -0.0590452 0.295275
-0.303814 0.0185391 0.296531
-0.354186 -0.0800575 0.360052
0.195308 0.160833 0.376574
0.192455 0.136693 0.383911
0.0595517 0.027391 0.424583
0.0891555 0.106101 0.419693
0.274371 0.192004 0.465796
0.177036 0.106134 0.335723
-0.139976 0.109991 0.452984
-0.152093 0.236205 0.782212
-0.220835 0.280344 0.776598
-0.156758 0.254698 0.757179
-0.0069709 0.182874 0.396651
0.0867838 0.01923 0.418976
-0.0161353 0.183945 0.400224
0.209833 0.167598 0.40903
0.0200266 0.0624502 0.422669
0.194647 0.118669 0.37534
0.225821 0.161764 0.39762
0.21095 0.129134 0.420957
-0.0187572 0.170176 0.373536
-0.0509681 0.00835285 0.0381865
-0.272528 0.246269 0.753123
0.0634944 0.0878245 0.425967
-0.0456753 0.0363101 0.596142
-0.150963 0.267562 0.781133
0.149895 0.114955 0.35887
-0.128585 0.238547 0.737481
-0.323854 -0.0472391 0.35949
-0.299486 0.042587 0.327577
-0.365386 -0.102721 0.387385
-0.120314 0.0247546 0.10571
-0.168237 0.0948892 0.465503
-0.339172 0.170798 0.784667
-0.0621718 0.0446909 0.430166
-0.181284 0.0553109 0.464805
-0.157067 0.0567012 0.276144
-0.0930978 0.231836 0.719304
0.0751717 0.136275 0.402799
-0.0966235 0.23907 0.717773
-0.23087 0.257524 0.733415
-0.260341 0.23868 0.792635
-0.232003 0.193905 0.827576
0.0788179 0.103171 0.393991
0.0879782 0.128104 0.413681
0.103295 0.0531165 0.398764
-0.110013 0.152393 0.620692
-0.129125 0.224343 0.677218
-0.207146 0.170904 0.800088
-0.131388 0.25523 0.746134
-0.116031 0.218642 0.820894
-0.0839954 0.207069 0.673687
-0.16839 0.232112 0.982192
-0.216049 0.206979 0.790346
-0.175457 0.122505 0.579573
-0.444702 0.236486 1.21616
-0.43398 0.195298 1.14351
-0.225998 0.116724 0.60905
-0.265408 0.144119 0.737847
-0.549817 0.129483 0.873605
-0.410384 0.170165 1.00922
-0.79921 0.166135 1.83121
-1.13061 0.396947 2.53121
-0.409072 0.232517 0.693544
-0.401834 0.0633457 0.652999
-0.89201 0.145171 1.43915
-0.577857 0.307591 0.928425
-0.134221 0.260199 0.714141
0.062519 0.191088 0.542285
-0.390828 0.338042 1.77397
0.127342 0.229652 0.787113
0.0623256 0.0858554 0.419766
0.063707 0.113858 0.395017
-0.281047 0.261777 0.800066
0.284255 -0.0124543 0.445961
-0.217789 0.221855 0.801772
-0.0914918 0.0785055 0.313823
-0.179131 0.108911 0.557437
-0.296474 0.178769 0.786367
-0.377511 0.147044 0.862734
-0.370863 0.15723 0.584202
-0.364098 0.307996 1.15886
-0.248406 0.146523 0.602188
-0.245736 0.21297 0.814212
0.190495 0.0826363 0.35897
0.0602126 0.0866522 0.413518
-0.415677 0.165733 1.04263
0.0513414 0.0763918 0.441255
-0.138522 0.195495 0.783922
-0.2262 0.0928869 0.536702
-0.227491 0.159104 0.637881
-0.125895 -0.116449 0.511262
-0.460095 0.0827528 0.792201
-0.354582 0.16039 0.86393
-0.211371 0.170854 0.738726
-0.193602 0.131906 0.63331
-0.0851595 0.16144 0.633082
-0.273514 0.158648 0.833815
-0.0918922 0.229213 0.745806
-0.345877 0.209589 0.877526
-0.26973 0.240938 0.863674
-0.202549 0.250302 0.798388
-0.284002 0.20822 0.788215
-0.269576 0.216649 0.780762
-0.286131 0.209581 0.793242
-0.125644 0.242427 0.777706
-0.106476 0.264311 0.781313
0.115385 0.102191 0.401594
-0.216432 0.267898 0.770203
-0.216464 0.22707 0.77681
0.103066 0.0948282 0.374554
-0.303463 0.257818 0.780889
-0.248077 0.211327 0.804772
-0.203614 0.225199 0.730731
-0.213151 0.224917 0.888324
0.124577 0.0340193 0.234309
0.0335173 0.127245 0.221373
0.0596467 0.152927 0.294423
0.0338195 0.136961 0.413765
-0.182791 0.0927167 0.471816
-0.283869 0.128209 0.592276
0.150113 0.204244 1.81422
0.231939 0.0599691 0.366198
0.0568926 0.2466 1.08464
0.173414 0.0756261 0.651143
-0.118201 0.140841 0.389566
-0.169546 0.131203 0.785717
0.0690733 0.0922077 0.419715
0.0911017 0.174255 0.686406
-0.244075 0.304168 1.2412
-0.488233 0.163408 1.06705
-0.334825 0.135959 0.776803
-0.315167 0.174153 0.765807
-0.233509 0.187742 0.801808
-0.0922768 0.24636 0.691593
-0.0774643 0.202067 0.716357
-0.122399 0.250323 0.71858
-0.782294 0.621875 2.93221
-0.242227 0.155932 0.757235
-0.182227 0.0615121 0.322647
-0.18456 0.0781966 0.295257
-0.299691 0.172972 0.783104
-0.173343 -0.150151 0.788469
0.11763 0.106373 0.409148
0.142559 0.153292 0.651925
-0.372686 0.176642 0.825423
-0.340424 0.172327 0.786252
-0.251478 -0.220677 1.14107
-0.308845 0.217177 0.765813
-0.327192 0.244395 0.77618
-0.345563 0.23308 0.827935
-0.0958752 0.20541 0.6795
0.094214 0.130468 0.444106
0.195477 0.0683383 0.312363
-0.307586 0.142837 0.779955
0.13377 0.0657364 0.840545
0.0702237 0.163721 0.566238
-0.105636 0.261004 0.734736
-0.159308 0.175608 0.737278
-0.323683 0.213586 0.781924
-0.107127 0.0633739 0.32489
-0.261693 0.244043 0.783185
-0.260512 0.185788 0.737383
-0.265544 0.233072 0.836108
-0.327193 0.270856 0.944849
-0.72447 0.218382 1.5001
-2.13024 0.40797 3.6272
-2.08332 1.00557 3.49423
-1.17793 0.448871 2.80165
-0.0446118 0.0112815 0.0405882
-0.0467609 0.0135585 0.0392037
-0.044042 0.0101396 0.0427296
-0.0421463 0.00962638 0.0413439
-0.00569713 0.0243147 0.0314387
-0.0296925 0.023083 0.040019
-0.0308985 0.0270696 0.0483422
-0.00661622 0.0295048 0.0315767
0.068449 0.161193 0.397034
-0.155311 0.0355319 0.365978
-0.200211 0.254905 0.732366
-0.279001 0.0492737 0.462776
0.234652 0.168736 0.411272
-0.302757 0.164166 0.73236
0.0786163 0.121617 0.424297
-0.178706 0.12754 0.614982
0.0522487 0.0774825 0.440403
-0.217555 0.121953 0.544846
-0.215945 0.106174 0.556824
-0.264947 0.263635 0.768765
0.0316886 0.14267 0.407265
0.169672 0.10428 0.335226
-0.147111 0.0365021 0.362605
-0.267176 0.239722 0.786069
-0.145287 0.208276 0.707718
-0.293753 0.223574 0.768586
-0.259217 0.205707 0.792199
-0.164051 0.248753 0.792597
-0.172895 0.295866 0.777121
-0.282425 0.22025 0.766898
-0.29232 0.214144 0.810825
-0.292112 0.222763 0.763811
-0.0969462 0.207029 0.759505
-0.233702 0.210521 0.819655
-0.214867 0.204247 0.781908
-0.469653 0.236866 0.83265
-0.233476 0.242968 0.788487
-0.32668 0.194081 0.822267
-0.217332 0.207059 0.795845
0.0511864 0.160732 0.400599
0.108212 0.177075 0.550172
0.10251 0.0403245 0.186898
-0.079099 0.04073 0.425905
0.0837643 0.147039 0.428455
0.0463441 0.132817 0.399926
-0.16304 0.0934804 0.470239
-0.205266 0.0745627 0.448773
-0.218916 0.130297 0.635461
0.14924 0.0842598 0.147664
-0.162713 0.0256019 0.230433
0.0665141 0.104211 0.403185
0.0231909 0.11963 0.409974
-0.199631 0.131159 0.643856
0.116339 0.104075 0.406409
-0.0376363 0.0119581 0.0448802
-0.0514581 0.011877 0.0384068
-0.0309667 0.0245887 0.0381838
-0.0136002 0.0272508 0.0404471
-0.015539 0.0287634 0.0380655
-0.0478719 0.0145629 0.0298025
-0.0199483 0.0263818 0.0419824
-0.0515695 0.0132263 0.0340515
0.0231194 0.104249 0.41603
0.0487324 0.0973974 0.356495
-0.144372 0.211539 0.704736
0.120248 0.0908654 0.421712
-0.124575 0.0190437 0.396638
0.094366 0.104872 0.435882
0.209972 0.137625 0.400835
-0.112458 0.283428 0.73585
0.190111 0.0844476 0.339493
0.0725299 0.0955523 0.429251
-0.0733792 0.179518 0.646288
0.0908439 0.126539 0.410873
-0.0468934 0.079411 0.511086
-0.133873 0.233259 0.729704
-0.0899519 0.168705 0.62162
0.163316 0.147218 0.362908
-0.229649 0.0941478 0.530019
0.211678 0.156895 0.390828
-0.124735 0.0232134 0.392765
-0.199307 0.197936 0.635183
-0.107261 0.185458 0.697081
-0.146085 0.0360308 0.358841
-0.21519 0.190597 0.750477
-0.190952 0.220139 0.787079
-0.231064 0.239269 0.867483
-0.108639 0.1995 0.751295
-0.169082 0.188857 0.66553
-0.167293 0.28217 0.803398
-0.107576 0.184417 0.693639
0.163056 0.168919 0.34825
0.187207 0.172086 0.381362
-0.0865184 0.0715195 0.398731
-0.0663616 0.169273 0.642969
-0.127375 0.238351 0.66631
-0.0668315 0.183217 0.687142
-0.10573 0.202358 0.741123
0.123599 0.0928067 0.427989
-0.141824 0.218019 0.725795
-0.245452 0.26369 0.815078
-0.157745 0.264177 0.7505
-0.158666 0.262077 0.718249
-0.101953 0.205975 0.648691
-0.0917785 0.234373 0.831884
-0.0861994 0.186101 0.715512
-0.0885002 0.0737045 0.408626
-0.136054 0.260755 0.819667
-0.0698729 0.157688 0.59156
-0.224243 0.311135 0.845257
-0.165999 0.200025 0.690195
-0.356839 0.125844 0.745805
-0.379996 0.195402 0.678658
-0.582341 0.229364 0.886363
0.187455 0.0449973 0.289102
-0.3172 0.151035 0.541049
-0.482441 0.299472 0.862375
-0.380865 0.0707666 0.658212
-0.229161 0.0796272 0.4103
-0.252665 0.1223 0.650874
-0.165542 0.0389464 0.308036
-0.0798981 0.0834731 0.249551
-0.320254 0.237901 0.763096
-0.135416 0.174783 0.70028
-0.106072 0.22692 0.754144
0.187145 0.0803044 0.354044
-0.126227 0.186729 0.560012
-0.273413 0.154912 0.458299
-0.0925457 0.087488 0.399784
-0.314584 0.173552 0.764112
-0.215926 0.12714 0.375115
-0.250859 0.212845 0.680586
-0.0949152 0.231794 0.690082
-0.320517 0.140324 0.774416
0.00277762 0.00305402 0.0126425
-0.130275 0.0312451 0.244314
-0.182243 0.0786561 0.295571
-0.0473844 0.0210228 0.115785
-0.115373 0.120961 0.495756
-0.276056 0.130971 0.654532
-0.311172 0.137572 0.758723
-0.169074 0.1416 0.600561
-0.0639364 0.0148587 0.119424
-0.352093 0.206155 0.860772
-0.266889 0.157198 0.462962
-0.254694 0.193354 0.791066
-0.24615 0.251228 0.923507
0.0383677 0.0250379 0.403378
0.197529 0.0697851 0.316485
0.243305 0.0813923 0.371677
-0.352913 0.261958 0.806995
0.0789266 0.014608 0.435378
-0.236366 0.263204 0.937329
-0.433694 0.264328 1.08061
-0.0208458 0.0739376 0.442295
-0.106395 0.0189175 0.597368
-0.132163 0.0127337 0.566761
-0.174808 0.102339 0.490936
-0.350151 0.237224 0.92276
0.0200389 0.0652272 0.437494
-0.381646 0.133049 0.77406
0.00777538 0.0800188 0.422994
-0.187459 0.0828742 0.52038
-0.170322 0.0800379 0.468625
0.111043 0.0535579 0.424525
0.0899836 0.0972354 0.414753
-0.13056 0.0464034 0.310677
0.0614088 0.121232 0.417632
-0.163377 0.0379343 0.394006
0.0529444 0.156021 0.409479
-0.226127 0.217679 0.773384
-0.220056 0.16804 0.690015
-0.164449 0.154504 0.625358
-0.262104 0.246313 0.788944
-0.136156 0.25474 0.741244
-0.105926 0.252658 0.714773
-0.103239 0.224565 0.705857
-0.152817 0.264851 0.795666
-0.122039 0.215732 0.770186
0.00875468 0.104383 0.421139
0.122194 0.090348 0.41765
0.00951968 0.0989023 0.420201
-0.285919 0.272186 0.802335
0.182138 0.112497 0.370351
0.222215 0.188193 0.400479
0.0498705 0.161599 0.403131
0.204382 0.155621 0.397683
0.24051 0.13897 0.39884
0.0914883 0.0977457 0.41707
0.191323 0.0835197 0.352584
0.0396434 0.140567 0.415701
0.0256684 0.0431253 0.0193417
0.0286341 0.0455897 0.0215001
0.00140187 0.0293534 0.0210618
0.0306593 0.0308777 0.0100447
0.047721 0.0933872 0.158234
0.0821722 0.0277124 0.169289
-0.239811 0.204379 0.775656
-0.241084 0.199725 0.796114
-0.264799 0.23617 0.776759
-0.252259 0.19688 0.762765
-0.317971 0.223186 0.787125
-0.0175499 0.162073 0.388974
0.0678136 0.179288 0.462854
0.0616488 0.115112 0.423447
0.0340158 0.136851 0.414931
0.00867138 0.106018 0.421546
-0.283345 0.040226 0.353126
-0.0961796 -0.0369186 0.372428
-0.138401 -0.082822 0.400932
-0.276677 0.0427706 0.350842
-0.171167 -0.105995 0.49839
-0.146718 0.262819 0.777045
-0.0765176 0.20418 0.749596
-0.23165 0.177882 0.630184
0.213917 0.14228 0.410069
-0.438501 -0.202661 0.835611
0.134187 0.191377 0.668023
-0.0991279 0.296259 0.729651
-0.154555 -0.0759221 0.322546
-0.15073 0.077032 0.400235
-0.156506 0.0835362 0.413468
-0.24139 0.232515 0.81935
-0.103706 0.247926 0.775786
-0.267004 0.189996 0.793938
-0.307727 0.291909 0.812702
-0.296341 0.26035 0.7957
-0.124386 0.293224 0.766662
-0.276857 0.248896 0.758222
0.118456 0.0896734 0.413499
-0.144044 0.0355251 0.351113
-0.163124 0.0380231 0.426708
0.0303276 0.139707 0.399121
-0.122207 0.225503 0.76865
-0.285718 0.226412 0.757171
-0.260454 0.19072 0.786165
-0.148938 0.291757 0.79189
-0.159709 0.254274 0.762182
-0.29049 0.266617 0.820251
-0.256755 0.225262 0.809612
0.0908257 0.116929 0.408322
-0.12214 0.271982 0.820619
-0.176677 0.310611 0.810498
-0.282328 0.198979 0.796089
0.0224018 0.119391 0.410349
0.19961 0.122338 0.397108
0.225519 0.171275 0.429106
-0.115302 -0.000552209 0.400372
-0.314514 0.156569 0.757896
-0.0889736 -0.064857 0.383899
-0.140379 0.222637 0.704347
-0.146073 0.193341 0.773421
-0.166926 0.155317 0.636316
-0.104976 0.25445 0.761186
-0.0965992 0.183721 0.724296
0.0352115 0.111455 0.304505
-0.170427 0.0688134 0.383242
0.20543 0.164062 0.402022
0.209168 0.189634 0.415141
-0.27678 0.268332 0.757599
-0.144793 0.276182 0.770845
-0.164275 0.278133 0.755683
-0.236629 0.196952 0.781691
-0.293879 0.169125 0.754308
-0.0864257 0.23294 0.693747
0.053261 0.120842 0.373721
0.0992019 0.147271 0.38713
0.118054 0.272406 0.665021
0.0557061 0.0893189 0.158009
0.071317 0.157867 0.396993
0.171196 0.109933 0.344166
-0.268341 0.239443 0.788948
-0.270234 0.283735 0.759249
-0.120447 0.263969 0.750222
-0.123892 0.324357 0.802969
-0.227148 0.219627 0.80183
-0.271262 0.246152 0.807559
-0.0728493 0.194348 0.730145
-0.0775178 0.235188 0.875734
-0.0946658 0.229069 0.71147
-0.239433 0.232751 0.715486
-0.288719 0.254488 0.712941
-0.127114 0.293741 0.770162
-0.291878 0.276524 0.772845
0.0114418 0.0981891 0.426993
0.0631176 0.106373 0.421774
0.0879583 0.131336 0.42369
0.116347 0.124189 0.480625
-0.163484 0.0766457 0.335889
0.103642 0.115637 0.437227
-0.345598 0.273991 0.798294
0.0836268 0.0163287 0.420832
-0.279363 0.0331878 0.302195
-0.196374 0.0905931 0.436433
0.0466586 0.140419 0.409558
0.0628862 0.0287484 0.396653
0.149312 0.0661549 0.300755
0.101484 0.151811 0.392322
-0.127914 0.0169148 0.426707
-0.128791 0.278801 0.796015
-0.119651 0.222718 0.750767
0.182528 0.133409 0.366121
-0.130722 0.0345674 0.385508
0.0775684 0.0157221 0.447803
-0.03176 0.022942 0.0438132
-0.0148482 0.0274073 0.0399518
-0.0197179 0.0235454 0.033934
-0.0449011 0.0071957 0.0402914
0.114135 0.17957 0.574104
0.0323103 0.0340253 0.424873
0.0110119 0.0810922 0.424411
-0.315567 0.146466 0.784136
-0.0448499 0.0106292 0.0405169
-0.255992 -0.0229057 0.327437
-0.0103131 0.180767 0.393836
-0.087317 0.134016 0.446678
-0.527078 1.10811 3.11002
0.250001 -0.0111191 0.378433
0.0850281 0.126029 0.412536
0.273065 0.0948605 0.43318
0.0901543 0.116003 0.421191
0.00976259 0.0993603 0.418932
0.085573 0.0342789 0.468029
0.0434655 0.0432798 0.03313
0.0301478 0.0385316 0.0191996
0.0676199 0.060682 0.0533944
-0.00776094 0.0219274 0.0259294
0.0289128 0.0375948 0.0195009
0.0255791 0.040843 0.0226059
0.0388714 0.0408862 0.0258171
-0.00806772 0.0213526 0.0249414
0.0930034 0.034084 0.184468
0.027825 0.0376569 0.0162038
0.030429 0.0388665 0.01744
0.026412 0.0360017 0.0213389
0.0245669 0.040295 0.0190425
0.023989 0.0476514 0.0338215
0.0219775 0.0386451 0.0256884
0.0255277 0.0389977 0.019113
0.0234859 0.0380326 0.0135383
0.135859 0.0794073 0.137547
0.0200093 0.0522067 0.430368
-0.116706 0.00714274 0.430685
0.0694097 0.16931 0.396548
0.0201093 0.122577 0.420033
-0.420517 -0.244581 1.14811
-0.280967 -0.00343504 0.27364
-0.339681 -0.0692269 0.330071
-0.182489 0.032792 0.268164
-0.266864 0.0305738 0.298274
0.114662 0.0505799 0.424461
-0.317552 0.033711 0.37878
-0.148393 0.0512284 0.280851
-0.304024 0.0446671 0.349518
-0.171359 0.0260204 0.242554
-0.0946186 -0.07229 0.361043
-0.412871 -0.143899 0.541343
-0.357189 -0.12401 0.464805
-0.197833 0.0223827 0.205557
-0.190159 0.0334875 0.278874
-0.25317 -0.00708066 0.31799
-0.250575 0.0378151 0.277887
-0.28315 -0.0425332 0.315994
0.0350903 0.0336275 0.0127735
0.0330797 0.04952 0.0247215
0.0299492 0.0305102 0.00985414
0.055158 0.0128441 0.0229026
0.0423351 0.0473812 0.0267429
-0.0217679 -0.000147986 -0.0178837
0.038608 0.0374369 0.0145577
0.0878317 0.104707 0.103538
-0.282436 0.0433114 0.316333
-0.0481934 0.0404353 0.685858
0.116714 0.0868655 0.403862
0.112129 0.0497507 0.421974
-0.280711 0.0474876 0.287693
-0.28375 0.0499902 0.310844
-0.284019 0.0497163 0.289223
-0.365651 -0.103189 0.387424
-0.338398 -0.0475183 0.343219
-0.28217 0.0339729 0.314041
-0.0552183 0.0756057 0.477744
0.489476 0.150116 0.723971
-0.281405 0.0468074 0.303094
-0.44581 -0.0710223 0.386022
-0.310436 0.0532162 0.320842
-0.490433 0.00503937 0.50672
0.0909087 0.0960082 0.416458
0.124419 0.110147 0.430336
-0.17421 0.0770505 0.373061
-0.300469 0.0403235 0.344092
-0.318984 0.0359614 0.379158
-0.100249 -0.0543994 0.426361
-0.048545 0.00689243 0.0404716
-0.0441348 0.0124763 0.0409629
-0.0421469 0.0114563 0.041625
0.0893159 0.052175 0.135974
-0.0384873 0.0178854 0.0446341
0.0812472 0.0207279 0.437765
0.0881503 0.13184 0.350904
-0.0960346 -0.0296021 0.361671
0.0288261 0.132062 0.386922
0.025367 0.124041 0.424142
-0.263136 0.0382804 0.274498
-0.210678 0.0349648 0.306613
-0.21123 0.0380361 0.316984
-0.167081 0.0867407 0.327905
-0.0534465 0.00526787 0.0377169
-0.0431111 0.0117948 0.040664
-0.0506092 0.00688046 0.0411896
-0.0458409 0.00886627 0.0485113
0.10044 0.0369482 0.467272
-0.310558 -0.0381668 0.308992
-0.446832 -0.0936128 0.438535
-0.302808 -0.0148167 0.313094
-0.371159 -0.104211 0.391141
-0.0844323 0.13003 0.433748
-0.146526 0.0338512 0.34895
-0.0632856 0.0595075 0.419412
-0.0779784 -0.00535746 0.206658
0.140769 0.188391 0.644678
0.0749343 0.0516397 0.153212
-0.116224 -0.0564335 0.226087
-0.166791 -0.0141163 0.2017
-0.0571722 0.00356299 0.0355971
-0.0571684 0.00354296 0.0356573
-0.0554389 0.00708729 0.0343314
-0.0556772 0.00414893 0.0372497
-0.0534932 0.0109875 0.0362678
0.141175 0.0769026 0.145274
-0.00166113 0.0568782 0.0981378
0.09344 0.0314411 0.185845
-0.0786284 -0.0559465 0.278814
-0.0886455 0.0753158 0.417908
-0.306118 -0.0450104 0.349958
-0.359646 -0.0396897 0.494074
-0.14498 0.0250336 0.195405
-0.295013 -0.0355353 0.377519
0.101747 0.149531 0.393125
0.0488428 0.0735196 0.429514
-0.1653 -0.0862531 0.377307
0.187904 0.0806289 0.353805
-0.038995 0.0061078 0.0268945
-0.0558736 0.00907169 0.201296
0.0579143 0.127462 0.413406
0.102942 0.0174756 0.482232
0.126352 0.118778 0.439219
0.0613259 0.0893415 0.419818
-0.354244 -0.0233167 0.467728
-0.155626 -0.106895 0.497296
-0.188249 0.0524656 0.184964
-0.415286 -0.0307134 0.419599
-0.348989 -0.0281359 0.347367
-0.331717 -0.0997432 0.328632
-0.310897 -0.0473313 0.350438
-0.335733 -0.0468219 0.341097
-0.285212 0.0336386 0.312521
-0.353958 -0.07883 0.491822
-0.300664 0.0471397 0.337185
-0.0906769 0.0270762 0.233063
0.0841345 0.0190277 0.392452
-0.324507 -0.0477895 0.363291
-0.316993 -0.0488776 0.325369
-0.296688 0.0561695 0.350213
-0.277645 0.060223 0.309776
-0.33569 0.0487111 0.343548
-0.0562564 0.0128837 0.259769
-0.0473896 0.00672094 0.0396267
-0.0384561 0.0130811 0.0424104
-0.039416 0.0119585 0.0423871
-0.160446 0.0733057 0.343746
-0.122243 0.0957351 0.397961
-0.120112 0.107234 0.439209
-0.231217 -0.026591 0.24903
-0.313784 0.0444688 0.394953
-0.325316 0.0618799 0.391897
-0.311877 0.0496758 0.399552
-0.288355 -0.0276645 0.379187
-0.263202 0.0366153 0.274997
-0.0943169 0.111476 0.404169
-0.279586 0.042171 0.319303
-0.121192 0.105594 0.43176
-0.216039 0.111116 0.444624
-0.276926 0.0361926 0.283205
-0.30822 -0.0158092 0.324735
-0.222642 0.0805404 0.370567
0.064649 0.164215 0.455628
-0.31612 0.00349691 0.319854
0.0553641 0.159601 0.419185
0.0493066 0.163024 0.404444
-0.3505 0.0496667 0.386153
-0.272884 -0.0196525 0.266777
-0.296978 -0.019206 0.290634
-0.303742 -0.0111464 0.262268
-0.324396 -0.00546024 0.319819
-0.300556 0.017866 0.288423
-0.311001 0.021385 0.300908
-0.23242 0.0340877 0.250666
-0.00925812 0.033184 0.121707
-0.24226 -0.0226867 0.261189
-0.249391 -0.0235154 0.322796
-0.301778 -0.0211908 0.297511
-0.306533 0.00348449 0.306335
-0.396519 -0.0904979 0.405206
-0.25655 -0.0377003 0.280626
-0.319677 -0.000785925 0.316738
-0.336196 -0.0933081 0.351312
-0.323046 -0.0482924 0.360886
-0.311736 -0.0392727 0.310814
-0.264194 -0.0388819 0.290729
-0.307764 0.0511953 0.333911
-0.313513 0.0209079 0.302394
-0.346786 -0.00188354 0.33389
-0.276554 -0.0412689 0.30698
-0.524809 -0.11274 0.52413
-0.345571 -0.0277287 0.348687
-0.35586 0.0479361 0.375125
-0.338001 -0.0764566 0.338434
-0.334016 -0.0482136 0.429755
-0.306752 0.0423124 0.313882
-0.259436 -0.0511244 0.240379
-0.284035 0.0374349 0.29114
-0.130527 0.020985 0.137509
-0.304326 -0.0152566 0.318021
-0.232214 0.0262513 0.246575
-0.127697 -0.0609167 0.267155
0.0256858 0.123807 0.420119
0.0613161 0.167097 0.400889
0.00121878 0.165346 0.329185
-0.0481771 0.0812915 0.530665
0.0596585 0.094033 1.23779
0.105867 0.0635649 0.117628
0.303845 0.0199663 0.347936
-0.332131 -0.0517361 0.342983
-0.289824 0.0220254 0.274449
-0.314627 0.016906 0.291679
-0.325434 0.0413335 0.301968
-0.376173 0.0637209 0.388718
-0.249296 0.0651228 0.27149
-0.286843 -0.00346717 0.366328
-0.312228 -0.0477396 0.319768
-0.324945 -0.0500831 0.334737
-0.351683 -0.0437534 0.405384
-0.282494 0.0335317 0.306437
-0.222565 0.0144931 0.204708
-0.316355 -0.0216584 0.309552
-0.290458 -0.0286393 0.385347
-0.455464 -0.105732 0.469466
-0.326056 -0.000161481 0.324401
-0.035145 0.111996 0.670815
-0.133796 -0.0656429 0.277668
-0.0835047 0.0411688 0.450196
0.129076 0.0317218 0.223435
-0.0998035 -0.0861175 0.486628
-0.0620588 0.0365459 0.664965
-0.205115 0.0255293 0.250227
-0.291363 0.0244051 0.350691
-0.33826 -0.0461336 0.338279
-0.401395 0.0528357 0.378439
-0.319323 -0.0291292 0.416629
-0.345071 -0.0545862 0.410218
-0.283031 0.0538474 0.320255
-0.330294 0.0475397 0.351108
-0.086976 -0.0182011 0.305947
-0.287438 0.0475813 0.320752
-0.269409 0.0510563 0.303421
-0.31897 0.0698186 0.32641
-0.0293867 0.00273032 0.0369379
-0.274901 -0.0300101 0.36758
0.025643 0.113058 0.410128
-0.0399305 0.0129335 0.0417139
-0.0400729 0.0185162 0.0413053
-0.0393067 0.0154095 0.0419982
-0.0460623 0.0143712 0.0392719
-0.044076 0.00953046 0.0410808
-0.0515295 0.0120155 0.0387198
-0.0434433 0.014687 0.0404698
-0.0464977 0.00745018 0.0408356
-0.0408657 0.0157181 0.0413037
-0.01257 0.029218 0.0415138
-0.0316939 0.0246369 0.0416806
0.0497765 0.0441119 0.145439
-0.019025 0.0266731 0.0415859
-0.0303235 0.02738 0.0417558
0.134715 0.0462129 0.187596
0.0416594 0.0988885 0.123451
-0.0303581 -0.000849386 0.0347952
0.0526652 0.120636 0.414762
-0.193901 -0.105011 0.47008
0.0533591 0.168309 0.41802
-0.252498 -0.176454 0.822694
0.0532597 0.125021 0.42311
-0.111564 -0.0613925 0.260613
-0.270331 0.0446496 0.291497
-0.332184 -0.0164727 0.348621
-0.332666 -0.0683842 0.323897
-0.274601 0.053303 0.295074
-0.350491 -0.0508782 0.405805
-0.336451 0.072216 0.339089
-0.297031 0.0420732 0.2992
-0.342516 0.0629627 0.378198
-0.287058 0.0502485 0.317787
-0.253487 0.0384048 0.270779
-0.256526 0.042875 0.273802
-0.149175 -0.0744635 0.337169
-0.040884 0.0139891 0.0430747
-0.00652502 0.0259132 0.0306395
-0.0471837 0.0130029 0.0390383
-0.0581054 0.00468191 0.040084
-0.0412669 0.0128312 0.0419666
0.0503361 0.162487 0.404556
-0.243232 0.120281 0.701884
-0.0386408 0.0123137 0.0425647
0.18471 0.0708053 0.264312
0.0319618 0.104852 0.199788
-0.26299 0.0436318 0.279436
-0.281426 0.0395206 0.304693
-0.251217 0.0401608 0.264526
-0.0799921 0.0644266 0.341873
0.0549046 0.29795 1.02312
0.0649891 0.114544 0.428635
-0.369003 0.0660786 0.388959
-0.281253 -0.0424853 0.313842
-0.29506 -0.0464535 0.34361
-0.256427 0.0299763 0.27467
-0.326382 0.038202 0.371513
-0.255867 0.0337252 0.292097
-0.30671 0.0357752 0.361931
-0.300146 0.051509 0.323103
-0.281622 0.0431894 0.316993
-0.303711 0.0423281 0.318653
-0.277818 0.0424322 0.317122
-0.292458 0.03347 0.333051
-0.365666 -0.127091 0.477508
-0.438783 0.0845172 0.495792
-0.292452 0.0452777 0.33595
0.742004 -0.0303104 1.1309
-0.0416203 0.0200812 0.0475161
-0.0208018 0.0259222 0.0411989
0.0972212 0.0772907 0.0735154
-0.0297911 0.0193729 0.0325188
-0.0206433 0.0261052 0.0414251
0.196586 0.0540803 0.336958
0.100299 0.0265553 0.183715
0.0971188 0.117877 0.440817
0.0282652 0.0757799 0.129192
-0.194555 -0.00212575 0.233609
-0.311719 -0.00162571 0.297541
-0.374876 0.0879868 0.378752
0.152582 0.0428212 0.258995
0.0681459 0.104055 0.195476
-0.0132128 0.0106697 0.0358718
-0.0437952 0.0114989 0.0410511
0.0578754 0.0919767 0.176872
-0.00529902 0.0255189 0.059949
-0.30732 0.0582465 0.365257
-0.350181 -0.0945245 0.439048
-0.274847 0.0465793 0.305084
-0.295089 0.0500781 0.330186
-0.294778 0.0585779 0.353295
-0.289841 0.0566411 0.319117
-0.27929 0.0375453 0.292767
0.163189 0.241576 0.44402
-0.313824 0.00871472 0.296492
-0.276941 0.0752295 0.305976
-0.405147 -0.0446077 0.457928
-0.349407 -0.0722251 0.342531
-0.30882 -8.8608e-05 0.305712
-0.26735 0.0465159 0.299729
-0.385425 -0.0538524 0.391846
-0.296019 -0.0177365 0.310378
-0.318972 -0.00195714 0.305304
-0.328882 0.0176406 0.306277
-0.358537 0.0542142 0.333208
0.005912 0.183442 0.377191
-0.26144 0.00196638 0.255976
-0.199959 -0.0937072 0.387197
-0.0171623 0.0925139 0.542761
-0.358402 -0.100045 0.378489
-0.0431308 0.014339 0.0410407
-0.0597265 0.017916 0.0768129
0.194049 0.180033 0.254334
-0.0113409 0.0385163 0.044615
-0.0115165 0.0398516 0.057197
-0.0284517 0.0264731 0.0460341
-0.0315184 0.0252717 0.0427891
-0.046726 0.0145534 0.0414476
-0.0406073 0.0195397 0.042938
-0.0451498 0.00976478 0.0404418
-0.0187686 0.0321342 0.0390088
-0.05126 0.0065967 0.0359723
-0.0454534 0.0129518 0.0403924
0.0741054 0.0514711 0.152859
-0.0301334 0.0261726 0.0453933
-0.0513401 0.0186455 0.0446282
-0.0459582 0.0144092 0.0403799
-0.0429574 0.010351 0.0409942
-0.052051 0.0135172 0.0389025
-0.0420665 0.0108299 0.0414665
-0.0395787 0.0127287 0.0408669
-0.0174284 0.0291633 0.0424802
-0.0293538 0.0279875 0.0397181
-0.0214664 0.0330137 0.0398359
-0.0170365 0.0274036 0.0415899
-0.044922 0.0102192 0.0407594
-0.0160672 0.029698 0.0399246
-0.0327011 0.0302905 0.044019
-0.0460701 0.0124635 0.0403417
0.106979 0.101391 0.13499
0.131101 0.111106 0.135519
0.151916 0.0429546 0.228041
0.118894 0.0806065 0.132112
0.156873 0.0289796 0.123162
0.11815 0.0598517 0.133061
0.209804 0.0785145 0.283581
0.132567 0.0491826 0.237569
0.102937 0.0976497 0.121439
0.120463 0.107036 0.124383
0.126533 0.113694 0.168863
0.09979 0.0157998 0.0819794
0.0727813 0.0357801 0.147983
0.0876859 0.136145 0.425119
0.141347 0.0779473 0.228661
-0.014897 0.0285188 0.04215
-0.0479353 0.0143847 0.0391927
-0.0104361 0.033307 0.0448322
-0.0445723 0.0123533 0.0372164
-0.0405008 0.0153604 0.04103
-0.0413253 0.0127333 0.0415092
-0.0168734 0.0335892 0.0566228
-0.045664 0.0119653 0.0414685
-0.0467123 0.00832846 0.0400173
0.0571031 0.0482984 0.159735
0.102868 0.0389354 0.442408
0.207687 0.0719915 0.329424
-0.039577 0.0837753 0.522805
-0.122361 0.0295775 0.365832
-0.00938634 0.0449344 0.0680056
0.0481326 0.146651 0.417538
-0.179899 -0.0961029 0.427662
-0.279071 0.0487147 0.314498
-0.32601 0.0510246 0.35529
-0.309016 0.0486997 0.335069
-0.290915 0.0515197 0.3273
0.124198 0.12274 0.186398
0.0937567 0.154596 0.28733
0.0478638 0.0857279 0.142008
0.0873308 0.0181549 0.423385
0.0971436 0.081254 0.239185
-0.0702029 -0.046838 0.245584
0.154421 -0.00155306 0.166594
0.103577 0.0405656 0.190954
0.122276 0.112535 0.148241
-0.21925 0.0852054 0.402802
0.117725 0.0599608 0.134038
0.103554 0.100733 0.132604
0.128982 0.0346154 0.207409
0.129686 0.0693344 0.126036
0.133358 0.0761191 0.144664
0.154314 0.0809993 0.149558
0.136397 0.0728463 0.130885
0.13109 0.0765053 0.143194
0.16689 -0.00769773 0.266903
0.100476 0.104312 0.155012
0.100014 0.120678 0.52951
0.121801 0.189213 0.359415
-0.126425 -0.11356 0.556085
-0.0399457 0.0136322 0.0400631
-0.0334774 -0.00740573 0.00301165
-0.0491172 0.00855045 0.252038
-0.0917716 0.0222478 0.217759
-0.00812031 0.0314832 0.0303721
-0.0558912 0.0178931 0.0660988
-0.0531209 0.0108915 0.0399331
-0.0404567 0.0161758 0.040051
-0.0571926 0.00834849 0.0395021
-0.0537597 0.0132224 0.040591
-0.0432429 0.0115968 0.0383987
-0.0431216 0.0128232 0.0410577
-0.0560836 0.00766406 0.037675
-0.0489774 0.0138131 0.0615419
0.133278 0.0723022 0.12666
0.125432 0.0731517 0.127288
0.103107 0.0978106 0.122309
-0.00507542 0.0202586 0.0630531
0.065881 0.0615665 0.0665574
-0.00811393 0.0231279 0.0638194
0.0603769 0.0770468 0.0700505
0.0217174 0.038638 0.0255667
0.0214209 0.0372089 0.018006
0.112572 0.0982567 0.113371
0.0669443 0.172034 0.413643
-0.0518197 0.0644335 0.568884
-0.00635499 0.0365227 0.0519428
0.0835939 0.055542 0.160368
0.0556051 0.0901237 0.152465
0.139344 0.0384042 0.220284
0.104718 0.0340044 0.17973
0.0532615 0.147328 0.381322
0.0325418 0.13511 0.40682
0.168067 0.0685296 0.312769
0.111725 0.0575006 0.128238
0.192858 0.0955377 0.256635
0.226438 0.112666 0.301315
0.0548508 0.160258 0.419835
0.139757 0.135849 0.203489
0.106989 0.0407058 0.19341
-0.00550055 0.0823235 0.468423
0.042136 0.0262569 0.432346
-0.0781495 0.0181504 0.44966
-0.0190444 0.0265479 0.0413891
-0.0280699 0.027609 0.0446897
0.131175 0.055751 0.11866
0.200931 0.0840906 0.357404
-0.107958 0.0110954 0.487801
0.0774876 0.0779558 0.0890883
0.254664 0.00512766 0.277773
0.123573 0.114451 0.146872
-0.011194 0.0695287 0.405618
0.157333 0.140509 0.208406
0.106798 0.0301604 0.179038
0.125796 -0.00770168 0.217759
0.105404 0.102322 0.134855
0.186865 0.184405 0.285869
0.0871899 0.102442 0.140678
0.153467 0.0265678 0.121781
0.190005 0.0173917 0.22355
0.0857221 0.0755057 0.0680205
0.0210851 0.0268153 0.0072351
0.0827291 0.0145197 0.0386097
0.0182038 0.0253617 0.00562084
0.0582305 0.0582187 0.0634216
0.0286567 0.0335781 0.0138405
0.0980068 0.0440231 0.0741668
0.063778 0.0617649 0.0607801
0.0540764 0.0462367 0.154664
0.0518096 0.0892191 0.149085
0.108302 0.0309237 0.212714
0.100263 0.0976619 0.129065
0.118551 0.0601293 0.133857
0.105922 0.0935665 0.1215
0.0685861 0.112512 0.402924
0.146243 0.0265166 0.115771
0.125793 0.0738763 0.12664
0.128741 0.0693931 0.125944
0.108833 0.0597867 0.107249
0.140568 0.0775196 0.145466
0.134723 0.0761731 0.146157
0.136996 0.0787226 0.14345
0.135091 0.0718976 0.130884
0.16135 0.0285284 0.127787
0.0956688 0.0313811 0.177362
0.14383 0.0252204 0.114111
0.154312 0.0276995 0.122386
0.131683 0.0714463 0.12489
0.0970935 0.0864691 0.113771
0.123077 0.105456 0.127915
-0.0415921 0.0151633 0.0415732
-0.0151016 0.0295009 0.0388478
-0.0512772 0.0117178 0.0380461
-0.0404208 0.0101006 0.0427966
-0.0167948 0.0300449 0.0381573
-0.0466933 0.0138355 0.0384168
-0.0409526 0.0162081 0.0413783
-0.043541 0.00971695 0.0411045
-0.019866 0.0272623 0.0424072
-0.0377681 0.0117851 0.0422766
-0.0145221 0.0305572 0.0401393
-0.0144229 0.0305509 0.0401678
-0.0282868 0.0257429 0.0404714
-0.037659 0.0139742 0.0512598
-0.029641 0.0272333 0.0418742
-0.0399578 0.0182295 0.040754
-0.0428107 0.00840713 0.0419237
-0.0406761 0.0153583 0.0407351
-0.0451222 0.0182013 0.0522211
-0.0432031 0.0142484 0.041168
-0.037484 0.0114357 0.0436398
-0.0522451 0.00436079 0.0385651
-0.0405116 0.0182131 0.0409828
-0.021758 0.0274492 0.0424438
-0.0431505 0.0141911 0.040554
-0.0143135 0.0317018 0.0461951
-0.043394 0.0282726 0.0660888
-0.0451561 0.0098973 0.0407946
-0.0461662 0.0108298 0.0397943
-0.0234322 0.0263635 0.035113
-0.0199768 0.0295191 0.0361624
-0.0404232 0.0115756 0.0420704
-0.02633 0.0261713 0.0431999
-0.0449411 0.0796213 0.191612
-0.0399086 0.0207023 0.0418697
-0.0427137 0.0126112 0.0415251
-0.0554667 0.00439307 0.0365624
-0.0624545 0.0166904 0.0601257
0.0333293 0.135582 0.407905
-0.0461415 0.0105217 0.0403954
-0.0408319 0.0150045 0.0420169
-0.0146811 0.0309164 0.03817
-0.0408994 0.0153691 0.041561
-0.0273733 0.0262611 0.042785
-0.0108366 0.0320908 0.0453572
-0.0435898 0.00957736 0.0409674
-0.0451069 0.00909326 0.040794
-0.0472674 0.00677525 0.0395681
-0.0434306 0.0101893 0.0408839
-0.0293684 0.0283173 0.0411304
-0.0484451 0.0129645 0.0388654
-0.0481751 0.0133763 0.0394893
-0.0392811 0.0165021 0.041848
-0.0413732 0.0139127 0.0412811
-0.0399846 0.0124279 0.042297
-0.0504907 0.00828278 0.0389308
-0.00722922 0.0390904 0.0522713
-0.0452276 0.00982367 0.0407273
-0.0480476 0.00800727 0.0395033
-0.0129116 0.0285061 0.0424388
-0.0203159 0.026223 0.041756
-0.050631 0.0107919 0.0365373
-0.0147093 0.0276144 0.0402315
-0.0427881 0.00850087 0.0423376
-0.0390084 0.0139996 0.042425
-0.0394091 0.0155857 0.0425035
-0.0398091 0.0145568 0.0376962
-0.0469553 0.00976023 0.0398676
-0.0452698 0.0143585 0.0398176
-0.0459777 0.00778434 0.040577
-0.0517671 0.0131199 0.0380887
-0.0177812 0.026226 0.0399064
-0.0452038 0.00737357 0.0411735
-0.00382451 0.0474739 0.055702
-0.0297245 0.0274871 0.0424087
-0.0164412 0.027495 0.039019
-0.0276059 0.0257619 0.0420524
-0.0461544 0.0106344 0.0401326
-0.0404151 0.0113315 0.0414898
-0.0477637 0.0121312 0.0394789
-0.0436814 0.0127286 0.0407495
0.152319 0.116736 0.364333
0.186958 0.0940684 0.252241
-0.126658 0.0332141 0.383112
0.0670308 0.0149281 0.414668
-0.0683592 0.0883775 0.596988
-0.085913 0.0524332 0.434538
0.226048 0.0597613 0.358098
0.0983981 0.0309615 0.186917
-0.105486 0.0136382 0.303249
0.101914 0.0335433 0.185559
0.159217 0.166648 0.253208
0.0526416 0.083796 0.127151
0.0339744 0.0371212 0.420838
0.0257127 -0.0022394 0.0584503
-0.0183107 0.0277393 0.0398693
-0.00318311 0.0406249 0.0569944
-0.0467798 0.0136982 0.0393628
-0.047664 0.0116269 0.0395668
-0.0302548 0.0276216 0.0419598
-0.0463935 0.00849871 0.0401539
-0.0295946 0.0260467 0.0408145
-0.0450686 0.00918553 0.0408419
-0.0321837 0.0275077 0.0427688
-0.0456903 0.0114606 0.0403786
-0.0402101 0.01766 0.041917
-0.0474963 0.0084507 0.0400977
-0.108128 0.02788 0.281912
-0.0846163 0.0408323 0.454253
0.209224 0.053886 0.330808
0.0591462 0.105175 0.128478
-0.0339342 0.0192978 0.0343468
-0.0152507 0.0292562 0.0386081
0.01422 0.0747536 0.0844778
-0.04643 0.00854291 0.0427989
-0.0186434 0.0270997 0.0388822
-0.042595 0.0128342 0.0408457
-0.041466 0.0143432 0.0410624
-0.0488376 0.00573144 0.0406572
0.0358074 0.0719847 0.0864597
0.01572 0.0509207 0.0619107
-0.0457182 0.0113715 0.0400676
-0.0446419 0.00951914 0.0414179
-0.00733261 0.0287262 0.0307847
-0.03774 0.011047 0.0403452
0.126209 0.0358091 0.204007
-0.0410272 0.0165534 0.0420126
-0.0385126 0.0118195 0.0428816
-0.0382003 0.0137449 0.0425473
-0.0457054 0.012811 0.0396419
-0.0459063 0.0131894 0.0399263
0.0822816 0.0928838 0.13671
0.0545592 0.103641 0.125727
-0.0455131 0.0117519 0.040225
-0.0750936 -0.0236865 0.224735
-0.0558885 0.00398987 0.0356661
0.0486577 0.0852038 0.146395
-0.125855 0.13843 0.540877
-0.0453802 0.0156646 0.0460334
-0.0437099 0.0152438 0.0419917
-0.0459958 0.0100922 0.0405684
-0.046845 0.0138526 0.0385985
-0.0471296 0.0131295 0.04
-0.0474503 0.0108209 0.0400532
-0.0469393 0.0128087 0.0398002
-0.0517531 0.0125865 0.0378879
-0.0418248 0.0146367 0.0400003
-0.0430899 0.0121986 0.041554
-0.0515484 0.0118869 0.0386346
-0.0437248 0.00884086 0.0411018
-0.0455183 0.0128853 0.037879
-0.0488552 0.0138053 0.0390173
-0.0516051 0.0119624 0.0387725
-0.0517085 0.0128875 0.0378864
-0.0471889 0.0143789 0.0399072
-0.0467635 0.0138 0.0395309
-0.0446316 0.013696 0.0415045
-0.0475464 0.00713299 0.0412366
-0.0385113 0.0117687 0.0426449
-0.043888 0.0100232 0.0408205
-0.0457685 0.00916139 0.040672
-0.0462106 0.0133735 0.0387152
-0.0455503 0.0136974 0.0399023
-0.0458482 0.0127614 0.0402137
-0.0508881 0.0122963 0.0351901
-0.019083 0.0258902 0.0356701
-0.0449084 0.00974052 0.0423814
0.281289 0.117487 0.501049
0.115586 0.167887 0.159728
0.202982 0.213977 0.225871
-0.0538862 0.0108932 0.223834
0.0881693 0.158798 0.443644
0.129659 0.211918 0.582034
0.116031 0.118094 0.149736
-0.152944 0.0404804 0.448646
0.0685664 0.167398 0.394875
-0.0471093 0.00659112 0.0386561
0.0712548 0.0835991 0.109822
-0.0163603 0.0284531 0.039054
-0.00961146 0.0467308 0.0788524
0.0331826 0.127498 0.3166
0.0278505 0.0375345 0.144518
0.0434134 0.121154 0.321838
0.0790155 0.0476035 0.131025
-0.0457134 0.0114235 0.0402671
-0.0266029 0.00958554 0.0244089
-0.0274247 0.028552 0.0445189
-0.0451799 0.0111311 0.0357709
-0.0462413 0.0126546 0.0407521
-0.0280895 0.0284395 0.0405381
-0.029929 0.0273043 0.0400364
0.169295 0.0976242 0.351943
0.1813 0.23201 0.284426
-0.0965895 0.0219372 0.243704
-0.0560047 0.0457395 0.440469
-0.059316 0.0870429 0.590444
-0.046273 0.00810589 0.0415425
-0.0429907 0.00810775 0.038298
-0.0460243 0.0104913 0.0395297
-0.0483779 0.0126427 0.039864
0.074813 0.106118 0.118185
-0.045436 0.0122188 0.0395411
-0.0259691 0.0721089 0.445155
-0.0382163 0.0118786 0.0437586
-0.0415931 0.0122665 0.0429703
-0.0378709 0.0171237 0.0471202
-0.0448063 0.00808087 0.040913
-0.0566951 0.0159281 0.0497312
-0.0464715 0.0144382 0.039981
-0.0394631 0.0127025 0.0430826
-0.0459693 0.00788799 0.0407262
-0.05193 0.0074254 0.0486365
-0.0465376 0.0115644 0.039523
-0.0463795 0.0146665 0.0398105
-0.0446854 0.0092755 0.0410786
-0.0466508 0.0106098 0.0534328
-0.0478676 0.00955401 0.0413545
-0.0408374 0.0133447 0.0409382
-0.0447509 0.0141987 0.0380652
-0.031709 0.022614 0.0432359
-0.0441904 0.012599 0.0358819
-0.0482264 0.0126322 0.0405427
-0.0406608 0.0102038 0.0425661
-0.0454059 0.0135278 0.0398731
-0.0483163 0.012645 0.0398045
-0.0461213 0.014335 0.0392424
-0.0440429 0.0142254 0.0403945
-0.0488708 0.013713 0.0390928
-0.0516673 0.00881269 0.0396276
-0.0483072 0.0114724 0.0406768
0.188825 0.087873 0.344762
-0.0783491 -0.0566026 0.257419
-0.0415323 0.00819305 0.0259393
-0.0154478 0.0301361 0.0413852
0.219486 0.38775 0.416741
0.0166274 0.066717 0.068891
-0.0175701 0.0266406 0.0404623
-0.0467584 0.00906616 0.0399723
-0.0262424 0.02459 0.0391373
-0.0253203 0.0275497 0.0435157
-0.0112279 0.0361465 0.0496796
-0.0251401 0.0280551 0.0440605
-0.0059225 0.0547303 0.091265
-0.0267218 0.027165 0.0405158
-0.0175108 0.0279323 0.040663
-0.0402228 0.0180058 0.0405326
-0.0179689 0.0273065 0.039752
0.00393235 0.0647171 0.0684537
-0.032351 0.0281955 0.0436242
-0.0324451 0.0267763 0.0415654
-0.0164828 0.0292756 0.0415642
-0.0298458 0.029487 0.0431425
-0.0281342 0.026765 0.0433886
-0.0200074 0.026393 0.0419565
0.0268734 0.0973502 0.182077
-0.0104754 0.0399498 0.0599088
0.0802331 0.186066 0.451889
-0.0556837 0.00438794 0.0370377
-0.0544709 0.00381603 0.0371362
-0.0534076 0.0052114 0.0375762
-0.054583 0.00385786 0.0373301
-0.0473477 0.00850967 0.0385248
-0.0491959 0.0135004 0.0448303
-0.00482463 0.0241409 0.0316234
-0.0147009 0.0275284 0.0401559
-0.0516951 0.00833067 0.0325323
-0.0423485 0.010869 0.0490467
0.316624 0.291657 0.341385
-0.0534284 0.134502 0.277064
-0.0313698 0.019752 0.0349619
-0.0305432 0.0247299 0.042978
-0.025634 0.0313775 0.0464193
-0.0544799 0.0037523 0.0370321
-0.0410415 0.013687 0.0416644
-0.0475787 0.00294472 0.0310422
-0.026807 0.0255781 0.03916
-0.0424756 0.0123122 0.040939
-0.0314299 0.0277473 0.0415639
-0.0533062 0.0155716 0.0385728
-0.0439951 0.0146197 0.0412417
-0.0445319 0.0136917 0.0402794
-0.0390918 0.0137855 0.0521552
-0.0921889 0.0814815 0.437054
0.166756 0.0643144 0.235815
-0.0416745 0.0148753 0.0410199
-0.0445929 0.0106186 0.040755
0.0635412 0.0726271 0.119841
-0.0127579 0.0312582 0.044085
-0.016026 0.0279835 0.0396771
-0.0155928 0.0272842 0.0404086
-0.0155083 0.0273154 0.0404349
-0.0197558 0.0688745 0.138832
-0.0430136 0.0139409 0.0410155
-0.0318896 0.0251932 0.0427064
-0.0390951 0.0150796 0.0422444
0.207612 0.189285 0.319488
-0.0432567 0.0144035 0.0417108
-0.0314245 0.0240815 0.0434214
-0.0407449 0.0126838 0.0417995
-0.0314727 0.0229471 0.0416446
-0.0317412 0.0214442 0.0395412
-0.0446963 0.0138484 0.0407063
-0.0369988 0.0106896 0.043431
-0.0394265 0.0126108 0.0318604
-0.0391981 0.0141212 0.041559
0.105126 0.0350834 0.179824
-0.0230765 0.0262432 0.0411422
-0.0203912 0.0284087 0.0381891
-0.0151031 0.0286411 0.0398295
-0.0294115 0.0239335 0.042133
-0.0183965 0.0278966 0.0403476
-0.0275445 0.0259505 0.042461
-0.0407817 0.015293 0.0413826
-0.0223878 0.0300824 0.0472716
-0.0197909 0.0294324 0.0396168
0.10106 0.186168 0.508412
-0.000171597 0.0545474 0.0668117
-0.051865 0.0132916 0.0384485
-0.0318168 0.0255904 0.0433289
-0.0408136 0.0119394 0.0399116
-0.0407348 0.0130948 0.0364771
-0.0400414 0.0167373 0.0420681
-0.020591 0.0160019 0.0652322
-0.0541356 0.00766949 0.0408376
-0.0444822 0.0126025 0.0412177
-0.0464548 0.0110634 0.0410573
-0.0201746 0.0266409 0.0420045
-0.0193341 0.0288308 0.0406237
-0.016488 0.0332897 0.0391809
-0.0390662 0.0129988 0.042602
-0.0272104 0.0290169 0.0404455
-0.0163437 0.0335934 0.0394627
-0.025859 0.0260766 0.0413783
-0.045051 0.0122358 0.0399179
-0.031961 0.022416 0.0441514
-0.0298391 0.0265701 0.0418473
0.0391628 0.0845602 0.133404
0.107763 0.136194 0.404835
0.0658454 0.197946 0.338139
-0.0447113 0.0102331 0.0394944
-0.045339 0.0129455 0.0403104
-0.0169399 0.0278732 0.0398749
-0.0312917 0.0238654 0.0437515
-0.0274173 0.0266452 0.0413323
-0.0316367 0.0252398 0.0428389
-0.0326164 0.027326 0.0415958
-0.0134493 0.0408592 0.0639925
-0.0193278 0.0292419 0.043775
-0.0139092 0.0270582 0.0405821
-0.0205534 0.027073 0.0408476
-0.0289493 0.0246934 0.0431378
-0.0234437 0.0291966 0.0431715
-0.0291739 0.0286463 0.0415141
0.18837 0.0801417 0.356298
-0.0448788 0.0105286 0.0401911
-0.0299349 0.0249764 0.0395729
-0.0471783 0.0103376 0.0390905
-0.0175368 0.0265105 0.0403079
-0.0317511 0.0230034 0.043882
-0.0298036 0.0267356 0.0412519
-0.0273662 0.025788 0.0421557
-0.0147539 0.0261127 0.0389906
-0.0185353 0.0327334 0.048677
-0.0267746 0.0288788 0.0454357
-0.0448605 0.0108895 0.0412697
0.2137 0.0796571 0.287668
-0.0167533 0.14627 0.335649
-0.0531629 0.0154434 0.0384682
-0.0424984 0.0110469 0.0421518
-0.038597 0.0106699 0.0428718
-0.0419653 0.0112074 0.0412756
0.100766 0.0523379 0.397235
-0.0468508 0.0120582 0.0406257
-0.0558079 0.00443523 0.0371925
-0.118948 0.0461458 0.22439
0.107856 0.120638 0.221556
0.122151 0.058353 0.24996
-0.087474 -0.0170918 0.279265
0.12968 0.0976692 0.448721
-0.0667523 0.0606864 0.457753
0.0817636 0.0181691 0.405396
-0.0433637 0.00809586 0.0355694
-0.0480812 0.009519 0.0408339
-0.00164649 0.0277873 0.0365893
0.0441777 0.0810817 0.145477
-0.092998 0.0784867 0.438992
0.108636 0.0477218 0.40747
-0.0881012 0.075541 0.391655
0.0252899 0.116226 0.425422
-0.0441718 0.00968399 0.0404102
-0.083077 -0.0368846 0.28949
0.0991427 0.028781 0.18999
-0.101329 -0.0380326 0.411813
0.0243414 0.0633261 0.105574
-0.0371484 0.0113567 0.0451557
-0.0402361 0.0181094 0.0428281
0.00706461 0.0379307 0.0462931
-0.00631785 0.0251568 0.0297491
-0.0460953 0.0124107 0.0400476
-0.0492226 0.0131228 0.0423056
-0.0461209 0.0100308 0.0413212
-0.0480344 0.00808757 0.0395761
-0.0437881 0.0119327 0.03703
-0.0446273 0.00965816 0.0403907
-0.0387591 0.0140822 0.0422177
-0.0397262 0.0168707 0.0422621
-0.0481401 0.0132091 0.0390814
-0.0154877 0.0274971 0.0402612
-0.0159864 0.0316781 0.0361287
-0.0198385 0.0252701 0.039678
-0.040072 0.0132621 0.0448097
-0.0384782 0.0123931 0.0426533
-0.0400916 0.0183334 0.041468
-0.0424491 0.0221723 0.0404215
-0.0468537 0.0150946 0.0411514
-0.0468707 0.0139957 0.0435377
-0.0456927 0.012042 0.0410627
-0.0488301 0.0135116 0.0390546
-0.0466306 0.00828144 0.0395764
-0.0456298 0.00901994 0.0395113
-0.0504172 0.00834024 0.0391043
-0.0269564 0.0242753 0.0403507
0.113634 0.0651943 0.117883
0.0446956 0.137463 0.368004
0.119506 0.104433 0.133267
-0.040419 0.0191518 0.042519
-0.011819 0.033314 0.0433655
-0.0411695 0.0224179 0.0485667
-0.0258504 0.0261943 0.0415056
-0.0394655 0.0103524 0.0436444
-0.0147531 0.0287809 0.0401727
0.0100862 0.0527319 0.0670433
-0.0523766 0.00446034 0.0390028
-0.0389923 0.0104399 0.0426876
0.0967347 0.0382282 0.183611
-0.0376309 0.01179 0.0442069
-0.0403661 0.0132036 0.042369
0.0323823 0.134407 0.403472
-0.0313477 0.0287469 0.0428988
-0.0406998 0.0152713 0.04082
-0.0180272 0.0279634 0.0357657
-0.0181287 0.026786 0.0391747
-0.0441158 0.0138251 0.0414389
-0.0444033 0.0132048 0.0403309
-0.0147816 0.164033 0.369658
0.091478 0.131627 0.413571
0.103277 0.0975872 0.122707
0.142825 0.077715 0.139879
-0.0422517 0.00967795 0.0416035
0.163345 0.0960607 0.345727
0.134321 0.0993721 0.458913
0.0592337 0.0116283 0.389829
0.0253057 0.0799173 0.142737
0.073864 0.029486 0.359948
0.0723261 0.0871084 0.117584
-0.0919111 0.108039 0.39455
-0.0393153 0.0116979 0.0416084
0.00358243 0.0551155 0.0702616
-0.0378665 0.0128849 0.0426131
-0.0423442 0.00949716 0.0415353
-0.037048 0.0107878 0.0435988
-0.0381608 0.0124153 0.0424386
-0.0474243 0.0140328 0.039278
-0.0379524 0.0109909 0.0458695
-0.0428685 0.0109239 0.0423219
-0.0400984 0.00960315 0.0429752
-0.0444956 0.0145645 0.0407818
-0.0467225 0.0122554 0.0397
-0.0370443 0.010177 0.0421113
-0.040698 0.0150316 0.0420203
-0.0438829 0.014512 0.0403223
-0.0271455 0.0195578 0.0292039
0.19292 0.085133 0.345191
-0.0387366 0.0139064 0.0419359
-0.0400368 0.0175311 0.0416235
-0.0509367 0.0147032 0.0387688
-0.0544343 0.0119111 0.0381603
-0.0571273 0.00816371 0.0376284
-0.13278 0.0827769 0.294283
-0.0516417 0.01199 0.038786
-0.0528473 0.00934474 0.0354199
-0.0524977 0.00857229 0.0338545
-0.0550605 0.00464888 0.0369361
-0.0509885 0.0103342 0.0378981
-0.00570651 0.032663 0.0337231
-0.0453859 0.0130889 0.0606864
-0.0652271 0.0200118 0.0698151
-0.0399878 0.0101007 0.0437816
-0.0516877 0.0121439 0.0390164
-0.0543842 0.0120489 0.0358919
-0.0506294 0.00962486 0.0366118
-0.0190334 0.0296749 0.0380336
-0.0509114 0.0101849 0.0376284
-0.0189498 0.0265477 0.0387673
-0.0392456 0.0119285 0.0422001
-0.0398835 0.0131621 0.0416699
-0.0511525 0.0100828 0.0381119
-0.0410683 0.0135024 0.0414177
-0.045025 0.00906101 0.0405151
-0.0565908 0.0031025 0.0371743
-0.0536489 0.00537177 0.0378412
-0.0398019 0.0152066 0.0418166
-0.0407025 0.0443334 0.112456
-0.0555049 0.00402266 0.0369742
-0.0478829 0.0158048 0.0416256
-0.0403982 0.0115838 0.0420613
-0.0316972 0.0232245 0.0442134
-0.0435781 0.0123792 0.040302
-0.0535035 0.00529052 0.0376521
-0.0506697 0.00826724 0.0386399
-0.0508536 0.00792601 0.0335624
-0.0586636 0.00318704 0.0357977
-0.0441939 0.00956538 0.0400789
0.0625035 0.0261283 0.107357
-0.0454555 0.0129256 0.0403405
-0.0455643 0.0116691 0.0402452
-0.0458154 0.0119961 0.0416011
-0.041267 0.0139252 0.0412331
-0.043892 0.00944385 0.0411041
-0.044491 0.0114112 0.0610685
-0.161193 0.0645078 0.330653
-0.195656 0.106255 0.400441
-0.105209 0.00956421 0.43779
-0.0311542 0.000670606 0.00744407
-0.0349681 0.00728708 0.191874
-0.0352898 -0.00193027 0.00443936
-0.0975325 0.0927836 0.385412
-0.170648 0.0572032 0.315819
-0.0832508 -0.000502473 0.232436
-0.0352931 -0.00193197 0.0044236
-0.158931 0.0974472 0.31255
-0.0398626 0.0109384 0.0399342
-0.0814143 0.00811289 0.205614
-0.156722 0.0611563 0.317897
-0.0356294 -4.54868e-05 0.0931732
-0.0476923 -0.000115156 0.144318
-0.0382726 0.0216854 0.163517
-0.0550791 0.00169834 0.180678
-0.0553199 0.00167059 0.1822
0.0835071 0.0332442 0.163809
0.078977 0.0919461 0.412925
-0.0404319 0.0136771 0.0414739
-0.00498495 0.0240023 0.0314443
-0.0447218 0.00801485 0.0410733
-0.0554638 0.00394078 0.0368312
0.0569408 0.0843121 0.125188
-0.130428 0.0536059 0.211512
-0.126338 0.0504697 0.202084
-0.131966 0.0547488 0.215739
-0.128572 0.0526071 0.208185
-0.119328 0.040282 0.213214
-0.0475709 0.00909752 0.0405051
-0.0413867 0.00997455 0.0417085
-0.0454095 0.008532 0.037555
-0.0446524 0.0113201 0.0382483
-0.0409961 0.0132302 0.0417616
-0.0051414 0.0280599 0.0504294
-0.0451855 0.0142016 0.0394337
0.0951996 0.0538531 0.135535
-0.0138074 0.033858 0.0484934
0.0977784 0.0290589 0.182157
-0.0283591 0.0249847 0.0433054
0.212209 0.265452 0.792782
-0.0476778 0.0143323 0.0400431
0.0680931 0.0768637 0.18652
-0.0513043 0.0149765 0.0390957
-0.0264482 0.0340064 0.0582077
-0.0271983 0.0268388 0.0432578
-0.0454318 0.00831823 0.0403404
-0.0145305 0.0323204 0.0385392
-0.0132117 0.0297031 0.0404723
0.085311 0.0882072 0.217644
-0.0398967 0.01171 0.0420705
-0.0143111 0.0263659 0.0391961
0.130984 0.0777777 0.13504
-0.0144893 0.169136 0.376197
0.0693522 0.0141515 0.438472
-0.0708852 -0.0240157 0.207744
0.0613601 0.089215 0.177241
0.0572729 0.0812712 0.11492
0.0921153 0.119746 0.430741
0.174577 0.0702165 0.320074
-0.0402628 -0.00532402 0.021059
0.0807768 0.10026 0.10608
0.195665 0.0796133 0.35878
-0.0976539 0.097219 0.397126
-0.0487703 0.0134681 0.0389425
0.359118 0.300797 1.09933
-0.0164479 0.0279596 0.0383989
0.109689 0.120114 0.221758
-0.0507701 0.0303492 0.0811359
-0.0460137 0.0103546 0.039899
-0.0156468 0.0288304 0.0406759
0.145841 0.00884262 0.175609
0.112227 0.069869 0.120642
0.0860472 0.0892249 0.109982
-0.0377343 0.00976343 0.038984
-0.0414069 0.0144082 0.0410806
-0.0430607 0.00859452 0.0402917
-0.0392324 0.0138104 0.0421485
0.0981708 0.0918272 0.119431
0.10363 0.0961666 0.125225
0.0722462 0.0735912 0.0980308
0.107829 0.11543 0.208084
0.134522 0.0491555 0.183801
0.0816944 0.208682 0.50394
-0.0219771 0.165224 0.370528
0.115072 0.10314 0.404876
-0.121802 0.104331 0.417956
-0.0197592 0.184869 0.410272
0.13987 0.0602863 0.262999
-0.0400805 0.0129942 0.0419315
3.12361e-05 0.0298139 0.0377479
0.0916021 0.0518155 0.134531
0.0626252 0.158604 0.377448
-0.00660573 0.025759 0.0305349
-0.0386251 0.010492 0.0426261
-0.039957 0.0151589 0.0418721
-0.045908 0.0138224 0.0413351
-0.0389747 0.0105379 0.0429329
0.106641 0.169001 0.310081
0.0856057 0.195393 0.464903
-0.040947 0.014648 0.0412503
0.144378 0.0663849 0.275054
-0.0202942 0.0257692 0.0410376
-0.0439388 0.00943932 0.0412077
0.00302427 0.0305724 0.0383329
-0.0474161 0.00676093 0.0397184
-0.0426927 0.00848295 0.0423637
0.0938538 0.0309765 0.174611
0.0562149 0.104004 0.12553
0.117556 0.18479 0.350733
0.0758224 0.113416 0.13157
-0.0833548 0.128572 0.429556
-0.138651 0.0432482 0.225655
-0.0435352 -0.0034107 0.00981181
-0.032129 0.00601959 0.0359214
-0.0544959 0.0118372 0.0389711
-0.0174527 0.0315804 0.0370764
-0.0547221 0.00485392 0.0373152
0.00524002 0.00945962 0.0601847
-0.0316785 -0.00281277 0.00542879
-0.0483723 0.00548884 0.0387516
-0.0473983 0.010739 0.0398444
-0.0561169 0.00395843 0.036098
-0.042614 0.01436 0.042999
-0.0731156 0.0147372 0.402284
0.0469285 0.0827759 0.233996
0.0696476 0.0874349 0.133859
0.118541 0.11702 0.200639
-0.107008 0.0192823 0.226382
-0.112036 0.0214245 0.226654
-0.0468455 0.00221907 0.0362724
-0.0384632 0.0139032 0.0445007
0.0521104 0.165294 0.410073
0.0746262 0.0875375 0.132372
-0.0487339 0.00790818 0.0396837
-0.0485922 0.00779196 0.0392306
-0.0436973 0.00896397 0.0414818
-0.0472819 0.013085 0.0393385
0.108723 0.0871767 0.258464
-0.0485062 0.00687276 0.0406482
-0.000926819 0.149441 0.298844
-0.04133 0.00979032 0.0413133
-0.0396479 0.0168998 0.0425013
0.175963 0.0624466 0.239977
-0.0369837 0.0110306 0.0442905
0.0223512 0.0750153 0.132067
0.129733 0.159705 0.535927
0.062822 0.085149 0.121053
0.14947 0.0636609 0.276173
-0.115899 0.0443882 0.195693
-0.104897 0.0378494 0.160296
-0.0467047 0.00744289 0.0408316
-0.037235 0.00763631 0.0366788
-0.0436952 0.0142025 0.0408569
-0.0835111 -0.0329624 0.289026
0.102761 0.0334493 0.186499
-0.112793 0.0193894 0.234817
-0.00408971 0.0300042 0.036072
0.0216655 0.106183 0.185347
-0.0462877 0.0132505 0.0415111
-0.0174784 0.0266827 0.040538
-0.0432073 0.0114643 0.0426601
-0.044719 0.0139609 0.0409202
0.0205348 0.0795472 0.14463
0.0738715 0.0557449 0.184552
0.0785194 0.0184259 0.151566
0.0357186 0.0799999 0.126826
0.228153 0.0653138 0.365028
-0.00262382 0.0258762 0.358436
-0.0422024 0.00924286 0.0416411
-0.0431655 0.00994595 0.0415101
-0.0425682 0.0109255 0.042007
0.164594 0.0966921 0.344843
-0.0468737 0.00841745 0.0402966
0.203429 0.0256001 0.251992
0.0432396 0.0751148 0.114199
0.062668 0.159461 0.363375
0.113244 0.102107 0.39983
-0.0379371 0.0126499 0.0439787
0.00787163 0.086765 0.136012
-0.037825 0.00262103 0.0298394
-0.0413671 0.00983567 0.0414173
0.0866958 0.0207192 0.165513
0.0492136 0.082088 0.125889
0.144017 0.0354133 0.413638
0.0459762 0.195992 0.356324
0.140277 0.0754534 0.143576
-0.106203 0.019263 0.224922
0.0953711 0.0256889 0.176437
0.0155886 0.0790521 0.147851
0.0378521 0.0680595 0.134196
0.0184202 0.0751126 0.136202
-0.10533 0.0221705 0.220542
0.111605 0.0635226 0.160691
0.0435551 0.0817369 0.144987
0.0501312 0.0844748 0.14352
0.0518504 0.0882116 0.15104
0.0691575 0.0771764 0.187144
0.209537 0.0347778 0.269763
-0.0380747 0.0106346 0.0439603
0.0397198 0.018037 0.288825
-0.0454588 0.00768044 0.0405025
-0.258256 0.161816 0.777102
-0.192127 0.0895345 0.420337
-0.0464281 0.0113862 0.0400464
0.0741515 0.0994553 0.135602
0.0954699 0.0559204 0.145601
-0.0429487 0.0135861 0.0414599
-0.0945875 0.112227 0.404622
-0.0954173 0.0694681 0.235635
-0.0434752 0.0102314 0.0410684
-0.0450581 0.00701892 0.0403299
-0.0441193 0.0138523 0.0403714
-0.0518606 0.00835978 0.0334953
0.0439136 0.024436 0.117116
0.151131 0.0644717 0.278214
-0.0450537 0.0125189 0.0410291
-0.103124 0.0414695 0.119052
-0.0386423 0.0130517 0.0425861
-0.0422776 0.0235698 0.184478
-0.202627 0.0712592 0.385911
-0.0392341 0.0169852 0.0369912
0.160446 0.0888762 0.214255
0.0822013 0.0276139 0.168437
0.140186 0.0941551 0.15129
0.0402245 0.100026 0.136232
0.108069 -0.00874901 0.185489
-0.120674 0.00547954 0.429125
0.0619352 0.0759925 0.306085
0.0206211 0.0882436 0.166722
-0.0198877 0.025638 0.0356688
0.0866769 0.0537106 0.153552
0.0342792 0.0847642 0.104155
0.0568275 0.0795837 0.112396
0.0620812 0.124328 0.12767
-0.102213 0.0125575 0.460583
-0.0869755 0.071435 0.19126
-0.0313302 -0.00193353 0.0360473
-0.00489975 0.00441267 0.045734
-0.116834 0.0385445 0.206756
-0.112184 0.0899769 0.368404
-0.193457 0.139799 0.495187
-0.167407 0.116652 0.433668
0.032815 0.108325 0.210615
0.0601541 0.0109608 0.390787
-0.147124 0.0876613 0.377787
-0.204521 0.0715785 0.389369
-0.122752 0.0477514 0.222316
0.118031 0.11098 0.182582
-0.108539 0.0185469 0.224302
-0.0191533 0.026322 0.0410656
0.0604636 0.0986791 0.117793
-0.0448044 0.0113778 0.0401982
-0.0436674 -0.00391507 0.0157149
0.122262 0.114889 0.42641
0.0573361 0.0171816 0.360937
-0.0385346 0.0130748 0.0425194
-0.00674962 0.18503 0.486431
-0.0559979 0.064346 0.442875
-0.111034 0.100086 0.376835
0.0480848 0.0859501 0.141781
-0.129651 0.0309766 0.296337
0.0861194 0.0326977 0.386517
-0.0655536 0.0460781 0.197464
-0.22876 0.0888874 0.42805
-0.143917 0.0461549 0.238663
-0.0837327 -0.0167993 0.2561
-0.0551452 0.00362534 0.0372803
-0.0552454 0.00368867 0.0374287
-0.0545656 0.0039908 0.0353357
-0.102132 0.0601824 0.194102
-0.0380069 0.0125977 0.0448405
-0.0989381 0.0567432 0.184912
-0.0397365 0.0164854 0.0414241
0.0236342 0.0811196 0.145215
0.24747 0.0841384 0.313847
-0.0545372 0.0163823 0.384855
0.00291123 0.0753458 0.120258
0.151205 0.202713 0.722921
0.0424887 0.0801174 0.14271
-0.0742511 -0.051684 0.266322
0.0751311 0.129729 0.242494
0.0734834 0.0865288 0.114699
0.156535 0.0407479 0.243273
0.0904353 0.0359338 0.174293
0.0948519 0.0575973 0.165524
0.0497891 0.0903578 0.152955
0.0193282 0.119082 0.405654
0.140181 -0.00753082 0.233847
0.20895 0.0800476 0.297421
0.141559 0.0344173 0.402503
0.133644 0.0849582 0.322908
0.144873 0.148562 0.262543
0.022731 0.0479778 0.0712992
-0.014336 0.0284026 0.0410208
-0.0475271 0.00699801 0.0402586
-0.0386639 0.0095018 0.0419902
-0.0551057 0.00360032 0.0370981
0.0975796 0.111993 0.171842
-0.040642 -0.00911835 0.0106051
-0.0404312 0.008333 0.0404108
0.137788 0.0444497 0.222877
0.0571091 0.0799192 0.113807
-0.0149305 0.028302 0.0416357
0.0398892 0.024253 0.117354
-0.0933306 0.0106051 0.436776
-0.0138519 0.0352205 0.049564
0.075836 0.0476869 0.136475
-0.0153952 0.0281179 0.0391308
0.10584 0.0418248 0.193033
0.0676705 0.0148812 0.421569
0.070237 0.0173276 0.355239
-0.04565 0.00966142 0.0412558
-0.0527129 -0.0107263 0.0887241
-0.0521956 0.00900298 0.0372437
-0.0465026 0.0115075 0.0403201
-0.0454152 0.0115028 0.0407831
0.0996845 0.0223183 0.180424
0.0781066 0.131816 0.208428
0.0382137 0.0806051 0.13135
0.0103137 0.0820717 0.430248
-0.114563 0.0224634 0.235228
-0.124108 0.0506088 0.194279
-0.127362 0.0558617 0.221627
-0.0435979 0.0155385 0.0425454
-0.046862 0.00846719 0.0404531
-0.040764 0.0117185 0.0412286
-0.0392016 0.0143244 0.0400131
-0.0470404 0.00884193 0.0402378
-0.0405197 0.0115298 0.042123
-0.046108 0.012713 0.040981
-0.0443558 0.0104536 0.0407692
-0.0446786 0.0137664 0.0416796
0.0268784 0.0772821 0.134174
-0.0484296 0.0126857 0.0395204
-0.0399791 0.0136494 0.0430581
-0.0337345 0.0238975 0.0391695
-0.0407756 0.0235399 0.0436581
-0.0469558 0.00986039 0.0400124
-0.0514634 -0.0220818 0.10675
0.0567504 0.0147546 0.121707
-0.0517986 0.0122323 0.0369934
-0.0402797 0.00977786 0.0421289
-0.0447893 0.00970917 0.0407943
0.0290508 0.0981135 0.103003
0.158817 0.0709748 0.291908
-0.0173828 0.0268869 0.0407664
-0.0396514 -0.00400889 0.00970163
-0.0521568 0.00973787 0.0334167
-0.0268241 0.00325523 0.0165447
0.0792031 0.121869 0.479502
-0.0368632 -0.00450147 0.00697799
-0.0459324 0.00773037 0.0411993
-0.0453493 0.010418 0.0421149
-0.0451855 0.00780001 0.038911
-0.0353348 -0.00460425 0.00438494
0.00430003 0.0343616 0.0644141
-0.0833507 -0.0236419 0.266512
-0.0551473 0.00463219 0.0370925
0.0237402 0.0494377 0.0762198
-0.0441102 0.00952501 0.0412203
-0.0167066 0.0281201 0.0394216
-0.078276 -0.0415277 0.275658
0.075213 0.0462824 0.13009
0.0937628 0.034606 0.168356
-0.0526602 -0.00767782 0.0665478
-0.0399357 0.0153275 0.0421959
0.0181936 0.090016 0.0990635
-0.0324817 -0.00440486 0.0240308
-0.0911515 0.0105048 0.414336
0.134567 0.0503347 0.183504
-0.0956298 -0.00284305 0.28637
0.162077 0.0425665 0.24989
0.0602672 0.115044 0.415094
-0.0945031 0.0996165 0.391017
-0.0407734 0.0168823 0.0403934
-0.176099 0.0884842 0.336657
-0.167524 0.117644 0.412046
-0.0120988 0.0210523 0.0482545
-0.00677511 0.0371869 0.105588
-0.10275 0.0990571 0.405022
-0.164069 0.114096 0.403611
-0.105981 0.0220305 0.222069
-0.0616921 0.020341 0.0816331
-0.0596653 0.00407377 0.0355931
-0.0287925 0.00780764 0.01862
-0.0397393 0.0118801 0.0412995
-0.0524295 0.00724054 0.0464318
-0.0478689 0.012294 0.0397702
-0.0503356 0.00935063 0.0360193
-0.0347804 0.00578618 0.0221549
-0.137025 0.0556615 0.27139
-0.0458848 0.010698 0.0419378
-0.0569463 0.00790336 0.0375278
-0.0354443 -0.00450412 0.0126748
-0.0162089 0.0290444 0.039701
-0.131945 0.106934 0.441827
-0.0774929 0.00825092 0.339761
-0.0394473 -0.00398785 0.00935522
0.0106365 0.0171792 0.0852357
-0.0761908 0.00334066 0.298996
-0.043311 0.0362272 0.253198
-0.0453883 0.0129163 0.0402603
-0.0308256 0.0031819 0.0104005
-0.0444416 0.0104512 0.0405075
-0.041544 0.0152725 0.0410063
0.0883423 0.117741 0.190597
0.0361636 0.0391768 0.428613
-0.00419137 0.0322378 0.0344672
0.0823847 0.0243544 0.16047
-0.0341572 0.0149679 0.0382736
-0.0150398 0.0283083 0.0395568
0.166777 0.0453333 0.301057
0.145406 0.147511 0.264396
0.2021 0.0546181 0.34468
-0.187494 0.105607 0.383685
-0.0407861 0.0267275 0.0529433
-0.0357748 0.00519194 0.0991509
0.0485849 0.077877 0.139917
0.136013 0.0487981 0.225753
-0.0512498 0.0148298 0.0392849
0.0806479 0.0562493 0.19202
0.0261295 0.0685833 0.207502
-0.0731346 -0.0374093 0.241078
-0.0389026 -0.00359504 0.00888994
0.0194508 0.0839488 0.209944
0.0965359 0.0382731 0.177787
-0.0357804 0.00537262 0.100152
0.0588976 0.0668638 0.170003
-0.0384809 0.0122189 0.0423454
0.0343888 0.0939859 0.129099
-0.112048 0.0622131 0.250051
-0.115857 0.0138114 0.354222
0.0957822 0.0510774 0.152229
-0.0382535 0.0122185 0.0420541
-0.0398344 0.0143089 0.0451896
-0.0456513 0.0124781 0.0444794
-0.0546088 0.0122306 0.0386426
-0.0171349 0.0296143 0.0373977
0.117164 0.0440492 0.207569
-0.0471706 0.00992969 0.0417752
-0.0534221 0.00366018 0.0383034
0.0543248 0.0463169 0.155251
0.0639824 0.0865887 0.122197
-0.153269 0.0922574 0.406983
-0.191194 0.0660436 0.358819
-0.181284 0.0869856 0.373926
-0.039787 0.0121127 0.0472474
0.0457759 0.080847 0.146629
-0.0373742 0.0113313 0.0435075
-0.0549773 0.00462361 0.0367484
-0.0545309 0.00391629 0.0374093
-0.0411823 0.0121485 0.042355
0.0512314 0.0878003 0.144235
-0.053639 0.00426247 0.0377985
-0.0934973 0.0795179 0.447601
-0.0463294 0.00852485 0.0402496
0.0721693 0.100526 0.162747
0.0623604 0.0902714 0.146401
-0.0441997 0.0080925 0.041097
-0.0436501 0.0141686 0.0407365
-0.0443672 0.0091429 0.0408501
-0.0457863 0.00938943 0.0407994
-0.0419744 0.0107728 0.0413792
-0.0993202 0.00853113 0.404886
-0.0459202 0.00993865 0.0403707
-0.00122024 0.0287645 0.0377681
-0.0397718 0.0122933 0.0415182
-0.0512273 0.00835041 0.0382786
-0.019176 0.0263634 0.0410947
-0.0495225 0.00809876 0.0478739
-0.0433773 0.0124895 0.0405846
0.0722859 0.054811 0.155101
-0.0143164 0.0281087 0.0409178
-0.0426942 0.0129925 0.0411709
-0.0420467 0.0112895 0.040867
-0.176281 0.12563 0.461331
-0.0984718 0.10051 0.40535
-0.181615 0.0876514 0.366685
-0.0347185 0.0132144 0.0587052
-0.00936491 0.0308046 0.212317
0.155804 0.0400675 0.263012
0.0835986 0.0505663 0.139996
-0.052449 0.00822954 0.0489918
-0.0435344 0.0106796 0.0404655
-0.0837004 0.0147782 0.456123
-0.0914042 0.0734708 0.454442
0.0433142 -0.00043025 0.075742
-0.0430363 0.00236985 0.0283499
0.13455 0.0494905 0.190356
-0.0558137 0.00728723 0.0347571
-0.097081 0.019655 0.269023
0.0594564 0.0988264 0.119233
0.144754 0.0376561 0.22833
0.243139 0.0906565 0.325897
0.0525594 0.10986 0.128798
-0.0479703 0.0111646 0.0398103
-0.0292341 -0.000300057 0.0385004
-0.0251648 0.0162416 0.0314277
-0.0537007 0.00539108 0.0386379
-0.0510232 0.00793162 0.0366217
-0.0436683 0.0132866 0.0401507
-0.0438715 0.0134444 0.0405942
-0.0446591 0.00787921 0.0407306
-0.00473662 0.0262686 0.0308056
0.118164 -0.00778788 0.203889
-0.0458758 0.00742878 0.0404209
0.0388946 0.0256132 0.423952
-0.0418312 0.0155257 0.0414089
0.00724525 0.0850002 0.255573
-0.0793895 0.117322 0.394755
-0.0135546 0.127781 0.276748
-0.0447372 0.00909977 0.0405606
-0.0233838 0.0493609 0.118096
-0.0940836 0.0770594 0.246206
-0.0458766 0.0143705 0.0403047
-0.119355 0.0292375 0.35176
-0.158384 0.0400694 0.396549
-0.116439 0.0995845 0.411039
-0.135255 0.121051 0.409694
-0.171225 0.122296 0.421089
-0.13851 0.0728372 0.371128
-0.0481563 0.01426 0.0385573
-0.0432511 0.0118871 0.0408424
-0.0431175 0.0126908 0.040791
-0.0403932 0.0132677 0.0423363
-0.0427761 0.00839486 0.0419524
0.0464091 0.0796005 0.134121
0.0430991 0.0968411 0.117859
-0.0442291 0.012371 0.0409018
-0.0156557 0.0272169 0.0399098
-0.0805827 -0.0202501 0.247324
0.0197885 0.0671434 0.443793
0.151337 0.1381 0.340847
0.0943735 0.0535402 0.148934
-0.00319626 0.0255367 0.0315886
-0.0459709 0.0100097 0.0406963
0.150759 0.0660555 0.29078
0.0777869 0.0996596 0.155176
-0.0568849 0.00338575 0.0378595
-0.0540692 0.0105858 0.0387339
-0.151155 0.0457261 0.226067
-0.0442994 0.0139835 0.055836
-0.0162764 0.0311349 0.0392909
0.0534839 0.112474 0.115281
-0.0753168 0.0976708 0.29529
-0.0391055 0.0107539 0.0435608
-0.0404184 0.0116089 0.0421679
-0.0571206 0.00806683 0.0378166
0.0597811 0.117714 0.217392
-0.0536037 0.0205995 0.0619992
-0.0395946 0.0215714 0.0466451
-0.0401397 0.01157 0.0422772
-0.0443202 -0.0139362 0.0516394
0.0855793 0.193425 0.374434
-0.141594 0.0578622 0.284555
0.0898239 0.0986235 0.415925
0.0933108 0.103989 0.430565
-0.0349825 0.0141818 0.0623334
-0.044316 0.0106871 0.0391813
-0.0594375 -0.0141621 0.127146
-0.0748414 -0.00640165 0.200485
-0.0435132 0.0119908 0.0406918
0.0577292 0.0885784 0.146855
-0.0300473 -0.00628315 0.00574466
-0.0425106 0.0112639 0.0568136
-0.0455415 0.00958866 0.0375917
-0.0421961 0.0099173 0.0382956
-0.00398696 0.0287294 0.0556279
-0.0268364 0.00893558 0.0390018
0.0572737 0.118175 0.118491
0.0545936 0.0801647 0.118036
-0.0392249 0.0136477 0.041682
0.049923 0.077569 0.114296
0.0238995 0.0555705 0.10155
0.128205 0.0463166 0.215002
-0.0440381 0.00943847 0.0409268
0.0403461 0.0739468 0.113008
0.064427 0.0850283 0.13103
-0.0750215 -0.00394416 0.190484
0.161547 0.0729543 0.313761
-0.0588525 -0.0149765 0.132246
0.0739372 0.0602462 0.193008
-0.0553854 0.000953251 0.080548
0.0229632 0.0895733 0.126138
0.128651 0.0645715 0.189134
0.0823406 0.0982528 0.149931
-0.0372112 0.00615421 0.103579
-0.0470484 0.00976447 0.0394203
-0.0407125 0.015458 0.0409384
0.137002 0.107204 0.33143
0.126783 0.0581289 0.243847
-0.0802456 0.0100939 0.348742
0.051345 0.104636 0.125389
0.0660107 0.141034 0.1519
0.109747 0.0901711 0.279542
