-0.0253856 0.0471707 0.264739
0.0468364 -0.0332688 0.242977
0.0949224 0.00184313 0.240368
0.0808485 -0.0153961 0.248084
0.0489038 -0.010365 0.244718
0.0779359 0.00315074 0.244203
0.0209571 0.164993 0.842152
-0.0583072 1.28955e-05 0.245576
0.0803401 -0.0700847 0.272983
0.0746627 0.0794891 0.500989
-0.285989 0.152779 0.845088
-0.140726 0.080281 0.421435
-0.034764 0.0303948 0.244004
-0.0191546 0.214179 1.10937
-0.0908914 0.178777 1.02277
-0.302846 0.150931 0.843299
-0.835657 0.391255 1.86212
0.0581189 0.0402273 0.239295
-0.305413 0.203676 0.918071
0.129828 0.0660436 0.246101
0.060285 -0.00228901 0.250335
0.0705902 0.00404789 0.248923
-0.00229729 0.0177858 0.242298
-0.0233398 -0.0556522 0.382011
0.122443 0.0213095 0.200091
-0.032404 0.0259058 0.222474
0.11299 0.0285883 0.235274
-0.00801633 -0.0188102 0.194655
-0.0677038 -0.000501597 0.29217
-0.0553868 0.0482962 0.302117
0.0645542 -0.00743461 0.258353
0.0929717 0.0846853 0.316402
0.0622684 0.0660619 0.255892
-0.0468747 0.17088 0.931031
-0.0999141 0.0299898 0.211859
-0.0874144 0.181144 0.818429
0.126196 0.0563962 0.188391
-0.0593765 0.209993 0.952743
-0.061199 0.180781 0.870348
0.064881 -0.00603229 0.257593
-0.139238 0.242136 0.882833
-0.064674 0.214022 0.944262
-0.367926 0.170786 0.811078
-0.383778 0.209189 0.853911
0.190605 0.125859 0.422884
-0.0648119 0.0711058 0.489928
-0.390905 0.200781 0.807995
-0.281856 0.139126 0.533885
-0.0224897 0.0415787 0.220013
0.56623 0.374239 2.39665
0.918875 0.155104 2.27047
-0.143069 0.231108 0.922157
-0.05215 0.227558 0.93031
-0.295156 0.250966 1.0309
-0.405505 0.169389 0.884874
0.0139068 0.20552 0.779887
-0.0454177 0.239735 0.945864
-0.359652 0.154005 0.734297
-0.00849773 0.00482694 0.0180693
-0.298109 0.172104 0.596607
-0.348861 0.175068 0.979679
-0.830193 0.444574 2.8465
-0.357597 0.175247 0.843972
-0.917327 0.230507 1.71212
0.00302169 0.119548 0.833395
-0.132367 0.196911 1.00279
-0.115147 0.228477 1.03821
-0.0586618 0.0684502 0.417862
0.0582501 -0.062922 0.266153
-0.142487 0.0628496 0.489431
-0.0896887 0.0319801 0.189329
-0.0971906 0.0207048 0.188837
-0.0602587 0.198531 0.879222
0.0611095 0.00754331 0.216151
0.102457 -0.0217604 0.251248
-0.0792789 0.256312 1.00096
-0.203373 0.228023 0.919061
-0.0331797 0.0761612 0.407485
-0.125988 0.0736876 0.371528
0.0310095 0.149129 0.624826
-0.336122 0.174421 0.854205
0.0246826 0.246315 0.880809
-0.258913 0.134914 0.552144
-0.165861 0.301923 1.06778
-0.0263741 0.0799333 0.385759
0.00785538 0.187759 0.755269
-0.340561 0.198958 0.706915
-0.0283032 0.226186 0.936405
-0.346299 0.15593 0.855485
-0.438261 0.320249 1.25611
0.145064 -0.064067 0.185936
0.130839 -0.0645941 0.166705
0.122651 0.0605008 0.251439
0.140212 -0.0505105 0.197031
0.14227 0.0240269 0.210084
0.0288091 0.00974821 0.0638763
-0.00684627 -0.0178133 0.115159
-0.0193215 0.0241009 0.109568
-0.0280713 0.0248306 0.126072
-0.0137728 0.0192631 0.0845059
-0.0133586 0.0129809 0.111989
-0.00098129 0.0207863 0.0962193
-0.0146708 0.0193126 0.084463
0.0030832 0.0203193 0.0961423
-0.023073 0.0185985 0.0729968
-0.00120353 0.0242673 0.0945108
-0.0029409 0.0181607 0.0995738
-0.00324539 0.0232668 0.0934165
-0.0380115 -0.0257949 0.0883267
-0.0447472 0.0231345 0.114002
-0.0128542 0.0183152 0.0820966
0.00203045 0.0251494 0.0941284
-0.00598057 0.0223338 0.0868261
-0.0112776 0.0149489 0.0838001
0.0587849 0.00891928 0.151934
-0.0542232 0.00988719 0.0912152
-0.0134119 0.0116386 0.168953
-0.00673624 0.164721 0.897137
-0.00405512 0.0343779 0.256968
0.0731208 -0.00534941 0.201281
-0.0271219 0.192782 1.04164
-0.0882566 0.0238518 0.180819
-0.097271 0.183521 0.94124
-0.0497644 0.0768688 0.464924
-0.0416009 0.0160922 0.271135
-0.314458 0.185004 0.996182
0.0181986 0.250208 1.40035
-0.273355 0.242647 1.08847
-0.190352 0.0822216 0.396062
-0.264724 0.154412 0.822844
-0.186244 0.0805663 0.381957
-0.010789 0.0949146 0.664001
0.0860542 0.0583517 0.366398
0.0921859 -0.0237646 0.239939
0.0194921 0.197674 0.838631
-0.0715373 0.066289 0.418847
-0.110448 0.178426 0.963649
-0.0912439 0.0214168 0.180921
0.0690833 -0.0344543 0.257001
-0.0589629 0.0483505 0.369169
0.0990064 -0.0303406 0.254352
0.0123495 0.134989 0.683907
-0.0897774 0.0274729 0.208659
-0.0524803 0.0341016 0.23592
-0.0372198 0.0483668 0.361733
0.0647453 -0.0338522 0.245886
-0.0708092 0.028951 0.236068
0.132033 0.0692232 0.268004
0.0666175 -0.0351299 0.253111
0.224133 0.132261 0.437258
-0.0159238 0.029365 0.231751
0.00579313 0.018662 0.233462
0.124593 0.0696224 0.230064
-0.165618 0.253103 1.03719
0.0750984 0.0131583 0.197986
0.126369 0.0602781 0.258103
0.0831528 -0.0281392 0.249821
0.0633713 -0.0611673 0.24205
-0.00864193 -0.0248577 0.257594
-0.0921138 0.0259081 0.183732
0.0490097 0.03768 0.238323
-0.0499412 -0.0895158 0.276217
0.0813294 -0.0156742 0.250247
0.0128531 0.174054 0.667633
0.0956205 -0.0220932 0.244004
-0.0519614 0.0440054 0.326115
-0.100951 0.0386188 0.246723
-0.0806324 0.136195 0.980225
0.119128 0.0369863 0.250053
0.093203 -0.0161841 0.246447
0.0250244 0.178253 0.750276
0.00699406 0.0720075 0.287559
-0.246303 0.142915 0.49296
0.0228066 0.127861 0.774342
4.71686e-07 -6.90174e-07 3.81331e-06
-0.101617 0.251675 0.954168
-0.0580561 0.140041 0.870208
-0.146633 0.235884 1.08505
-0.150774 0.257489 1.09191
-0.0937202 0.264388 0.95808
-0.12219 0.246183 0.946923
-0.0110422 0.187571 0.810137
-0.123855 0.179869 1.01046
-0.298754 0.186714 0.770715
-0.0879267 0.0501679 0.251393
-0.0616848 0.0326713 0.256922
-0.28521 0.178435 1.15931
-1.49193e-05 1.40655e-05 7.4005e-05
-0.338025 0.196264 0.743686
-0.0606703 0.178983 0.846194
-0.066143 0.221954 0.984886
-0.0945344 0.0427147 0.263307
0.0291765 0.146755 0.823697
-0.265262 0.122377 0.507162
-0.278383 0.15043 0.744628
0.132103 0.188345 0.636355
-0.38147 0.179883 0.721079
0.00891872 0.050264 0.175144
-0.336953 0.186225 0.929487
-0.16759 0.0696418 0.312329
-0.31018 0.153467 0.610415
-0.246493 0.21865 1.03143
-0.158574 0.0688565 0.366681
-0.198866 0.0797403 0.383396
-0.164357 0.265897 2.23678
1.12558 -0.652773 2.8244
0.00345671 0.0370283 0.225048
-0.280006 0.119988 0.510302
-0.321736 0.194229 0.996006
-0.000120176 5.0643e-05 0.000215782
-0.31493 0.215598 1.13038
-0.243766 0.106005 0.452555
-0.251218 0.199471 1.23287
-0.409473 0.217532 0.881901
-0.0946633 0.0528145 0.206368
-0.257715 0.147367 0.65908
-0.13016 0.260908 0.896428
-0.0204314 0.206637 0.846916
-0.0027447 0.15119 0.585127
-0.0185798 0.194356 0.957327
-0.387868 0.224241 0.910753
-0.0791658 0.209309 0.694546
-0.0971429 0.170723 0.772516
-0.0534521 0.234685 0.923147
-0.110888 0.260428 0.932852
-0.427693 0.201587 0.90042
-0.11264 0.0473549 0.236745
-0.355858 0.14727 0.747797
0.764745 -0.26016 2.32557
0.0202126 0.195744 0.827308
8.93696e-06 5.83015e-05 0.000355491
0.0719587 0.0454389 0.249952
-0.232364 0.203247 0.961352
-0.314499 0.18122 0.821509
0.215476 0.104802 0.367234
-0.0173716 0.0377839 0.254476
-0.0560926 -0.0412922 0.135545
0.0466538 -0.040935 0.254183
-0.279464 0.162975 0.706298
-0.0871549 0.147289 1.0485
0.117956 0.047447 0.249472
-0.0503916 0.154046 0.784906
-0.173611 0.0857841 0.342589
-0.220003 0.0931485 0.565165
-0.506532 0.28494 2.06713
-0.124389 0.208331 1.29246
0.00409391 0.229015 0.866131
-4.68993e-05 2.21206e-05 9.62045e-05
-0.228327 0.0788146 0.42468
-0.103736 0.275319 1.07433
-4.22664e-06 4.37023e-05 0.000179081
-0.0296939 0.1181 0.771114
0.0467391 -0.0322058 0.24758
-0.042715 -0.0388013 0.261784
-0.239787 0.210871 0.997578
-0.0415207 -0.0219946 0.25543
-0.172507 0.262673 1.11296
-0.15565 0.06139 0.411325
0.0450562 -0.0220136 0.25084
0.0871774 0.0540527 0.303375
-0.0189574 0.0156662 0.230714
-0.0752021 0.127598 0.919497
-0.0155551 0.02202 0.265872
-0.0583703 0.0302544 0.242024
-0.242041 0.166133 0.748665
-0.173329 0.244761 1.08459
0.0148006 0.181543 0.770648
-0.0273187 0.133921 0.88692
-0.488255 0.11068 0.896903
-0.0875937 0.148108 1.05
-0.0343328 0.186592 0.960604
0.00685819 0.20915 0.881844
-0.110927 0.203757 0.698442
-0.0610699 0.221237 1.01105
-0.19074 0.218463 1.20608
-0.0608849 0.0345231 0.119582
-0.101218 0.175246 1.00236
-0.206973 0.140557 0.567458
-0.198773 0.201192 1.0638
0.00369399 0.0397327 0.242104
-0.313724 0.176883 0.786939
-0.0796097 0.0984021 0.639557
-0.152686 0.0883105 0.393415
-0.0270302 0.131833 0.897626
-0.187585 0.223969 1.17383
-0.0754305 0.254638 0.960416
-0.310466 0.217303 0.844983
-0.0764167 0.24451 0.890319
-0.190422 0.207767 1.10555
-6.4836e-05 3.78745e-05 0.000146945
-0.160239 0.343054 1.26844
-0.237893 0.128234 0.566308
-0.172514 0.226255 1.10257
-0.0995713 0.27624 1.03371
-0.105735 0.228132 1.07794
-0.0144491 0.027496 0.23586
-0.856272 0.395234 2.20923
-0.100308 0.0715744 0.522838
-0.00835554 0.222123 0.955416
-0.151397 0.232699 0.951262
-0.0338695 0.12455 0.586313
-0.116845 0.166573 0.941672
-0.129293 0.29665 1.06797
-0.0258547 0.016686 0.109748
0.0100842 0.0428769 0.303235
-0.230116 0.224896 0.963776
-0.0535519 0.209374 0.824951
0.0125419 0.0453515 0.278916
-0.00240812 0.158338 0.875597
-0.0284268 0.191106 0.878505
-0.0490926 0.10827 0.548778
-0.0259129 0.0642609 0.222103
-0.13924 0.263631 0.939335
-0.127031 0.137557 0.870478
-0.103687 0.291063 1.02017
-0.0563381 0.308163 1.2231
-4.16021e-05 2.16207e-05 8.91469e-05
-0.156704 0.0718886 0.32131
-0.357611 0.215882 1.1144
0.083713 0.00895831 0.241244
0.0915959 -0.00748062 0.221334
0.086495 -0.0196675 0.247315
-0.0571033 0.0284439 0.239888
-0.0866377 0.0162351 0.202232
0.238125 0.134676 0.445194
0.0782128 0.0142164 0.226305
0.108357 0.0534295 0.217235
0.233901 0.136856 0.454309
0.0974169 -0.0281377 0.253345
0.0872831 -0.0768227 0.300485
-0.102048 0.237083 1.02003
-0.0178556 0.192675 0.997219
-0.097302 0.0211815 0.189497
-0.23609 0.123901 0.650099
0.0488962 0.119091 0.75043
-0.243956 0.126339 0.637062
-0.13431 0.023029 0.301346
-0.273479 0.1998 1.14246
0.0196913 0.134113 0.843052
-0.0195107 0.014664 0.222864
-0.0383023 0.180106 0.974344
-0.0763249 0.0305529 0.223923
-0.0462018 0.163049 0.729593
-0.0652822 0.0417313 0.26802
0.0801796 -0.0294453 0.258886
0.0622619 0.0414327 0.251445
-0.047003 -0.0249226 0.288444
0.0829435 0.0103204 0.240491
-0.0718201 0.0372807 0.241388
0.0450656 -0.0324234 0.238469
0.0955873 -0.0207817 0.242719
0.0795025 0.00444509 0.249291
-0.0809284 0.130473 0.701044
-0.167041 0.166173 0.886817
0.0536854 -0.0598307 0.253472
-0.0343398 0.0125748 0.23265
-0.00982111 -0.023972 0.23555
-0.0527815 0.0546144 0.352541
-0.00703581 -0.0148701 0.243128
-0.0070736 0.0123298 0.235364
-0.0654184 0.0494909 0.303842
-0.077044 0.0481257 0.32594
0.0485898 -0.00894445 0.24078
0.0821528 -0.0279128 0.250395
-0.0167865 0.0176774 0.248954
-0.00633897 -0.00328405 0.231563
-0.0738282 0.0652254 0.409889
-0.332009 0.150475 0.659439
0.10582 -0.0207174 0.230233
0.13974 -0.0524244 0.180403
-0.0146216 0.0187845 0.240734
-0.0205958 0.0328264 0.235294
0.00295617 0.0265118 0.254563
0.0525419 0.0407481 0.223846
-0.00786129 0.0527613 0.231101
-0.0549208 -0.0278146 0.103967
0.105237 -0.00409895 0.223839
0.13595 -0.044556 0.181026
0.149201 -0.0656252 0.190814
0.0846299 0.0199122 0.251248
-0.139743 0.159796 0.796434
-0.08885 0.0243781 0.181831
0.271647 0.14633 0.486148
0.290681 0.0784453 0.507989
0.464835 0.246733 0.813769
0.0908866 0.00444237 0.264445
0.0877503 -0.0144861 0.265551
0.0685563 0.00423898 0.240369
-0.006894 -0.0125718 0.203032
-0.0862983 0.0190824 0.14537
0.1107 -0.0286097 0.239415
-0.0264319 0.00829641 0.0969885
-0.082327 0.027067 0.132361
-0.0780417 0.0259773 0.121413
-0.0814563 0.0223161 0.123785
-0.0855972 0.0257057 0.1306
0.0734381 0.00457852 0.243295
0.0936119 -0.0133002 0.237434
0.0419011 0.066429 0.269732
-0.0418888 0.0370692 0.264904
-0.0639834 0.0199333 0.222224
-0.00813001 -0.0166971 0.109035
0.0463565 -0.0220844 0.248418
0.0713009 -0.0747246 0.25403
0.0916363 0.0160461 0.258641
0.0840636 0.0154002 0.241215
0.103331 -0.0643002 0.255872
-0.0594048 -0.0916312 0.266148
-0.0863142 0.0193225 0.199563
-0.0421977 0.0397165 0.252683
0.0270744 0.0042364 0.0387938
0.0144193 0.00442248 0.0269084
0.00977328 0.00313873 0.0200712
0.116614 0.0465884 0.245514
0.0778054 -0.0302555 0.252446
-0.0255974 0.106815 0.48857
0.0944316 -0.0759861 0.289922
0.0264648 0.123958 0.853949
0.0919339 0.015395 0.229264
-0.160823 0.228817 1.02973
0.110288 -0.0120945 0.237925
-0.0454815 0.195924 0.859425
-0.0369599 -0.0339925 0.250595
0.0501608 0.0334063 0.226356
-0.0622394 0.0456746 0.321625
-0.0336515 0.0348005 0.224964
0.121156 -0.00180984 0.179728
-0.00343948 0.00356102 0.0213973
0.0891576 0.0144185 0.129789
0.110819 -0.00697137 0.166455
0.115876 -0.0522173 0.155097
-0.0307107 0.0292878 0.147919
-0.0403052 -0.0316402 0.103383
-0.040674 -0.0109324 0.241751
0.119764 0.0606078 0.246009
-0.0933285 0.0176588 0.212027
0.0980293 -0.0203476 0.248954
-0.0762718 0.0318976 0.226889
0.0711562 -0.0755752 0.262945
0.0279815 0.224836 0.755167
-0.0663105 0.0348984 0.228107
-0.0961972 0.0307725 0.177831
0.0946987 0.0160961 0.235457
-0.349946 0.213505 0.827479
-0.0534597 0.0346417 0.243962
-0.307435 0.175315 0.663229
-0.046669 0.0400536 0.289037
-0.103366 0.0345492 0.206276
-0.0826775 0.0322269 0.193836
-0.0682813 0.0270827 0.229075
-0.0579003 0.0316146 0.236418
-0.0965439 0.0229947 0.183406
0.0865684 0.00490102 0.298605
-0.144196 0.181271 1.16076
-0.0384569 0.0264195 0.109836
-0.157208 0.172038 0.690957
-0.184537 0.158397 0.748969
-0.0245041 0.191343 0.898331
-0.132594 0.212969 1.20636
0.018375 0.170112 0.861393
-0.144361 0.0665453 0.294564
0.0254267 0.0674222 0.420349
-0.180246 0.102631 0.444808
-0.110423 0.217254 1.13481
0.0130446 0.184241 0.779663
-0.0957973 0.228356 0.974447
-2.09522e-05 1.52149e-05 8.70436e-05
-0.163433 0.328941 1.28637
-0.252656 0.193939 0.898781
-0.243266 0.121455 0.461108
0.0294527 0.14955 0.588602
-3.91681e-05 1.89567e-05 7.58453e-05
-0.303723 0.265249 1.1774
0.021279 0.124239 0.766904
-0.317872 0.355309 2.20737
-0.0552162 0.239621 0.976335
-0.286652 0.128616 0.70665
-0.00449308 0.1451 0.794531
-0.461756 0.260119 0.959147
-0.360428 0.177191 0.756728
-0.0105017 0.212262 0.942637
-0.210318 0.097808 0.44659
0.0938392 -0.0165202 0.228902
-0.294815 0.171412 0.773605
0.0185904 0.154543 0.781787
-0.137088 0.243606 0.911448
-0.284005 0.150829 0.660618
0.0125218 0.0448296 0.2771
-0.0598259 0.107924 0.514242
-0.0152151 0.235276 0.905038
-0.0208405 0.172961 1.27534
-0.392305 0.290913 1.23617
-0.367439 0.15874 0.752306
-0.128824 0.205833 0.943226
-0.0558968 0.205068 0.946546
-0.191003 0.131486 0.49663
-0.34004 0.18265 0.753223
-0.171005 0.197049 1.00059
0.0220628 0.235792 0.842724
-0.301654 0.194501 0.812255
-0.373832 0.175421 0.792312
-0.00869456 0.195507 0.867985
0.119228 0.0384613 0.246313
-0.067458 0.0416574 0.25187
-0.0393812 0.0436063 0.248362
-0.0359452 0.0344437 0.174535
-0.0856266 0.0291166 0.276047
-0.0988799 0.233343 0.998202
-0.0857271 0.187533 0.944064
-0.11516 0.128021 0.814914
-0.0349283 0.179026 0.785047
-0.103605 0.256909 0.957353
0.0933187 -0.00441713 0.249032
-0.0924632 0.025859 0.18443
-0.0212047 0.0156606 0.224466
-0.0778513 0.0288014 0.172462
-0.0162306 0.0259618 0.221089
0.102434 -0.0140079 0.221425
0.0475155 0.0212631 0.237879
-0.143138 0.208892 1.0851
-0.0229388 0.18293 0.926953
-0.0938513 0.244838 0.947359
-0.144564 0.215289 1.21274
-0.153063 0.274402 1.02403
-0.222509 0.415835 1.42589
-0.0279926 0.192857 0.882934
-0.151574 0.227641 0.966157
-0.276672 0.234466 0.949061
-0.0893942 0.0477377 0.270708
-0.192043 0.136496 0.553366
-0.335794 0.186448 0.655569
-6.27064e-05 3.26048e-05 0.000120628
-0.348875 0.215329 0.863502
-0.322956 0.183313 0.740098
-0.479829 0.273373 0.949091
-0.90305 0.248156 1.5237
0.229073 0.145329 0.482873
0.00705033 0.0751837 0.25282
0.0172013 0.0829 0.351539
-0.000793164 0.151568 0.836856
-0.000836681 0.0451726 0.241232
0.0165128 0.215981 0.873122
-0.10484 0.183435 1.04521
-0.0132302 0.105481 0.462545
-0.113951 0.221884 0.957218
-0.0358032 0.164834 1.07245
-0.0225838 0.147056 0.785045
-0.0295904 0.171465 0.690839
-0.275818 0.124118 0.678644
-0.0715737 0.191564 0.762614
-0.273891 0.158544 0.548876
-0.0837376 0.0684548 0.421711
0.0329943 -0.0246507 0.306822
-0.238042 0.172839 0.679473
-0.209359 0.234968 0.945136
-0.248498 0.236519 1.24401
-0.129697 0.108314 0.438938
-1.25948e-06 -1.19354e-06 8.2039e-06
-0.154694 0.0861489 0.323953
0.0302116 0.200123 0.851094
0.00887301 0.0362161 0.346409
-0.0585644 0.0205043 0.23168
-0.0411226 0.037333 0.273505
-0.0927115 0.0303588 0.209592
0.00237978 -0.0183875 0.265157
0.15927 -0.0749708 0.214374
0.0815094 0.0627663 0.230191
0.0797187 0.00896958 0.126116
-0.00194437 0.31009 1.71455
-0.414497 0.143908 0.774243
0.0504058 0.0328823 0.231953
-3.45905e-05 7.2855e-06 6.33951e-05
0.166397 -0.032148 0.466772
-0.00952827 0.0107353 0.239388
-0.0353814 0.0601017 0.377034
-0.26428 0.140213 0.72904
-0.235362 0.207261 0.837138
-0.119556 0.0711173 0.271358
-0.246682 0.11064 0.486216
-0.0177816 0.226207 0.913333
-0.323505 0.171347 0.858715
-0.0144979 0.120568 0.865168
-0.334665 0.213744 0.957428
-0.0578877 0.176858 0.905492
0.0421395 0.179032 0.808808
-0.310148 0.214145 0.976139
-0.391348 0.236284 1.22437
-0.390758 0.161982 0.852185
-0.220846 0.101653 0.418219
-0.0562208 -0.0599615 0.181574
-0.298159 0.126489 0.541634
0.060537 -0.00679638 0.246358
-0.186494 0.207618 0.827628
-0.179601 0.217886 1.12384
-0.122601 0.0727575 0.280404
-0.348925 0.239456 0.904637
-0.155136 0.0540345 0.288151
-0.317731 0.154211 0.565225
-0.0833624 -0.0883497 0.269379
-0.188378 0.118492 0.525027
-0.251342 0.107311 0.457278
-0.247423 0.085971 0.458734
0.12253 0.17539 0.616578
-0.307354 0.213832 0.882783
-0.347499 0.167314 0.706029
-0.345422 0.213182 0.856034
-0.372755 0.223871 0.982994
-0.0785581 0.199583 0.9607
-0.114649 0.205231 0.729685
-0.000103155 4.42842e-05 0.000190514
0.00897706 0.133746 0.5085
-0.0658689 0.219942 0.972833
-0.218256 0.18217 0.809118
-0.119717 0.11456 0.489359
-0.0390854 0.217793 1.1241
0.121932 0.02499 0.205478
-0.253543 0.140957 0.550749
0.236947 0.114595 0.398985
-0.198594 0.114855 0.378237
-0.118521 0.192764 0.890506
-0.294167 0.146335 0.580033
0.0219888 0.198796 0.807894
-0.811211 0.372299 1.56929
0.0272898 0.119825 0.841619
-0.160037 0.263288 1.2172
-0.279043 0.134275 0.569701
-0.0696291 0.234755 1.05419
-0.203798 0.226981 0.914872
-0.0616601 0.142214 0.890483
-0.313063 0.156619 0.872035
-0.309032 0.161446 0.816994
-0.100779 0.0363781 0.223034
-0.400041 0.27473 1.04463
-0.387322 0.209846 0.864939
-0.0695109 0.195799 1.0442
-0.325837 0.18888 0.854702
0.00618956 0.107023 0.72967
-0.0299474 0.1824 0.699631
2.74007e-06 4.16901e-05 0.000151378
-0.0265318 0.146488 0.557625
-0.0524669 0.16722 0.611495
-0.108836 0.183906 0.690621
-0.0349067 0.108542 0.434707
-0.317748 0.231186 1.05986
-0.265929 0.115411 0.496445
-0.0555411 0.146596 0.582822
-0.230269 0.192057 0.846901
-0.462491 0.229085 0.875621
0.0197374 0.0853653 0.654336
-0.00305188 0.264236 1.06034
-0.256526 0.146168 0.505974
-0.277005 0.161134 0.574253
-0.102642 0.245815 0.982203
-0.0528847 0.229517 0.935783
-0.014265 0.195876 0.783276
-0.362935 0.210308 0.856327
-0.082219 0.199704 0.754964
0.135401 0.171672 0.560404
-0.313839 0.227695 1.04013
-0.348309 0.19275 0.96115
-0.180444 0.217108 1.20584
-0.305081 0.214347 0.974058
-0.254791 0.129785 0.676041
0.0231185 0.219481 0.826972
-0.109277 0.136068 0.802406
-0.0362159 0.0144698 0.256672
-0.0306357 -0.0181799 0.0642357
0.0920798 -0.0105813 0.231839
0.0751333 -0.0671341 0.264664
0.0842915 0.0238693 0.154872
0.0719983 0.0182644 0.118492
0.105569 -0.032059 0.27018
-0.0692367 0.0336281 0.215113
0.104002 -0.0266275 0.255872
0.0626314 -0.00236316 0.2497
0.0894301 0.0117887 0.258709
0.224432 0.109833 0.372661
-0.0137805 0.0194833 0.226102
-0.0205911 0.0779518 0.397335
-0.0164743 0.0369855 0.262237
-0.126785 0.243503 0.977963
-0.117818 0.250565 1.02145
0.0951511 -0.034555 0.213492
0.144491 0.0516874 0.207343
-0.0419268 0.0159792 0.260301
-0.0525223 0.0436908 0.309739
-0.0620425 -0.00426468 0.279771
0.0964689 -0.0571439 0.242386
0.165287 -0.0662887 0.217309
0.0933582 -0.0277132 0.2427
0.144345 0.02739 0.2073
0.0196706 -0.020184 0.238795
0.0562551 0.0385893 0.231041
-0.058309 0.0356295 0.252663
-0.0909973 0.0252661 0.189572
-0.106145 0.0317669 0.216771
-0.015345 0.0454335 0.327258
0.0874925 -0.0291542 0.241487
0.0473949 0.0282991 0.234185
0.138511 0.0694428 0.280066
-0.0264835 0.101719 0.386416
-0.35827 0.192318 0.812462
-0.0394029 0.0171233 0.260219
0.0746508 -0.027085 0.240659
0.101477 -0.0184213 0.243006
-0.0564917 0.0243265 0.242965
0.0989602 -0.0596699 0.247841
0.00677969 0.0223156 0.274559
0.0480419 -0.0104604 0.238572
0.0797607 -0.014707 0.214066
0.0886104 -0.00614006 0.234064
0.109869 -0.000506258 0.233815
0.109971 -0.021813 0.170638
0.108539 -0.039509 0.238988
0.123198 0.0196441 0.207806
0.11115 -0.0300883 0.240988
0.120561 0.0211262 0.197991
-0.00725687 -0.003752 0.251969
-0.0413705 -0.0132274 0.24854
0.0974753 0.0180432 0.141648
0.15345 0.0281024 0.211498
0.128042 0.0407448 0.263169
0.10637 -0.028694 0.230599
0.117401 0.0572636 0.247587
-0.0621868 -0.0989339 0.283297
0.0833171 0.015418 0.241064
0.0398238 0.0645281 0.264963
0.12615 0.0404436 0.258679
0.15358 0.0376831 0.218545
0.146886 0.0272468 0.202566
0.106011 -0.000269401 0.225075
0.135707 -0.0263357 0.218595
0.0717279 0.0078702 0.247834
0.0113435 0.0376177 0.230821
-0.0564139 -0.0891319 0.255763
-0.0724728 0.0330464 0.213577
0.0492285 -0.00828045 0.24296
0.106598 -0.0292478 0.230782
0.051873 -0.0513889 0.249638
0.0841862 0.0142127 0.225054
0.0730653 0.00886924 0.253531
0.15295 0.0286132 0.209918
0.119619 -0.0798573 0.249086
0.0409479 -0.0202603 0.230443
0.0804121 -0.0157522 0.247497
-0.143094 0.0680879 0.380669
-0.0892444 0.0235749 0.182944
-0.0151976 0.0143421 0.234908
0.0825638 -0.0789676 0.265697
0.235327 0.123444 0.409538
0.100365 0.013347 0.249902
-0.0484441 -0.0872048 0.264608
0.0912143 0.0144236 0.228651
-0.0962553 0.0218117 0.177842
-0.0913536 0.0259769 0.181453
-0.00704565 -0.00352412 0.229384
-0.0774131 0.0318122 0.230085
0.0827114 -0.00801094 0.259426
0.118379 0.0620761 0.241442
0.124038 0.0648154 0.232356
0.143548 0.0353783 0.205223
0.0892113 0.0152311 0.222963
-0.0546128 -0.000327917 0.24877
-0.0845653 0.0347044 0.219141
0.0364004 0.202379 0.737323
-0.0910102 0.0220736 0.210384
0.164193 -0.0954885 0.320771
0.0880217 -0.0820193 0.276334
-0.111292 0.188883 0.919433
-0.00143541 0.140681 0.978974
-0.139241 0.183247 0.957265
0.0880239 0.000501815 0.223711
-0.0198358 0.168945 0.920613
-0.0691018 0.227547 0.91881
-0.233438 0.206704 0.999554
-0.0652831 0.0330409 0.224997
0.068531 0.00814782 0.240994
0.0481621 -0.0114726 0.240349
0.168059 0.0687554 0.226988
0.0679044 0.0600813 0.249752
0.0028801 -0.010754 0.13991
0.135519 0.0582129 0.194184
0.112451 -0.0279494 0.241936
-0.0449851 -0.0580044 0.246509
0.10701 0.028324 0.222216
0.0826425 -0.0650205 0.245085
0.0821872 -0.0640555 0.241869
0.0359847 0.188804 0.7425
0.0919245 -0.024812 0.205141
-0.0451414 -0.0531448 0.272132
0.00346862 0.0336348 0.256452
0.108299 -0.0216952 0.236055
0.0285429 0.0705468 0.256334
0.178122 0.00619684 0.241175
-0.0297215 0.205933 0.964128
0.196008 0.0966553 0.33692
-0.0703574 0.0241754 0.224107
0.0458827 -0.0407335 0.251811
0.0558839 0.0370343 0.238025
0.136261 0.0217674 0.227942
0.0261384 -0.0380032 0.512012
-0.00117376 0.245387 0.952155
-0.0641813 0.210346 0.848193
0.0221905 0.208903 0.77549
0.108983 -0.00957986 0.236115
-0.0195821 0.0276327 0.229407
0.0937698 0.0158414 0.254379
-0.00868358 0.169994 0.718929
-0.0597727 0.0339529 0.244401
-0.0338615 0.180664 0.848684
-0.00684625 -0.0150334 0.236691
0.127839 0.0210257 0.190492
-0.0020348 0.016911 0.232052
0.109524 -0.0398303 0.239987
0.118215 0.042024 0.168603
0.194392 -0.00746666 0.266966
0.177883 -0.0337947 0.25634
0.163283 -0.0307831 0.225985
0.13217 0.0163218 0.193004
0.165244 -0.0311833 0.227693
0.133672 0.0229112 0.219677
0.138247 -0.0521495 0.17857
0.163615 -0.0764981 0.221333
0.127724 -0.0472509 0.162819
0.161554 -0.0332161 0.245418
0.198864 -0.0367122 0.259581
0.196909 -0.0368935 0.269355
0.143774 0.00988691 0.213092
0.180334 0.0088784 0.241464
0.169589 -0.0320883 0.235386
0.159471 0.0103922 0.234134
0.174752 -0.0319262 0.206202
0.152974 0.0254553 0.213274
-0.0728317 0.0305784 0.216701
-0.158037 0.240726 0.984895
-0.340303 0.20416 0.891134
-0.113242 0.200881 1.16159
-0.383777 0.219391 0.948403
0.0325211 0.0771529 0.284365
-0.114506 0.189709 1.17932
0.0654972 0.0260191 0.104325
-0.0673484 0.2021 0.933093
-0.081249 0.226122 0.879065
0.0274384 0.215534 0.750391
0.148229 0.0518754 0.206687
-0.0933734 0.0224866 0.177685
0.0814948 -0.00408663 0.232198
-0.0628712 -0.0405125 0.141111
0.182882 0.090463 0.331726
-0.00198197 0.0163805 0.230345
-0.0956641 0.0265609 0.219498
-0.101537 0.0196106 0.204851
-0.0483764 -0.0662335 0.275893
0.0891839 -0.0302093 0.270433
0.0540572 0.0265928 0.143717
0.135638 -0.048326 0.190972
0.0785231 0.00526796 0.245302
-0.0594171 0.000326913 0.251646
0.111083 -0.0166158 0.274786
-0.0863805 0.0280102 0.182779
-0.0672009 0.0424784 0.279056
-0.0767254 0.0351411 0.225908
0.153434 -0.0725818 0.210156
0.115584 0.0546516 0.188322
-0.0381984 0.035538 0.2235
0.148989 0.0243279 0.203716
-0.0368244 -0.0328639 0.261292
0.10436 -0.0659306 0.263956
0.0927269 -9.2287e-06 0.233495
-0.03937 -0.0320871 0.103333
-0.0496225 -0.0571838 0.29013
0.0837882 0.00619623 0.259235
0.0885478 -0.020946 0.241994
0.140471 -0.0609147 0.188704
0.122821 -0.0812656 0.25624
-0.0317155 0.0390193 0.308682
-0.0466105 0.029388 0.197115
0.118566 0.0591496 0.236612
-0.0243005 0.0331479 0.235842
-0.0065884 -0.00766882 0.205405
0.13482 -0.0209051 0.204995
0.114318 -0.041234 0.163676
0.0995108 -0.000440107 0.211954
-0.0563434 0.0353923 0.226155
0.00608904 0.0389519 0.239013
0.0784666 -0.00847507 0.239214
0.14566 0.0207175 0.213308
-0.0878366 0.0286278 0.205317
0.128701 0.018738 0.18936
0.110715 -0.0739469 0.231879
0.149726 0.0527953 0.215939
0.0852614 -0.00824024 0.189506
0.133924 -0.0636458 0.183382
-0.0634135 0.0210251 0.218845
-0.00972032 -0.0235663 0.234629
0.126516 0.0330345 0.258259
0.135045 -0.0457511 0.179956
0.155742 -0.0733043 0.209806
0.0640011 0.0195912 0.126374
-0.0473681 -0.0752309 0.265741
0.130297 0.0467855 0.186849
0.102043 -0.0194114 0.272785
-0.0290684 0.0428915 0.229413
0.0704143 0.0422327 0.259239
-0.0129244 0.0302422 0.191932
-0.0220044 0.0461134 0.266989
0.000938083 0.0171463 0.162512
0.12394 -0.0104121 0.187722
-0.0399619 0.0425786 0.253212
0.128768 0.0205626 0.216441
0.0723455 0.00450318 0.251499
-0.0355248 -0.021314 0.0757087
0.140755 -0.046436 0.187337
0.0804315 0.00758345 0.23542
-0.00426524 0.223232 0.935488
-0.0412287 0.101182 0.561187
0.023413 0.165629 0.836921
0.124654 0.0217426 0.205352
0.12448 0.176984 0.624509
0.0817283 -0.0743482 0.255004
0.0839208 0.010323 0.23089
0.0156317 -0.0175972 0.224767
-0.0165104 0.016895 0.288467
0.122556 -0.0339973 0.182787
-0.0683667 0.0327192 0.209091
0.160844 -0.0577015 0.200067
-0.0249112 -0.0180277 0.0600626
0.0938948 0.0181249 0.271057
-0.0643408 0.030055 0.234059
-0.0738005 0.0120011 0.155346
-0.0929341 0.0435285 0.278488
-0.0281029 0.0391034 0.274229
0.0495214 0.0753994 0.312017
-0.0251039 0.0410726 0.297099
-0.0816422 0.0271236 0.266813
-0.0530455 0.0506304 0.322082
0.0548123 -0.0138909 0.2695
-0.00690821 -0.00932861 0.0646023
-0.0826987 0.0347835 0.213549
-0.0850603 0.0160771 0.192406
0.133283 0.0744635 0.269628
0.0616704 -0.00658827 0.257518
0.089565 0.0118619 0.259658
0.054234 0.040389 0.250236
0.00452697 0.0349255 0.26584
-0.0720496 -0.0887879 0.267006
0.0661044 -0.0636289 0.209618
0.0835143 0.020041 0.248977
0.0943241 -0.00204513 0.239512
0.14734 -0.0607457 0.185692
0.157308 -0.0644298 0.197015
0.143286 0.0240173 0.211627
0.0969807 -0.0283223 0.26176
-0.0140083 0.0194402 0.22971
-0.0492077 0.0367918 0.286981
0.116129 0.060691 0.244393
0.114955 0.0613503 0.220516
0.122025 0.0637903 0.228928
0.0826578 0.0114214 0.24117
-0.0521274 -0.00352991 0.233762
0.0935702 -0.0212195 0.240996
-0.00685026 0.0127452 0.244014
0.111705 0.000439726 0.153412
-0.0562177 0.113426 0.65381
0.00899123 0.0562145 0.320704
0.0528364 0.036963 0.238917
-0.0698633 0.0457501 0.260163
0.0798573 -0.0463248 0.198105
-0.0634751 0.0428981 0.252944
-0.36875 0.262599 1.14249
-0.184917 0.209507 0.776733
-0.321019 0.263031 1.02671
-0.09291 0.0381815 0.240971
0.0102031 0.115526 0.41579
-0.0040685 0.118831 0.437842
0.122249 -0.000752852 0.183707
-0.00639708 0.134723 0.502431
-0.630891 0.313366 1.37437
0.115351 0.00218313 0.16382
-0.0435787 0.0966949 0.386305
0.122272 0.0175169 0.170053
0.108386 0.0590873 0.221345
0.000427087 0.101744 0.353978
0.116036 0.010156 0.164285
-0.0682932 0.113446 0.42304
-0.0840833 0.125802 0.524372
0.0102812 0.0533334 0.324069
0.131173 0.0253196 0.183278
0.132604 0.00415755 0.179335
0.124293 -0.00596899 0.173775
0.112931 -0.00760733 0.170274
0.00402247 0.0818643 0.352366
-0.0577476 0.111419 0.574484
0.106991 0.0615864 0.20253
0.00510452 0.0777129 0.393184
0.117454 0.00874345 0.169769
-0.0643072 0.0946211 0.507962
-0.141281 0.194951 0.837833
0.115498 0.00625207 0.16472
0.129081 0.0118962 0.191171
-0.00456021 0.111356 0.430406
0.101507 0.0258223 0.210466
-0.00681036 0.0607462 0.265397
-0.126806 0.160435 0.725086
-0.104097 0.0483298 0.232858
-0.0176956 0.0118271 0.168087
-0.0204943 0.0138324 0.192359
-0.0705435 -0.0432585 0.148521
-0.00884566 -0.000384745 0.0104178
0.0714171 -0.0538821 0.198786
0.0694019 0.0642116 0.405731
0.117751 -0.0238124 0.192312
0.101785 0.0299058 0.194289
-0.0852296 0.0243169 0.200829
-0.0223505 -0.0167758 0.129235
-0.0924449 0.0174444 0.185521
0.119236 -0.0404167 0.162381
0.1155 0.0231567 0.194727
0.0177436 0.024629 0.152171
0.141502 -0.0613311 0.184504
0.110077 0.00907129 0.230287
-0.0614281 -0.000398351 0.282495
0.0170824 0.0512363 0.320536
-0.0665951 -0.070468 0.218957
-0.00601187 0.005011 0.0377167
-0.0755106 0.0367119 0.23826
0.00263359 -0.0149348 0.0353183
0.0407565 0.0195024 0.205389
0.0831799 -0.0173182 0.254623
0.0119115 -0.0116534 0.141882
-0.0375675 -0.0362749 0.111818
-0.00609129 -0.000264299 0.259158
0.104439 0.0363278 0.213549
0.00154205 -0.00723989 0.0980855
0.138929 -0.0513326 0.187717
0.0595321 0.0320946 0.172263
0.153587 -0.05716 0.206443
0.138891 0.0171269 0.210608
0.0990957 -0.0335555 0.270905
0.0797021 0.038137 0.20323
0.04838 -0.0232661 0.262307
-0.0725257 0.0136081 0.145019
-0.0443324 0.0497417 0.329473
-0.0670752 0.0185842 0.111238
-0.0936204 0.0211345 0.154898
0.0614283 0.0390277 0.221811
-0.0788096 0.0217288 0.132508
-0.0903905 0.0273208 0.15253
-0.0724965 0.0331048 0.204076
0.0529057 -0.0561402 0.193974
0.110877 0.0498362 0.234431
-0.0798862 0.0161093 0.135956
-0.107796 0.0274573 0.203316
-0.00566716 -0.00944138 0.062733
-0.0589715 0.0228016 0.236579
-0.049716 0.0291399 0.192771
0.118903 -0.0442723 0.164113
-0.0880975 0.0304595 0.284179
-0.0731399 0.0369704 0.255573
0.141645 -0.0478517 0.189164
0.0849894 0.0192054 0.249571
-0.0470036 -0.0672012 0.264951
-0.0384107 -0.0353085 0.11048
0.0677422 0.0347728 0.183811
0.088125 -0.0468931 0.329342
-0.0837485 0.0159116 0.196979
0.0836587 0.0503574 0.219004
-0.0325295 -0.0178044 0.215366
0.0928113 0.0177701 0.22533
-0.0146806 0.0277167 0.230371
-0.116909 0.0276215 0.221884
-0.102847 0.0218961 0.175826
0.0793969 -0.0140249 0.194492
-0.0446518 -0.0325307 0.106327
-0.0898852 0.0204808 0.202472
0.09583 -0.0239097 0.235204
0.00106553 -0.0164973 0.226278
0.00758555 -0.0107696 0.145922
-0.0464154 -0.00150017 0.195978
0.00544538 0.0459307 0.332858
0.0909845 -0.0125646 0.271894
0.076252 0.00464078 0.267903
-0.0501014 -0.0285884 0.295666
0.0751085 0.00617813 0.261681
0.0602049 -0.00567567 0.251344
0.0949364 -0.00380872 0.24189
0.0708465 0.044737 0.255669
-0.0468377 -0.0328551 0.107407
-0.0886747 -0.00845475 0.12612
-0.0992431 0.0209019 0.135738
-0.0336132 0.0123969 0.204888
-0.0212584 -0.0263559 0.182445
-0.0175558 0.0126396 0.172698
-0.0294819 0.0377689 0.209287
0.106726 0.0543602 0.220863
-0.00713482 0.119071 0.543258
-0.0074028 0.0561543 0.319744
-0.0143818 0.042226 0.194571
-0.0850344 0.0504822 0.2353
-0.0747504 0.0345744 0.169216
0.071606 0.00968404 0.109694
-0.0690804 0.0532904 0.282376
-0.0787089 0.0368028 0.227995
0.102021 -0.00647356 0.152891
-0.007387 0.0654142 0.281384
-0.0742802 0.0311329 0.192907
0.106792 -0.00183853 0.157605
-0.00719059 0.0432718 0.164845
0.105275 0.00541946 0.155398
0.117342 -0.00772794 0.167833
0.115483 -0.0223375 0.252008
0.090663 -0.0200065 0.246551
0.133898 0.0713238 0.281496
0.116853 0.00959528 0.174488
0.131868 0.00732036 0.194525
-0.0705585 0.0322537 0.157169
0.116298 -0.00521223 0.171628
0.134083 0.00123441 0.196882
0.122327 0.00685747 0.18034
-0.0082474 0.0744343 0.293458
0.00847718 0.113229 0.423177
0.113477 0.00985097 0.163388
0.0076441 0.126322 0.450195
0.126593 0.0222081 0.174253
-0.00713357 -0.0130411 0.187581
-0.0173565 0.0125278 0.19045
0.0646435 -0.00253214 0.260878
0.000283982 -0.0200863 0.122623
0.101668 -0.026237 0.262166
-0.0177386 0.0132784 0.115301
0.023693 -0.0171317 0.05458
-0.0460851 -0.0398538 0.286587
0.0232161 -0.0167748 0.0533102
-0.0811897 -0.00684748 0.135152
-0.0846572 0.0228935 0.136161
-0.090941 0.02124 0.149157
-0.0595665 -0.00154711 0.266215
0.105751 0.0108107 0.221064
-0.0103466 0.0321437 0.172809
0.0786889 -0.0114372 0.199431
0.0679532 -0.00376741 0.178411
-0.0810305 0.0225071 0.135953
-0.0190147 0.0335295 0.222918
-0.0118266 0.0430386 0.251657
-0.0134161 0.0268981 0.155899
0.109739 -0.0074312 0.165467
-0.00349715 0.00363781 0.0207044
0.00563 0.0494948 0.250739
0.0593765 0.00434551 0.21084
0.00516544 0.0390815 0.218428
0.00239481 0.0444166 0.243836
0.00729747 0.0433699 0.265443
-0.023194 0.0145116 0.0617613
0.0112055 -0.0168626 0.137452
-0.025784 0.0168621 0.0717795
-0.018327 0.0209616 0.106171
-0.0205176 0.0231264 0.11828
0.10699 0.0116789 0.26786
0.059967 0.0304478 0.130717
-0.0106588 0.0196872 0.079463
-0.0175662 0.0210931 0.110588
0.00237242 0.0220672 0.0951731
0.00199533 0.0199034 0.0871992
0.107297 -0.00415478 0.153894
0.106119 0.0100728 0.157814
0.117144 0.00864947 0.168889
0.0266383 0.0315794 0.108941
0.111201 -0.00565817 0.155337
0.0991714 -0.00215891 0.148116
-0.0171943 0.0284477 0.199018
-0.0316636 0.0332899 0.169907
-0.0382579 0.0374546 0.195445
0.0960794 0.0326263 0.198736
-0.000767777 0.0173946 0.0813904
-0.0227679 0.0122491 0.055976
-0.00228327 0.0137528 0.0784136
-0.000397176 -0.0127644 0.108524
-0.00995837 0.000379314 0.0101019
0.0143856 -0.0150985 0.187559
-0.0662991 0.0129639 0.107759
-0.0282231 -0.0231007 0.161439
0.0530301 0.0241776 0.131378
0.117892 0.0234595 0.169436
0.109982 0.00978558 0.157734
0.103268 0.00106486 0.146372
0.120996 0.0189823 0.178221
-0.0225262 0.0310218 0.260552
0.0948944 -0.00624959 0.135938
0.111104 -0.0267962 0.293416
0.150529 0.00630363 0.213547
0.114856 0.003442 0.163186
0.124751 0.00726447 0.183225
-0.0530961 0.0338069 0.12928
0.124888 0.000755334 0.183403
0.116567 0.00122665 0.171275
0.102872 0.0342996 0.216278
0.130651 0.00147097 0.18128
0.103423 -0.00450743 0.144561
0.1333 -0.0048959 0.186472
0.141181 0.0724857 0.289511
-0.00238221 0.00236805 0.0154448
-0.00121781 -0.0024809 0.0360338
-0.00814768 0.021599 0.112072
-0.00989884 0.0230719 0.111242
-0.0110788 0.0235145 0.138075
-0.00230419 0.0228987 0.0992892
-0.0168181 -0.0257511 0.174619
0.0577258 -0.00975732 0.159501
-0.020681 0.0245014 0.195172
0.0933294 0.0110767 0.257592
0.0715319 -0.0759593 0.268236
-0.0795415 0.0328445 0.243858
-0.0658991 0.0247916 0.203923
-0.0310551 -0.0266728 0.0831047
0.0743409 0.0566872 0.312804
0.0853081 -0.0147013 0.259947
-0.0578785 -0.00331637 0.241685
0.086968 -0.0231854 0.238178
0.0996112 -0.0195685 0.253207
0.0803151 0.00633873 0.233821
-0.0373229 -0.0260115 0.0853607
-0.0870036 0.0250817 0.176474
0.00371283 -0.0118877 0.17149
-0.0980086 0.0288791 0.147654
-0.0713619 0.0154652 0.115893
-0.098057 0.0313781 0.160145
-0.0484466 0.0294844 0.192831
-0.0551079 -0.00323592 0.0889089
0.0597593 -0.0199702 0.178295
-0.00672745 -0.0130092 0.20823
-0.010097 0.0148278 0.0795702
0.0668831 -0.0390088 0.130176
-0.0167633 0.0170567 0.0714667
0.00152106 0.0233621 0.0874204
-0.0178565 0.0202559 0.106393
-0.000437019 0.0201778 0.0949501
0.0844203 -0.00918071 0.205018
0.0369931 -0.0406376 0.190487
0.0895836 -0.0210553 0.229414
-0.102137 0.0275983 0.16564
-0.0933606 0.0251096 0.150973
-0.121735 0.0275707 0.202776
-0.0905917 0.0215158 0.145456
0.0796999 0.0268644 0.164137
-0.0540901 0.0363566 0.20735
-0.0946609 0.0275632 0.156337
-0.0724483 0.0159443 0.136614
0.023124 0.00460897 0.0314508
0.0177897 0.00463022 0.0248592
0.107379 -0.0300819 0.23431
0.00597615 0.0357064 0.218401
0.0149486 0.00452038 0.0314672
-0.0790664 0.0191701 0.137578
-0.0817568 0.0169718 0.138109
0.140488 -0.0476167 0.196874
0.0589593 -0.00660398 0.245126
-0.0413546 -0.0445897 0.238446
0.0135287 -0.00634436 0.0287703
0.103712 -0.0117943 0.226541
-0.00208493 -0.00352958 0.0176254
-0.000732479 0.00107577 0.0110806
-0.0127426 0.00710058 0.0400268
-0.0238741 0.0111794 0.102548
0.0382619 0.0283753 0.185172
-0.0882825 0.0264776 0.201587
0.0848018 -0.0322422 0.273997
0.085569 -0.0194855 0.258187
-0.00887126 -0.0155581 0.220066
0.0719076 -0.0205308 0.189223
0.0936152 -0.086308 0.293533
-0.0354338 -0.050438 0.208686
-0.0565996 0.0208868 0.234231
-0.0529264 -0.0961837 0.289398
0.104879 -0.0135913 0.263977
0.0715272 0.042918 0.256561
0.0918818 0.0138115 0.23058
0.0710269 -0.0377088 0.272752
0.106046 -0.0106199 0.231976
0.10461 -0.0108585 0.248739
-0.0910109 0.0308675 0.181284
-0.0698558 0.0137877 0.191443
0.0714332 0.00461463 0.236785
-0.0820158 -0.0621584 0.207787
-0.0594956 -0.00311825 0.258009
-0.0603191 0.0186227 0.106779
-0.0692031 0.0313218 0.113994
0.0475821 0.0106694 0.242294
0.0908631 -0.0185721 0.228502
-0.0663755 -0.0640515 0.204914
-0.10712 -0.00797176 0.147212
-0.0153023 0.00252134 0.0233288
-0.0154285 0.00808757 0.0441909
0.0115521 0.00286072 0.0184269
0.0379382 0.0206126 0.0790523
-0.0226875 -0.0288452 0.127959
-0.0351341 -0.012853 0.198199
-0.0748966 0.0171322 0.136332
-0.0552397 0.0257592 0.160377
0.0535102 0.0296447 0.112487
0.0120692 0.0366742 0.23048
-0.00291706 0.000841887 0.00578692
-0.00297437 0.0156272 0.0823715
-0.0401139 0.0162296 0.102571
-0.00820761 0.0167923 0.081643
-0.0254882 0.0154693 0.0678706
-0.0117527 0.0164053 0.0770796
-0.0231213 0.013291 0.0617964
-0.0138361 0.016116 0.0724744
-0.00250498 0.017377 0.0754536
-0.00687286 0.0177637 0.0809364
-0.0290853 -0.0295506 0.0912128
-0.0267961 0.0126573 0.0540219
-0.0065651 0.0026823 0.0125128
-0.0274264 -0.0212962 0.0673995
-0.0278582 -0.0211172 0.0674781
-0.060935 0.00983429 0.127437
-0.0390604 -0.0294166 0.0923016
-0.0455103 -0.0347281 0.110447
-0.0430952 -0.0343937 0.110095
0.0475421 0.0198533 0.104864
0.0413998 -0.00726395 0.0634024
0.00819619 0.00426299 0.0166892
0.0176273 0.00238156 0.0277512
-0.00850626 0.00629336 0.0532898
0.10756 0.0191956 0.176208
0.0760551 -0.0740626 0.250982
-0.0469551 0.0146039 0.16186
0.0339372 -0.0062632 0.051782
0.129792 -0.0252455 0.210514
0.038823 -0.0140492 0.053054
0.0276102 0.00456564 0.0403745
0.0266353 0.00438734 0.0390104
-0.0166993 -0.0206457 0.0848581
0.00952864 0.00313494 0.0193174
0.0425495 -0.0384642 0.236631
-0.0292373 0.00828033 0.0518426
-0.00705672 0.00690331 0.0445083
0.0872951 -0.0289655 0.24379
0.117961 0.0338767 0.247987
-0.00226736 -0.00282761 0.0081625
-0.0144701 0.00341929 0.0246055
-0.0338827 -0.0278969 0.0866614
0.000175943 0.00728535 0.0478238
-0.00780507 0.0050819 0.0244385
0.0646883 -0.00183498 0.256113
-0.00386279 0.00289232 0.0157503
0.0718808 0.0394693 0.155231
0.101043 0.000990794 0.214347
0.0479993 -0.016393 0.136909
0.00206235 -0.000381179 0.00524901
-0.0791569 -0.0756936 0.234161
-0.0583554 0.0244982 0.254671
-0.0449751 -0.034418 0.267136
-0.139722 -0.145029 0.460953
0.100886 0.0425354 0.221257
-0.00372662 0.00275997 0.0147084
-0.00371111 0.00274292 0.0147012
-0.00371504 0.00274252 0.0146299
0.0688235 -0.0408563 0.138103
-0.0198448 -0.0219314 0.109171
0.00696779 0.0348208 0.215117
-0.0564895 -0.00284167 0.241262
0.0867082 0.011354 0.220906
-0.00417437 0.00290043 0.0204741
-0.043053 0.014145 0.264999
-0.00079647 -0.00791333 0.0484465
0.0623413 0.0437147 0.257205
-0.00320627 0.0170225 0.0947992
0.00223347 0.0259867 0.113244
-0.00677181 0.00463958 0.0265214
0.0897846 -0.0148903 0.233904
-0.0465875 -0.054049 0.270994
-0.0215041 -0.0136714 0.0469092
-0.00270139 0.0181227 0.0741026
0.0908808 -0.0569481 0.228108
0.0684332 0.0415899 0.179536
0.00113008 0.0057618 0.0406281
-0.0261461 0.00984471 0.107296
0.0789552 0.0147142 0.197584
0.0969856 -0.0231207 0.245098
0.0659915 -0.0246935 0.215045
-0.0720579 -0.00724667 0.100278
-0.0422876 -0.0482204 0.233276
0.0937131 0.0159567 0.241255
-0.00033647 -0.00195282 -0.00183418
0.101745 -0.028113 0.220416
0.0121954 -0.00371947 0.0281932
-0.0099838 0.00295557 0.0152969
-0.0189825 -0.00775066 0.0301789
-0.000488041 0.000796381 0.00736409
-0.000206228 0.00292095 0.0159564
-0.00445275 0.00752574 0.1349
0.0479431 0.0366733 0.235149
0.0785944 -0.0732621 0.292623
0.0714004 0.0150923 0.102192
-0.0594389 0.0150791 0.105336
0.0167087 0.00409667 0.0340747
0.107292 -0.0367059 0.294944
0.0247978 0.00452891 0.0364775
0.0128366 -0.00155994 0.0323037
0.0261128 0.00459305 0.0429109
0.00407714 0.00213237 0.0148004
0.179443 -0.0628603 0.249647
0.121151 -0.0281928 0.261759
0.123736 -0.0576504 0.170067
-0.0437431 -0.0242678 0.25784
-0.0441888 -0.0496502 0.14702
0.0106468 -0.00598286 0.057151
-0.00446328 0.00121776 0.00746215
-0.0320004 -0.0437155 0.178045
0.0974879 0.00444583 0.286131
-0.113303 0.00572386 0.155362
-0.108021 -0.0323871 0.150477
-0.108823 0.0127093 0.145617
-0.0959498 0.0278292 0.144806
-0.107881 0.0140322 0.147689
-0.118347 0.0241455 0.154631
-0.100686 0.0401124 0.160466
-0.114581 -0.00874667 0.158399
-0.110111 0.0238731 0.152516
-0.119524 0.00494191 0.162909
-0.0995015 0.030628 0.163481
-0.102106 0.0392246 0.141932
-0.0849258 -0.00521686 0.140396
-0.0678441 0.0306954 0.184314
-0.0203443 0.0178124 0.0719595
-0.0785635 0.0330953 0.176376
-0.00636139 0.0116173 0.0461577
-0.10009 0.0325556 0.19503
0.000892403 0.0111292 0.0485941
-0.000644683 0.0130697 0.0505239
-0.1001 0.0118987 0.133233
-0.0987082 0.0221907 0.134064
0.0708598 -0.0123112 0.194196
0.111331 -0.0293061 0.23964
-0.059269 0.0210726 0.12882
0.0940137 0.015515 0.198873
0.0160919 0.00425924 0.0327536
0.0249959 0.00441147 0.033832
-0.0868499 0.0216775 0.13848
-0.0785095 0.0205234 0.132488
-0.0745176 0.0230043 0.126844
0.102219 -0.0313464 0.263634
0.123375 -0.00227951 0.187015
-0.0475194 -0.0790325 0.263393
0.10756 -0.000311994 0.228158
0.0918486 -0.0104108 0.225816
-0.00259492 -0.00325759 0.00952473
-0.0365212 0.0136971 0.103285
-0.0473133 0.0207982 0.141069
-0.0400256 -0.0261725 0.2804
-0.0176096 -0.0158027 0.106776
0.0640986 -0.0488177 0.180781
0.0623678 -0.0218827 0.0863173
0.00775223 0.029213 0.236074
-0.0238047 -0.0222715 0.138853
-0.00228668 -0.00267925 0.0438618
-0.00614942 0.0108821 0.241907
-0.00547804 -0.0152096 0.230924
0.0382852 0.0249773 0.14295
0.0875422 -0.0225931 0.239404
0.0237472 0.00418473 0.0321013
0.0162493 0.00429599 0.0260147
-0.00130611 8.93579e-06 0.00556474
-0.0465886 -0.0342151 0.109714
-0.0425712 -0.0485196 0.144355
0.0549598 0.022939 0.12141
0.0508628 0.007241 0.258573
0.0473856 0.0309829 0.180292
-0.0850253 0.0233713 0.18303
-0.00750166 0.0030919 0.0150914
0.0579707 -0.0108669 0.233436
0.022011 0.00433868 0.030001
0.022645 0.00403145 0.0313084
0.0929453 -0.0131654 0.201936
-0.0583928 -0.0404566 0.133438
0.0511822 -0.0016231 0.267241
0.104287 -0.0233909 0.269298
0.0968242 -0.0310456 0.246036
-0.0900633 0.0248429 0.136411
-0.0126625 -0.0195232 0.0657092
0.000166437 0.00202532 0.0169369
0.0154844 -0.0132828 0.14175
-0.00481568 0.00823583 0.147034
0.00305476 0.0124161 0.160392
-0.00148072 -0.00208511 0.0135193
0.0711722 -0.0120714 0.195004
-0.0876688 0.00376531 0.110741
-0.00715414 -0.0041216 0.198733
-0.0752252 0.0251815 0.116876
-0.00374875 0.0147528 0.204801
-0.0115224 0.000426183 0.0110255
0.0838016 0.0113756 0.243434
0.0203506 -0.0147943 0.183177
0.0284886 -0.0738309 0.672221
-0.0706175 0.013961 0.0893433
0.0146456 -0.00527625 0.0197409
0.0444401 -0.0085822 0.064042
-0.0789267 0.017323 0.129984
-0.0740465 0.0224682 0.126575
-0.0811803 0.0371107 0.134239
-0.0547146 -0.0393159 0.128085
-0.0660152 0.0166749 0.118003
-0.0373655 -0.0488669 0.145341
0.105515 0.0188546 0.172507
0.0622577 -0.00204664 0.249054
-0.00818528 0.00125736 0.0114705
-0.00332005 -0.00325829 0.0659892
-0.101227 0.0250605 0.160241
-0.0949992 0.0271986 0.14976
-0.0981795 0.0118767 0.130969
-0.0412616 -0.0200546 0.235817
-0.104526 0.0133213 0.134373
-0.0882231 0.0287162 0.147273
0.131384 0.0687936 0.265695
0.103802 -0.00857453 0.244792
-0.0832706 0.0221831 0.142023
0.130557 -0.0439404 0.183049
-0.0794057 0.0190328 0.135867
0.0833242 0.030837 0.177823
-0.025508 0.00780265 0.151813
-0.0039876 0.000417169 0.0030842
-0.0745512 0.0232863 0.123897
-0.0793673 0.0241432 0.126601
0.085371 0.015162 0.244019
-0.0413947 -0.0412368 0.123812
-0.0405251 -0.00397692 0.0651443
-0.0627616 -0.0463744 0.155847
-0.00214993 -0.00216567 0.00366155
-0.0249908 -0.0358981 0.125623
-0.0579316 0.0190859 0.134172
-0.0529949 -0.0444566 0.143877
0.00571054 0.0104445 0.049718
-0.0521146 -0.0436575 0.141272
-0.00556193 0.00103881 0.0183248
0.00740394 0.0128329 0.0617306
-0.0280102 -0.00265113 0.0341979
-0.0830775 0.0264787 0.139315
-0.0638046 -0.0377144 0.131921
-0.00492173 0.00153884 0.033837
0.0507708 -0.051824 0.246779
-0.00531061 0.00981201 0.170989
-0.00635747 0.00219441 0.0102173
0.0546879 -0.00191734 0.226411
-0.00829948 0.00920831 0.187669
0.0732473 -0.067459 0.25584
0.0450343 -0.0570341 0.289314
0.00348385 0.0132319 0.178066
-0.0438771 -0.0748821 0.232579
-0.0154733 -0.00270587 0.0158656
0.0506498 0.00969633 0.258634
0.00760552 0.0400802 0.235268
-0.00223322 0.00262237 0.0191068
0.0482099 -0.0302343 0.375392
-0.0942362 -0.0694023 0.238339
-0.0844792 -0.0572077 0.195646
0.0539569 0.0416439 0.23086
-0.00127271 -0.00174484 -0.00143176
-0.0855412 -0.05797 0.198657
0.062116 -0.0795728 0.425959
0.0112942 -0.000658971 0.0366801
-0.0431374 0.0203098 0.116103
0.0849535 -0.0336556 0.108799
-0.012129 0.00516794 0.0413923
-0.0358516 0.013677 0.117844
0.106292 -0.0659207 0.263335
0.110546 -0.0297523 0.294873
-0.0470414 0.0196262 0.120726
-0.0777701 0.0265711 0.131633
-0.0758429 0.0204625 0.129306
-0.073008 0.0156216 0.132639
-0.0806871 0.0328574 0.13062
-0.0627125 -0.0409627 0.13655
-0.00270355 0.000941309 0.00503113
0.0983909 -0.00251773 0.20957
-0.0758532 0.0205346 0.129612
0.0790388 -0.00688295 0.204383
0.116712 -0.0354163 0.156329
-0.00539372 0.00670943 0.046766
0.0924568 -0.0335177 0.207019
-0.0541909 -0.0600857 0.18081
0.131942 -0.0331743 0.324055
0.00616514 0.0209183 0.231105
-0.00197934 -0.0033036 0.0256758
-0.00409631 8.88542e-05 0.00867744
0.0542204 -0.052879 0.18625
-0.0208373 0.0070715 0.0765364
-0.00537127 0.000625604 0.00518429
0.0921747 -0.0145727 0.145385
0.12759 -0.0519118 0.161976
-0.00471367 0.0056177 0.0390187
0.125296 -0.0525525 0.168983
0.0211138 0.00418738 0.0287552
-0.0123224 0.00701711 0.0319007
0.00814705 -0.00181223 0.0201814
0.101011 -0.0595917 0.253173
-0.0019214 -0.00334505 0.0257885
-0.0172276 0.00414532 0.0267033
-0.0828324 0.0216201 0.131427
0.0712387 -0.00427015 0.0870475
-0.00452786 0.0147924 0.263678
-0.0660539 0.0263814 0.221789
0.0524467 0.0360331 0.235598
-0.00261389 0.00233958 0.0215172
0.0583944 -0.0238579 0.0763565
0.0646016 0.00123978 0.0968545
0.0489259 -0.0546799 0.190769
0.0235082 -0.00202442 0.0352418
-0.012881 -0.00761205 0.0316626
-0.0126308 -0.00745226 0.0310359
0.111014 -0.0296055 0.242409
-0.0734765 0.0306986 0.224562
-0.00150822 -0.00150293 0.00389264
-0.00808868 0.00199986 0.0114077
0.0078846 0.00397811 0.0256505
0.0424359 0.0160859 0.0911024
0.0629532 0.0117968 0.0957604
0.0372874 0.0161878 0.0864037
0.0532945 0.00538726 0.079584
0.114006 -0.0355945 0.156516
0.0826337 -0.0328434 0.105761
-0.000991901 -5.14368e-05 0.00412556
0.0983142 -0.0610317 0.244588
0.0312367 0.0536681 0.215868
0.0950997 0.0231404 0.198569
0.0544479 0.0282488 0.11907
-0.0390066 -0.0226765 0.255253
-0.0428229 -0.0417273 0.301083
-0.0167283 0.00322439 0.0323467
-0.0379162 0.0183193 0.155341
0.0166433 0.00422478 0.0232072
-0.00415699 0.00330274 0.0147046
-0.0575614 0.023189 0.12603
0.0230116 0.0046114 0.0328548
-0.00593066 0.00210754 0.013066
0.0146707 -0.0052747 0.0197538
-0.0733791 0.0156745 0.12718
-0.0812178 0.0232631 0.132211
-0.0949401 0.0344944 0.145926
-0.0198276 -0.0348615 0.103214
0.0867692 0.0162685 0.249562
0.104625 -0.0191342 0.248983
-0.00439188 -0.000151856 0.00744471
-0.0803313 0.00483673 0.13595
-0.0861793 0.00346877 0.146522
-0.0776846 0.0238083 0.132856
-0.0905427 0.0204624 0.144763
-0.102439 0.0336539 0.15883
-0.076633 0.0236602 0.126606
-0.095304 0.0267321 0.150507
0.042765 0.0208552 0.109223
-0.0252441 0.00847641 0.100177
0.0643031 0.0034849 0.228237
-0.0525524 0.0163193 0.18179
0.0998777 -0.0321417 0.2519
0.0963705 -0.0610193 0.245099
0.00056225 0.0036663 0.0241346
0.0413412 -0.0728435 0.392004
-0.000869456 -0.000937603 0.00665857
0.0311275 0.0372354 0.236629
-0.0144795 -0.0025251 0.0136017
0.0331896 0.0354435 0.224889
0.00381472 0.0208076 0.209419
-0.144441 -0.131208 0.427613
0.0255745 0.00473605 0.0377366
-0.0559571 -0.0478058 0.150103
0.0436648 0.00226275 0.0654351
0.0885798 -0.0513063 0.222583
-0.00152592 -0.00151611 0.00455393
-0.00269765 -0.00334152 0.00976053
0.0254624 0.00247644 0.0374448
-0.0237859 -0.032939 0.133037
0.00593867 0.00320734 0.0214557
-0.0126218 0.00854367 0.133966
0.097219 -0.00215737 0.207509
0.0084419 0.0215138 0.278725
-0.0584699 0.0117321 0.104308
0.00674981 -0.00678826 0.0518298
0.0514599 -0.0572447 0.197996
-0.0856816 0.029908 0.133963
-0.00763253 -0.0120404 0.0348913
-0.0556418 0.0162416 0.129368
-0.000610317 0.000807305 0.024462
-0.10789 -0.022602 0.172581
0.000591667 6.63951e-05 0.00181821
-0.0649611 0.0131975 0.125107
0.0424428 -0.0447596 0.152192
-0.0741883 0.0155647 0.143593
-0.0596652 0.0106109 0.118194
-0.0955203 -0.0198713 0.152972
0.0382564 -0.0428544 0.146763
-0.0742992 0.0129682 0.148754
-0.00251909 -0.00285326 0.00568088
-0.000497326 -0.00537159 0.044624
-0.00264486 -0.00178226 0.00695455
-0.0279107 -0.0374437 0.146265
0.0264116 -0.0174128 0.194661
-0.0672709 0.0143645 0.144461
-0.0752262 0.0156319 0.135945
0.015185 -0.022444 0.180004
-0.0287241 -0.038678 0.151082
-0.0605676 0.018211 0.137646
-0.00256475 -0.00160996 0.00643987
-0.00762048 -0.00902491 0.0355188
-0.0142611 0.00303524 0.0342712
-0.0137933 0.0029584 0.0327028
0.00316189 -0.00864178 0.0236775
0.000520794 -0.00956807 0.0291016
-0.00772303 -0.00311956 0.00563576
-0.0139318 0.0047028 0.0301596
-0.0805894 0.023981 0.13267
-0.0280635 -0.0384181 0.10937
0.0414793 -0.0374723 0.230681
-0.0387557 -0.041924 0.128818
0.0525552 0.0148224 0.243209
0.088095 -0.00501028 0.225065
0.0695141 -0.068803 0.248487
-0.0506441 0.0186302 0.159158
-0.0518524 0.0192326 0.163769
-0.0381644 0.0161797 0.100834
-0.0606769 -0.0420233 0.142039
-0.00793029 0.00465007 0.0226946
-0.0263315 0.0111354 0.105665
-0.0455043 -0.0178181 0.270984
0.0449881 0.0333443 0.211083
0.0819727 0.00578467 0.275623
0.0356971 0.0128439 0.0762292
-0.0145029 0.00462922 0.0555111
0.0378493 0.0132206 0.0826179
0.0432664 0.0141673 0.0945962
-0.0196097 -0.0345784 0.107792
-0.0831158 -0.0499928 0.172018
-0.0851028 0.0210801 0.136872
-0.0699357 -0.042914 0.145768
-0.0797054 0.0175139 0.13889
-0.0257352 -0.0420354 0.123751
0.115477 0.0191112 0.196017
0.113746 0.0188583 0.193188
-0.0664563 0.0190575 0.134138
-0.0384714 0.0140554 0.0778534
0.0599242 -0.0536087 0.199815
0.00789644 0.00510253 0.0293492
-0.00661508 0.00801377 0.192946
0.00223066 0.0150039 0.144333
-0.00235608 -0.0102909 0.0301983
-0.00560489 -0.00503736 0.150456
0.0595112 -0.0114117 0.151037
0.0020853 0.0147774 0.13999
0.0104169 0.0188211 0.119231
-0.00486148 -9.3547e-05 0.020936
0.00632537 -0.00985521 0.0385418
-0.0132642 -0.000940432 0.0160656
-0.0524117 -0.0415459 0.132421
-0.0611983 -0.0165878 0.0995681
0.00705877 -0.0102251 0.0398247
0.00502026 0.0266351 0.164642
-0.00673638 -0.00775692 0.0286274
0.0519429 -0.0493014 0.16749
0.045835 -0.0401738 0.253654
0.00623454 0.0311515 0.191617
0.00505321 0.0242769 0.186976
-0.00281744 -0.00662256 0.0435664
0.0406317 -0.0732621 0.410038
0.0328419 0.0343995 0.216266
-0.00554432 -0.00304936 0.010325
