-0.393562 0.0762896 0.93442
-0.287632 0.0758706 0.8943
0.350142 0.248228 1.45994
0.634805 0.119468 1.29585
-0.337276 0.0858912 0.776687
0.416003 -0.111547 1.38493
-0.108746 -0.0271687 0.857769
0.275949 -0.0871263 0.912863
0.873022 0.128407 1.81344
0.136444 0.100526 0.291007
0.012626 -0.00735148 0.0615275
-0.0602904 0.0375601 0.190366
-0.0624385 0.035083 0.182584
-0.0896282 0.0357133 0.184003
-0.434117 0.116341 0.91863
-0.0782281 0.0396453 0.147421
-0.0697506 0.0345615 0.149015
-0.174218 0.0731176 0.273732
-0.457596 0.0883711 0.921722
-0.185074 0.0690555 0.277515
-0.175659 0.0687672 0.283263
0.00312289 0.0499978 0.182706
-0.386424 0.077056 0.937556
-0.183606 0.0691252 0.271139
0.356838 -0.0152619 0.987329
-0.0709377 0.030169 0.165602
-0.0748366 0.0323432 0.149667
-0.0777815 0.0261064 0.15879
-0.0648008 0.0234113 0.140038
-0.0726181 0.0294148 0.160919
-0.056957 0.0249936 0.166514
-0.0738244 0.0242059 0.140217
-0.0897627 0.0322288 0.173623
0.290792 0.186685 0.519507
-0.0769551 0.0497092 0.379857
0.152352 0.0918294 0.304154
0.18413 -0.0133821 2.49033
-0.473144 0.110241 0.894905
0.505257 -0.107564 1.12446
0.119325 0.086583 1.74345
-0.298168 0.0741464 0.891383
-0.0938812 0.0461388 0.271465
0.955727 0.588932 1.63364
0.699421 0.548787 2.07346
0.200632 0.260092 1.59231
0.716398 0.415644 1.18711
0.0408139 0.102244 1.62235
0.0082924 0.0333948 0.243737
-0.228051 0.0724279 0.579405
-0.454091 -0.0578589 0.983016
-0.724757 0.239048 1.87297
-0.0758655 0.0448676 0.138803
-0.467853 0.139076 0.723783
0.602656 -0.243351 1.10925
0.407022 0.139541 0.706543
0.0786767 0.0611276 0.178951
-0.580331 -0.0962709 1.25656
-0.113242 0.0559331 0.764054
0.384033 -0.160427 1.26016
0.382229 -0.106857 1.30857
0.992915 -0.0902118 1.79846
0.462025 -0.107277 1.07754
0.421511 -0.272512 1.32273
-0.637676 0.0365042 1.07133
0.0101964 0.0628472 0.234368
-0.691815 -0.309961 1.25968
0.202943 -0.0921915 1.02959
-0.252385 -0.303614 0.957528
-0.0814989 0.0405462 0.17588
-0.673382 -0.0246174 1.07191
0.657258 0.094229 1.33183
-0.0626945 0.0302927 0.181018
-0.0180655 0.0278747 0.729604
0.650088 -0.0849514 1.30909
0.0776476 -0.0562985 0.0775579
0.379929 0.150924 0.470516
-0.110073 0.0270329 0.228731
-0.142956 0.0524704 0.853122
0.276677 0.131709 0.49169
-0.392032 0.109445 0.885648
0.0095618 0.109884 1.73669
-0.28475 0.0881199 0.83902
-0.6175 -0.123276 1.3156
-0.21032 0.0901065 0.871636
-0.429849 0.113612 0.876319
-0.19957 0.142291 0.913001
-0.2357 -0.29787 0.906616
0.258699 0.203248 1.2253
-0.769821 0.249934 1.20901
0.375763 -0.281094 0.97788
-0.581339 0.306206 1.26872
-0.021408 0.0313791 0.187691
-0.388313 0.175367 1.16465
-0.0645858 0.0333959 0.154857
-0.788541 0.0334152 1.12741
-0.0632836 0.0308026 0.18367
-0.0205526 0.227383 1.48121
-0.368252 0.0649381 0.893824
-0.418414 0.0988936 0.867868
-0.0410584 0.0357814 0.185835
-0.101331 0.0394594 0.216274
0.139276 -0.042486 0.16996
-0.265192 0.18472 0.8536
0.446615 -0.285664 0.994432
-0.0675102 0.0260362 0.175355
0.111174 0.258885 0.835671
1.12188 -0.0960995 2.03149
-0.826556 0.0051155 1.16742
0.0773494 0.059302 0.174667
-0.0580063 0.0390613 0.182031
-0.1091 0.0622483 0.790032
-0.221254 0.0923103 0.76007
-0.605503 0.237276 1.06262
-0.0811727 0.0312475 0.171639
0.00168231 0.040292 0.183275
-0.362936 0.114307 0.919426
-0.21998 0.0912829 0.758092
-0.0857289 0.0360022 0.180124
-0.489591 0.184448 0.969448
-0.00353036 0.0408866 0.190473
-0.0485735 0.00918304 0.108626
-0.0603185 0.0342718 0.179182
0.00559749 -0.00403876 0.034601
0.0160553 0.00911675 0.0386912
-0.0411891 0.015629 0.0648236
-0.213374 -0.32796 0.969059
-0.0237926 0.0139383 0.106313
-0.0470981 0.021503 0.0732957
0.769856 0.0496954 1.49752
-0.143556 0.142282 0.865113
-0.394321 -0.0791474 0.842773
-0.0790608 0.0315039 0.176694
0.426295 -0.220404 1.41564
0.270684 0.136315 0.465861
-0.185728 0.0684768 0.277121
-0.0505728 0.0357337 0.184
0.436797 -0.0102899 1.25796
-0.167201 0.0743541 0.293785
0.450164 0.237042 1.36262
0.492518 0.0464913 1.25743
-0.188998 0.0793796 0.287228
-0.0859025 0.0497503 0.17397
-0.0862836 0.0331139 0.173751
-0.628868 0.0416691 1.01336
-0.214748 0.105145 0.778076
-0.104553 0.055767 0.348932
-0.577121 0.0380689 0.993412
-0.196335 0.0801153 0.274803
-0.0635102 0.0579856 0.204514
-0.54426 -0.0116406 0.930421
-0.131915 0.089758 0.851291
-0.0829741 0.0339806 0.179582
0.0199196 0.173062 0.937959
-0.0801728 0.0220587 0.147728
-0.13055 0.0561472 0.848763
0.0167728 0.0147763 0.0443327
-0.0020948 0.000316376 0.00328513
-0.173715 0.0676749 0.280383
0.179692 0.119909 1.48985
0.198678 0.147423 1.63436
-0.00381426 0.0506134 0.242426
0.0116484 0.171811 1.55597
-0.129024 0.0593602 0.821791
0.00450215 0.0403717 0.217234
-0.0749146 0.0206003 0.137716
-0.30453 0.108393 0.519508
-0.245473 0.0661521 0.49593
-0.807782 0.416339 2.06759
0.297707 0.15107 0.508264
-0.246466 0.0715786 0.517553
-0.0898087 0.0450589 0.175322
-0.174073 0.0757997 0.851889
-0.0979396 0.0441781 0.334265
0.953095 0.652315 1.85835
-0.177481 0.0691679 0.276956
-0.0796866 0.0290871 0.157026
1.04476 -0.0679506 2.01897
0.0929665 0.136788 0.407125
0.234724 -0.0462535 3.12564
-0.0476711 0.0794393 0.611114
0.224495 0.261278 1.58952
0.441844 0.0564061 1.11159
0.00406554 0.0518111 0.214734
-0.456566 0.105719 0.921083
0.945455 -0.043975 1.83361
0.466735 0.0472949 1.18588
-0.622331 -0.275962 1.12297
-0.636056 -0.126966 1.17081
0.398247 -0.272636 1.17078
-0.179815 0.0827278 0.864764
0.189436 0.240404 1.49555
0.496546 0.0472271 1.26939
0.302337 0.154207 0.531174
0.589622 -0.287286 0.936978
-0.610771 0.0889828 0.990295
0.491972 0.265387 1.34147
0.413518 -0.111552 1.39342
-0.692681 -0.0796765 1.07711
-0.106659 -0.0186786 0.821798
0.429484 0.00652212 1.19397
0.608618 -0.118432 1.17498
-0.0315744 0.0342922 0.188414
0.210689 0.237283 0.928893
-0.220289 0.135381 0.852097
-0.420283 0.0953832 0.903522
-0.131745 0.107066 0.804037
-0.508759 0.21191 1.00545
0.216845 0.239177 1.50092
-0.0486467 0.0822262 0.667104
0.0655167 0.100912 0.336329
0.0178453 0.0503145 0.358083
-0.168897 0.105489 0.683781
0.0018301 0.0430484 0.1918
-0.0722636 0.0355253 0.180353
-0.0280381 0.0134318 0.0678096
-0.0908559 0.0439444 0.174918
-0.00569142 -0.00326665 0.0121671
0.00852039 -0.00391553 0.0482782
-0.003971 -0.00247434 0.0088928
-0.0203501 0.0485815 0.199458
-0.0285277 0.00984477 0.0544264
-0.040491 0.0359926 0.185756
-0.00603926 0.0406525 0.205961
-0.0658337 0.0533781 0.327385
-0.105781 0.0423724 0.277045
-0.0760997 0.0267416 0.175101
-0.0915356 0.0446165 0.177714
0.00212965 0.0470247 0.184592
-0.0869073 0.035101 0.174266
-0.0684625 0.0345259 0.17741
-0.0955169 0.0369799 0.174499
-0.0364618 0.0439966 0.187329
-0.0336831 0.0118776 0.0638268
0.00434604 0.0409051 0.229321
-0.114061 0.0503341 0.382385
-0.630499 0.26238 1.12376
-0.0788207 0.0292938 0.17162
-0.0844869 0.0585763 1.27791
0.0183311 0.106063 0.773153
-0.097591 0.0342859 0.17672
-0.0806287 0.0299262 0.174054
-0.0197371 0.0324777 0.210614
-0.0586718 0.0272759 0.119637
-0.0486603 0.0175412 0.0938225
-0.0891502 0.046322 0.173499
0.00479183 -0.00253918 0.0318047
-0.0806973 0.0336802 0.176228
-0.167313 0.0790627 0.290879
-0.294795 0.0388966 0.897783
-1.00968 -0.272177 1.52836
0.184325 0.131596 1.58607
-0.557367 -0.0855798 1.00035
-0.316829 -0.112497 0.87824
-0.00444158 0.0442383 0.190773
-0.012353 0.0375235 0.18837
-0.661319 0.0378723 1.11142
-0.683464 -0.0775095 1.06164
-0.0140328 0.0443742 0.189142
-0.62572 -0.0199851 1.00725
-0.00564789 0.0334274 0.18658
-0.56269 -0.00754389 0.953344
-0.570771 -0.0222757 0.909926
0.472211 0.0636127 1.03452
-0.75818 0.0430551 1.07504
0.453283 -0.152608 1.19017
0.70048 0.00845968 1.53558
-0.177077 0.0783478 0.280684
-0.0837378 0.0414805 0.175028
0.776172 -0.0815329 1.76285
-0.757855 0.0667422 1.06468
0.0025417 0.0416811 0.187924
-0.856868 -0.234654 1.28813
-0.834722 -0.233436 1.26126
-1.00082 -0.27249 1.53037
-0.347531 0.090827 0.7903
-0.878632 -0.24071 1.32469
-0.130108 0.127589 0.739339
-0.0214429 0.0513216 0.186384
-0.0507222 -0.204853 0.679911
0.430321 -0.221683 1.43723
0.640372 -0.111198 1.06914
-0.144803 0.108173 0.758897
-0.0647046 0.0316433 0.125394
0.00566393 -0.0116326 0.0721707
-0.0140697 0.0432946 0.184528
-0.0877923 0.0320157 0.173487
-0.0727142 -0.118646 1.20567
-0.042567 0.019569 0.12239
-0.403411 0.099376 1.09075
-0.406441 -0.272429 0.969823
-0.0462131 0.0327949 0.167149
0.0577398 0.0898404 1.64183
-0.078193 0.0317345 0.183499
-0.627773 -0.0907282 0.995151
0.184474 -0.107352 1.41263
-0.678029 -0.0738635 1.0702
0.0394677 0.132935 1.42784
0.428268 -0.262127 1.30615
-0.0847058 0.0391772 0.172879
-0.0918611 0.0407135 0.17425
-0.113787 -0.266775 1.76687
0.00238278 0.0536502 0.201941
-0.0893812 -0.292084 1.38179
0.189694 -0.0532552 2.50845
-0.110854 -0.0964963 1.60352
-0.177261 0.0781376 0.281551
0.406531 -0.0163245 1.14422
0.642093 -0.155749 1.08568
0.423987 -0.275887 0.950838
-0.459165 0.0679166 0.998576
0.454335 0.0622984 1.15085
-0.573064 -0.097407 1.00093
-0.117868 0.0737472 0.774247
-0.291605 0.0685386 0.87498
-0.383597 0.0706015 0.900458
0.387991 -0.27016 1.16089
-0.689162 -0.0782807 1.07214
-0.633208 0.0401135 1.01956
-0.680293 -0.0843792 1.07154
-0.0629463 0.0352873 0.183415
-0.635515 0.0965513 1.03007
-0.340497 0.0373332 0.947677
0.498631 -0.0507005 1.6048
0.113861 -0.173145 1.67591
0.561912 -0.236173 1.05024
0.0211225 0.11637 1.89826
0.726229 0.0725914 1.60028
-0.581325 0.154215 0.994622
-0.0136671 0.0382293 0.189585
0.221975 0.246394 0.956799
0.576932 -0.254681 1.06806
0.389022 -0.277944 0.979035
0.695954 -0.112188 1.17163
-0.00373573 0.0385143 0.18573
-0.0895106 0.0320815 0.172779
-0.60563 -0.00736299 0.95603
0.270259 0.123662 0.478813
0.0816614 0.060952 0.176026
0.00520817 0.0603908 0.201276
-0.620536 0.0993087 0.976653
-0.0141015 0.0267019 0.36864
-0.286493 0.051495 0.880805
-0.0167693 0.0482397 0.192398
-0.0832436 0.0419544 0.179604
-0.0329996 0.040421 0.276741
-0.0153712 0.0357812 0.2272
0.0862289 0.0597985 0.170389
-0.0119398 0.0405666 0.182784
0.55099 -0.111984 1.14699
0.335268 0.155276 0.607167
0.35937 0.238682 0.728481
-0.273822 0.0334384 0.834453
0.569696 -0.115302 1.19894
0.897463 -0.11692 1.73882
-0.171665 0.0743687 0.828445
1.10383 0.0101696 2.18261
0.533491 -0.0463085 1.71316
0.526812 0.0497953 1.22542
0.344711 0.103868 0.602994
-0.581731 -0.111491 1.05988
-0.62554 0.0404909 1.00613
0.266286 -0.114037 1.48168
0.625514 0.0283324 1.04304
0.0253212 0.0953827 1.56604
-0.0702479 0.149459 1.45796
0.191399 0.18 1.67326
-0.388648 0.0756259 0.940509
-0.660313 0.170805 0.9948
0.424863 -0.29935 1.05189
-0.285537 0.0549877 0.872239
0.479512 0.279381 1.55272
0.152353 0.125397 1.28195
0.0228148 0.0853967 0.481981
-0.0606877 -0.148603 0.848149
-0.421599 0.101031 0.887632
0.529293 0.0563488 1.22808
0.55426 -0.232104 1.03853
-0.0221689 0.04899 0.190548
0.995138 0.0567707 1.94079
0.049815 0.109307 1.45737
-0.565522 -0.0973441 0.987454
0.373692 0.226042 0.811251
-0.0301854 0.0400523 0.187878
0.459094 -0.0929583 1.46746
-0.0779769 0.0668949 1.34477
-0.439153 0.0765703 0.902204
-0.176877 0.0831592 0.846605
-0.534907 -0.0143667 0.92159
0.508541 -0.0402054 1.62896
-0.0785347 -0.186259 1.0672
0.41922 0.00799163 1.15945
-0.0759891 0.062765 1.59054
0.572228 -0.25163 1.05685
0.0577975 0.101839 1.76968
-0.557623 -0.0202097 0.954789
-0.0804081 0.0678467 1.65552
-0.660641 -0.0277507 1.04961
-0.557307 -0.0962935 0.972457
0.536262 0.0805761 1.17745
-0.0258234 0.0355163 0.18714
-0.306184 0.0466977 0.968165
-0.444262 0.0708046 0.960953
-0.425614 0.117545 0.850455
-0.439698 0.0992661 0.945868
-0.332277 -0.118061 0.979101
0.13816 0.105331 1.8668
0.458388 0.265698 1.51637
0.647291 0.0396347 1.58861
-0.541625 -0.0892645 1.15649
0.177064 -0.0499885 2.31966
-0.124324 0.096604 0.754624
-0.957522 0.0423503 1.2858
-0.702304 -0.0158235 1.13451
0.196196 -0.104272 1.29547
0.446685 0.246472 1.31369
-0.515083 -0.0891952 1.1146
0.257589 -0.0547015 0.573206
0.418926 -0.174606 1.36628
-0.615931 0.0308701 1.02838
-0.411219 0.0775675 0.956842
0.148152 -0.1191 1.88937
0.397769 -0.282537 0.991774
0.925957 -0.054892 1.79466
0.533565 0.104058 1.17021
-0.560525 -0.0122647 0.964043
0.484244 -0.118024 1.12953
-0.467397 0.108069 0.950175
0.109737 0.0774499 1.67068
-0.619309 -0.0195256 0.995664
0.559752 -0.102185 1.09967
-0.0603983 -0.299984 0.877053
0.43055 0.241934 1.2764
-0.0915945 0.0592904 1.31646
-0.395319 0.0663249 0.989652
-0.586796 0.0392588 1.00502
-0.545937 0.0960034 0.922494
0.460618 0.247897 1.20542
-0.750201 -0.215452 1.1304
-0.122416 0.0769501 0.821626
0.482059 0.0441607 1.2334
-0.554322 0.0906933 0.950167
-0.106301 -0.0165533 0.843336
-0.273944 0.0787393 0.857347
-0.636958 -0.0147355 1.01577
-0.440359 0.0762294 0.918872
-0.630446 0.0390881 1.01684
0.165845 0.236988 1.44044
0.424361 -0.139388 1.10215
0.590529 -0.123226 1.1222
0.326468 -0.170451 1.30312
-0.309282 -0.304279 0.981468
0.0621987 0.21014 0.604194
-0.73157 -0.209183 1.09758
-0.471758 -0.0198445 0.75019
-0.758381 -0.138202 1.10471
0.664973 -0.0801597 1.49708
-0.0808481 0.0461165 0.178524
-0.0297715 0.0392333 0.189898
-0.191652 0.0765004 0.271126
0.245035 0.252307 2.01211
0.0384122 0.0611507 0.19507
-0.306427 0.0908982 0.947966
-0.471761 0.0655201 0.988979
0.00349084 0.0461056 0.19048
-0.318999 -0.336151 1.105
-0.578957 -0.0967874 1.00353
-0.149709 0.0315485 0.166445
-0.00621668 0.0274469 0.189141
-0.776869 -0.135099 1.11981
0.129181 -0.195412 1.90092
0.100659 0.0667517 1.70316
-0.623444 0.0982295 0.997464
-0.375846 0.0732784 0.909727
0.427934 0.00666357 1.19667
0.393102 0.0233964 0.906277
-0.57754 0.0874688 0.976183
0.484435 0.259556 1.29369
-0.194497 0.0621553 0.294137
-0.176884 0.0939936 0.669435
-0.109381 -0.0278209 0.85629
-0.193735 0.0791717 0.270805
-0.0207825 0.0460657 0.189186
-0.00350852 0.0383245 0.184786
-0.543458 0.0864202 0.927258
-0.0297822 0.047225 0.181812
-0.0796768 -0.278716 1.92105
-0.0302079 0.04693 0.187693
0.0894743 0.208429 0.682737
-0.581759 -0.194113 1.2227
0.29533 0.147235 0.519478
0.599499 0.168036 0.997986
0.00509347 0.0283744 0.18976
-9.64463e-05 0.0526466 0.209498
-0.0413804 0.0371203 0.190352
-0.00652542 0.0360273 0.185879
-0.0188835 0.0330187 0.187928
-0.610706 0.137264 0.956677
0.631265 0.0368157 1.05145
0.40351 -0.270751 0.959365
-0.507771 0.0312324 1.0916
-0.09105 -0.098647 1.41372
-0.589641 0.0827431 0.99424
-0.140366 -0.695018 2.62369
-0.781461 -0.0782126 1.23654
-0.59321 -0.0901657 1.02355
-0.118983 -0.0216281 0.87816
0.00173344 0.0443306 0.196167
-0.205929 -0.309274 0.949215
-0.037371 0.0444182 0.189855
-0.758985 -0.137957 1.10498
-0.620267 0.10505 0.973353
-0.0256212 0.0354212 0.187192
-0.740886 -0.136127 1.0799
-0.185273 0.0751739 0.271964
0.779445 0.0937387 1.68655
-0.116577 -0.0278128 0.914374
-0.0573838 0.0372981 0.178321
0.00390337 0.0581609 0.195304
0.455929 0.042037 1.10564
-0.0207215 0.0454101 0.185764
-0.360794 0.0492629 0.934345
-0.00201549 0.0462909 0.185247
-0.0237495 0.049231 0.187425
0.00256392 0.0548624 0.185612
0.161826 0.227489 1.3656
-0.171538 0.0818245 0.298892
-0.0575351 0.0314899 0.192126
0.442527 0.122519 0.740102
-0.00757578 0.0527604 0.207213
-0.533819 -0.0211195 0.903039
-0.494427 0.159384 1.30614
-0.203285 0.0912669 0.83497
-0.457092 0.132992 0.940786
-0.938768 0.290021 1.47454
-0.466725 0.115815 0.868311
-0.490162 0.0640833 1.07599
-0.445768 0.112235 0.91989
-0.0295194 0.0474725 0.193396
0.167503 0.1746 1.63081
0.463315 0.0428849 1.1314
0.582281 -0.106205 1.14035
-0.481495 -0.00681907 1.0536
-0.0293054 0.0307633 0.184651
-0.105393 -0.442954 1.73116
0.49396 0.115397 1.11383
0.301414 0.0928703 1.00744
-0.210066 0.104911 0.767581
-0.0601301 -0.301253 0.877429
-0.0232081 0.0578072 0.211578
0.840922 -0.088427 1.77303
-0.0903209 -0.316064 0.873338
-0.48754 0.12039 0.912813
-0.568893 0.140096 1.09014
-0.147479 0.117864 0.809157
-0.926881 0.0423192 1.24185
-0.100888 -0.335596 0.954986
-0.619264 0.0215251 0.873126
-0.0635 0.0303632 0.18423
-0.22211 0.0833618 0.295956
-0.102073 -0.306466 1.88847
-0.370783 0.123652 0.620356
-0.0404416 0.0353192 0.183718
-0.73671 0.195798 1.11937
-0.0251531 0.0357232 0.188986
-0.219736 0.104404 0.797026
-0.456745 0.102274 0.874689
-0.0252598 0.0464614 0.184149
-0.0341673 0.0392882 0.203359
-0.0155998 0.0254592 0.190201
-0.194763 0.0614815 0.252826
-0.398131 0.143428 0.689331
-0.29219 0.116635 0.833626
0.370286 0.103935 0.616169
-0.388283 0.114307 0.845592
-0.171589 0.0716989 0.309694
-0.0396174 0.070727 0.403325
-0.888906 -0.238415 1.3341
-0.409968 0.125772 1.07346
-1.08154 0.0191304 1.53931
-0.385262 0.115559 0.953942
-0.1765 0.0767421 0.280273
-0.302129 0.119424 0.686503
-0.634514 -0.0301525 1.01627
-0.582384 0.126941 0.910378
0.640172 0.0321403 1.07431
-0.465529 -0.0774821 0.81643
-0.248393 0.0724277 0.382137
-0.608027 -0.111923 1.10594
-0.981539 -0.0794109 1.28338
-1.3596 -0.102862 1.79865
-0.720238 -0.154532 1.06759
0.224153 -0.176741 1.55686
-0.0300329 0.0317156 0.188099
-0.0568445 0.0306961 0.184099
-0.247086 0.0832686 0.462015
0.550394 0.106436 1.19262
-0.337676 0.0814767 0.893741
0.302378 -0.113991 1.43711
0.316986 0.15799 0.487365
-0.180627 0.0919064 0.856058
-0.67547 0.0184501 0.888764
-0.168392 0.121722 0.772924
-0.464254 0.129808 0.942466
-0.0184783 0.0329964 0.188065
-0.774079 0.00232608 1.08253
-0.391443 0.10721 0.889365
-0.198902 0.0856399 0.811411
-0.87819 -0.149591 1.27504
-1.10556 0.294034 1.68075
-0.218897 0.11313 0.889762
-0.941765 -0.0765564 1.22757
-0.0230764 -0.0393611 -0.0176548
-0.0256315 0.0435151 0.191696
-0.641324 0.0439242 1.0372
-0.0872753 0.0414607 0.175649
-0.0865286 0.0504364 0.175597
-0.0507072 0.0363341 0.185183
-0.502581 0.142443 0.774555
-0.0194413 0.0365161 0.188201
-0.787766 0.0384312 1.14325
-0.0877007 0.0354632 0.176158
-0.162689 0.0545073 0.824878
-0.116491 0.0581476 0.823148
-0.0579298 0.0322488 0.21863
0.037269 0.0589965 0.195817
-0.439311 0.080741 0.909845
-0.635782 0.0921751 0.996651
-0.00628186 0.0261782 0.179076
0.523657 0.0807936 1.15489
-0.612948 0.137501 0.960073
0.225412 0.114016 0.363785
-0.114988 0.0474267 0.250798
0.434047 0.243058 0.710903
0.313616 0.164735 0.514147
-0.012316 0.0446258 0.186631
-0.028902 0.0445321 0.180258
-0.213175 0.0674612 0.301856
0.181186 -0.267489 1.64964
-0.093359 0.042211 0.198329
-0.222647 0.059546 0.31628
0.224947 -0.111851 1.48477
-0.0234721 -0.250545 1.67204
-0.0938142 0.0487869 0.178787
-0.184837 0.0582564 0.236391
-0.0899766 0.0262957 0.180545
-0.0548204 -0.1634 0.767164
-0.0862392 0.0502865 0.17469
-0.0383408 0.0449394 0.189948
-0.0710042 0.0396525 0.181664
-0.0697043 -0.250487 1.04289
0.0036879 0.0582325 0.195021
0.00206146 0.0351791 0.19009
0.514871 -0.283508 1.11408
-0.199881 0.0734625 0.316919
0.183677 0.258445 1.49172
-0.176592 0.0686823 0.274979
-0.623204 0.149695 0.987256
-0.215498 -0.27764 0.840875
0.555702 0.151495 0.923831
0.671689 -0.307163 1.13542
-0.169971 0.0704333 0.307533
-0.0864146 -0.281366 1.31589
-0.407849 0.119247 0.948743
-0.0192584 0.0441441 0.184163
0.34879 0.0529093 1.1606
0.36249 -0.27104 0.929819
-0.266449 -0.311306 0.958053
-0.0560953 0.0297969 0.183615
-0.0254476 0.036593 0.191453
-0.0230432 0.0263098 0.183824
-0.0682473 0.0355692 0.176243
-0.570846 0.145416 0.972691
-0.395355 0.0711561 0.931726
-0.0408743 0.0166314 0.0806623
0.223681 -0.053701 2.92708
-0.0934365 0.0340196 0.183496
-0.445634 0.101548 0.899216
-0.481921 0.116513 0.933328
-0.443209 0.121235 0.910651
-0.648433 0.0962858 1.05391
-0.0797278 0.0481955 0.175686
-0.0136317 0.0452204 0.19286
-0.0533653 0.0601381 0.213815
-0.588763 0.0421914 1.00428
0.558565 0.30886 1.70872
-0.0730532 0.0407576 0.178285
-0.0137708 0.0379456 0.187117
0.0526061 -0.27805 1.80192
-0.816284 0.00656095 1.15358
0.495692 -0.106792 1.102
-0.729648 -0.156319 1.08798
-0.00732437 0.036976 0.186566
-0.65101 -0.0939786 1.03299
0.300054 0.103844 0.522412
-0.0520594 0.0421643 0.266263
-0.956208 0.317537 1.89364
0.566779 -0.105918 1.15873
-0.301913 -0.314197 1.00066
-0.0524805 0.0356917 0.182808
-0.400149 0.0202328 0.863338
-0.0255365 0.0354117 0.18675
-0.00684242 0.0282658 0.188022
0.483781 -0.289818 1.17531
-0.351132 0.172143 0.846938
-0.117098 0.0443218 0.233186
0.235734 0.215357 0.778526
-0.032136 0.0326176 0.211788
0.940568 -0.0958158 2.12548
-0.133261 0.0574608 0.880941
-0.0832879 0.0415327 0.178693
0.00511001 0.0593172 0.19881
-0.0230677 0.0296829 0.213593
-0.088434 0.0252278 0.175796
-0.0741986 0.025063 0.161758
-0.0971005 0.0280943 0.184552
0.295833 0.105221 0.507193
0.419723 0.209645 0.736183
-0.140473 0.0366189 0.242517
0.0921109 0.0713308 0.201326
0.087992 0.0612488 0.174294
-0.215307 0.101976 0.780326
0.0372274 0.0581751 0.186983
0.115719 0.0536405 0.131011
-0.0205565 0.050415 0.18508
-0.0732603 0.040192 0.17697
-0.0481832 0.033559 0.226942
0.65841 0.124368 1.34131
-0.226265 -0.329479 0.996555
0.00332832 0.0336571 0.183418
-0.0391236 0.0234447 0.179909
-0.295717 0.0407192 0.888647
0.00360812 0.036942 0.195879
-0.103286 -0.015613 0.831756
-0.036955 0.0294104 0.198254
-0.00836964 0.0269167 0.181416
-0.0158998 0.0266692 0.19335
-0.185223 0.0799955 0.337883
0.00841416 0.0467266 0.22609
-0.444709 0.106501 0.863369
0.800411 0.117522 1.66665
-0.173216 0.0644205 0.885683
-0.0911025 0.0446242 0.177805
-0.229623 0.109504 0.962817
-0.0883003 -0.31413 0.863668
-0.0252673 0.0453762 0.189146
0.398716 -0.0168443 1.10558
0.00351418 0.0450682 0.187344
0.670657 0.129615 1.3029
-0.299842 0.0732416 0.779792
-0.00601935 0.0390809 0.198063
-0.025249 0.0420574 0.189335
0.562497 -0.302702 1.18934
-0.00173792 0.0451161 0.187288
0.397178 -0.124997 1.31451
0.481382 -0.242477 1.70133
0.467784 -0.276426 1.119
-0.0127245 0.0385895 0.190044
-0.0139413 0.0463597 0.194954
0.0888969 0.0622347 0.176628
0.0701107 0.0637783 0.174507
0.0981778 0.0620394 0.17207
0.491712 0.201348 0.900571
-0.463034 0.13451 0.969948
-0.573389 0.225153 1.01025
-0.0513958 0.0568532 0.203295
0.00181252 0.0458264 0.200295
-0.0342821 0.0317506 0.184769
0.151914 0.123725 1.74774
-0.52258 -0.0219449 1.14132
-0.476437 -0.0875731 1.03219
0.564435 0.181552 0.904832
-0.00734667 0.0361369 0.20036
0.770387 -0.0424254 1.43022
-0.0876941 0.038014 0.175974
-0.180719 0.131818 0.833101
-0.454919 0.137444 0.878819
-0.126096 0.0907921 0.797826
-0.43481 0.173962 0.856519
-0.375401 -0.34656 1.12802
-0.284639 -0.313564 0.980922
-0.315377 -0.115279 0.929085
-0.181586 0.0746835 0.261693
-0.176451 0.0667825 0.278077
-0.0914533 0.0469929 0.173876
0.050474 0.0681777 0.197638
0.244864 0.136634 0.396037
0.311628 0.176187 0.506003
-0.1782 0.0755415 0.273648
-0.0767625 0.0371013 0.213552
-0.0863575 0.0411063 0.172864
0.166094 0.139189 1.40574
-0.0301566 0.0500641 0.182162
-0.0713534 0.0407627 0.141065
-0.0315267 0.0314667 0.204016
0.000751917 0.0592563 0.251417
-0.034701 0.0297224 0.195371
-0.0236477 0.0293251 0.196747
-0.0353896 0.0413237 0.209016
-0.0873071 0.0397823 0.175837
-0.0305375 0.0274519 0.160224
-0.0290869 0.0356552 0.17427
-0.236603 0.105025 0.814872
-0.168251 0.0563158 0.857316
-0.561506 -0.0789472 1.21492
-0.0688707 0.0347909 0.179295
0.587026 0.138341 1.32952
0.0586896 0.0957076 1.68213
-0.116291 0.0576017 0.815595
-0.0231999 0.0316547 0.189115
0.121363 -0.187353 1.79397
-0.113407 -0.0275643 0.824161
-0.108582 -0.018903 0.761594
0.722801 -0.0994023 1.48189
-0.00371576 0.047867 0.189006
-0.0661538 0.031338 0.198704
0.602714 -0.147993 1.01588
-0.0508424 0.154864 1.27191
-0.0621028 0.027331 0.181785
0.591729 -0.145614 0.997617
0.424844 -0.278059 0.931486
0.133261 0.206948 0.73898
-0.0245233 0.041595 0.177557
0.00321714 0.0362356 0.193393
-0.80977 -0.358888 1.4695
0.135408 -0.110242 1.74508
0.367022 -0.11641 1.40375
-0.0319142 0.0320916 0.187412
0.198424 0.0783826 0.269662
-0.180961 0.0806885 0.284645
0.00413468 0.0312414 0.188455
0.144948 0.11864 1.67334
-0.45796 0.19173 1.06014
-0.197957 0.117179 0.750229
-0.259164 -0.293669 0.935719
-0.0698031 0.039086 0.181157
0.21084 0.240757 0.92864
-0.659651 0.197137 1.03602
-0.382566 -0.0828018 0.571125
-0.649621 0.18131 0.95602
0.00380185 0.0503791 0.19658
-0.139683 -0.137982 2.4745
-0.0816819 0.0317085 0.174123
-0.00454264 0.0522439 0.207783
-0.382736 0.064127 0.958381
-0.0737548 0.0405622 0.177965
-0.0259076 0.0365608 0.190317
-0.308303 -0.262425 0.838746
-0.0671341 -0.104654 0.97045
0.00370467 0.0353596 0.18909
-0.073266 0.0779203 0.391834
-0.00367012 0.0840865 0.695985
-0.304566 0.143647 0.859575
-0.308696 0.0766654 0.884219
-0.019921 0.0498534 0.592322
-0.062265 0.0289638 0.179622
-0.181096 0.121425 0.823453
-0.0657094 0.133153 0.904231
-0.549946 0.249826 1.14882
-0.462444 0.124513 0.924621
0.500765 -0.265503 1.01431
0.344656 0.105139 0.605278
0.291845 0.165047 0.522557
-0.194623 0.0776082 0.348492
0.501863 0.228477 1.04115
0.12602 0.183953 1.33995
0.235153 0.268491 1.62608
-0.0406213 0.0359386 0.186139
0.00485075 0.0284774 0.188332
-0.57424 0.154179 0.984181
0.431049 0.226201 1.35341
-0.633769 -0.0251239 1.00591
0.422109 0.182101 1.4041
-0.514757 -0.0276395 0.886024
-0.229139 0.0657906 0.284198
-0.281094 0.0492171 0.285631
0.143648 0.219555 0.781266
0.00548831 0.0255537 0.187991
-0.298195 0.0547302 0.307924
0.127437 0.203214 0.741933
-0.234579 0.0664445 0.305354
-0.203609 0.127296 0.711369
-0.229772 0.0658855 0.320568
-0.122237 0.0840442 0.778473
-0.133295 0.135001 0.760144
0.184492 0.209646 0.667602
-0.639621 0.0423465 1.03228
-0.300607 0.106489 0.866039
-0.478003 0.168465 0.940366
-0.0231417 0.0263831 0.184223
0.311947 0.163231 0.509715
0.33786 0.19455 0.553157
0.00196636 0.0310556 0.186764
0.284377 0.305738 1.18655
0.10131 -0.0245247 1.42534
0.932216 -0.12801 1.82003
-0.00250946 0.0424089 0.1961
-0.0730936 -0.30592 1.14625
-0.667571 -0.0951316 1.05953
0.958519 -0.0823528 1.88189
-0.421055 0.0903901 0.926677
0.264485 -0.0105434 0.734266
0.48504 0.0913325 1.05934
-0.0650591 0.0299855 0.180139
-0.0329578 0.025501 0.179568
-0.0581416 0.0362024 0.183246
0.902858 -0.122433 1.69632
-0.268622 0.0324117 0.824695
0.405905 -0.014993 1.16591
0.309602 0.229641 1.36311
0.448553 0.257286 1.43499
-0.439723 0.10602 0.935381
-0.338706 -0.327866 1.04844
-0.137902 0.158698 0.771104
-0.177105 0.0792575 0.32455
-0.0119248 0.0416239 0.186181
-0.00609068 0.0381042 0.188651
0.561352 0.106015 1.08793
-0.0894149 0.0578673 0.60775
-0.198391 0.0807938 0.885186
-0.513137 -0.179223 1.07514
0.356319 -0.120245 1.48634
0.481729 0.257311 1.2938
0.740663 -0.12091 1.51002
-0.0652463 0.0300511 0.180236
0.331576 0.160803 0.527609
-0.44917 0.13613 0.966942
0.00654131 0.029389 0.194868
-0.584982 0.224781 1.10013
-0.0571254 0.0379191 0.182158
0.125771 0.202697 0.737012
-0.0156717 0.0262422 0.192518
-0.560271 0.228853 1.07253
-0.175725 0.130693 0.814395
-0.632736 0.228383 1.08752
0.536541 0.10441 1.1721
0.575091 0.105364 1.15316
-0.443658 0.0840235 0.910932
0.395557 -0.26421 0.963356
-0.14101 0.112395 0.740401
0.852948 -0.0585477 1.63706
0.0504915 0.116017 1.49175
-0.0169762 0.138049 2.00266
0.527596 -0.227068 0.987905
-0.0846477 0.0420893 0.177092
0.537943 -0.282971 1.10088
-0.482974 0.136242 1.29195
-0.141809 0.107227 0.758144
-0.172319 0.139235 0.978959
-0.305886 0.102489 0.829471
0.712235 -0.0799046 1.61738
0.489775 0.170629 0.867676
0.360006 -0.182917 1.4218
0.00412105 0.0306526 0.208169
-0.227712 0.0464893 0.244851
-0.255657 0.0705948 0.307552
-0.299614 0.0556305 0.346136
-0.256268 0.0754866 0.302066
-0.271514 0.0703658 0.304614
-0.294741 0.0795086 0.335445
-0.054773 0.117064 0.861494
-0.210457 0.133241 0.740037
-0.37867 0.0584431 0.871994
-0.00404399 0.040564 0.192293
0.484749 0.0137837 1.38774
-0.0416986 0.0160332 0.160946
0.53787 0.113443 1.19231
-0.0137676 0.038385 0.189199
-0.129028 0.130733 0.716686
-0.451842 0.168699 0.88994
0.843535 -0.108212 1.6979
0.442894 0.268577 1.34594
0.901987 -0.104107 1.74349
0.437616 0.249196 1.29928
-0.00260867 0.0245222 0.180987
0.122487 0.221341 0.70642
-0.446837 0.190151 0.904386
-0.444324 0.193694 1.00637
-0.425592 0.100965 0.899247
-0.410521 0.142504 0.895984
-0.384904 0.105535 0.874274
-0.363176 0.115063 0.914323
-0.322158 0.205273 0.824457
-0.0563449 -0.15104 1.52046
-0.432559 0.122981 0.903421
-0.444177 0.197298 0.911828
0.19947 0.219274 0.697581
-0.154239 0.14934 0.793137
-0.0366598 -0.122249 0.636955
0.276224 0.217963 0.829005
-0.28578 0.0944633 0.764805
-0.103568 -0.16296 0.415573
0.323588 0.166934 0.513733
0.172064 0.242965 0.809906
0.540018 -0.265753 0.854842
0.631277 -0.0969967 1.1607
0.625358 0.156918 0.762372
-0.00748166 -0.0145392 0.0815207
-0.374125 -0.295799 0.981462
-0.688344 0.199982 1.06504
-0.355343 0.101262 0.766731
-0.307554 0.109399 0.882977
-0.0508336 0.023261 0.139698
-0.0187467 0.029677 0.191068
-0.286504 0.0733012 0.7738
-0.447506 0.198042 0.920815
-0.570159 0.0306855 0.950313
-0.264166 0.0692999 0.327447
-0.199884 0.0544396 0.333585
0.261312 -0.114508 1.50027
0.404172 0.11738 0.511711
-0.4348 0.120469 0.939555
-0.140822 0.125295 0.702635
0.352415 0.173214 0.493381
-0.342504 0.0619224 0.740935
0.443891 0.0984158 0.53004
-0.022972 -0.0392238 -0.0161013
-0.311962 0.18322 0.89065
0.61439 -0.105625 1.03258
0.68744 -0.116434 1.16201
-0.0166653 0.0468228 0.194476
-0.00543478 0.0471698 0.18815
-0.00455674 0.0262673 0.187069
0.00392913 0.0307697 0.190748
-0.00336002 0.025177 0.182893
0.411248 -0.17342 1.32467
-0.0140196 0.0382563 0.18778
0.41823 -0.17534 1.33675
0.178467 0.246459 1.42989
0.213539 0.221033 0.845521
0.293505 0.150629 0.514984
-0.480838 0.107059 0.957929
-0.0782161 0.0310513 0.174319
0.318158 0.100072 0.495786
0.00508577 0.0334751 0.195506
-0.00596742 0.0392575 0.211131
-0.058297 0.0391639 0.184204
-0.0248553 0.0350142 0.186045
0.136417 0.147415 1.48342
-0.245942 0.109638 0.860531
-0.0621124 -0.303734 0.888877
-0.519937 0.198701 1.03351
-0.410863 0.115065 1.08389
0.529681 0.0852124 0.879845
-0.359437 0.0698903 0.916064
-0.00555735 0.0331929 0.185832
-0.382233 0.0834491 0.8667
-0.0747075 -0.117608 1.18117
-0.0361113 0.0334743 0.21137
-0.0624125 0.168881 0.743435
0.0139859 0.0749475 0.83356
0.320929 0.0933887 0.456715
0.179304 -0.110273 1.46542
-0.137591 0.134471 0.803796
-0.0223105 0.154288 2.21752
-0.0172177 0.117337 1.67854
-0.0604025 -0.187881 0.889957
0.447492 0.274133 1.34131
-0.439386 0.109617 0.897575
-0.310609 0.130586 0.909007
0.0924592 0.203698 0.691205
-0.174795 0.138723 0.7415
0.303537 0.155865 0.526454
-0.387485 0.0646461 0.817297
-0.0880653 0.0534271 1.22093
-0.657668 -0.294044 1.19579
-0.195998 0.0728896 0.923752
0.105144 -0.158497 1.51965
0.00313765 0.0999991 1.58449
-0.0577224 0.0356303 0.181972
0.350116 -0.230258 0.90031
-0.572924 0.233803 1.0977
0.561334 0.294318 1.53579
0.511734 0.261412 1.62784
-0.0639811 0.0269442 0.180759
-0.0706737 0.0285841 0.187363
-0.673336 -0.0859404 1.05295
-0.6654 -0.084717 1.04362
-0.0693629 0.0279293 0.184145
-0.0172561 0.0416703 0.186263
-0.367523 0.0940915 0.955011
-0.228239 0.157314 0.757968
-0.299668 0.140537 0.846564
-0.231621 0.0888074 0.643457
0.406679 0.232453 1.35803
-0.203429 0.0985962 0.857303
-0.0485848 0.0253732 1.015
0.38824 0.0727819 0.480787
-0.311348 0.0937019 0.857053
1.17871 0.211954 2.39849
0.248887 0.292757 1.93887
0.561091 -0.294728 1.14602
-0.415145 0.12251 0.965149
0.535049 0.0981233 0.725102
0.433116 -0.0467019 0.549319
0.420774 0.100853 0.496425
-0.320138 0.097637 0.964243
0.413345 0.0965815 0.487808
-0.200008 0.150124 0.79292
0.441383 0.148276 0.769996
0.392243 0.113753 0.482687
-0.0434997 -0.211386 0.62302
0.111493 -0.176063 1.65462
-0.153169 0.176478 0.830831
-0.410448 0.11344 0.881371
0.16334 -0.122765 2.02507
-0.197414 0.149065 0.788389
-0.346839 0.169906 0.8527
0.237738 0.259794 1.01001
-0.362049 0.201182 0.985169
-0.371704 0.146701 0.85011
-0.380537 0.198235 0.808123
0.271616 0.0364764 0.320019
-0.227947 0.168039 0.792198
-0.296044 0.108862 0.791688
-0.389752 0.177653 0.914966
0.254765 0.296271 1.11321
-0.136284 -0.301758 0.859621
0.160555 -0.256451 1.56349
-0.140297 0.0440985 0.775972
0.157155 0.132101 1.77732
-0.194601 0.0945963 0.765207
-0.310744 0.131732 0.907439
0.308015 0.046002 0.382535
0.380146 0.110346 0.468063
-0.0596588 -0.128384 1.24323
0.412934 0.0971839 0.48776
0.415536 0.0984111 0.489409
0.0240641 0.11182 0.831687
-0.0338192 0.0557172 0.28628
-0.0174928 -0.0418324 -0.0271818
0.445079 0.0964055 0.520254
-0.215575 0.058697 0.441324
-0.0257349 -0.0346035 -0.00417204
0.326517 0.100696 0.495144
0.354024 0.10119 0.481868
-0.385329 0.167596 0.804377
0.849222 -0.0154702 1.69744
-0.000572122 -0.046146 0.092551
-0.0649778 0.186086 0.797651
0.452161 -0.271849 1.10319
-0.0921447 -0.00342617 0.138584
0.402072 0.190601 0.724167
-0.455928 0.192152 1.04892
-0.212558 0.136389 0.747793
0.215091 -0.0903083 0.966331
0.416648 0.0916286 0.523362
-0.0832435 -0.352445 2.59983
-0.144333 0.0944522 0.743339
-0.0978955 0.23287 2.07415
-0.385767 0.199511 0.822937
-0.346968 0.107029 0.879134
-0.373067 0.192962 0.793987
0.442123 0.0748176 0.591383
0.392468 -0.0463825 0.496715
-0.221182 0.131028 0.763891
-0.216519 0.158178 0.752241
-0.382916 0.131212 0.832725
-0.407588 0.125818 0.861715
-0.293416 0.0914573 0.902969
-0.382558 0.0829266 0.868595
-0.374054 0.0942509 0.960024
-0.421886 0.098457 0.908916
-0.422423 0.131297 0.89251
0.688344 0.142285 0.927188
0.710261 0.146579 0.952834
-0.144447 0.113515 0.865673
-0.312835 0.118076 0.911868
-0.133574 0.136733 0.769801
-0.12324 0.121488 1.71911
1.02358 -0.0598747 1.72011
-0.212134 0.10739 0.850596
-0.308466 0.0815586 0.750428
-0.434993 0.173022 0.852168
0.354459 0.216871 0.630817
0.424059 0.0845187 0.53035
0.371706 0.00377444 1.05974
0.530016 0.103687 1.16755
0.325346 0.0986705 0.496448
-0.142951 -0.260785 0.752431
-0.438754 0.111345 0.911156
-0.239593 0.125799 0.794556
-0.036005 0.0445104 0.477663
-0.447181 0.196687 0.920129
-0.142264 0.0513771 0.827941
-0.455383 0.143782 0.934428
-0.3656 0.183167 0.897028
-0.18836 0.151696 0.795071
-0.296997 0.183921 0.881526
-0.280036 0.167519 0.832711
-0.239303 0.168348 0.797416
-0.304761 0.182475 0.777402
-0.2011 0.196049 0.867165
-0.144656 0.148501 0.809378
-0.30041 0.176047 0.857225
-0.367485 0.101239 0.768862
0.474559 0.255142 1.23646
0.00335725 0.217498 1.42007
-0.423724 0.13582 0.890019
-0.257961 0.181003 0.856351
-0.2193 0.180568 0.752371
0.232107 0.0385886 0.381766
-0.133121 0.14274 0.651248
-0.302684 0.178816 0.763282
-0.466216 0.141297 0.901609
-0.136454 0.146865 0.669653
-0.138141 0.122674 0.690252
-0.379348 0.104834 0.857747
-0.477472 0.153096 0.982426
-0.446096 0.199432 0.945411
-0.103108 0.075389 0.60126
-0.433349 0.189785 0.983322
0.376982 0.146979 0.458732
0.318291 0.162783 0.468829
-0.41331 0.0776299 0.969013
-0.202343 0.0895817 0.870208
1.00067 -0.0845527 2.2382
0.208223 0.0568594 0.695102
-0.109504 0.0531915 0.744512
0.422915 0.0920271 0.53305
0.0272273 0.0924582 1.52872
-0.18161 0.0706093 0.867429
0.328978 -0.0452864 0.414072
-0.311573 0.104916 0.847768
-0.486048 0.0845312 1.04212
0.428825 0.0843268 0.531851
0.298215 0.150623 0.505947
-0.302864 0.186372 0.901468
-0.218506 0.158005 0.762622
-0.146538 0.168562 0.802612
-0.124711 0.0673169 0.878155
-0.233513 0.110725 0.982308
0.0433298 0.174583 1.66391
-0.280893 0.142055 1.18931
-0.333761 0.166249 0.698501
-0.215256 0.129648 0.819976
-0.196838 0.0718485 0.899632
-0.228933 0.173658 0.88368
-0.235322 0.127024 0.789227
-0.279634 0.19278 0.816052
-0.323237 0.155816 0.793859
-0.297775 0.0883385 0.8006
-0.306584 0.146436 0.862301
-0.22912 -0.321645 0.983697
0.495636 0.0720854 0.647706
-0.122453 0.103193 0.737792
0.146146 0.219447 0.788408
0.280512 0.222596 0.761096
0.427212 -0.268903 1.31663
0.47932 0.354005 1.11051
0.389316 -0.2639 0.880561
-0.0125966 -0.00391214 0.15282
0.100521 -0.0489434 0.160509
-0.299084 0.0360133 0.922294
-0.43548 0.0729984 0.943833
-0.41231 0.114698 1.08534
0.356566 -0.239085 1.2616
0.501745 0.0699711 1.28083
-0.186353 -0.32982 0.963976
0.353792 -0.234245 0.818973
0.418258 -0.253936 1.27015
-0.0730128 -0.173962 0.99733
-0.56387 -0.594735 1.55893
-0.0669719 0.0550013 0.918661
-0.126376 0.107765 0.724007
-0.0238342 -0.00288018 0.311766
-0.0108825 -0.00754462 0.131421
-0.0245399 -0.00182742 0.323018
-0.328793 0.158439 0.804534
-0.124553 0.0975854 0.766547
-0.418547 -0.501272 1.67693
0.315776 0.239135 0.737527
0.65982 0.0207265 1.10381
0.0916571 -0.260202 1.64156
-0.20626 0.132481 0.727602
-0.206743 0.134446 0.733833
0.19518 0.143896 1.70284
0.0177675 -0.0437214 0.00867722
-0.154966 0.232753 0.964139
-0.0256722 0.023494 0.205705
0.0194998 -0.0463259 0.0108975
-0.143785 0.120389 0.778855
-0.133965 0.0890731 0.6973
0.469775 0.0596119 1.02939
-0.0827342 0.0901939 0.45825
-0.469608 -0.10791 1.06958
-0.399255 0.139005 0.872938
-0.25394 -0.204166 0.645178
-0.436761 -0.319755 1.10172
0.521595 0.101018 1.13827
1.03184 0.0529249 2.30103
0.244296 0.000701894 0.504527
0.577169 0.201326 0.990821
0.473356 -0.11748 1.10454
0.651509 0.0322068 1.09087
-0.13638 0.0729665 0.815615
-0.0622011 -0.226302 0.88278
0.751729 0.148126 1.0369
-0.215759 0.129593 0.822284
-0.139591 0.207748 0.865796
-0.353238 0.041497 0.941099
0.649919 -0.106135 1.08721
0.548773 -0.114899 1.04607
-0.041393 -0.139585 0.78369
-0.194119 0.141451 0.756544
0.412262 -0.287074 1.02314
0.436574 -0.147675 1.14412
-0.151136 -0.336626 0.983397
-0.293083 0.117138 0.827571
-0.369365 -0.319876 1.0601
-0.0739364 -0.153789 1.09492
-0.0203341 -0.113657 0.568045
-0.112585 -0.172486 1.62633
-0.0398524 0.0271125 0.518321
0.487283 0.196909 0.887698
0.475791 0.250131 1.43177
-0.122193 -0.0153407 0.860031
0.341459 0.0658002 0.425544
-0.00695032 0.0972231 0.943873
-0.0198615 -0.10377 0.490051
-0.163025 -0.188807 0.530799
0.212457 -0.0276275 0.42482
-0.1709 -0.281852 0.804586
0.294111 0.153098 0.506826
-0.318839 0.104947 0.819918
0.0517536 -0.0493102 0.166862
0.0224593 0.139352 0.952149
-0.129544 0.105068 0.789327
-0.105083 0.0775908 0.691232
-0.115772 0.0901429 0.76382
-0.048296 -0.202268 1.2904
0.549763 0.07962 1.20497
-0.059768 -0.285535 0.895083
-0.0706136 -0.189447 1.03008
-0.347903 -0.31473 1.02829
0.0482609 -0.282117 0.658111
-0.0629264 -0.134969 0.860657
-0.0605707 -0.170723 0.884425
0.0589937 -0.0607323 0.424477
-0.0128716 -0.000835864 0.152717
0.615372 0.143853 1.86852
-0.00833642 -0.00981735 0.102585
0.0891027 -0.257554 1.62618
0.00016062 0.0833974 0.732189
-0.0890286 0.0544 0.540093
0.2482 -0.109737 1.56054
0.014978 -0.0637656 0.0511262
0.278599 0.0937904 0.4823
-0.10862 -0.015652 0.862529
0.380852 -0.272712 0.960359
-0.0410258 0.00557465 0.594006
-0.292683 0.130288 0.837922
0.00132835 -0.0276911 0.0565902
-0.308399 0.115256 0.823821
-0.0965434 -0.180254 0.466472
0.777084 -0.0832283 1.46674
-0.119464 0.115421 0.666138
-0.0638036 0.154213 0.856811
-0.279328 0.0685482 0.87957
-0.122172 0.0828084 0.819885
-0.283366 0.037929 0.876274
0.384297 -0.272972 0.981798
0.00985346 0.0424545 0.445631
-0.099585 -0.108664 1.32116
0.517228 -0.212386 0.954076
-0.0972271 -0.104747 1.27508
0.324794 0.149542 0.498258
0.356189 -0.120753 0.915494
0.436538 0.0968616 0.550156
0.583454 -0.142372 0.982217
-0.22163 0.110538 0.80569
-0.0503157 -0.0911491 0.741463
0.00354581 -0.0808648 0.299097
0.383529 0.152245 0.480269
0.21558 0.211572 1.77743
-0.184998 0.0661325 0.846999
-0.129763 -0.305682 0.864104
0.355995 -0.25549 0.905043
-0.186933 0.0779605 0.816901
0.427794 -0.220222 1.41501
0.39276 -0.264281 0.87817
-0.133929 0.0729884 0.811645
-0.214832 0.0885154 0.733704
-0.226278 0.0972581 0.772656
-0.152759 -0.152274 0.417902
-0.322338 -0.282101 0.908669
0.866657 0.00578593 1.70536
0.195239 0.200991 1.55644
-0.30483 0.0758312 0.875259
0.410175 -0.134655 1.37319
-0.374729 0.0964003 0.947648
-0.249273 -0.0891701 0.616574
0.359829 0.0787767 0.424384
0.445977 -0.282722 0.988124
-0.0694896 -0.162705 0.391445
0.848623 -0.0974578 1.65024
0.549582 -0.246262 1.03316
0.662491 -0.109235 1.24544
0.409255 -0.264904 0.914157
-0.308398 -0.290238 0.932214
-0.124583 0.122511 0.706837
0.0802491 -0.00208348 0.136545
-0.228103 0.151053 0.728575
-0.23586 0.148506 0.80918
-0.108199 0.0664247 0.617727
-0.290575 0.0290036 0.855996
-0.0126131 -0.0556943 0.0431398
-0.136254 -0.29377 0.843416
-0.184318 0.0764948 0.673229
-0.0480055 -0.0928091 0.174503
-0.184561 0.150177 0.785134
0.0470958 -0.0393087 0.0705292
-0.195652 0.0880313 0.704285
0.00568927 -0.0381337 0.0115419
0.288298 0.0716092 0.479716
-0.290852 -0.252938 0.820494
-0.0752759 -0.0603938 0.209631
-0.0464262 -0.0908632 0.168667
-0.100316 -0.140954 0.355575
-0.312801 0.0520868 0.878686
-0.138967 0.108853 0.895299
-0.0402227 -0.0791026 0.130225
-0.0742962 0.161037 1.52163
-0.0577456 0.20244 1.36086
-0.176561 0.0583977 0.856067
-0.13892 -0.285945 0.793992
-0.129819 0.0456541 0.34245
-0.0538 -0.188334 0.790014
-0.309099 0.126363 0.883248
-0.184226 -0.30853 0.905135
-0.286552 0.0894692 0.873488
-0.0159483 -0.147485 0.816941
0.0204868 -0.0023012 0.465512
0.281594 0.0341567 0.344727
-0.00332883 0.0177956 0.397053
