0.911072 0.061232 2.13639
0.473236 0.483537 2.5135
0.857961 0.167923 2.08427
0.0346034 -0.497205 1.2395
-0.121826 -0.0779194 1.42017
-0.200098 -0.0746275 1.22681
-0.0336653 0.0196617 0.394847
-0.0461336 0.0233417 0.382259
-0.0653981 0.00858665 0.361112
0.573822 -0.2245 1.3763
-0.0826233 -0.0011106 0.384267
-0.0531334 0.0512942 0.559387
-0.157562 0.00201849 0.348381
-0.323526 -0.0809698 0.494361
-0.339066 -0.101913 0.731255
-0.018802 0.0624781 0.415296
-0.162839 -0.0264933 0.481352
0.461839 0.06628 1.65689
0.258785 -0.286138 5.36805
0.06471 0.0843505 0.44818
-0.20155 -0.041585 0.973036
0.382335 0.248253 1.06192
0.083025 0.0904021 0.427063
0.0369502 0.0796639 0.447082
-0.383814 -0.151135 0.714771
-0.417386 -0.163362 1.10169
-0.0922494 -0.0156285 0.327998
-0.222293 -0.0574069 0.465874
0.224782 -0.357484 2.76893
-0.213483 -0.0340875 0.452528
0.0133531 -0.3611 1.69616
0.656265 0.425628 1.60795
-0.505585 -0.200129 1.15695
-0.154558 0.044113 0.514774
-0.128824 0.0141292 0.365926
-0.0592235 0.0627424 0.312874
-0.0697823 0.0228364 0.44962
-0.136789 0.0459248 0.389357
-0.299709 -0.0729707 1.37894
-0.0562975 -0.306577 1.81509
0.720541 0.0683913 2.57067
0.287715 0.197892 0.34864
0.142921 0.0572315 0.154619
0.268286 0.187289 0.337405
0.68954 -0.0722156 2.73811
0.238442 -0.244264 1.36338
0.852854 0.476128 1.42718
0.0158003 -0.0156836 0.231713
0.0649358 0.388822 3.26646
0.665358 -0.26667 1.91382
-0.0717199 -0.0245618 0.536159
-0.485516 -0.13676 1.30183
-0.226417 -0.0576516 0.521905
-0.129122 -0.0308118 0.659309
-0.432481 -0.0872675 1.49686
0.680584 -0.103513 2.92399
0.176059 -0.225472 2.37546
-0.0325201 -0.225238 1.23148
-0.0735203 -0.00277064 0.473196
-0.565757 -0.229957 1.33598
0.031176 0.0712784 0.456136
-0.0638129 -0.0179735 0.50468
-0.538779 -0.149054 1.16972
0.0409001 0.0612806 0.372396
0.652987 -0.229006 1.48736
0.460097 0.362612 0.776918
0.398462 0.329968 0.85837
1.14527 0.256254 1.68245
0.912559 -0.0194759 1.08299
-0.206108 0.0186836 0.503857
0.670396 -0.276797 1.95999
0.819117 0.281741 1.81452
-0.0878052 0.00628976 0.388665
-0.177987 -0.0633168 0.64705
-0.141887 -0.0220841 0.819224
0.620307 0.257057 1.42747
-0.298973 -0.15267 1.01636
1.0255 0.141759 2.54458
0.818386 -0.0219411 0.963588
0.0497044 -0.322369 0.575942
0.163786 0.184351 3.61517
0.622563 0.162144 1.95424
-0.106004 0.065155 0.449632
-0.184951 -0.0481192 0.456412
-0.257337 -0.0467795 0.46711
-0.121685 0.00031836 0.388745
-0.489954 -0.1876 1.25086
-0.0115661 0.0467264 0.349043
-0.054668 0.0289199 0.422987
-0.0236145 0.0927711 0.467656
-0.13758 0.0052829 0.4157
-0.0768225 -0.0255153 0.396882
0.473229 0.283078 0.886011
-0.106298 0.059822 0.458894
-0.0364006 0.0515852 0.418773
-0.0466698 0.0124969 0.414428
-0.0615905 0.0180951 0.395076
0.406802 0.263668 0.84139
0.452311 0.187296 0.806924
0.0085522 0.134265 0.536198
0.0148532 0.106635 0.419033
-0.0871615 0.0693502 0.430364
-0.086964 0.0573579 0.46381
-0.00792624 0.0542504 0.806105
-0.0478575 0.0478013 0.365395
-0.0728618 0.064843 0.347812
-0.00979808 0.0200305 0.40558
-0.109853 0.0168065 0.326985
0.12926 0.0849112 0.31521
1.10105 -0.0217784 1.33579
0.694133 -0.231613 1.56143
0.744365 -0.0739649 2.91163
-0.0941507 0.0344897 0.378003
-0.0054904 0.0302912 0.411817
-0.077162 0.00763805 0.370542
-0.664841 -0.179272 1.50831
-0.264154 -0.0569038 0.598757
0.457461 0.258649 0.895854
-0.0302969 -0.011262 0.318251
-0.0282445 -0.305518 1.41929
0.627492 -0.0186819 0.709898
-0.0951501 0.0261377 0.486475
-0.0564171 0.0423618 0.5442
-0.106889 0.000742086 0.335116
-0.0805126 -0.0286357 0.32803
0.861665 -0.115131 1.73991
0.864612 0.054056 2.00956
1.69471 0.428559 4.40709
0.947006 0.397895 2.63657
0.675401 -0.0666651 1.96473
-0.132712 -0.162809 1.22179
-0.144007 -0.0082074 0.480606
-0.292688 -0.0846689 1.38898
-0.0572711 -0.0181298 0.468162
-0.0914324 -0.0254003 0.337498
-0.161607 0.0600132 0.436666
-0.195463 -0.0825759 0.367726
-0.271355 -0.00671621 0.769685
-0.0273477 -0.00748452 0.405716
-0.104459 -0.0337479 0.545489
-0.0572395 0.106719 0.448627
0.75172 -0.00373792 2.04621
-0.0480059 -0.00757929 3.38293
0.690088 -0.255743 2.1415
-0.00977275 0.00560268 0.469716
-0.0830375 -0.0381633 0.300418
-0.0468606 0.0533581 0.29969
0.0669535 0.102047 0.457497
-0.0889815 0.0107632 0.403456
-0.57073 -0.456489 1.52078
0.674888 0.246098 2.13708
0.0918874 0.0943452 0.434471
-0.036566 0.0391419 0.40742
-0.086661 0.0654948 0.455959
-0.0873542 0.0328019 0.328826
0.528849 0.278832 0.852851
0.310808 -0.274735 1.75688
0.0373545 -0.509856 1.26826
0.95424 0.103462 1.93121
0.774187 0.39604 2.43959
0.493781 0.177305 0.896985
1.16604 0.00485569 1.50484
0.839777 0.011804 1.11665
-0.0937781 -0.0322627 0.35343
0.782228 0.210759 1.68022
0.191405 -0.216495 3.83422
0.719337 0.36304 2.23601
-0.090109 -0.0229119 0.406424
-0.00608896 -0.46521 2.03507
-0.121016 0.0691556 0.560871
-0.0196627 0.0744081 0.711882
-0.0437071 0.0315617 0.335146
-0.113385 0.0389789 0.379774
-0.0150989 0.0486172 0.454534
0.109425 0.129716 0.591275
-0.076156 0.0045749 0.381538
-0.0684535 -0.237725 1.56613
1.15287 0.221183 2.47938
0.0449035 0.0744164 0.429269
-0.103552 -0.00242795 0.343917
-0.0509219 0.0206765 0.419295
-0.00876594 0.0306695 0.418056
0.0459996 0.0774529 0.442825
0.700735 0.244587 2.21659
0.982211 0.349351 2.217
0.283007 0.193384 0.340097
0.280784 0.18323 0.34082
0.313585 0.207155 0.384377
-0.0291405 -0.336461 1.59127
1.29805 0.34047 3.35561
-0.373191 -0.0497114 0.589837
-0.0229569 0.0897328 0.457349
0.00103425 0.0137214 0.411025
1.3585 0.0873468 1.70613
1.9991 0.071595 2.12802
0.014287 0.0964944 0.486905
0.152764 0.10433 0.37771
0.191921 0.130981 0.477754
-0.213533 -0.0214125 0.499737
-0.146271 0.0264074 0.417504
-0.00340425 -0.00225676 0.449725
-0.157842 0.0818202 0.395591
-0.345655 -0.0843569 0.528763
-0.260912 -0.0544157 0.487359
-0.124738 -0.156717 1.14459
0.676664 0.329923 1.8741
0.710083 0.353205 1.99206
-0.0601329 0.00907242 0.304576
0.827745 0.28433 1.8362
-0.0803777 -0.0254529 0.402874
0.101275 0.0975729 0.411802
0.104875 0.0935548 0.406183
-0.034821 -0.0120405 0.378343
0.721213 -0.230701 1.5912
-0.28442 0.0796868 0.647739
-0.134817 0.0146234 0.379901
0.499196 0.198254 0.914192
0.0667063 0.0876908 0.457316
-0.114383 -0.0306698 0.423438
-0.0624445 0.0183412 0.407859
0.744517 0.0203104 1.94987
-0.0795181 0.0580886 0.418861
0.685253 0.236916 2.39148
-0.052437 -0.381091 2.29975
0.665037 0.0146253 1.73418
-0.0516179 -0.0226004 1.7738
0.340002 -0.111408 1.75733
0.820421 0.0464186 1.92819
0.841983 0.101412 2.37028
-0.0112109 0.0413659 0.322371
-0.40192 -0.196096 1.35346
1.58447 0.108664 4.21974
0.821564 0.136466 1.94705
0.583865 0.321328 0.855514
0.565086 0.345185 0.850212
0.255099 0.235857 0.764294
0.969144 0.502008 2.93142
-0.0436013 -0.275441 1.56272
0.952923 -0.288308 2.37924
0.856574 0.249454 2.48398
-0.016425 0.0603494 0.414786
-0.225095 -0.030025 0.488939
-0.146409 0.064419 0.409489
0.018541 -0.411117 1.47663
0.711015 0.251877 2.24978
0.760374 -0.167321 2.67501
-0.117505 -0.00401365 0.382385
0.634988 0.213494 2.20456
-0.394415 -0.127317 0.84883
0.391105 -0.124311 2.07749
0.504454 0.296375 0.953507
0.214174 0.166724 0.608745
-0.00753233 -0.313823 0.701741
-0.0578975 -0.235569 1.5074
0.630584 -0.162104 3.39832
-0.125532 -0.1542 1.18719
0.0898416 0.0942513 0.425395
0.603038 0.258395 1.77258
0.206389 -0.259078 4.57005
-0.540014 -0.212653 1.43291
-0.0465787 -0.00147322 0.436656
0.047085 0.0819424 0.459526
-0.309236 -0.0683307 0.54013
-0.0209693 0.0535364 0.403099
0.0688898 0.0807852 0.375281
-0.253273 -0.00738261 0.457376
-0.296911 -0.0701001 0.432782
-0.394807 -0.0805675 1.36861
0.0829027 0.0903113 0.425398
-0.0595261 0.00663585 0.400364
0.00837027 0.104201 0.439823
0.0036547 0.116466 0.448748
0.00439813 0.00691669 0.468225
0.0916453 0.0949939 0.432499
-0.101255 0.0573769 0.445869
0.804102 0.026566 2.10755
-0.119235 -0.00650097 0.427732
-0.075848 0.0301036 0.376641
-0.288707 -0.00505678 0.522958
-0.315995 -0.0716639 0.460806
-0.00818438 0.019474 0.433767
-0.123852 0.0419105 0.354001
-0.191538 0.0178901 0.466944
-0.112521 0.0880416 0.390328
-0.123357 0.0387692 0.288441
-0.129369 0.0606248 0.478572
0.0898124 0.106095 0.458124
-0.119355 0.0458016 0.467159
-0.0508691 0.016155 0.432723
-0.00551331 0.0179386 0.408604
0.0571205 0.0988185 0.550513
-0.0671182 -0.022759 0.483068
-0.0621258 0.0902626 0.358263
-0.132262 0.103606 0.457643
-0.0475863 0.0533391 0.510293
-0.143694 0.00694991 0.430208
-0.0102538 0.0429684 0.433136
-0.0654821 0.0936622 0.36416
-0.162572 0.0131596 0.396964
0.00388431 0.00763478 0.45256
-0.0359069 0.0422371 0.430749
-0.0499912 0.100164 0.44099
-0.0924576 0.00532302 0.374459
-0.122576 0.00388514 0.391389
-0.0795752 0.0304377 0.325968
-0.0551312 0.103539 0.435267
0.834842 -0.108262 1.67814
-0.0899933 -0.0145045 0.377244
-0.0686401 -0.0168541 0.355477
0.0510849 0.0918722 0.477253
-0.198104 -0.0267605 0.458595
-0.0941049 -0.0297444 0.358436
-0.145625 -0.00652767 0.49856
-0.210496 -0.0767888 1.33548
0.0330268 0.0681169 0.419905
-1.03905 -0.424248 2.46383
-0.090053 0.00266331 0.898478
0.0525015 0.157594 0.808963
-0.19311 -0.0565896 0.928599
-0.214315 -0.0378898 0.513092
-0.104535 -0.0718922 1.38446
-0.110244 -0.0307718 0.560422
-0.104908 -0.00896686 0.356349
0.0927652 0.067459 0.30667
0.0681471 0.0577085 0.316884
-0.0313543 -0.0151367 0.292333
-0.121189 -0.00551688 1.01499
0.398176 0.329402 0.86945
0.461053 0.279708 0.782214
0.550934 0.339945 0.939563
-0.454029 -0.146009 1.26268
-0.0737886 0.00401526 0.370932
0.0308921 0.0563057 0.407698
0.555412 0.0895101 1.9892
-0.599636 -0.1804 1.33972
0.727422 0.00266046 1.9967
-0.309368 -0.0828126 1.44353
0.0831911 0.0863111 0.413491
0.137409 1.09476 11.764
-0.108506 -0.0164387 0.354529
0.00606467 0.00652384 0.4346
-0.0252618 0.0742002 0.43472
-0.373863 -0.114303 1.66966
-0.62845 -0.209031 1.75165
0.665217 0.291583 2.02583
0.557164 -0.167892 1.27757
-0.0066149 0.00576343 0.707327
-0.0796146 -0.000480097 0.405502
-0.0929361 -0.0125498 0.392898
-0.0774672 0.000877767 0.409816
-0.0552196 0.054467 0.410389
-0.096452 -0.0302635 0.443545
0.964814 0.26539 2.10486
-0.0375763 0.0194137 0.419189
-0.0217657 0.0780992 0.367644
-0.11582 0.0186856 0.343717
-0.0376677 0.0713875 0.336743
0.266914 -0.373924 4.15706
-0.0753181 0.124233 1.84977
-0.0300186 -0.0295156 1.55359
0.225984 -0.299831 3.32495
-0.14493 -0.0326203 0.503867
-0.0088235 0.0227362 0.457716
0.497485 0.284973 0.907088
-0.105513 -0.00151136 0.346452
0.714976 0.204276 1.94641
0.524249 0.302121 0.957762
-0.117812 -0.0285054 0.408054
0.319135 -0.337779 2.06099
0.378001 -0.0566031 1.3587
-0.108954 0.0102579 0.981243
0.530811 0.395514 0.84577
-0.15437 0.043925 0.420507
-0.180938 -0.0351573 0.447101
-0.104532 0.0378838 0.343109
-0.129339 0.0139877 0.36767
-0.200996 0.0854408 0.556661
-0.168857 0.0729619 0.517244
-0.00358657 -0.00279669 0.439028
-0.0931787 0.035895 0.382989
-0.168729 -0.0161509 0.398734
-0.0205072 -0.0163545 0.314033
0.00433717 0.0144146 0.381434
-0.183806 -0.0239489 0.436354
-0.0546489 -0.0232929 0.520085
-0.107689 -0.00876162 0.331011
-0.0375253 -0.00049598 0.467107
-0.216858 -0.0598884 0.70349
-0.130894 -0.0464911 0.30318
-0.0941629 0.0240666 0.275451
-0.0736507 -0.00542314 0.249272
-0.0411496 0.00857076 0.280168
-0.0583818 0.040179 0.44085
-0.0494197 0.032943 0.271411
-0.110818 0.0629554 0.471835
-0.097569 0.00987939 0.45444
-0.036279 0.0423613 0.467657
-0.0546545 0.0450441 0.362477
-0.140298 0.145763 0.747795
0.113657 0.133866 0.492076
-0.116948 0.030556 0.396352
-0.0384923 -0.0161974 0.426505
-0.096699 -0.0029091 0.197647
-0.260923 -0.0734967 0.580666
-0.177413 -0.0176579 0.421816
-0.136962 0.0544932 0.430483
-0.0486196 0.0845187 0.402247
-0.0242097 0.0352485 0.419117
-0.00704676 0.0363636 0.438707
-0.0238002 0.0914108 0.34034
-0.0926886 0.0747903 0.453233
-0.100102 0.0921272 0.394051
-0.0938117 0.0699349 0.294926
-0.135665 -0.00144603 0.432645
-0.268885 -0.0775782 0.536158
0.276494 0.260609 1.33071
-0.0336372 -0.0181062 0.454573
-0.124545 0.032382 0.426784
-0.29315 -0.0643296 0.907411
-0.11187 0.0166161 0.264199
-0.000551839 0.0107727 0.477964
-0.0808557 0.0181101 0.312408
-0.0118309 -0.00437975 0.383111
-0.0458239 0.0592839 0.436562
0.750044 -0.163645 2.70464
-0.100527 -0.0167924 0.359239
0.0312264 0.0415966 0.25915
-0.210729 -0.0864599 0.750309
0.74515 0.00796501 2.04146
-0.0996554 -0.0186282 0.722916
-0.109927 0.0773137 0.499789
-0.154331 -0.0513078 0.620877
-0.0056268 0.0177297 0.729128
-0.117419 0.0468539 0.377216
-0.234587 -0.0245404 0.564505
-0.145091 0.0352165 0.389917
-0.379955 0.119363 0.861863
-0.137397 0.031406 0.370526
-0.0954013 0.00431051 0.472011
-0.0901043 0.0503509 0.383206
-0.0622334 0.0303942 0.469007
-0.12238 0.0200747 0.362346
-0.0934908 -0.0273346 0.566583
0.780307 0.390177 2.17546
0.306511 0.21379 0.871276
0.0589934 -0.00364699 3.14063
1.04305 0.312765 2.9342
0.650094 0.321247 1.06383
-0.0555507 -0.00731348 0.416474
-0.0691759 -0.0274516 0.36388
0.688542 0.24865 2.42617
-0.210798 -0.0503885 1.27829
1.97668 0.523021 4.89934
-0.0765799 -0.0246832 0.392036
0.154832 -0.175359 2.99715
-0.249584 -0.0473021 1.44735
0.162829 0.54356 4.30679
0.477282 0.266085 0.933332
0.467707 0.063313 1.31513
0.225111 -0.301843 3.31709
-0.232665 -0.0781838 0.530074
1.28174 0.113974 1.69572
-0.109488 -0.297336 2.05934
0.442184 0.171865 0.790795
0.084745 0.104965 0.476052
0.45838 0.249298 0.885141
1.35543 0.13191 1.72275
-0.102483 -0.031253 0.382847
1.16905 0.225965 1.89482
-0.0569431 0.0809127 0.366177
-0.0517923 0.0208563 0.43811
-0.156608 0.0891251 0.428133
-0.151462 -0.0295096 0.375375
-0.141198 0.0732595 0.355823
-0.126438 0.0341872 0.426066
0.0141642 0.114621 0.446295
0.00529944 0.00456037 0.399966
-0.136646 0.056335 0.48972
-0.0375566 0.0530802 0.430168
0.108702 0.0990677 0.425397
0.614202 0.244582 2.16914
0.128157 0.403403 3.1935
0.857096 0.0950432 1.72699
-0.0387138 -0.252219 1.38524
0.532114 0.0937316 0.905058
0.869016 -0.209952 1.92188
0.0660947 0.0857624 0.449517
-0.0818114 0.00591152 0.402449
-0.0918559 0.0472552 0.434392
-0.0564344 0.041776 0.436887
0.21847 0.184405 0.567689
-0.126526 0.0115651 1.17822
0.349709 0.263018 1.01376
-0.0392158 0.0267793 0.387526
0.544794 0.257096 1.51897
0.808557 0.0936495 2.26601
-0.0105369 0.0425656 0.428395
-0.0366694 0.0194465 0.406849
-0.186826 0.0120926 0.53783
0.433103 0.440865 1.91813
-0.232466 -0.0934305 1.44617
0.724682 0.307465 2.19529
0.935459 -0.232432 2.08177
0.0607274 0.0566301 1.1984
-0.0346193 0.00565815 0.403719
0.18343 0.198379 3.80748
0.22878 0.241833 4.62349
0.670548 0.338317 2.10397
-0.300721 -0.113239 1.52485
-0.608183 -0.478179 1.597
-0.0474209 0.0195127 0.420736
-0.0556256 -0.00353185 0.389789
-0.0321281 0.0503141 0.597075
0.449163 0.472094 2.32534
-0.0671876 0.0194096 0.420816
-0.0622925 0.00349149 0.560711
-0.135463 -0.0137672 0.334014
-0.0847398 -0.00194637 0.381819
-0.0334257 -0.0150787 0.409601
0.00774916 0.117402 0.474214
-0.0711286 0.0257728 0.448326
-0.0879192 -0.0126227 0.377783
-0.0718863 0.0185135 0.432412
-0.0667487 0.0195959 0.414245
-0.0604246 0.00555473 0.392323
-0.195535 -0.0054933 0.608548
-0.0973621 -0.0132423 0.411494
1.02713 0.187995 2.21228
0.152335 0.189795 0.858786
-0.0899562 -0.0279617 0.333124
-0.0299257 -0.0112484 0.669311
-0.196714 -0.0371149 0.47975
-0.207725 -0.0237647 0.483654
-0.0475423 0.0226603 0.785258
-0.0480897 -0.00164492 0.570294
0.00301362 0.0122684 0.46171
-0.0832651 0.00657089 0.407813
-0.00480335 0.0195928 0.435792
0.16566 -0.180022 3.17248
-0.0969085 -0.0156798 0.409107
0.128684 0.130834 0.385772
-0.457651 -0.206892 1.55021
0.499642 0.289909 0.944224
0.381547 0.247388 1.05664
0.887452 0.300878 1.98829
-0.0842135 0.00954288 0.897943
-0.0966104 -0.0291139 0.435944
-0.0277314 0.08298 0.304936
-0.160735 0.0979939 0.797737
-0.0405916 0.0448476 0.441266
-0.0339259 -0.00897309 0.414077
-0.105193 0.00638769 0.41746
0.0375765 -0.0549818 0.411731
0.840419 0.103311 2.3574
0.0288396 0.076458 0.495171
-0.241838 -0.0301628 0.520599
-0.100093 -0.0117674 0.406605
-0.0625195 0.0440488 0.42805
-0.284626 -0.0836345 1.36031
-0.236274 -0.0253767 0.542948
-0.0823285 -0.0128636 0.393783
-0.0551399 -0.00712669 0.41809
-0.212254 -0.0243996 0.493675
-0.0647009 0.0459762 0.440278
0.0834207 0.0906468 0.429325
-0.0373892 0.0195669 0.412433
0.0443128 -0.029051 -0.0387769
-0.079592 0.0136828 0.860086
0.0697239 -0.0186567 0.0291012
0.0372528 -0.190338 0.790254
-0.00108467 -0.0191297 0.196666
-0.0359516 -0.00916462 0.376329
-0.0343417 -0.0137324 0.357232
0.658535 -0.144714 0.743497
0.074457 -0.0356169 0.108187
0.163069 0.118809 0.44158
0.853785 0.131191 2.05651
0.79567 0.328541 2.39242
0.736965 -0.29416 2.33127
0.100657 0.125402 0.550867
-0.0239325 0.0348179 0.416845
-0.0934896 0.0533886 0.41832
-0.0421209 0.0462012 0.453421
-0.0967475 0.0364397 0.35927
-0.00906777 0.0272759 0.444765
-0.0807965 -0.0329988 0.423478
-0.0181297 0.0715925 0.522551
-0.154883 0.0326609 0.422489
-0.154297 0.0571394 0.417173
-0.1444 0.107297 0.452127
-0.0923241 0.0689296 0.417091
-0.0599445 0.0368739 0.477199
-0.10788 0.0162894 0.320938
-0.0348716 0.0854534 0.472403
-0.155282 0.00315089 0.485069
-0.0420655 0.0292426 0.337488
-0.0560116 0.0257615 0.457081
-0.0995656 -0.0317839 0.394291
-0.0368671 0.135734 0.677107
0.0305294 0.0709007 0.455164
-0.0752935 -0.0166164 0.337786
-0.0563662 0.00634979 0.387705
-0.070342 -0.016049 0.548233
-0.112619 -0.028647 0.582562
-0.0541165 0.0412833 0.422683
-0.0214585 0.065529 0.434222
-0.0202826 0.0572271 0.326444
0.0996982 0.109774 0.419537
-0.101341 0.0119901 0.43663
-0.063195 0.0452652 0.433766
-0.0904452 -0.0153615 0.375225
-0.148231 -0.0115037 0.563975
-0.100749 -0.0147735 0.401607
0.344523 0.182407 0.457397
0.759928 -0.132891 0.822183
0.749995 -0.156826 0.842629
0.0969238 0.101824 0.421539
0.758056 -0.159512 0.851724
0.195291 -0.328441 2.48274
0.348396 0.279401 0.73123
0.729716 0.405302 1.04441
0.28961 0.174454 0.312195
0.276184 0.164523 0.309577
0.81791 0.387378 1.19299
-0.508367 -0.166965 1.18187
-0.110833 -0.382595 0.816511
-0.490778 -0.188883 1.25933
-0.0992557 -0.0280352 0.399701
0.448917 0.479197 2.33982
0.36653 0.314189 1.18116
0.667374 0.251131 1.96195
1.41596 0.142128 1.82828
-0.250539 -0.0466896 0.458367
0.683342 0.0648892 1.62216
-0.189604 -0.0732484 0.4632
-0.392721 -0.191558 1.19216
-0.259411 -0.0383414 0.395803
0.862934 0.385341 2.36954
0.0886485 0.101077 0.465484
0.518906 -0.207087 1.25892
-0.170027 -0.015743 0.449374
-0.731758 -0.26073 1.6667
-1.13494 -1.29072 2.73994
0.0280187 0.0629328 0.398516
-0.0869612 -0.0973224 0.186412
-0.24758 -0.0396368 0.495436
-0.36624 -0.0984441 1.05415
-0.576464 -0.161882 1.25395
-0.241743 -0.0399172 0.479853
-0.263155 -0.0470848 0.482215
-0.0790153 -0.00667126 0.508687
-0.560378 -0.174138 1.22821
-2.21653 -1.58033 5.73787
-0.576233 -0.209865 1.30335
-0.0780149 -0.293223 0.613209
0.450983 0.255299 0.61868
0.766236 0.0290367 1.00627
-0.00624227 0.0170855 0.428773
0.979249 0.0608406 1.20624
-0.0450521 -0.032157 1.07915
-0.437001 -0.0954904 1.73797
0.626212 0.213769 2.17057
0.03181 -0.393759 0.964181
0.0271332 -0.320078 0.546219
0.552305 0.319389 0.999948
0.871592 0.00981109 1.03717
-0.0661502 -0.0168107 2.59694
-0.204141 -0.0735696 1.33232
0.0723697 -0.56925 1.56663
0.493041 0.291004 0.916798
-0.0187842 0.0298331 0.4023
-0.0849372 -0.00908718 0.374415
-0.0977275 -0.0266847 0.360099
-0.11033 -0.0326336 0.390827
0.776984 -0.0836453 2.30794
0.79198 0.00685337 1.05013
0.503047 0.520881 2.38137
0.756474 -0.0815886 2.23968
0.839244 -0.17403 0.963528
0.679407 0.406209 0.946282
-0.0463421 -0.0105783 0.322016
-0.06011 -0.00890432 0.376103
0.418143 0.285422 0.534799
0.308168 0.18635 0.35431
-0.0334619 -0.000153126 0.430815
-0.230497 -0.126912 0.833853
-0.000917685 0.009435 0.434153
-0.0501722 -0.00752057 0.479533
0.782502 0.0270537 1.03232
0.0470139 0.106175 0.571165
0.742874 0.0242549 0.926009
-0.0950445 -0.0144545 0.320114
0.0474673 0.0808636 0.451896
-0.0921953 -0.00365235 0.312743
-0.148248 -0.0140941 0.354325
-0.106392 -0.0162332 0.348928
0.425469 -0.149797 0.921432
0.265368 0.237459 0.706705
-0.0111908 0.0413068 0.434953
0.11078 -0.0421798 0.342264
0.0352507 0.0791161 0.485793
-0.558307 -0.143615 1.45116
0.510843 0.305521 0.942995
-0.0457588 -0.00239113 0.429167
-0.487292 -0.160813 1.32
0.605178 -0.227552 1.41403
-0.120842 -0.00433895 0.368829
-0.101154 -0.00457553 0.570664
-0.418539 -0.16614 1.06266
0.203768 0.169797 0.53043
0.0346054 0.0682079 0.43733
-0.168273 0.00374581 0.365048
-0.586475 -0.181152 1.27019
-0.549289 -0.427053 1.42523
-0.414696 -0.0937945 0.919201
-0.284169 -0.0592439 0.489353
-0.304076 -0.0618194 0.52065
-0.297068 -0.0633167 0.412912
0.769911 0.0943701 1.8001
0.102447 0.096417 0.412887
-0.00520301 -0.328459 1.49613
0.236337 -0.416368 3.20804
0.306342 0.184191 0.347627
0.547888 0.102507 0.930103
0.376164 0.236988 0.753605
-0.203447 -0.0738929 1.34773
-0.222867 -0.0790192 1.40473
0.878779 0.101527 1.778
0.736774 -0.18196 1.60171
0.689553 0.245242 2.29569
0.542 0.596345 3.13637
0.567524 -0.225037 1.37777
-0.0205758 0.0832345 0.425565
0.236541 -0.0429498 0.266336
0.171627 0.13776 0.440862
0.200733 0.158033 0.550229
0.134274 0.104034 0.367951
0.0660604 0.0820885 0.430691
0.322748 0.223484 0.927
0.99018 0.497118 3.12631
0.169558 0.292073 4.23848
-0.327047 -1.03821 2.45148
-0.30841 -0.00868936 1.58441
-0.159069 -0.0423471 0.75476
-0.151413 -0.01996 0.99287
0.0725405 -0.599787 1.66474
-0.0374374 -0.0309542 1.14228
0.375947 0.381027 1.9977
0.197804 -0.323881 2.48697
-0.0651749 -0.00885753 0.387771
-0.407843 -0.0787973 1.41382
-0.0999874 -0.0217493 0.349808
-0.0627689 -0.000193704 0.37561
0.862255 -0.0395865 1.10331
1.24415 0.0800987 1.55166
-0.296924 -0.0769487 1.20447
-0.056723 -0.0112804 0.375217
-0.59443 -0.343319 1.20305
1.08909 0.205823 1.75971
0.0840841 0.0926792 0.43319
0.0840528 0.0922331 0.430944
-0.269702 -0.0403275 0.514577
-0.0320244 0.0464918 0.336165
-0.288004 -0.0305048 0.508495
-0.294556 -0.0298526 0.467132
-0.0286834 -0.00054522 0.419912
1.09417 0.214381 1.76351
-0.147369 -0.504257 1.12649
-0.000844936 0.116363 0.433636
1.1948 -0.191042 2.05326
0.301202 0.296344 0.957769
0.0364062 -0.0907984 0.395204
0.313943 0.214523 0.904293
-0.0952371 -0.00563292 0.365212
-0.549613 -0.168814 1.50646
0.557116 0.464511 1.08535
-0.15776 -0.133549 2.50618
0.268234 0.168757 0.315383
0.0478291 -0.261477 0.447967
-0.316942 -0.0682543 0.491867
0.658227 -0.175595 1.44385
0.000593907 -0.160981 0.319319
0.00705092 0.0166815 0.43204
0.143263 0.105126 0.37489
0.152936 0.124361 0.426573
-0.286599 -0.108934 0.656944
-0.378133 -0.307188 0.838506
-0.0183564 0.0781643 0.406865
-0.341077 -0.173739 1.16083
0.153823 0.119441 0.369064
-0.0993101 -0.0856094 0.17439
-0.31261 -0.0412098 0.445354
-0.192418 -0.038155 0.391578
-0.647774 -0.179172 1.73798
-0.558949 -0.148319 1.19825
-0.00378203 0.0160057 0.424043
-0.247036 -0.0312099 0.43758
-0.639186 -0.234246 1.18772
-0.266506 -0.0409986 0.459921
0.00911904 0.10702 0.430577
0.165363 0.124764 0.458605
0.469476 0.276944 0.741533
0.300917 0.179848 0.340922
0.115237 0.033378 0.187655
0.284805 0.182985 0.339448
0.0767115 -0.0275072 -0.00587454
-0.314529 -0.11161 1.56875
0.43726 0.469174 2.53808
0.577575 0.177945 1.86491
0.162106 0.119328 0.45593
0.457566 0.466561 2.10131
0.108684 0.163432 0.715557
0.110574 0.124408 0.484318
-0.0957417 0.0288897 0.472195
-0.107758 -0.000728207 0.335541
-0.133697 -0.0120185 0.33502
-0.270802 -0.0388272 0.41419
-0.353025 -0.0420388 0.545093
0.323049 0.321988 1.02299
0.418471 0.280166 0.84627
0.0945596 0.0999584 0.444759
-0.136697 0.0249627 0.39761
-0.113765 0.0523488 0.429382
-0.133348 0.023758 0.388081
-0.159498 0.00570684 0.350043
0.724796 -0.172837 1.54028
-0.554358 -0.20476 1.23813
-0.074918 0.029263 0.375755
-0.232539 -0.0464539 0.424874
-0.0570246 0.0544359 0.408223
-0.281751 -0.03306 0.536766
-0.0810242 0.0330599 0.404553
0.0321488 0.0804353 0.497332
0.0393603 0.0597166 0.359354
-0.223126 -0.0222596 0.500525
-0.164545 -0.0118851 0.401367
0.0799416 0.101862 0.4417
-0.0692333 0.0255851 0.352848
-0.0397622 0.0628457 0.415165
-0.127611 0.0058638 0.39889
-0.246083 -0.0114666 0.432009
-0.222451 -0.00921412 0.398402
-0.0397939 0.0622489 0.414626
0.124549 0.123635 0.367525
-0.103408 -0.00422149 0.393868
0.0309318 0.0827601 0.513484
-0.235003 -0.0346264 0.459748
7.48863 3.82695 10.9327
1.08854 0.24473 1.60932
3.93846 1.7687 15.0551
0.149381 0.127987 0.438011
-0.237089 -0.0297089 0.514342
-0.0900243 -0.0292701 0.328972
-0.243851 -0.065986 1.03122
-0.324913 -0.0759568 1.309
0.101493 0.117242 0.430657
-0.0958 0.0166652 0.381856
0.00415731 0.00608193 0.417817
-0.0765749 0.0109239 0.36649
-0.081115 0.014317 0.382881
-0.204454 -0.0299606 0.450634
-0.215538 -0.0235927 0.494688
-0.208767 -0.0362063 0.5085
-0.0862549 0.00397149 0.323879
-0.388691 -0.0486871 0.896475
-0.378987 -0.121566 0.850008
-0.0734525 0.0149179 0.396133
0.722554 0.245805 1.58522
-0.0622361 0.00948701 0.308174
0.00266151 0.11359 0.42622
-0.0829806 0.0612156 0.432971
0.061977 0.051063 0.260842
-0.280908 -0.0307075 0.431815
-0.310513 -0.106076 0.448143
1.43195 0.683537 2.77973
-0.1555 -0.0117984 0.380701
-0.168042 -0.0627466 0.657736
0.0673579 0.0874629 0.44943
-0.0394855 0.0636875 0.415134
-0.116493 -0.023013 0.372864
-0.0562928 -0.0116856 0.369619
-0.471318 -0.197531 1.20589
-0.0253135 0.0723567 0.429336
-0.120033 0.0305343 0.398162
0.152866 0.106458 0.376941
-0.0960389 -0.0233098 0.335815
-0.310408 -0.0379173 0.609788
-0.10736 0.0106146 0.378327
0.013023 -0.0252339 -0.0232308
-0.0406126 -0.00363224 0.401166
-0.177705 -0.0697771 0.486011
-0.245751 -0.0150046 0.722573
0.0282963 0.0782789 0.374958
-0.28585 -0.0224917 0.442353
0.122166 0.122661 0.35772
-0.148005 0.0028121 0.549149
-0.135607 -0.0196263 0.518769
-0.360343 -0.147192 0.930246
-0.236737 -0.0233658 0.362896
-0.353619 -0.0711644 0.527431
-0.094987 0.00541474 0.336427
0.0972056 0.112125 0.414782
-0.26758 -0.0445491 0.467105
-0.471802 -0.138631 1.0539
-0.59421 -0.226335 1.38959
-0.206898 -0.0531731 0.475138
-0.729166 -0.212298 1.52375
-0.0629478 -0.0633859 0.0877525
-0.473925 -0.187876 1.25859
-0.0776749 -0.0636232 0.185667
0.409857 0.369701 2.1622
-0.0304022 -0.037159 0.051377
-0.0628204 -0.0627231 0.0767134
-0.393759 -0.167203 1.08052
-0.10628 0.0212102 0.543098
-0.269027 -0.0179139 0.456168
-0.141461 -0.00649111 0.34244
-0.247046 -0.0194245 0.419939
-0.267969 -0.0184017 0.454261
-0.650651 -0.363657 1.29043
-0.0514079 0.126418 0.691984
-0.0233354 0.0604745 0.421707
-0.13001 0.023271 0.378425
-0.118758 0.030165 0.394222
-0.183403 0.480247 2.25976
0.0780605 -0.131403 0.57822
-0.909502 -0.250371 1.47417
0.0987956 0.110905 0.486723
-0.179439 -0.0331382 1.04543
-0.0900514 -0.0305652 0.364758
-0.207778 -0.0215974 1.03445
-0.0682542 0.0130447 0.373838
-0.0885186 -0.0395724 0.32237
-0.0674736 0.000544189 0.408599
0.332213 0.232611 0.971486
-0.0667422 0.0156103 0.36578
-0.106605 -0.0137108 0.349249
-0.0621239 -0.00820189 0.378906
1.02138 -0.0389127 1.31537
0.383828 0.215662 0.547377
-0.0713256 0.0140417 0.386797
0.0493995 0.083962 0.452826
-0.194589 -0.0326392 0.766718
-0.0764785 -0.0279512 0.315409
-0.0931359 -0.0396068 0.332695
-0.144976 -0.012471 0.448829
-0.00361728 0.0157596 0.417809
-0.134636 -0.0157343 0.567721
-0.0298031 -0.0161327 0.34958
-0.00581406 0.0313329 0.424095
0.0838451 0.062762 0.275745
0.102077 0.089711 0.386912
-0.0782767 -0.0156867 0.675497
-0.15973 -0.0161548 1.0165
-0.0249857 0.066649 0.963722
-0.0820067 -0.00370629 0.602867
-0.0881967 0.087034 2.41175
-0.062338 -0.00809846 0.379759
-0.122693 -0.36484 0.767143
-0.148444 -0.0315659 0.508895
0.732718 -0.224624 2.55194
0.0674424 0.0916087 0.471679
-0.0137486 0.0451547 0.462366
-0.102621 -0.0294834 0.369582
-0.0959585 -0.022942 0.333378
-0.359567 -0.0828022 0.593501
0.115467 -0.0412982 0.366413
-0.113364 -0.0237073 0.36244
-0.0933726 -0.0314535 0.340754
-0.356502 -0.0645094 1.39721
0.0279984 0.0669205 0.428314
0.56598 -0.123474 0.618942
-0.0762261 -0.0270235 0.369644
-0.220603 -0.023538 0.508721
-0.0840343 -0.0157348 0.417703
0.216101 0.187207 0.594156
-0.224078 -0.0351829 0.541645
1.3898 0.137291 1.83749
-0.18895 -0.0351859 0.462327
-0.097656 -0.0232073 0.337341
0.0359648 0.07825 0.435293
-0.0119224 0.0584484 0.463299
-0.110138 -0.463675 1.04901
0.102583 0.109338 0.436538
0.158217 0.139 0.481134
0.0699354 0.0985579 0.430015
-0.110115 -0.0257117 0.400469
0.0217999 0.067657 0.407047
-0.104733 -0.0256875 0.376876
0.0805489 0.0856073 0.401131
-0.0861596 -0.0228967 0.421931
-0.525212 -0.121452 1.05461
-0.0788367 -0.282474 1.67279
0.385063 0.0757389 1.40391
-0.596 -0.210249 1.33265
0.0610429 0.000956036 2.50371
-0.142854 -0.0494332 0.560327
-0.211678 -0.0329482 0.43909
-0.517745 -0.159012 1.16568
-0.100146 0.0140563 0.380896
0.0546486 -0.502306 1.59664
-0.162026 -0.0389793 0.354666
0.098726 -0.314519 0.542263
-0.00896961 0.0114302 0.427222
-0.281361 -0.231729 0.612995
-0.180145 -0.0197153 0.380026
0.0243939 0.110742 0.460106
-0.290227 -0.066763 0.507403
-0.314092 -0.0424181 0.446353
-0.284395 -0.0224417 0.442191
-0.32564 -0.108165 0.473838
-0.0545296 0.0929811 0.46726
0.0303373 -0.332461 1.18837
0.0677416 -0.107016 0.433107
0.114542 0.100063 0.743619
-0.0503906 -0.203815 1.3783
-0.0536247 0.0441732 2.79636
-2.41256 0.417952 13.1532
2.94452 1.44146 8.38792
0.518546 0.578439 2.99401
-0.132333 0.0221891 1.20212
-0.116259 0.0217385 0.457039
-0.0961783 0.00379329 0.355506
0.172627 0.134081 0.434828
0.198241 0.156579 0.545207
-0.0886756 -0.0299698 0.324551
-0.171722 -0.18749 1.55178
-0.210042 -0.032914 0.51558
-0.0809264 0.00573646 0.795097
-0.153814 -0.0203997 0.319078
-0.117775 -0.0436769 0.419416
0.0367163 0.0697529 0.43258
-0.148075 -0.0258976 0.713933
-0.0740306 -0.0262208 0.367622
-0.0776557 -0.0237043 0.389496
-0.0766646 0.0240943 0.380529
-0.153514 -0.0209643 0.318581
-0.133027 -0.0127415 0.332331
-0.1128 -0.00282058 0.354043
0.0813643 0.102191 0.439264
-0.109635 0.00730766 0.40071
-0.105268 0.0207175 0.433456
-0.0246145 0.0609658 0.432318
0.0350747 0.0794257 0.453513
-0.0716002 0.015906 0.383363
-0.117027 -0.00851609 0.288053
-0.0608156 0.0176101 0.325208
-0.11156 0.00735824 0.454155
-0.118297 0.0019475 0.364155
1.01248 0.168425 2.3923
-0.357025 -0.180909 1.21579
-0.210892 -0.0192431 0.60905
-0.0731139 -0.017008 0.373124
0.978674 0.272542 1.01853
-0.0886526 -0.0388304 0.315924
0.275746 0.18251 0.330199
0.477851 0.520179 2.73905
0.323901 0.196855 0.331182
0.0886544 0.0852136 0.326404
0.73682 0.286647 2.13924
0.305881 0.199107 0.356778
1.27751 0.16373 1.30528
0.953084 0.303203 0.863143
0.842891 0.308191 0.831231
0.150365 0.143952 0.394723
0.744164 0.409108 0.817034
0.0839558 0.0766809 0.321426
-0.349492 -0.172953 1.21994
-0.0353506 -0.0112603 0.43742
-0.0784057 -0.303396 0.656072
-0.087603 -0.00925696 0.465586
-0.044092 -0.197058 0.381226
-0.0242273 -0.0148397 0.355534
-0.278573 -0.0957511 0.721308
-0.555519 -0.573385 1.51753
0.00328398 0.0117657 0.431719
-0.673122 -0.252276 1.54561
-0.110396 -0.370141 0.803187
-0.0190504 -0.000822788 0.350736
-0.467864 -0.175185 1.22967
0.100273 0.0944451 0.401077
-0.323687 -0.0781935 0.531013
-1.12796 -0.607194 2.23894
-0.252206 0.00146359 0.460651
-0.35029 -0.0887668 0.712069
-0.0113253 -0.0187165 0.224775
0.860357 0.287223 0.763522
-0.26821 -0.104353 1.36393
-0.63702 -0.160865 1.37484
-0.220264 -0.0631611 1.4487
-0.179122 0.0236605 1.43052
0.825245 -0.186333 1.72442
-0.13949 -0.00622347 0.338328
-0.178784 -0.0476229 0.298325
-0.184955 -0.00972799 0.425572
0.285634 0.195324 0.291191
0.932412 -0.138172 1.86761
-0.0812557 0.0854654 2.47512
-1.04365 -0.483054 1.94652
-0.524803 -0.208531 1.18069
0.598743 0.045611 1.30482
-0.081052 -0.0229826 0.353619
0.0418173 -0.325457 0.979408
-0.37632 -0.17218 1.30978
-0.0928539 -0.0255477 0.336634
0.037534 -0.453278 1.11612
0.321745 0.189178 0.322861
1.45406 0.134486 1.87788
0.348105 0.223411 0.349252
-0.0402177 0.0295418 0.421987
0.411573 0.28323 0.532483
0.58648 0.15299 1.25266
0.303805 0.199191 0.295749
-0.0152849 0.0417065 0.502339
0.164045 0.140863 0.477181
0.118526 0.119344 0.47556
-0.398517 -0.128998 1.3099
-0.358608 -0.0806917 0.786504
-0.277171 -0.0918151 0.596331
-0.0219198 0.0586584 1.12003
-0.0309373 0.00146528 0.444233
0.297371 0.180529 0.330959
-0.0394582 -0.0544063 0.780675
0.0586462 -0.0334048 0.00844055
0.0459383 -0.0261333 -0.000869406
0.0315784 -0.0344136 0.0991255
0.0801902 -0.00705978 0.00756868
0.695728 0.0164665 1.35949
-0.00151862 -0.14614 0.693329
-0.138891 -0.0520559 0.963024
-0.460767 -0.162901 1.06826
-0.575178 -0.176923 1.2509
-0.467184 -0.151579 1.08972
0.197176 0.150165 0.547458
-0.213723 -0.0454306 0.503232
-0.571679 -0.166254 1.20105
0.0452279 -0.0266799 -0.0231269
-0.0958707 -0.0689329 1.20978
-0.0112993 -0.167307 0.820279
0.597799 0.375457 1.45409
-0.0624797 0.0019231 0.617236
0.046044 -0.258773 0.440992
-0.144841 -0.160692 1.21507
-0.0644609 -0.0196611 0.150853
0.0850819 0.114729 0.518665
0.0357971 0.0768913 0.430952
-0.548805 -0.172425 1.19317
-0.354035 -0.118631 1.16414
0.070177 0.100671 0.442846
-0.397111 -0.0979161 0.787247
-0.0607369 -0.0103613 0.368601
-0.00665211 -0.049457 0.0414974
0.097446 -0.134346 0.629342
-0.107887 -0.0214998 0.508603
0.624549 0.738376 3.66674
0.661963 0.231169 2.28467
0.761363 -0.155676 0.839551
0.109462 0.0991149 0.425563
0.215663 0.17423 0.57304
0.33375 0.238374 0.399812
0.323894 0.215792 0.373979
0.304634 0.212201 0.356856
0.5731 0.436236 0.918334
2.37996 0.688402 3.11744
-0.0560198 -0.0296048 0.226577
0.691896 0.37628 0.754183
-0.0306009 0.000734515 0.433434
0.41437 0.271228 0.497828
0.193379 0.158364 0.49377
0.356194 0.229986 0.413189
2.28283 0.657396 2.95715
0.532727 0.414313 0.709282
0.28992 0.185312 0.31034
0.276477 0.191556 0.305173
0.300903 0.208098 0.300153
0.300435 0.189516 0.318586
0.294685 0.205446 0.295963
0.940541 0.252222 0.909876
0.874356 0.488443 1.01521
0.350082 0.252795 0.465046
-0.0689641 0.0221371 0.36504
0.586489 0.360082 0.905079
-0.222709 -0.0459387 0.528246
-0.0764793 -0.0158058 0.407904
-0.0145957 0.0510935 0.466218
-0.0131911 -0.0248442 0.095091
0.140878 0.152599 0.440037
-0.233514 0.0203677 0.577565
-0.148366 0.0608801 0.465271
-0.397021 -0.154154 1.04637
-0.109258 0.0724207 0.445688
0.680179 -0.00190576 0.882463
0.159832 0.112653 0.407855
0.147253 0.167025 0.670241
0.90331 -0.125667 1.81727
0.662968 0.330089 2.03381
1.56533 0.680282 4.94974
-0.0672521 -0.0147362 0.389181
0.633011 0.147586 1.32987
-0.0399046 0.0282061 0.42369
-0.483595 -0.373305 1.04188
-0.0958444 -0.0190892 0.395985
0.0392412 -0.0359895 0.0187864
0.253425 0.1291 0.220493
0.111135 -0.0477351 0.129964
0.289291 0.127602 0.350007
-0.242038 -0.136824 0.457561
-0.531925 -0.197543 0.995211
0.568533 0.10443 0.953564
-0.170687 -0.0115763 0.51981
0.561409 0.0713064 2.06449
0.333467 0.129443 0.372141
0.0887684 0.612678 5.20203
-0.140846 0.0101067 0.424626
-0.334128 -0.136572 0.772576
0.155076 -0.376747 1.95364
0.630535 -0.213647 1.42392
-0.334844 -0.115687 1.10514
-0.061557 -0.0104162 0.403004
-0.308207 -0.0787226 0.444105
0.0291211 0.076497 0.471869
0.166651 0.149069 0.517901
0.0454931 0.0621591 0.366304
-0.156329 -0.0777492 0.837312
0.267668 0.112507 0.314452
0.445378 0.147584 0.791815
0.535578 0.116275 0.620435
0.046105 -0.0170005 0.0540068
0.147768 -0.479904 2.4983
0.386851 0.319791 0.726256
0.536382 0.29067 1.74249
0.478533 0.407218 0.895325
0.0949037 0.408391 3.38081
0.568231 0.323245 0.649757
0.748769 0.182941 2.81039
0.496914 0.36684 0.76335
-0.166475 -0.0193665 0.929986
-0.268272 -0.0960884 1.25321
1.05629 0.342471 3.17338
0.913527 0.240883 0.94664
0.889229 0.102579 2.4819
0.403767 0.38279 0.933123
-0.0648971 -0.0221122 0.241462
-0.00690162 -0.41429 1.91375
-0.0170688 0.0624745 0.407487
-0.172155 -0.179749 1.40632
-0.0620609 -0.00124514 0.386997
0.0945407 0.100408 0.447045
0.0647377 -0.484929 1.28771
-0.120251 0.00624756 0.376744
-0.478553 -0.18389 1.22205
0.496442 0.26585 0.717503
0.687829 0.16087 0.807769
0.668803 -0.0770934 2.48136
0.0575849 -0.0299474 0.00965315
0.0684241 -0.0223912 -0.0222771
0.068519 -0.0220263 -0.0182054
0.065743 -0.0216575 -0.0230641
0.0706548 -0.0226038 -0.0299183
0.301036 0.151427 0.55199
0.150843 0.142112 0.39307
0.0145373 0.110777 0.430578
-0.190746 -0.0100719 0.451145
0.15231 0.116509 0.364353
-0.122556 0.0410106 0.386657
0.278285 0.148305 0.617922
0.0832187 0.0111212 0.101691
0.0842913 -0.00314452 0.00818828
0.185588 -0.0104098 0.318195
0.842909 0.450316 1.43923
0.244781 -0.164938 1.02282
0.0964136 -0.292343 0.50058
0.396451 0.198059 0.504048
0.0466267 0.0826389 0.458783
0.0864699 0.0981187 0.4522
0.0533605 0.00789509 1.98503
-0.0933375 0.0866438 4.37639
0.861424 0.0365141 1.15019
0.0823314 0.310167 2.62493
0.550768 0.551707 1.32092
0.392873 0.395375 1.01603
0.464308 0.400402 0.910143
0.922354 0.00572784 1.17414
0.428225 0.35968 0.929818
-0.602176 -0.214621 1.55955
0.92299 -0.0433053 1.21222
0.425368 0.357383 0.931786
1.6421 0.0535053 1.75824
1.00724 0.768572 1.42693
0.745071 -0.000947068 0.92813
1.80525 0.472532 2.11468
0.391124 0.325453 0.738699
-0.132958 -0.027765 2.66171
0.11021 0.108231 0.431961
0.977245 0.543923 0.954144
-0.0346805 0.0250546 0.392625
-0.0955175 -0.389194 0.851669
0.0455187 -0.22844 0.377969
0.461825 0.364103 0.787318
0.0961967 -0.29614 0.523352
0.158946 0.110718 0.396112
-0.0894354 -0.291198 0.589597
1.63387 0.794375 1.99945
0.343367 0.252048 0.994351
-0.0700305 0.00532767 3.35262
0.495038 0.208673 0.91564
0.0606418 -0.023659 -0.0294298
0.0890645 0.00702929 0.0729616
0.0968988 0.0117746 0.00921546
0.0748488 -0.00363557 0.0437982
0.0640333 -0.0259095 -0.0340662
0.0704568 -0.0171594 -0.026173
0.0790506 -0.232332 0.373476
0.081961 -0.00117117 0.0569938
0.650138 0.317613 0.744244
0.0764275 -0.0107282 -0.00626563
0.496592 0.265381 0.792871
0.526005 0.28321 0.839886
0.00732194 1.49698e-05 0.26366
0.105505 0.00723944 0.0354814
-0.0895241 -0.0613099 0.5476
0.0640003 -0.0197955 -0.0102521
0.149841 -0.0282881 0.0524543
1.00902 0.0705009 2.36406
0.0727085 -0.0280829 -0.0223756
0.285747 0.00402683 0.5425
0.306439 0.0370626 0.476479
0.151633 -0.0284195 0.0542386
0.0682727 -0.0226167 -0.026399
0.0657079 -0.0216613 -0.0337894
0.0604259 -0.0271308 -0.0263274
0.0766563 -0.0141512 -0.0133345
0.857681 0.156938 2.54374
0.386034 0.255918 0.888725
0.659038 -0.145747 2.27776
0.247092 0.108281 0.257624
0.0587542 -0.0252562 -0.0213225
0.314361 0.172754 0.561471
0.0536331 -0.0309366 -0.0228383
0.0687499 -0.0255519 -0.0289944
0.292379 0.155801 0.428061
0.251428 0.143664 0.512873
-0.001665 0.0345401 0.390321
-0.18881 -0.0120697 0.339322
-0.147908 0.0140597 0.342132
0.0197842 -0.0261119 -0.0377409
-0.100413 -0.0428069 0.490762
-0.221133 -0.0461332 0.285058
-0.0812975 -0.0312982 0.107274
0.109866 0.10148 0.432613
-0.240179 -0.0332314 0.50827
-0.0868981 0.0634169 0.447736
0.0177399 -0.0282198 0.021532
-0.123764 0.0209483 0.361132
-0.318763 -0.143883 1.08356
0.881826 0.484993 1.04278
0.940822 0.505128 0.923392
0.755502 0.418519 0.827305
0.174656 0.129457 0.454249
0.627682 0.369954 0.830564
0.299685 0.199135 0.300698
0.285808 0.0395037 0.357219
0.71012 0.42023 0.849036
0.187722 0.0136585 0.202995
0.290488 0.204191 0.357704
0.295105 0.188219 0.318407
0.276098 0.214499 0.319845
0.282988 0.212089 0.291773
0.750693 0.40249 0.837824
0.884863 0.234949 0.854928
0.885277 0.315779 0.86969
0.830821 0.431706 0.881552
1.01907 0.32503 0.925218
0.861609 0.448844 0.918041
0.27047 0.20186 0.311603
1.28119 0.331458 1.46957
0.940674 0.29541 0.843465
-0.0323409 0.00224717 0.443619
0.335372 -0.113678 1.08093
1.01579 0.202819 2.18336
0.173931 -0.212491 2.84242
0.306087 -0.503014 2.85946
0.465899 -0.0946275 2.07271
0.273174 0.143554 0.244743
-0.556522 -0.44314 1.48087
0.112723 0.0836958 0.293806
-0.410732 -0.198492 1.23564
0.00444682 0.00700311 0.445137
0.265283 0.135667 0.227604
0.15991 -0.00561486 0.322957
0.0281308 -0.242066 0.383736
0.282267 0.145668 0.237475
0.0446319 -0.256391 0.436067
0.590748 0.362949 1.43458
0.647594 0.32816 0.61133
0.0429603 -0.0281393 -0.0128991
0.854161 0.0861116 1.72566
-0.198081 0.0135279 0.416832
-0.0624292 -0.0310154 0.0809985
0.0851157 0.11001 0.46569
0.000304362 0.0174478 0.409195
-0.0110946 0.0436499 0.491572
0.282177 0.1961 0.300378
0.316378 0.205828 0.303613
0.305787 0.202563 0.308764
0.0691217 -0.0156306 -0.00755489
0.69886 0.525178 0.981108
0.329071 0.219068 0.320366
-0.198315 -0.0778892 0.960031
0.430407 0.350445 0.898593
1.84372 0.399336 2.02586
0.126602 0.137715 0.373748
0.821207 0.423263 0.979131
0.314483 0.210454 0.312014
0.0593211 -0.0253852 -0.000588266
0.856017 0.297942 0.832869
-0.00948207 0.0427981 0.41655
0.592625 0.170525 0.487951
0.294652 0.201416 0.29127
0.746162 0.369197 2.05374
0.829354 0.323831 0.823903
0.78173 0.409078 0.820958
0.771328 0.238542 0.656325
0.304046 0.18633 0.291104
0.615171 0.350302 0.729793
0.288937 0.193161 0.303376
0.70725 0.416325 0.89571
0.291534 0.202583 0.268031
0.675001 0.412923 0.790339
0.283652 0.205841 0.309571
0.294779 0.206558 0.26939
0.276377 0.216923 0.310633
0.406862 0.301572 0.557261
0.151377 0.145735 0.395943
-0.390025 -0.0875245 1.55859
-0.16591 -0.551846 1.25049
0.203708 0.183786 0.615712
0.233726 -0.00816062 0.511432
0.045579 -0.233082 0.387795
0.0488394 -0.0277545 -0.0315367
-0.395836 -0.187419 1.30866
0.0550325 -0.235148 0.560341
0.405394 -0.0495474 0.276644
0.0365692 -0.138126 0.384508
0.071061 -0.0117279 -0.00714952
0.0691619 -0.0203011 -0.0236463
0.0755996 -0.0249611 -0.00998235
0.51811 -0.101489 2.27229
0.0755575 -0.0250115 -0.0102323
0.607131 -0.239072 1.494
0.737644 0.00852452 0.734675
-0.107442 -0.0593072 0.699961
0.658422 -0.0487775 0.515802
0.284013 0.161206 0.512359
0.740142 0.228128 0.653865
0.735343 0.398601 0.836288
0.607727 0.386056 1.47894
0.448942 0.231261 0.631405
0.800561 -0.288405 2.48064
0.511545 -0.0101735 0.613555
-0.0300146 0.0309296 0.659595
0.0599796 -0.027593 -0.0322191
0.0322327 -0.0669477 0.227706
0.4358 0.24473 0.610862
0.0450572 -0.024908 -0.0102282
0.0860132 -0.000674711 -0.00104945
0.0454305 -0.0366922 -0.00397179
0.0516204 -0.0273305 -0.0224453
-0.0014918 0.000221763 0.299678
0.449604 0.259613 0.859239
1.66313 0.161885 2.16473
0.000444451 -0.0219575 0.16623
-0.0435687 0.0402836 0.808718
0.0641125 -0.0191521 -0.014686
0.0433153 -0.32342 0.574369
0.0362979 -0.132923 0.363917
0.0130908 -0.015642 0.186265
-0.100056 -0.0814311 1.51343
-0.210768 -0.0948033 1.23139
0.240778 0.112176 0.299984
0.0194004 -0.226545 0.374289
0.0911014 0.00583382 0.0495318
0.427083 0.225752 0.460933
0.439653 0.0372129 0.972476
0.342982 0.168029 0.463592
0.412691 -0.042633 0.297687
0.0038444 -0.277328 0.619648
0.0180335 -0.216961 0.457956
-0.0294488 0.0038945 0.445133
0.053596 -0.0252163 -0.0162464
0.471687 0.264397 0.610652
0.80097 -0.0171498 1.04791
-0.00439253 -0.277465 1.17545
-0.128947 -0.178843 1.75981
0.675804 -0.108862 2.50551
0.0617846 -0.027588 -0.00210893
0.106659 -0.0145898 0.198704
0.0147884 -0.292416 1.07037
0.0472249 -0.130757 0.245733
0.0698651 -0.00880831 0.0391136
0.0731211 -0.0325441 0.0770131
0.531275 0.0950485 0.904573
0.135965 0.0186979 0.0351505
-0.181709 -0.0713114 1.21577
0.552008 0.127551 0.52657
0.584233 0.366063 0.967328
0.680634 0.432038 1.13583
0.089119 -0.00811421 0.00374933
0.0682015 -0.0224859 -0.0266489
-0.0205525 -0.00845502 0.352886
-0.0853682 -0.00788011 0.598495
-0.0341899 -0.0861012 0.482458
0.0656305 -0.0271159 0.0085756
0.0601426 -0.0181619 -0.00200714
0.0767757 -0.0199771 0.00225303
0.0717262 -0.0289288 -0.0197785
0.0717265 -0.0289299 -0.0197789
0.0588145 -0.0276346 -0.0288058
0.0574973 -0.0236791 -0.0124509
