0.116551 0.0194923 0.250444
-0.0104652 0.00482207 0.0218546
-0.00629356 0.0052071 0.0201909
-0.0129352 0.0154689 0.0679336
-0.00564462 0.00333527 0.0147896
-0.00931485 -0.00613633 0.0496004
0.0797215 0.0642629 0.251605
-0.0367376 0.0430403 0.192477
-0.00611079 0.00848654 0.0323365
-0.0625532 -0.0280268 0.146176
0.172349 -0.0773655 0.280273
0.167599 -0.0756076 0.2736
-0.00469984 0.00826752 0.0365802
-0.0121155 0.00564903 0.0253637
-0.0137208 0.0154112 0.0689413
0.051697 0.0229767 0.102033
0.0550384 0.0419835 0.191381
0.149565 0.0535012 0.277407
-0.0055894 0.00317247 0.0139359
0.0294107 0.080304 0.352465
0.125642 0.108739 0.460986
0.105738 0.0123536 0.395449
-0.00152063 0.00799104 0.0324421
0.0996331 0.108448 0.417899
0.0726384 -0.0162805 0.383322
0.0833397 0.0742969 0.292676
0.263048 -0.138103 0.978326
0.0108302 0.0108603 0.0417448
-0.00580112 0.00373633 0.016155
-0.0104119 0.0116187 0.051629
0.0973873 0.01834 0.201237
0.0586216 0.0638293 0.215818
0.554831 0.224663 0.840715
0.502101 0.136948 0.753335
0.23852 -0.040481 1.28126
0.240933 -0.014595 0.70103
0.518901 0.101285 0.832454
0.423318 -0.0143606 0.779216
0.333227 -0.0446087 1.10849
0.266108 0.316591 1.02321
0.474828 -0.019433 0.923226
0.441479 0.103269 0.93332
0.583088 0.134674 0.937881
0.583846 0.00340625 0.865964
0.552357 0.476862 1.32091
0.339898 0.176339 0.794538
0.600155 0.23798 0.937346
0.648108 0.30315 1.00641
0.438671 0.303851 0.82765
0.231322 0.0898602 0.531726
1.80429e-05 0.00440868 0.0162233
-0.0129236 0.00728036 0.0329294
0.422716 0.0918751 0.848783
-0.12305 0.0491199 0.190446
0.330319 0.143068 0.527812
0.166626 -0.062841 0.634342
0.384132 -0.0832852 1.0974
0.374217 0.171458 0.754944
0.123411 -0.0689459 0.430176
0.450925 0.0978315 0.785519
0.0879017 -0.0148918 0.396496
0.198071 -0.0446592 0.742814
0.46944 -0.0327143 0.820736
0.118404 0.157572 0.704524
0.141263 0.15685 0.5264
0.189497 -0.0709245 0.716508
0.109055 0.146472 0.651847
0.011927 0.0129783 0.0499579
0.302836 0.02151 0.480298
0.310115 0.178511 0.627682
-0.0686691 0.0506391 0.216546
-0.0133096 0.179865 0.70213
0.654207 0.127565 1.04673
0.280646 0.154697 0.57462
0.391494 0.0807874 0.656385
0.281294 0.0526888 0.464189
0.406166 -0.0757173 0.65633
0.278586 -0.00884113 0.493984
0.479201 -0.0338848 1.07693
0.302561 -0.0174418 0.824689
0.224709 -0.0740475 0.875071
0.369048 -0.0495913 1.07269
0.45712 -0.270983 1.40968
0.185452 0.132807 1.01123
-0.35848 0.13076 0.591907
0.150287 -0.0623871 0.445558
0.176552 -0.0239973 0.51668
0.488287 0.417881 1.57616
0.401008 0.0710486 1.18449
0.460409 0.124772 1.15105
0.194993 -0.0975659 0.582232
0.0702268 -0.0235144 0.322894
0.173258 0.118725 0.462453
0.37824 -0.0141669 0.716972
0.0852599 -0.0233912 0.273246
1.16713 0.690359 2.58945
0.226692 -0.124633 0.765393
0.107134 -0.0376704 0.474749
0.259881 -0.0117818 0.55937
0.0906078 0.051214 0.23361
0.144674 -0.0488873 0.526402
-0.0943032 0.0357635 0.148979
0.239384 0.146849 0.580714
0.837804 0.389607 1.44071
0.32172 0.0616706 0.545623
0.075423 0.0639522 0.212928
0.0814702 0.0815854 0.314799
0.272616 0.231483 0.894126
0.0952888 0.0925127 0.387545
0.137317 0.0970641 0.325134
0.0832313 0.0682896 0.278637
0.457541 0.150109 0.681388
0.428327 0.161155 0.700434
0.514233 0.145608 0.771475
0.262334 -0.0393737 1.04896
0.244835 -0.0307513 0.693279
0.238425 -0.0521231 0.893662
0.500304 0.0366968 0.783835
0.520805 0.142524 0.826634
0.653868 0.157565 1.13991
0.660673 0.169903 1.34045
0.43239 0.0593483 0.897492
0.37373 0.0373757 0.791907
0.433022 0.186159 0.723859
0.903412 -0.0621805 1.55472
0.563984 0.315487 0.971952
0.481251 0.258945 0.80429
0.547174 0.119166 0.946001
0.558681 0.255705 1.12835
0.249711 0.115415 0.677039
0.747126 0.593438 1.67394
0.384859 0.228447 0.689943
0.405556 0.119467 1.01809
0.420091 0.336547 0.992864
0.242836 -0.0396063 1.09673
-0.312042 0.115141 0.500532
0.632861 -0.0132664 1.03788
0.736625 0.0845819 1.1964
0.480836 0.266548 0.981163
0.449885 0.332325 0.98162
0.572959 0.285596 0.974562
0.510825 0.06604 0.817248
0.256268 -0.102994 1.01625
0.54659 -0.0176812 1.11062
0.297395 -0.0689228 1.02533
0.472497 0.162166 0.970814
0.321112 -0.0828036 0.993227
0.228672 -0.0776542 0.957758
0.318806 -0.0846039 0.924604
0.476012 -0.0258906 0.94216
0.39832 -0.0789043 1.13459
0.6462 0.224157 0.976513
0.517185 0.215405 0.857167
0.529962 -0.0281059 0.924398
1.0211 0.532116 1.85231
0.474223 -0.0366627 1.0418
0.431236 -0.0374226 0.82406
0.580319 0.178857 0.94668
0.438356 -0.0487859 0.848492
0.49497 -0.0681341 0.97991
0.504144 0.338791 1.33783
0.344124 0.0770478 0.68999
0.301276 0.230979 0.674439
0.392749 0.231847 0.918848
0.264914 -0.105738 0.447017
0.214532 -0.0640215 0.646548
0.0961212 0.101605 0.409426
0.0752368 0.0755689 0.293925
0.331592 0.0805253 0.660082
0.206518 0.261579 1.0102
-0.270603 0.10778 0.442942
0.34509 -0.0197888 0.969182
0.0751797 0.0517495 0.19528
0.202628 -0.0457784 0.743231
0.0625463 0.0506795 0.234822
0.267878 -0.0637753 0.465015
0.235852 -0.0107377 0.444969
0.0455075 0.0360107 0.142901
0.229092 0.076277 0.374905
-0.00539628 0.00664753 0.0294323
-0.0117492 0.00545237 0.0245606
0.296929 -0.0168525 0.624745
0.103595 0.0873676 0.403924
-0.0080755 0.00616752 0.0250949
0.0967841 0.0444871 0.376395
-0.204363 0.100961 0.435469
0.0485348 -0.0180111 0.156068
-0.0107202 0.00631039 0.0257378
0.0531023 0.0555193 0.211035
-0.123371 0.0429804 0.196148
0.358151 0.154699 0.779184
0.212341 -0.0220413 0.521702
-0.00454077 0.00803812 0.035339
0.208509 0.11012 0.564035
0.250161 0.139319 0.509704
0.234542 -0.139469 0.743845
0.297745 0.051972 0.478992
0.504767 0.0992741 0.857645
0.203056 -0.118072 0.642844
0.349525 0.0813781 0.747576
0.0358594 0.0334627 0.128046
0.328801 -0.0390643 0.663709
0.318242 0.233325 0.879915
0.148179 -0.081902 0.476501
0.170486 -0.0917656 0.643045
0.158852 0.172478 0.774136
0.235105 -0.105808 0.433503
0.242927 -0.128019 0.906044
0.224447 -0.0867907 0.393835
0.225139 0.0750566 0.391607
-0.0584154 0.0418507 0.185035
0.236562 0.11805 0.870085
0.272073 -0.0350197 1.0343
0.192219 0.0527757 0.701421
0.0578545 0.0548886 0.209516
0.0510283 0.0586856 0.201062
0.569854 -0.0344868 1.0053
0.184008 -0.0707964 0.295772
-0.0115907 0.0127946 0.0564664
0.242589 -0.0174771 0.430008
0.128307 0.0238164 0.291681
-0.0182274 0.013044 0.0581084
0.208271 0.0887356 0.754543
0.0290383 -0.0193757 0.104478
0.0304924 0.032646 0.111137
-0.0112027 0.0140106 0.0438483
-0.105025 0.0396864 0.171553
0.0899846 -0.0263589 0.269418
-0.106061 0.0361391 0.168667
0.162893 0.0767162 0.339503
-0.210362 0.162287 0.695126
-0.0152206 0.0181273 0.0764397
0.0324274 0.0253452 0.116021
0.233786 -0.0841871 0.377573
0.0686641 0.0588498 0.222731
0.0192084 0.0205191 0.0666017
0.2387 0.0383642 0.422418
-0.00517409 0.00371096 0.016425
0.0298394 0.0251786 0.0860836
0.126648 0.0255522 0.274028
0.165172 0.0418059 0.352965
0.027495 0.0234439 0.0886106
-0.00516924 0.00311157 0.0131979
-0.0059543 0.00241208 0.0108088
0.11743 0.0322486 0.253426
0.0916478 0.0543186 0.252485
0.0473937 0.0503314 0.196035
-0.00567981 0.00334644 0.0142948
0.156713 0.117301 0.393222
0.196118 0.0832577 0.319751
-0.0237218 0.0111401 0.0499384
0.167257 -0.0642659 0.268808
-0.0901429 0.0417288 0.188276
0.0135752 0.0142011 0.0542558
0.283657 -0.0653765 1.02286
0.0117361 -0.00600975 0.0348385
0.119388 0.0967525 0.313771
0.0184459 0.019042 0.0659951
0.00278342 0.0196044 0.0861189
0.11317 0.0914344 0.358797
-0.0801154 -0.0371345 0.189252
0.0250791 0.026791 0.0869527
0.0800246 0.0545279 0.207563
0.0656759 0.0580558 0.231555
-0.0118115 0.0135932 0.060363
-0.0283671 0.0130185 0.0533507
-0.00559863 0.00193925 0.00890508
0.151846 0.0620727 0.350561
-0.0640192 -0.0287643 0.149524
-0.0318201 0.0147881 0.0669889
-0.00590048 0.00342203 0.0146367
0.0774216 0.0621354 0.247555
0.0680688 0.0565678 0.241387
-0.00584538 0.00239121 0.0106426
0.0740228 0.0582109 0.221383
-0.00574614 0.00380983 0.0158247
-0.0118372 0.00543601 0.0247198
0.166417 0.0599083 0.312464
0.0592001 -0.0124053 0.187321
0.0341497 0.0369432 0.12536
-0.00703775 0.00803919 0.0359686
0.164173 0.0666757 0.377553
-0.00554837 0.00244863 0.0104315
-0.0059636 0.00270386 0.0112483
0.0581184 -0.0253755 0.186377
-0.0449403 0.0512028 0.229674
-0.0745653 0.0327546 0.148619
0.0756186 0.0615921 0.245062
-0.012408 0.00575037 0.0259124
-0.00584026 0.00333363 0.0139055
-0.0508196 0.0591839 0.266037
-0.0040435 0.00446752 0.019564
-0.00644845 0.00298045 0.0134661
-0.00541461 0.00313655 0.0137661
-0.00481182 0.00295855 0.0121617
0.0156116 0.00538887 0.0410819
-0.00684431 0.00848753 0.0318689
0.0290734 0.0215703 0.0988794
-0.00469427 0.00828184 0.036576
0.003699 0.0246938 0.107748
-0.00730566 0.00836107 0.0373373
-0.00325422 0.0368611 0.162504
0.0359389 0.0354886 0.118197
0.0694912 0.0548646 0.215285
0.0457574 0.0357495 0.136577
0.0395438 0.0359712 0.120414
-0.0177061 0.00822327 0.0369716
0.0769172 -0.0245784 0.235441
0.16026 0.073017 0.32382
0.0130716 0.0130975 0.0448197
0.0209871 0.0241466 0.0787851
