-0.411872 0.0803016 0.98075
-0.29377 0.0794261 0.911495
0.354408 0.251163 1.47735
0.64036 0.120209 1.30728
-0.347459 0.0893318 0.801887
0.417701 -0.112202 1.39106
-0.109672 -0.0274029 0.86612
0.277844 -0.0878235 0.920792
0.870018 0.128003 1.80716
0.138516 0.10206 0.29544
0.0129437 -0.00753658 0.0630612
-0.0621206 0.0387084 0.196167
-0.0631213 0.0354598 0.184534
-0.0907315 0.0361514 0.186233
-0.436969 0.117071 0.924711
-0.0796303 0.0403538 0.150047
-0.0711767 0.035267 0.15205
-0.176096 0.0739112 0.276668
-0.46119 0.0890566 0.929058
-0.186803 0.0696959 0.280098
-0.177324 0.0694077 0.285932
0.00315004 0.0505986 0.184887
-0.393163 0.0785514 0.954812
-0.185212 0.0697184 0.273491
0.357492 -0.0153152 0.989145
-0.0732784 0.0311701 0.171082
-0.0772336 0.0333834 0.154473
-0.0802509 0.0269392 0.163846
-0.0666146 0.0240666 0.143959
-0.0741506 0.0300352 0.164306
-0.0583516 0.0256059 0.170595
-0.0761214 0.0249616 0.144591
-0.0907679 0.0325852 0.17554
0.289911 0.18614 0.517946
-0.0788476 0.0509394 0.389247
0.153116 0.0923066 0.305722
0.185416 -0.0134725 2.50608
-0.476998 0.11114 0.902279
0.513478 -0.109214 1.14264
0.11692 0.0857574 1.72676
-0.307573 0.0767668 0.921685
-0.0951709 0.0467694 0.275185
0.953999 0.587923 1.63066
0.683328 0.536207 2.02573
0.204683 0.264626 1.62035
0.728917 0.422915 1.20778
0.0412713 0.102966 1.63428
0.00847933 0.034132 0.249111
-0.229782 0.0729784 0.583795
-0.459761 -0.0585721 0.995401
-0.731177 0.241194 1.88967
-0.0783725 0.0463564 0.1434
-0.472813 0.140561 0.731471
0.610861 -0.246585 1.12417
0.40614 0.139251 0.705013
0.0794546 0.0617689 0.180808
-0.58404 -0.0969031 1.26469
-0.115211 0.0565938 0.77447
0.39435 -0.164418 1.29391
0.390814 -0.108912 1.33693
1.02377 -0.0925118 1.85898
0.468647 -0.10888 1.09439
0.436769 -0.2837 1.37545
-0.641051 0.0366911 1.07696
0.0103222 0.0635921 0.237143
-0.696142 -0.311904 1.26766
0.202948 -0.0921368 1.02819
-0.252095 -0.306083 0.962445
-0.0823848 0.0409713 0.177753
-0.677766 -0.0247607 1.07887
0.651667 0.0928513 1.3209
-0.0633908 0.030618 0.182964
-0.0204948 0.0354203 0.847627
0.69876 -0.0891596 1.41315
0.090568 -0.0585956 0.0943616
0.378018 0.149846 0.46764
-0.111344 0.0273437 0.231346
0.131853 0.0229079 0.223697
-0.141515 0.0519474 0.844968
0.27425 0.13057 0.486495
-0.387682 0.107946 0.87487
0.00704474 0.105127 1.67577
-0.291995 0.0907318 0.861113
-0.620997 -0.124063 1.32317
-0.20491 0.0867588 0.845953
0.890819 -0.0568495 1.73312
-0.191875 0.079203 0.87696
0.498308 0.271623 1.56108
-0.434326 0.114869 0.885681
-0.203063 0.144738 0.934104
-0.236513 -0.300257 0.914927
0.319733 0.253358 1.51501
-0.771724 0.25051 1.21183
-0.571013 0.299966 1.24472
-0.021662 0.0316947 0.189663
-0.368072 0.161803 1.0962
-0.0655847 0.0340297 0.15744
-0.787655 0.033129 1.12579
-0.063908 0.0310372 0.185285
-0.0194425 0.200946 1.33083
-0.371103 0.0654193 0.900836
-0.421807 0.0997054 0.875022
-0.041519 0.0361569 0.187811
-0.102151 0.0396457 0.217777
0.0192783 -0.0401563 0.0172144
-0.295733 0.209476 0.954736
0.451575 -0.288685 1.00535
-0.0682665 0.0263278 0.17727
0.112197 0.261037 0.842702
1.13327 -0.0966602 2.05179
-0.831105 0.00516462 1.17385
0.0783437 0.0600739 0.176945
-0.0586665 0.0394929 0.184042
-0.230904 0.0970484 0.795814
-0.612262 0.240165 1.07479
-0.0821228 0.031614 0.173633
0.00169507 0.040795 0.185526
-0.362688 0.114076 0.918392
-0.230175 0.0971624 0.796059
-0.0866998 0.0364071 0.182146
-0.495227 0.186751 0.981058
-0.00358768 0.0413793 0.192728
-0.0494155 0.00934246 0.110488
-0.0609958 0.0346546 0.181161
0.00568972 -0.00410952 0.0351694
0.016224 0.00921622 0.0390986
-0.0424717 0.0161172 0.0668424
-0.215087 -0.336515 0.995817
-0.0245638 0.0143967 0.109804
-0.0490421 0.022399 0.0763307
0.829774 0.0535476 1.61384
-0.140207 0.136825 0.840139
-0.398061 -0.0798462 0.850761
-0.0799714 0.0318606 0.178694
0.437281 -0.226345 1.45295
0.269651 0.135354 0.463328
-0.187577 0.0691476 0.279835
-0.0511498 0.0361187 0.186028
0.443331 -0.0104404 1.27635
-0.168748 0.0750289 0.296481
0.45228 0.237964 1.36893
0.444851 0.0415017 1.13475
-0.190944 0.0801911 0.290159
-0.0867705 0.0502391 0.175692
-0.087279 0.0334941 0.175724
-0.631523 0.0418056 1.01764
-0.224608 0.111501 0.817952
-0.105501 0.0562421 0.352023
-0.580194 0.0382455 0.998716
-0.197904 0.0807474 0.27698
-0.0642043 0.0585894 0.206637
-0.547657 -0.011729 0.936168
-0.136749 0.0932158 0.88457
-0.0838695 0.0343339 0.181487
0.0199799 0.173621 0.940886
-0.0817275 0.0224856 0.15058
-0.131272 0.057095 0.860142
0.0169412 0.0149317 0.0447819
-0.00215042 0.000324365 0.00337235
-0.175384 0.0683148 0.283051
0.186649 0.124305 1.54189
0.198263 0.147139 1.63088
-0.00389967 0.0517863 0.248048
0.0118959 0.173283 1.56907
-0.130196 0.0599562 0.829871
0.0046084 0.0412955 0.222198
-0.0764189 0.0210133 0.140471
-0.307443 0.109433 0.524469
-0.250673 0.0675592 0.506449
-0.798346 0.411517 2.04345
0.300888 0.152667 0.513612
-0.253375 0.0735924 0.532101
-0.0906743 0.0454835 0.176984
-0.176294 0.0770305 0.864366
-0.100594 0.0453803 0.343359
0.940734 0.643866 1.83415
-0.17917 0.0698236 0.279564
-0.0804504 0.0293621 0.158496
1.07858 -0.069626 2.08694
0.0939349 0.138239 0.411406
0.235483 -0.0465471 3.13344
-0.04805 0.0803447 0.616166
0.220067 0.255394 1.55499
0.447031 0.0571069 1.12422
0.00416875 0.0530939 0.220051
-0.459523 0.106351 0.927065
0.98459 -0.0464797 1.91021
0.465365 0.0434258 1.1759
-0.625535 -0.277406 1.12861
-0.639719 -0.127726 1.1776
0.400584 -0.274009 1.1787
-0.180491 0.0830898 0.866914
0.194554 0.246476 1.53004
0.508837 0.0488284 1.30072
0.305597 0.155932 0.536877
0.600956 -0.292856 0.954945
-0.614128 0.0894574 0.995689
0.487133 0.262585 1.32837
0.419489 -0.113354 1.4152
-0.696423 -0.0801199 1.08288
-0.108318 -0.0192865 0.82993
0.438343 0.00666757 1.21795
0.630857 -0.122811 1.21659
-0.0319449 0.0346847 0.190537
0.218 0.245249 0.959446
0.509329 0.0934027 1.0889
-0.231943 0.145296 0.904374
-0.423159 0.0959208 0.909659
-0.132939 0.108335 0.812197
-0.513549 0.214019 1.0152
0.20991 0.230459 1.4468
-0.043239 0.0661688 0.534753
0.0667801 0.102861 0.342787
0.0179189 0.0505415 0.359666
-0.170712 0.1073 0.69293
0.00184614 0.0435631 0.19409
-0.0730885 0.0359243 0.18237
-0.028814 0.0138043 0.069685
-0.0918948 0.0444394 0.176886
-0.00584389 -0.00335339 0.0124934
0.00877551 -0.00403247 0.049724
-0.00408047 -0.00254162 0.00913864
-0.0205809 0.0491261 0.201725
-0.0293868 0.0101411 0.0560653
-0.0409578 0.0363952 0.187819
-0.00611996 0.0411238 0.208348
-0.0654534 0.053459 0.325942
-0.106966 0.042841 0.280127
-0.0769435 0.0270337 0.177013
-0.0925496 0.0451013 0.179643
0.00214283 0.0475607 0.186678
-0.0878064 0.0354539 0.176042
-0.0692602 0.0349248 0.17944
-0.0965506 0.0373759 0.176357
-0.0368836 0.0444876 0.189409
-0.0338655 0.0119343 0.0641028
0.00438253 0.0413589 0.231882
-0.114049 0.0503088 0.382097
-0.640218 0.266447 1.14113
-0.0796894 0.0296109 0.173475
-0.0919141 0.0671043 1.42116
0.0193827 0.106089 0.787604
-0.0986762 0.0346537 0.178665
-0.0815084 0.0302478 0.17591
-0.0199753 0.0328375 0.212929
-0.0606839 0.0282158 0.123753
-0.0503988 0.0181716 0.0971918
-0.0902025 0.0468636 0.175525
0.00491735 -0.00260615 0.0326125
-0.0816144 0.0340594 0.178199
-0.168889 0.0797914 0.293579
-0.286397 0.0377623 0.869755
-0.998013 -0.269551 1.50966
0.191574 0.136372 1.63932
-0.560643 -0.086095 1.0062
-0.343115 -0.119624 0.955704
-0.00451102 0.0447872 0.193063
-0.0125136 0.0380029 0.190702
-0.665076 0.0380717 1.1177
-0.68709 -0.0779367 1.06724
-0.0142098 0.0448979 0.191359
-0.628995 -0.0201149 1.01254
-0.00572552 0.0337898 0.188593
-0.565479 -0.00762502 0.958007
-0.573861 -0.0224204 0.914818
0.479566 0.0644088 1.05038
-0.764303 0.0434545 1.08373
0.46172 -0.155293 1.21275
0.645761 0.00403331 1.41422
-0.178954 0.0791772 0.283638
-0.0846199 0.0419118 0.176846
0.773475 -0.0812391 1.75432
-0.763329 0.0672525 1.07233
0.00255798 0.0422115 0.190261
-0.828167 -0.227984 1.24202
-0.829587 -0.232358 1.25256
-0.976736 -0.266798 1.49136
-0.350293 0.0915264 0.796658
-0.857259 -0.235753 1.29018
-0.131202 0.128695 0.745894
-0.0216924 0.0518718 0.188401
-0.0508277 -0.206303 0.686408
0.431963 -0.222034 1.44201
0.64943 -0.112708 1.08409
-0.0659333 0.0322422 0.127761
0.0058109 -0.0119284 0.073989
-0.0142489 0.0438215 0.186736
-0.0887203 0.0323423 0.175286
-0.0714002 -0.115747 1.17818
-0.0436514 0.0200679 0.125512
-0.406334 0.100117 1.09855
-0.403474 -0.270419 0.962736
-0.130085 0.055749 0.853028
-0.0468835 0.0332648 0.169526
0.0550835 0.086531 1.59687
-0.0790297 0.0320672 0.185438
-0.634339 -0.0916537 1.00553
0.185596 -0.108103 1.42079
-0.683269 -0.0744425 1.07833
0.0395438 0.137476 1.47834
0.432612 -0.264629 1.31923
-0.0856477 0.039603 0.174776
-0.0929312 0.0411803 0.176262
-0.125136 -0.293873 1.95487
0.00242801 0.0542549 0.204261
-0.0932852 -0.301912 1.43049
0.16708 -0.0505915 2.24002
-0.112625 -0.0971021 1.63095
-0.179201 0.0789868 0.284616
0.414017 -0.0162976 1.16542
0.643379 -0.156498 1.08622
0.430539 -0.280314 0.966016
-0.461961 0.0682858 1.00465
0.457566 0.06262 1.15903
-0.576768 -0.0980494 1.00739
-0.123625 0.0783881 0.818341
-0.288149 0.0676586 0.863393
-0.392594 0.0722265 0.922413
0.393422 -0.274125 1.17628
-0.692484 -0.0787018 1.07723
-0.636854 0.040338 1.0254
-0.683706 -0.0848419 1.07691
-0.0636679 0.035685 0.185477
-0.638918 0.0970756 1.03554
-0.343003 0.0375906 0.954729
0.495758 -0.0507888 1.59334
0.115025 -0.174761 1.6912
0.582629 -0.245412 1.09032
0.0225774 0.114216 1.86415
0.758045 0.0765014 1.67013
-0.584084 0.154935 0.999268
-0.0138381 0.0386803 0.191797
0.217437 0.241362 0.939262
0.591594 -0.261069 1.09459
0.386574 -0.276332 0.973501
0.702387 -0.113415 1.18135
-0.00379737 0.0389751 0.187911
-0.0904673 0.0324164 0.1746
-0.608111 -0.00744918 0.959871
0.269842 0.122961 0.47699
0.0827416 0.0618131 0.178456
0.0052731 0.0611707 0.203839
-0.624079 0.0998715 0.982243
-0.0137111 0.027099 0.373181
-0.292629 0.0527994 0.901178
-0.0169743 0.0488145 0.194677
-0.0841006 0.0423481 0.181368
-0.0334779 0.0412015 0.281334
-0.0155569 0.0361387 0.229557
0.0884015 0.061564 0.174965
-0.0120951 0.041052 0.184927
0.55878 -0.11329 1.16242
0.334063 0.154036 0.605015
0.396679 0.2666 0.807547
-0.269451 0.0319309 0.817813
0.599612 -0.121079 1.26124
0.892178 -0.116274 1.72744
-0.174535 0.0759132 0.843631
1.10693 0.0104997 2.18755
0.533643 -0.046408 1.71158
0.532943 0.0503486 1.23955
0.347169 0.104934 0.607188
-0.585093 -0.112127 1.06598
-0.629025 0.040697 1.01169
0.278337 -0.117758 1.5392
0.62167 0.0280417 1.03543
0.0190644 0.0821642 1.37962
-0.0690029 0.143293 1.39532
0.179195 0.168551 1.57656
-0.385189 0.0742957 0.931883
-0.663503 0.171575 0.99957
0.432632 -0.304686 1.07068
-0.285273 0.054796 0.871091
0.486293 0.283499 1.57586
0.161173 0.133009 1.35632
0.0199816 0.0799005 0.446401
-0.0591634 -0.147933 0.83988
-0.424537 0.10169 0.893868
0.522746 0.0553701 1.2113
0.562157 -0.235354 1.05281
-0.0224055 0.0494737 0.192437
0.94788 0.0529945 1.85049
0.0482051 0.10681 1.42984
-0.568815 -0.0979226 0.993175
0.380772 0.230378 0.82658
-0.0305418 0.0405076 0.19003
0.462412 -0.0937173 1.47823
-0.0716264 0.0624866 1.25121
-0.443009 0.0772755 0.91019
-0.182257 0.0863733 0.874735
-0.538402 -0.0144613 0.927581
0.511258 -0.0406018 1.63536
-0.078398 -0.185572 1.06287
0.450577 0.00904855 1.24698
-0.074386 0.0587206 1.5197
0.581218 -0.255166 1.07268
0.055847 0.0989675 1.73163
-0.56127 -0.0203452 0.961017
-0.0798976 0.0642674 1.5989
-0.664035 -0.027892 1.05502
-0.560725 -0.0968905 0.978424
0.545757 0.0820957 1.19783
-0.0261337 0.0359285 0.189276
-0.29954 0.0450535 0.94611
-0.447275 0.0712455 0.967495
-0.429345 0.118619 0.858195
-0.441546 0.0995205 0.949734
-0.355442 -0.125859 1.0476
0.14396 0.109832 1.8953
0.865371 -0.098363 1.65547
0.456676 0.26409 1.51038
0.653998 0.0399895 1.60456
-0.553385 -0.0907186 1.18288
0.167588 -0.047269 2.24911
-0.127751 0.101117 0.781597
-0.956614 0.0421633 1.28419
-0.704467 -0.0159536 1.13797
0.216401 -0.114545 1.42776
0.452983 0.248783 1.32984
-0.518629 -0.0898239 1.12237
0.261202 -0.0555005 0.582256
0.424147 -0.177248 1.38679
-0.619299 0.0310131 1.03394
-0.413758 0.0779879 0.962766
0.148771 -0.119591 1.89341
0.401688 -0.284957 1.00034
0.909936 -0.0546911 1.76121
0.54262 0.105965 1.19004
-0.564011 -0.0123541 0.969989
0.489438 -0.119403 1.14203
-0.470502 0.108754 0.95656
0.108483 0.076512 1.6679
-0.622382 -0.0196693 1.00059
0.567238 -0.103293 1.11417
-0.0608852 -0.302186 0.883189
0.423978 0.237921 1.25706
-0.0967723 0.065385 1.43083
-0.40288 0.0676838 1.00978
-0.589948 0.039449 1.0104
-0.549432 0.0966234 0.928428
0.461171 0.248043 1.20633
-0.753746 -0.2165 1.13574
-0.122754 0.0773039 0.825028
0.48895 0.0445872 1.25018
-0.557836 0.0912782 0.956173
-0.107592 -0.0159692 0.861676
-0.271006 0.0778586 0.84694
-0.64093 -0.0148188 1.02213
-0.442651 0.0765602 0.923557
-0.6341 0.039308 1.02272
0.16962 0.242141 1.47184
0.436032 -0.142784 1.13111
0.599769 -0.125154 1.13963
0.319998 -0.168661 1.27951
-0.313135 -0.308257 0.992899
0.0630141 0.212785 0.611745
-0.737196 -0.210814 1.10607
-0.474201 -0.0199591 0.754032
-0.76329 -0.139086 1.11187
0.694225 -0.0834569 1.56349
-0.0817621 0.0466274 0.180492
-0.0301154 0.0396736 0.19202
-0.193448 0.0772125 0.273636
0.249672 0.257856 2.05562
0.0388937 0.0619462 0.197578
-0.28992 0.0843958 0.894269
-0.477062 0.0664122 1.00045
0.00351246 0.0466371 0.192655
-0.318786 -0.335416 1.10208
-0.582392 -0.0973741 1.00954
-0.155595 0.033691 0.174593
-0.00629287 0.0277737 0.191403
-0.78168 -0.135932 1.12677
0.119515 -0.187768 1.80908
0.0964736 0.0649102 1.70931
-0.627281 0.0988377 1.00355
-0.381775 0.0750116 0.925408
0.434495 0.00689763 1.2142
0.401915 0.0241758 0.925363
-0.580536 0.0878959 0.981199
0.488647 0.261672 1.30445
-0.196478 0.062782 0.297103
-0.178567 0.0949224 0.67602
-0.110498 -0.0281135 0.865249
-0.195497 0.079882 0.273245
-0.0210227 0.0465749 0.191308
-0.00356754 0.0387903 0.186978
-0.546503 0.0868776 0.932416
-0.0301362 0.0477787 0.183939
-0.079283 -0.278319 1.91521
-0.0305541 0.0474531 0.189802
0.0902789 0.210182 0.688497
-0.592495 -0.197688 1.24532
0.302048 0.150227 0.529346
0.624806 0.174933 1.04045
-0.1239 -0.015778 0.879971
0.005145 0.0287065 0.191964
-9.37629e-05 0.053828 0.214206
-0.0419491 0.0377062 0.193106
-0.00661504 0.0364558 0.188106
-0.0191064 0.0333958 0.190146
-0.614044 0.138018 0.96187
0.637955 0.0372558 1.06242
0.408625 -0.27359 0.971173
-0.51055 0.0313942 1.09758
-0.100034 -0.104773 1.56477
-0.592656 0.0831371 0.99928
-0.145846 -0.727061 2.74581
-0.76322 -0.0773195 1.20555
-0.597737 -0.0908541 1.03134
-0.121272 -0.0216383 0.89815
0.00175107 0.0448495 0.198459
-0.200068 -0.303495 0.928807
-0.0378018 0.0449055 0.191951
-0.264506 -0.2905 0.895565
-0.763522 -0.138787 1.11158
-0.62588 0.106028 0.982108
-0.025924 0.0358267 0.189332
-0.745335 -0.13695 1.08636
-0.186966 0.0758454 0.274407
0.73119 0.0887048 1.58092
-0.10755 -0.0270441 0.852478
-0.0580328 0.037704 0.180268
0.00395602 0.0588864 0.197735
0.468402 0.0432574 1.13618
-0.0209768 0.0459515 0.187942
-0.351066 0.0474555 0.906276
-0.00205583 0.0468952 0.187623
-0.0240334 0.0497956 0.189561
0.00259875 0.0555304 0.187881
0.15851 0.221637 1.3334
0.120773 -0.102498 1.56549
-0.172709 0.0822504 0.300696
-0.0582469 0.0319055 0.194533
0.42301 0.117215 0.707902
-0.00767182 0.0532728 0.209276
-0.536517 -0.0213024 0.907479
-0.437185 0.136895 1.145
-0.211402 0.0950396 0.868614
-0.457041 0.132683 0.940271
-0.907254 0.278885 1.42245
-0.47101 0.116953 0.876509
-0.493426 0.0644606 1.0833
-0.450763 0.11365 0.930541
-0.0298652 0.0480128 0.195589
0.158575 0.164657 1.55028
0.483321 0.0449667 1.18097
0.346172 0.104095 0.605648
0.583236 -0.106391 1.14133
-0.484467 -0.00687246 1.06016
-0.0296571 0.0311241 0.186779
-0.106834 -0.449219 1.75635
0.523518 0.123015 1.18304
0.304859 0.0939499 1.01895
-0.205684 0.101745 0.749262
-0.060121 -0.302109 0.880244
-0.0234688 0.0584368 0.21392
0.856236 -0.089195 1.80981
-0.0904099 -0.318078 0.879602
-0.488893 0.120586 0.915068
-0.57189 0.14082 1.09586
-0.149855 0.120331 0.824005
-0.922768 0.0418249 1.23564
-0.0996329 -0.329226 0.93314
-0.617052 0.0210741 0.869285
-0.0640782 0.0305452 0.185673
-0.2235 0.0837132 0.29748
-0.105657 -0.319965 1.95154
-0.373542 0.124543 0.624881
-0.0409121 0.0357149 0.185769
-0.738773 0.196286 1.12244
-0.0254517 0.0361311 0.191143
-0.224726 0.107198 0.816744
-0.462025 0.103622 0.885086
-0.0255496 0.0469766 0.186197
-0.0345311 0.0396383 0.205354
-0.0157858 0.0257023 0.192162
-0.192047 0.0597093 0.247635
-0.400407 0.144171 0.693106
-0.296001 0.11837 0.844979
0.377162 0.105947 0.628198
-0.389141 0.114337 0.847166
-0.172938 0.0721712 0.311955
-0.0401923 0.072063 0.410209
-0.844084 -0.228086 1.26258
-0.407447 0.124469 1.06607
-1.04131 0.0170205 1.47918
-0.389993 0.117121 0.966094
-0.180624 0.0789355 0.287474
-0.305141 0.120682 0.69358
-0.638723 -0.0303558 1.02302
-0.178091 -0.316385 0.917986
-0.586456 0.12785 0.916691
0.654645 0.0330644 1.09852
-0.468644 -0.0780226 0.821839
-0.251465 0.0733294 0.386844
-0.612005 -0.112665 1.11323
-0.970323 -0.0790743 1.26741
-1.33653 -0.101729 1.76676
-0.723738 -0.155326 1.07264
0.225743 -0.180482 1.57496
-0.0303804 0.0320679 0.190218
-0.0574675 0.0310302 0.186077
-0.248802 0.08376 0.465044
0.549644 0.106359 1.18982
-0.332217 0.0789142 0.878118
0.301486 -0.114114 1.43489
0.323704 0.162315 0.499034
-0.184112 0.0943713 0.876599
-0.668646 0.0176645 0.87853
-0.173074 0.126439 0.796605
-0.471864 0.132244 0.958579
-0.0187073 0.0333863 0.190238
-0.782696 0.00253862 1.09489
-0.394667 0.10811 0.896897
-0.205707 0.0895853 0.841065
-0.844667 -0.145228 1.22304
-1.01726 0.267587 1.54092
-0.229746 0.121195 0.939695
-0.944328 -0.0768379 1.23059
-0.0233742 -0.039838 -0.0179239
-0.0259283 0.0440016 0.193852
-0.644638 0.0441098 1.04245
-0.0881872 0.0418862 0.177466
-0.0873754 0.0508967 0.177247
-0.0512384 0.0367096 0.187084
-0.5013 0.141767 0.77197
-0.0196732 0.0369368 0.190317
-0.790003 0.0384964 1.14648
-0.0885516 0.0358004 0.177837
-0.16717 0.0564635 0.847068
-0.11732 0.0582122 0.829125
-0.0588392 0.0330148 0.222657
0.0379671 0.0602015 0.199521
-0.442228 0.0812353 0.915974
-0.639047 0.0926597 1.00179
-0.00636231 0.0264487 0.180895
0.519192 0.0799392 1.14362
-0.616757 0.13837 0.965993
0.232867 0.118289 0.376306
-0.115751 0.0475762 0.252162
0.436248 0.244004 0.713958
0.320482 0.168576 0.52538
-0.0124678 0.0451278 0.188727
-0.0292305 0.0449986 0.182152
-0.215399 0.068162 0.304962
0.179723 -0.26887 1.63835
-0.0943026 0.0425896 0.200223
-0.224666 0.0600828 0.31911
0.226979 -0.113405 1.50137
-0.0228057 -0.254973 1.70398
-0.0948108 0.0492942 0.18065
-0.186796 0.0588604 0.238832
-0.0906198 0.026336 0.181524
-0.0593026 -0.178277 0.836775
-0.0871908 0.0508338 0.176573
-0.0387722 0.0454121 0.191975
-0.0717307 0.0400319 0.183437
-0.0702435 -0.252433 1.05078
0.00373713 0.0589386 0.197388
0.00206695 0.0355753 0.192212
0.525704 -0.288241 1.13717
-0.201578 0.0740503 0.31957
0.176998 0.248106 1.43761
-0.17845 0.069406 0.277862
-0.626525 0.150498 0.992539
-0.218367 -0.279237 0.846473
0.416055 0.100447 0.69134
0.774988 -0.355249 1.31218
-0.171257 0.0708871 0.309699
-0.0871527 -0.283412 1.32411
-0.422804 0.124646 0.986458
-0.0195016 0.0446761 0.186348
0.324237 0.049241 1.07925
0.373743 -0.279344 0.958731
-0.265261 -0.308628 0.95086
-0.0567013 0.030091 0.185491
-0.0257906 0.037258 0.194554
-0.0233089 0.0266053 0.185857
-0.0689812 0.0359465 0.178127
-0.57335 0.146039 0.976896
-0.399844 0.0719366 0.942651
-0.0415645 0.0169081 0.081991
0.219672 -0.0540448 2.88401
-0.0941707 0.0341414 0.184645
-0.44995 0.102614 0.908262
-0.48618 0.117542 0.941743
-0.446422 0.122092 0.91734
-0.651556 0.0967223 1.05898
-0.0807733 0.0488245 0.177961
-0.0137974 0.0457255 0.194999
-0.0539615 0.0607835 0.216098
-0.59114 0.0422732 1.00828
0.600141 0.332678 1.83419
-0.0738499 0.0411845 0.180161
-0.0139466 0.0384012 0.189314
0.0563683 -0.290414 1.88535
-0.819798 0.00658838 1.15857
0.502046 -0.107965 1.11687
-0.734026 -0.157248 1.09447
-0.00741958 0.03743 0.188816
-0.655171 -0.0945709 1.03957
0.30129 0.104215 0.524157
-0.0525923 0.0425457 0.268877
-0.961249 0.319392 1.90408
0.57397 -0.107116 1.17373
-0.308125 -0.318151 1.01555
-0.0530552 0.0360749 0.184774
-0.403065 0.0203759 0.869661
-0.0258325 0.0357986 0.188775
-0.00692341 0.0286025 0.190263
0.491293 -0.294462 1.19328
-0.353954 0.173526 0.85383
-0.118573 0.044931 0.236217
0.237934 0.217326 0.785642
-0.0327625 0.0336001 0.216948
0.949648 -0.0973284 2.14495
-0.139266 0.0608481 0.92552
-0.0842197 0.0419924 0.180655
0.00519887 0.0601138 0.201452
-0.0233122 0.0299073 0.215586
-0.0892702 0.0254074 0.177321
-0.0745998 0.0249456 0.162111
-0.0980797 0.0283406 0.186325
0.302087 0.108614 0.519279
0.422378 0.210813 0.740636
-0.141408 0.0367224 0.24384
0.0941445 0.0730953 0.20596
0.0903686 0.0631954 0.179306
-0.212934 0.100426 0.770769
0.0381077 0.0596879 0.191361
0.118305 0.0550043 0.134199
-0.0208024 0.0509904 0.187175
-0.0740793 0.0406232 0.178866
-0.0490224 0.0343523 0.231346
0.652067 0.123094 1.3308
-0.233414 -0.339387 1.02655
0.00335896 0.0341218 0.185781
-0.0395608 0.0236644 0.181719
-0.298172 0.0411082 0.896462
0.00362537 0.0373544 0.198067
-0.105398 -0.0155399 0.854045
-0.0375157 0.0300048 0.20159
-0.0084778 0.0272702 0.183658
-0.016098 0.0269803 0.195538
-0.186659 0.0805162 0.340304
0.00861964 0.0477756 0.230515
-0.447816 0.107212 0.869536
0.828703 0.12172 1.72394
-0.176168 0.0653243 0.903647
-0.0919504 0.0450325 0.179425
-0.22804 0.109999 0.959446
-0.0875174 -0.311814 0.858119
-0.0255645 0.0458816 0.191247
0.418968 -0.0175826 1.16212
0.00353502 0.045576 0.189427
0.678786 0.130848 1.31864
-0.302005 0.0737585 0.785412
-0.0061038 0.039517 0.200263
-0.0255545 0.042554 0.191548
0.554047 -0.298234 1.17018
-0.00176932 0.0456461 0.189475
0.389567 -0.122209 1.28589
0.450431 -0.22959 1.598
0.471768 -0.278899 1.1278
-0.0128865 0.0390181 0.192156
-0.0141145 0.0469123 0.197209
0.0912695 0.0641935 0.181647
0.0718808 0.0655976 0.179123
0.100846 0.0640209 0.177086
0.488904 0.200341 0.895774
-0.466571 0.13552 0.977552
-0.568016 0.222575 0.999765
-0.0519921 0.0574938 0.205564
0.00190979 0.0468029 0.204107
-0.0346668 0.0321003 0.186769
0.157959 0.125481 1.80571
-0.524163 -0.0221646 1.14467
-0.479496 -0.088195 1.03886
0.459724 0.14798 0.737244
-0.0074509 0.0365759 0.202741
0.677525 -0.0374704 1.26227
-0.0886009 0.0384043 0.177785
-0.171739 0.122112 0.785154
-0.458874 0.138658 0.886693
-0.128624 0.0934028 0.816419
-0.438068 0.175282 0.863062
-0.36486 -0.337712 1.09646
-0.288799 -0.318383 0.997154
-0.177358 0.0611205 0.801274
-0.317736 -0.115655 0.927317
-0.183364 0.0754056 0.264244
-0.178013 0.0673608 0.280516
-0.0923807 0.0474586 0.175595
0.0516318 0.0698992 0.202224
0.253463 0.141901 0.410385
0.316564 0.179645 0.51455
-0.179911 0.0762552 0.276235
-0.0774619 0.0373398 0.215284
-0.0872054 0.0415044 0.174565
0.183046 0.152599 1.52979
-0.0304941 0.0505927 0.184101
-0.0737167 0.0421188 0.145753
-0.0318958 0.0318202 0.206295
0.00086814 0.0605476 0.256404
-0.0350898 0.0300221 0.197428
-0.0239419 0.0296796 0.199082
-0.0358271 0.0418794 0.211746
-0.0881483 0.0401564 0.177515
-0.0308901 0.0277421 0.162032
-0.0293113 0.0356347 0.174907
-0.251211 0.11358 0.86689
-0.170771 0.0567189 0.871114
-0.564085 -0.0792795 1.22051
-0.0696436 0.0351763 0.181278
0.536743 0.126675 1.21762
0.0546042 0.0948602 1.67264
-0.118191 0.058819 0.830991
-0.0234785 0.0320159 0.191226
0.127157 -0.193679 1.8559
-0.115106 -0.0279255 0.84081
-0.098474 -0.0216223 0.69367
0.751751 -0.103539 1.5417
-0.00377487 0.0484156 0.191155
-0.0668924 0.0317009 0.200942
0.61049 -0.149608 1.02827
-0.0488993 0.150229 1.23864
-0.0628169 0.0276403 0.183821
0.608597 -0.149336 1.02493
0.427753 -0.279352 0.936379
0.136109 0.211241 0.753874
-0.0248197 0.0420811 0.179621
0.00324446 0.0366696 0.195686
-0.798284 -0.353769 1.44866
0.135446 -0.11038 1.74371
0.379717 -0.119897 1.44877
-0.0322826 0.0324489 0.189481
0.204114 0.0809829 0.277784
-0.182562 0.0813922 0.287148
0.00415009 0.0316224 0.190643
0.141733 0.115548 1.64382
-0.457276 0.191018 1.05821
-0.194145 0.113727 0.733721
-0.260535 -0.295303 0.940732
-0.0706177 0.0395266 0.183223
0.212736 0.242843 0.936686
-0.666252 0.199244 1.04672
-0.413514 -0.0895201 0.617431
-0.649868 0.181151 0.956064
0.00382528 0.0509791 0.198901
-0.14019 -0.138707 2.48655
-0.0825607 0.0320335 0.17595
-0.00461662 0.0527545 0.209886
-0.385668 0.0645961 0.966147
-0.0744865 0.040955 0.179709
-0.0262128 0.0369883 0.192494
-0.357541 -0.299688 0.985716
-0.0672855 -0.10397 0.956679
0.00374287 0.0358458 0.191456
-0.0736581 0.0781297 0.393499
0.00415458 0.140063 1.06112
-0.313704 0.078477 0.900611
-0.0196985 0.0542595 0.617432
-0.0629412 0.029264 0.181495
-0.224478 0.160195 1.05321
-0.0601412 0.103764 0.746255
-0.549008 0.249131 1.14654
-0.467208 0.125898 0.934281
0.530349 -0.280955 1.07355
0.346343 0.105801 0.607784
0.295409 0.167071 0.528888
-0.196732 0.078461 0.352233
0.514861 0.234717 1.0676
0.137054 0.197272 1.43852
0.245014 0.280939 1.70433
-0.0410863 0.036342 0.188199
0.00490934 0.0288616 0.190777
-0.576269 0.154659 0.98757
0.456884 0.240056 1.4322
-0.637047 -0.0252665 1.01109
0.449393 0.193068 1.49535
-0.518572 -0.0278386 0.892536
-0.229791 0.0657037 0.284551
-0.280496 0.0486362 0.284112
0.139468 0.214505 0.764991
0.00553218 0.025877 0.190251
-0.296295 0.0537463 0.304753
0.128769 0.20514 0.74908
-0.233886 0.065701 0.303413
-0.218069 0.140123 0.769933
-0.230756 0.0659762 0.321628
-0.127624 0.0897201 0.820181
-0.132445 0.133431 0.753699
0.187973 0.213666 0.679937
-0.641609 0.0424253 1.03539
-0.31049 0.111432 0.897047
-0.481807 0.16986 0.948156
-0.0234282 0.0268313 0.186746
0.317588 0.166289 0.518847
0.345002 0.198818 0.564941
0.00197787 0.0313664 0.188679
0.282524 0.303162 1.17782
0.102492 -0.0247986 1.44094
1.00093 -0.136552 1.95015
-0.00255175 0.0428658 0.198244
-0.0761811 -0.318969 1.1972
-0.670505 -0.0955756 1.06424
0.936582 -0.0805971 1.83783
0.0202791 0.134244 0.922071
-0.424884 0.0911903 0.935308
0.270621 -0.0106736 0.751623
0.512694 0.0972372 1.12013
-0.0657991 0.0303223 0.182144
-0.0333319 0.0257592 0.18149
-0.0588054 0.036612 0.185311
0.973284 -0.128163 1.82662
-0.272536 0.0323253 0.834814
0.427272 -0.0157186 1.22536
0.31437 0.233092 1.38295
0.451284 0.258337 1.44199
-0.442366 0.10661 0.941081
-0.337308 -0.328682 1.04739
-0.119813 0.131692 0.657632
-0.0995305 0.0836861 0.526585
-0.178988 0.080115 0.328018
-0.0120829 0.0421527 0.188488
-0.00616319 0.0385386 0.190818
0.11445 0.0845603 1.8782
0.570237 0.107771 1.10469
-0.0926234 0.0607344 0.628432
-0.201324 0.0819057 0.903057
-0.51698 -0.180666 1.08354
0.400314 0.085839 0.503081
0.349671 -0.119018 1.45778
0.42611 0.0839776 0.530305
0.452561 0.240299 1.21296
0.758122 -0.123624 1.54477
-0.0659819 0.0303864 0.182238
0.349195 0.171137 0.558451
-0.453037 0.137344 0.975431
0.00663252 0.0298027 0.197443
-0.59192 0.227727 1.11373
-0.0577599 0.0383314 0.184137
0.12803 0.206257 0.749594
-0.0158656 0.0265486 0.194699
-0.567398 0.23198 1.08673
-0.177839 0.132322 0.824371
-0.624331 0.224723 1.07194
0.545084 0.106154 1.19055
0.578991 0.105908 1.16022
-0.446412 0.0844965 0.916591
0.388691 -0.260159 0.946081
-0.125099 0.0938762 0.635122
0.881548 -0.0601387 1.69362
0.0508882 0.116545 1.5
-0.0189635 0.130757 1.9284
0.545507 -0.234793 1.02065
-0.0852917 0.0424024 0.178384
0.543987 -0.285617 1.11205
-0.46395 0.127459 1.23669
-0.139221 0.103817 0.742216
-0.150491 0.114076 0.834462
-0.311002 0.104831 0.844488
0.722267 -0.0813503 1.64062
0.421199 0.141483 0.741916
0.363396 -0.184638 1.43441
0.00419604 0.0311285 0.211109
-0.2285 0.0463715 0.245185
-0.255466 0.0700897 0.306506
-0.300463 0.0555407 0.3467
-0.25751 0.0756639 0.303241
-0.27238 0.0703383 0.305182
-0.296425 0.0798184 0.337135
-0.0527885 0.121419 0.867493
-0.213802 0.13581 0.752909
-0.382973 0.0592163 0.882299
-0.315717 0.148842 0.893406
-0.0041075 0.041045 0.194544
0.457217 0.0127441 1.31015
-0.0418843 0.0157519 0.160831
0.553559 0.116777 1.22628
-0.0139511 0.038851 0.191447
-0.129335 0.131981 0.72078
-0.0271171 -0.0546071 0.362316
-0.459874 0.172058 0.906555
0.784265 -0.103636 1.59589
0.437808 0.265461 1.33058
0.908287 -0.104724 1.7573
0.562408 -0.251955 1.05881
0.437471 0.248943 1.29881
-0.00267355 0.024825 0.183066
0.123438 0.222919 0.711588
-0.45244 0.1928 0.916301
-0.445709 0.194109 1.00933
-0.427861 0.101409 0.904125
-0.409155 0.141512 0.892701
-0.390191 0.107125 0.886778
-0.366926 0.116143 0.924136
-0.323345 0.206224 0.827343
-0.0568463 -0.146914 1.46902
-0.433014 0.122826 0.903984
-0.445465 0.197642 0.914302
0.607281 0.247128 1.08339
0.197035 0.216429 0.689935
-0.14854 0.143142 0.768521
-0.0513201 -0.102685 0.683989
-0.00285271 -0.0480621 0.0187397
0.0693748 -0.0323987 0.189061
-0.177681 -0.335146 0.963959
0.392253 -0.122621 1.4576
0.169423 -0.266198 1.62826
-0.0364664 -0.123962 0.654195
-0.0485723 0.0873636 0.424307
0.269934 -0.0524652 0.486767
0.280581 0.221426 0.842003
0.443963 -0.284258 0.988831
-0.113616 -0.177821 0.463635
-0.160014 -0.29033 0.857717
0.324948 0.166871 0.514188
0.173544 0.244691 0.815839
0.549421 -0.270709 0.869877
0.638428 -0.095021 1.16981
0.540137 0.129313 0.653294
0.0284341 0.0945766 0.412594
-0.404422 0.110464 0.908733
-0.00796241 -0.0149129 0.080298
-0.399482 -0.315147 1.0546
-0.688634 0.19987 1.06525
0.419277 -0.271058 0.932733
-0.357076 0.101624 0.770433
-0.300721 0.105597 0.860529
-0.0521426 0.0238609 0.143302
-0.0189745 0.0300249 0.193227
-0.281958 0.0714267 0.759299
-0.448231 0.198148 0.922067
-0.571493 0.0306243 0.952307
-0.261616 0.0677843 0.322717
-0.200258 0.0542025 0.333572
0.262369 -0.115456 1.51064
0.416731 0.121779 0.529258
-0.439473 0.12187 0.950046
-0.143828 0.128799 0.718008
0.358053 0.176084 0.50136
-0.344997 0.062302 0.746427
0.448552 0.0994291 0.53534
-0.0229869 -0.0398664 -0.0170089
-0.309003 0.180339 0.882622
0.868986 -0.100121 1.68817
0.499318 -0.106327 1.11237
1.09438 -0.0368319 2.08777
0.621099 -0.10658 1.04286
0.696264 -0.117832 1.17657
-0.0168706 0.0473674 0.196697
-0.00550884 0.0477412 0.190402
-0.0046408 0.0265577 0.189139
0.00395824 0.0311347 0.192962
-0.00337112 0.0258154 0.18637
0.414375 -0.174815 1.33536
-0.01421 0.038732 0.190031
0.422362 -0.177137 1.35103
0.180227 0.248807 1.44346
0.22421 0.231991 0.885992
0.296783 0.1523 0.520627
-0.484872 0.107963 0.966055
-0.0790863 0.0313942 0.176254
0.319567 0.100472 0.498233
0.00514247 0.0339037 0.197819
-0.00606513 0.0397223 0.213539
-0.0588922 0.0394957 0.185895
0.51117 -0.100136 0.990868
-0.0251542 0.0353787 0.188045
0.137848 0.148802 1.49816
-0.226693 0.09852 0.786998
-0.0633606 -0.307284 0.898686
-0.525885 0.201139 1.04576
-0.410747 0.114722 1.08318
0.326105 0.0525709 0.54211
-0.358003 0.0697283 0.911885
-0.00563243 0.0335545 0.18783
-0.385249 0.0840875 0.873665
-0.0765858 -0.122689 1.21793
-0.0365942 0.0339644 0.214173
-0.0554806 0.129576 0.599044
0.0142076 0.0757554 0.842464
-0.137818 0.133314 0.82562
0.358241 0.107261 0.513457
0.181148 -0.112647 1.48829
-0.127282 0.122236 0.737074
-0.0037639 0.160528 2.18173
-0.0171843 0.118156 1.69107
-0.0592301 -0.1834 0.869765
0.447343 0.273801 1.33805
-0.442958 0.110491 0.904943
-0.305642 0.128271 0.893336
0.0889123 0.195001 0.66564
-0.153655 0.118056 0.649723
0.302937 0.155522 0.525368
-0.390324 0.0650878 0.823475
-0.0907792 0.061079 1.40544
-0.662084 -0.296023 1.20387
-0.186245 0.0685933 0.877033
0.100856 -0.15657 1.49805
0.00300723 0.102394 1.61875
-0.0583575 0.0360138 0.183918
0.354156 -0.233774 0.914818
-0.580888 0.237355 1.11366
0.469682 0.237929 1.28226
0.496204 0.250499 1.57339
-0.0646769 0.0272377 0.18268
-0.0714322 0.0288825 0.189318
-0.676896 -0.0864461 1.05841
-0.668444 -0.0851276 1.0484
-0.0701184 0.028237 0.186123
-0.0174659 0.0421508 0.188379
-0.374419 0.0961475 0.973369
-0.232692 0.160941 0.773917
-0.342716 0.107308 0.953183
1.17525 0.207883 2.39051
0.280452 0.331122 2.18793
0.568334 -0.298292 1.1607
-0.40966 0.120059 0.951781
0.482987 0.0889812 0.656462
0.414252 -0.0467161 0.524225
0.419604 0.100201 0.494445
-0.286823 0.0812503 0.851011
0.413358 0.096148 0.487364
-0.229762 0.170628 0.80018
-0.203217 0.152939 0.80562
-0.0368952 0.0644167 0.3307
0.443368 0.128805 0.55422
0.461657 0.157439 0.806643
0.378589 0.108423 0.46516
-0.0429819 -0.209732 0.618187
0.117934 -0.182064 1.71352
-0.155271 0.180432 0.841579
-0.110286 0.0829735 0.710944
-0.411857 0.113733 0.884186
0.151239 -0.114731 1.91412
-0.195718 0.147385 0.781138
-0.339556 0.164554 0.832455
0.246097 0.269255 1.04477
-0.362293 0.20106 0.984915
-0.383378 0.152181 0.878507
-0.383611 0.199788 0.81477
0.303188 0.0456227 0.360422
-0.229816 0.168771 0.799247
-0.136446 0.111574 0.82578
-0.302741 0.112106 0.810909
-0.399543 0.183019 0.939897
0.306728 0.356958 1.33148
-0.15923 -0.351147 1.00223
0.161522 -0.262977 1.61236
-0.146273 0.0477928 0.818878
0.162111 0.13701 1.83401
-0.20178 0.0992323 0.797071
-0.305797 0.128484 0.892701
0.37677 0.0638673 0.471326
-0.226375 0.0966122 0.773854
0.385857 0.112276 0.474838
-0.0724679 -0.155736 1.70488
0.411706 0.0965656 0.485575
0.419149 0.0993458 0.493447
0.0221647 0.10664 0.804918
-0.0342164 0.056328 0.289403
-0.0177982 -0.0422946 -0.0274061
0.445796 0.0963761 0.520705
-0.218186 0.0594874 0.446869
-0.0261457 -0.034969 -0.00408429
0.326895 0.101256 0.496328
0.35475 0.101076 0.482373
-0.390325 0.169954 0.815228
0.832249 -0.0141354 1.66504
-0.00127001 -0.0466012 0.0878884
-0.0663864 0.19234 0.822782
0.458276 -0.2758 1.11786
-0.093201 -0.00347202 0.140122
0.379119 0.17813 0.680923
-0.455371 0.191553 1.04742
-0.225545 0.147265 0.799275
0.198744 -0.0870674 0.894318
0.416273 0.0911416 0.522091
-0.0977082 -0.377985 2.68543
-0.159569 0.110113 0.832559
-0.0860131 0.193562 1.76591
-0.386281 0.199499 0.823736
-0.347858 0.107476 0.881481
-0.377303 0.195268 0.803333
0.499004 0.0896691 0.670763
0.398631 -0.0466497 0.504368
0.201405 0.147059 1.7477
-0.224767 0.133623 0.777534
-0.224019 0.164431 0.780391
-0.382067 0.130448 0.830593
-0.409269 0.126109 0.865017
-0.295466 0.0923459 0.908762
-0.383298 0.0826398 0.869556
-0.378588 0.0958576 0.97374
-0.422101 0.0982294 0.909007
-0.250541 -0.296846 0.908979
-0.348157 0.122422 0.841696
-0.423465 0.131322 0.894463
-0.171752 0.138313 0.923611
0.709431 0.147022 0.956076
0.683507 0.139361 0.914008
0.660868 0.133425 0.884368
1.06011 -0.062206 1.78159
-0.219376 0.112463 0.883349
-0.338841 0.0934105 0.83175
-0.436258 0.173351 0.854454
-0.440694 0.111702 0.915192
-0.258664 0.137403 0.862599
-0.0743301 0.135682 1.0119
-0.447063 0.196322 0.919511
-0.0175375 0.0109973 0.210766
-0.14708 0.0536251 0.861414
-0.457741 0.144402 0.939328
-0.368509 0.184649 0.904426
-0.183608 0.148443 0.778273
-0.294477 0.181597 0.874411
-0.271921 0.161706 0.810186
-0.242115 0.170948 0.808135
-0.313963 0.189412 0.802949
-0.205604 0.201106 0.888832
-0.143079 0.145754 0.797942
-0.304977 0.179191 0.871695
-0.370877 0.102195 0.776053
0.483717 0.260135 1.26093
0.00823993 0.352785 2.22761
-0.428408 0.13736 0.900269
-0.245579 0.166671 0.807623
-0.227847 0.18876 0.783621
0.224836 0.0365478 0.371354
-0.134554 0.144613 0.659384
-0.303686 0.179168 0.765597
-0.472815 0.143489 0.914887
-0.133988 0.143024 0.657688
-0.137341 0.121228 0.684909
0.366853 0.144605 0.456515
-0.390723 0.109175 0.885319
-0.483656 0.155235 0.99568
-0.451369 0.201962 0.957087
-0.397516 0.189624 0.872727
0.106974 -0.0592287 0.11738
-0.12252 0.0970427 0.735233
-0.43435 0.190013 0.985508
0.382249 0.149732 0.465601
0.320023 0.163458 0.470984
0.343343 0.196345 0.5592
-0.0403743 -0.0782359 0.512053
-0.437771 0.0838382 1.03042
-0.197583 0.0872533 0.847127
0.365098 0.0568614 0.485043
0.991469 -0.0839886 2.21742
0.182714 0.0495949 0.606378
0.450752 0.105148 0.521605
-0.421592 0.204217 0.932147
-0.113544 0.0535321 0.763433
0.433138 0.0948502 0.54477
0.393052 0.113764 0.483511
-0.100971 0.0895263 1.97186
0.0292307 0.096045 1.57444
-0.0597845 -0.0939839 0.821872
-0.186757 0.0730133 0.894559
0.385906 0.06346 0.483227
0.344295 -0.0456802 0.434964
-0.320524 0.108181 0.873007
0.348429 0.122037 0.613573
-0.485732 0.0839991 1.04116
0.433494 0.0851312 0.537332
0.334015 -0.11317 1.50874
0.301118 0.152229 0.511138
-0.29945 0.184247 0.891192
-0.222739 0.161085 0.778336
-0.145543 0.167048 0.795533
-0.14975 0.196999 0.843058
-0.123801 0.0683454 0.8797
-0.214977 0.099499 0.891459
0.0136628 0.0622343 0.718168
-0.269395 0.134544 1.13691
-0.333592 0.165781 0.69748
-0.209714 0.124734 0.794965
-0.175775 0.059195 0.798443
-0.222337 0.16723 0.859356
-0.234028 0.12717 0.784958
-0.278721 0.19315 0.814534
-0.285708 0.0939686 0.764485
-0.326078 0.156956 0.801228
-0.292738 0.0859702 0.785221
-0.31725 0.152434 0.894482
-0.235111 -0.329852 1.00857
0.432525 0.0988158 0.49938
0.462114 0.0634832 0.60133
-0.320743 0.193438 0.818961
-0.128404 0.109827 0.778456
-0.3748 0.0517197 1.12378
-0.0198174 -0.00278665 0.148489
0.387263 -0.118065 1.54363
-0.176403 0.0755781 0.786225
0.150204 0.225676 0.809864
-0.0732823 0.170761 0.728626
0.289121 0.229702 0.784044
-0.304289 -0.234899 0.788134
0.434279 -0.273607 1.33875
0.345644 0.246186 0.790469
0.391768 -0.264339 0.881805
-0.291221 0.122236 0.849628
-0.290837 0.0351999 0.895239
0.222617 -0.118877 1.59907
-0.438371 0.0734435 0.950065
-0.451534 0.126112 1.1967
0.356261 -0.239389 1.26413
-0.15632 0.157767 0.939465
-0.211843 -0.202287 0.597649
0.40413 0.175492 1.34513
0.366018 -0.263973 0.93029
-0.283355 0.0973672 0.834031
-0.330555 0.158764 0.809848
-0.125335 0.0982048 0.772185
0.426833 -0.255594 0.912014
-0.379722 -0.457743 1.50751
0.312765 0.23664 0.730352
-0.117818 -0.0166137 0.83486
0.646444 0.0207916 1.07876
0.0900452 -0.257031 1.6204
-0.0517107 -0.242782 0.780232
-0.209445 0.134751 0.73877
-0.132965 0.152551 0.7645
-0.206661 0.134402 0.732606
0.209682 0.152027 1.79881
-0.180162 -0.0716467 0.422504
0.412939 0.0871312 0.480311
0.0209626 -0.0439538 0.0145361
-0.12302 0.10112 0.74322
-0.0946927 -0.0970597 0.220976
-0.161375 0.245455 1.00948
-0.199612 0.0982439 0.774676
0.0306965 -0.0303986 0.0968817
-0.351473 0.0850429 0.93532
0.0303735 -0.0304226 0.0961267
0.4498 0.0994656 0.537848
-0.0106413 -0.0145608 0.077291
0.361608 -0.269988 0.94
-0.359289 0.113662 0.919957
0.294567 0.102945 0.50872
0.0228753 -0.0470203 0.0172078
-0.148329 0.125976 0.80674
-0.318816 0.0544129 0.892857
0.0113871 -0.0371291 0.00758487
0.710427 -0.0303123 1.4532
-0.291193 0.10659 0.780115
0.0970244 0.00669049 0.314791
-0.362153 0.0708101 0.922904
0.000714402 -0.037504 0.0139744
-0.00363831 -0.0371584 0.0210694
-0.13915 0.0944023 0.726591
0.488519 0.0617042 1.07118
-0.0825556 0.0877638 0.452575
-0.473877 -0.108949 1.07937
0.105483 -0.118882 1.56258
-0.0401623 -0.150181 0.596708
-0.400314 0.139128 0.874994
-0.281191 -0.22336 0.715759
-0.454199 -0.333343 1.14976
0.541638 0.104984 1.18147
0.91456 0.0422553 2.03656
0.0198849 -0.0385921 0.022638
0.248215 0.000721558 0.512527
0.432537 0.151026 0.743053
0.481027 -0.119268 1.12274
0.0198313 -0.0384715 0.0225506
0.618658 0.0292688 1.03397
-0.1367 0.0735871 0.8213
-0.065762 -0.240759 0.940248
0.450997 0.248706 0.940551
0.741024 0.145411 1.02106
-0.211144 0.125293 0.801176
-0.145266 0.217188 0.902139
-0.360627 0.0424087 0.959885
0.686215 -0.112204 1.14735
0.568231 -0.11883 1.08276
-0.0349327 -0.124884 0.655033
-0.200269 0.147512 0.783024
0.370459 -0.258955 0.921181
0.437128 -0.147784 1.14591
-0.296683 0.040404 0.891381
-0.143075 0.0921778 0.733679
-0.021157 0.0137184 0.259186
0.418836 -0.273406 0.915576
0.483002 0.194983 0.879224
0.705484 -0.0603424 1.62286
-0.012497 -0.0576073 0.0507613
0.0675981 -0.036322 0.183338
0.396279 -0.263965 0.96965
-0.283187 0.0736413 0.883797
-0.186111 -0.327298 0.965244
0.474061 0.249053 1.42725
-0.122911 -0.0154899 0.869128
0.341146 -0.118153 0.877783
-0.318463 0.0754455 0.823599
-0.315613 -0.103148 0.803444
-0.181168 -0.307412 0.900307
-0.117192 -0.299361 0.839298
0.026837 0.142129 1.29216
0.131651 -0.0162749 0.265177
0.457913 0.232104 1.22168
0.428385 0.261317 1.29217
0.461618 0.249753 1.21129
-0.136576 -0.226805 0.617742
-0.0101619 -0.0220426 0.067497
0.29928 0.155936 0.516405
0.354504 0.193451 0.620979
0.208275 -0.0852836 0.451734
-0.310013 0.0987368 0.794398
0.23948 0.217017 0.76573
0.633838 -0.0443674 1.45414
0.834611 0.00751493 1.63191
0.40688 -0.271314 0.998418
-0.0638394 -0.112505 0.25367
-0.142401 -0.0708573 0.357385
-0.0945117 -0.119183 0.293606
0.178838 0.185142 1.44085
0.438557 -0.222325 1.43135
0.331034 0.094306 0.456482
-0.14215 -0.0243849 1.06252
-0.276782 -0.188552 0.712927
0.157797 0.0388933 0.505933
0.861237 -0.116803 1.62408
-0.319532 0.0722297 0.901016
0.749767 0.0769293 1.55861
0.419743 -0.13755 1.40583
0.00624454 -0.0337499 0.0871433
-0.368509 0.0945727 0.933061
0.323599 -0.128024 1.49959
-0.18209 0.0670151 0.831093
-0.257485 -0.0911091 0.638955
-0.0647024 -0.288548 0.978102
-0.0500819 -0.0691545 0.11513
-0.133746 -0.316285 0.898605
0.251385 0.0152179 0.637479
-0.215022 0.0587002 0.652777
-0.362351 0.10983 0.897224
-0.220763 -0.313409 0.948832
0.592866 -0.0970759 1.11517
-0.0949559 -0.0866398 0.23196
0.33885 -0.244558 0.862491
-0.400225 0.182523 0.943153
-0.0421459 -0.0708023 0.182459
-0.373807 0.0866756 0.883941
-0.328727 0.140951 0.936703
-0.336245 0.0810066 0.850754
-0.143102 0.115028 0.756362
0.385172 0.0871769 0.453729
-0.400141 0.089215 0.919264
0.463594 0.250061 0.699046
-0.288726 0.105224 0.767228
-0.0391636 -0.0151028 0.0829944
-0.400943 0.0678441 0.945943
-0.197888 0.0699037 0.895588
0.424309 -0.215603 1.38223
-0.0235218 -0.026425 0.0689139
-0.0649968 -0.0951976 0.196796
-0.305852 0.0637736 0.897248
0.511289 0.0976467 1.12149
0.655804 -0.28439 0.980773
-0.103757 -0.110315 0.263033
-0.0431741 -0.0718979 0.112014
-0.0830645 0.0486138 0.418499
-0.322804 0.0381502 0.856047
-0.348855 -0.115586 0.869077
-0.194539 -0.240464 0.702659
-0.329619 0.0763457 0.78888
-0.166918 0.0575365 0.828221
-0.171718 -0.264346 0.782676
-0.0636923 -0.101393 0.212142
-0.584895 -0.403801 1.47854
