0.0169316 -0.125659 0.848143
-0.362583 0.320993 1.64569
0.419255 0.26154 0.738408
0.00377316 -0.168422 0.852645
-0.0253219 0.00955462 0.80975
0.471714 0.0520442 0.759208
-0.721285 -0.058998 1.53034
-0.570952 0.366789 1.42516
0.275728 0.0366089 0.694121
0.219506 0.091665 0.705768
0.0565483 -0.0197964 0.49721
-0.0819366 -0.169548 0.856918
0.448953 -0.0138765 0.79486
0.182907 0.00650183 0.725243
0.423326 -0.0402079 0.73869
0.446247 -0.100262 0.843598
0.34828 -0.051101 0.80627
-0.226174 0.229066 1.69551
-0.342671 -0.114845 0.754398
-0.0827098 -0.277194 0.922692
-0.163442 -0.184585 0.81964
-0.303905 -0.184468 0.841658
-0.00236524 -0.133522 0.857024
-0.217672 -0.146954 0.81189
-0.410557 -0.169732 0.720166
-0.191946 -0.0570413 0.469487
0.0879222 -0.0203374 0.668135
0.0662834 0.0407407 0.853449
0.0959435 0.0668602 0.400856
0.241713 -0.0246915 0.89672
0.175324 -0.0846416 0.923895
-0.151262 -0.0590608 0.828337
0.329441 0.072966 0.620855
0.343371 0.185391 0.674675
0.273907 0.0426755 0.75066
-0.0340489 0.0553162 0.81082
0.101103 -0.261404 0.881743
0.178577 0.108942 0.933054
0.201228 0.174048 0.756521
0.0125497 0.132 0.602067
-0.734401 -0.276158 1.24354
0.279341 0.0939309 0.704517
0.338736 0.103163 0.719311
0.275614 0.100721 0.664359
0.322828 -0.194142 0.810251
-0.0578184 0.038945 0.787651
0.104286 -0.268828 0.904581
0.27731 -0.0503824 0.730368
0.0601388 -0.175853 0.857549
-0.154668 -0.265225 0.857072
-0.177549 -0.086638 0.832569
-0.218655 -0.148661 0.828225
-0.0629215 -0.0786727 0.891863
0.0622557 0.109445 1.00342
-0.011014 0.0171117 0.109763
0.00760755 0.454838 1.72655
0.0556673 0.497886 1.8952
0.161489 0.125814 0.789199
-0.253979 -0.0474402 0.976129
-0.629442 0.361751 1.43415
-0.288972 -0.149366 0.872793
0.144973 0.386349 1.54531
-0.272145 -0.0561974 0.887391
-0.438845 -0.165906 0.686917
0.196507 0.102674 0.768575
0.0181117 -0.0707186 0.859869
-0.066875 -0.0784056 0.902065
-0.311373 0.486051 1.57534
-0.534832 0.368067 1.56285
-0.832774 0.319083 1.48974
-0.989164 0.134684 1.51474
-0.379169 -0.136088 0.750702
0.0921317 0.10476 0.826728
-0.896992 0.351746 1.48231
-0.163508 -0.183164 0.801701
-0.0705925 0.0312214 0.811934
-0.488851 0.390028 1.60013
0.248798 0.25855 0.755837
0.0372406 0.477244 1.65553
0.233631 0.0319346 0.66903
-0.404542 -0.161761 0.748891
0.308562 0.205486 0.687349
-0.348267 -0.136338 0.681209
0.173724 0.575176 1.57565
-0.400837 -0.144125 0.768661
-0.58955 0.258052 1.63488
-0.294596 0.486059 1.67006
-0.126737 0.490373 1.64581
0.263941 0.11275 0.693714
0.14804 0.120741 0.821146
-0.09135 0.0086946 0.813118
-0.120858 -0.00369241 0.837117
-0.791063 0.244555 1.44893
0.389834 0.00796829 0.693265
-0.663356 0.225366 1.62104
-0.415201 0.431905 1.50655
-0.239836 0.324604 1.60007
-0.904329 0.276649 1.38877
-0.386376 0.523169 1.54559
-0.806743 0.164251 1.44817
-0.893607 0.0393733 1.51454
-0.015824 -0.0552466 0.792826
0.0164132 0.370085 1.76651
-0.12968 0.001846 0.869313
-0.0237227 -0.139904 0.842558
0.118268 0.122961 0.810182
0.11886 0.539865 1.69747
0.247552 0.10715 0.704868
-0.0229977 0.0612881 0.765016
0.0388144 0.574209 1.67751
-0.190717 0.580518 1.62804
-0.0625446 -0.0620556 0.809869
0.360739 -0.123532 0.954457
0.214274 0.128453 0.739399
0.353926 -0.082154 0.699505
0.412648 -0.0620867 0.944618
0.32074 -0.0549622 0.921089
0.415768 -0.12792 0.857775
-0.0755903 -0.199947 0.819833
-0.431497 0.37531 1.5512
0.105292 -0.0638257 0.704855
0.309753 -0.055232 0.806479
-0.0235352 0.010464 0.812602
0.159966 0.114382 0.661699
0.278254 0.0227804 1.25017
0.229596 -0.136735 0.979197
0.151031 0.129668 0.951918
0.0625013 -0.170456 0.839948
-0.0318999 -0.0552799 1.15258
-0.328663 -0.202336 0.927939
0.198945 0.172688 0.758522
0.258007 -0.108544 0.843502
-0.251264 -0.237111 0.918145
0.0192304 -0.0564648 0.886119
0.325736 0.0531504 0.643603
-0.331481 -0.165242 0.847332
-0.255574 -0.333111 1.18513
0.266566 -0.152149 0.770258
-0.306091 -0.152221 0.714649
0.160198 0.0050574 0.865893
0.100063 -0.216714 0.890626
0.57808 -0.277757 1.13851
0.194545 -0.0475583 0.905525
0.0521542 -0.0479227 0.860034
-0.0585217 -0.059687 0.819775
0.38769 0.0185191 0.701914
0.406198 0.103077 0.70916
0.319385 -0.164148 0.938964
0.182135 0.136309 0.831883
0.214458 -0.00491492 0.635628
0.270374 0.184898 0.661456
0.0538157 -0.00806746 0.900066
0.103817 0.124036 0.791197
-0.109565 -0.0485578 0.984921
-0.0921354 -0.223202 0.77237
-0.00108839 -0.0380883 0.87997
0.298622 -0.0644408 0.589553
0.342944 -0.0705661 0.68056
0.34094 0.0664861 0.906818
-0.791331 0.252319 1.6531
0.0677879 -0.122424 0.818082
0.0522064 9.42436e-05 0.895731
0.213528 0.183634 0.787484
-0.4195 -0.210253 0.761714
0.605745 -0.291629 1.10003
-0.294292 -0.146267 0.741991
-0.210175 -0.0308781 0.899746
-0.0810911 -0.0154314 0.492837
0.00481463 0.0675414 0.792655
0.285515 0.190682 0.664389
0.169895 -0.14504 0.931658
-0.458402 0.117358 1.75629
0.303095 0.178453 0.667422
0.0907496 0.0903054 0.818226
0.169309 0.119607 0.853237
0.0147671 -0.215305 0.854026
-0.280935 -0.0856161 0.779969
-0.250293 -0.245566 0.729805
-0.0205498 0.0293206 0.859227
0.0690192 -0.123762 0.823637
0.0568322 -0.0045822 0.847696
0.0215392 -0.266006 0.84067
-0.0171012 0.0427387 0.939551
0.25833 -0.127719 0.92561
0.274054 0.108029 0.668236
0.260603 0.213735 0.672284
-0.0219601 -0.271699 0.953939
-0.231706 -0.121336 0.795973
-0.138504 -0.0138203 0.648498
0.1369 0.136681 0.697232
0.58886 -0.355707 1.0286
0.4191 0.106038 0.75529
0.356857 0.222303 0.687466
0.206217 -0.0645385 0.554292
0.145365 0.0231114 0.85169
0.413115 0.236121 0.722565
-0.410749 -0.209059 0.812522
0.131735 0.0628706 0.649995
-0.433984 0.352171 1.1465
-0.442149 -0.186685 0.661231
-0.222964 0.550468 1.58721
0.141763 0.0218807 0.835327
-0.486289 -0.190239 0.70135
0.330841 0.608415 1.85514
-0.857119 0.212097 1.46755
-0.659106 0.506219 1.56274
-0.87167 0.181751 1.4299
0.348012 -0.0709697 1.06531
-0.905296 0.276901 1.38464
0.496131 -0.406618 1.22143
-0.456067 -0.182289 0.739742
-0.570778 0.262562 1.5588
-0.740391 0.429244 1.46998
0.324368 0.0999145 0.690116
-0.410588 -0.182263 0.760004
-0.688534 0.00990431 1.40388
-0.457705 -0.175467 0.68156
0.468954 -0.324574 1.25745
0.413197 -0.225325 1.10338
-0.938081 0.000168346 1.48404
0.00725339 0.073961 0.8127
-0.96988 0.121009 1.49938
0.267814 0.118308 0.75793
0.070625 0.0431498 0.873799
0.301774 -0.054494 0.874887
0.19723 -0.185476 0.61901
-0.13 -0.202323 0.832933
0.14607 -0.201333 0.947188
-0.176418 -0.016489 0.852102
0.192286 -0.0220554 0.411192
0.170327 0.0855076 0.708531
0.1906 -0.0942756 0.924009
-0.090052 0.0180998 0.797371
0.294076 0.0076534 0.656834
0.156882 0.00532161 0.851457
0.20537 -0.0297839 1.09101
-0.117451 0.000612783 0.694273
0.250413 0.105317 0.791692
0.382937 -0.0554235 0.647467
0.168816 0.00488593 0.916163
-0.132442 0.00011935 0.782714
0.128378 -0.129125 0.916603
0.133164 -0.310398 0.949364
0.425362 -0.0964152 0.888718
0.059028 -0.175267 0.853839
-0.220657 -0.226333 0.822388
-0.130952 -0.0571097 0.884959
0.121662 0.100209 0.839288
0.148898 -0.0372387 0.90643
-0.0929116 0.00445928 0.833328
0.150467 0.0176482 0.681064
-0.435386 -0.176474 0.772965
0.0662348 0.0944764 0.875192
0.150914 0.141974 0.707999
-0.180136 0.457923 1.65116
0.251594 0.213782 0.692616
0.213387 -0.0491378 0.76402
-0.19602 -0.292585 0.956062
-0.0121517 -0.0602362 0.861622
0.241786 -0.103003 0.79494
0.112632 -0.0146601 0.774172
0.401439 0.102985 0.692148
-0.734966 0.279094 1.46629
-0.313129 0.486265 1.52703
-0.222101 0.567051 1.6279
-0.78906 0.327715 1.45087
-0.655076 0.271223 1.42484
0.378269 0.201078 0.73422
-0.78381 0.279327 1.56918
-0.0106926 -0.163869 0.818314
-0.12199 0.465524 1.66322
-0.81469 0.331103 1.39882
0.374991 -0.0326136 0.684085
-0.888575 0.0493353 1.50804
-0.397894 0.101449 1.5209
-0.0782446 -0.19793 0.825543
0.326581 -0.0330252 0.69849
0.0311722 -0.158223 0.87409
0.213121 0.0337323 0.858352
-0.0637258 0.00847468 0.884278
0.0911285 0.0240701 0.813565
0.0273729 -0.222547 0.860909
0.322861 -0.0627386 0.757028
0.196348 0.102796 0.77864
0.0878544 -0.0631868 0.922496
0.319583 0.101253 0.674612
0.172796 -0.0281567 0.726466
-0.0337837 0.0151292 0.832298
-0.220291 -0.113027 0.69302
0.101545 0.106721 0.789427
0.136908 -0.0859007 0.923864
0.0896577 0.399077 1.73679
0.337396 0.0720775 0.790837
-0.557624 0.107799 1.54275
-0.261285 0.283117 1.62507
-0.115428 0.33913 1.43551
-0.580588 0.0744216 1.63862
-0.131885 -0.172384 0.842843
-0.493764 0.125624 1.87244
-0.509417 0.404816 1.61895
-0.0528483 -0.0281426 0.791296
0.280924 0.0141912 0.663673
-1.07861 -0.201114 1.76857
0.258994 0.0647715 0.6963
-0.687702 0.25188 1.17559
0.327703 0.180339 0.69683
-0.0173623 0.0597616 0.834104
0.596678 -0.343595 1.22337
-0.416856 -0.171464 0.692919
-0.308716 0.190055 1.72459
-0.1215 0.363573 1.56453
-0.814946 0.0376031 1.37995
-0.241169 0.332946 1.64578
-0.301473 0.493303 1.7057
-0.69557 0.0198237 1.63612
-0.299577 0.402377 1.69063
0.112347 0.510703 1.61301
-0.21795 0.486483 1.66339
-0.776747 0.461008 1.3835
-0.34497 -0.188045 0.854032
-0.402077 0.442198 1.75469
-0.277462 0.413193 1.55997
0.110142 -0.116634 0.927751
-0.547783 0.387648 1.54662
-0.240119 0.253338 1.45913
0.275322 0.115834 0.709108
-0.248411 -0.117677 0.49998
0.0510935 0.455447 1.76372
0.255987 0.206288 0.712879
0.389437 -0.0910336 0.930618
-0.581133 0.251033 1.62654
0.178491 0.0105174 0.866731
0.263213 -0.184551 0.678677
0.468544 -0.379605 1.14873
0.0959112 0.00330716 0.838382
0.357134 -0.0513291 1.40984
0.390356 -0.0951019 0.937208
0.321528 -0.181035 0.920985
0.0708744 -0.0171669 0.579702
0.608889 -0.358789 1.16611
0.265573 -0.0448221 0.922002
0.260092 0.210885 0.671462
-0.216412 -0.265998 0.798086
-0.088907 -0.0162718 0.77429
0.437082 -0.345954 1.03838
0.290055 0.0405004 0.725948
0.104177 0.00696759 0.865892
0.0155654 -0.133388 0.848341
0.243917 -0.301826 0.889058
0.324734 -0.242494 0.875231
-0.263424 -0.0887687 0.792321
0.122191 0.100519 0.84872
0.359866 -0.0505519 0.831963
-0.0510044 0.0329744 0.67328
-0.097468 -0.0183718 0.838393
-0.0485084 -0.0572045 0.85799
0.0042861 -0.143813 0.929773
-0.382807 -0.172701 0.774653
0.645785 -0.208456 1.03692
-0.0141928 0.0380372 0.826203
-0.0482378 0.0206294 0.826675
-0.184635 -0.0848083 0.80473
0.0415877 -0.272243 0.883836
-0.0264572 -0.235003 0.86475
-0.0267685 0.0449461 0.83575
-0.253415 -0.13185 0.823039
-0.402913 -0.184089 0.808493
0.0912907 0.0910024 0.824053
0.110585 -0.0433295 0.794149
-0.280933 0.251617 0.929451
-0.0548859 -0.0449358 0.863274
-0.300743 -0.0842588 0.77812
-0.172912 -0.0262511 0.791791
-0.216629 -0.148131 0.84796
0.0943672 -0.315733 0.926184
0.10088 -0.0904592 0.90259
0.312955 -0.0552871 0.913822
0.130144 0.0619165 0.840752
0.189924 -0.0653035 0.990301
0.362686 0.0941138 0.633147
0.262157 0.0619351 0.706264
0.107011 0.0591576 0.897891
-0.153924 -0.0235522 0.650331
-0.107465 -0.0177612 0.332405
0.172105 -0.182286 0.918925
0.377441 -0.310939 0.934978
0.373687 0.153032 0.732402
0.0313296 0.05514 0.847717
-0.0249031 0.00847468 0.846972
0.0501497 0.0350085 0.864318
0.212097 -0.0184655 0.897667
0.41521 0.251681 0.732491
0.281048 0.0959859 0.706058
0.392316 -0.0707335 0.812341
-0.0287034 -0.0181641 0.861603
0.335313 0.203042 0.795859
-0.359657 -0.125315 0.649836
-0.0119425 -0.189838 0.859375
-0.271647 -0.0808441 0.633366
0.394042 -0.206158 1.03422
0.35449 0.111614 0.66685
0.37917 -0.0679915 0.786003
-0.271661 -0.140951 0.817353
-0.955639 -0.0673796 1.53617
-0.821854 0.0104884 1.57868
-0.0902327 0.507212 1.60322
-0.829733 0.371552 1.44554
-0.0157158 0.539218 1.56621
0.315976 0.168601 0.650151
-0.522504 0.202291 1.57855
0.627108 -0.344918 1.16815
-0.896114 0.250525 1.39822
0.235055 0.50416 1.85639
0.552793 -0.274891 1.13233
0.0893973 0.0115538 0.855912
-0.425074 -0.209417 0.735774
-0.270166 -0.246437 0.813798
-0.145064 -0.230517 0.836381
-0.147398 -0.23402 0.851405
-0.193056 0.435057 1.71379
-0.0462719 0.0419211 0.816514
-0.695852 0.000814386 1.6991
-0.116153 -0.0123338 0.914067
-0.424014 -0.212721 0.776141
-0.118325 -0.0267805 0.639759
-0.131699 -0.0743622 0.858645
-0.233695 -0.141155 0.881931
-0.434421 -0.200224 0.758883
-0.0755623 -0.088333 0.817317
-0.0856363 -0.0119848 0.8254
-0.1011 -0.177308 0.856073
-0.118171 -0.248907 0.876345
-0.0115721 -0.296715 0.883551
-0.118469 -0.209672 0.819691
-0.0731899 -0.211661 0.828855
-0.0144053 -0.28857 0.884415
-0.0165746 -0.244882 0.866469
-0.0730402 -0.163801 0.853704
-0.0270457 -0.231141 0.851625
-0.271932 -0.248689 0.817567
-0.211355 -0.264747 0.793257
-0.271847 -0.269546 0.803945
-0.780684 0.446457 1.70973
-0.740346 0.282339 1.47646
-0.721094 0.291906 1.5061
-0.69898 0.463216 1.40422
-0.163348 -0.219912 0.802609
-0.182684 -0.227798 0.790018
-0.162857 -0.246382 0.81285
-0.943618 0.369844 1.38916
-0.798023 0.399186 1.47195
-1.11298 0.34986 1.63776
-0.77403 0.321428 1.48384
-0.535155 0.504908 1.52779
-0.852451 0.304157 1.40231
-0.858209 0.425041 1.39168
-0.889464 0.435489 1.34704
-0.818545 0.400233 1.38089
-0.761558 0.454451 1.35984
-0.892924 0.0122388 1.74255
-0.677934 0.256104 1.51531
-0.914429 0.0592827 1.39301
-0.778995 0.0894361 1.50753
-1.02069 0.307028 1.69538
0.412265 0.560945 1.73255
-0.414786 -0.142267 0.641486
-0.298773 -0.0932673 0.662606
-0.379309 -0.134144 0.777936
-0.349267 -0.28777 0.821947
-0.754967 -0.00892096 1.25513
-0.385856 -0.300416 0.830064
-0.274934 -0.115431 0.797109
-0.892081 -0.0460886 1.47363
-0.389283 -0.197455 0.763578
-0.975035 -0.0135056 1.49622
-0.938212 -0.0662227 1.50294
-0.383031 -0.199494 0.811045
-0.291159 -0.162136 0.71143
-0.38056 -0.211028 0.640476
-0.412244 -0.154645 0.736498
-0.516409 -0.188259 0.887326
-0.493854 -0.191733 0.729983
0.175729 0.152894 0.695694
0.0677632 -0.0652505 0.881346
0.225753 0.154527 0.717132
0.348832 0.098763 0.728209
0.0144929 0.0782108 0.846467
0.092535 0.0483484 0.770022
0.206254 0.104041 0.771041
0.367287 -0.0644123 0.848924
0.16482 -0.0288068 0.881495
-0.190687 -0.157774 0.843411
-0.00129477 0.012611 0.785429
0.209468 -0.052599 0.66134
0.205274 -0.0309889 0.697543
0.529795 -0.117065 1.04237
0.103459 -0.217786 0.904755
0.326706 -0.184684 0.882313
0.318982 -0.0520883 0.64804
0.0216622 -0.178826 0.787366
-0.827543 0.296267 1.61538
-0.0651251 -0.0683603 0.861325
-0.0733597 -0.202189 0.837579
-0.186248 -0.253111 1.10242
-0.227743 -0.148856 0.810904
0.283783 0.00681735 0.662211
0.27461 0.0340156 0.685953
0.310843 -0.236278 1.0411
0.254488 0.158589 0.709516
0.0648132 -0.0164995 0.911114
0.339986 0.0475251 0.666853
0.257504 0.104895 0.664381
0.0504189 -0.15977 1.20689
0.251046 0.000168828 0.731358
0.0783171 0.141516 1.29326
0.216526 0.192568 0.76575
0.199129 0.172398 0.761938
-0.925349 0.170014 1.41534
-0.149196 0.441558 1.63527
-0.232986 0.387494 1.6851
-0.0855164 0.475843 1.73233
-0.0810633 0.373412 1.71383
-0.954057 0.169871 1.41089
-0.851772 0.217761 1.52783
-0.064575 0.422668 1.7843
-0.213641 0.552665 1.58603
-1.01482 0.279852 1.53594
-0.360405 0.426555 1.55151
-0.0681787 0.523029 1.65028
-0.214843 0.460864 1.58593
-0.42558 0.52466 1.58679
-0.329135 0.377214 1.65266
-0.0884933 0.5002 1.58481
-0.422892 0.461881 1.55529
-0.356463 0.496928 1.69548
-0.387954 0.527624 1.543
-0.0398293 0.0413892 0.881741
0.255047 -0.158701 0.920029
-0.534756 0.254781 1.59888
-0.509336 0.163836 1.54455
0.224953 -0.0249267 0.856966
0.181327 -0.0247028 0.888119
0.040999 -0.143315 0.833205
0.205082 -0.00815724 0.793585
0.318377 -0.0493482 1.08125
0.00451487 -0.129586 0.856307
0.112592 -0.140982 0.958863
0.221294 -0.318163 1.11603
0.236276 -0.261862 1.09007
0.00103503 -0.0380385 0.900175
0.244944 -0.254813 1.00008
0.0693451 -0.293901 0.90746
0.0182022 -0.00259467 0.856465
0.0404389 -0.270031 0.873698
0.0374488 -0.250882 0.865166
0.122859 -0.327333 0.889127
0.0739806 -0.234907 0.871437
0.166494 -0.235697 1.00715
0.104509 -0.207325 0.895023
0.526143 -0.0156828 0.916726
0.0137484 -0.214844 0.849348
0.375828 -0.0341077 0.653354
0.609738 -0.184691 1.01438
0.67718 -0.329085 1.18232
0.377955 -0.349853 0.9744
0.617244 -0.329822 1.05401
0.597835 -0.334573 1.08658
0.721757 -0.280971 1.20072
0.691871 -0.348332 1.09397
0.536192 -0.386499 1.09635
0.32397 -0.242759 0.871224
0.20917 0.18082 0.769654
0.27127 0.515074 1.71593
0.0161169 0.431782 1.66469
0.133634 0.604486 1.66643
0.0662938 0.407165 1.74702
0.14118 0.140133 0.743774
0.209211 0.17919 0.742745
0.14054 0.537631 1.69108
0.265654 0.602724 1.69912
0.197875 0.0582584 0.878781
0.182898 0.0856652 0.817749
0.160646 0.0987849 0.868438
0.0954382 0.0745885 0.838971
0.259257 0.132781 0.77293
1.13503 0.590577 1.69461
0.388207 0.182157 0.699716
1.11697 0.529732 1.70615
0.267817 0.15797 0.689926
0.25153 0.15718 0.725584
0.253551 0.222905 0.692235
0.328893 0.199047 0.649459
-0.311174 -0.123495 0.740796
1.17123 0.0518905 1.84422
0.375084 0.171292 0.809339
0.0617567 0.0654506 0.849972
0.0873539 0.113187 0.838257
-0.458808 -0.184477 0.729632
-0.234428 -0.248923 0.783641
-0.137233 -0.00843479 0.801023
0.145768 0.14909 0.817557
-0.202656 -0.0754821 0.80641
-0.29433 -0.106739 0.761245
0.167947 0.15186 0.797019
0.290852 0.21492 0.683473
0.117504 0.117198 0.814886
0.304413 0.193477 0.66454
0.184525 0.117169 0.754002
-0.390876 -0.143761 0.79212
0.0350984 0.0563305 0.817253
0.220231 0.0171433 0.894456
0.106685 0.00714204 0.872095
0.302442 0.197623 0.64251
0.13229 -0.0670385 0.901069
0.0144209 0.0383915 0.796231
0.0539145 -0.0237253 0.895017
-0.27673 -0.0636755 0.856559
-0.0448446 -0.0251536 0.830606
0.18478 -0.0563872 0.919839
-0.206613 -0.292406 0.891735
-0.0254812 -0.146752 0.882902
0.116782 -0.268746 0.787175
-0.0274456 -0.247253 0.852931
-0.0176877 -0.253106 0.894353
0.147395 0.0235537 0.865815
0.0475256 -0.30291 0.874201
-0.283975 -0.280474 0.836354
-0.0293701 -0.158096 0.838784
0.385373 0.224972 0.73112
0.283348 -0.0595053 0.567201
-0.327983 -0.290954 0.862114
0.376031 0.146612 0.676529
0.594643 -0.35913 1.03708
0.250727 -0.128139 0.81207
-0.177039 -0.214876 0.878061
0.41849 0.243467 0.730613
0.397942 -0.209917 1.04593
0.344936 -0.0716465 0.676582
-0.310649 -0.276412 0.815701
0.0540197 -0.33798 0.983628
0.0443414 -0.0480919 0.861812
-0.00222569 -0.0373147 0.851224
0.318683 -0.196125 0.803622
0.137133 -0.310084 0.91004
-0.222457 -0.0610535 0.774545
-0.367482 -0.117457 0.793382
-0.13517 -9.40218e-05 0.824259
0.0359241 -0.0211873 0.214185
0.0453109 0.0809191 0.830458
-0.825681 0.108377 1.46627
-0.0316325 -0.0202088 0.933184
0.106577 0.00764042 0.859808
0.0693221 -0.300019 0.905564
0.266443 0.22941 0.643011
0.386329 0.102153 0.666469
0.166223 -0.104594 0.993086
0.60502 -0.292429 1.10036
0.262849 0.21861 0.725332
-0.396228 -0.14533 0.744996
-0.34606 0.374304 1.6293
-0.585064 0.192028 1.01866
-0.0969835 0.546789 1.71827
-0.546731 0.23779 1.50901
0.0386454 0.493216 1.61312
-0.090022 -0.150316 0.705095
-0.522187 0.43834 1.48696
0.0258071 -0.125819 0.859338
-0.424844 -0.213279 0.777033
-0.803765 0.251467 1.48004
0.128032 0.476183 1.65661
-0.437974 0.234278 1.63507
0.114197 0.447919 1.88641
0.0394396 0.067302 0.853243
-0.12186 0.440675 1.67268
-0.437772 0.531038 1.54263
-0.389675 -0.137012 0.721694
0.039063 0.581747 1.69558
0.252829 0.21416 0.721544
-0.108108 -0.0492333 0.806377
0.593539 -0.331958 1.20817
0.259114 0.14444 0.962586
0.357054 0.17884 0.68164
0.1468 0.107642 0.825908
0.0123016 0.057558 0.824728
0.0729234 0.0703578 0.837712
0.25889 0.200491 0.614754
0.306439 0.146023 0.628989
-0.658633 0.37085 1.39889
0.184834 0.483198 1.709
-0.445803 0.228819 1.68143
0.298488 0.00896777 0.667973
-0.0444541 0.333536 1.79013
-0.392561 0.256492 2.27796
-0.687699 0.464361 1.47036
0.0680372 -0.108739 0.843601
0.0904925 -0.099089 0.890863
0.218767 0.180081 1.21615
-0.9118 0.341238 1.63223
0.0112727 -0.00461872 0.817603
-0.88054 -0.0403485 1.44734
-0.303098 0.408329 1.70813
0.311577 -0.268448 0.916371
0.0155126 -0.0704739 0.831536
0.196201 0.0404373 0.884748
-0.196614 -0.286835 0.814491
-0.0629223 -0.303286 0.878791
-0.207829 -0.0303341 0.818894
-0.0803152 0.551208 1.63996
-0.233235 -0.05916 0.76908
0.243033 0.0807774 0.869614
0.369429 -0.13053 0.829524
0.396005 -0.151728 0.906642
0.244682 -0.0215162 0.677256
0.3867 0.166437 0.714677
1.12191 -0.347468 2.13224
0.359286 -0.105787 0.771612
0.136908 0.119853 0.89185
0.341236 -0.119292 0.76761
0.0700449 -0.113551 0.868415
0.103925 -0.0933314 0.915345
0.0906648 0.0383069 0.821353
0.204418 0.160724 0.766762
0.646577 -0.197926 1.05991
0.0275415 -0.125861 0.901515
0.351322 -0.134282 0.801184
0.697438 -0.343682 1.11662
0.160764 0.152945 0.834615
0.0204327 0.0753023 0.807652
0.644981 -0.149633 1.06148
0.163142 -0.0123069 0.900205
0.253923 0.128333 0.771322
0.684769 -0.128975 1.09977
-0.0138666 0.0707354 0.832581
0.532427 -0.310164 1.02426
-1.19435 0.229964 2.16511
0.0892264 0.038506 0.800939
-0.145794 -0.0289925 0.728639
0.288578 0.0398453 0.785679
0.1555 0.0317861 0.746898
-0.437192 0.414377 1.45955
-0.234312 0.394193 1.59116
0.174981 0.512437 1.69623
-0.622094 0.0142037 1.43775
-0.643709 0.127462 1.39504
-0.188788 -0.223721 0.90234
0.243746 0.16795 0.7523
-0.722501 0.289132 1.587
-0.534008 0.367638 1.51215
-0.453437 0.228193 1.71933
-0.795923 0.0415573 1.52671
-0.182066 -0.135453 0.853227
-0.753375 0.254909 1.46493
-0.394846 0.441532 1.54602
-0.392177 0.434074 1.53374
0.41324 0.0971078 0.677797
-0.244029 0.46907 1.54407
-0.177665 0.471254 1.67668
-0.574718 0.256974 1.57197
-0.240185 0.401484 1.58499
-0.400756 0.497853 1.57537
-0.326312 0.344982 1.51396
-0.12515 0.44553 1.70354
0.0351486 0.492044 1.70278
0.508031 -0.0455484 0.880249
0.102359 -0.0768697 0.940622
-0.394921 -0.136589 0.74784
-0.0908508 0.49653 1.5662
0.708261 -0.286781 1.19589
-0.79296 0.275033 1.41063
-0.0733286 -0.209574 0.825486
-0.753555 0.448502 1.43688
0.539344 -0.26471 1.0997
-0.379842 0.44305 1.63014
-0.434589 -0.168945 0.759397
0.174083 -0.0396148 0.914905
0.367089 -0.0510785 0.843744
-0.86148 0.252337 1.41442
-0.848669 0.00659338 1.54557
-0.174797 0.475782 1.67917
0.0342349 0.470417 1.63578
-0.87506 0.435747 1.34204
0.209082 0.116767 0.752725
0.0519568 -0.249089 0.892182
0.547943 -0.266988 1.11505
-0.0168976 0.455562 1.72482
-0.309467 0.417543 1.74761
-0.524955 0.525766 1.49982
-0.728161 0.180753 1.51416
-0.253755 -0.176196 0.93536
-0.111584 -0.249327 0.859285
-0.75957 0.460155 1.33621
0.38844 -0.202341 1.02018
-0.185114 0.522708 1.82495
-0.506572 0.496941 1.5442
0.0758414 -0.0594763 0.871918
0.466397 0.602807 1.68688
-0.876744 0.305873 1.57116
-0.00956629 0.0159877 0.842343
-0.354541 0.519401 1.57588
0.214585 -0.0181929 0.793815
0.270214 0.517752 1.47115
0.21217 -0.22972 1.0797
0.331197 -0.0310834 0.686839
-0.187367 -0.233868 0.816711
-0.30833 -0.115019 0.493219
-0.391081 -0.155002 0.746235
0.161341 -0.0118765 0.64492
0.44286 0.194588 0.735273
0.149186 -0.0970193 0.910111
0.277142 -0.0619687 0.846038
0.206085 0.114372 0.738365
0.154871 0.0949539 0.841483
0.0591773 -0.00538852 0.872297
-0.307966 -0.269869 0.817437
0.281675 0.0383716 0.704578
0.288797 0.149972 0.663879
0.586359 -0.278394 1.14969
0.273759 0.0440509 0.748429
0.374372 -0.194256 1.09653
-0.21367 -0.269482 0.945833
0.257313 0.147097 0.57695
-0.170476 -0.225538 0.81514
-0.291424 0.363366 1.69
0.266391 -0.0512901 0.788126
0.110575 0.131056 0.834896
-0.132446 -0.200875 0.841886
-0.117894 -0.0231773 0.697341
-0.629491 0.183061 1.07408
0.207262 0.0717111 0.87043
0.266924 0.153751 0.689014
0.663109 -0.143139 1.06783
0.153708 -0.213854 1.00339
-0.608188 0.452538 1.39991
-0.0871695 -0.261981 0.844102
-0.0738813 -0.249391 0.828678
0.225702 0.0326042 0.910624
-0.373883 -0.194564 0.794461
0.099247 -0.052293 0.883134
-0.311349 -0.192863 0.839577
0.13518 0.125539 0.813086
0.214064 -0.0155361 1.00486
0.0732282 -0.055977 0.841439
0.0157538 0.0406347 0.862767
0.143786 -0.0699503 0.952937
0.181358 -0.158646 1.06854
-0.153323 -0.0601253 0.834529
-0.303483 -0.099939 0.810189
0.167442 -0.0568304 0.868326
0.395364 0.0517794 0.689171
-0.0749576 -0.167425 0.848521
0.354958 0.155195 0.667692
0.331928 0.0615867 0.636311
-0.05218 -0.159861 0.857759
0.290494 -0.101322 0.658208
-0.135744 -0.0303995 0.730711
0.225445 0.151975 0.850716
0.394041 -0.130342 0.876158
0.0656582 -0.118726 0.837699
0.38914 -0.128405 0.865115
0.0728622 0.0696365 0.830957
0.392931 0.115768 0.691052
0.0934161 -0.0641373 0.896305
0.00832849 0.0707806 0.811513
0.402171 -0.118083 0.861336
-0.26247 -0.0879626 0.517678
-0.286933 -0.097603 0.544357
-0.36174 -0.120663 0.715696
0.284843 0.119861 0.732832
0.437039 -0.0209711 1.01683
0.341663 0.233213 0.701391
0.156292 0.136835 0.825872
-0.0131597 -0.182322 0.819267
0.124155 -0.0421749 0.930612
0.361 0.251391 0.683739
0.363068 0.114144 0.652134
0.0522268 -0.272104 0.899081
0.0114407 -0.172214 0.841162
0.191278 -0.0969038 0.938185
0.267835 0.113106 0.699542
0.285821 0.040269 0.71601
-0.0401547 0.316077 1.63992
0.0144183 -0.16143 0.845662
-0.000131353 -0.00416165 0.844678
0.0621012 -0.174824 1.08609
-0.855513 0.465107 1.53522
0.274931 -0.0228763 0.763702
-0.629016 0.469421 1.45358
0.0101928 -0.131003 0.799048
0.00979173 0.0501816 0.783101
-0.890241 0.258519 1.43326
-0.331225 0.452324 1.55214
-0.0595053 0.388434 1.63064
-0.393387 0.324056 1.49701
-0.844299 0.0031235 1.53837
-0.489571 0.475216 1.48847
-0.293295 0.37259 1.73152
-0.0926268 0.51401 1.62491
-0.852101 0.180008 1.39465
-0.230276 0.366531 1.61816
-0.722856 0.290452 1.54471
-0.2324 0.22619 1.73319
0.420514 0.538836 1.60443
0.353853 0.0719552 0.668205
-0.439005 0.528636 1.53948
0.0339258 -0.038566 0.86671
0.29802 -0.0580508 0.911353
0.271724 0.142031 0.706588
-0.0681877 -0.19211 0.820954
0.33802 -0.210313 0.850702
0.324876 -0.160079 0.804254
-0.31612 -0.195552 0.825777
0.154962 -0.236881 0.947661
0.299833 -0.0849604 0.776799
-0.13129 -0.195 0.825892
-0.340352 -0.207711 0.842828
-0.414914 -0.126897 0.950414
0.36195 0.0818097 0.680565
0.103345 -0.270305 0.908907
-0.612975 0.454696 1.39922
-0.325501 -0.14261 0.784999
0.0737072 0.069987 0.831296
-0.415046 -0.142341 0.640876
0.303088 0.202745 0.696821
0.216676 -0.10932 0.865184
-0.0640524 0.0359011 0.818575
-0.183641 -0.229111 0.796518
-0.233265 -0.247591 0.780617
0.0550067 -0.0228035 0.898632
0.0457592 -0.302592 0.874423
0.180299 0.102126 0.827435
0.274826 0.18404 0.660298
-0.0267592 -0.247617 0.854748
-0.208186 -0.26006 0.778452
-0.216316 -0.242463 0.799381
0.286911 0.221608 0.765988
-0.0387474 0.0382656 0.833065
0.356424 0.18709 0.724273
-0.0838456 -0.0487031 0.873335
0.0130361 -0.055059 0.894253
0.0019783 -0.164636 0.832819
0.179415 0.167099 0.832511
-0.144231 -0.251179 0.808568
0.124109 -0.180346 0.950374
-0.0357029 -0.177829 0.844239
0.386225 0.111551 0.687203
-0.245939 -0.264909 0.809067
-0.392409 0.534301 1.5695
0.220164 -0.029841 0.825401
0.213286 -0.149656 0.933136
0.105484 -0.218854 0.883006
0.215258 -0.00152538 0.838985
-0.414253 -0.153813 0.682777
0.0587017 -0.175289 0.851341
-0.252153 -0.249245 0.742565
0.291676 0.199052 0.800268
0.27924 -0.124888 0.915153
-0.191794 -0.0938217 0.927719
0.204138 0.07211 0.87043
0.262866 0.111596 0.689806
0.543583 -0.256089 1.06218
0.483933 -0.37555 1.13687
0.348892 -0.323064 0.903486
0.441965 -0.325817 1.17532
-0.207492 -0.0774118 0.826622
0.55702 -0.357879 1.00749
0.294487 0.128868 0.68753
-1.31982 -0.206864 2.34941
0.342808 0.0771341 0.645602
-0.131621 -0.195872 0.829343
0.485424 -0.235531 1.04675
-0.109781 0.00247166 0.942054
0.124764 0.12457 0.875908
-0.281271 -0.120073 0.753392
-0.383364 -0.127357 0.766023
-0.220559 -0.0598746 0.773181
-0.378258 -0.170237 0.766547
-0.297155 -0.086521 0.717535
-0.0857607 0.00158996 0.660007
-0.020904 0.057804 0.814634
0.204482 -0.13702 1.01699
0.112276 0.115763 0.844655
0.232967 -0.0241033 0.862297
0.380869 -0.0337959 0.788785
0.0660577 0.0616752 0.922547
0.436577 0.0459364 0.707178
0.146892 -0.0380678 0.900829
-0.0565942 -0.226361 0.862592
-0.192035 -0.018055 0.795699
-0.000583405 -0.0088152 0.725496
0.0382249 0.0248064 0.632017
0.198083 -0.263549 1.03782
-0.0484323 -0.0598476 0.909342
0.17656 -0.0782571 0.766234
0.031968 -0.0460989 0.877785
-0.25127 -0.239663 0.821215
0.370507 0.153592 0.739974
0.191908 0.0136715 0.870768
0.186574 0.00629479 0.754712
0.0358544 0.0261318 0.862316
-0.0325706 -0.165517 0.903905
-0.0493777 -0.167105 0.838034
0.0642948 -0.120999 0.823758
0.26055 0.17016 0.739642
0.220538 0.147369 0.825063
-0.0905896 -0.0534398 0.709458
0.299101 0.221555 0.658828
0.0826303 -0.0774129 0.870061
0.343085 0.123067 0.670587
0.391774 -0.216539 0.952397
0.120819 -0.0548027 0.745899
0.529496 -0.293146 1.1546
0.254623 0.120227 0.703475
0.161579 -0.0563184 0.854715
0.347439 0.139149 0.671864
0.0787607 -0.0289369 0.891356
0.22201 -0.20363 0.979918
0.191564 -0.0961043 0.933984
0.401803 0.227115 0.703638
0.291194 -0.0886075 0.952657
0.100053 0.0851632 0.852551
0.294999 0.152782 0.675601
0.0364373 -0.205084 0.853444
0.126293 -0.286905 0.880936
0.0964719 0.00184939 0.863522
-0.835592 0.430403 1.37818
-0.475935 0.485324 1.52746
-0.25337 0.264398 1.52246
0.368211 0.128483 0.777188
-0.539853 0.52856 1.48545
-0.704691 0.464069 1.41423
0.105744 -0.0756233 0.913216
-0.211726 0.518144 1.59195
0.243448 0.197403 0.616404
-0.717309 0.227535 1.69431
-0.684079 0.38564 1.4697
-0.268218 0.528265 1.55755
0.00362173 0.529637 1.59237
0.00483001 0.540209 1.62086
-0.0237229 -0.204627 0.856151
-0.372995 -0.208064 0.749317
-0.506264 0.507359 1.52022
-0.480509 0.486123 1.5336
0.260347 0.192507 0.696876
0.166968 0.338685 1.20622
0.298504 -0.0604669 0.60276
0.0856037 -0.131744 1.05046
0.129423 -0.0474398 0.89708
0.253469 -0.108268 0.825929
-0.472521 -0.171647 0.81511
0.224378 -0.0360364 0.802276
0.137601 -0.0787658 0.886305
0.141544 0.146394 0.833203
0.500185 -0.251839 1.02302
-0.0510691 -0.0271541 0.871926
0.32461 0.020175 0.654506
0.362792 0.237865 0.696583
0.0541717 0.032879 0.721836
-0.2015 -0.219465 0.832904
-0.0511752 0.0296606 0.796755
0.0144721 -0.00409973 0.863729
-0.0791031 -0.091228 0.84107
-0.15183 -0.0596858 0.812024
0.0710173 -0.094047 0.864251
0.0259933 0.0525064 0.837737
0.322224 0.00424311 0.72992
0.0589208 -0.217483 0.862714
0.200517 0.128686 0.760968
-0.204086 -0.135027 0.8574
0.0463268 -0.28839 0.854045
0.28202 0.101953 0.788582
-0.296255 -0.190311 0.868154
0.00808125 -0.167803 0.847893
0.424573 -0.177513 0.812158
-0.231949 0.394178 1.61402
0.185685 0.0912829 0.968665
0.153754 0.076128 0.83191
0.614989 -0.294546 1.11781
0.266396 0.112318 0.689831
0.21766 0.124243 0.769095
0.304058 0.143982 0.62276
0.196204 -0.113435 1.01177
0.369569 0.114678 0.659515
0.125572 -0.115396 0.932718
0.352518 0.189071 0.690337
-0.216889 -0.0647788 0.692972
0.359757 -0.136055 0.814995
0.0777185 -0.0573155 0.951469
0.403195 -0.0134985 0.712519
0.187037 0.105818 0.840943
0.0884936 -0.0547296 0.907637
0.147123 -0.209469 0.976124
-0.313259 -0.197204 0.859538
-0.213879 -0.0948426 0.776866
-0.286102 -0.177313 0.760988
0.14133 0.105855 0.864549
-0.246303 -0.0705094 0.822125
-0.128659 0.548885 1.60288
-0.25458 0.321349 1.78431
0.157858 -0.054875 0.919006
0.215773 0.142865 0.89319
-0.00545487 0.502317 1.50212
-0.364262 -0.119969 0.745567
-0.385788 0.479932 1.5111
-0.776338 0.426467 1.37161
-0.435701 0.44602 1.46682
-0.926416 0.312648 1.41915
0.371568 0.197621 0.720932
-0.837137 0.108978 1.48784
-0.697624 0.145311 1.60354
-0.795198 0.0521951 1.63548
-0.679054 0.0222476 1.60289
-0.427717 0.386967 1.54564
1.10283 0.335927 1.65491
-0.648987 0.436807 1.38638
0.0621884 0.0393394 0.834714
0.203147 -0.0487196 0.937386
0.013015 -0.171072 1.0311
0.0428393 0.104282 1.03944
0.3235 0.115357 0.639438
-0.000513964 -0.0373376 0.868469
0.285883 -0.0490863 0.916309
0.296726 -0.0527604 0.778044
0.155173 0.110196 0.799955
-0.103164 -0.178253 0.862079
-0.151016 -0.0481335 0.796431
0.0385111 -0.0514215 0.892388
-0.16325 -0.219028 0.795885
0.205636 0.0104956 0.784827
0.102561 0.00582532 0.87565
0.0123505 -0.160501 0.837755
0.00439771 -0.16823 0.855001
0.052227 0.061814 0.899008
-0.212228 -0.0941745 0.782879
-0.0865213 -0.200037 2.36604
-0.334613 -0.115296 0.731788
-0.130176 0.0043087 0.8224
-0.10927 0.00352697 0.787154
-0.395531 -0.135751 0.760323
0.175573 -0.11 1.05335
-0.0814064 -0.167426 0.84527
-0.0525998 -0.017893 0.973301
-0.379979 -0.140406 0.867328
-0.164136 -0.221005 0.805674
0.0551096 -0.00557321 0.859027
-0.147788 -0.0493934 0.733281
-0.366957 -0.135217 0.740275
-0.21266 0.0265429 0.844076
-0.100887 -0.00116499 0.807547
0.274283 -0.117862 0.637862
0.327668 0.199906 0.746848
-0.0869864 -0.259908 0.833151
-0.114256 -0.0223533 0.71416
0.311605 0.111434 0.733355
-0.0743593 -0.186701 0.774804
-0.0257622 -0.0141245 0.279624
0.211947 -0.0487115 1.4985
-0.172445 0.421767 1.75727
-0.371305 0.42961 1.5991
-0.552487 0.487386 1.47606
-0.850243 0.436299 1.3989
0.10107 -0.213901 0.859825
0.125019 -0.0476631 0.877568
-0.202329 -0.0548673 0.794718
0.632466 -0.164219 1.0766
0.190307 0.153798 0.708771
-0.56426 0.292563 1.61687
-0.783907 0.00458951 1.51267
0.119313 0.128856 0.804959
0.0566066 -0.210161 0.862976
0.207633 -0.0190675 0.889133
-0.89728 0.153924 1.42689
-0.865671 -0.0925338 1.49469
-0.212468 0.440187 1.58222
-0.0691213 -0.206705 0.83276
-0.500861 0.449258 1.82566
-0.859734 0.146816 1.55308
-0.306443 -0.177469 0.74899
0.145929 -0.0963389 0.901075
0.184757 0.164949 0.789676
-0.670872 0.292508 1.37044
0.0459219 -0.0802644 0.813957
0.0290856 0.465596 1.615
-0.334717 0.319713 1.6962
0.656578 -0.245072 1.12304
-0.966406 0.284178 1.66871
-0.926934 0.314148 1.41741
-0.148702 0.437342 1.62455
0.403402 -0.325278 0.988106
-0.875243 0.126227 1.43294
-0.949305 0.173897 1.44868
-0.741414 0.444928 1.41545
0.23876 -0.114104 0.781134
0.288152 0.136059 0.796742
0.0866954 -0.023574 0.883179
-0.00242403 -0.262587 0.857466
0.0813707 0.00496213 0.867752
-0.0419753 -0.125796 0.826843
-0.0719002 -0.253972 0.848775
-0.283722 -0.10445 0.745012
-0.492272 0.184909 1.52202
-0.609792 0.264571 1.74359
-0.143889 -0.0325388 0.772279
0.33283 -0.101217 0.732962
-0.292364 0.481872 1.67605
-1.02345 -0.195706 1.6651
-0.291074 0.389094 1.64449
-0.317741 0.496165 1.60578
-0.902339 -0.0963216 1.56431
-0.113254 -0.00320441 0.78766
-0.173414 -0.0687559 0.674715
0.20808 0.188167 0.754263
0.187574 -0.0557374 0.924797
0.113488 0.0605002 0.910536
-0.799625 -0.0925526 1.38855
-0.129817 -0.192132 0.845585
-0.262803 -0.065769 0.768878
0.0805148 0.125846 0.987856
0.0241129 -0.232332 0.923512
-0.0158023 0.0365032 0.819106
-0.293258 -0.117858 0.824386
0.0149437 -0.214097 0.851865
0.309197 0.101952 0.757729
-0.315884 -0.138997 0.75107
-0.421218 0.210602 1.60061
0.323439 0.257998 0.892083
-0.111881 -0.170149 0.77316
-0.117185 0.453205 1.62729
0.107086 -0.214076 0.921449
-0.0649216 0.413673 1.75337
-0.0596259 0.52276 1.59313
0.0709626 0.565846 1.63483
0.0586511 0.117388 0.997735
-0.0846009 -0.0398021 0.842508
-0.707831 0.413194 1.31998
-0.0750053 -0.267654 0.837832
0.381088 0.139556 0.682383
-0.228454 -0.0900612 0.793097
-0.225368 -0.151627 0.76734
0.0403906 0.0463339 0.824423
-0.363642 -0.587992 4.89822
-0.425324 -0.158784 0.778769
-0.0787008 -0.167344 0.84708
-0.549759 -0.20077 0.935657
-0.241445 0.302792 1.67539
-0.0842696 0.492798 1.68587
0.256425 -0.201784 1.01611
-0.295221 -0.109299 0.788639
-0.188727 -0.067887 0.822616
-0.72978 0.42902 1.38796
-0.215931 -0.142865 0.822647
-0.51365 0.375257 1.51103
0.331025 0.217079 0.713482
-0.868544 0.446061 1.43081
-0.889822 -0.101365 1.5503
-1.00145 0.564442 1.53363
-0.15782 -0.00765865 0.859174
0.150792 -0.19589 1.0277
0.033718 0.0747758 0.648013
-0.237712 -0.0923129 0.869952
-0.0717227 -0.251783 0.836759
-0.225815 -0.0631371 0.866199
-0.150848 -0.0515069 0.235179
0.263641 0.242784 0.699087
0.185982 0.0936324 0.62684
-0.914757 0.350568 1.73051
-0.250489 -0.0580343 0.757041
0.021029 0.0765206 0.828936
-0.102679 -0.18277 0.858429
0.0162427 -0.211179 0.840834
0.320314 0.0212887 0.64572
-0.306715 -0.182771 0.858814
0.279139 0.178603 0.613477
-0.396352 -0.146757 0.991611
0.123101 0.129442 0.802618
-0.499739 -0.196262 0.855033
-0.383613 0.47355 1.49758
0.00543717 -0.129222 0.860211
-0.286317 -0.11978 0.411897
0.120634 0.608839 1.68127
0.0770965 0.0439667 0.725543
0.29335 0.151678 0.671925
-0.122084 0.579922 1.59465
-0.0180301 0.547459 1.59995
0.283438 0.147699 0.654313
-0.529281 0.228042 1.43796
0.0720986 0.635657 1.66251
-0.38087 0.50896 1.5146
-0.352467 -0.10093 0.88195
0.00257026 -0.166467 0.845232
-0.983856 -0.119011 1.90079
0.323365 -0.130877 1.05402
-0.72765 0.247176 1.41369
0.378579 0.184763 0.68609
0.0552708 -0.0400503 0.882736
-0.0567766 0.00138803 0.817652
0.135967 -0.0770224 0.873275
-0.216419 0.35586 1.49923
0.303871 -0.0541094 0.708472
0.135539 -0.134395 0.959025
-0.303362 -0.116889 0.79641
0.184281 -0.181323 1.05683
-0.0533514 -0.060807 0.896711
-0.227687 0.269198 1.58743
-0.889169 0.440543 1.45426
-0.21723 0.450898 1.63021
0.121136 -0.0380507 0.904048
0.194046 0.152535 0.790105
0.185673 -0.0253036 0.906779
-0.467866 0.532877 1.52389
-0.0983895 -0.213084 0.881155
1.20652 0.537363 1.83692
-0.244497 0.44496 1.6383
-0.0119319 -0.189267 0.853693
0.0412689 0.0562098 0.915825
-0.322605 -0.141803 0.772317
0.0737883 0.107272 0.819575
0.169403 -0.168238 0.977166
0.0558597 -0.0867764 0.901869
0.198768 -0.0876841 0.824282
0.0146469 0.0520576 0.803558
0.27425 0.0459841 0.742814
0.116092 -0.156708 0.943103
-0.842409 0.038052 1.42504
-0.485459 0.42035 1.29697
0.291002 0.0164225 0.675498
-0.0360361 0.0130714 0.80651
-0.465756 -0.212153 0.751897
-0.154429 -0.216222 1.04422
-0.844342 0.489356 1.36015
-0.21527 0.584404 1.59157
-0.0560224 0.0295114 0.842439
0.0884251 -0.0886413 0.898728
0.371213 0.174228 0.693038
-0.127554 -0.0965435 0.803191
-0.702904 0.278535 1.59417
0.335262 -0.181778 0.888983
-0.382339 0.35873 1.91025
0.213718 0.0462047 0.596502
-0.210645 0.50486 1.56232
-0.230004 -0.120527 0.800049
-0.0861927 0.551115 2.01074
0.170818 -0.0657285 0.933457
-0.06025 0.543179 1.64157
-0.18874 0.572451 1.60435
-0.276562 0.295299 1.68728
-0.12116 0.404425 1.72053
0.256984 -0.229398 1.00663
-0.0872005 -0.0137146 0.811858
-0.197786 -0.0878929 0.802172
0.658877 -0.325057 1.10928
-0.232771 -0.0375923 0.878395
-0.642231 0.204104 1.67373
-0.671731 0.389745 1.55176
-0.220727 0.389445 1.60592
0.0127165 0.0389079 0.823414
-0.528673 0.25127 1.59078
0.0938758 -0.254958 0.854449
-0.418542 -0.149571 0.746348
0.0258497 -0.225271 0.861311
-0.541279 -0.2405 0.849833
0.188415 0.112191 0.736121
0.238619 0.153029 0.670757
-0.860843 0.220818 1.45042
0.126828 0.138392 0.803308
-0.928982 -0.0658125 1.48773
0.114351 -0.143821 0.979534
0.28595 -0.110156 0.784805
-0.272703 0.289743 1.6574
-0.281769 0.465685 1.58644
-0.201646 0.496473 1.58236
0.324885 0.0804269 0.644368
0.312062 0.20751 0.723404
-0.416704 0.504533 1.54149
-0.722549 0.0081451 1.3701
0.046711 0.0829009 0.839481
-0.672531 0.386931 1.53773
0.274319 0.190578 0.671423
0.304125 -0.0852435 0.786831
-1.00404 0.294792 1.73802
-0.105612 -0.00757213 0.805505
-0.331482 0.377774 1.66168
-0.0779208 0.432373 1.61182
-0.969878 -0.0147674 1.48938
-0.851986 0.170681 1.35781
-0.918897 0.000187414 1.45671
-0.832625 0.025147 1.57477
0.298675 0.171029 0.666485
-0.116828 0.0355799 0.870517
-0.313852 0.486028 1.53414
0.172249 0.546888 1.64775
-0.439185 -0.173238 0.741531
0.056222 0.439174 1.59998
-0.0842375 0.00157149 0.813056
-0.244888 -0.160316 0.764387
0.773911 -0.297663 1.28147
0.32004 0.215143 0.646905
0.00764306 0.0717812 0.783312
0.316739 0.582066 1.76131
-0.46258 -0.21386 0.791255
-0.372235 -0.1935 0.792221
0.287533 -0.0639829 0.877078
-0.315472 0.446484 1.38337
-0.0749322 -0.0357521 0.75448
-0.151957 -0.060006 0.809819
0.11561 -0.164134 0.915241
0.342349 0.212206 0.664614
-0.790171 0.0388831 1.36526
-0.64082 0.369377 1.48614
-0.301228 -0.0831797 0.792752
0.181965 0.141562 0.741434
-0.508632 0.236103 1.53552
0.294379 -0.0850743 0.795432
-0.434723 0.406286 1.44822
-0.872684 0.147867 1.38482
-0.250871 0.49057 1.5889
0.137767 -0.0862535 0.926924
-0.14962 0.43317 1.61831
-0.890596 0.404282 1.43973
-0.244118 -0.0761387 0.544307
-0.723481 0.229789 1.59366
0.0822372 -0.166291 0.859207
-0.0834744 0.0172672 0.770297
0.115893 0.103743 1.02446
0.685498 -0.142958 1.10016
0.323166 -0.170205 1.07525
-0.402064 -0.177442 0.76898
0.651135 -0.164162 1.10518
-0.0442335 0.311782 1.67177
0.177774 0.0887237 0.741797
-0.658488 0.252931 1.51539
-0.127341 0.451818 1.73271
-0.226896 -0.251931 0.817458
-0.0349301 0.56089 1.79573
0.226359 0.153818 0.701114
-0.528468 0.202657 1.59455
0.303835 0.174704 0.678503
0.0349426 0.564565 1.648
-0.606714 0.226166 1.37683
-0.285647 -0.148093 0.874774
-0.0208106 0.373187 1.729
0.450128 0.591125 1.6592
-0.480123 -0.183579 0.730613
-0.145284 0.598954 1.74565
-0.786618 0.0397797 1.4972
-0.352548 0.304524 1.58836
0.384788 0.205772 0.69042
0.146696 0.546454 1.65837
-0.75181 0.214567 1.49423
-0.886196 0.302811 1.40671
0.0459525 0.448468 1.73323
0.0285568 -0.117702 0.839949
0.567401 -0.356177 1.0438
-0.495912 -0.197576 0.800533
0.321818 0.022078 0.64869
-0.799554 0.399128 1.46598
0.0104805 -0.119047 0.92824
-0.889463 -0.113767 1.72542
-0.250485 0.445708 1.64491
-0.00993096 -0.196488 0.853481
-0.718063 0.286521 1.53017
0.0495026 0.374181 1.70878
-0.0747702 -0.183141 0.743072
0.0498486 0.100764 0.851465
0.243809 0.0131117 0.826689
-0.74828 0.402642 1.34266
0.0553777 -0.0247101 0.708613
-0.734981 0.269437 1.49296
-0.875966 0.219891 1.5064
0.2407 0.128145 0.686951
0.329758 -0.056406 0.849699
0.28381 0.186235 0.611551
0.328816 0.102353 0.745221
0.131548 0.462739 1.68322
-0.783486 0.51246 1.58425
0.247595 -0.140023 1.02713
-0.44825 0.447627 1.41746
0.238611 -0.0210916 0.870764
0.0532704 -0.170041 0.819713
-0.711118 -0.0378302 1.59309
-0.253049 0.260899 1.94099
0.148532 -0.228812 0.9632
0.418129 -0.15372 0.935132
0.081294 0.0349772 0.77379
-0.0439766 0.305304 1.6477
-0.259395 -0.107138 0.74429
0.298661 -0.0641377 1.0297
-0.31576 0.441885 1.38205
0.22413 0.151529 0.860883
-0.23557 0.376606 1.66483
-0.236118 0.244049 1.82395
0.24511 -0.0273078 0.885911
-0.186096 0.424025 1.65317
-0.44383 -0.194542 0.725321
0.396448 0.512538 1.52562
-0.211786 0.42014 1.58782
-0.248986 0.481239 1.56753
-0.727916 0.411795 1.43624
-0.435951 0.516379 1.42547
0.269473 0.46483 1.64363
-0.0265084 0.479593 1.42639
-0.332531 0.55777 1.44846
-0.0663232 0.0107134 0.819558
0.127122 0.585827 1.61041
-0.707281 0.458648 1.30988
0.352033 0.0916375 0.626121
-0.335806 0.560296 1.45119
-0.843837 0.489147 1.35554
-0.0562643 0.00189818 0.798057
-0.315251 0.589532 1.48444
-0.826757 0.521441 1.3858
-0.646504 0.221169 1.57158
0.0598036 0.604385 1.58451
-0.493106 0.101807 1.68184
-0.686541 0.444555 1.3757
-0.364403 0.446545 1.42307
-0.443264 -0.163235 0.719154
-0.057613 0.732922 1.77839
-0.335359 0.47559 1.49289
-0.213695 0.572764 1.55231
-0.392683 -0.127765 0.811069
-0.855894 0.493626 1.37098
-0.480931 0.610936 1.48655
-0.434557 0.34201 1.57047
-0.433566 0.599541 1.42108
-0.529444 0.106926 1.78413
0.338476 0.0828787 0.663607
-0.224366 -0.0561736 0.62729
-0.0814632 0.578741 1.56968
0.126399 -0.0423123 0.949474
-0.226865 0.398331 1.44917
0.290598 0.0727164 0.60617
-0.4297 0.483869 1.38658
0.0358282 0.556211 1.63235
0.415941 -0.0312479 0.750653
0.128379 -0.152655 1.05854
-0.226963 -0.160176 0.889033
-0.229827 0.358536 1.59448
0.308496 0.548404 1.76421
0.265317 0.15935 0.633591
-0.0510885 -0.275105 0.881171
0.295916 0.520968 1.6908
-0.89133 0.218363 1.38513
-0.830993 0.416733 1.42749
-0.395433 0.318115 1.56174
-0.899936 0.186322 1.49512
0.264351 0.21651 0.678643
0.178336 0.70637 1.86603
0.255793 0.614234 1.68169
-0.513305 0.518887 1.53154
-0.329571 0.537468 1.39629
0.309963 -0.230735 1.02604
-0.234295 0.232239 1.75947
-0.707094 -0.0351404 1.59279
-1.04538 0.464 1.73247
-0.825062 0.17523 1.62845
-0.622161 0.207297 1.29097
0.390143 -0.109417 0.829974
-0.158448 -0.0593398 0.97596
-0.604511 0.231218 1.24962
-0.735309 0.29573 1.57328
0.283943 0.0162814 0.661172
-0.0885279 0.567342 1.5326
-0.0543183 0.481006 1.51977
0.428497 -0.205367 0.930726
-0.857196 0.174001 1.42453
0.413706 0.622187 1.65956
-0.472668 -0.189346 0.704709
-0.752587 0.0468327 1.54072
0.418379 -0.290441 1.08149
-0.87149 -0.00824114 1.52906
-0.813869 0.107648 1.44829
-0.925125 -0.0167876 1.35643
0.163399 -0.164705 0.951511
-0.00372411 0.0147945 0.82409
-0.390433 -0.136671 0.700729
-0.285313 -0.0894734 0.495308
-0.246883 0.342259 1.59124
-0.326481 -0.104818 0.793476
-0.797533 0.36455 1.43141
0.0053181 -0.140646 0.805677
0.0863688 0.118468 0.832154
-0.532945 0.368379 1.54572
0.110838 -0.111776 0.881463
-0.727028 -0.0127846 1.55514
-0.291535 -0.0816712 0.734496
-0.434914 0.226473 1.62919
-0.551842 0.381041 1.56976
-0.332652 0.447048 1.62802
-0.715801 0.414104 1.36095
-0.00617436 -0.1345 0.859473
-0.638677 0.050262 1.50874
-0.251125 0.260113 1.95294
-0.921736 -0.132691 1.44428
-0.0779439 -0.0373616 0.853354
-0.256537 -0.0867324 0.762492
0.0384333 0.506218 1.48173
-0.385017 0.482393 1.5124
-0.417879 0.511654 1.55236
-0.0273803 0.502948 1.51563
0.356816 -0.127573 0.802103
-0.387578 0.0834922 1.36892
-0.427716 -0.197515 0.726483
-0.0606291 0.0115238 0.805658
-0.167385 -0.0649547 0.773101
-0.664967 0.0531201 1.58163
0.360765 -0.232167 0.899644
-0.224463 0.415272 1.66254
0.520622 -0.292221 1.13972
-0.592923 0.242479 1.54577
-0.814947 0.380368 1.78939
0.521414 -0.323043 1.10856
-0.623468 0.277039 1.67058
-0.903109 -0.126588 1.42489
0.18668 0.615971 2.20957
-0.197506 0.305837 1.9247
-0.0157332 0.438539 1.68261
-0.0557109 0.00199748 0.782303
0.595359 -0.344372 1.13797
0.264757 -0.147986 0.804392
-0.514722 0.196347 1.58207
0.155171 -0.0387122 0.937311
-0.022208 -0.0687928 0.87657
0.195263 0.0673877 0.829917
-0.956545 -0.167789 1.53699
-0.406272 0.33686 1.5502
-0.784125 0.0419034 1.519
-0.472637 0.404458 1.69972
0.0584726 0.441764 1.68659
-0.825551 0.522046 1.38187
-0.625143 0.217391 1.52983
0.130629 0.602029 1.64953
0.0352087 0.550741 1.61421
-0.834393 0.00899892 1.51994
-0.224044 0.566417 1.62033
-0.230231 -0.0591656 0.752914
0.13697 -0.105759 0.967859
-0.503641 -0.229587 0.822781
-0.2965 -0.0895694 0.74986
0.215315 0.096475 0.593567
0.0568208 -0.0381367 0.877727
0.196678 0.105408 0.712354
0.256535 0.151404 0.694782
-0.261379 -0.0912768 0.724765
-0.779143 0.00583362 1.55126
-0.891016 0.451314 1.43889
0.0723245 -0.164948 0.835852
0.217767 0.129947 0.700235
-0.55167 0.282361 1.58513
-0.799054 0.333615 1.47355
-0.258392 -0.0722533 0.785159
0.0549618 0.443132 1.56913
0.176588 0.0884337 0.873799
0.15559 -0.0541595 0.902462
-0.356483 0.410495 1.54135
-0.088158 0.575716 1.54616
-0.15119 0.0118939 1.04167
-0.393299 -0.211275 0.715252
0.169735 -0.0303015 0.938813
0.284233 0.0564072 0.770004
0.0886021 0.102883 0.834598
-0.128724 -0.170881 0.833627
-0.685862 0.281162 1.5114
-0.407736 0.44181 1.50105
-0.497695 0.500925 1.49101
-0.539539 0.174317 1.6374
-0.348017 -0.222737 1.01546
-0.200514 -0.225284 0.81265
-0.348102 0.305604 1.57937
-0.073317 -0.0294842 0.90905
-0.830479 -0.0809527 1.62976
0.121115 0.124974 0.814075
-0.292677 -0.0928276 0.501834
-0.00942081 -0.198958 0.859843
-0.167826 -0.126196 1.03533
-0.816414 0.30165 1.43224
-0.36791 -0.235804 1.07242
0.34768 -0.0563587 0.793217
0.0176463 -0.0704672 0.853115
-0.83574 0.52086 1.47559
-0.0659487 0.0338917 0.813194
-0.578054 0.070103 1.64158
0.0787248 -0.166872 0.851441
0.183431 -0.0193239 0.805625
0.0780536 -0.164382 0.842465
-0.833648 -0.0903427 1.43716
0.2634 0.150544 0.668909
-0.81254 0.364775 1.30634
0.584006 -0.281574 1.11285
-0.784017 0.246639 1.44422
0.0715178 0.0410965 0.861074
0.456684 -0.141792 0.914652
0.195929 0.0895906 0.843276
0.209973 -0.01923 0.896144
0.316314 -0.23926 0.857283
0.214178 0.0711436 0.830166
-0.273088 -0.104496 1.07223
-0.856907 0.4413 1.41423
0.305514 -0.240035 0.83601
0.137898 0.0214622 0.823745
-0.350844 -0.189031 0.806928
0.0549976 0.00319613 0.90253
-0.432376 0.52487 1.59896
-0.253725 0.496204 1.60175
-0.851811 0.21648 1.43161
-0.836822 0.528327 1.40288
-0.924923 0.458345 1.34607
-0.942985 0.145761 1.37262
-0.163556 -0.182299 0.824197
-0.483501 0.491361 1.54894
-0.319648 0.496445 1.55723
-0.337135 0.527863 1.50948
0.0454644 -0.261468 0.908592
-0.807869 0.0482208 1.57809
-0.89639 0.497452 1.31764
-0.739265 0.141178 1.54939
-0.169594 -0.255497 0.839839
-0.787802 0.153929 1.5842
0.335212 -0.135171 1.08442
-0.747542 0.444482 1.42538
0.206805 -0.0213729 0.432655
0.333707 -0.136988 1.08102
-0.21778 0.433811 1.63279
-0.507805 -0.20518 0.736591
-0.250058 -0.0712299 0.844118
-0.90382 -0.108399 1.58568
-0.740997 -0.281656 1.18136
-0.867262 0.0455184 1.46876
-0.438003 -0.170184 0.76617
0.05951 -0.177749 0.860112
-0.306401 0.345523 1.35177
0.177548 -0.127321 1.02349
-0.961745 0.134015 1.46695
-0.272055 -0.0937529 0.784598
0.218579 -0.122686 0.913723
0.449108 -0.0696157 1.13487
-0.0615199 -0.160378 0.838958
-0.234517 -0.0440483 0.812817
-0.484055 -0.180968 1.11044
0.298326 0.155442 0.687281
-0.029153 0.0580461 0.829807
-0.152085 -0.05807 0.233299
-0.974093 0.362655 1.83145
-0.350516 0.48077 1.63855
-0.119882 0.452969 1.62144
-0.397098 0.315309 1.5506
-0.211658 -0.0427905 0.826607
-0.0973329 -0.178659 0.861756
-0.386213 0.40031 1.64909
0.208718 0.188589 0.766853
-0.935254 0.137347 1.40925
-0.215882 -0.0188832 0.444686
-0.0322534 0.0530307 0.778087
0.0367839 -0.0506691 0.889823
0.254642 0.20452 0.710357
-0.21766 0.112882 0.347225
0.0781147 0.104578 0.767915
0.346747 -0.247383 1.11283
-0.0787576 -0.0303259 0.836485
0.0214951 0.0269913 0.821364
-0.339155 0.357573 1.56601
-0.0755082 0.0190651 0.830183
-0.106586 -0.0249591 0.587007
0.381125 0.0888449 0.669095
-0.305656 -0.264578 0.824455
0.152995 -0.0549536 0.896988
-0.44921 -0.234063 0.77163
0.266157 -0.365415 1.08827
-0.906292 0.0285459 1.50203
-0.426888 0.326822 1.64127
0.339068 0.115303 0.658954
-0.256223 -0.127458 0.797343
-0.144125 -0.250833 0.817789
0.562248 -0.294836 1.10249
-0.0875813 0.0191536 0.799419
0.225606 -0.107064 0.96839
-0.132125 -0.0307313 0.389549
-0.594827 0.182296 1.55025
-0.228125 -0.250845 0.815453
-0.00195915 -0.0383588 0.872067
0.0679203 0.40247 1.73437
-0.133325 -0.0349645 0.364258
0.119422 -0.0744795 0.905482
-0.0593068 0.00138135 0.827525
-0.451191 0.226404 1.73987
-0.846859 0.033054 1.42985
0.0330866 -0.00110123 0.877077
0.259678 0.152274 0.704507
-0.151053 -0.0130454 0.680377
-0.0020788 -0.0374933 0.860983
0.0450615 0.0806859 0.825268
-0.916312 0.162823 1.36927
-0.545585 0.392398 1.54159
-0.102809 0.0144328 0.805507
0.0527246 0.0821315 0.792412
-0.216905 -0.233969 0.765993
0.0430154 -0.261888 0.902654
0.0747737 0.0447049 0.909642
-0.362438 -0.145761 0.491858
-0.0970129 0.0172635 0.797412
0.177532 -0.0216833 0.68076
-0.0605339 -0.0407073 0.183909
-0.107799 -0.0043821 0.768337
-0.39737 0.499439 1.61078
0.0148364 0.061002 0.845825
0.142493 -0.134474 0.837684
-0.283734 -0.0939931 0.780503
-0.256769 -0.118817 1.02743
-0.206975 -0.164005 0.768655
-0.496243 -0.15646 1.10118
0.271692 0.22957 0.734059
0.234987 0.126284 0.810663
-0.291729 -0.1444 0.736862
0.374782 -0.0311753 0.70321
-0.00406869 -0.0103029 0.811766
0.359071 -0.3334 1.11555
0.232275 0.166855 0.846157
-0.44973 -0.182859 0.791217
0.0921561 -0.0241415 0.920023
0.0270735 -0.219724 0.846286
-0.948881 0.370619 1.40125
-0.454921 0.226256 1.78886
0.581604 -0.448705 1.35679
-0.662832 -0.00131108 1.6063
0.0546718 0.0300049 0.537359
-0.623454 0.449449 1.43014
-0.83413 0.166 1.68046
-0.848249 -0.0776029 1.52046
-0.236051 0.416469 1.7572
-0.0247759 -0.150216 0.907669
-0.41573 0.490392 1.51166
-0.754588 -0.0756807 1.54919
0.559718 -0.293864 1.30304
-0.561385 0.15348 1.68144
-0.263565 0.614386 1.55754
-0.214074 0.576977 1.57178
0.0620227 0.610929 1.60308
-0.881464 0.546391 1.33123
-0.0892792 0.564636 1.50891
-0.118831 0.555291 1.52815
-0.212691 0.515527 1.47639
-0.933269 0.257105 1.39908
-0.330312 0.595537 1.55412
-0.90887 0.508069 1.38488
-0.322612 0.26261 1.65085
0.0303742 -0.00267272 0.842521
-0.846944 0.0100623 1.63484
-0.68423 0.129246 1.42909
-0.881855 0.433341 1.3331
0.304095 0.576431 1.64692
-0.00410915 -0.289964 0.900373
-0.122233 0.607128 1.91431
0.0232474 -0.258077 0.867907
-0.631466 0.124315 1.55443
0.374744 -0.0594756 0.933034
0.184086 0.0624044 0.871595
-0.49629 -0.182095 0.849127
0.172865 0.0323187 0.795894
-0.522739 0.175552 1.58514
-0.434569 0.515958 1.5115
-0.674801 0.141059 1.54407
0.153177 0.616093 1.63009
1.24621 0.550599 1.8236
-0.357667 0.400258 1.54494
-0.411558 -0.236815 0.819132
-0.214244 0.486959 1.65475
0.162589 0.0989642 0.827101
-0.463688 -0.241879 0.796674
-0.519999 0.576331 1.44795
-0.336331 -0.107434 0.575565
-0.25494 -0.0720467 0.628065
-0.247918 0.271914 1.57664
-0.0481482 0.620783 1.59507
0.149868 -0.116752 0.911272
-0.746281 0.437806 1.39172
-0.29995 0.175363 1.65216
-0.869124 0.57412 1.35842
-0.996345 -0.0651861 1.56012
0.163862 -0.0556092 0.943376
-0.396306 -0.161831 0.772605
-0.168173 -0.202341 0.82147
-0.192471 -0.12894 0.857547
-0.0239583 0.0548206 0.776531
0.697518 -0.260813 1.14911
-0.400601 -0.143532 0.772902
-0.367575 -0.128538 0.767978
0.143884 0.022441 0.852654
-0.24749 -0.0635228 0.677841
0.262428 0.0943933 0.638312
0.106969 0.00616065 0.912163
-0.0167011 0.0101803 0.862901
-0.0737666 -0.169015 0.690769
0.266442 -0.119004 0.644833
0.131683 0.108727 0.752568
0.214984 0.00921444 1.09195
0.385138 -0.0730368 1.1118
0.364617 -0.185817 1.04043
-0.211473 -0.230946 0.807973
0.135898 0.41301 1.68548
-0.438792 -0.15638 0.768953
0.242849 0.0125597 0.927318
-0.411077 -0.16445 0.76542
0.363629 -0.0701014 1.058
-0.871312 0.15398 1.30722
0.143333 -0.0114784 0.850481
-0.682294 0.214642 1.49515
-0.702969 0.45942 1.41034
-0.0404597 0.0398343 0.716244
-0.844118 0.0293127 1.54016
-0.387835 0.524236 1.54858
-0.793319 0.162681 1.42667
-0.632423 0.220058 1.54606
0.358362 -0.0805648 0.75165
0.498049 0.6558 1.83038
-0.847408 0.246843 1.40599
-0.858402 0.440402 1.41085
-0.872113 0.147495 1.38255
-0.190994 0.583143 1.62445
-0.954507 0.148742 1.39073
-0.37641 -0.164518 0.761126
0.165906 -0.0120435 0.90724
-0.0967063 0.368807 1.26569
-0.0577949 0.420968 1.60578
0.522628 -0.433451 1.29916
0.234642 0.0318942 0.663846
0.198738 0.521376 1.81395
-0.188726 -0.121904 0.762539
-0.599446 0.205435 1.45916
0.338305 -0.129687 1.03784
-0.395977 -0.227702 0.789056
-0.59666 0.37796 1.4768
-0.662171 0.384602 1.53731
0.127552 -0.14668 0.466261
-0.0775077 -0.195665 0.81432
-0.661854 0.216984 1.26903
-0.615275 0.386377 1.51691
0.634411 -0.35362 1.15352
-0.235312 0.378126 1.67511
0.329069 0.137766 0.661961
-0.756581 0.146994 1.52405
0.571303 -0.365892 1.03209
-0.272752 0.410269 1.54921
-0.610853 0.252577 1.5999
-0.404992 0.323028 1.59373
-0.166454 -0.248569 0.804516
0.523354 -0.320891 1.17348
-0.268362 0.532424 1.57426
-0.200469 -0.218282 0.830985
-0.164106 -0.00773736 0.830519
-0.746631 0.145223 1.5031
0.250056 0.0401717 0.723362
-0.375156 0.41086 1.63398
0.180489 0.0259602 0.761784
-0.152015 -0.0601281 0.808931
-0.0285221 -0.0267319 0.0741499
-0.75045 0.0440343 1.41471
0.290819 0.123849 0.868578
0.20383 0.158757 0.774439
-0.635716 0.289549 1.37795
0.254732 0.506511 1.8959
0.508498 -0.312337 1.14275
-0.0264981 0.0269491 0.758504
-0.82823 0.141378 1.49359
-0.524751 0.142114 1.55689
0.0960311 -0.0772474 0.905808
-0.0453032 0.0192429 0.774331
-0.0890833 -0.0161046 0.748433
-0.281007 0.430365 1.6186
-0.203202 -0.227476 0.821538
-0.215455 0.402805 1.59541
0.266061 0.155574 0.685691
-0.157122 -0.0293902 0.58482
-0.27429 -0.245381 0.79768
0.309477 -0.174062 0.959135
-0.869955 0.257999 1.39665
0.238118 0.0978007 0.708495
-0.162755 -0.196945 0.812245
0.0491359 0.515741 1.51502
-0.900772 -0.000135748 1.43038
0.645779 -0.313745 1.12546
-0.179781 -0.00823089 0.749485
-0.348054 -0.139936 0.805412
-0.206787 -0.00643357 0.898678
-0.049427 -0.0717649 0.206576
-0.145328 0.572377 1.49094
-0.237507 0.529628 1.61932
-0.257197 0.605819 1.53172
-0.498079 0.490479 1.69855
-0.312859 0.45668 1.52302
-0.86031 0.523336 1.2867
0.270768 -0.239117 1.04953
-0.535768 0.385912 1.50622
-0.333045 0.457741 1.56857
-0.706819 0.00702228 1.34156
-0.930156 0.126701 1.41821
0.0359794 0.388402 1.49421
-0.575726 0.503406 1.56
-0.355602 -0.109059 0.813226
-0.600436 0.299154 1.67713
0.0118197 0.0569924 0.820161
-0.356727 0.588414 1.53524
-0.419832 -0.290679 1.50638
-0.327102 0.583672 1.52974
0.431166 -0.0788312 1.2731
-0.0219586 0.0522303 0.790959
0.143074 0.149973 0.841503
-0.847505 0.367756 1.40462
0.257241 0.0429819 0.72321
-0.428245 -0.239587 0.796097
0.0893125 -0.0989376 0.88892
-0.00491547 -0.282323 0.876332
-0.235047 0.388247 1.69248
-0.330775 -0.191996 0.832688
-0.647155 0.210653 1.61747
-0.181639 -0.0803049 0.650332
0.349017 -0.129471 0.991943
0.107331 0.119706 0.700452
-0.230963 -0.151677 0.847934
-0.27884 -0.25668 0.816137
0.304619 0.106906 0.64854
0.0462973 0.144925 0.590409
-0.377497 -0.126984 0.769913
-0.179663 -0.0359554 0.61868
0.0182173 0.0688533 0.67025
0.0147982 0.0150658 0.504897
-0.241724 -0.033146 0.436683
-0.04541 0.320807 1.68965
-0.185446 0.554866 1.54435
-0.848411 -0.0947487 1.46916
-0.433606 -0.166064 0.796131
0.205733 0.0932121 0.871497
-1.00379 0.319539 1.44866
-0.229828 -0.00589335 1.01425
-0.871452 0.574902 1.35957
-0.120142 -0.0520624 0.739099
0.0586017 0.504246 1.53193
-0.834675 0.508334 1.37352
-0.0890013 -0.0338638 0.0760834
-0.20305 -0.0575301 0.671822
0.0270663 0.348173 1.71347
-0.677057 0.591379 1.45541
-0.93479 0.521039 1.42388
-0.0481794 0.625452 1.60679
-0.0739518 0.0175698 0.802351
-0.396812 0.534434 1.57882
-0.267248 0.479489 1.74088
-0.229813 0.287136 1.68583
-0.544511 0.607259 1.52002
-0.452924 0.413353 1.64257
0.182301 0.0303248 1.02448
-0.568242 0.624605 1.63846
-0.322344 0.60188 1.5188
0.0510863 0.0349684 0.836275
-0.679194 0.231928 1.66478
-0.219291 0.539464 1.6029
-0.670552 0.234033 1.64612
-0.547507 0.518433 1.47539
-0.406982 -0.162601 0.755774
0.208255 0.0106887 0.797135
-0.893978 0.305719 1.41942
-0.578264 0.297457 1.66634
-0.900058 -0.113674 1.74856
0.010823 -0.172524 0.843287
0.0555848 0.100709 0.837783
-0.312797 -0.15525 0.788434
0.0591266 0.000446937 0.862924
-0.430989 -0.156403 0.745277
-0.234245 0.302596 1.63763
-0.252273 0.456104 1.62443
-0.0240465 0.0619147 0.77575
-0.229672 -0.0722422 0.780749
0.165374 -0.0875422 0.833831
0.288198 0.147479 0.662021
0.368862 -0.138784 0.837061
0.314774 0.590408 1.6933
0.356468 -0.148395 0.818186
0.0617057 0.486132 1.71182
0.245607 0.587563 1.63628
-0.922318 0.360987 1.3592
-0.292367 0.565552 1.51259
-0.129651 -0.194552 0.817531
-0.371096 0.358685 1.89338
-0.170254 -0.0823365 0.784181
-0.0636058 -0.0468035 0.819989
0.0839949 0.0241464 0.823704
-0.904684 0.173991 1.52174
0.217478 -0.276501 0.833848
0.263928 0.11606 0.681139
0.275614 -0.00341479 0.822076
0.491174 -0.304299 1.10825
-0.00308599 -0.135219 0.843911
-0.142398 -0.00447267 0.828394
-0.1541 -0.202154 0.787705
-0.207281 -0.0335272 0.784335
-0.723077 -0.291366 1.06349
0.0803774 0.107299 0.764709
-0.0288225 0.04833 0.717278
-0.0313203 0.0495531 0.77871
-0.00257847 -0.138452 0.864663
0.172032 -0.149827 0.954762
0.44881 -0.300481 1.13222
-0.172987 -0.125619 0.857257
-0.393304 0.439546 1.69392
0.417971 0.56964 1.76503
-0.44452 0.2361 1.66726
0.0225204 0.0273606 0.829575
0.0874337 0.0825803 0.828185
-0.0703453 -0.168507 0.865149
0.177668 -0.182719 0.955893
-0.838324 0.381145 1.35162
-0.0134874 0.000910485 0.394091
-0.185342 -0.0719012 0.877303
-0.167259 -0.251115 0.810068
0.329534 0.137418 0.66058
0.0457635 -0.305166 0.88898
0.258404 0.199823 0.678977
-0.349524 -0.112257 0.591948
0.293069 0.559077 1.58882
-0.28433 -0.114178 0.793299
-0.0767557 0.0289468 0.789102
-0.0160175 -0.202256 0.860253
-0.888121 0.304974 1.40787
-0.747242 0.151716 1.48237
1.2529 0.625987 1.83211
0.115821 -0.0363954 0.862957
1.30083 0.574143 1.90107
-0.471676 0.533256 1.52169
0.251795 0.214016 0.69772
0.443858 0.585862 1.70733
-0.596798 0.443419 1.36975
-0.111425 -0.0964726 0.909064
0.0093624 -0.109635 0.706412
-0.0889575 0.594976 1.61486
-0.46226 -0.141344 0.858154
0.0139392 0.432432 1.66305
-0.287044 -0.146456 0.801984
