-0.286636 0.0770379 0.885758
0.280528 0.197304 1.16966
0.619991 0.116406 1.27287
-0.106797 -0.0266758 0.844708
0.912371 0.134393 1.89636
0.224518 0.165359 0.477717
0.00990946 -0.00577956 0.0483093
-0.0543084 0.033821 0.171494
-0.0607037 0.034034 0.177505
-0.420092 0.111171 0.88785
-0.0586919 0.0290284 0.125327
-0.128143 0.05355 0.201255
-0.441986 0.0849982 0.89042
-0.173461 0.0678931 0.279965
0.00322364 0.0487855 0.178477
-0.369348 0.0731606 0.892661
-0.181482 0.0680667 0.268376
0.359511 -0.013677 0.995245
-0.0642374 0.0273052 0.149974
-0.0646866 0.0279336 0.129371
-0.0658699 0.0220813 0.134477
-0.0508403 0.0183329 0.109765
-0.060305 0.0265269 0.176838
-0.0604455 0.0197923 0.114788
-0.0874583 0.0312171 0.169303
0.300839 0.193128 0.537442
-0.0944463 0.0614467 0.468136
0.118593 -0.00794436 1.64899
0.468377 -0.0989767 1.04106
0.10071 0.0742195 1.49854
-0.292112 0.0724539 0.872852
-0.0911683 0.0448073 0.263669
1.00797 0.621578 1.72396
0.74455 0.432172 1.2343
0.035595 0.0952822 1.50179
0.0108465 0.0425075 0.309749
-0.34346 0.109555 0.872269
-0.455358 -0.05859 0.986724
-0.741766 0.244538 1.9151
-0.0652441 0.0385678 0.119369
0.522445 -0.210776 0.961216
0.0730593 0.0566955 0.166916
-0.117016 0.0602553 0.791534
0.400641 -0.16551 1.31439
0.347403 -0.0982708 1.17922
0.864779 -0.0761251 1.56719
0.42692 -0.0996626 0.994877
0.343223 -0.224835 1.07051
-0.601557 0.0351763 1.00891
0.216184 -0.0905982 1.07519
-0.273291 -0.329961 1.04068
-0.0800926 0.039749 0.173258
0.628405 0.0901631 1.27223
0.567885 -0.0639715 1.13601
-0.10533 0.0257978 0.219427
-0.157356 0.0585905 0.92813
-0.402238 0.110933 0.9097
0.00198955 0.0976774 1.5488
-0.29424 0.0912971 0.866032
-0.506273 -0.0984106 1.07722
-0.20863 0.0877795 0.846328
-0.183477 0.125782 0.826504
0.0188472 0.0385925 0.231757
0.0267283 0.0454027 0.275588
-0.221745 0.0938209 0.756952
-0.0617737 0.0281789 0.171397
0.0236498 0.0414479 0.274385
-0.102063 0.0497011 0.135678
-0.116136 0.071279 0.152785
-0.383374 0.188911 0.81032
-0.0208803 0.0302914 0.180249
-0.302932 0.127693 0.891755
-0.0615349 0.0298102 0.177687
-0.0402482 0.0351394 0.181841
0.351993 -0.0423854 0.444581
0.401807 -0.256071 0.892111
-0.775369 -0.0742827 0.667205
0.0815028 0.188934 0.620156
0.957961 -0.0823585 1.73664
-0.761408 0.00382397 1.0745
-0.0568754 0.0382158 0.178494
-0.080349 0.0309345 0.170406
0.0413244 0.0672882 0.18033
0.00209154 0.0405091 0.181494
-0.364173 0.115755 0.922719
-0.217321 0.0900775 0.740518
-0.09838 0.078232 0.187832
0.0614462 0.069541 0.171061
0.0680572 0.0535462 0.157637
-0.000405132 0.0656534 0.172131
-0.0465826 0.0088077 0.104314
0.00457998 -0.00331489 0.0283092
0.0130474 0.00741505 0.031437
-0.0333529 0.0126281 0.0524515
-0.0600914 -0.0910448 0.269114
-0.0194544 0.0113732 0.0868704
-0.0420014 0.0191803 0.0653692
0.884746 0.053672 1.72128
0.377304 -0.197642 1.25974
-0.180692 0.065837 0.267243
0.371777 -0.0109756 1.06673
-0.163913 0.0727805 0.288335
0.393732 0.207896 1.19306
0.424286 0.038385 1.08149
-0.177203 0.0736783 0.26839
-0.597702 0.0404573 0.965606
-0.0957837 0.0515358 0.316809
-0.533598 0.0354463 0.918662
-0.0796012 0.0323701 0.17183
0.0194051 0.169907 0.921128
-0.0899241 0.0246669 0.166056
-0.116991 0.0499549 0.755724
-0.00174557 0.000264309 0.00273747
0.146553 0.096812 1.21273
-0.00460396 0.0643845 0.308125
0.00821179 0.164349 1.46379
-0.127247 0.0585365 0.805539
0.00589867 0.0503101 0.270406
-0.0552147 0.0151108 0.10133
-0.185268 0.06569 0.315817
-0.250127 0.0673193 0.505298
-0.868149 0.446897 2.22048
-0.431218 0.125344 0.907579
-0.089461 0.0449656 0.174803
-0.177168 0.0782115 0.862287
-0.155708 0.0708132 0.533171
1.03486 0.708557 2.01876
-0.175396 0.0684221 0.273997
-0.0628079 0.0228789 0.123563
0.0845424 0.124403 0.370282
-0.0488128 0.0825613 0.630865
0.18491 0.218994 1.33162
0.0056061 0.0676113 0.279843
-0.432079 0.0988907 0.870348
0.473449 0.0481624 1.20431
-0.579796 -0.253977 1.04125
-0.595256 -0.118066 1.0944
-0.180306 0.0822909 0.86429
0.182603 0.238873 1.46029
0.281938 0.14422 0.496669
0.533201 -0.259201 0.846895
-0.587592 0.0870107 0.951077
0.364162 0.19218 0.996079
0.386604 -0.104608 1.29575
-0.660196 -0.0743625 1.02613
-0.106681 -0.0184923 0.813912
0.420593 0.00730852 1.16818
-0.0306671 0.0335959 0.182965
0.199587 0.224311 0.877017
-0.413077 0.0936175 0.886978
-0.132043 0.106244 0.799625
-0.474351 0.195565 0.936789
0.179884 0.201957 1.2641
-0.0638573 0.123306 0.884107
0.0363252 0.0566255 0.18884
0.0154598 0.04282 0.307426
0.00167762 0.0413637 0.183466
-0.0701231 0.0345108 0.175346
-0.0226599 0.0108373 0.0547712
-0.0888535 0.0427726 0.171068
-0.00417614 -0.00239645 0.00892796
0.00646604 -0.0029763 0.0366432
-0.00288289 -0.00179256 0.00645027
-0.0200146 0.0533077 0.211635
-0.0219605 0.0076833 0.0418395
-0.0394788 0.0353391 0.181654
-0.00541829 0.0362773 0.183803
-0.100143 0.0403458 0.259623
-0.0751534 0.0263855 0.173189
0.00271356 0.0473051 0.185037
-0.0850473 0.0340442 0.170544
-0.0678021 0.0342803 0.175966
-0.0924677 0.0354321 0.169044
-0.0353984 0.0432638 0.183166
-0.00796532 0.00255481 0.0135209
-0.700227 0.284927 1.25357
-0.0769667 0.0279563 0.169263
-0.0635519 0.040351 0.963326
0.018803 0.131765 0.928832
-0.0959133 0.0340007 0.173792
-0.0759626 0.0273362 0.164832
-0.0211571 0.0346625 0.213713
-0.0492853 0.022892 0.100479
-0.0424954 0.0153125 0.0820067
-0.0877486 0.0456046 0.171046
0.00371393 -0.00198026 0.0247166
-0.0790882 0.0329895 0.172927
-0.164925 0.0777344 0.287027
-0.298117 0.0408138 0.903994
0.157133 0.11275 1.35582
-0.512367 -0.0795824 0.919523
-0.0041722 0.0421699 0.182044
-0.0122117 0.0361588 0.181367
-0.65616 0.0369787 1.10235
-0.653702 -0.073191 1.01378
-0.0135094 0.0429679 0.182543
-0.606428 -0.0145294 0.970367
-0.00542814 0.0331352 0.182468
-0.557447 -0.00784347 0.943347
-0.541111 -0.0180535 0.860285
0.402964 0.0547144 0.880321
-0.725684 0.040755 1.02973
0.406816 -0.137188 1.0651
1.03573 0.0366357 2.28852
-0.171778 0.0752469 0.271911
-0.082276 0.0405829 0.17159
-0.716009 0.0619389 1.00529
0.00252591 0.0404386 0.181504
-0.670898 -0.186637 0.998232
-0.638573 -0.179745 0.944076
-0.376115 0.101889 0.862838
-0.0702184 -0.299887 1.08486
0.387785 -0.200721 1.29535
0.614678 -0.105552 1.02839
-0.0448415 0.0218435 0.0866611
0.00452173 -0.00931913 0.0577292
-0.0135133 0.0430499 0.182235
-0.086194 0.0312235 0.170001
-0.0636663 -0.110257 1.06901
-0.377218 0.0938739 1.01495
-0.338101 -0.226634 0.805968
0.0502357 0.0842954 1.51992
-0.624537 -0.0899701 0.989939
0.364333 -0.226268 1.10774
-0.0828051 0.0386049 0.170038
-0.0898518 0.0398955 0.170593
0.00226896 0.0517504 0.194717
-0.0674769 -0.221434 1.04625
-0.102499 -0.0876912 1.45725
-0.1728 0.0757279 0.274409
0.36451 -0.0152732 1.02638
0.533971 -0.130765 0.899541
0.379986 -0.247206 0.852036
-0.452369 0.0672685 0.983199
0.416046 0.056645 1.051
-0.516872 -0.0868643 0.898702
-0.122309 0.0776994 0.804118
-0.289312 0.0686933 0.866671
-0.385127 0.0710674 0.901462
0.374384 -0.260671 1.11475
-0.625555 -0.0770581 0.983322
-0.0605652 0.0336601 0.176105
-0.59987 0.0912798 0.973488
0.403304 -0.0413174 1.29152
0.121266 -0.184794 1.7657
0.512419 -0.215369 0.958057
0.0196733 0.0906745 1.51856
0.580124 0.0546739 1.27373
-0.515994 0.135296 0.882513
-0.0130501 0.0372938 0.183204
0.197696 0.221103 0.859227
0.523526 -0.230318 0.968197
0.361224 -0.257752 0.908597
0.66112 -0.105655 1.11177
-0.0034572 0.0384702 0.182618
0.253107 0.115235 0.448419
0.0767873 0.0573169 0.165608
-0.616904 0.0991983 0.970707
-0.0118305 0.101646 0.754779
-0.285729 0.0519303 0.877899
-0.0157588 0.0456792 0.182504
-0.080303 0.0399843 0.172545
-0.0305763 0.0388248 0.263119
-0.0142881 0.0280229 0.194445
0.51933 -0.104182 1.08427
0.27675 0.126348 0.502854
-0.281932 0.0353128 0.849178
0.481607 -0.0996105 1.01777
0.691981 -0.093469 1.33739
-0.175755 0.0776721 0.845257
0.909548 0.0042479 1.79414
0.410293 -0.0375337 1.31056
0.447155 0.0410502 1.03775
0.322228 0.0972899 0.564682
-0.523547 -0.100742 0.950916
-0.591615 0.038453 0.950729
0.209269 -0.0977432 1.21081
0.662712 0.0359021 1.10645
0.0285862 0.0913818 1.48888
-0.0682801 0.138462 1.34054
-0.436551 0.0884826 1.05613
-0.702233 0.186014 1.06606
0.391677 -0.275552 0.967713
0.392211 0.226834 1.26959
0.020909 0.0783343 0.442272
-0.433595 0.105993 0.915313
0.433081 0.043493 1.00569
0.503378 -0.21046 0.943058
-0.0217023 0.047504 0.186716
0.808956 0.0433714 1.57222
0.0391595 0.0900172 1.21452
0.359155 0.218216 0.782229
-0.0292766 0.0387198 0.182648
0.450247 -0.0889349 1.43739
-0.178969 0.0845766 0.850339
0.412236 -0.0328969 1.31395
0.381591 0.00689053 1.05382
-0.0687622 0.0540728 1.38358
0.524653 -0.230096 0.968076
0.0451804 0.0846162 1.49105
-0.540453 -0.0183386 0.925653
-0.595125 -0.0239259 0.943721
-0.513439 -0.0882614 0.89233
0.482368 0.0724178 1.05885
-0.0250179 0.0347005 0.181879
-0.286139 0.0411262 0.896471
-0.453512 0.0725491 0.979943
-0.488285 0.12249 1.04211
0.390134 0.225738 1.28948
0.159587 -0.044833 2.06035
0.229539 -0.122343 1.53234
0.380408 0.208715 1.11979
-0.462481 -0.081329 0.987369
0.240795 -0.0499293 0.533249
0.401259 -0.167433 1.30336
-0.591676 0.0308693 0.987318
-0.393816 0.0737812 0.913036
0.109899 -0.0968867 1.43865
0.355211 -0.253339 0.882327
0.741118 -0.0437225 1.43504
0.494817 0.0977268 1.08621
-0.555464 -0.010795 0.952827
0.447409 -0.108509 1.04063
-0.43297 0.0990664 0.877975
0.487475 -0.0902307 0.954861
-0.058143 -0.288103 0.840735
0.370576 0.207445 1.09985
-0.376734 0.0630311 0.941203
-0.56252 0.0374547 0.962866
-0.541808 0.0945601 0.914462
0.408617 0.22045 1.0736
-0.716002 -0.205698 1.07865
-0.123891 0.0786528 0.831316
0.41572 0.0367763 1.06216
-0.105761 -0.0155198 0.835003
-0.262998 0.0760331 0.818211
-0.602282 0.0380908 0.971168
0.148044 0.214811 1.29403
0.417773 -0.137826 1.08772
0.0573836 0.19293 0.554507
-0.71512 -0.130067 1.0401
-0.078741 0.0445433 0.173389
-0.0286122 0.0379511 0.182707
-0.187338 0.0744116 0.265279
0.0356217 0.0568908 0.182505
-0.285381 0.0831009 0.880117
-0.43625 0.0577888 0.918086
0.00347898 0.0444249 0.18311
-0.278775 -0.291033 0.956538
-0.00597725 0.026473 0.181276
-0.740477 -0.129508 1.0669
0.100089 -0.163409 1.50742
-0.586976 0.0926918 0.938688
0.384936 0.00557978 1.07521
0.41109 0.0298523 0.947202
-0.566651 0.086197 0.960147
-0.190434 0.060495 0.288297
-0.18962 0.0771694 0.265525
-0.0202469 0.0447298 0.18407
-0.00324957 0.0382048 0.182024
-0.532398 0.0859284 0.908479
-0.0291544 0.046591 0.178378
-0.0615241 -0.214351 1.40347
-0.0292127 0.0449685 0.180331
0.0770588 0.181523 0.597244
-0.578944 -0.19143 1.21478
0.292 0.147221 0.51458
0.505801 0.142185 0.843408
0.00506815 0.0272997 0.182029
-0.0182656 0.0325521 0.182769
-0.612282 0.136339 0.961423
0.572884 0.0332623 0.952798
0.386228 -0.258984 0.917601
-0.457374 0.028426 0.981489
-0.0722739 -0.0782511 1.09388
-0.555182 0.0769829 0.935121
-0.120401 -0.521738 2.14012
-0.764047 -0.0736607 1.20899
-0.578394 -0.0871657 0.99628
-0.115214 -0.0210931 0.843725
-0.238654 -0.352021 1.08494
-0.0356464 0.0431207 0.183224
-0.620987 0.104557 0.975148
-0.0249274 0.0346832 0.182323
-0.180265 0.0725019 0.264505
0.615718 0.0772476 1.32942
-0.103941 -0.0271315 0.812395
-0.056861 0.0376456 0.178672
0.00413747 0.0587073 0.197061
0.443466 0.0420256 1.0758
-0.0202092 0.0445706 0.181998
-0.302425 0.035015 0.786889
-0.00178088 0.0410696 0.164478
-0.0231759 0.0482151 0.182771
0.0025683 0.0543158 0.183633
-0.164547 0.0772028 0.284333
-0.0520565 0.0238476 0.170276
0.44251 0.123264 0.742669
-0.00863506 0.0541891 0.214089
-0.199952 0.0896751 0.816505
-0.403571 0.112251 0.833376
-0.587204 0.162596 0.889094
-0.433054 0.109724 0.891942
-0.0280937 0.0448477 0.182039
0.181977 0.195093 1.77921
0.434801 0.0389078 1.06161
0.524551 -0.0953705 1.02643
-0.500088 -0.00697437 1.09285
-0.0288521 0.0305319 0.181731
0.501469 0.117485 1.13161
-0.212282 0.104303 0.768593
-0.0217766 0.0524797 0.195943
1.04811 -0.0931577 2.25104
-0.0890761 -0.312367 0.861932
-0.484452 0.12138 0.905025
-0.564958 0.13845 1.09113
-0.146789 0.117876 0.800417
-0.770143 0.031498 1.02418
-0.0854822 -0.28656 0.798748
-0.709364 0.0353492 1.0169
-0.0623125 0.0300912 0.182184
-0.0555164 -0.17673 1.0566
-0.503586 0.178856 0.868637
-0.0396619 0.035143 0.1814
-0.68621 0.181499 1.04237
-0.0245319 0.0346267 0.182372
-0.0149099 0.0249021 0.184482
-0.228518 0.0786002 0.309727
-0.294838 0.118371 0.840163
0.371889 0.104036 0.619236
-0.368218 0.107103 0.795544
-0.161371 0.065678 0.286689
-0.0337402 0.0521604 0.315691
0.367584 0.191442 1.10575
-0.767267 -0.123726 0.69557
-0.785882 -0.193157 0.694131
-0.897525 -0.0455698 0.585898
-0.268728 0.0833385 0.219438
-0.29734 0.0472739 0.264804
-0.608194 -0.202605 0.615405
-0.476453 -0.0781738 1.00991
-0.0497245 0.0217418 0.164508
-0.365279 0.110226 0.942258
-0.413584 0.125349 1.0141
-0.317085 0.134971 0.730801
-0.607728 -0.0285852 0.972516
-0.567427 0.123273 0.887713
-0.241297 0.0704373 0.371459
-0.552452 -0.102086 1.00498
-0.948183 -0.0781738 1.24335
-0.65287 -0.141596 0.965882
0.197104 -0.157408 1.39188
-0.028788 0.0306166 0.181268
-0.0554521 0.029974 0.178961
-0.295089 0.109612 0.569816
0.507674 0.0979865 1.10215
-0.33229 0.081051 0.878432
0.302582 -0.112872 1.42849
0.306458 0.15337 0.47141
-0.173157 0.0859909 0.815562
-0.778275 0.0319489 1.03847
-0.0181995 0.0325616 0.183943
-0.810582 0.0069761 1.14364
-0.360543 0.0957758 0.811115
-0.641576 -0.115418 0.914965
-0.201173 0.101351 0.81317
-0.0245739 0.0415573 0.182665
-0.049487 0.0353761 0.180431
-0.0188628 0.0355596 0.182457
-0.747128 0.0370935 1.0821
-0.0852352 0.0339862 0.171126
-0.15905 0.0522358 0.816064
-0.119918 0.061627 0.846246
-0.297071 0.0848503 0.455621
-0.444115 0.0817585 0.918446
-0.540217 0.0783484 0.846258
0.441057 0.0674076 0.973423
-0.609812 0.135693 0.95632
0.275748 0.155441 0.448589
0.310756 0.165802 0.512882
-0.0286926 0.0451397 0.180737
0.151732 -0.245038 1.47448
-0.0827914 0.0340533 0.169977
-0.224651 0.0595607 0.319433
-0.0915597 0.0474438 0.174604
-0.0872631 0.0250896 0.174923
-0.0847537 0.0492407 0.17204
-0.368719 0.0416969 0.394587
-0.0699559 0.0402139 0.180733
0.00389587 0.059048 0.19746
0.00206258 0.033982 0.182318
0.481296 -0.26278 1.03944
0.14842 0.208013 1.20588
-0.184357 0.070595 0.287447
-0.199728 -0.257314 0.777795
-0.016218 0.0783009 1.25439
0.0942351 -0.321352 2.10552
-0.127367 0.170602 0.729855
-0.0709848 -0.23219 1.06906
-0.400283 0.117083 0.930537
-0.0191584 0.0441162 0.182906
0.378241 0.0573544 1.25909
0.333159 -0.246209 0.84871
-0.254307 -0.296988 0.913455
-0.38954 0.071212 0.916815
-0.0886064 0.0315205 0.171848
-0.436615 0.119463 0.894617
-0.0132719 0.0428749 0.181695
-0.608143 0.0427686 1.03905
-0.0715627 0.0398414 0.174624
-0.0132992 0.0369814 0.181681
0.0444094 -0.239374 1.52631
0.462414 -0.0990142 1.02642
-0.671969 -0.144954 1.00232
-0.0069375 0.0367003 0.182631
0.275323 0.094688 0.47866
-0.0701292 0.073235 0.389391
-0.0516038 0.0353123 0.180463
-0.39555 0.0197689 0.852937
-0.00606517 0.0258327 0.178332
0.433262 -0.259232 1.05224
-0.343052 0.169276 0.827583
-0.10886 0.0405048 0.214518
0.203746 0.186962 0.674984
-0.0296884 0.0267361 0.182606
0.609481 -0.0659526 1.37504
-0.141702 0.0634014 0.933547
-0.0802051 0.0395664 0.171661
0.00452502 0.0546066 0.183368
-0.0926208 0.0290195 0.189005
-0.0918668 0.0258041 0.172208
0.268226 0.0936515 0.459745
0.0757422 0.0567359 0.164941
-0.209182 0.0974815 0.753145
-0.0213083 0.0522077 0.1912
-0.0715989 0.0392462 0.17335
-0.285835 0.0394576 0.853889
0.00301451 0.0338748 0.182041
-0.10516 -0.0144787 0.845979
-0.0151654 0.0252294 0.184269
0.000893983 0.0407915 0.180247
0.52612 0.0770476 1.09743
-0.0880128 0.042536 0.17057
-0.215538 0.101693 0.895469
-0.0835235 -0.298429 0.818518
-0.0242254 0.0439996 0.182987
0.374484 -0.0162152 1.03779
0.691788 0.133784 1.34359
0.4764 -0.256898 1.00653
-0.00185937 0.0430065 0.178866
0.413384 -0.213281 1.4885
0.444572 -0.263438 1.06257
-0.0129747 0.0371839 0.183075
0.428048 0.176042 0.787517
-0.515954 0.192943 0.901617
0.00178507 0.0409621 0.181758
-0.033252 0.0310062 0.180189
0.103636 0.076267 1.29983
-0.00721869 0.0323049 0.18224
-0.0849511 0.0365166 0.170042
-0.17871 0.129469 0.812973
-0.445902 0.132773 0.862002
-0.127311 0.0919849 0.793831
-0.474411 0.192936 0.940093
-0.317835 -0.297527 0.950957
-0.262937 -0.292388 0.908499
-0.296862 -0.107102 0.874543
-0.0901714 0.0464522 0.171533
0.293985 0.167636 0.479586
-0.0655251 0.0273481 0.173024
0.125426 0.0958647 1.05326
-0.0611118 0.0348973 0.120843
-0.0293831 0.0271325 0.183576
-0.0326147 0.0272715 0.182747
-0.0226543 0.0265733 0.182576
-0.0370671 0.043683 0.183646
-0.218247 0.0928569 0.742178
-0.200807 0.073205 1.01723
-0.0676362 0.0341716 0.176164
0.461437 0.107841 1.04477
-0.0225216 0.0307117 0.182846
0.0033945 0.0337715 0.181113
-0.108559 -0.0262974 0.786924
-0.122071 -0.014877 0.862075
0.633107 -0.085982 1.29327
-0.0036609 0.0481838 0.188387
-0.0611661 0.0272542 0.180142
0.568447 -0.138144 0.958888
-0.0523804 0.147957 1.22978
-0.0604409 0.0264463 0.176495
0.546172 -0.133418 0.918936
0.11632 0.183634 0.654859
0.393564 -0.124925 1.51563
0.193406 0.0771475 0.26148
0.00443238 0.0308137 0.183838
0.114445 0.0947387 1.36166
-0.197555 0.118203 0.749379
-0.0681264 0.0378898 0.177227
0.176813 0.202401 0.781194
-0.663185 0.196033 1.03293
-0.399343 -0.0865987 0.596117
0.00332212 0.0467555 0.18239
-0.133065 -0.139114 2.43643
-0.364746 0.0613417 0.910351
-0.0721911 0.0394955 0.174406
-0.346246 -0.290066 0.95723
-0.0609527 0.0284101 0.175166
-0.471693 0.208193 0.977058
-0.543763 0.150962 1.10938
0.470186 -0.250478 0.957158
0.366249 0.115852 0.64494
0.517969 0.235582 1.07379
0.116261 0.166926 1.22017
0.206301 0.240536 1.46405
-0.293997 0.0532225 0.304436
0.116135 0.178178 0.639523
0.122298 0.193117 0.711779
-0.211805 0.135216 0.7426
-0.136428 0.138211 0.769421
-0.29902 0.105394 0.856803
-0.0224605 0.026586 0.182232
0.293873 0.154287 0.481257
0.170421 0.181273 0.72002
0.893429 -0.121606 1.73822
-0.645649 -0.0929792 1.02438
0.916222 -0.0779247 1.79792
-0.251873 0.0688505 0.304317
-0.380988 0.120539 0.973195
0.343386 -0.256417 0.890751
0.733244 -0.0317814 1.3795
-0.0563051 0.0350796 0.177698
0.801856 -0.102799 1.50266
0.251988 0.187524 1.12405
-0.43064 0.103603 0.915595
-0.336989 -0.329708 1.04939
-0.160964 0.068671 0.28886
-0.011475 0.0407134 0.181589
0.515663 0.0974787 0.997961
-0.192955 0.0793675 0.854505
-0.524407 -0.179953 1.09944
0.423046 0.225384 1.13611
0.697666 -0.112863 1.42061
-0.0635399 0.0289475 0.176452
0.300563 0.144091 0.476299
-0.0560515 0.0376698 0.179864
0.120501 0.194739 0.710433
-0.0150426 0.0252654 0.184646
-0.496987 0.199004 0.946426
0.488336 0.094523 1.06522
0.544784 0.100345 1.09457
0.500013 -0.334397 1.21334
-0.174339 0.153477 0.97991
0.0373413 0.089961 1.19631
0.476823 -0.204741 0.890664
-0.115149 0.0574725 0.242179
0.506307 -0.266204 1.03562
-0.361096 0.0957684 0.944966
-0.12581 0.0916711 0.667223
-0.144533 0.109015 0.800973
-0.296408 0.0978732 0.801084
0.66142 -0.0696066 1.5033
0.320655 -0.164627 1.26937
0.0038422 0.0259513 0.182603
-0.29323 0.070066 0.33535
-0.305441 0.0571754 0.354874
-0.0612853 0.135465 0.938624
-0.209781 0.132839 0.73451
-0.00349577 0.0391307 0.183203
-0.0760806 0.0646231 0.373471
0.493197 0.103393 1.09508
-0.427903 0.120535 0.973625
-0.0531932 -0.144445 1.43819
-0.452779 0.201291 0.932268
0.185711 0.205362 0.6508
0.339298 0.266665 1.01818
0.499095 -0.244631 0.789548
-0.581279 0.163413 0.894519
-0.0177598 0.0247996 0.171115
-0.280501 0.0720721 0.752796
-0.278676 0.076668 0.351117
0.246864 -0.108265 1.42154
0.375203 0.11004 0.479005
-0.382283 0.102184 0.817661
0.337064 0.168326 0.475064
0.386112 0.0832819 0.459487
-0.294354 0.170466 0.83562
0.591031 -0.101018 0.997237
-0.015054 0.0413813 0.176234
-0.00483688 0.0448854 0.179166
-0.00434888 0.0281036 0.1881
0.00395763 0.0287959 0.182023
0.397282 -0.166878 1.28207
0.403479 -0.167505 1.28354
0.189012 0.193549 0.742001
0.27241 0.139669 0.478322
-0.470167 0.104946 0.936791
-0.0771241 0.0306836 0.172443
0.00354256 0.0263505 0.170425
-0.00726781 0.0328484 0.184016
0.121151 0.130873 1.31623
-0.213936 0.0909889 0.736364
-0.438675 0.162566 0.862747
-0.392379 0.113826 1.03321
0.365155 0.0588564 0.606823
-0.0722649 -0.120742 1.16711
0.0162294 0.07767 0.863139
0.204519 -0.116819 1.54198
-0.129824 0.123258 0.748423
0.42334 0.25989 1.27013
-0.302831 0.127802 0.885643
0.296088 0.151865 0.513121
0.0833866 -0.129613 1.22448
-0.508035 0.202924 0.969107
0.407211 0.206747 1.28543
-0.0627745 0.0265563 0.17721
-0.0668155 0.0273846 0.179585
-0.625954 -0.0860846 0.986411
-0.0673735 0.0260184 0.174854
-0.357137 0.0906907 0.925459
-0.232066 0.160836 0.768293
-0.29631 0.138815 0.832956
0.513791 -0.270821 1.05233
0.377153 -0.0434757 0.475866
-0.278191 0.0766643 0.817655
0.328988 0.105994 0.574898
-0.164733 0.200071 0.90273
0.12226 -0.102393 1.56403
-0.184828 0.137531 0.734259
-0.366628 0.181664 0.904068
0.198321 0.219556 0.854032
-0.345427 0.190342 0.938062
-0.213733 0.156025 0.738766
-0.295984 0.108803 0.786302
-0.384476 0.173838 0.899549
0.209694 0.245547 0.926284
-0.619302 0.0212641 1.02138
0.107937 0.0915622 1.29024
-0.212093 0.106953 0.836188
0.375931 0.0629412 0.470629
0.356643 0.102967 0.439532
0.38749 0.0914962 0.456884
0.405434 0.0872181 0.472898
0.318354 0.0909771 0.435345
1.07316 -0.00557841 2.16054
0.421593 -0.252327 1.02642
-0.386267 0.153504 0.885396
-0.212619 0.137339 0.747518
0.360495 0.0771349 0.451548
-0.0663197 0.139298 1.31913
-0.364029 0.186149 0.772657
-0.361371 0.114179 0.917169
0.664226 0.138799 0.897759
0.352353 -0.042468 0.443599
-0.225136 0.134406 0.774054
-0.290606 0.0911297 0.889563
-0.367179 0.0806948 0.834478
-0.357103 0.09075 0.914369
-0.43541 0.106061 0.930437
0.665094 0.139005 0.894925
0.658512 0.13713 0.88718
-0.298342 0.111803 0.863536
-0.104892 0.102923 1.45857
0.759043 -0.0433758 1.27509
-0.207576 0.104654 0.826848
-0.274839 0.147045 0.922064
-0.431227 0.188123 0.884128
-0.162493 0.130212 0.684724
-0.285987 0.176183 0.847842
-0.284263 0.17563 0.84297
-0.400987 0.113894 0.846167
0.417806 0.223457 1.09057
0.576869 0.159515 0.96069
-0.137543 0.148441 0.666111
-0.295044 0.173364 0.742436
-0.411403 0.17746 0.927657
0.351679 0.137088 0.427614
-0.206735 0.0946025 0.884363
0.817787 -0.0689143 1.82472
0.271336 0.0736509 0.90165
-0.114435 0.0596508 0.781227
0.376549 0.0799573 0.472826
0.395727 -0.0443942 0.498877
0.285047 0.144512 0.486081
-0.2046 0.144452 0.707373
0.0663338 0.235887 2.0266
-0.245448 0.117117 1.02819
-0.389865 0.201426 0.832417
-0.229685 0.140992 0.866511
-0.200448 0.0748914 0.913966
-0.382447 0.194281 0.953942
-0.279232 0.0811582 0.745093
-0.301431 0.1427 0.844147
-0.180557 -0.254891 0.759283
0.625413 0.10473 0.820084
0.132845 0.200661 0.719892
0.34563 -0.23472 0.778062
-0.0407682 -0.0142508 0.539824
0.522636 -0.25209 0.823936
-0.473101 0.0807603 1.02448
0.425234 0.0571864 1.08131
-0.0590246 -0.150088 0.875665
-0.11886 0.098319 0.667786
-0.00675387 0.0285412 0.164623
-0.0484224 0.0675885 0.400717
0.029865 -0.0221086 0.0170373
0.482068 0.0885318 0.938853
-0.209334 0.136229 0.738912
-0.210769 0.0900601 0.266632
-0.0615874 -0.179277 1.11242
-0.1931 0.0786234 0.278674
-0.172151 0.0933325 0.225388
0.464442 0.0922585 1.02019
-0.021853 0.0664558 0.182489
-0.121811 0.174348 0.740236
0.437099 -0.165986 0.461833
-0.145977 0.122151 0.782117
0.588675 0.028163 0.986026
-0.129958 0.0869067 0.676452
0.49063 0.0641045 1.07307
-0.149836 0.19537 0.831799
-0.394905 0.137763 0.861695
0.488145 0.0948577 1.06506
0.738841 0.0394772 1.64068
0.938982 0.323758 1.61264
0.442048 -0.109322 1.02864
0.573446 0.0278752 0.959523
-0.130449 0.0692892 0.778925
0.681611 0.133325 0.942161
-0.125856 0.181741 0.768956
-0.341407 0.0417868 0.907275
-0.207993 0.154792 0.812769
-0.241713 -0.218603 0.685185
-0.214406 0.0770423 0.284695
-0.124124 0.0986319 0.767264
-0.457276 0.120857 0.605688
0.172809 0.240563 1.38933
-0.188205 0.177654 0.79703
-0.27265 0.0514671 0.279515
-0.448021 -0.185511 0.465231
-0.0625306 -0.132299 0.912477
0.306921 0.152034 0.539905
-0.123533 -0.181049 1.74361
-0.0566942 0.0372692 0.777158
0.403193 0.162434 0.731236
-0.121852 -0.0137128 0.854936
0.300537 0.157529 0.517935
0.0161195 0.0999114 0.729484
-0.117379 0.0929454 0.767901
0.0914964 0.177563 0.724175
0.178905 0.20868 0.964843
0.375418 0.0725603 0.467409
0.37152 -0.263211 0.94381
0.525037 -0.129172 0.882505
-0.0609387 -0.101995 0.920898
0.35553 0.141704 0.445422
0.147673 0.147451 1.24849
-0.150097 -0.351704 1.01633
0.393061 -0.262341 0.875106
0.156367 0.161257 1.26445
-0.316422 0.0814491 0.909913
0.412355 -0.133059 1.37313
0.389955 0.0908142 0.460541
0.756107 -0.0885052 1.46721
0.101708 0.0741171 1.66263
0.791213 -0.0504932 1.53417
0.0894146 0.205225 0.678954
0.0982176 -0.113339 1.49769
-0.0576166 -0.222255 1.48822
-0.087521 -0.17666 1.17533
-0.139206 -0.152025 0.431276
0.0802935 -0.00208199 0.135828
-0.0125025 0.138992 1.25551
-0.0705575 0.254112 1.66579
-0.175837 -0.29684 0.871677
-0.0159332 -0.212842 1.34483
-0.0295343 0.0388779 0.25099
-0.131292 0.0581689 0.156515
-0.317346 0.0600142 0.940908
-0.0722103 0.136719 0.586051
-0.203959 0.121987 0.786982
-0.0194383 0.0382729 0.787586
0.204892 0.21493 0.691477
0.233866 -0.15479 0.516783
0.373545 -0.249396 0.910992
0.156891 0.176702 0.701244
0.380999 -0.015231 1.06223
0.514434 -0.214016 0.959696
0.143965 0.145415 1.22902
0.256955 -0.125941 1.56468
0.38515 -0.129013 1.80415
-0.385919 0.0522072 0.422971
-0.671116 -0.12094 0.968918
0.340146 -0.0323194 0.973685
0.202827 0.21226 0.687295
0.872631 -0.101427 1.47961
0.306433 0.138651 0.45298
0.607101 0.0792119 1.54692
-0.613246 0.0417372 0.990597
-0.189692 0.0602428 0.303776
0.133528 -0.0405189 0.23031
0.0160295 0.101017 0.9959
0.445574 0.234706 0.936257
-0.600036 -0.2642 1.08795
-0.464965 0.108143 0.880089
-0.361183 0.0767655 0.678677
-0.0864348 -0.193849 1.92679
-0.187605 0.0818401 0.83951
0.0123793 -0.0540795 0.0847454
0.386305 -0.120632 0.41367
0.402438 0.00872288 1.1481
0.0571628 -0.0524954 0.24487
0.402779 -0.204459 1.31948
0.454575 0.00909428 1.25885
0.0313646 -0.0506336 0.153746
-0.29295 -0.301795 0.961691
-0.0688711 -0.00779749 0.908372
0.443435 0.0362083 1.03313
0.325306 0.184779 0.59278
-0.00118174 0.172813 1.14788
0.758557 0.206124 0.75234
0.0245977 0.125999 1.22208
-0.059597 0.200986 1.35739
0.279306 0.158241 0.455098
0.204732 0.174841 0.494221
-0.272104 0.0637642 0.307512
-0.0134342 0.036959 0.181409
-0.0770994 0.0421635 0.172088
0.00748704 0.00646751 0.223836
0.331984 0.165374 0.468327
-0.0495095 0.0347596 0.178677
-0.627913 0.0505645 1.02124
0.226727 -0.11703 1.58235
-0.0572952 0.037848 0.179246
-0.268333 0.0545918 0.389411
-0.18468 0.124624 0.659869
-0.18316 0.0543786 0.283897
-0.292628 0.0463452 0.33188
-0.274678 0.0563064 0.343837
-0.193003 0.059756 0.304062
-0.0359867 0.012979 0.144708
-0.793933 0.0208965 1.15593
-0.718073 0.0632792 1.01075
-0.244757 0.0913556 0.246712
-0.256562 0.0964052 0.204045
-0.289401 0.0669036 0.18858
-0.256405 0.0830722 0.183784
-0.32026 0.0477498 0.2609
-0.877032 -0.081534 0.760833
0.559343 -0.158423 0.606265
0.00841156 -0.139597 0.778071
0.0263743 0.131179 1.01779
-0.0394778 0.0677804 1.46876
-0.255658 0.0786086 0.267885
-0.172777 0.0724772 0.309914
-0.10988 0.0974304 0.637675
-0.290685 0.0564271 0.143139
-0.268492 0.0583709 0.130443
-0.265841 0.0880281 0.204278
-0.265905 0.0510353 0.0974885
-0.129564 0.0814814 0.174893
-0.0105221 0.064297 0.180375
-0.0373715 0.0219389 0.177989
-0.0109759 0.0509818 0.182607
-0.172423 0.0831404 0.300314
-0.0598654 0.0872531 0.260645
-0.0109547 0.0441643 0.156074
-0.118751 0.0687344 0.150807
-0.0369531 0.0675236 0.185384
-0.125659 0.0757327 0.164921
-0.030265 0.0662355 0.178108
-0.109425 0.0911533 0.172886
-0.102156 0.0794501 0.195445
-0.139075 0.098622 0.163217
-0.264885 0.0623677 0.142583
-0.0364132 0.06739 0.183694
-0.118706 0.0711746 0.149686
-0.040585 0.0872151 0.188489
-0.0311599 0.0331699 0.180907
-0.098456 0.0971447 0.196794
-0.107168 0.0909483 0.177378
-0.089509 0.077348 0.170515
-0.0231666 0.0523425 0.179395
-0.0896012 0.0782039 0.172509
-0.316386 0.062288 0.278156
-0.270439 0.0844823 0.237922
-0.272791 0.0954137 0.192901
-0.364097 0.0527931 0.226308
-0.601389 0.0338803 0.721318
-0.247575 0.0686582 0.244895
0.128167 -0.0397412 1.72007
0.0470613 0.0642697 0.261269
0.41833 0.0337963 1.04883
-0.536972 0.161629 1.04273
-0.488773 0.156365 1.04192
-0.0248624 0.0350011 0.212496
-0.503793 0.188036 0.87365
-0.150577 0.0503997 0.712929
0.520596 0.0734162 1.05904
0.449215 0.130229 0.558837
-0.311591 0.133027 0.912518
-0.256265 0.0781694 0.293129
-0.310148 0.0455003 0.251866
-0.258271 0.0768236 0.30746
-0.280395 0.0488089 0.285584
-0.351435 0.178633 0.741943
-0.316151 0.181455 0.884603
0.389742 0.220659 1.24391
0.190206 -0.082429 0.822932
-0.449621 0.0685851 0.499457
-0.277086 0.169696 0.843466
-0.0871123 0.0305426 0.168373
-0.244242 0.0782529 0.307053
0.298309 0.198082 1.17681
0.408415 0.172659 1.35869
0.585268 -0.100505 0.978267
0.324439 0.139974 0.444476
0.259398 0.176259 0.433589
0.343878 0.237327 0.562573
0.112816 -0.100494 1.49793
0.00512028 0.114724 1.09286
0.324922 0.156525 0.563992
0.00203587 0.163188 1.10554
0.382016 0.180905 0.486178
0.382815 -0.249656 0.83759
-0.276515 0.069216 0.317725
-0.282436 0.081044 0.312804
0.0536719 0.179193 0.520151
-0.758655 0.199516 1.05783
-0.308787 0.0592785 0.359219
-0.220362 0.0759662 0.29459
-0.0585018 -0.270823 0.894267
-0.0830839 0.0328414 0.170954
-0.190154 0.0772882 0.266594
-0.173056 0.0750928 0.276259
-0.281054 0.0747144 0.319725
-0.79567 -0.139049 0.928582
-0.337182 0.019605 0.26335
-0.0292506 -0.0350973 -0.000787609
-0.374336 0.0410374 0.235181
-0.371855 0.0184686 0.266873
-0.413902 0.164706 0.945033
-0.298074 0.0661638 0.537641
-0.0897229 0.0457706 0.170116
-0.108036 0.0615275 0.777275
-0.0431822 0.0358901 0.183172
-0.065818 -0.232771 0.969815
-0.0203276 0.0349951 0.179631
0.00171743 0.112075 1.7364
-0.788062 -0.0438929 0.797901
-0.331809 0.140698 0.946835
-0.282784 0.0548374 0.240953
-0.528934 -0.0711988 0.532239
-0.274003 0.087108 0.226246
-0.174594 -0.0282528 0.118153
-0.277691 0.0549383 0.131495
-0.215848 0.0787286 0.286569
-0.276287 0.0567889 0.164098
-0.250352 0.0696313 0.149007
-0.0257179 0.0225468 0.166527
-0.263206 0.0985418 0.284024
-0.261122 0.0913392 0.235394
-0.0265916 0.0245108 0.177981
-0.287759 0.0935472 0.238996
-0.341584 0.0583879 0.215544
-0.280082 0.0105806 0.209843
-0.349251 0.0578713 0.244149
-0.256856 0.0786446 0.241847
-0.361786 0.0296629 0.254499
-0.331952 0.046655 0.237347
-0.341761 0.0563871 0.237527
-0.303834 0.0404027 0.2219
-0.296986 0.0467565 0.263276
-0.330074 0.0598481 0.22693
-0.314132 0.0129902 0.270004
-0.364043 0.0336994 0.281334
-0.218246 0.0827154 0.27158
-1.0667 0.465405 2.17954
-0.170412 0.0730201 0.270078
-0.313994 0.0483542 0.257005
-0.179436 0.0812218 0.261371
-0.333065 0.01555 0.268032
-0.239246 0.0907792 0.238887
-0.598135 -0.201407 0.601246
-0.630546 -0.177395 0.63315
-0.246053 0.046152 0.142492
-0.769019 -0.123549 0.698475
-0.352112 0.0481286 0.20385
-0.212664 0.0993549 0.262421
-0.757994 -0.120572 0.689086
-0.50374 -0.145347 0.493392
-0.549376 -0.186069 0.549097
-0.25402 0.0758023 0.241416
-0.292838 0.0647012 0.27848
-0.0661972 0.0277843 0.174416
-0.563735 -0.0888442 0.972979
0.371014 -0.240498 0.826908
0.617654 -0.170784 0.672956
-0.0654861 0.141921 1.29453
0.28414 0.143563 0.483764
-0.0673461 0.0361899 0.172841
0.0535935 0.178416 0.47075
-0.592223 0.143644 0.928139
0.085643 0.204802 0.665328
-0.0632042 -0.198374 0.922485
-0.640888 -0.179237 0.959202
-0.507967 0.176274 0.864181
0.364156 -0.259192 0.913169
-0.584416 -0.0107934 0.956348
-0.274689 0.0556001 0.712267
-0.0524315 -0.159458 0.790817
0.0247268 0.211224 1.33109
-0.0564449 -0.281837 0.815239
-0.553049 0.146566 0.811291
-0.513324 0.200222 0.973935
-0.742012 0.168035 1.0408
-0.605051 0.188165 0.95217
-0.273419 0.0815017 0.237263
-0.271043 0.0843664 0.216714
-0.114645 0.0568239 0.150289
-0.0508438 0.0522275 0.142713
-0.11458 0.056466 0.149798
-0.25079 0.0846621 0.226994
-0.374404 0.0310521 0.265614
-0.0585201 0.0631169 0.178555
-0.303058 0.0489847 0.113434
-0.342321 0.0222611 0.268661
-0.22375 0.0915294 0.250596
-0.247414 0.0803856 0.216483
-0.212342 0.0942483 0.23101
-0.0353823 0.05733 0.190137
-0.293167 0.0884089 0.210001
-0.380841 0.0340346 0.270543
-0.113892 0.0564601 0.149207
-0.295706 0.057207 0.14639
-0.955993 -0.161695 0.526419
-0.689832 -0.188737 0.699978
-0.978375 0.0530879 0.66153
-0.94493 -0.0433995 0.51454
-0.913883 -0.0520166 0.506375
-0.720799 -0.0270201 0.874074
-0.712515 -0.111532 0.754114
-0.804614 0.00896619 0.497684
-0.724794 -0.079712 0.771619
-0.88862 -0.0161615 0.528047
-0.164601 0.0786576 0.277166
-0.287404 0.0784279 0.210522
-0.355853 0.0312087 0.27085
-0.949795 -0.152823 0.521269
-0.394079 0.0357738 0.427206
-0.596227 -0.104063 0.834865
-0.922268 -0.0447135 0.605987
-0.767959 -0.116996 0.707852
-0.5926 -0.199392 0.59405
-0.369035 0.051821 0.191731
-0.25833 0.0797563 0.203046
-0.637513 -0.156241 0.333078
-0.860605 -0.0474703 0.557636
-0.941427 -0.0551083 0.611132
-0.286658 0.0565537 0.249107
-0.622997 -0.0205373 0.234103
-0.821789 -0.0372061 0.577975
-0.869324 0.0241025 0.465274
-0.805509 -0.00524749 0.534988
-0.621161 -0.0251615 0.738168
-0.314704 0.0540811 0.289062
-0.304512 0.0559318 0.317069
-0.77983 -0.179824 0.422574
-0.296621 0.0471091 0.263951
-0.534699 -0.0292792 0.517982
-0.661424 -0.0345824 0.653388
-0.470923 -0.0849672 1.0202
-0.710537 0.0128638 0.983855
-0.068923 0.0377466 0.167563
-0.292409 0.0500843 0.285228
-0.266958 0.0869532 0.242086
-0.0297063 0.0663998 0.179418
-0.0138157 0.0931412 0.224484
-0.0416004 0.0277391 0.20531
-0.184064 0.11856 0.243071
-0.156675 0.109004 0.167083
-0.0409366 0.0913035 0.197724
-0.0836708 0.0968944 0.195378
0.00312085 0.0832692 0.186837
-0.157646 0.109601 0.169078
-0.0785405 0.0680193 0.180973
-0.0116028 0.0783111 0.183101
-0.108224 0.0962792 0.167183
-0.0398266 0.0838873 0.157256
-0.139813 0.0982339 0.162219
-0.111547 0.099443 0.175083
-0.0518926 0.0899456 0.192696
-0.237643 0.0715327 0.18723
0.000177295 0.0738541 0.161013
-0.00142397 0.0644747 0.178409
-0.0800437 0.101307 0.19366
-0.0407897 0.100452 0.194433
-0.013126 0.0730688 0.17014
-0.138151 0.0976746 0.162193
-0.131705 0.0574204 0.153882
-0.0404852 0.0927972 0.177366
-0.060403 0.0795066 0.16548
-0.0128968 0.0553888 0.178586
-0.167771 0.118792 0.1862
-0.0499215 0.0853923 0.18233
0.0062101 0.0745203 0.150671
-0.125353 0.0953767 0.227738
-0.0500868 0.086017 0.183835
-0.0519692 0.0988154 0.19982
-0.0815621 0.0848339 0.193773
-0.131469 0.0615111 0.168535
-0.124151 0.0994828 0.151749
-0.140407 0.0718531 0.16478
-0.0890866 0.100182 0.143069
-0.348744 0.0160039 0.282415
-0.302075 0.0605133 0.149762
-0.0550098 0.166606 1.15731
-0.587601 -0.235857 0.595301
-0.753195 -0.184401 0.664445
-0.817779 -0.00665617 0.544729
-0.302923 0.190872 0.769828
-0.0883728 0.194375 0.784381
-0.0582322 0.160623 0.713739
-0.511681 -0.180156 0.55369
-0.399312 0.0995193 0.285669
-0.292546 0.0540509 0.160962
-0.312687 0.104424 0.256007
-0.290129 0.0518776 0.298123
-0.571967 -0.167095 0.628179
-0.276858 0.0536632 0.237956
-0.529512 -0.185025 0.574696
-0.393105 0.0948014 0.51484
-0.553059 0.154612 0.756652
-0.191086 0.060769 0.289723
-0.473329 0.130045 0.638296
-0.392211 0.0538693 0.24607
-0.364815 0.0170738 0.260174
-0.455535 0.016375 0.337575
-0.343329 0.0552667 0.175337
-0.288451 0.0857592 0.322755
-0.459598 -0.0833803 0.481289
-0.364173 0.0199508 0.298172
-0.237726 0.0513532 0.12682
-0.387163 0.0570925 0.202811
-0.0648834 0.0298806 0.178964
-0.253549 0.0829882 0.227843
-0.333611 0.0577913 0.209924
-0.341618 0.0205479 0.268287
-0.344227 -0.00422268 0.236283
-0.0430347 0.0356596 0.181866
-0.681911 -0.277003 0.961633
-0.0265597 0.0270687 0.182624
-0.0906583 0.0280175 0.182643
-0.0847736 0.0487957 0.171149
-0.21375 0.0766239 0.28111
-0.268907 0.03763 0.234002
-0.29065 0.0532024 0.296977
-0.250421 0.0757926 0.25001
-0.130043 0.102152 0.782067
-0.37547 0.06199 0.935199
-0.024894 0.0351758 0.18352
-0.189431 0.100057 0.251724
-0.248518 0.0733956 0.257094
-0.243478 0.0746383 0.312171
-0.1062 -0.0265423 0.830097
-0.0865839 0.0292904 0.167029
-0.170016 0.108894 0.294185
-0.278736 0.0539101 0.23742
-0.364862 0.0316888 0.256589
-0.293649 0.0715963 0.216162
-0.329285 0.049752 0.231987
-0.230883 0.0893765 0.260498
-0.35602 0.0314137 0.248628
-0.309381 0.00232194 0.224648
-0.0368033 0.0307676 0.231598
-0.326426 0.0499156 0.231519
-0.349551 -0.00549296 0.232371
-0.285856 0.0109756 0.191736
-0.310254 0.0263348 0.291676
-0.292063 0.0478193 0.262859
-0.164402 0.0780999 0.281876
-0.319339 0.0662677 0.247821
-0.287432 0.0492669 0.280188
-0.348038 0.00911632 0.258761
-0.383278 0.0538095 0.223864
-0.223767 0.0858029 0.252101
-0.369873 0.085032 0.472857
-0.384814 0.0520911 0.24005
-0.293927 0.0704027 0.192951
-0.335039 0.0202352 0.261544
-0.35465 0.0456414 0.203561
-0.266481 0.101552 0.290463
-0.126501 0.116142 0.644188
-0.181507 0.172848 0.775098
-0.0688998 0.0376423 0.171949
-0.070755 0.132309 0.571076
-0.0759936 0.0211419 0.170366
-0.249931 0.0677916 0.300422
-0.0772558 0.0290323 0.175066
-0.143256 0.0767267 0.228482
-0.0901821 0.0604958 0.16969
-0.162884 0.0911843 0.282849
-0.288282 0.0516292 0.294462
-0.279804 0.0629601 0.287267
-0.0543668 0.0282425 0.176117
-0.21067 0.0599128 0.294098
-0.655414 -0.074902 1.02089
-0.333663 0.0454816 0.864645
0.0475667 0.164584 0.484529
0.113353 -0.17916 1.73391
-0.0178736 0.0300022 0.18107
0.5947 0.111712 1.20273
0.357176 0.101008 0.477521
0.0707804 0.0806725 0.159408
0.0303455 0.0190471 0.0527868
0.0768632 0.09402 0.234658
-0.0181766 0.0407414 0.182412
-0.036156 0.0291402 0.200391
-0.0108085 0.078802 0.184607
0.577911 0.0258574 0.974091
-0.0323801 0.0210904 0.172109
0.00409792 0.0544619 0.182627
-0.0780947 0.0345232 0.196124
-0.193095 0.0784696 0.256274
-0.175256 0.0411084 0.18916
-0.0521334 0.0233674 0.174634
-0.0354081 0.0324478 0.23626
0.0655972 0.0624194 0.134915
0.0719219 0.0623432 0.161957
0.0199607 0.0561711 0.131617
-0.0361579 0.0586842 0.177685
0.0201156 0.0563526 0.132146
0.0204476 0.0174307 0.291389
-0.0764601 0.0412005 0.169211
-0.00686192 0.0420588 0.1863
-0.0341868 0.0216731 0.182032
0.131337 0.0841334 0.229744
0.11111 0.0679234 0.127337
-0.0295777 0.0494702 0.179373
-0.0245091 0.045884 0.182664
0.900456 -0.203768 1.00973
0.535871 -0.132774 0.546722
0.736575 -0.176725 0.822916
0.7586 -0.183649 0.852293
-0.0644585 0.0441069 0.266482
-0.0177165 0.0544881 0.222405
-0.183713 0.149896 0.40972
-0.0771224 0.0481083 0.185099
-0.195984 0.108185 0.210799
-0.222317 0.0865913 0.240304
-0.364908 -0.0959215 0.831221
-0.190853 0.0722987 0.285195
-0.303691 0.0322034 0.16615
-0.25309 0.0745824 0.239272
-0.332862 0.0531339 0.207743
-0.372645 -0.00102279 0.265552
-0.159333 0.000689937 0.0507274
-0.369542 0.0479688 0.234955
-0.257039 0.0764445 0.244619
-0.174835 0.0702736 0.260546
-0.258718 0.0954123 0.263247
-0.294799 0.0696744 0.19343
-0.32909 0.00206117 0.268137
-0.23448 0.0675115 0.185095
0.00253161 0.0555675 0.182734
0.00374875 0.0573673 0.189469
0.000645366 0.074598 0.173247
-0.0411195 0.0880624 0.191205
-0.119037 0.0789911 0.147477
-0.0875943 0.0943589 0.168483
-0.110228 0.0984691 0.172845
0.00127267 0.0476914 0.184404
-0.108636 0.0773359 0.148626
-0.106873 0.0939191 0.162836
-0.040497 0.025042 0.188966
-0.187499 0.104591 0.251917
-0.0115331 0.0358178 0.182353
-0.283906 0.0561331 0.243444
-0.369584 0.0585547 0.233612
-0.195263 0.0800593 0.262419
-0.235701 0.0708251 0.299397
-0.343927 -0.0129508 0.231154
-0.303676 0.098592 0.518988
-0.603047 0.011069 0.507376
-0.424444 0.187255 0.889478
-0.123195 -0.0165169 0.880939
-0.00764599 0.0517716 0.185854
-0.347711 0.0677832 0.223464
-0.301427 0.0658934 0.197771
-0.0141828 0.0554968 0.185208
-0.167383 0.123576 0.546983
-0.218493 0.181703 0.749214
-0.215798 0.146383 0.770478
-0.29248 0.0890266 0.327114
-0.406352 -0.00968659 0.286272
-0.204706 0.087476 0.265082
-0.323862 0.0495381 0.220447
-0.265061 0.0920375 0.237962
-0.309551 0.0457538 0.252214
-0.243306 0.0762518 0.24384
-0.231501 0.0700307 0.225169
-0.356476 -0.0021505 0.250145
-0.23108 0.0900451 0.261555
-0.329305 0.0465404 0.233804
-0.319358 -0.112829 0.948134
-0.526266 -0.0866926 0.911751
-0.279418 0.190576 0.807226
-0.108576 0.0705027 0.170334
-0.282004 0.0892267 0.333345
-0.0590835 0.0790838 0.180499
-1.06808 0.146847 1.30766
-0.224517 0.066294 0.216146
-0.268803 0.0493717 0.143125
-0.3702 -0.00115829 0.257387
-0.289405 0.0589157 0.210987
-0.212614 0.0920528 0.269134
-0.616532 0.0225021 0.532078
0.344425 0.135751 0.427103
-0.0621992 -0.103118 0.891634
-0.0540913 -0.26649 0.763532
-0.0594007 0.0295416 0.175927
0.526956 0.235634 1.05866
0.147154 0.0162561 0.491727
-0.0566726 0.0349612 0.177932
-0.0459808 -0.145819 0.656958
-0.0231934 0.0452029 0.152727
-0.106337 0.102774 0.141639
-0.108399 0.0993363 0.145486
0.00443628 0.0781569 0.160738
0.471634 -0.0897899 0.911909
-0.0225652 0.0472114 0.180012
-0.0825784 0.0381052 0.168826
-0.524952 -0.179185 1.10016
-0.895582 -0.0519572 0.5788
-0.256077 0.0802244 0.23334
-0.875159 -0.19852 0.480992
-0.310554 0.0515607 0.279758
-0.677723 -0.00207148 0.259631
-0.761474 0.0634016 0.77064
-0.831376 0.148691 0.433391
-0.771156 -0.129137 0.498698
-0.814283 -0.132584 0.527081
-0.613497 -0.181089 0.258917
-0.846654 -0.136957 0.551357
-0.356663 0.0340413 0.280321
-0.629706 -0.185659 0.267601
-0.989139 -0.0495463 0.558549
-0.870233 -0.0446113 0.466919
-0.525508 0.0803222 0.20294
-0.209497 0.0917986 0.224329
-0.884998 -0.200628 0.488263
-0.815902 0.152781 0.345523
-0.643134 -0.189178 0.274401
-0.286297 0.0665663 0.18643
-0.288393 0.0659753 0.188941
-0.800825 0.141997 0.415088
-0.0661267 0.0266119 0.170728
-0.231743 0.0481433 0.0798481
-0.0773033 0.0437594 0.175295
-0.225267 0.0453748 0.0759161
-0.799677 -0.132463 0.520356
-0.380618 0.0578096 0.238581
-0.258003 0.0962777 0.262569
-0.857368 -0.136977 0.479268
-0.656423 -0.0501283 0.657956
-0.272631 0.0723268 0.132043
-0.234149 0.0644233 0.171203
-0.360232 0.00318021 0.285584
-0.0792643 0.0481248 0.174888
-0.262835 0.0683087 0.124432
-0.269157 0.0708967 0.129023
-0.265641 0.0575211 0.126433
-0.289398 0.0537576 0.221323
-0.236883 0.0896799 0.172632
-0.0357373 0.0587116 0.19445
-0.176467 0.116576 0.234693
-0.242126 0.0883028 0.18721
-0.280821 0.0822957 0.17627
-0.234818 0.0495284 0.082531
-0.385271 0.037856 0.35823
-0.30774 0.0643003 0.18693
-0.214444 0.0803433 0.269269
-0.283412 0.0663566 0.183702
-0.350598 0.0609238 0.843054
-0.406857 -0.0775459 0.410608
-0.637702 -0.0104839 0.266213
-0.279721 0.0870447 0.209137
-0.345595 0.0154417 0.278113
-0.267539 0.0829718 0.197385
-0.25694 0.0871137 0.229807
-0.262494 0.0729327 0.142713
-0.23586 0.0490498 0.0835661
-0.899484 -0.140713 0.576797
-0.914334 -0.153763 0.501653
-0.73465 0.127248 0.377669
-0.835149 0.0232015 0.444368
-0.860559 0.155862 0.450654
-0.694113 -0.00112383 0.266327
-0.250383 0.0681435 0.301464
-0.819456 0.0220496 0.433003
-1.02786 -0.0620687 0.671018
-0.917224 -0.037109 0.495242
-0.719403 -0.172335 0.477617
-0.629532 -0.0764171 0.659237
-0.885413 -0.138871 0.515574
-0.626368 -0.0103733 0.259946
-0.827188 -0.138457 0.447652
-0.86515 0.0249478 0.461365
-0.781265 0.00840939 0.546528
-0.813528 -0.0865145 0.434118
-0.597676 0.0355814 0.585363
-0.321285 0.0108661 0.277653
-0.845258 -0.142578 0.459508
-0.619433 -0.0361572 0.609614
-0.256233 0.0710338 0.142668
-0.27809 0.0772734 0.207544
-0.915222 0.0219168 0.946956
-0.74526 -0.0712714 0.768693
-0.693873 -0.0355165 0.689595
-0.501863 0.0857249 0.275497
-0.345354 0.0121461 0.253722
-0.727168 -0.00581895 0.311529
-0.505698 -0.00710018 0.848769
-0.794247 0.0280953 1.15865
-0.272572 0.0523536 0.147076
-0.297429 0.0693406 0.217224
-0.142327 0.159589 0.723846
0.652439 0.122793 1.32934
0.0361231 0.0571286 0.183324
-0.144885 0.11462 0.786302
0.282123 -0.0186096 0.546045
0.501148 -0.224276 0.943351
0.60211 0.0183096 1.00495
0.353895 0.0778289 0.419845
0.0666147 0.0543774 0.158687
-0.0654472 0.0618436 0.0921714
0.0334742 0.0838365 0.173874
-0.0115085 0.0835494 0.126641
-0.105663 0.0716041 0.222415
-0.0708077 0.0693572 0.107232
0.0555666 0.06695 0.122933
0.036269 0.0581664 0.182542
0.0504918 0.0673235 0.118807
0.0690231 0.0550072 0.160998
-0.00552702 0.0451554 0.0772645
-0.0402082 0.0925529 0.121411
-0.0465478 0.0871169 0.0991941
0.0502393 0.062262 0.112407
0.00965858 0.0827818 0.106171
0.104983 0.0886863 0.195716
-0.0513793 0.106215 0.131518
0.0669112 0.0629326 0.113296
-0.0500058 0.0998294 0.121422
0.0312875 0.0829181 0.170851
-0.0292665 0.0907333 0.112159
0.068095 0.0840191 0.155241
-0.00720064 0.103229 0.148375
0.0676312 0.0838585 0.15446
0.0406263 0.100436 0.204449
-0.0951972 0.0824572 0.13664
-0.110549 0.0989026 0.173525
0.022306 0.0941328 0.157231
-0.107067 0.0758797 0.145463
-0.00186574 0.0889099 0.139685
-0.023233 0.099231 0.177577
-0.0132042 0.0756242 0.177413
0.0294965 0.0942518 0.154255
0.045675 0.131962 0.251749
-0.164733 0.0781305 0.285047
-0.0407252 0.106334 0.208096
0.00726993 0.0958709 0.14897
-0.0732884 0.089274 0.124942
-0.010594 0.0903808 0.140822
-0.0382086 0.111215 0.178215
-0.056663 0.0988641 0.138796
0.0251015 0.0942271 0.176071
-0.0398753 0.089502 0.116059
-0.0760746 0.076912 0.172007
-0.028827 0.101318 0.150205
-0.0108286 0.101624 0.21293
-0.109729 0.0788249 0.151687
0.0397749 0.085777 0.162132
-0.0928193 0.0927992 0.179445
-0.0679073 0.0896842 0.102494
-0.00999099 0.104902 0.220852
0.0313828 0.0840445 0.17174
-0.252343 0.0560579 0.133787
0.0232219 0.159228 1.42426
-0.556614 -0.166976 0.609066
-1.04189 0.0516404 0.916336
-0.559596 -0.167131 0.609347
-0.293735 0.0503299 0.284413
-0.626226 0.231272 1.08381
-0.212051 0.0725053 0.282309
-0.0624743 -0.116542 0.868916
0.0145415 -0.203015 1.19426
-0.239959 0.0686044 0.303962
-0.0183266 0.0476803 0.186543
-0.0497684 0.0353345 0.180101
-0.27284 0.0724479 0.133329
-0.289793 0.0629896 0.142892
-0.231401 0.0848672 0.165827
-0.269069 0.0754523 0.146371
-0.253876 0.0851023 0.230005
-0.122725 0.0745788 0.159198
-0.227861 0.0826236 0.161305
-0.340777 0.0287001 0.233706
-0.269209 0.0579277 0.128845
-0.257414 0.0486848 0.0929692
-0.259958 0.0608288 0.138603
-0.0775499 0.0669895 0.173488
-0.214144 0.0961982 0.235281
-0.243722 0.111284 0.16651
-0.815231 -0.127006 0.746272
-0.388259 0.0578727 0.231544
-0.519337 0.0863467 0.295899
-0.237339 0.106914 0.159966
-0.221094 0.109845 0.283927
-0.266027 0.0745215 0.145713
-0.345824 0.0570483 0.240531
-0.9251 -0.049466 0.516489
-0.942863 -0.146649 0.617731
-0.370932 0.0530901 0.217872
0.639091 -0.0663474 1.43909
-0.0599784 0.0486622 1.01987
-0.0497279 0.0715115 0.382055
0.118091 0.225329 0.56845
-0.00790074 0.0561095 0.187823
-0.0295102 0.0578631 0.185265
0.0620507 0.077646 0.143119
0.0717428 0.0577582 0.160729
-0.0302682 0.0688789 0.18362
-0.0693003 0.113092 0.208332
0.0835036 0.0582865 0.166918
0.399232 0.085233 0.462607
0.00359037 0.0551713 0.184122
0.194131 -0.0225919 0.230545
0.162205 -0.00360911 0.19109
0.266169 0.175972 0.475533
0.103657 -0.00550631 0.101311
0.340029 0.146704 0.461809
0.334014 0.0572174 0.413319
0.231017 -0.0213618 0.279749
0.313261 0.138065 0.444601
0.348909 0.0575533 0.683422
0.357979 0.102996 0.44008
-0.0385677 0.112096 0.832487
0.414235 -0.170214 1.34863
-0.0581971 -0.324757 0.983882
0.00533762 -0.0264648 -0.00637977
0.170503 0.185869 0.73952
-0.183633 0.0795036 0.284664
-0.0604591 -0.243639 0.926877
-0.108429 0.0612997 0.150016
-0.151863 0.0810429 0.188003
-0.239273 0.0887181 0.171489
-0.105711 0.0743314 0.141499
-0.308777 0.106284 0.563993
-0.0218481 0.0504198 0.184342
-0.812712 0.047884 0.984182
-0.0522588 0.0251873 0.182283
-0.0767052 0.0792637 0.176712
0.367041 0.0840911 0.432883
0.670129 0.139902 0.900352
0.0823835 0.0579758 0.165434
-0.397404 0.124702 0.992416
0.0555772 0.0718048 0.16887
-0.00590075 0.0487528 0.157334
0.200389 -0.0206127 0.238407
0.217407 -0.0194061 0.261497
-0.0605166 0.0289317 0.174359
-0.179171 0.0638773 0.869676
0.0049946 0.0275245 0.182393
-0.0223463 0.0268746 0.183206
-0.013209 0.0370933 0.181913
0.563465 -0.0364696 1.08862
0.042611 0.0937919 0.227807
0.376525 -0.0125122 1.08457
-0.365626 0.0340815 0.256886
-0.318371 0.0484668 0.260699
-0.509693 0.0228476 0.703745
0.604451 -0.0223729 1.22212
-0.0669266 0.0308749 0.185619
0.347396 0.0972288 0.57292
-0.0214292 0.0477907 0.18197
-0.0302474 0.0794276 0.185587
-0.0956796 0.0987539 0.146493
-0.0658729 0.035831 0.175741
-0.0774845 0.0696216 0.396335
0.0700469 0.0449174 0.118672
-0.0316065 0.0471362 0.285473
-0.138402 0.114942 0.980958
0.611857 -0.146731 0.637612
0.487932 0.131181 0.810964
0.578498 0.0285197 0.969916
-0.0405684 -0.14445 0.903519
0.102767 -0.157707 1.48184
0.589725 -0.147257 0.658785
0.0657266 -0.029679 0.106294
0.385055 0.146478 0.439009
0.507852 0.274716 0.944892
-0.0883924 0.0499827 0.174419
-0.000354825 0.0471258 0.189621
0.155617 0.0774112 0.276954
-0.0372562 0.0585457 0.187101
-0.02582 0.022814 0.163549
-0.109775 0.075515 0.580166
0.558554 -0.272398 0.901295
-0.214808 -0.313735 0.964909
-0.0225919 0.0270632 0.182385
0.0474283 0.0598905 0.106344
0.0261075 0.101839 0.173865
0.00619216 0.101647 0.22588
0.00693933 0.0803566 0.166624
-0.000488322 0.0600907 0.116198
0.00214354 0.0981469 0.180054
0.0495745 0.0875875 0.161544
0.0695383 0.0937679 0.172447
0.0648634 0.0934258 0.170815
-0.0101693 0.062827 0.178246
0.0324203 0.084021 0.172293
-0.0161092 0.102513 0.1823
-0.104357 0.0995174 0.208695
-0.00653402 0.0893721 0.145008
-0.00291251 0.084829 0.13215
-0.0187202 0.0900997 0.147513
0.0323746 0.108542 0.208219
-0.0480398 0.078436 0.181348
0.255568 0.184172 1.09459
0.00115498 0.033093 0.178936
-0.079376 0.0293315 0.171693
0.487378 0.253012 1.30552
-0.0647997 0.0337199 0.174854
-0.0120129 0.0323735 0.182969
-0.507614 0.182046 0.876817
-0.215007 0.179217 0.736734
-0.0536256 -0.0271958 0.00615708
-0.234487 0.0730563 0.292166
-0.428127 0.0922521 0.912366
0.00829012 0.0370623 0.184191
-0.038089 -0.0204155 0.0594642
-0.325343 0.177519 0.872008
-0.318483 0.0951231 0.873761
0.00347025 0.0579642 0.193952
0.0228121 -0.0812304 0.187899
-0.0207946 0.0507328 0.196442
-0.174504 0.0755926 0.326701
0.00457309 0.0785618 0.162269
0.419423 -0.0471022 0.939233
-0.12537 0.0588549 0.160067
0.0513587 0.0585486 0.181951
-0.0550913 0.0289309 0.179426
-0.088308 0.0494349 0.180283
-0.0768277 0.0780751 0.175254
-0.0474448 0.031855 0.239162
-0.115727 0.0607261 0.149111
-0.2017 0.0983151 0.216757
-0.0648297 0.0369336 0.130495
-0.0327748 0.0324916 0.175567
-0.0646112 -0.021861 -0.00310682
-0.0799896 0.0327105 0.211183
-0.0113781 0.0616841 0.220866
-0.614673 0.129836 1.26797
0.557641 -0.0110985 0.954274
-0.0145194 0.0836099 1.29805
0.37453 -0.255698 0.853223
-0.0182355 0.0322372 0.181934
0.177488 0.11933 1.45787
-0.0610367 0.0341703 0.178143
-0.0332447 0.0242766 0.18519
-0.0804911 0.0482095 0.172116
-0.0131738 0.0657868 0.17833
0.0365936 0.076931 0.195122
-0.101957 0.0801932 0.197482
-0.02606 0.0704958 0.194462
-0.0509878 0.0446238 0.151895
-0.230019 0.114467 0.982607
0.0629651 0.0453013 0.111655
0.0572506 0.0477173 0.107747
-0.0273805 0.04279 0.184222
-0.0327311 0.022005 0.176463
-0.0363766 0.0537865 0.182382
0.00131433 0.0479918 0.18672
0.038926 0.0556656 0.170082
0.0879437 0.0566695 1.12287
-0.0889096 0.0498217 0.173122
-0.441211 0.0898316 0.866173
-0.031617 0.0356921 0.185606
-0.0430058 -0.0729543 0.605439
-0.00262074 0.0566016 0.193335
-0.0275119 0.0295318 0.201336
0.0497781 0.0678391 0.166154
0.611696 -0.103994 1.02273
0.31505 0.107982 0.554148
-0.180269 0.125661 0.806369
-0.0875799 0.0415156 0.167444
0.00380308 0.0296707 0.179106
-0.293338 0.0925277 0.466001
0.371892 0.100635 0.617942
0.135816 0.0443336 0.243254
-0.0901737 0.0621728 0.170193
0.0903637 0.0619093 0.157131
0.145551 0.203695 1.22499
0.0860194 0.0582158 0.148959
-0.054336 0.0253926 0.192287
0.586249 -0.100283 0.983947
0.0320602 0.0705809 0.182428
-0.195825 0.0756796 0.293965
-0.113915 0.0560961 0.148577
-0.262184 0.150788 0.628284
-0.029882 0.0530306 0.182604
-0.129489 0.0597922 0.162569
-0.184286 0.0910847 0.229451
0.00167425 0.0783001 0.183824
-0.0300494 0.0787141 0.183502
0.00391277 0.0804944 0.17845
-0.026906 0.0508193 0.159986
0.817744 -0.175615 0.889564
0.799098 -0.189297 0.893291
0.00589839 0.0249387 0.182533
-0.0402727 -0.126361 0.502362
-0.362394 0.176515 0.788961
-0.0711674 0.0650459 0.347427
-0.0116995 0.0353487 0.18079
0.24758 0.221366 0.79605
0.298971 0.0908834 0.447262
0.324567 -0.233297 0.784312
0.389098 -0.127436 1.00136
-0.19749 0.179248 1.05433
0.837335 0.00796706 1.64567
0.298462 -0.0337213 0.571312
0.0239499 0.122994 0.975788
-0.0374011 0.0264738 0.195509
0.00711644 0.0394915 0.174011
-0.0257566 0.0787412 0.184792
0.077577 0.0581548 0.169331
0.52069 -0.0798309 0.95753
-0.0180919 0.0321817 0.183429
0.607035 -0.100987 1.02058
-0.0221499 0.0482329 0.161397
0.6718 0.0841697 1.43477
-0.0633931 0.0789701 0.179941
0.32317 0.17721 0.98103
0.109304 0.0673744 0.125339
0.0321936 -0.185708 1.14524
0.410183 0.0542259 1.03194
0.0680593 0.0669552 0.150667
-0.0794375 0.0782122 0.230709
-0.0303342 0.032797 0.182004
0.251978 -0.0343843 0.478935
-0.208331 0.0805978 0.265656
-0.089294 0.0452627 0.16906
-0.089989 0.0784728 0.171913
0.334254 0.100329 0.582181
0.315789 0.214006 1.25209
-0.721585 -0.13251 1.05174
0.0445717 0.0872722 1.51255
-0.0874984 0.0305455 0.169513
-0.415896 0.0723243 0.980077
0.509449 -0.273356 1.08611
-0.0632214 0.0294857 0.175931
-0.0134236 0.0462442 0.25952
-0.105738 -0.0156589 0.816559
0.361454 0.173107 0.468578
0.358826 0.162524 0.517907
-0.0921585 0.0701536 0.167884
-0.211701 0.0738004 0.28074
-0.0913539 0.0575169 0.17268
-0.320072 0.0401185 0.974307
-0.95887 -0.022902 1.25662
-0.791072 -0.137989 0.922885
-0.279009 0.0931225 0.320903
-1.09362 0.154514 1.34164
-0.229809 0.155437 0.750264
0.109799 -0.0405509 1.49637
-0.187596 0.0715708 0.267211
-0.246987 0.0908432 0.194812
-0.248662 0.0697688 0.36793
-0.0633227 0.0555211 0.180297
-0.21096 0.115945 0.216794
-0.28439 0.0605627 0.263637
-0.0889733 0.043621 0.165604
-0.194207 0.0593956 0.268003
-0.0733679 0.0575384 0.173112
-0.465024 -0.0197865 1.0188
0.00258505 0.22579 1.45908
-0.276656 0.10935 0.31357
0.584218 -0.152058 0.647475
-0.0066809 0.0370929 0.187443
-0.0978916 0.0778601 0.18731
-0.0230436 0.0475106 0.15892
-0.0646446 0.0464009 0.180263
-0.0636674 0.0537243 0.168192
-0.078549 0.0856692 0.229543
-0.322378 0.175257 0.864293
-0.0638521 0.0702868 0.192373
-0.234078 0.094542 0.230041
-0.531114 -0.0263319 0.915614
-0.0873756 0.0453934 0.170242
-0.275008 -0.295543 0.920799
-0.0279369 0.0299467 0.195015
-0.00823227 0.0385363 0.178277
-0.062068 0.027629 0.169445
0.0809688 0.0567955 0.16285
-0.03171 0.0348785 0.185531
0.123162 0.0714551 0.209044
-0.00475476 0.052095 0.17976
-0.00876927 0.0517423 0.189421
0.427418 -0.0969154 0.998329
-0.0224304 0.0563544 0.181115
0.729532 -0.0169219 1.24411
0.445381 0.099051 0.519646
-0.0752734 0.0712872 0.162049
-0.0622195 0.0800278 0.17415
-0.127246 0.0617639 0.146199
-0.2125 0.0763861 0.27866
-0.0800474 0.0396034 0.172587
-0.233529 0.0689434 0.298649
-0.212865 0.0921463 0.21742
-0.797537 -0.146542 0.911516
-0.354369 0.155275 0.822525
-1.10615 0.151694 1.35599
-0.796871 0.0206331 0.902721
-0.258228 0.0986461 0.211642
-0.373039 0.115723 0.780018
-0.258083 0.0992522 0.311252
-0.119917 0.063726 0.170869
-0.24258 0.0707958 0.311944
0.100713 0.134264 0.858934
-0.166439 0.0766592 0.199916
-1.05415 -0.0238937 1.39108
-0.0763704 0.0608429 0.162677
-0.0909574 0.0803865 0.166208
-0.205545 0.0816381 0.303031
-0.11609 0.057453 0.155866
-0.0225511 0.0460387 0.176632
-0.0278765 0.0482739 0.182857
-0.000448838 0.050473 0.181861
-0.278917 0.0736782 0.316017
-0.120176 0.0634166 0.169169
-0.119712 0.0745517 0.14989
-0.116479 0.062103 0.152486
-0.124194 0.0582278 0.159956
-0.103168 0.0838131 0.205092
-0.211736 0.0842214 0.23094
-0.251125 0.0808139 0.223188
-1.04704 0.0770568 1.0953
-0.874181 -0.148648 1.03326
-0.786863 -0.146272 0.900157
-0.246682 0.0853893 0.255766
0.540311 0.00428401 1.05515
-0.0406851 0.037718 0.288203
0.053299 0.0698629 0.163764
0.0427913 0.0643309 0.204511
0.499807 -0.322021 1.15429
1.09134 0.1718 1.18496
0.368718 -0.0434341 0.465773
-0.301763 0.090202 0.811172
0.483329 -0.153874 0.499188
-0.0419187 0.0282151 0.182087
0.0408515 0.0799384 0.230468
0.0357144 0.0594064 0.459548
0.742384 -0.179623 0.823435
0.644185 -0.1509 0.692344
0.793916 -0.187599 0.886238
0.00425141 0.081439 0.178983
0.682767 -0.17168 0.763184
0.0824263 0.0910669 0.180762
0.711858 -0.156924 0.777715
-0.0388225 0.0324814 0.111468
-0.0300464 0.0710073 0.163623
-0.0505776 0.0457419 0.140284
-0.0629275 0.0410804 0.161606
-0.0486064 0.0438852 0.115357
-0.0413068 0.0433107 0.138073
-0.061414 0.0412716 0.157991
-0.0505061 0.0455885 0.138011
-0.0612848 0.0387778 0.152139
-0.0570072 0.0483749 0.144858
-0.0269615 0.0645626 0.185832
-0.0643647 0.0430516 0.171545
-0.0435039 0.0783103 0.181335
0.0924198 0.0392184 0.0982719
-0.0846079 0.0492347 0.171985
-0.0784204 0.0317826 0.17418
-0.0631556 0.0787904 0.179938
0.0940365 0.0359172 0.097099
0.0901887 0.0569163 0.159526
-0.0171398 0.0786661 0.18369
0.374643 0.0716571 0.464315
0.121579 0.0338493 0.20944
-0.029952 0.0504428 0.18272
-0.0364028 0.025019 0.191999
-0.0587785 -0.170441 0.813857
0.387857 -0.257429 0.882393
0.0457085 0.0734904 0.543931
-0.100893 -0.0164635 0.811003
-0.0358413 0.0687098 0.185513
-0.294092 0.0930767 0.250347
-0.218612 0.114538 0.887097
-0.0787432 0.0326376 0.172567
-0.191636 0.0849411 0.252571
-0.272703 0.0792339 0.259328
0.133506 -0.0743126 1.89591
-0.848086 0.011581 1.19339
-0.488786 0.131676 0.741127
-0.89547 0.074394 1.26714
-0.0585698 0.0334045 0.167263
-0.131085 0.0665712 0.18588
-0.454567 0.0041053 0.978744
-0.0248229 0.0357893 0.185001
-0.151963 -0.0241225 0.0997058
-0.10881 0.0598224 0.14688
-0.53521 0.135384 0.910665
0.425209 0.048723 1.08019
-0.0202065 0.0856465 0.187044
0.632521 -0.0666827 1.42174
0.393158 0.0524357 1.01023
-0.0556608 0.042974 0.126523
0.112741 0.0734071 0.122058
0.0138646 0.0432895 0.197731
0.0283815 0.0527252 0.319765
-0.0100038 0.101838 0.211608
0.0497993 0.0872076 0.161133
0.112188 0.0792781 0.121046
6.53927e-05 0.0845193 0.185277
-0.0120987 0.063222 0.173538
0.0339309 0.0827139 0.19056
-0.00473137 0.0685789 0.21424
0.383755 0.0989988 0.458417
0.0904313 0.0572765 0.159905
0.293942 0.0936201 0.469545
-0.0567105 0.0402494 0.123571
-0.00050715 0.0699328 0.1855
-0.0481178 0.0798477 0.184088
-0.0149307 0.0635459 0.172276
-0.146783 0.0549054 0.842012
-0.00971737 0.0572906 0.180703
-0.0272155 0.0601065 0.172211
-0.05342 0.0387631 0.181233
-0.0206686 0.0518334 0.196612
-0.0505442 0.0491687 0.131756
-0.0109513 0.0804057 0.190722
0.00310922 0.0715448 0.185707
-0.0190031 0.0701356 0.162412
-0.0565291 0.0433662 0.162665
0.0547502 0.0720462 0.17595
-0.338208 0.088469 0.877555
-0.0924255 0.0640925 0.179279
0.0523627 0.0686434 0.162449
-0.080821 0.0350632 0.181097
0.403003 0.077971 0.500023
0.0324755 0.0860168 0.176087
-0.0125986 0.0377566 0.185228
0.368072 -0.0445371 1.18484
0.378686 -0.0439066 0.478527
0.378235 0.0721043 0.466777
-0.247454 0.062414 0.336631
-0.179188 0.134867 0.831356
-0.253443 0.0833506 0.207176
-0.800489 0.0204021 0.90699
-0.196661 0.102128 0.193944
-0.184568 0.087438 0.223199
-0.0505118 0.0407329 0.165857
-0.208413 0.103164 0.179933
-0.546646 0.0301062 0.904807
-0.829764 -0.0386559 0.944916
-1.03841 -0.123267 1.33608
-0.0846702 0.0378705 0.16944
-0.304808 0.128746 0.357497
-0.421557 0.184625 0.861317
-0.0207278 0.0291784 0.174951
-0.213487 0.086044 0.220135
0.00190284 0.0301747 0.181197
-0.294677 0.196398 0.845839
-0.184728 0.0714134 0.268225
-0.283268 0.104554 0.244446
-0.262548 0.097498 0.187715
-0.246034 0.0745204 0.25466
-0.301201 0.054249 0.307706
-0.489789 0.0458643 0.547903
-0.903305 0.071349 1.05919
-0.786723 0.00204227 1.11817
-0.137456 0.0476518 0.0991009
0.000371728 0.0509489 0.183286
-0.26111 0.0783953 0.311257
-0.115379 0.0681479 0.849191
0.00523278 0.243929 1.56091
-0.272504 0.0839751 0.826966
-0.592869 0.141783 0.871833
-0.0528831 0.0409251 0.137793
-0.821149 0.0569556 0.946
-0.00627536 0.0354407 0.18224
-0.189771 0.0796437 0.26092
-0.255981 0.0761535 0.30278
0.056679 0.0655071 0.159447
-0.185414 0.110489 0.22228
-0.427967 0.0913073 0.911279
0.381381 0.194743 1.02163
-0.296085 0.0537675 0.340402
-0.0640036 -0.229106 1.0029
-0.0295361 0.043604 0.175534
0.634949 -0.114593 1.23683
-0.182542 0.104808 0.247593
-0.00111245 0.0669989 0.17936
-0.152719 0.0780433 0.395986
-0.688916 0.194038 1.02107
-0.596131 0.17518 0.924044
-0.179978 0.0912919 0.228702
0.119333 -0.0310253 1.61532
-0.226468 0.0970119 0.262198
-0.825453 -0.142083 0.969688
-0.269792 0.179296 0.771609
-0.222922 0.0627559 0.27494
0.186582 0.138643 1.62869
-0.597237 0.0878467 0.965328
-0.060631 0.0267818 0.178662
-0.827427 -0.0194094 1.07042
-1.02824 0.090921 1.28294
-1.09816 0.120567 1.18319
0.332154 0.176272 0.904494
-0.271808 0.0634311 0.307157
-0.244427 0.0954043 0.262003
-0.276071 0.109837 0.265853
-0.214696 0.0945127 0.230973
-0.241112 0.089477 0.260331
-0.0303875 0.0785228 0.183097
-0.209255 0.0890744 0.296106
-0.0349759 0.0780339 0.182057
-0.541873 0.192797 0.923372
-0.258898 0.095118 0.238358
-0.0350982 0.0718662 0.191945
-0.51614 -0.0877242 0.896759
-0.293526 0.0616268 0.303816
-0.228464 0.076291 0.22176
-0.0270736 0.0668402 0.183707
-0.187882 0.0891556 0.258765
-0.269478 0.0842427 0.218957
-0.0840689 0.0360625 0.168067
-0.305493 0.0941881 0.841693
-0.0642701 0.0305588 0.182881
-0.208216 0.086909 0.268486
-0.229273 0.072941 0.283253
-0.212491 0.155171 0.732691
0.366482 -0.26096 1.12888
-0.105354 0.0508574 0.142479
-0.0959083 -0.0081295 0.0662016
-0.287582 0.0672802 0.327249
-0.456212 0.19482 0.914141
-0.0296115 0.0582543 0.187834
0.265395 0.178383 1.04557
-1.06992 0.212152 1.38993
0.371957 -0.197836 1.24565
-0.213855 0.0888033 0.269989
-0.431535 -0.11624 1.01725
-0.120486 -0.0242497 0.842101
-0.375042 -0.0413224 0.779493
-0.0657529 0.0317835 0.143384
-0.542117 -0.100803 1.12524
-0.232109 0.0709369 0.225838
-0.0187206 0.00681158 0.109275
-0.0926669 0.0487187 0.168823
0.456605 0.20326 0.918109
0.317191 -0.107625 1.27209
-0.160714 0.0904194 0.28075
0.469868 0.0950877 1.0334
0.439615 -0.111075 1.02533
-0.00894063 0.198865 1.29342
-0.428565 0.15975 0.838604
-0.182295 0.0656249 0.82356
-0.171127 0.104204 0.303152
-0.0314405 -0.00391062 0.11617
-0.042368 -0.0353807 0.0349423
-0.306012 0.0807595 0.321447
-0.0899289 0.0605637 0.169946
-0.413711 0.113378 0.840884
-0.116064 0.0692207 0.146627
-0.0848427 0.0256235 0.152191
-0.0515007 0.028404 0.194332
-0.251468 0.0730041 0.243402
0.0129889 0.0325221 0.213917
-0.0227133 0.0304823 0.181554
0.365113 0.210984 1.22394
-0.368418 0.115524 0.767711
-0.0652855 0.0353493 0.941652
-0.213039 0.132626 0.732561
-0.175743 0.0773793 0.25489
-0.125732 0.0602706 0.142938
-0.0652785 0.0304109 0.240728
-0.0623764 0.0810283 0.569457
-0.127918 0.0665762 0.189844
-0.131357 0.0571464 0.154006
0.00524123 0.0242239 0.261431
-0.176931 0.0676913 0.207888
-0.090644 0.0251936 0.167927
-0.165849 0.0698489 0.260412
0.223782 0.113466 0.39687
-0.000998427 0.0668382 0.184749
-0.165967 0.0742814 0.30644
-0.209547 0.0750402 0.276197
-0.359383 0.0944118 0.511396
-0.130861 0.0571733 0.15349
-0.12348 0.0579203 0.159705
-0.0773375 0.0229928 0.135854
-0.344411 0.0818821 0.478366
-0.736496 0.0552272 1.06056
-0.283855 0.0758413 0.318191
-0.457288 0.130403 0.918068
-0.235802 0.0731373 0.293375
-0.3433 0.0137671 0.273107
-0.228616 0.0946767 0.200775
-0.217588 0.053858 0.211972
-0.275653 0.0714003 0.279729
0.105503 -0.171033 1.59011
-0.230012 0.0945775 0.213004
-0.0608294 0.0266532 0.177543
-0.200169 0.0906508 0.709115
-0.0265942 0.0272529 0.183639
-0.137389 0.0369357 0.152822
0.471451 -0.0509526 1.06204
-0.00347876 0.0566599 0.185301
-0.188846 0.0783501 0.181828
-0.0637798 0.034201 0.175477
-0.0548014 0.0290415 0.179139
-0.0879928 0.0547989 0.158234
-0.115997 -0.0235538 0.0629115
-0.00890181 0.0621009 0.197615
-0.0594384 -0.0236085 0.000654148
-0.200604 0.0369397 0.178371
-0.235706 0.119 0.341806
-0.0519741 0.0401241 0.163607
-0.14803 0.102956 0.191035
-0.115343 0.0656517 0.145581
0.371588 -0.262998 1.10979
-0.20393 0.0739858 0.267982
0.390827 0.0402141 0.995722
-0.483373 0.198775 0.96074
-0.356599 0.0549941 0.717286
-0.456997 0.0420981 0.983577
-0.637123 -0.134925 1.49938
-0.0287438 0.0296617 0.120757
0.037221 0.0581726 0.19134
-0.346448 0.072395 0.41488
-0.165202 0.0241963 0.196772
-0.389642 0.105989 0.833003
-0.179015 0.143326 0.756561
-0.00744728 0.0516374 0.184252
-0.223697 0.0532475 0.310388
-0.680051 -0.0787567 1.05707
0.372781 0.199696 0.99015
-0.165318 0.037212 0.190044
-0.52205 0.213133 1.00378
0.350748 -0.0168612 1.00194
-0.458726 -0.106771 1.04536
-0.400709 0.0871157 0.853633
-0.550474 -0.131995 1.30317
0.29966 0.135136 0.647312
-0.545643 -0.0188535 0.92921
-0.0191178 0.179599 1.15756
-0.137427 0.138777 0.76024
-0.148523 0.166593 0.729219
0.444859 0.0457214 1.02704
0.0952481 -0.268847 1.68978
-0.1958 0.0476593 0.237398
-0.277695 0.158877 0.781036
-0.549051 0.144746 0.939875
-0.176268 0.0742127 0.268195
-0.174783 0.0674279 0.268194
-0.500522 0.186825 0.86608
-0.0480168 0.0769459 0.26818
0.0659207 -0.155288 0.852625
-0.0704857 0.252436 1.04868
-0.217188 0.0697892 0.285617
-0.0284605 -0.0244281 0.122796
-0.54647 0.171003 0.838181
-0.62568 -0.0905787 0.991942
-0.333781 0.0967524 0.802899
0.0879455 0.0662658 1.565
-0.0645545 0.0380401 0.236846
-0.211958 0.0806605 0.264756
-0.155378 0.0948781 0.252467
-0.183419 0.113306 0.207819
-0.131886 0.0780985 0.150503
-0.0551363 0.0543022 0.152176
-0.064866 -0.0191304 0.0569129
0.43141 0.0425956 1.00479
-0.17736 0.0759768 0.273336
-0.195437 0.106265 0.264848
-0.246967 0.0800001 0.307205
-0.187445 0.0771245 0.260609
-0.0795366 0.0480332 0.173331
0.107958 -0.12122 1.61313
0.00626388 0.0255177 0.183475
-0.220279 0.0692086 0.298118
-0.0680797 -0.0163458 0.89171
-0.0201208 0.0442207 0.181567
-0.340366 0.129045 0.765217
0.0117841 -0.0131307 0.115485
-0.200668 0.0621286 0.285163
-0.195896 0.115377 0.239718
0.0277204 0.0574104 0.305121
-0.234701 0.122601 0.206096
-0.185867 0.0882835 0.162353
-0.0906504 0.0476278 0.175684
-0.195712 0.0967285 0.17565
-0.0924508 0.0625508 0.1683
0.015355 0.0393781 0.21873
-0.0734861 -0.0206484 0.00865918
-0.104757 -0.00642346 0.0750195
-0.201309 0.103164 0.190938
-0.149672 0.0615866 0.16806
-0.275511 0.109851 0.339666
-0.279984 0.0589513 0.261698
-0.0947621 0.0774807 0.181873
-0.264373 0.0859139 0.237396
-0.0648388 0.0328744 0.869202
-0.105208 0.037267 0.0891404
-0.0664766 0.104799 0.93406
-0.0731466 -0.0116515 0.0152994
-0.0658835 0.103104 0.92296
0.10124 0.15477 0.410198
-0.305565 0.101698 0.551947
-0.214921 0.0744972 0.286461
-0.465675 0.124911 0.696504
-0.289245 0.0500607 0.918746
-0.462974 0.159967 0.906765
-0.0592472 -0.00609256 0.0402113
-0.0269943 -0.0123039 0.103463
-0.00510578 -0.145182 0.843113
0.263979 -0.503738 2.21487
-0.634788 0.175355 0.929901
-0.672343 0.17949 0.931192
-0.229048 0.202641 0.760607
0.378673 0.322338 1.86792
-0.26718 0.1013 0.293116
0.279821 0.210527 0.65253
-0.310822 0.0888962 0.358558
-0.190311 0.110575 0.231029
-0.687648 0.0407688 1.00158
-0.204235 0.10381 0.866942
-0.284941 0.0774377 0.319058
-0.176915 0.0851612 0.276223
-0.228686 0.084328 0.286576
-0.0542577 0.105608 0.298344
-0.196562 0.116451 0.240862
-0.264157 0.214586 0.655184
-0.0662535 -0.029902 0.996888
-0.228647 0.167842 0.853925
-0.281924 0.067451 0.795634
-0.149556 -0.0296895 0.0989477
-0.271816 0.103665 0.297625
-0.463078 0.134377 0.700948
-0.0787621 0.0471986 0.174054
-0.442147 0.126401 0.900264
-0.209307 0.0636375 0.28119
0.0767361 -0.0398061 1.23002
-1.01701 -0.121255 1.30153
-0.0852623 0.0490379 0.171634
-0.283286 0.165559 0.713546
-0.543949 0.0910668 0.608117
-0.0291163 0.0467566 0.184432
-0.116084 0.09076 0.197807
-0.446095 0.1656 0.879535
-0.241451 0.0800802 0.289132
-0.240828 0.072939 0.227242
-0.0715051 0.0410794 0.161607
-0.191895 0.0616307 0.155476
-0.161456 0.0812305 0.20054
-0.00435322 0.0339948 0.181848
-1.12235 -0.15446 1.07538
-0.83059 -0.0690818 1.07629
-0.783389 -0.138001 0.888485
-0.789901 -0.0180203 1.12731
-0.236983 0.0467837 0.215782
-0.221452 0.0943924 0.20965
0.0049303 0.243785 1.55022
-0.0553656 0.0438153 0.134291
-0.066152 0.0230839 0.157949
-0.25607 0.0762143 0.241868
-0.527707 0.18848 0.915913
-0.494842 0.148683 1.06847
-0.383747 0.121261 0.983829
-0.532744 0.088239 0.914552
0.377361 -0.199925 1.26483
-0.195194 0.081385 0.249811
-0.203711 0.0645253 0.286155
0.00053109 0.0265085 0.178456
-0.0151705 0.0283307 0.183553
-0.0658284 0.0787647 0.230832
-0.0645131 0.0403397 0.258355
-0.144391 0.0804148 0.222404
-0.0328895 0.0269049 0.181514
-0.0482905 0.0758236 0.175377
-0.599669 0.00124824 0.845867
-0.175888 0.0672619 0.229486
-0.215104 0.0972135 0.236298
-0.164863 0.074862 0.282535
-1.12628 0.103731 1.4149
-0.320958 0.0668474 0.449989
-0.87085 -0.107575 1.10447
-0.270022 0.097077 0.228524
-0.216554 0.12374 0.299349
-0.172573 0.0665836 0.264228
-0.228053 0.145743 0.715468
0.175634 0.181626 1.42531
-0.236068 0.0757858 0.298658
-0.212227 0.108456 0.19225
-0.262228 0.0783151 0.315008
0.100445 -0.0872244 1.33079
-0.0462554 -0.0269063 0.0320491
0.42097 0.0389951 1.02105
0.00221993 0.0419423 0.183708
-0.312329 0.0602744 0.557551
-0.0107705 -0.0102298 0.151903
0.226653 0.198044 0.55393
-0.206176 0.111817 0.209158
-0.25734 -0.04745 0.504892
-0.223578 0.0941122 0.208107
-0.378058 0.189007 0.949067
-0.210903 0.100939 0.264937
-0.50131 0.169982 0.864533
-0.0817753 0.0328574 0.174767
-0.391339 0.122994 0.818779
0.0201468 -0.0155373 0.169672
-0.622824 0.0913114 0.979424
-0.068688 0.18851 0.803971
-0.599988 0.146963 0.940487
-0.124735 0.0586831 0.140421
-0.0388981 0.0405096 0.173799
-0.219738 0.0768391 0.209913
-0.182688 0.108345 0.237983
-0.6221 0.103403 0.996262
-0.516777 0.184532 0.884157
-0.168378 0.0723212 0.277293
-0.429379 0.14439 0.715093
-0.1897 0.105041 0.264585
-0.135132 0.13962 0.775351
-0.0551804 0.0534556 0.201803
-0.114834 0.0715099 0.154545
-0.0675126 0.036616 0.144561
-0.222386 0.0867872 0.240958
-0.310038 0.0819577 0.326481
-0.249376 0.103652 0.262388
-0.219691 0.0639112 0.26513
-0.0018303 0.0407933 0.185557
-0.0770814 0.031956 0.176317
-0.0849323 0.0377133 0.169704
-0.205473 0.0955857 0.846412
-0.118605 -0.015462 0.835193
0.202856 0.162998 0.968231
-0.268955 0.184539 0.77756
-0.246023 0.0180144 0.65191
-0.150659 0.0513596 0.83563
0.00342458 0.0545452 0.181897
-0.260429 0.0978386 0.29171
-0.0295516 0.0482853 0.182624
-0.010045 -0.0155021 0.140377
-0.0530313 0.0300791 0.180411
-0.362345 0.149837 0.80124
-0.243169 0.0176357 0.643523
-0.0400036 0.0352577 0.181447
-0.0616848 -0.040056 0.0906844
0.265577 0.194696 1.14044
-0.266376 0.0630726 0.268248
-0.208812 0.0665589 0.29333
0.368852 0.319117 1.84973
-0.0553328 -0.0397115 0.0760221
-0.225039 0.0970133 0.759414
-0.438688 0.139387 0.947413
-0.628677 0.180862 0.929269
-0.188027 0.0611301 0.27974
0.270062 -0.222127 2.02911
-0.0141866 0.0552525 0.184255
0.387875 0.238574 1.1917
-0.23632 0.0679137 0.301536
-0.182865 0.0490151 0.195675
-0.192929 0.115859 0.247049
0.222033 -0.19748 0.995221
-0.194659 0.117189 0.250005
-0.0078807 0.0367308 0.184073
-0.235727 0.0971941 0.199671
-0.0901479 -0.00130613 0.0501142
-0.214217 0.0893502 0.724514
-0.0711672 -0.0273731 1.13676
-0.00544744 0.0278434 0.183203
