0.747021 -0.123387 1.67028
-0.127084 0.120802 1.36972
0.756905 -0.342882 1.65136
0.0531711 0.11923 0.400888
0.0496476 0.111048 0.421366
0.116321 0.082233 0.411487
-0.0565599 0.110559 1.31084
0.773241 -0.357317 1.68374
0.110759 0.134936 0.418297
0.0290969 0.109525 0.451925
-0.162242 0.14685 0.534411
0.0573974 0.105631 0.401884
0.100463 0.128595 0.400718
-0.165024 0.150266 0.544781
0.121876 0.0861858 0.42991
-0.0408183 0.0855153 0.391457
0.144629 0.0885691 0.38566
0.204379 0.079687 0.321856
-0.125748 0.118937 1.37552
-0.0404105 0.0855045 0.391032
0.0445107 0.0848809 0.419732
-0.00952159 0.0621766 0.403763
-0.100724 0.090479 0.490016
-0.00374847 0.0880283 0.402213
-0.21086 0.146093 0.495445
-0.497037 0.058844 1.51076
0.0683851 0.128208 0.401309
-0.181361 0.147443 0.516294
1.04751 0.0754422 6.41077
-0.21331 0.148151 0.500509
0.0363774 0.0821158 0.353835
-0.0897311 0.0763912 0.38189
-0.305303 0.238616 1.52197
0.0244468 0.0629416 0.392899
0.502295 0.0608005 0.869612
0.0275472 0.0728089 0.394074
-0.0644131 0.0989948 0.441128
0.469613 0.0391417 0.801713
-0.128931 0.131662 1.37398
0.0072266 0.0822107 0.357877
0.120601 0.0881162 0.436624
0.210461 0.100382 0.327373
0.135436 0.0812178 0.364468
0.0446191 0.0938837 0.353969
-0.266897 0.0865127 1.33206
0.213684 0.104842 0.328398
-0.0963129 -0.0893771 0.418271
0.106262 0.0977596 0.467267
0.169358 0.115968 0.365029
0.0298231 0.0511568 0.49746
0.441608 0.201745 0.534673
0.215013 0.0952405 0.299336
0.0101147 -0.0553101 0.264879
0.0417694 0.0534343 0.404299
0.152004 0.0691665 0.380175
0.151114 0.0689772 0.379394
-0.0893358 0.0711831 0.375159
0.175312 0.0810371 0.448334
-0.0830138 0.0687756 0.362989
0.0544112 0.09264 0.289515
-0.0117352 0.117901 0.298524
0.0475149 0.125579 0.397307
0.103354 0.111608 0.474116
0.192904 0.0861689 0.393981
0.159726 0.120097 0.377709
0.0427348 0.163279 0.487093
0.0769835 0.133554 0.352825
0.0669957 0.126515 0.398598
0.0586348 0.120453 0.383889
0.0889571 0.105549 0.394635
-0.0579051 0.0849927 0.399324
-0.0174732 0.0927667 0.40547
-0.00676851 0.123075 0.394183
-0.0675594 0.0817922 0.388616
0.0998732 0.0908814 0.287515
0.650697 0.0103726 0.676774
0.691719 0.0111779 0.718202
0.0061564 -0.0223638 0.224628
0.00943803 -0.0245819 0.224879
0.00717747 -0.0239061 0.221471
-0.00426252 -0.0181323 0.228228
-0.0270656 0.293375 1.26365
0.029215 0.0756559 0.408944
0.20859 0.0821097 0.328007
0.141932 0.0802227 0.424337
-0.649997 0.322155 1.43689
-0.126446 0.127425 0.379639
-0.165085 0.14537 1.35332
0.194919 0.11986 0.381903
0.145519 0.0665415 0.360816
-0.173753 0.144717 0.583013
-0.536868 0.256807 1.48059
0.696945 -0.438211 2.02689
0.784701 -0.341512 1.63113
0.158786 0.0674832 0.374178
-0.0551902 0.0826559 0.387881
-0.0411163 0.0847092 0.390272
0.859884 -0.0594161 1.66164
0.209496 0.12627 0.353089
0.175603 0.212703 1.96828
1.00081 0.0192651 1.49198
-0.0742566 0.0706182 0.343615
-0.0444615 0.163695 1.51904
1.04621 -0.491299 1.17603
0.571161 0.0833937 0.702605
0.505009 0.102353 0.626591
0.048989 0.0514837 0.487617
0.104147 0.080765 0.417968
0.214553 0.0526825 0.302937
-0.0571356 0.126917 1.27227
-0.0821901 0.098979 0.37602
-0.00186889 0.0778994 0.378257
0.365814 0.0683238 0.595956
0.00478575 0.0479595 0.429513
0.0270917 0.0645539 0.39612
0.0653012 0.128844 0.409154
0.0372169 0.118785 0.482887
-0.038048 0.163816 0.458581
-0.295561 0.320673 1.51421
-0.0715648 0.0838884 1.46541
0.143325 0.0728678 0.370302
-0.685584 0.155247 1.56401
0.117709 0.149186 0.541059
0.0396353 0.136068 1.2422
0.786535 -0.268302 1.63333
0.134741 0.0742756 0.396169
1.20549 -0.504614 2.22829
-0.0835425 0.0910969 0.373483
0.0536414 0.113888 0.427702
-0.00513569 0.143376 0.425444
0.318348 -0.269757 2.35506
-0.434289 0.287816 1.27298
0.225594 -0.132887 0.89639
0.11731 0.082535 0.408116
-0.114135 0.104995 0.453497
-0.067706 0.0844236 1.38632
-0.523856 0.17323 1.57558
0.476638 0.0481236 2.38913
0.0914837 0.0824817 0.374748
0.154567 0.0764654 0.386896
0.299127 -0.0274903 2.21489
0.193749 0.10504 0.382353
-0.439448 0.211805 1.36824
0.51548 0.186309 2.1718
0.134494 0.0827479 0.372404
0.481065 0.21449 2.2519
0.0402089 0.0281871 1.50256
0.960477 -0.257647 1.75934
0.023179 0.102329 0.428734
1.49971 -0.487737 2.67914
-0.461208 0.239691 1.42646
0.139916 0.0674861 0.350205
-0.0725471 0.0854497 1.45739
0.173503 0.0673218 0.374165
-0.145868 0.127266 0.529056
-0.6299 0.0872636 1.45673
-0.0435955 0.0871588 0.39842
0.0392016 0.0823415 0.406803
0.177677 0.0639949 0.380152
0.10241 0.142965 0.419219
1.32755 -0.555735 2.47699
0.00449101 0.119879 0.450347
0.705418 0.120431 1.73395
0.00100657 0.117673 0.436218
-0.0597745 0.106702 0.425624
-0.517986 0.177554 1.6288
-0.193372 0.153335 0.541031
0.0977433 0.08217 0.433367
0.113939 0.102328 0.508721
-0.184227 0.173458 1.3045
0.0299011 0.137552 0.45863
-0.0807229 0.131303 0.372634
0.0240705 0.0984764 0.429601
-0.176597 0.139787 0.496075
0.389677 -0.44061 1.76337
-0.455485 0.231945 1.45555
-1.02502 0.544787 2.28313
-0.5211 0.3123 1.33467
0.74074 -0.26286 1.53651
-0.0469547 0.0717246 0.389143
-0.583201 0.212716 1.4204
-0.143694 0.104997 0.38954
-0.0521869 0.0975774 0.381214
-0.467559 0.212954 1.32027
-0.0514666 0.0508343 0.366769
0.181075 0.115209 0.27999
0.160504 0.1083 0.342327
0.201554 0.141097 0.418826
-0.00567642 -0.158852 1.38598
0.139615 0.0791944 0.420093
-0.124261 0.124782 0.378402
0.670959 -0.421158 1.9758
-0.0454652 0.0859294 0.394995
-0.528895 -0.0184975 1.24055
0.781721 0.143864 1.67829
-0.0846527 0.134293 0.381208
0.101542 0.177891 0.478098
0.0979329 0.139422 0.399857
-0.11005 0.150178 0.424253
0.0831127 0.136956 0.341026
-0.454921 0.216295 1.44121
1.04267 -0.419749 1.95522
0.255747 0.0779423 0.362134
0.170709 0.0648059 0.36592
1.07566 0.0105398 1.62232
-0.414077 0.153879 1.56239
-0.400659 0.149018 1.51634
0.0498567 0.0862693 0.217416
0.740745 -0.231535 0.828076
0.171454 0.123133 0.282946
-0.369075 0.148793 1.363
-0.0681651 0.0771314 0.406013
-0.160012 0.158553 1.38076
-0.0651047 -0.465544 1.44139
0.485034 0.109059 0.801177
-0.149056 0.135689 1.2393
-0.495405 0.237935 1.44515
0.0470823 0.0841138 0.51201
0.173436 0.0818972 0.369231
-0.0657948 0.0813154 0.389311
-0.0198681 0.091568 0.396305
0.0850312 0.0679081 0.362391
-0.21125 0.179798 1.37182
0.658854 -0.328558 1.95195
0.00419301 0.0721767 0.391622
0.0409579 0.103022 0.427694
0.000129195 0.0983244 0.738093
0.025605 0.062167 0.397743
0.388241 0.0982007 0.571574
0.232438 0.0684708 0.322056
0.213676 0.0722156 0.307712
0.618006 0.183417 0.735831
0.00567289 0.0715894 0.380855
-0.0666499 0.080884 0.383818
-0.0880453 0.0664911 0.407676
0.847668 -0.105952 1.52349
-0.0343755 0.0697331 0.395689
0.240684 0.252857 2.33135
0.197462 0.0496432 0.308969
-0.327926 0.194893 1.33518
-0.0781215 0.148286 1.22898
0.181236 0.116515 0.366638
0.212653 0.0408145 0.317677
0.154037 0.114132 0.357034
-0.089927 0.113782 0.412766
0.688114 -0.375175 1.67649
-0.514273 0.172353 1.56559
0.0209317 0.0804241 0.386084
0.00470229 0.102791 0.389806
0.0218227 0.106168 0.416731
-0.179881 0.149214 0.538562
-0.458168 0.244899 1.44945
0.172618 0.0664819 0.371822
0.145806 0.0677435 0.348749
0.148043 0.0666162 0.344724
-0.0472839 0.0707107 0.383389
-0.0174884 0.10872 0.3838
-0.0761245 0.138478 0.381272
-0.184288 0.15451 0.54416
-0.508348 0.300006 1.29573
0.0230882 0.10105 0.43463
0.00234347 0.0566692 0.405687
-0.0907722 0.0722068 0.380065
-0.00236507 0.096148 0.407513
-0.0526796 0.119666 0.479622
0.111395 0.0895283 0.45967
0.17605 0.0637205 0.378843
2.30923 -2.56481 9.89934
1.3411 -0.395251 2.41399
0.282199 0.0192548 2.42897
0.698011 -0.387341 1.70659
0.0228041 0.111479 0.431743
0.207413 0.0953845 0.312782
0.571108 0.131902 1.71622
0.545255 0.033174 0.786144
0.719459 0.142143 1.08943
0.0380219 0.0467041 0.410343
-0.0548254 0.0642418 0.409283
0.087482 0.113509 0.372938
-0.0554469 0.0730181 0.397619
0.104482 0.123964 0.387692
-0.0796001 0.0955505 0.373184
0.220889 0.0773764 0.311499
-0.0719564 0.0848669 0.347256
0.271543 0.0804474 0.381561
-0.112465 0.0800658 0.469766
0.463806 0.154413 0.834578
0.211327 0.0883964 0.322932
0.337709 0.155304 0.639383
0.202805 0.0846853 0.308384
-0.0895474 0.0807037 0.390884
0.026739 0.120947 0.402434
-0.0741175 0.0668695 0.393004
0.200608 0.127212 0.404816
0.0282322 0.108377 0.444695
0.280783 -0.22103 1.15374
-0.00949569 0.0532833 0.400645
0.158086 0.0666393 0.371208
0.216448 0.0748702 0.304884
0.07514 0.152253 0.35512
0.150594 0.126217 0.310068
0.14355 0.149935 0.362368
0.193657 0.135624 0.34
0.133276 0.122221 0.274504
0.131588 -0.0237039 0.312658
0.736173 -0.42441 0.859142
1.08074 -0.356222 1.35917
0.00196358 0.0723764 0.371914
0.971777 -0.0746723 1.69732
0.834697 -0.364337 1.74198
0.0308168 0.0758481 0.44591
0.0337746 0.077364 0.387509
0.224395 0.0833624 0.316227
0.140025 0.0680351 0.372591
0.058893 0.119512 0.429468
0.0387089 0.0546527 0.470076
0.477327 0.068636 0.823256
0.173409 0.0880979 0.482016
0.0430951 0.154295 0.628957
0.0499479 0.126546 0.404206
0.0178126 -0.0153388 0.241625
0.0943693 0.08612 0.403085
-0.0177645 0.09238 0.402622
-0.0176114 0.108519 0.388735
0.0894988 0.1071 0.402649
-0.0838323 0.0781337 0.373308
-0.173518 0.140253 0.570205
-0.0826462 0.0955638 0.38371
0.00309385 0.065636 0.448758
-0.0126821 0.0617754 0.401728
0.15464 0.114556 0.359743
-0.07574 0.0746519 0.363499
-0.402952 0.223454 1.64278
0.223066 0.0339357 2.2019
0.419953 0.034844 0.713176
0.369085 -0.0176394 2.59098
0.190305 0.0711384 0.412564
0.242059 0.111644 0.505285
0.000719471 0.116524 0.426648
-0.0805872 0.10864 0.37956
0.203368 0.0847539 0.309536
0.0139104 0.130051 0.426899
0.973981 -0.180584 1.51191
1.22933 -0.424123 2.21605
0.841712 -0.0570596 1.63278
0.0309607 0.115918 0.460642
0.244748 0.0369496 2.51823
-0.0406285 0.0808554 0.713231
0.117805 0.0869182 0.433176
-0.0570782 0.0781535 0.424937
0.050309 0.109337 0.413395
0.26339 0.0393106 2.36817
-0.0579615 0.0753076 0.378863
0.180381 0.11703 0.367336
0.14365 0.131003 0.358085
0.104513 0.134767 0.420439
-0.0563529 0.136157 0.391292
-0.180814 0.140816 0.468873
-0.160422 0.148824 1.35055
-0.0820504 0.133774 0.380729
-0.169023 0.133357 0.462523
0.0671801 0.12147 0.390122
-0.0950309 0.138396 1.05155
0.112902 0.0832806 0.416474
0.0258881 0.120348 0.403203
0.158773 0.102057 0.451956
0.0170546 0.098627 0.374802
-0.00301906 0.0875818 0.408293
0.957583 -0.0673844 1.84668
-0.00321933 0.0834565 0.403127
0.798151 -0.126855 1.64564
-0.466097 0.183574 1.61351
-0.018818 0.111706 0.400676
0.0258342 0.10545 0.352333
-0.454773 0.229085 1.02359
0.208504 0.0997273 0.322497
0.0287775 0.108841 0.448759
-0.0653952 0.0645242 0.403323
-0.16529 0.126301 0.540165
0.0458989 0.0816859 0.531241
-0.138064 0.111709 0.387301
0.211054 0.0440609 0.316462
-0.562263 0.312035 1.6209
-0.438107 0.263803 1.12806
0.216978 0.0521077 0.340669
-0.285264 0.163837 0.579411
-0.00445794 0.0566793 0.377059
-0.329217 0.145941 0.555076
-0.0219507 0.148221 0.427196
-0.0614629 0.0632107 0.388743
0.0411349 0.0434204 0.4297
-0.299188 0.180387 0.659404
0.0125018 0.0742197 0.499349
-0.0383157 0.132751 0.397346
-0.0797909 0.070594 0.381953
-0.119027 0.119735 0.360505
-0.196967 0.137605 0.467821
0.0058772 0.149555 0.444028
0.0626718 0.128406 0.408227
0.138189 0.0830607 0.363122
0.0447755 0.0989859 0.443075
0.0455241 0.159131 0.470133
0.143965 0.0717322 0.369771
0.0436559 0.0850689 0.422244
0.0709253 0.132971 0.429267
-0.0841445 0.112005 0.392257
-0.0598567 0.0889359 0.374747
0.0244992 0.0543892 0.290924
0.110478 0.142993 0.452288
0.189687 0.125816 0.383468
0.0333012 0.165059 0.506258
0.156789 0.0661768 0.340554
-0.0813613 0.102554 0.376306
-0.0323468 0.0687986 0.392998
-0.0886966 0.0799442 0.387953
0.037738 0.0411481 0.400355
-0.122208 0.108033 0.317546
-0.053103 0.0843939 0.359223
-0.122093 0.107457 0.315921
-0.078655 0.069967 0.379065
0.20511 0.0934504 0.319321
0.048218 0.113516 0.46274
0.0366016 0.11588 0.472288
-0.000747173 0.0960432 0.399736
-0.0199943 0.144582 0.41802
0.194229 0.0527794 0.311453
-0.0309875 0.0683252 0.388892
0.041984 0.0429822 0.419561
-0.0664477 0.0736727 0.381632
-0.0660064 0.0783945 0.373368
0.152235 0.101866 0.321394
-0.198917 0.151312 0.52234
-0.622045 0.215997 1.48292
-0.243511 0.163763 0.570272
-0.330279 0.177093 0.834626
-0.596124 0.21034 1.42814
-0.220779 -0.0754263 0.813952
-0.0499009 0.0755397 0.336051
0.0415476 0.0965592 0.406788
0.939247 -0.363998 1.51065
0.0959374 0.137095 0.393471
0.0228502 0.0903404 0.391591
0.161137 0.0685092 0.379813
0.0307437 0.0845039 0.413326
0.00310138 0.102385 0.37644
0.102198 0.079742 0.408164
0.117921 0.126911 0.335076
-0.0864996 0.113179 0.405796
0.219302 0.123081 0.298729
0.0452248 0.1312 0.329178
0.141719 0.143402 0.343703
0.548718 0.0254125 0.914857
0.200383 0.118567 0.293261
0.179585 0.0781171 0.245864
0.0939719 0.212144 0.485507
0.0756344 0.154247 0.353576
0.190611 0.125681 0.368087
0.0690822 0.14297 0.367302
0.023659 0.0362168 1.23008
-0.0340365 0.121809 0.365244
0.480414 0.0422041 0.805024
-0.0542855 0.0820315 0.38534
0.736357 -0.0938405 1.62961
0.13616 0.0747785 0.399499
-0.208446 0.171562 0.60681
0.117967 0.0822662 0.40721
-0.065284 0.0952054 0.402015
-0.232597 0.154919 0.701583
-0.0675982 0.0927181 0.382058
0.0173244 0.0746253 0.306976
0.031551 0.112113 0.449579
0.137413 0.083865 0.378833
0.0114524 0.0900522 0.401018
-0.603164 0.30581 1.34833
-0.223014 0.155972 0.526517
1.69261 -0.542085 2.77017
-1.32523 0.701723 2.94118
-0.0735669 0.0759305 0.368728
-0.0870188 0.133382 0.393744
0.00138066 0.0669829 0.423686
-0.481381 0.264261 1.20556
0.140052 0.0900285 0.396584
0.0425438 0.0973364 0.41897
-0.422466 0.167298 1.48885
1.01275 -0.253326 1.84284
-0.171489 0.140747 0.577321
-0.259103 0.159 0.56563
-0.479836 0.261681 1.50619
0.166948 0.102454 0.339561
0.250435 0.104532 0.346153
0.3131 0.0795714 0.45656
0.25708 0.10653 0.35462
0.141342 0.110077 0.346446
0.227151 0.0761888 0.324465
0.0258872 0.139757 0.37391
0.210685 0.0834114 0.331418
-0.0208868 0.147095 0.42521
-0.232356 0.178014 0.477421
-0.34669 0.155591 0.640907
0.302968 0.109609 0.525176
0.288205 0.0708587 0.417198
0.0577246 0.136302 0.395799
0.0489913 0.134933 0.370505
-0.679915 0.0812747 1.55452
-2.48385 -0.0357029 3.44588
-0.975033 -0.0376921 1.76192
-0.0687773 0.0933606 0.373182
-0.0560144 0.0797569 0.367599
-0.0718227 0.101766 0.37949
-0.136795 0.138141 0.744768
-0.177397 0.135474 0.504566
-0.200195 0.157824 0.519211
-0.197885 0.147482 0.546547
-0.0813906 0.0700915 0.368329
-0.159531 0.146323 0.537383
-0.49208 0.19844 1.48436
-0.29591 0.235945 0.741543
-0.198187 0.156876 0.515898
-0.170743 0.14566 0.517676
-0.17348 0.135011 0.526078
-0.0168056 0.128175 0.398062
0.179617 0.109247 0.369354
0.18066 0.125956 0.340221
0.120626 0.101611 0.273617
0.181356 0.106402 0.263042
0.135744 0.104985 0.33075
0.0612403 0.142726 0.415173
0.0543559 0.125716 0.436492
-0.0211682 0.141471 0.439031
-0.322885 -0.350694 1.35071
0.171096 0.059878 0.360059
-0.636705 0.083837 1.47906
-0.440639 0.172309 1.45749
0.534268 0.0719676 0.916716
0.698909 -0.229156 1.79245
0.572434 -0.53551 1.43046
-0.00217779 -0.180896 1.51489
-0.00646546 0.0581665 0.406111
-0.21374 -0.022132 0.36257
0.0118567 -0.0249339 0.220167
-0.214011 -0.0220418 0.362884
0.0326531 0.0617671 0.391166
0.58365 0.0859091 0.723501
0.786634 -0.396202 0.84734
0.947762 -0.105663 1.67771
0.0213222 0.0664647 0.555203
0.0266527 0.0467502 0.455531
-0.10039 0.0984226 0.681976
0.151446 0.0685442 0.378171
-0.294155 0.0960846 1.40666
0.766092 -0.409194 0.897792
0.197163 0.0776372 0.300571
0.442054 0.201515 0.503704
-0.10388 0.082236 0.432998
0.0979112 0.1365 0.350392
0.141208 0.0986401 0.275838
0.22654 0.075099 0.321677
-0.00124653 0.147411 0.431583
0.023613 0.151496 0.403411
-0.0542302 0.0824316 0.386507
-0.0736894 0.0677655 0.384859
-0.0700341 0.134386 0.325657
-0.0758202 -0.0445843 1.38606
1.05256 -0.487925 1.73983
0.692796 -0.165006 1.70437
0.841947 -0.537967 1.55844
0.685743 0.0883168 0.691171
0.655488 0.00606086 0.778849
0.49724 0.0476036 0.822617
0.570412 -0.535286 1.43882
-0.173928 0.175852 1.43991
-0.414256 0.161768 1.46551
-0.514021 0.198313 1.54788
0.730345 -0.400214 0.766823
-0.059697 -0.0333453 1.26369
-0.377532 0.142543 1.39645
0.300302 0.248533 2.37246
0.877638 -0.372219 1.63574
0.73826 0.136367 1.74012
1.07548 -0.199824 1.67354
1.09109 -0.360758 1.37417
-0.382931 0.225364 1.5665
0.0116731 0.089744 0.41093
0.0396494 0.0645724 0.406117
0.667253 -0.00399931 0.802646
0.00170576 0.0784863 0.397069
0.317736 0.0798433 0.467288
0.618371 -0.197304 0.826246
0.600208 0.0291269 0.752982
0.693429 -0.37295 1.66212
0.783848 -0.14719 1.48479
0.588677 -0.54361 1.43421
0.612077 -0.193079 0.814593
-0.0683537 -0.0367634 1.32811
0.732973 -0.111944 1.62743
-0.46596 0.214424 1.41016
0.165854 0.117166 0.242441
0.179434 0.137351 0.323929
0.112539 0.118464 0.42016
0.173574 0.117904 0.280725
-0.0745381 0.0690498 0.385709
-0.0181369 0.163693 0.424982
0.0166616 0.108565 0.529404
-0.0883043 0.103271 0.407313
0.178129 0.121313 0.321858
0.00529916 0.155711 0.462098
-0.0750782 0.103521 0.377224
0.198019 0.147773 0.418496
0.0211625 0.155366 0.45309
0.0722941 0.135922 0.426688
0.162482 0.0687982 0.382266
0.593956 -0.52955 1.37812
-0.202831 0.167089 1.29833
0.906521 -0.581093 1.67368
0.285446 -0.364013 2.41621
-0.0343664 0.0606962 0.337811
0.50792 0.0381132 0.862605
-0.0476881 0.0695979 0.383202
0.596797 0.0825803 0.71775
0.0058782 0.0687971 0.399634
0.0410529 0.0525661 0.404882
0.0404057 0.0773636 0.482842
-0.0289689 0.163509 0.772548
0.183331 0.131995 0.298658
-0.0546182 0.154187 0.291164
0.337043 0.184727 0.419262
0.24702 0.10848 0.343868
0.191254 0.111341 0.254799
-0.00504117 -0.0180602 0.228305
0.0135045 -0.0250564 0.222593
-0.115574 0.156107 0.439135
-0.0663065 0.0773602 0.364123
-0.0802735 0.0922161 0.375408
0.208006 0.125586 0.350008
-0.0892743 0.125039 0.404638
-0.393084 0.162633 1.45177
0.124919 0.0927088 0.256719
0.0620232 0.145885 0.415265
0.167025 0.0726057 0.349459
0.099891 0.121415 0.434343
0.804855 -0.277015 1.67698
0.259281 0.0801255 0.367944
-0.0605012 0.142178 0.410846
0.0421555 0.0531927 0.399968
0.00237675 0.076229 0.498962
-0.000209835 0.164497 0.435751
0.0362071 0.0756838 0.314201
0.109715 0.166322 0.480574
-0.057052 0.136073 0.393169
0.0446596 0.165313 0.491285
0.708642 0.0683052 0.661758
-0.0826878 0.118475 0.382927
0.182113 0.121646 0.350542
-0.00691376 0.0756831 0.412329
-0.0155844 0.0900501 0.39347
0.0594539 0.122133 0.390281
-0.159685 0.186851 0.541825
0.245083 0.0753274 0.344778
0.0928085 0.171797 0.44746
0.15923 0.107551 0.339418
0.227738 0.100653 0.315901
-0.126906 0.140574 1.36374
0.311973 0.172713 0.660248
0.126512 -0.00335656 0.280058
-0.00472618 -0.017615 0.226685
0.0101034 -0.0220669 0.224953
-0.00448926 -0.0188001 0.228352
-0.0336988 0.169695 0.365954
0.166881 0.140928 0.317999
0.663625 -0.481314 2.00395
-0.433014 0.29338 1.27497
-0.499627 0.267051 1.53462
-0.642969 0.126845 1.43462
0.58619 -0.0687406 1.14025
0.826879 -0.0551264 1.60381
-0.0701809 0.0669109 0.368508
-0.0660809 0.0766382 0.370066
-0.203999 0.191852 0.504002
-0.756828 -0.0271854 1.39062
0.109432 0.13198 0.412223
-0.0654927 0.0905451 0.373887
0.025762 0.0542088 0.393868
-0.0800064 0.0699811 0.415192
-0.00691368 0.0694673 0.413083
0.170802 0.070002 0.363798
0.987234 -0.327967 1.25048
0.0399171 0.0681361 0.397609
-0.0891256 0.0657205 0.386887
0.73562 -0.42915 0.873943
0.636076 -0.00712283 0.80056
0.618693 0.0351258 0.768567
0.447618 0.20541 0.513759
0.21246 0.131724 0.324307
-0.483073 0.359567 1.5203
-0.0795607 0.0727274 0.367319
-0.0793239 0.0728334 0.367014
-0.197358 0.12969 0.484441
-0.0798608 0.0735965 0.368719
-0.37875 0.19819 1.34419
-0.285696 0.19004 1.39409
-0.188424 0.247127 1.35029
-0.582263 0.444973 1.82078
-0.144741 0.234491 1.29842
-0.0343781 0.27546 1.32118
-0.28461 0.329418 1.5412
-0.170991 0.145955 0.51883
-0.170833 0.145836 0.519309
-0.771793 -0.113407 1.44031
-0.443736 0.234784 1.54158
-0.645628 0.154014 1.51497
-0.959464 -0.035368 1.72981
-0.200852 0.152544 0.524882
-0.199816 0.148021 0.532896
-0.692236 -0.104775 1.3166
-0.992677 0.267636 1.55055
-0.998238 0.264939 1.56248
-0.199601 0.154038 0.517507
-0.23502 0.169899 0.533336
-0.188822 0.151676 0.523662
0.00236572 0.0626762 0.403796
0.723676 -0.166966 1.76204
-0.538296 0.262471 1.48293
-0.16644 0.17202 1.36807
-0.280614 0.104553 1.46577
-0.0761106 0.138515 0.381302
-0.223966 0.156328 0.528605
-0.196298 0.144683 0.539205
-0.627422 -0.0233913 1.43456
-0.189158 0.334448 1.41841
-0.312475 0.188538 0.673158
-0.211861 0.145993 0.507902
-0.70026 0.419963 1.41598
-0.192922 0.142052 0.533318
-0.145433 0.0889186 0.434391
-0.236306 0.142453 0.528962
-0.24197 0.190276 0.484387
-0.262409 0.20074 0.539156
0.290456 0.198053 2.31566
0.149691 0.132049 0.282803
0.168524 0.118752 0.249644
0.00371275 0.0453185 0.347076
0.117918 0.112905 0.275482
0.0731837 0.0882834 0.187659
0.149695 0.141622 0.303188
0.237013 0.149661 0.320223
-0.0502744 0.155427 0.396639
-0.0893356 0.171643 0.439877
0.141751 0.117814 0.288185
1.08666 -0.355741 1.36438
0.940983 -0.290607 1.06577
0.042995 0.0545775 0.411263
0.285236 0.0239951 2.44706
0.705213 -0.375859 0.793338
1.20489 -0.508939 2.40814
1.70637 -0.348961 3.43441
0.741339 -0.405203 0.774924
-0.398772 0.165885 1.47395
0.857858 -0.0889872 1.67255
0.335679 -0.17329 2.38237
0.831351 -0.0899885 1.62259
0.225982 0.189473 2.19521
0.784371 -0.0627738 1.40802
0.471803 0.0460635 2.38453
0.094383 0.0242712 2.46439
0.00850589 0.0776223 0.391368
0.0922764 0.0756018 0.402686
0.606356 0.126316 0.770084
1.10531 -0.363641 1.38859
0.581796 -0.495947 1.7178
-0.441552 0.135333 1.41262
0.792414 -0.331726 2.17986
-0.270663 0.292693 1.19818
-0.0800937 0.179351 1.34716
-0.367142 0.219897 1.4818
-0.708393 0.163359 1.61382
-0.646296 0.0818249 1.39296
-0.18531 0.172935 1.30348
0.767416 0.13866 1.96693
-0.176877 0.24739 1.33709
-0.0537739 0.106311 1.30821
0.0377474 0.0413279 0.395832
-0.0865803 0.112885 0.412611
-0.00170398 0.0898357 0.425159
0.0318516 0.0696868 0.390614
-0.0165646 0.0917021 0.400463
0.111881 0.0796128 0.39567
-0.0808546 0.0831858 0.568557
-0.22652 0.155983 0.531484
-0.554395 0.210372 1.3497
-0.44659 0.204441 1.30099
0.755867 -0.12296 1.63554
2.08474 -0.615781 3.40817
-0.191704 0.239142 1.50576
0.697457 -0.503455 2.10362
0.159496 0.0671396 0.348362
0.932625 -0.355871 1.50011
0.0247289 0.0620314 0.396873
-0.000132484 0.0665138 0.389929
-0.0787332 0.0821244 0.377705
-0.0383711 0.0876988 0.350914
0.0168194 0.124319 0.362621
-0.0444007 0.068603 0.316746
0.193012 0.120978 0.380314
0.245622 0.130397 0.379576
-0.0636997 0.0868632 0.354911
-0.0657349 -0.0423209 0.381274
0.0378738 0.0515743 0.404463
0.363063 0.131819 0.618254
0.589156 -0.532376 1.68817
1.00721 -0.463251 1.66428
0.652093 0.00448258 0.777553
0.408417 -0.382038 1.02377
-0.126845 0.2395 1.31972
-0.206862 0.443214 2.0913
-0.679425 0.162804 1.4963
0.697044 0.146334 1.67589
-0.574118 -0.0228412 1.33542
-0.71738 0.154578 1.61567
-0.320431 0.203575 0.520292
-0.268311 0.18607 0.485619
0.909526 -0.336207 1.65636
-0.140399 0.129406 1.20079
-0.0774378 -0.181731 0.569322
0.309261 -0.261739 2.28619
0.510689 -0.404085 1.13451
0.7574 -0.120651 1.62432
0.273314 0.236235 2.22436
0.745065 0.189878 2.3526
0.688627 -0.192127 1.69467
0.571821 0.0979282 0.762704
-0.28049 0.323116 1.52219
0.197316 -0.116434 1.5707
-0.0823995 0.271077 1.31455
-0.816873 -0.116115 1.50487
-0.329002 0.207792 0.947734
0.775651 -0.10487 1.51973
-0.121059 0.213477 1.40176
0.857985 -0.323747 1.59219
-0.0930826 -0.331902 0.811175
-0.048224 0.135382 1.00438
-0.0992928 0.0762115 1.34298
0.130556 0.44655 2.22021
0.0422762 0.113041 1.14565
-0.082046 0.296438 1.45387
1.14901 -0.328841 1.98923
-0.0957915 0.0763454 0.404692
-0.095405 0.147248 0.359702
0.892795 -0.0638839 1.71225
-0.0740443 0.0678077 0.512145
-0.0377086 0.0715448 0.400757
0.126307 0.219991 1.99639
-0.692854 0.243244 1.56611
1.21761 -0.414991 2.28782
-0.185719 0.247354 1.35482
-0.0529289 0.28448 1.35775
0.748707 -0.326295 1.57144
-0.0678523 0.190114 1.36462
0.0334904 0.111311 1.1399
-0.296348 0.234603 1.47595
-0.0561063 0.115238 1.27358
-0.274068 0.142871 1.42919
-0.697518 0.143743 1.35618
-0.63454 0.0786958 1.37714
0.603833 0.0869015 0.730071
0.170799 -0.32093 1.40382
0.495198 -0.18387 1.45184
0.264113 0.238381 2.19382
0.226738 0.0504138 2.43299
0.0621874 0.143042 1.38016
0.6337 -0.0104457 0.796915
0.0318143 0.00538053 0.271471
0.98433 -0.177071 1.52912
-0.187105 0.175952 1.32156
0.758567 -0.412807 2.58826
0.51683 0.199754 2.19221
-0.0688119 -0.0259777 1.26504
-0.052642 -0.0300513 1.26585
-0.185773 0.180859 1.32309
-0.00782461 -0.0188058 0.229612
0.0229453 -0.0189312 0.247007
0.818132 -0.391505 0.960268
-0.688632 -0.0578893 1.6343
-0.0487356 0.163966 1.67875
-0.523498 -0.0320983 1.50329
0.600854 -0.500665 1.74904
-0.0177067 -0.20694 1.30178
-0.0528678 0.143336 0.842607
0.409794 -0.260918 1.82509
0.229505 0.243905 2.23746
0.252943 0.249587 2.35532
-0.470047 0.253693 1.45473
-0.000126266 -0.146065 1.3105
-0.0183586 0.167265 0.436064
0.308958 -0.0911656 0.743401
0.341574 0.188714 0.426523
0.313489 0.17343 0.389109
0.130764 0.089333 0.188071
-0.483412 0.175298 1.512
0.145168 0.145497 0.355367
0.291894 0.058261 0.439433
0.178092 0.142881 0.300522
0.0744641 0.150427 0.343079
-0.0551895 0.0836543 0.390138
0.112552 0.113435 0.241593
0.169296 0.120325 0.274378
0.441488 0.301322 0.830714
0.183235 0.137132 0.296421
0.171829 0.127084 0.275308
0.201477 0.116612 0.2781
0.240619 0.196243 0.547935
-0.0731319 0.163048 0.385157
0.141206 0.131379 0.294483
0.0406707 0.114744 0.245667
-0.00100459 0.162636 0.431232
0.218167 0.113455 0.325875
0.0679709 0.140628 0.36208
0.110479 0.141808 0.534632
-0.503676 0.230984 1.50244
0.0155219 0.159755 0.466768
0.0963777 0.137826 0.369959
-0.0509616 0.0716653 0.390895
0.0555884 -0.00468415 0.0565335
0.211936 0.121466 0.28757
0.643798 -0.0684356 0.818623
0.567263 0.0115455 0.617694
0.515671 0.116147 0.852389
0.693204 -0.340905 2.01349
-0.15293 0.122216 0.497385
-0.17729 0.149156 0.537872
0.0302103 0.0846597 0.409625
-0.340687 0.148627 0.576677
0.130297 0.072262 0.377794
0.599889 -0.547597 1.73055
0.790351 -0.275664 1.64615
-0.224462 0.157159 0.530078
-0.039181 0.151497 0.415556
0.131509 0.0721128 0.381348
0.188923 0.11081 0.274352
-0.0395543 0.0842319 0.384586
0.582026 0.0356399 0.748782
0.146282 0.121647 0.297692
0.168267 0.0782093 0.333337
0.13675 0.126434 0.348057
-0.0392839 0.0828563 0.330169
0.0351396 0.0607285 0.40711
0.0462676 0.0980165 0.387269
0.171572 0.125776 0.323023
-0.073901 0.135813 0.373936
-0.0724611 0.108812 0.37639
0.204419 0.1163 0.276535
0.225626 0.087597 0.360165
-0.0281776 0.115362 0.506386
0.251082 0.083439 0.357431
-0.0547819 0.0780735 0.604526
0.373801 -0.0427894 0.692336
-0.0563797 0.13632 0.391696
-0.0566246 0.06994 0.371778
0.1768 0.0752154 0.391251
0.460676 0.00115549 0.445736
0.359936 0.115194 0.631827
-0.0579036 0.086806 0.379778
0.620657 0.0885922 0.774142
-0.0831267 0.106099 0.382907
0.0235928 0.135829 0.356036
0.178766 0.125758 0.337995
-0.0639144 0.0988823 0.382718
0.0218676 0.0819841 0.883932
-0.0132866 -0.00759762 0.227275
0.00989883 -0.025932 0.223431
0.022495 -0.015853 0.244529
0.00959909 -0.0221211 0.221118
0.00987108 -0.0141266 0.247779
0.0375695 0.144784 0.324947
0.15937 0.138721 0.339283
0.807928 -0.120354 1.65759
0.163305 0.114838 0.239247
0.155077 0.146004 0.328348
-0.286153 0.383174 1.57449
0.152295 0.141375 0.319563
0.725512 0.115076 1.75439
-0.0818276 -0.0363191 0.484603
-0.133032 0.18465 0.537195
-0.0525975 0.0607646 0.390442
0.0251437 0.163119 0.340876
0.155272 0.0974458 0.226393
0.153513 0.11522 0.285522
-0.0105225 0.054538 0.411087
0.0662904 0.27714 1.41061
0.796984 -0.159353 1.44808
1.25964 -0.424015 2.33282
0.717908 -0.0552866 1.30105
1.08843 -0.387105 1.91553
-0.227457 0.421419 1.59969
0.926832 -0.169541 1.45571
1.05655 -0.314004 1.85441
0.0076746 0.0794227 0.392187
-0.544144 0.1396 1.22245
0.901219 -0.0606016 1.66339
-0.612804 0.0903483 1.40166
-0.436712 0.188212 1.39491
0.763676 0.109072 1.91426
1.38408 -0.454718 2.27793
1.55111 -0.656332 2.9495
-0.35224 -0.308735 1.28537
0.350625 -0.012105 2.34262
-0.00760653 -0.0184761 0.231237
0.00994524 -0.023908 0.225457
-0.00221137 -0.0179141 0.225131
-0.00357957 -0.0177138 0.229042
0.820187 -0.185983 1.49268
0.307787 -0.193875 2.24464
-0.122129 0.204964 1.55682
0.957018 -0.105059 1.66147
1.02642 -0.109481 1.90956
-0.0651789 0.0791443 1.25454
0.0621257 0.139988 1.3713
-0.301324 0.170967 1.57621
1.20717 -0.367425 2.08196
0.82413 -0.28753 1.70039
-0.235344 0.226174 2.17485
-0.105032 1.28585 5.16851
-0.0975287 0.249273 1.76729
0.80044 -1.1463 4.87022
-0.0533933 0.145308 1.50339
-0.0235628 -0.222586 1.1665
-0.0602958 0.146731 1.26931
-0.0583136 0.297152 1.41583
1.7364 -0.538575 3.12374
-0.0402575 -0.334325 1.33268
0.640301 0.00794385 0.761847
0.152146 0.271842 2.43831
-0.0543631 0.136176 1.35248
-0.0497441 -0.0289526 1.26957
0.634802 -0.0469126 0.819306
0.804948 -0.0593126 1.5426
-0.083478 0.0738673 0.378475
-0.674007 0.160218 1.48722
0.166658 0.0731867 0.234642
0.226758 0.111481 0.352143
0.133851 0.146843 0.389562
0.0371619 0.140557 0.358674
0.0251584 0.0155498 0.343559
0.0688807 0.0183867 0.0857935
-0.0524637 0.0762904 0.386884
0.0302196 0.00419593 0.0311713
0.909609 -0.0636911 1.74054
0.0668931 0.140071 0.392239
0.000856884 0.0584073 0.412969
-0.0629884 0.0749991 0.401282
0.553358 0.168454 0.655084
0.145762 0.121141 0.297643
0.201595 0.0947431 0.295608
0.188574 0.127397 0.306115
0.176868 0.112328 0.273155
0.243943 0.121319 0.378976
0.180996 0.119585 0.321169
0.193669 0.136362 0.367994
0.0630042 0.114761 0.246256
0.175907 0.111603 0.260274
0.206249 0.0953493 0.476103
0.100536 0.124496 0.464012
0.029589 0.0593969 0.38345
-0.0500741 0.0719814 0.393034
-0.00273007 0.0493609 0.369308
0.399515 0.181614 0.454917
0.000485114 0.0512758 0.401768
0.176258 0.135237 0.335327
0.273634 0.0753081 0.4553
-0.0296664 0.130919 0.371915
-0.00419067 0.0823055 0.421023
0.756052 -0.120144 1.68848
-0.0325095 0.0696548 0.396256
0.123198 0.109023 0.298557
0.217212 0.106425 0.331887
-0.00562222 -0.234437 2.05657
-0.0330293 0.0944075 0.398271
-0.55069 0.253985 1.5283
-0.541919 0.250993 1.50518
-0.143461 0.109133 1.40412
-0.482289 0.203835 1.42788
0.243225 0.0617447 2.06433
0.106383 -0.0363223 0.25282
0.030999 0.136771 0.336379
0.110777 0.120266 0.32986
0.114789 0.0793781 0.394827
0.121782 0.0926852 0.382054
0.0457419 0.158218 0.467055
0.0203787 0.0995905 0.397906
-0.0734279 0.199843 0.552434
0.203428 0.0414412 0.310278
0.243926 0.0898013 0.390017
0.122366 0.0842861 0.369191
0.213055 0.100635 0.313907
0.0621286 0.147229 0.36554
0.217657 0.0962506 0.300118
0.11374 0.0803252 0.404637
0.136584 0.100769 0.315167
0.206705 0.077567 0.305634
0.12112 0.0960217 0.388356
-0.163242 0.147909 0.538348
-0.0670372 0.0928497 0.382637
0.327524 0.0614304 0.392985
0.204604 0.124619 0.348173
0.201947 0.0987839 0.309453
0.0554998 0.126234 0.307395
0.0280647 0.000489416 0.0123195
0.0491822 0.0759294 0.408327
0.0546617 0.127585 0.428126
0.142469 0.103425 0.325348
0.194637 0.0676314 0.316879
-0.49095 0.176679 1.55586
0.229336 0.134189 0.322076
0.216173 0.134006 0.374439
0.164255 0.0696107 0.387847
0.180146 0.133598 0.29778
-0.113126 0.158584 0.460404
-0.0236394 0.152996 0.43508
-0.0803939 0.0755309 0.360492
0.11884 0.0875332 0.198621
-0.0979494 0.15163 0.367446
0.193919 0.143352 0.321632
-0.084682 0.161873 0.420741
-0.0724786 0.157491 0.357273
0.0934586 0.116966 0.259876
0.182526 0.128453 0.269059
0.192565 0.109573 0.260432
-0.0780512 0.0901338 0.3648
-0.0875092 0.150694 0.339012
0.00178132 0.113573 0.402118
0.00592121 0.108567 0.415032
-0.0754776 0.137132 0.37997
0.0176781 0.0940177 0.362353
0.0301785 0.111941 0.419127
0.0351035 0.0938319 0.412457
0.0292733 0.108551 0.403399
0.111476 0.07841 0.387285
0.0243337 0.140143 0.3653
0.109088 0.0921863 0.424024
0.112537 0.0781765 0.385197
0.113247 0.0789599 0.39075
0.0559635 0.127722 0.443149
0.0169708 0.0967474 0.388053
0.131289 0.123314 0.306468
0.156651 0.119462 0.2931
0.22977 0.0814242 0.330042
0.120793 0.116423 0.364231
0.022396 0.163204 0.477345
0.0368767 0.150469 0.396099
0.0426617 0.0621462 0.407599
0.624492 0.220281 0.725813
0.0756529 0.142913 0.387354
0.441561 0.00622329 0.415643
0.038365 0.13761 0.352388
-0.00826984 0.163997 0.434445
0.185016 0.12415 0.29594
0.195517 0.108803 0.262357
0.00346237 0.0800592 0.385346
0.108557 0.134892 0.3776
-0.0200744 0.153354 0.425453
0.0815532 0.141394 0.36505
0.125487 0.112595 0.304459
0.500378 0.107602 0.827361
0.204464 0.0685783 0.222314
-0.00837709 0.138063 0.345279
-0.00415249 0.146771 0.435255
0.196222 0.0780183 0.301382
0.0851854 0.140096 0.348548
0.211072 0.0756976 0.298852
0.160149 0.163809 0.396982
-0.0255257 0.155981 0.482584
0.530091 0.156791 0.627228
-0.121946 -0.0756921 0.640578
-0.0056941 0.168775 0.541423
0.760856 -0.108988 1.69606
0.0195383 0.0105168 0.0356021
0.752278 -0.132495 1.55692
0.060742 0.140128 0.409661
-0.0301074 0.132776 0.376176
0.02511 0.148944 0.396662
0.0576614 0.123749 0.390483
0.0941846 0.107136 0.336974
0.0996301 0.143382 0.387005
0.326522 0.117701 0.571719
0.181907 0.121433 0.350595
0.00765088 0.0753354 0.362015
0.0650482 0.155871 0.399516
-0.0700907 0.0939401 0.376919
0.0552137 0.129258 0.440646
0.125045 0.188573 0.614129
0.199078 0.120002 0.335398
-0.00392005 0.156466 0.436864
0.508973 0.211 2.27419
0.495168 0.089879 0.681301
1.55284 -0.396954 2.66347
0.812856 -0.0598488 1.57557
-0.0580102 -0.338671 0.807983
-0.503886 -0.0350259 1.45963
-0.200898 0.168067 1.29305
-0.193086 0.231002 1.41168
0.032395 0.0605151 0.400227
-0.125915 0.208363 1.38805
0.841951 -0.0580122 1.62102
0.0366696 0.400152 1.80904
0.73245 -0.255284 2.01447
0.0322944 0.332963 1.54263
0.776809 -0.0880993 1.53356
0.390918 0.024432 2.31816
0.87874 -0.365091 1.60654
-0.0351458 0.343573 1.4581
-0.205636 0.284742 1.33452
1.09881 -0.0472366 1.39871
-0.187316 0.274659 1.35808
-0.0727585 0.282562 1.46223
-0.0349397 0.308641 1.45944
1.32158 -0.440939 2.2266
0.938112 0.0208802 1.41748
-0.155615 0.248448 1.35612
0.0645646 0.27646 1.41205
-0.212624 0.290529 1.40122
-0.127599 0.2967 1.41492
1.0729 -0.371056 1.89571
0.736993 -0.243678 2.01593
1.33654 -0.0412276 1.62135
0.791283 -0.276277 1.46301
-0.177485 0.229804 1.28136
0.789951 -0.60157 1.65545
-0.170796 0.180314 1.22656
0.728167 -0.231765 1.98541
1.10317 -0.221309 2.29268
0.624217 -0.0884131 1.18853
0.954111 -0.113131 1.67543
0.56662 -0.505654 1.32942
1.1794 -0.126915 1.99153
1.57844 -0.369295 1.69857
0.557009 -0.521784 1.43708
0.601993 -0.546846 1.39125
0.0472901 0.0829149 1.42871
0.715485 -0.0499121 1.35146
0.861227 -0.216095 1.55916
1.10706 -0.510945 1.23448
-0.0163347 -0.205678 1.24712
0.873048 -0.258493 1.75835
-0.238004 0.329152 1.50642
-0.0677866 0.227508 1.52551
-0.26089 0.193845 1.28702
-0.0395723 0.463653 1.89681
1.18859 -0.326876 2.04434
-0.512117 0.0899115 1.59148
-0.17616 0.180579 1.40129
-0.319345 0.164784 1.20114
-0.494979 0.200467 1.46943
-0.704259 0.252913 1.57958
-0.799044 0.102103 1.72668
-0.972394 -0.0390806 1.76831
0.345486 0.00596378 2.30375
0.753227 -0.128206 1.57143
0.795972 0.0822475 1.2368
-0.00560056 -0.016093 0.237739
0.273648 0.247053 2.26259
0.690317 -0.812385 3.49329
0.583371 -0.157373 1.4221
0.310941 -0.298563 2.42189
-0.116964 0.0833813 1.29641
-0.0374609 -0.32129 1.50765
0.248032 0.0134944 2.10811
1.0656 -0.401704 1.94108
0.991272 -0.32801 1.14254
-0.0688619 0.192636 1.1387
0.952421 0.0222551 1.43701
0.469451 0.0905326 2.26484
0.805101 -0.534675 1.49858
0.804287 0.124481 1.75784
1.45587 0.128732 2.02644
0.834284 -0.538782 1.54493
0.238451 0.121038 2.09583
-0.306507 0.302948 1.44403
-0.531452 0.173645 1.28062
-0.575282 0.295049 1.28322
-0.623973 -0.0227376 1.42444
-0.220475 0.173424 0.519718
-0.121056 0.0919486 1.32887
0.887406 -0.120234 1.71287
0.957726 -0.353588 1.8518
-0.0741558 0.22202 1.67053
0.5267 0.0441784 0.854355
0.761545 -0.353923 1.65768
0.733302 -0.406131 1.78736
0.957622 -0.443991 1.56549
-0.0617477 0.134633 1.17518
0.75413 -0.0586854 1.36123
0.705093 -0.159779 1.73328
0.726734 -0.487886 3.75439
0.334965 -0.17702 2.3432
-0.00174992 -0.10392 1.22736
0.397653 0.00460917 2.4797
0.557849 -0.507854 1.3308
-0.0635732 0.218506 1.35085
0.660372 -0.00580623 0.775142
-0.124962 0.0942166 1.38862
1.00119 -0.442206 1.10053
0.740571 0.121426 1.64932
0.0120063 -0.0213906 1.33634
0.542793 0.1123 2.61533
0.0485971 0.0139785 1.04227
-0.0687074 -0.0277745 1.25009
0.512568 0.110425 0.838059
-0.630747 -0.0150852 1.42464
-0.739667 0.381195 1.56509
-0.824167 0.25495 1.3801
-0.618247 0.321707 1.38013
-0.431171 0.325245 1.54298
0.0614185 -0.145034 0.830768
-0.801119 0.306604 1.33045
-0.613884 -0.0137905 0.996354
-0.885887 -0.0684329 1.63808
-0.797491 0.251078 1.3532
-0.695772 0.0198989 1.43503
-0.64827 0.0842316 1.39506
-0.0549074 -0.0429868 1.23535
0.213452 0.0486009 1.86368
-0.916898 -0.132789 1.67057
-0.68857 0.165065 1.51173
0.0127188 -0.01996 0.224535
-0.00282212 -0.0191174 0.223062
-1.29887 -0.106623 1.42966
-0.177699 0.188445 1.49051
-0.694459 0.387903 2.21031
0.763912 -0.121576 1.63717
-0.454462 0.172823 1.39684
0.305295 0.0224892 1.87752
1.08471 -0.323757 1.89384
-0.133625 0.118688 1.23455
0.630766 0.0306129 0.824676
0.00686543 0.209746 1.29996
-0.206423 0.174478 1.29966
1.16288 -0.41437 2.18263
0.918977 -0.419073 1.03054
1.12323 0.114712 1.64218
-0.459118 0.433339 2.94238
0.162845 0.229688 3.18951
0.246274 0.0948557 2.20686
0.463415 -0.202394 1.3866
0.78448 0.140629 1.71135
2.33831 0.55784 2.92154
-0.354668 0.223195 1.7886
-0.400889 0.569123 3.23951
1.23042 -0.530788 1.31898
-0.0656306 0.209962 1.29072
-0.335844 -0.0728887 1.11767
-0.293385 0.255503 1.43826
-0.319029 0.153683 1.35403
0.450752 0.0336759 2.19867
-0.426997 0.154726 1.60385
0.56605 -0.502491 1.40421
0.827503 -0.0466726 1.61226
0.554067 0.207759 2.30874
0.357724 -0.187295 2.55364
-0.33733 0.20022 1.37134
-0.465238 0.219779 1.4803
1.26129 -0.561879 1.34235
1.23614 -0.242535 1.38843
0.44584 0.037622 2.19869
1.11853 -0.583587 1.12443
0.982482 -0.147191 1.96573
-0.807543 -0.0632177 1.52151
1.00017 -0.280475 2.00956
0.551298 -0.0673765 1.07055
1.17371 -0.226203 2.00884
0.991169 -0.228566 1.18203
-0.184581 0.191618 1.32807
-0.0699737 0.190354 1.3214
0.838932 -0.317268 1.55752
0.634496 -0.275351 1.21773
0.167573 0.0347986 1.4995
0.754292 -0.351847 1.64863
0.513563 0.210948 2.29789
0.467445 -0.0514546 0.947019
-0.0849813 0.200124 1.39917
0.684521 0.122031 1.75027
0.0902291 -0.0614227 0.503698
0.0911696 0.0232973 2.49739
0.725213 -0.390388 1.73609
-0.973164 0.260351 1.52602
0.318244 -0.0479781 0.773118
0.197076 0.346024 1.67315
0.861041 -0.142956 1.88247
0.927858 -0.400161 1.89014
-0.0636072 0.160081 1.37143
-0.350843 -0.381068 1.46424
-0.0511465 -0.0307019 1.31647
-0.141925 0.310534 1.49284
-0.35977 0.103648 1.49704
-0.341559 0.397108 1.52843
0.850419 -0.564522 1.57173
-0.395889 0.176718 1.36983
-0.00563041 -0.0171944 0.228244
0.0512648 -0.00986196 0.247865
-0.00917177 -0.0180512 0.239019
-0.00475163 -0.0173297 0.225992
0.0266236 -0.0108286 0.245666
0.578286 0.00720046 0.596432
-0.0054403 -0.0171926 0.227644
0.0308646 -0.0151371 0.248698
0.626116 0.0575401 0.971184
-0.286302 0.158224 1.48888
-0.128158 0.12523 1.37721
-0.308553 0.303453 1.4533
-0.771726 0.0313871 1.57695
0.391462 0.1792 1.79857
-0.296561 0.12181 1.47103
-0.17646 0.216856 1.37107
-0.244164 0.335928 1.52227
-0.0746909 0.208406 1.24265
-0.321357 0.35428 2.04382
0.344671 0.163974 1.10522
0.0232153 0.387723 1.72675
1.17281 -0.0509658 1.47966
-0.162889 0.0436263 0.395224
-0.0486453 0.337875 1.44506
0.0358522 -0.0149077 0.250259
-0.0132545 -0.0194849 0.230711
0.577731 -0.0908192 1.20683
0.910239 -0.0956434 1.75243
0.737088 -0.0524273 1.3251
0.833827 -0.336076 1.55647
0.995529 -0.340054 1.73395
1.3649 -0.632393 1.32218
-0.00344491 -0.0888451 1.17954
1.22274 -0.581036 1.34902
0.606686 -0.386341 1.19425
0.953176 -0.216604 1.70082
0.64827 -0.116828 1.38384
0.836216 -0.320418 1.49604
1.57749 -0.55958 2.6648
0.142295 -0.0681942 0.509449
0.674362 -0.0503973 1.2711
0.0360833 -0.0319293 0.232231
0.0092876 -0.0189538 0.224431
-0.00407209 -0.0178775 0.226105
0.00758815 -0.0291518 0.220758
0.00892946 -0.0217722 0.218955
0.0112239 -0.0243086 0.218312
0.00940128 -0.0224582 0.22255
-0.00477105 -0.0174807 0.228307
-0.00297696 -0.0180248 0.225498
0.00693307 -0.0302935 0.2227
0.0107788 -0.0194448 0.224966
0.0115611 -0.0232562 0.219125
0.00826031 -0.0290715 0.222013
-0.0048372 -0.0173068 0.226181
0.0092295 -0.0285513 0.223462
0.0196621 -0.0107612 0.250885
0.0109033 -0.0217208 0.223499
-0.00559928 -0.0171644 0.227974
0.0109865 -0.0206676 0.223732
0.00687801 -0.0276202 0.22213
0.0155547 -0.0260265 0.223832
0.00144784 -0.0171853 0.247485
-0.00598507 -0.0241966 0.230199
0.0124532 -0.0208077 0.22643
-0.190689 0.226623 1.31352
0.465342 -0.363305 1.05427
0.509458 -0.453889 1.19319
0.87762 -0.323705 1.6123
0.949048 -0.726391 1.97901
0.615725 -0.411505 3.02565
-0.944104 -0.0200091 1.40589
0.717593 0.130134 1.84909
-1.00445 -0.0187874 1.47879
-0.458937 0.0572905 1.05566
-0.0653953 0.123147 1.1785
-0.00105615 0.00286807 0.315742
0.701731 -0.161533 1.71317
-0.274828 0.129595 1.19705
0.505653 0.14047 2.33533
0.580293 0.159656 2.62812
0.901867 -0.100244 1.68523
0.420743 0.0278772 2.47985
0.0229326 0.334183 1.52394
-0.0112523 -0.166098 1.41726
-0.303469 -0.103758 1.25774
0.11781 -0.102771 0.881775
0.27213 0.0648549 0.841798
0.690114 0.0554849 0.999544
0.0202838 -0.0197925 0.296292
-0.37572 0.18826 1.53334
-0.0885825 0.0696906 1.24187
-0.0639635 0.200351 1.35572
-0.0619598 0.163863 1.22327
-0.273833 0.29561 1.39046
0.0406359 0.149707 1.02544
-0.325398 0.15502 1.37526
0.141212 -0.114134 0.669331
-0.0259571 -0.206773 1.04003
0.182422 -0.108817 0.87044
0.0116355 -0.0246949 0.220525
0.00887309 -0.0237802 0.221742
0.0155439 -0.0335631 0.220124
-0.00126423 -0.0181757 0.225167
-0.00195709 -0.0208911 0.226728
0.543311 -0.056779 0.54328
-0.00504541 -0.0179814 0.228584
-0.00235162 -0.0171414 0.223301
0.0108576 -0.0175824 0.220332
0.00121505 -0.0183776 0.223341
-0.00556434 -0.0174371 0.228636
-0.0173177 -0.0189729 0.227867
-0.0149292 -0.017032 0.235436
-0.0248916 -0.00506427 0.226419
-0.028073 -0.0113625 0.235332
0.646171 0.0996032 0.682337
0.76513 0.0379981 1.16691
0.828402 -0.59465 1.35598
-0.261732 0.168535 1.30715
0.0285531 0.0716114 1.41036
-0.324125 0.359805 1.4574
-0.0590563 0.136472 1.31207
-0.476558 0.0909239 0.758001
-0.534809 -0.175115 1.21804
-0.0454733 -0.000797919 0.255087
-0.863141 -0.219035 1.12065
-0.0199414 -0.000558534 0.252613
0.70809 -0.508877 2.131
-1.02189 -0.122657 1.28125
-0.0213094 -0.00503272 0.231349
-0.421757 0.29657 1.3337
-0.0284306 -0.00574118 0.233595
-0.441319 0.32267 1.37028
-0.505819 -0.167825 1.16741
-0.979251 0.0594392 1.64495
-0.0275893 -0.0109417 0.232045
-0.775166 0.0478284 1.33628
-0.025005 -0.00843359 0.223389
0.000315636 -0.19122 1.6554
-0.88319 0.0718379 1.50622
-0.031412 -0.28018 1.30375
-0.0252083 -0.00842403 0.223515
-0.718994 0.0217023 1.47536
-1.2566 0.00957082 1.44682
-0.675875 0.084688 1.20037
-1.2536 0.164376 1.10392
-0.349755 0.172062 0.858855
-0.608229 0.206648 0.900933
-0.569995 -0.0300599 1.61142
-0.738181 0.394444 1.46779
-0.42068 0.273467 1.21915
-0.577147 0.0173194 1.21351
-1.06056 0.120504 1.30126
-0.352872 0.170155 1.41111
-0.40143 0.216574 1.31342
-0.647246 -0.0196212 1.46326
-0.382591 0.306509 1.46071
-1.51703 0.207956 1.38488
-0.340908 0.150307 0.855196
-0.0825644 -0.00542859 0.26696
-0.0260275 -0.0118229 0.230441
-0.0534735 0.00613825 0.268264
-0.338359 0.198464 1.69233
-0.0261425 -0.012846 0.223686
-0.118086 0.0147303 0.276555
-0.118202 0.0146579 0.276768
-0.273479 0.405958 1.84946
-0.606286 -0.0703442 0.846732
-0.00728358 -0.00656526 0.265456
-0.720357 0.362776 1.24098
-0.443232 -0.107484 1.22055
-0.584104 0.383237 1.51933
0.677575 -0.183545 1.70225
-0.861265 -0.207058 1.12093
-0.859608 0.0624586 1.46392
-0.78794 0.30881 1.27948
-0.652673 0.0388987 1.14476
-0.627958 0.100378 1.20916
-0.581896 0.0318598 1.03846
-0.466534 0.137556 0.909763
-0.640265 0.160697 1.06968
-0.0371616 0.000697948 0.230769
-0.237789 0.0788093 0.448914
-0.353079 -0.0900845 0.682607
-0.029943 -0.00588456 0.226292
-0.0282363 -0.005795 0.233414
-0.0284239 -0.00575207 0.233646
-0.0300083 -0.0101806 0.226029
-0.071173 0.004774 0.268295
-0.678764 0.0854006 1.45537
-0.564856 0.172721 0.997504
-0.895673 0.231576 1.24979
-0.549963 0.302064 1.09901
-0.49841 0.293347 1.06038
-0.025166 -0.00304633 0.229903
-0.0903647 0.0438128 0.334858
-0.211958 0.00432765 0.327831
-0.0599218 0.151924 1.1878
-0.299088 0.237615 1.4627
-0.0537631 -0.0430675 1.25219
0.0610784 0.187934 1.23531
0.293335 -0.145522 0.951564
0.0617564 -0.0080869 1.37784
-0.200778 0.166192 1.29939
-0.141196 0.172723 1.18151
-0.346841 0.201775 1.42088
-0.174465 0.179842 1.2492
-0.0665876 0.295349 1.57972
-0.435936 -0.4622 1.73776
-0.0794532 0.171094 1.3676
1.38426 -0.0858984 1.50145
0.96852 0.0791499 1.41895
1.00183 -0.177079 1.54514
-0.0114839 -0.144276 1.18321
0.0837007 0.0234517 2.34804
0.174507 0.0568646 2.37509
-0.286302 0.2501 1.39774
-0.0588742 0.109376 1.44834
0.678967 -0.0195827 0.9001
0.067809 0.308579 1.42899
-0.305943 0.0959198 1.46377
0.567795 -0.53227 1.45782
0.224477 -0.102135 1.68509
0.568162 0.032845 0.768521
-0.298978 0.238451 1.42874
-0.0802751 0.173219 1.20376
0.0283854 0.264726 1.22584
-0.0902188 0.177499 1.33508
-0.0314667 0.351291 1.4723
-0.111661 0.273272 1.74752
0.37738 0.151781 2.0366
-0.350966 0.102929 1.46559
-0.195168 0.370862 1.41066
-0.396571 0.300377 1.43807
-0.446019 0.244961 1.58993
0.518828 0.0358759 0.790367
-0.0888509 0.182559 1.29371
-0.304791 0.231952 1.50343
0.708765 -0.0407829 1.41824
-0.420983 0.254675 0.929721
-0.0957374 0.155123 1.30916
-0.563029 -0.0501231 0.736662
-1.67921 -0.373513 2.06246
-1.54224 -0.263543 1.82306
-0.537769 0.482509 1.83063
-0.559911 0.38997 1.72181
-0.208618 0.068037 0.420186
-1.25715 0.278541 1.43225
-0.699655 0.246657 0.902573
-0.218131 0.0718629 0.430402
-0.54296 0.336819 1.38974
0.866416 -0.548692 1.59641
1.37944 -0.401976 1.30302
0.00932582 -0.0292251 0.218677
0.00869607 -0.0275798 0.223086
0.00969756 -0.0278131 0.223652
-0.364876 0.111437 0.665762
-0.554533 0.20788 1.05665
-0.492049 0.113548 1.13747
-0.862108 0.18276 1.1175
-0.561975 0.298549 1.29615
-0.644879 0.352785 1.24435
-0.0261185 -0.00282924 0.230125
-0.450736 0.32207 1.63744
-0.597702 0.162594 1.09607
-0.47316 0.313135 1.44014
-0.79659 0.308495 1.29087
0.222505 0.244927 2.23077
1.20137 -0.0310495 1.47564
-0.0821685 0.172238 1.30739
-0.189019 0.324729 1.38533
-0.164479 0.152729 1.42673
1.3349 -0.53816 2.47745
0.0228178 0.0494353 1.25442
-0.15726 0.144133 1.28961
-0.0601072 0.149394 1.26612
-0.0975316 0.164433 1.368
0.819007 -0.0581055 1.53532
0.186857 0.0636062 2.4151
0.964547 -0.0470717 1.62756
-0.74688 0.357651 1.46135
-0.413373 0.255762 1.25678
-0.542056 0.257226 1.19598
0.358673 0.0825106 0.662352
0.638608 0.0796096 0.639162
-0.0111138 -0.0185239 0.235885
0.0622789 0.025843 0.361779
0.206487 -0.0515574 0.247272
0.654504 0.000375419 0.809426
0.418141 0.000583748 0.578103
0.920064 -0.375129 1.74799
0.365832 -0.182121 0.556462
0.550206 0.00791242 0.681713
0.346672 -0.0325627 0.758449
0.0100138 -0.00785469 0.258778
0.524717 0.0028382 0.65975
-0.00447116 -0.0162653 0.2367
0.0967651 0.0358223 0.351335
0.652747 0.00696335 0.640598
0.124582 0.00541214 0.440111
0.425245 0.0251631 0.646489
0.0273361 -0.0296622 0.242976
0.00818239 -0.0271149 0.221834
0.00857598 -0.0218405 0.223401
0.016517 -0.0349745 0.222657
0.111593 -0.0761827 0.328405
0.00851035 -0.0303338 0.221804
-0.0127517 -0.018812 0.231511
0.003067 -0.0160894 0.24147
0.0777594 -0.0139454 0.255916
-0.00535794 -0.0173056 0.227515
0.00964681 -0.0220672 0.221039
0.0245987 -0.0111017 0.244915
0.00627978 -0.0298504 0.221795
0.0075298 -0.028905 0.221484
0.0316931 -0.00972417 0.247573
0.0700479 -0.0214938 0.253409
0.0117545 -0.0325252 0.224652
0.0278995 -0.0189054 0.247734
0.00247554 -0.01902 0.225946
0.0113653 -0.0258764 0.224998
-0.00523173 -0.0173188 0.227067
0.0103399 -0.0193252 0.225073
0.0298331 -0.0139455 0.238971
0.0252708 -0.0151953 0.247047
0.00766124 -0.0185287 0.224201
0.017479 -0.0179907 0.249768
-0.00134519 -0.0187226 0.228221
0.51982 0.0138684 0.595461
0.0131191 -0.0217505 0.231764
-0.047903 -0.0406611 1.13878
-0.0133985 -0.16439 1.32227
-0.303577 0.147998 1.48845
-0.625652 -0.0209664 1.42598
-0.890974 0.116883 1.55077
-0.289036 0.376332 1.56479
-0.456577 0.317971 1.39969
-0.444587 0.0499266 0.819242
-1.06264 0.00593634 1.25124
-0.680287 0.339673 1.4811
-0.49246 0.126459 0.992402
-0.556943 0.367025 1.45766
-0.654666 0.0935436 1.49943
-0.256402 0.14429 1.35369
-0.153605 0.120861 1.42416
-0.0530119 0.141517 1.31128
-0.969636 0.208502 1.69953
-0.704538 -0.0405443 1.6636
-0.0400651 -0.311135 1.4742
-0.0643142 0.170158 1.39882
-0.189428 0.329381 1.39973
0.0196895 0.0123543 1.25267
1.40129 0.130224 1.95339
-0.318073 0.16353 1.32019
-0.283981 0.160482 1.46321
-0.0314827 -0.00150222 0.246932
-0.0225255 0.00430112 0.346932
-0.211705 -0.194003 0.869481
0.110192 -0.0809615 0.601724
-0.359868 -0.0142316 0.663437
-0.629523 0.223275 1.41416
-0.588724 0.14649 1.33187
-0.688719 0.173735 1.13387
-0.960629 0.312618 1.52091
0.0654898 0.0600532 1.47871
0.0659859 0.108208 1.47984
0.635905 -0.58478 1.86245
-0.877756 -0.328344 1.16695
-0.0423173 -0.326186 1.32243
-0.706552 -0.267212 0.980724
-0.817645 -0.110988 1.14797
-0.840263 -0.235213 1.07814
-0.0520935 0.151178 1.41149
-0.197144 0.270669 1.44879
-0.322206 0.189842 1.32296
-0.445255 0.340423 1.46065
-0.0414869 -0.00505743 0.235863
-0.477744 0.339395 1.45486
-0.297012 0.191383 1.35418
-0.606007 0.145186 1.35474
-0.732942 -0.0465161 2.12549
-0.251423 -0.0263365 0.481623
-0.422673 0.227182 1.35682
-0.527958 0.201682 0.919557
-0.0246382 -0.011344 0.222974
-0.606693 0.02789 1.27676
-0.532129 0.267394 1.48893
-0.834076 -0.0154719 1.25868
-0.0438754 0.00437568 0.23737
-0.419726 0.160606 1.30083
-0.38928 0.19391 1.56502
-0.538052 0.343359 1.39834
-0.285015 0.155179 1.41581
-0.53279 0.124516 1.20523
-0.741991 0.098099 1.34049
-0.0166164 0.0013798 0.36001
-0.870015 0.495448 1.62351
-0.700906 0.20313 1.26635
-0.590179 0.32034 1.36336
-0.511254 0.113415 1.2048
-0.0252748 -0.00911445 0.223452
-0.181886 0.0583183 0.437083
-0.0300067 -0.0101822 0.226104
-0.0510986 0.0799385 1.31199
-0.584034 0.218184 1.10605
-0.0246249 -0.0113515 0.223041
-0.428021 0.219148 1.32321
-0.32841 0.216166 1.05893
-0.0301751 -0.00458083 0.226553
-0.528863 0.182146 1.21994
-0.0861578 0.307679 1.44517
-0.383286 0.307707 1.4683
-0.0498755 0.00118334 0.237694
-0.484518 0.199873 1.42319
-0.121776 0.198024 1.33871
-0.0598168 0.116228 0.98488
0.0615338 -0.0551118 0.248254
0.78518 -0.120242 1.62739
0.637301 0.112144 1.44232
0.0326489 -0.0206178 0.251738
0.822675 -0.0826326 1.60785
0.00333296 -0.0189663 0.229766
0.00277341 -0.018985 0.229659
0.763164 -0.127309 1.70736
0.0921779 -0.0441536 0.272821
0.747084 -0.0276381 0.991268
0.867584 -0.158795 1.3541
0.572475 -0.478311 1.67923
0.082988 -0.0477693 0.251496
0.0103279 -0.0221776 0.223659
0.00975405 -0.0223355 0.223848
-0.0144166 -0.020686 0.230892
0.0074659 -0.0291985 0.221838
0.00868856 -0.0289424 0.222386
-0.0151226 -0.020419 0.230531
0.0124985 -0.0212262 0.223606
0.00982828 -0.0289179 0.223714
-0.465412 -0.0369087 1.39723
-0.563872 0.364271 1.45979
-0.172731 0.0405082 0.811781
-0.381538 0.203203 1.25885
0.198946 0.0330797 1.93809
-0.0241777 -0.00809353 0.224406
-0.627335 0.339168 1.26053
0.152614 0.161679 1.60006
-0.47492 0.364632 1.52865
-0.412377 0.161479 1.4392
0.188081 0.178019 1.68642
-0.052408 0.00674245 0.278061
-0.0254 -0.0103759 0.223609
-0.903409 -0.107472 1.16531
0.289003 -0.0380429 0.677725
1.04708 -0.426532 2.05017
-0.460781 0.187797 1.36349
-0.417077 0.192005 1.37056
0.2456 0.243961 2.31076
0.193623 0.04546 1.7233
0.781651 -0.0976815 1.70892
-0.118418 0.228519 1.40276
-0.205227 0.171032 1.32379
-0.41188 0.160013 1.45996
0.274859 0.00947838 1.74601
-0.169076 0.175263 1.39409
-0.50504 0.19572 1.51595
-0.409033 0.181609 1.40958
-0.294588 0.175707 1.44247
-0.3919 0.217823 1.33238
-0.211852 0.0756176 1.14929
-0.804222 -0.124097 1.5104
-0.377836 0.283757 1.25602
-0.479577 -0.0126191 1.17596
-0.625749 -0.0924992 1.19822
-0.0584165 0.00927534 0.243155
-0.66347 0.231737 1.47972
-0.512015 0.287187 1.48708
-0.0708817 0.0699312 0.472106
-0.192526 -0.0199197 0.420063
-0.509989 0.20836 1.50238
-0.570851 -0.0261414 1.60031
-0.195019 0.0138985 0.359888
0.111057 0.0175419 1.15723
-0.0685591 0.267993 1.42187
-0.0629041 0.153546 1.31955
-0.089513 0.140781 1.04098
0.0423818 0.082616 1.45135
-0.0538576 -0.421149 1.30861
-0.301474 0.121849 1.49916
-0.0132305 -0.152526 1.17428
-0.0526855 0.0853163 1.40649
0.891524 0.217814 2.74063
-0.470258 0.179179 1.53482
0.0777746 0.117468 1.52652
-0.187095 0.276193 1.34296
-0.279402 0.333465 1.55198
0.547618 -0.270124 0.733237
0.0101431 -0.0204393 0.219145
0.00720517 -0.0316015 0.218932
0.0187988 -0.035521 0.224148
0.00904755 -0.0278713 0.223479
0.0114258 -0.0204871 0.222303
0.0118568 -0.0205012 0.218825
0.0298637 -0.0467844 0.257449
0.00187604 -0.0189624 0.225553
0.737103 -0.0182587 0.733288
-0.0153226 -0.0198076 0.228996
0.000321211 -0.0179938 0.222792
0.00593152 -0.0248346 0.222955
-0.00327121 -0.0181492 0.225267
0.00126933 -0.0186279 0.222365
-0.00390269 -0.0179535 0.225628
0.00397924 -0.0232471 0.22543
-0.0153203 -0.0198078 0.228999
1.12005 -0.109477 1.108
0.170204 0.0164258 0.374616
0.792798 0.14382 1.97306
0.64437 0.101848 0.683337
0.478542 0.088703 0.609872
0.711287 0.00260588 0.675591
0.284277 -0.144618 0.416078
0.115909 -0.0479941 0.282731
0.113087 -0.0318283 0.255372
0.699662 0.0670024 0.643088
1.2836 -0.557568 1.36378
0.0509546 -0.0281784 0.234219
0.0091353 -0.0308758 0.224232
0.0108981 -0.0277661 0.224783
0.00286718 -0.0197919 0.223334
0.00922369 -0.0238987 0.221615
0.0111741 -0.0221716 0.224787
0.690999 0.00617918 0.648169
0.644508 0.00646089 0.753218
0.00858879 -0.0281549 0.222594
0.00477603 -0.019107 0.22073
0.0120516 -0.0315958 0.231306
-0.818291 0.318915 1.48089
-0.590093 0.319087 1.36002
-0.801945 0.154273 1.4836
-1.23998 0.0082024 1.42877
-0.778969 0.213885 1.14244
-0.356334 0.189581 0.761323
0.253312 0.0947022 3.05814
-0.0323283 -0.012351 0.236321
0.0485716 -0.0225341 0.25518
0.833943 -0.125113 1.64042
0.851508 -0.132573 1.67304
0.75967 -0.198046 1.40759
0.797986 -0.130513 1.58053
0.118908 -0.0539367 0.286279
-0.00104299 -0.0183866 0.221591
-0.00247644 -0.0180039 0.22152
0.00273185 -0.0182857 0.223118
0.585021 0.146886 0.950347
0.00355866 -0.0183326 0.222888
-0.00378102 -0.0170773 0.229576
-0.00495332 -0.0182919 0.225359
0.00492662 -0.0193904 0.223663
-0.00289571 -0.0171187 0.223718
-0.00197119 -0.0173289 0.223153
-0.00513979 -0.0176084 0.229645
-0.003659 -0.0189249 0.221237
0.000648718 -0.019011 0.222151
0.000881129 -0.0180633 0.219577
-0.00270839 -0.018933 0.222265
-0.00555474 -0.0175492 0.228245
-0.00472052 -0.0175506 0.226074
-0.00288893 -0.0180895 0.224716
-0.00364188 -0.0180623 0.223147
-0.00126832 -0.0179272 0.221093
-0.000641756 -0.0175784 0.221531
-0.00534666 -0.0181417 0.226505
0.0077465 -0.021205 0.21745
0.000544248 -0.0187229 0.219665
-0.00401869 -0.018761 0.223105
-0.00141925 -0.0175576 0.228499
-0.00506466 -0.017621 0.226912
0.00631733 -0.0215718 0.220015
-0.000519191 -0.018713 0.220017
-0.00271824 -0.0190092 0.223029
-0.0063509 -0.018633 0.223406
0.00538694 -0.017738 0.224163
-7.72614e-05 -0.0187201 0.21989
-0.00367783 -0.0185631 0.222572
0.00434172 -0.019405 0.223665
-0.00469646 -0.017783 0.226466
0.00953342 -0.0342049 0.224828
0.00694088 -0.0202851 0.220155
-0.0053744 -0.0176936 0.228503
0.00088401 -0.0179028 0.222538
0.00771638 -0.0294087 0.222108
-0.00480672 -0.0177136 0.227508
0.00730357 -0.0204849 0.217639
-0.0030551 -0.0189241 0.22238
0.267172 -0.041453 0.391923
-0.00272183 -0.0180395 0.226645
-0.000677899 -0.0180521 0.225561
0.00850902 -0.0277434 0.223691
0.00633058 -0.0184534 0.224143
0.0112586 -0.030537 0.224894
0.0110978 -0.0258485 0.22472
-0.0382111 0.0163491 0.305627
-0.32957 0.325716 1.53082
-0.341114 0.337476 1.58042
-0.0328759 -0.00798169 0.220721
-0.429141 0.315144 1.56325
-0.0233743 -0.00528852 0.22664
-0.0380015 -0.00851878 0.232138
-0.596597 -0.0135033 1.3607
-0.442832 -0.384209 1.57232
-0.197415 -0.00703792 0.408688
-0.167229 -0.00556846 0.30878
-0.258137 0.327603 1.40812
0.197847 0.0789417 1.03418
-0.613687 -0.0948727 1.1903
-0.759497 0.0504683 1.31819
-0.0366884 0.00885911 0.277185
-0.395486 0.0487799 0.789174
-0.687597 0.0908978 1.25821
-0.354033 0.17149 1.13425
-0.364777 0.332891 1.29963
-0.626508 0.340895 1.43053
-0.50044 0.277671 1.46902
-0.402669 0.0780348 0.630915
-0.782371 -0.0322115 1.45554
-0.051603 -0.0310754 1.46083
0.0788173 0.0288726 1.29321
-0.726929 0.225446 1.23739
-0.618078 0.0783187 1.10939
-0.0353101 -6.17727e-05 0.229725
-0.0293378 -0.00661056 0.223696
-0.934097 0.320879 1.27289
-0.359961 0.266497 1.31337
-0.0350366 -0.000187558 0.229554
-0.0566329 0.0101403 0.24688
-0.283536 0.0962695 1.44143
-0.138139 0.289473 1.55746
-0.329691 0.200527 0.746013
-0.434042 0.176621 0.849897
-0.133113 0.032422 0.358687
-0.0501932 0.00476085 0.249827
-0.962706 0.277888 1.26701
-0.0177894 -0.0186045 0.242749
-0.31222 -0.215633 1.02749
-0.348671 0.248981 1.3128
-0.377661 0.211703 1.44493
-0.0560731 0.00687095 0.253177
-0.449875 0.309464 1.32667
-0.840457 -0.0176443 1.2655
-0.0583144 0.00927747 0.243021
-0.516732 -0.130514 0.874018
-0.960448 0.214363 1.72412
-0.382331 0.142076 1.35839
0.132525 0.0986292 1.28726
-0.757791 -0.0259967 1.39007
-0.544359 0.0635905 1.26584
-0.747408 0.0955301 1.33768
-0.827847 0.257748 1.4737
-0.661345 0.0747796 1.4356
-0.56868 -0.0115202 1.35166
-0.895005 -0.126335 1.2266
-0.50013 0.244723 1.25862
-0.782212 0.101373 1.39608
-0.702225 0.361391 1.49078
-0.79121 0.341394 1.41374
-0.672852 0.35309 1.50117
-0.263714 0.166249 1.20129
-0.309914 -0.0433756 0.533921
-0.117335 0.223249 1.38536
-0.760799 0.410217 1.50684
-0.695416 0.345248 1.39094
-0.429632 0.399249 1.50177
-0.624542 0.145927 1.39394
-0.869461 0.231274 1.47146
-0.73631 0.0174925 1.51446
-0.079216 0.274591 1.30786
-0.632266 0.328509 1.41687
0.0565979 -0.245021 1.40452
-0.593447 0.257028 1.19566
-0.0533822 -0.294612 0.959273
-0.566939 -0.187445 1.2895
-0.530705 0.413175 1.72984
-0.58212 -0.195329 1.33667
0.0874127 0.132891 1.89747
0.242782 0.206731 2.86168
-0.00687919 -0.218637 1.3593
-0.299572 0.201609 1.4496
-0.275537 0.133829 1.17754
-0.421458 0.376623 1.70187
-0.678717 -0.551333 2.26023
-0.405839 0.360449 1.65464
-0.575842 0.28666 1.43883
-0.511872 0.273748 1.52774
-0.517246 0.403765 1.69597
-0.546351 0.268664 1.36602
-0.0526108 -0.345564 1.11084
-0.452384 0.211415 1.35852
-0.642404 -0.0454073 1.53166
0.126889 -0.100123 1.17982
0.197436 0.13354 1.66426
-0.998185 0.00567678 1.17812
0.00877918 0.0460187 0.52653
-0.2958 0.224025 1.44541
-0.668136 -0.018074 1.50841
-0.00445046 -0.01719 0.226924
-0.00140152 -0.0188138 0.226926
0.00606297 -0.0198517 0.22514
0.0108216 -0.0228354 0.224335
0.0112174 -0.02199 0.222764
0.00496661 -0.0281109 0.222881
0.0427064 -0.0436515 0.237266
0.0482754 -0.0274502 0.233778
-0.00872003 -0.0183503 0.237773
0.00716376 -0.0252121 0.224018
-0.00540628 -0.0176243 0.229617
-0.00287888 -0.0172577 0.22156
0.00965178 -0.0240163 0.221512
0.0118512 -0.0275364 0.224729
0.0130767 -0.0264958 0.222071
0.0106323 -0.0305431 0.224704
0.00699431 -0.0217292 0.217802
0.0511287 -0.0267737 0.240397
0.05323 -0.024901 0.274295
0.0091606 -0.0212632 0.221402
0.00682681 -0.0221683 0.21771
0.00420908 -0.0293578 0.219364
0.00667903 -0.0244441 0.21892
-0.0168584 -0.0189651 0.228062
0.0324702 -0.0185509 0.25056
0.232209 -0.121717 0.274741
0.0210795 -0.0211205 0.220574
0.00306474 -0.0242692 0.221961
-0.00390151 -0.0180084 0.227123
0.00444632 -0.0229231 0.221483
0.00202359 -0.0273789 0.229295
0.008913 -0.0313771 0.234575
0.00191112 -0.017882 0.222305
-0.00473008 -0.0170448 0.226032
-0.00451327 -0.0177719 0.226448
-0.00586608 -0.0188754 0.228396
-0.00474474 -0.0176464 0.226318
-0.00457327 -0.017588 0.22603
-0.0043544 -0.0189583 0.22273
-0.00567109 -0.0175771 0.228228
-0.0053059 -0.0170692 0.229629
0.000465072 -0.0180804 0.22702
-0.00553052 -0.0175574 0.228247
-0.00413085 -0.0178889 0.226102
-0.00564501 -0.0169655 0.227756
-0.00454105 -0.0177971 0.227208
-0.00126397 -0.0185338 0.219871
-0.00512495 -0.0172949 0.227062
-0.00187468 -0.0181135 0.224412
-0.00145151 -0.0185089 0.226867
-0.0157962 -0.0192293 0.228924
-0.00446757 -0.0178861 0.226651
-0.00531981 -0.0174971 0.227597
-0.00338676 -0.0180706 0.225574
-0.00530863 -0.0171031 0.229111
0.00173342 -0.0166195 0.232003
-0.00211125 -0.0188296 0.222738
0.00844823 -0.0279554 0.222547
0.0100864 -0.0192944 0.225119
-0.00345108 -0.0249131 0.236445
0.00996556 -0.0209052 0.222338
0.00801078 -0.0274613 0.222517
0.0106593 -0.0279976 0.224853
0.0061729 -0.0306711 0.220845
0.134341 -0.0489999 0.237929
0.00920422 -0.0271227 0.223487
0.00434004 -0.019387 0.223835
0.00780066 -0.0303615 0.223781
0.00872261 -0.0273224 0.222513
0.00835563 -0.0215467 0.22388
0.00792341 -0.0300433 0.222051
0.00238553 -0.0189711 0.22551
0.00332615 -0.0309387 0.220129
0.00463028 -0.0193185 0.223925
0.0128533 -0.0237256 0.22509
-0.00541764 -0.0177266 0.228088
1.11184 -0.435411 1.29034
-0.00537234 -0.0177262 0.228103
0.0967493 -0.0305423 0.219127
0.651914 0.00376669 0.627042
-0.00433788 -0.0181123 0.22823
-0.00136685 -0.0207318 0.226262
0.0933902 -0.0229188 0.195316
0.70978 -0.397244 0.831487
0.000388014 -0.0184689 0.223754
-0.00159705 -0.0184344 0.226882
0.00755793 -0.0253588 0.219169
0.746115 -0.019482 0.743752
0.734492 -0.0241714 0.697721
0.713051 0.0864723 0.682862
0.00796814 -0.0218936 0.221489
0.200248 0.00602547 0.277215
0.0803621 -0.0134815 0.287157
-0.0029326 -0.0188431 0.222942
-0.00654246 -0.0195664 0.224469
0.00766771 -0.0206984 0.22495
0.0115603 -0.0247535 0.224729
-0.00578589 -0.0180246 0.228934
0.00460297 -0.01866 0.226043
0.0101745 -0.0302501 0.22476
0.570377 0.124056 0.773114
-0.00587284 -0.0175487 0.227804
7.87838e-05 -0.0197563 0.223856
-0.00436631 -0.0179252 0.22617
0.00882276 -0.0227933 0.219001
0.0168005 -0.0154107 0.245922
0.0084044 -0.025493 0.22227
-0.0052687 -0.0176578 0.22723
0.00651345 -0.0241177 0.222974
0.0115215 -0.02228 0.224702
0.00232195 -0.0197168 0.237086
0.0315301 -0.0318495 0.230914
-0.00030609 -0.0184804 0.22627
0.00660145 -0.0176841 0.221443
0.009496 -0.0277479 0.223654
-0.00389215 -0.018541 0.222522
-0.00554273 -0.0177725 0.229108
0.00864813 -0.0255337 0.222317
-0.010063 -0.0190161 0.231806
-0.00350021 -0.0180321 0.225467
0.0108689 -0.0276027 0.224856
0.0115609 -0.0275761 0.224863
-0.0722036 0.297272 1.53801
-0.267405 0.285312 1.35464
-0.699072 0.166476 1.62716
-0.185345 0.217477 1.41976
-0.488017 0.235044 1.09416
-0.180168 0.247345 1.33281
-0.182029 0.238136 1.3156
-0.319888 0.189781 1.6174
0.157351 -0.150709 1.36615
0.986803 -0.363682 1.95736
-0.193857 0.192774 1.22573
0.506076 0.0435438 0.829225
-0.0707386 0.211404 1.29298
-0.0359363 0.287073 1.36091
0.442503 0.00221163 0.801576
-0.0503943 0.143347 1.34288
-0.421861 0.375329 1.69102
0.651916 0.00534744 0.799753
0.576664 0.0413385 0.949746
0.677158 -0.313441 0.847111
-0.131769 0.296921 1.42058
0.686226 0.037991 1.06983
-0.187009 0.289338 1.38648
-0.174492 0.136414 1.10837
-0.167324 0.201704 1.29186
0.79514 -0.367304 0.852338
0.667745 -0.0333815 0.941387
1.0849 -0.513769 1.22882
-0.200899 0.254844 1.39767
0.520987 0.0258571 0.877561
-0.239098 0.0786515 1.25071
-0.265893 0.153327 1.39757
0.088534 0.150804 1.68296
1.83825 -0.583096 3.35301
0.859765 -0.0541614 1.65672
0.986964 -0.0149264 1.27192
0.741861 0.121323 1.84286
0.630025 0.00583362 1.03281
-0.0843688 0.149739 1.21941
-0.381936 -0.399496 1.53083
-0.05706 0.18803 1.17445
0.672312 -0.00519275 0.781275
-0.119579 0.201993 1.36598
0.127675 -0.0251372 0.215742
0.0629455 -0.0540126 0.278022
0.0452237 -0.010593 0.265497
0.119237 -0.0539795 0.287222
0.106646 -0.0357771 0.255703
0.603998 0.0147925 0.663376
0.635535 0.101925 0.702318
0.0359995 -0.0432159 0.24162
0.056012 -0.026915 0.222361
0.0544723 -0.0505785 0.283582
0.0729983 -0.0213873 0.269802
0.682229 -0.0759601 0.737432
0.721774 -0.38264 0.812139
0.118973 -0.0541973 0.285564
0.209597 -0.0674832 0.307359
0.740729 0.156298 0.677436
0.745532 0.163994 1.79667
0.709155 0.150193 0.646833
0.187313 -0.0497288 0.311227
0.249024 -0.0759824 0.321505
2.13381 -0.0564245 2.35406
0.654624 0.089822 0.72278
1.10269 -0.343587 1.25073
0.575369 0.0968485 0.73638
0.668593 -0.225 1.19212
-7.24996e-05 -0.0180002 0.228879
0.0148472 -0.0333394 0.252801
-0.0023853 -0.0177335 0.2251
0.653145 0.172856 0.708216
0.661453 0.174994 0.640072
0.00961597 -0.0218206 0.219169
-0.00394896 -0.0190156 0.222125
0.00817884 -0.0272365 0.222488
0.00286495 -0.0242615 0.220849
0.0124628 -0.0215011 0.22067
0.00678933 -0.0295542 0.222691
-0.00395253 -0.017231 0.224876
-0.00294022 -0.0188266 0.222908
0.00762213 -0.027824 0.221649
0.00220407 -0.0192683 0.219673
-0.00229816 -0.0177972 0.226469
0.0104566 -0.0286596 0.230389
-0.00432763 -0.0173017 0.224949
-0.00440825 -0.0173058 0.22497
0.00868766 -0.0270793 0.222724
-0.000867168 -0.018283 0.226657
0.671845 0.177153 0.648358
0.628569 -0.119582 0.817594
0.00112534 -0.0189282 0.221962
0.0066268 -0.0167278 0.231996
-1.21589e-05 -0.0190161 0.222253
-0.00247949 -0.0204121 0.22152
-0.00571635 -0.0170576 0.229554
-0.00114207 -0.0179043 0.221053
-0.412745 0.171328 1.3645
-0.49891 0.0648885 1.52787
-0.266063 0.346917 1.45468
0.54333 -0.0967366 1.29226
-0.250183 0.276563 1.35577
0.0122359 -0.0210433 0.224656
0.00951428 -0.0275708 0.22399
0.505738 0.0964741 0.635855
0.00982792 -0.0311998 0.224114
0.0146894 -0.0216264 0.224627
0.00896954 -0.0281644 0.223533
0.0110679 -0.0246056 0.224821
0.691279 -0.283625 0.890905
0.0107703 -0.0257646 0.224817
0.011146 -0.0258583 0.224777
0.00813927 -0.0307799 0.222318
1.27286 -0.372853 1.20249
0.809001 -0.409286 0.867807
0.00763876 -0.0278259 0.221646
0.0132501 -0.0298532 0.223891
0.0150102 -0.0244026 0.220244
0.012001 -0.0213322 0.222186
-0.00574454 -0.0181531 0.22773
0.00277863 -0.0266864 0.220935
-0.0034265 -0.0191874 0.222564
0.00585018 -0.0262308 0.219454
0.00902102 -0.0228066 0.218987
0.00524473 -0.0260153 0.221833
-0.00538894 -0.0165204 0.240378
0.0121013 -0.0117991 0.254255
-0.00926525 -0.0188168 0.235107
0.495907 0.0846011 0.666623
-0.0157086 -0.0194628 0.229138
0.0171963 -0.0203999 0.249053
-0.0171733 -0.019473 0.229142
-0.0139361 -0.0190623 0.229256
-0.00764984 -0.0212569 0.238313
-0.00828043 -0.0195455 0.234451
0.114985 -0.0346935 0.244637
0.102224 -0.0370353 0.244674
-0.0156946 -0.0194629 0.229141
0.0121312 -0.0106746 0.237207
0.0190672 -0.00745456 0.257954
-0.013779 -0.0191895 0.229285
0.0570447 0.00464308 0.307856
0.0206111 -0.00766729 0.255534
0.00606466 -0.0300219 0.21888
-0.00266401 -0.0178506 0.222762
0.643458 -0.0550138 0.819594
0.00690051 -0.0251359 0.218875
-0.00564259 -0.0177549 0.227133
0.0067724 -0.0264672 0.221486
0.00826091 -0.0287858 0.222432
0.00647766 -0.0286173 0.219501
0.00467571 -0.0296251 0.22031
0.0058999 -0.0220495 0.218043
0.00695972 -0.0264973 0.221467
0.00566455 -0.0265034 0.219348
0.00284443 -0.0274079 0.219544
0.451096 -0.220679 0.638416
-0.00212473 -0.0188062 0.228098
-0.00492701 -0.0174488 0.229996
-0.00897763 -0.0185105 0.228844
-0.00538703 -0.0179427 0.228851
0.0264209 -0.0340805 0.234653
0.00305222 -0.0182131 0.229382
-0.00344667 -0.018339 0.228804
-0.0125726 -0.0187598 0.234114
0.0166558 -0.0128039 0.252797
-0.00555766 -0.0168586 0.229457
0.191777 0.0325992 2.70653
0.575766 0.120216 0.729427
0.977128 -0.323025 1.25821
0.745584 0.145742 0.689279
0.209276 -0.00427781 0.275118
0.203794 -0.0289815 0.293062
0.498712 0.109227 0.804011
0.738607 -0.39359 0.823393
0.455432 -0.140983 0.501146
0.70329 -0.21863 0.733486
0.679296 0.102997 0.719942
1.2896 -0.413447 2.11243
0.231015 -0.0969783 0.625192
0.822017 -0.262706 0.818192
0.028216 -0.0212163 0.245155
-0.269983 0.0814495 1.36543
1.45143 -0.0950702 1.57549
-0.00424152 -0.0755982 0.880984
0.649733 -0.181203 1.63017
0.680661 0.148926 0.925582
-0.297659 0.10083 1.53614
-0.150456 0.23937 1.31816
-0.155992 0.159832 1.38841
0.00911831 -0.02378 0.221078
0.0103805 -0.0206396 0.223835
0.00766726 -0.0252981 0.222383
-0.00516351 -0.0176396 0.227374
-0.00393214 -0.0176933 0.226332
0.0024624 -0.018223 0.226617
-0.00496134 -0.0178399 0.22795
0.00556508 -0.0200172 0.222604
0.0104767 -0.0227792 0.224313
0.0116264 -0.0208794 0.221916
0.00948528 -0.0205678 0.222214
0.00206905 -0.0265434 0.229614
0.000174768 -0.0182536 0.241846
0.0110277 -0.0229161 0.223845
0.0074279 -0.0288569 0.221495
0.0617509 -0.0107194 0.249595
0.0574681 -0.0109518 0.25109
0.055561 -0.011149 0.248035
0.482155 -0.285617 1.88998
0.930919 -0.121538 1.9817
0.690015 -0.195461 1.68896
0.00863569 -0.0233585 0.223139
-0.00399881 -0.0179233 0.225707
0.0122366 -0.0311073 0.224573
-0.0119988 -0.0217682 0.232554
0.00914847 -0.0214905 0.222553
-0.00300001 -0.0189535 0.22232
0.0366043 -0.0414207 0.233976
0.0149184 -0.0217841 0.224486
0.0498524 -0.0207894 0.256249
0.0113402 -0.03219 0.222027
1.72308 -0.567271 3.27477
0.720478 -0.587785 1.70118
0.959173 -0.442385 1.57098
0.22276 0.0538139 2.58259
0.39984 -0.00513452 2.54243
1.4446 -0.471494 2.59743
0.0923103 -0.00928121 0.253793
0.64527 0.0194873 0.727064
0.00712357 -0.0297122 0.222654
0.133412 -0.0719543 0.243576
0.00518255 -0.0197192 0.223236
0.00399931 -0.0186085 0.226154
-0.00476839 -0.0242565 0.241441
0.00113768 -0.0183247 0.228332
0.00258376 -0.0184194 0.224461
0.0265125 -0.030328 0.230248
0.0306141 -0.0180461 0.255085
0.0106582 -0.0301143 0.224204
0.0151851 -0.0307733 0.231531
-0.00214187 -0.0185448 0.226579
0.00848248 -0.0301872 0.221571
0.0110622 -0.0205935 0.222978
0.00292736 -0.0181128 0.242538
0.0146895 -0.0290719 0.222685
0.0152306 -0.0208019 0.241159
0.0746483 -0.0294729 0.23739
0.0890028 -0.0240362 0.264605
0.0119148 -0.0321869 0.224699
0.515874 -0.0246632 0.527046
0.0493389 -0.0378778 0.349734
0.675181 0.0623069 0.591881
0.96985 -0.0531183 1.47261
1.02335 -0.0326572 1.28287
0.449951 0.0386446 0.734222
0.101822 -0.0273979 0.258963
0.684135 0.0635062 0.599735
0.00426166 -0.023135 0.22063
1.11551 -0.489768 1.22639
0.462532 -0.210666 0.630266
-0.00571059 -0.0175459 0.229061
0.00775888 -0.022593 0.219472
0.00723164 -0.0292442 0.221514
-0.00558175 -0.0175429 0.229071
0.0111855 -0.0216264 0.21598
-0.00238872 -0.0192494 0.222157
0.0082809 -0.0316853 0.220277
0.052994 -0.047885 0.272226
1.11073 -0.327029 1.05988
0.00619268 -0.0291547 0.242749
-0.00359676 -0.0178534 0.226594
-0.0029058 -0.0265963 0.225915
0.663071 0.103498 0.733629
0.277105 -0.0446764 0.406283
0.635086 0.0904447 0.769471
0.00701201 -0.0299366 0.220574
0.00853247 -0.0249758 0.221828
-0.193846 0.231119 1.30256
-0.314777 0.164707 1.61161
-0.344387 0.211168 1.67522
-0.069229 0.195888 1.34218
-0.047391 0.0741659 1.10621
-0.165133 0.130992 1.07694
-0.168622 0.16682 1.30208
-0.053956 0.105613 1.3224
-0.117405 0.113449 1.05981
0.00260141 -0.0190613 0.229822
0.00759761 -0.0258564 0.221294
-0.00559182 -0.0175809 0.228846
0.00467467 -0.0306947 0.221663
0.00380328 -0.029391 0.219023
0.00497456 -0.0308261 0.221608
0.00876007 -0.0171388 0.232241
0.0077802 -0.0305375 0.221549
0.00906626 -0.0271368 0.223483
0.00979359 -0.0289257 0.223723
0.00393682 -0.0300749 0.22002
0.0083959 -0.021688 0.21887
0.00740035 -0.0240357 0.2194
0.00834017 -0.0272541 0.222628
0.0109647 -0.0333428 0.224639
0.00795837 -0.0324645 0.222028
0.000366935 -0.0180701 0.224669
0.0103927 -0.0300778 0.223644
0.0461583 -0.0406793 0.238494
0.0624274 -0.0459848 0.239958
0.0528269 -0.0266133 0.2322
0.12269 -0.0378108 0.238571
0.0102561 -0.0205493 0.223178
0.0116392 -0.0308014 0.224592
0.00819432 -0.0275056 0.222467
0.0108147 -0.0245319 0.224847
-0.00921515 -0.0183266 0.237626
-0.00591306 -0.017772 0.226333
-0.00619333 -0.0190732 0.228999
0.0110195 -0.0230347 0.223637
0.034085 -0.025055 0.235763
0.284357 -0.00664338 0.495426
0.00628385 -0.0167488 0.25095
0.00894135 -0.0307832 0.222865
-0.0538326 0.133647 1.08764
1.30668 -0.0370117 1.59588
0.609937 -0.360498 2.40444
0.675446 -0.115945 1.5212
0.605906 0.120996 0.743207
0.035743 -0.0414173 0.261932
0.0821754 -0.0217051 0.273928
0.688473 0.00361072 0.6506
0.00489311 -0.0200233 0.218939
0.0194149 -0.0256575 0.224213
0.684723 0.104478 0.72178
0.344655 -0.0492998 0.492964
0.0391497 -0.0200355 0.262276
0.131071 -0.0207054 0.211633
0.133256 -0.0753949 0.370606
0.116991 -0.011673 0.267681
0.00326703 -0.0180934 0.234352
0.0208894 -0.0281681 0.236115
0.0135804 -0.0187206 0.219322
0.00719956 -0.0309175 0.225338
-0.00535665 -0.0178802 0.228233
-0.00851399 -0.0176404 0.226811
-0.00418879 -0.0178134 0.22578
-0.00512477 -0.0176617 0.227441
0.00695751 -0.0244519 0.219471
-0.00152033 -0.018288 0.226513
-0.00312896 -0.0181947 0.227142
-0.00430605 -0.0184476 0.229249
0.0123855 -0.0221668 0.215546
-0.00130279 -0.018585 0.227046
0.00933704 -0.0230887 0.221631
-0.00621569 -0.0244989 0.236329
-0.00518376 -0.0166529 0.230409
0.00376436 -0.0317179 0.222996
0.00146848 -0.0183985 0.223527
0.0103584 -0.0241936 0.218727
0.00742575 -0.0330899 0.225049
0.0093015 -0.022272 0.21857
0.00278072 -0.0183577 0.223736
0.00553613 -0.0188426 0.222202
0.0117414 -0.0321124 0.224748
0.0125667 -0.0171463 0.232944
-0.00134609 -0.0211873 0.221011
-0.00401152 -0.0190534 0.223396
0.00839098 -0.0241989 0.222359
0.00618796 -0.0262288 0.219689
0.0299506 -0.0400577 0.234759
0.00766287 -0.0302656 0.224278
0.00980653 -0.0224485 0.222468
0.00571955 -0.019771 0.223034
0.00768682 -0.0258693 0.221304
0.0104055 -0.026553 0.224905
0.009667 -0.0282597 0.224929
0.00969681 -0.0289232 0.223743
0.122389 -0.0575394 0.272337
1.42599 -0.4151 1.35211
-0.00463205 -0.0177769 0.226983
-0.00505584 -0.0176255 0.227208
0.00560891 -0.0241596 0.219937
-0.00482732 -0.0175082 0.226714
-0.00500131 -0.0179119 0.228644
0.0013982 -0.0188915 0.226006
-0.0028079 -0.0178452 0.222789
-0.00384539 -0.0179318 0.225416
-0.00418505 -0.0174595 0.222075
-0.00388584 -0.0181779 0.22319
0.00645775 -0.0233352 0.218478
0.00633746 -0.0288783 0.222446
0.00463842 -0.0246996 0.2189
-0.00441824 -0.0183694 0.22917
0.00496097 -0.0274566 0.218941
-0.00319386 -0.0188656 0.223383
-0.00250691 -0.018502 0.222083
0.00488923 -0.0292973 0.233493
0.237971 0.0552179 0.367017
0.00978258 -0.0316746 0.225006
0.00956672 -0.022549 0.217052
-0.0171714 -0.0193704 0.228147
0.0838558 -0.0216831 0.258181
-0.00397421 -0.0190316 0.223382
0.00249541 -0.0185723 0.224699
0.00811048 -0.0242074 0.222492
0.00358969 -0.0186607 0.220389
0.00411549 -0.0186425 0.220193
0.00737531 -0.0230777 0.222026
0.00300559 -0.0178613 0.222369
-0.0123835 -0.0189815 0.231037
0.0021454 -0.0190379 0.225959
-0.00424349 -0.0179299 0.226603
0.00381916 -0.0181297 0.222469
0.00488175 -0.0179416 0.222051
0.642777 0.00954609 0.682896
0.00231092 -0.0184597 0.223832
-0.015276 -0.0198235 0.229027
0.0108428 -0.0278664 0.224672
0.174753 -0.0601664 0.294728
0.0084509 -0.0278798 0.22263
0.00932183 -0.0273295 0.223787
0.00343046 -0.019808 0.222776
0.0080026 -0.0294873 0.222028
0.00449378 -0.0231246 0.220494
0.00654873 -0.0189205 0.224532
0.0115899 -0.0260608 0.223254
0.00449624 -0.0270981 0.22314
0.011453 -0.0287359 0.22486
-0.00699762 -0.0194614 0.228378
0.00334961 -0.0189205 0.224873
0.0103023 -0.0321746 0.223391
0.00956377 -0.030037 0.221583
-0.00370175 -0.0179891 0.227102
0.00774881 -0.0252995 0.222609
-0.0036994 -0.017711 0.225433
0.197056 -0.00390044 0.274994
0.236321 0.0443104 0.357718
0.00844403 -0.0216374 0.2204
-0.00472828 -0.0175771 0.229171
0.0055844 -0.0260874 0.219647
0.00658984 -0.0263562 0.219351
0.00670289 -0.0230262 0.219322
0.00272084 -0.0188891 0.222571
0.00677271 -0.0285366 0.219601
-0.00231169 -0.0182237 0.225381
0.00983815 -0.0193406 0.225184
0.0118912 -0.0198731 0.224728
-0.00500468 -0.018975 0.228187
0.0022578 -0.0189238 0.22551
0.0490828 -0.0292143 0.23427
0.00920272 -0.0285645 0.222159
0.0444707 -0.026805 0.233336
0.00740288 -0.0265516 0.220827
0.628443 -0.137363 0.821075
0.74439 0.156646 0.683816
0.00932877 -0.0270929 0.220311
0.00634865 -0.026329 0.219396
0.00430507 -0.0295695 0.220196
0.00745783 -0.0260776 0.219767
0.0192682 -0.0152018 0.246647
0.00857245 -0.0288844 0.222415
0.0267514 -0.0192546 0.232883
-0.00578249 -0.0175782 0.227314
0.00960641 -0.0276032 0.223412
0.00827624 -0.0271 0.221835
0.0115093 -0.024713 0.221633
0.0138556 -0.0226688 0.239361
0.00903295 -0.022476 0.221825
-0.00453849 -0.0173264 0.225809
0.588671 -0.0253015 0.853634
-0.00714065 -0.0177807 0.226294
-0.00516375 -0.0175516 0.228806
-0.0024552 -0.0184698 0.226974
-0.00685052 -0.0171456 0.226456
-0.00472785 -0.017669 0.22631
-0.00902793 -0.0174033 0.227713
0.103028 -0.0568123 0.236285
-0.00580545 -0.0172187 0.228253
0.0499493 -0.0492945 0.281272
0.00889008 -0.0280474 0.222404
-0.00443343 -0.0182542 0.228642
0.0110345 -0.0320539 0.232169
0.0184547 -0.0141168 0.251223
0.010601 -0.0314563 0.224834
0.00980145 -0.0257381 0.223485
0.00900913 -0.027349 0.223519
0.009834 -0.030343 0.225003
0.0321875 -0.00723992 0.257369
0.0113589 -0.0220773 0.222225
0.0921248 -0.0488685 0.231478
0.00943315 -0.0200391 0.222247
0.00917317 -0.0256606 0.223631
0.0379408 -0.0253603 0.236592
0.0385941 -0.0333195 0.230974
0.038572 -0.0331941 0.230742
0.00517383 -0.0168038 0.250412
0.0203475 -0.0187834 0.24669
0.0095771 -0.0265482 0.244921
0.000907095 -0.0189324 0.225709
-0.00501249 -0.0178117 0.228301
-0.00136164 -0.0182068 0.226293
-0.00513256 -0.0178676 0.22797
-0.00267033 -0.0204954 0.23764
0.0104064 -0.0330897 0.224754
-0.00440707 -0.0181337 0.228222
0.00511928 -0.0279611 0.219978
0.00619088 -0.0253909 0.220582
0.00918842 -0.0242968 0.22281
0.00726135 -0.0292498 0.220679
-0.00473215 -0.0180677 0.228339
0.00874707 -0.0237605 0.221113
0.00906927 -0.0237966 0.221672
0.00857146 -0.0242084 0.222271
-0.000351367 -0.0198395 0.220952
-0.00551269 -0.0175671 0.228247
0.000195904 -0.0200424 0.222513
0.906602 -0.395771 0.993068
0.00256931 -0.0303593 0.220435
0.00947699 -0.0259794 0.22507
0.0471541 -0.0411024 0.23838
0.00530929 -0.0281323 0.219871
0.22887 0.00730446 0.319324
0.639086 0.181892 0.765429
-0.00410163 -0.0182401 0.229336
-0.00262218 -0.0181608 0.224983
0.00702407 -0.0297064 0.224894
0.0076458 -0.0269849 0.222688
-0.0018438 -0.0185601 0.226513
0.0195122 -0.0120081 0.238507
0.00621098 -0.0233128 0.226003
0.00817665 -0.0191823 0.225433
0.00259958 -0.0183044 0.224038
0.00423775 -0.0185301 0.224324
0.00825717 -0.0270711 0.223673
-0.00217309 -0.018491 0.225091
0.0080686 -0.030097 0.222042
0.0535202 -0.0158066 0.239317
0.0785322 -0.0217577 0.256243
0.0323404 -0.0412082 0.235383
0.0460248 -0.0107149 0.245291
-0.0059653 -0.0177983 0.228098
-0.00593085 -0.0180682 0.229531
0.00832526 -0.0260629 0.225206
-0.00473985 -0.0174413 0.225951
0.00910752 -0.0140149 0.250952
-0.00799316 -0.0223549 0.229958
0.0128303 -0.0137999 0.252062
-0.0054274 -0.0178846 0.226911
-0.00453522 -0.01779 0.227548
-0.0050983 -0.0176546 0.227185
0.0086297 -0.0255253 0.222161
0.00689553 -0.0174115 0.22362
0.126681 -0.069513 0.242153
-0.00106955 -0.0173285 0.24564
-0.00473051 -0.0188404 0.227864
0.0578967 -0.0152748 0.249568
0.0447927 -0.0339646 0.233047
-0.00490928 -0.0189681 0.227148
-0.00225618 -0.0185962 0.228429
-0.00246263 -0.0178085 0.242592
-0.00125436 -0.0186327 0.226526
0.00888948 -0.0222704 0.224149
0.0614391 -0.0372138 0.244478
0.0198016 -0.0314218 0.2309
0.00748542 -0.0253666 0.223886
0.0107223 -0.0247586 0.222011
0.0121836 -0.0188907 0.243059
0.0175982 -0.0186115 0.243354
0.037122 -0.0149058 0.25075
0.0453059 -0.0268921 0.233417
0.00743443 -0.0289674 0.221589
0.0458913 -0.0164172 0.237989
0.0153497 -0.0268398 0.224148
0.0106224 -0.0285706 0.224783
0.0176576 -0.0187696 0.245899
-0.0128367 -0.0202852 0.228855
-0.00438708 -0.0180748 0.226493
0.000921834 -0.019222 0.248305
0.00832971 -0.0223853 0.221173
0.00893898 -0.0166172 0.252776
0.0113826 -0.0198879 0.224778
-0.00322596 -0.0178918 0.225344
0.0530843 -0.0217154 0.237718
-0.00561488 -0.0175128 0.228407
-0.00524983 -0.0179907 0.229564
0.0099438 -0.0302359 0.224188
0.00724845 -0.0277168 0.221785
-0.00603032 -0.0176495 0.229242
0.00884151 -0.0275718 0.223281
0.0106749 -0.0209918 0.224945
0.00815256 -0.0245301 0.220657
0.00850676 -0.0240785 0.22084
0.109983 -0.0465061 0.27302
-0.00279074 -0.0186092 0.22667
-0.00434049 -0.0181328 0.228221
-0.00613499 -0.0176523 0.22997
-0.00253388 -0.0180783 0.227155
0.00878436 -0.0205665 0.222411
0.0438002 -0.0445798 0.237925
-0.00356568 -0.0187912 0.223518
0.00632463 -0.0189178 0.224484
0.00464612 -0.0313306 0.221269
-0.00386805 -0.0187356 0.223237
0.00708906 -0.0311142 0.222062
0.00798427 -0.0291002 0.222073
0.0107629 -0.0207478 0.222148
0.00450328 -0.0303248 0.219813
0.0111909 -0.0232094 0.22122
0.0173749 -0.0276023 0.220718
0.008466 -0.027504 0.223159
-0.0145586 -0.0191342 0.228973
0.00519301 -0.0280206 0.219952
-0.002012 -0.0180595 0.224567
0.00943165 -0.0307391 0.232567
0.706147 0.0865191 0.701348
0.585897 0.127767 0.800326
0.186842 -0.0950171 0.505124
0.0144154 -0.0183368 0.255288
0.428846 -0.224781 0.620456
0.0372196 -0.0126966 0.258163
0.0260973 -0.0184946 0.250607
-0.0113227 -0.017292 0.234016
-0.0052022 -0.0171287 0.228028
0.00149462 -0.0181153 0.232853
-0.00497293 -0.0173493 0.227244
0.00763491 -0.0253045 0.222587
-0.000549813 -0.0213343 0.224454
0.00727291 -0.0235243 0.224283
0.0108327 -0.0249098 0.224176
0.0104042 -0.0178569 0.247239
0.0100025 -0.0290028 0.223729
1.3617 -0.415553 1.46871
0.00264755 -0.0186015 0.223635
-0.000732902 -0.0205911 0.220824
0.0294699 -0.0213929 0.246179
0.00551236 -0.0215 0.220352
0.0074937 -0.0221054 0.2191
0.00987886 -0.0228868 0.218827
0.0816057 -0.0279232 0.250252
-0.00186881 -0.018446 0.221856
0.00806628 -0.0236565 0.219166
0.00955005 -0.0218761 0.218807
0.000118882 -0.0192402 0.220481
-0.00552971 -0.0177043 0.228666
-0.00551851 -0.0173405 0.228374
-0.00164867 -0.0170311 0.223108
-0.00352894 -0.0180082 0.226265
-0.00675091 -0.0172393 0.227481
-0.00265995 -0.0174772 0.225527
0.0086956 -0.0228968 0.221755
-0.00288921 -0.0171335 0.223696
-0.00446912 -0.0176377 0.225726
0.0101018 -0.0206218 0.222387
-0.00516726 -0.0169885 0.227075
0.00827294 -0.027419 0.222438
0.00460047 -0.0264567 0.219633
0.00917844 -0.027575 0.223804
0.00592229 -0.0233716 0.219972
0.0206063 -0.0179446 0.230949
0.0112228 -0.0287746 0.224713
0.00259805 -0.0192087 0.219327
0.00145755 -0.0264947 0.221316
0.00937178 -0.0287395 0.224633
0.0105406 -0.0192607 0.225092
0.00978002 -0.0226409 0.220387
-0.003254 -0.0206992 0.222714
0.00613384 -0.0258369 0.220178
0.00144246 -0.0167743 0.231794
0.0122551 -0.0198174 0.223345
0.000806942 -0.0185108 0.223543
-0.0028354 -0.0187955 0.22845
0.008425 -0.0217785 0.219233
-0.00525915 -0.0177738 0.227509
0.00701531 -0.0234294 0.218286
0.00726329 -0.0297309 0.222687
0.00505507 -0.0245526 0.224135
0.00871487 -0.0289256 0.21887
-0.00153637 -0.0182229 0.226317
0.0153564 -0.0143468 0.249719
0.00933687 -0.0282558 0.223441
0.0100039 -0.0256218 0.224617
0.0988905 -0.0274489 0.195908
0.225978 0.00703484 0.317671
0.0327663 -0.020518 0.24963
-0.00439326 -0.0176146 0.225685
-0.00527557 -0.01744 0.227385
0.00331437 -0.0296963 0.220243
0.00656206 -0.0197613 0.22283
-0.00537898 -0.0176831 0.228825
0.00341135 -0.0203581 0.222188
0.0125334 -0.0197739 0.223211
0.007192 -0.0303548 0.222604
0.00577294 -0.0197555 0.222993
-0.000403424 -0.0192128 0.220614
-0.00363904 -0.0190045 0.22195
0.071037 -0.0301258 0.20966
-0.00149448 -0.0185895 0.220596
0.00444903 -0.0293394 0.219444
0.0101074 -0.029439 0.224898
-0.000883697 -0.0190909 0.220494
0.00605756 -0.0299084 0.221255
-0.0036965 -0.0188259 0.222792
0.00619661 -0.0316817 0.222334
0.00340946 -0.0219511 0.221065
-0.00248694 -0.0197551 0.23572
-0.00497218 -0.0179879 0.228593
0.00392037 -0.0288533 0.220773
0.00465627 -0.0211399 0.244683
0.0139761 -0.0265901 0.221344
0.00767006 -0.0247 0.221836
0.00350524 -0.0199748 0.219454
0.00646827 -0.0250926 0.219691
0.0087158 -0.0275573 0.223305
0.00803507 -0.026818 0.22035
0.00395649 -0.0305477 0.219917
0.00558385 -0.0276315 0.218772
0.00932105 -0.0288876 0.223116
0.0030907 -0.0283448 0.221638
0.00985349 -0.0286822 0.222254
0.00793499 -0.0311822 0.222025
-0.00217597 -0.0181209 0.224447
0.00597321 -0.0256327 0.235111
-0.00389734 -0.0180471 0.227706
-0.00514722 -0.0175083 0.227017
-0.00423262 -0.0182333 0.228633
0.0164249 -0.0358242 0.237887
-0.0124491 -0.0195813 0.231087
0.589739 -0.0363995 0.576295
0.00463715 -0.0191478 0.228424
0.512563 0.0124575 0.591125
0.00901345 -0.0198088 0.223962
0.0240932 -0.0255798 0.232495
-0.000145921 -0.0186128 0.22859
0.0408195 -0.0126724 0.242337
0.25765 -0.00596986 0.470362
0.00498233 -0.0139296 0.243097
0.00290725 -0.018422 0.228404
0.0176316 -0.0182285 0.248759
0.276236 -0.0465499 0.411106
0.505563 0.0809578 0.647952
0.624089 0.00741267 0.636392
0.442283 -0.201427 0.702736
0.50822 0.0258989 0.689383
0.682432 -0.00895327 0.74763
-0.00488113 -0.0179085 0.227506
1.33934 -0.594395 1.42179
0.0101187 -0.0313026 0.224081
0.00543342 -0.028563 0.221976
-0.00178965 -0.0180095 0.224512
-0.00214522 -0.0184994 0.227549
0.0114499 -0.0281131 0.224473
0.0539238 -0.0115301 0.251129
0.0077882 -0.025264 0.223186
0.0388785 -0.033327 0.230868
0.367338 -0.180614 0.569949
0.0125241 -0.0186265 0.244422
0.759707 -0.426303 0.802612
0.190732 -0.0974489 0.186713
0.694715 -0.205039 0.648304
0.585541 0.0306601 0.713694
0.011322 -0.0248515 0.224655
0.259617 -0.013995 0.261419
0.0382537 -0.037705 0.265576
0.363158 0.0453847 0.470587
0.00014652 -0.018412 0.225552
1.86305e-07 -0.018714 0.22492
-0.00542046 -0.0175155 0.230004
0.00258877 -0.0181811 0.223454
0.00938121 -0.0225351 0.223571
0.00243186 -0.0195872 0.224862
0.00773638 -0.0197156 0.223639
-0.0169712 -0.0193909 0.229302
0.0083627 -0.0253364 0.221302
-0.00550184 -0.0175027 0.227812
0.0126685 -0.0164451 0.241731
0.011641 -0.0152538 0.245539
-0.00553648 -0.017707 0.228931
0.00864963 -0.0305456 0.223693
0.00903705 -0.0243179 0.221852
-0.00539674 -0.0187092 0.229722
0.348681 0.0622642 0.967388
0.470361 0.0846044 0.812168
0.00437773 -0.0290451 0.222255
0.292451 -0.0559723 0.286949
0.00908399 -0.0243015 0.221843
0.0499336 -0.0416887 0.230657
0.0134453 -0.0189638 0.243092
0.040405 -0.0329711 0.232815
0.0600873 -0.0368494 0.244178
0.0198329 -0.0320257 0.232513
-0.0011627 -0.0185197 0.226812
0.0614641 -0.0282564 0.242811
0.0491196 -0.0269688 0.240631
0.0510939 -0.0273241 0.241081
0.339606 0.0217378 0.527927
0.00708316 -0.024134 0.222842
0.00842031 -0.027749 0.22371
0.00942323 -0.0287965 0.224625
0.0124966 -0.0190945 0.241668
0.00878585 -0.0264947 0.222077
-0.00327127 -0.0180637 0.229008
-0.00303075 -0.0177457 0.229656
0.00842589 -0.0277463 0.223671
0.00765833 -0.0289567 0.221442
0.036849 -0.0183541 0.251293
0.0359647 -0.0288242 0.227934
0.0487244 -0.0261957 0.231993
0.0109805 -0.0330514 0.220554
0.0678727 -0.0270854 0.245298
0.00577015 -0.0181246 0.244369
0.0462709 -0.025428 0.234957
0.00162159 -0.017359 0.246536
0.0663205 -0.0103557 0.24752
0.00890915 -0.0224772 0.224246
0.00939166 -0.0247146 0.221634
0.009259 -0.0256006 0.222885
0.0536817 -0.0267061 0.242629
0.0630775 -0.00927898 0.252454
0.0116083 -0.0265213 0.223038
0.0192481 -0.0185896 0.247406
0.00830864 -0.0266567 0.221605
0.0130998 -0.0253317 0.239912
0.00944027 -0.0288502 0.224631
-0.00156665 -0.0174462 0.24468
0.00862772 -0.0236795 0.221208
0.0485486 -0.0265354 0.237892
-0.0156133 -0.0194916 0.230632
0.0252814 -0.0199699 0.243239
0.00372275 -0.0170685 0.246686
-0.00229237 -0.018836 0.241702
0.0132404 -0.0192745 0.241438
0.038062 -0.021614 0.249094
0.0304829 -0.019203 0.24869
0.247135 -0.0141725 0.462985
-0.00517317 -0.0172671 0.2277
-0.0156022 -0.0202148 0.229219
-0.00534642 -0.0176027 0.229401
0.0223008 -0.0102404 0.252403
-0.00537456 -0.0176989 0.228503
0.0061683 -0.0255742 0.239173
0.00497252 -0.0252939 0.238564
0.144538 -0.0150783 0.31393
0.142592 -0.031919 0.243502
0.00327857 -0.0211838 0.243174
0.0184952 -0.0148393 0.248546
-0.00516521 -0.0172849 0.228308
0.0978181 -0.0160399 0.293258
0.289917 0.0209948 0.588808
-0.013215 -0.0191833 0.229371
0.691478 -0.0529231 0.854924
0.472516 0.0432118 0.828187
0.419067 0.0788248 0.562909
0.539343 0.00728838 0.916052
0.132431 -0.0743301 0.296849
0.54492 0.0970045 1.23316
0.591195 0.00436151 0.708711
0.330987 0.0295323 0.635354
0.666284 0.105823 1.63389
0.587248 0.0819574 0.671953
0.577842 0.0332141 0.716157
-0.00765231 -0.021283 0.238246
0.037529 -0.0437732 0.305675
0.577682 0.120614 0.717855
-0.0176828 -0.0192977 0.229355
0.568726 0.155906 0.631716
-0.0169171 -0.0195497 0.229492
0.00992266 -0.0101208 0.25014
0.512637 0.0909009 0.700675
0.0162337 -0.00945571 0.238592
0.494004 0.109063 0.663954
-0.00793851 -0.0186987 0.23617
-0.0124374 -0.0173307 0.230728
0.513054 0.0974315 0.728473
0.644942 0.0724224 0.629643
-0.0109317 -0.0181408 0.234046
1.53195 0.38997 1.65174
0.614743 0.0118969 0.649965
0.603565 -0.193635 0.803541
0.514212 0.0416308 0.782723
-0.0120206 -0.019455 0.234653
0.601082 -0.191443 0.801186
-0.0116156 -0.0187223 0.234669
-0.0130158 -0.0188914 0.233268
-0.0131831 -0.0187739 0.233812
