-0.0253383 0.0471067 0.264754
0.0468956 -0.0332356 0.242946
0.0948624 0.00194243 0.240391
0.0807392 -0.0156608 0.248103
0.0489205 -0.010474 0.244711
0.0779232 0.00318225 0.244204
0.020882 0.164997 0.842153
-0.0583021 0.000449915 0.245572
0.0802777 -0.0700122 0.273019
0.074554 0.079612 0.500986
-0.285993 0.152767 0.845089
-0.140773 0.0802855 0.42142
-0.0191474 0.214189 1.10936
-0.0909078 0.178747 1.02277
-0.302842 0.150971 0.843293
-0.83565 0.391257 1.86212
0.0581084 0.0402755 0.239277
-0.305411 0.203664 0.918075
0.129827 0.0660384 0.246099
0.0603035 -0.00239955 0.250328
0.0705444 0.00417526 0.248895
-0.0025063 0.0178023 0.242275
-0.0233623 -0.0556235 0.382015
0.122473 0.0212305 0.200085
0.112868 0.0288604 0.235295
-0.00791916 -0.0191539 0.19463
-0.0676156 -0.000538685 0.292179
-0.0554002 0.0483221 0.30211
0.0644732 -0.00751931 0.25836
0.0929241 0.0847021 0.316404
0.0623067 0.066046 0.255888
-0.0468868 0.170873 0.931032
-0.099834 0.0299085 0.211914
-0.0874171 0.181136 0.818431
0.126189 0.0564084 0.188391
-0.0593602 0.209996 0.952744
-0.0612883 0.180746 0.87035
0.0649703 -0.00600891 0.257539
-0.139246 0.242129 0.882833
-0.0647055 0.214008 0.944263
-0.367914 0.170824 0.811076
-0.383772 0.209203 0.853909
0.190591 0.12588 0.422884
-0.0648142 0.0711072 0.489927
-0.390928 0.20082 0.807975
-0.281857 0.139129 0.533884
-0.0224896 0.0415805 0.220012
0.918861 0.155107 2.27047
-0.143077 0.2311 0.922158
-0.0521652 0.227562 0.930309
-0.295158 0.250963 1.0309
-0.405506 0.169414 0.884869
0.013919 0.205504 0.779891
-0.0454155 0.239702 0.945872
-0.359586 0.154037 0.734323
-0.00849759 0.00482711 0.0180691
-0.298112 0.172105 0.596605
-0.348886 0.175064 0.979672
-0.830209 0.444575 2.84649
-0.357562 0.175289 0.843979
-0.917309 0.230537 1.71212
0.00305131 0.119566 0.833392
-0.132399 0.196928 1.00279
-0.115166 0.228445 1.03821
-0.0586876 0.068499 0.41785
0.0581052 -0.0629267 0.266184
-0.142771 0.0632271 0.489298
-0.089554 0.032047 0.189377
-0.0970656 0.0205558 0.188908
-0.0602871 0.198532 0.87922
0.0611038 0.00761251 0.216151
0.102344 -0.0218826 0.25128
-0.0793312 0.256262 1.00097
-0.203393 0.228048 0.919051
-0.0331881 0.0761675 0.407484
-0.125991 0.0736888 0.371527
0.0310217 0.149143 0.624822
-0.336134 0.174417 0.854202
0.0246717 0.246305 0.880812
-0.258924 0.134932 0.552135
-0.165916 0.301895 1.06778
-0.0263791 0.0799308 0.38576
0.00782669 0.187738 0.755274
-0.340584 0.198994 0.706894
-0.028302 0.226062 0.936435
-0.346261 0.155969 0.855493
-0.438252 0.320215 1.25612
0.14508 -0.0640598 0.185923
0.130773 -0.0644979 0.166802
0.122676 0.060489 0.25143
0.140316 -0.0503274 0.197014
0.142246 0.0240283 0.210097
0.0287953 0.00975277 0.0638907
-0.00686893 -0.0178295 0.11515
-0.0193553 0.0241515 0.109552
-0.0280627 0.0248796 0.126064
-0.0137431 0.0193264 0.0844959
-0.0129845 0.0129574 0.112027
-0.00107979 0.0207877 0.0962174
-0.0148468 0.0193073 0.0844341
0.00300334 0.0203406 0.0961423
-0.0231292 0.0185943 0.0729812
-0.00124407 0.0242715 0.0945093
-0.00292829 0.0181565 0.0995711
-0.00328881 0.0232595 0.0934115
-0.0380327 -0.0258142 0.0883064
-0.0447845 0.0231373 0.11399
-0.0129442 0.0182974 0.0820904
0.00199294 0.0251568 0.0941262
-0.00612984 0.0223377 0.0868131
-0.0113968 0.014955 0.0837776
0.0589725 0.00892456 0.151865
-0.054423 0.00987384 0.0911212
-0.0133203 0.0112141 0.169014
-0.00676277 0.164713 0.897138
-0.00412814 0.0344329 0.256961
0.0732334 -0.00542621 0.201239
-0.0271159 0.192777 1.04164
-0.088441 0.0238754 0.180728
-0.0821866 -0.0408474 0.149775
-0.097271 0.183522 0.94124
-0.0497684 0.0768845 0.46492
-0.0419744 0.0157921 0.271093
-0.314448 0.185012 0.996184
0.0181993 0.250222 1.40035
-0.273358 0.242605 1.08848
-0.19035 0.0822183 0.396064
-0.264719 0.154411 0.822846
-0.186237 0.0805713 0.381959
-0.0107894 0.0949116 0.664001
0.0859247 0.0583829 0.366419
0.092181 -0.0237075 0.239942
0.0194503 0.197693 0.838628
-0.0715585 0.0663187 0.41884
-0.110448 0.178418 0.963651
-0.0912261 0.0214683 0.180915
0.0690972 -0.0344657 0.256996
-0.0589246 0.0483587 0.369172
0.098974 -0.0302791 0.254368
0.0123839 0.134978 0.683909
-0.0895254 0.0277084 0.208734
-0.052486 0.0341107 0.235914
-0.0372015 0.0483796 0.361734
0.0647149 -0.033807 0.245898
-0.07077 0.0293704 0.236021
0.132011 0.0692776 0.267995
0.0666002 -0.0349951 0.253125
0.224081 0.132253 0.437288
-0.015943 0.0294246 0.231741
0.00597525 0.0185212 0.233462
0.124598 0.0696469 0.230052
-0.165615 0.253097 1.03719
0.0749793 0.0130115 0.198058
0.126359 0.0602263 0.258117
0.0830853 -0.0281655 0.249833
0.0633117 -0.0611753 0.242062
-0.00880446 -0.0250128 0.257575
-0.0920274 0.0259771 0.183757
0.0490557 0.0376905 0.238297
-0.0499784 -0.0891168 0.27633
0.0812597 -0.0157769 0.250265
0.0128419 0.174037 0.667638
0.0955916 -0.0222942 0.243999
-0.0519022 0.0439397 0.326131
-0.101012 0.0386159 0.246697
-0.0806315 0.136194 0.980225
0.119176 0.0369294 0.250037
0.0931352 -0.0161714 0.246466
0.0250189 0.178254 0.750276
0.0069792 0.0720274 0.287555
-0.246307 0.142914 0.492958
4.46892e-07 -6.53895e-07 3.61287e-06
-0.101619 0.251694 0.954163
-0.0580629 0.140017 0.870212
-0.146632 0.235859 1.08505
-0.150775 0.257489 1.09191
-0.0937164 0.264382 0.958082
-0.122194 0.246188 0.946921
-0.0110826 0.187537 0.810144
-0.123929 0.179846 1.01046
-0.298793 0.186659 0.770714
-0.0879293 0.050169 0.251392
-0.0617583 0.0328659 0.256879
-0.285178 0.178523 1.1593
-1.41477e-05 1.33372e-05 7.01837e-05
-0.338059 0.196263 0.743671
-0.0607325 0.179003 0.846186
-0.0661361 0.221944 0.984889
0.0291646 0.146752 0.823699
-0.265247 0.122441 0.507155
-0.278408 0.150457 0.744613
0.132091 0.188325 0.636365
-0.381513 0.179844 0.721067
0.00891797 0.0502659 0.175143
-0.336922 0.186238 0.929496
-0.167591 0.0696462 0.312327
-0.310193 0.15347 0.610409
-0.246531 0.218656 1.03142
-0.158576 0.068859 0.366679
-0.198868 0.079743 0.383394
-0.164383 0.265905 2.23678
1.12557 -0.652776 2.82441
0.00345667 0.0370306 0.225048
-0.280014 0.119986 0.510298
-0.321743 0.194229 0.996004
-0.000112841 4.75529e-05 0.00020261
-0.314938 0.215594 1.13038
-0.243772 0.106003 0.452552
-0.25122 0.199468 1.23287
-0.409459 0.217565 0.8819
-0.0946806 0.0527881 0.206366
-0.257663 0.147407 0.659095
-0.130166 0.260903 0.896428
-0.0204353 0.20663 0.846918
-0.00270914 0.151164 0.585133
-0.0186231 0.19435 0.957328
-0.387827 0.224277 0.910761
-0.0791653 0.209302 0.694548
-0.0971133 0.170705 0.772523
-0.05346 0.234671 0.92315
-0.110925 0.260356 0.932867
-0.427695 0.201587 0.900418
-0.112642 0.0473564 0.236744
-0.3558 0.147317 0.747816
0.764742 -0.260162 2.32557
0.0201449 0.195769 0.827305
8.42524e-06 5.49474e-05 0.000335003
0.071978 0.0454003 0.24993
-0.232368 0.203254 0.96135
-0.314514 0.181233 0.821501
0.215444 0.104848 0.367241
-0.0173664 0.0377928 0.254474
0.0466869 -0.0410343 0.254159
-0.279462 0.162972 0.706299
-0.0871919 0.147303 1.0485
0.117957 0.0473643 0.249476
-0.0503933 0.154031 0.784909
-0.173613 0.0857852 0.342588
-0.219992 0.093142 0.56517
-0.506533 0.284948 2.06713
-0.12441 0.208337 1.29245
0.00409573 0.228999 0.866136
-4.4414e-05 2.09468e-05 9.11067e-05
-0.228328 0.0788117 0.42468
-0.103734 0.275306 1.07433
-3.99473e-06 4.13165e-05 0.000169299
-0.0297002 0.118109 0.771113
0.0467852 -0.0324348 0.247542
-0.0429141 -0.0393077 0.261681
-0.239777 0.21088 0.997579
-0.0415675 -0.0219546 0.255426
-0.172501 0.262689 1.11295
-0.155653 0.0617493 0.411269
0.0452504 -0.0221595 0.250798
0.0872382 0.0541111 0.303346
-0.0187986 0.0153183 0.230752
-0.0752098 0.127597 0.919497
-0.0156955 0.0218381 0.265874
-0.058333 0.0306495 0.241981
-0.242077 0.16616 0.748648
-0.173327 0.244746 1.08459
0.0148135 0.18153 0.770651
-0.0273244 0.133944 0.886916
-0.488213 0.110692 0.896924
-0.0876228 0.14812 1.05
-0.0343673 0.186598 0.960602
0.00685678 0.20915 0.881844
-0.110923 0.203788 0.698434
-0.0610153 0.221205 1.01106
-0.190775 0.218425 1.20608
-0.0608855 0.0345235 0.119582
-0.101232 0.17523 1.00236
-0.206973 0.140575 0.567454
-0.198755 0.201154 1.06381
0.00369157 0.0397335 0.242104
-0.313699 0.176898 0.786946
-0.0795212 0.0984854 0.639556
-0.152726 0.0882793 0.393406
-0.0270533 0.131836 0.897625
-0.187562 0.223963 1.17384
-0.0754164 0.254602 0.960427
-0.310521 0.217305 0.844963
-0.0763926 0.244545 0.890311
-0.190422 0.207749 1.10555
-6.14762e-05 3.59124e-05 0.000139334
-0.160163 0.343022 1.26846
-0.237866 0.128252 0.566315
-0.172551 0.226237 1.10257
-0.0995662 0.276234 1.03371
-0.105716 0.228142 1.07794
-0.0146571 0.0272888 0.235872
-0.856274 0.395235 2.20922
-0.100249 0.0715565 0.52285
-0.00836259 0.222114 0.955418
-0.151403 0.232673 0.951267
-0.0339166 0.1246 0.586301
-0.11684 0.166541 0.941678
-0.12933 0.29662 1.06798
-0.0258526 0.0166883 0.109749
0.01008 0.0428798 0.303235
-0.230111 0.224907 0.963775
-0.0535681 0.209292 0.824971
0.012539 0.0454411 0.278892
-0.00244171 0.158326 0.8756
-0.0284585 0.191095 0.878507
-0.0491218 0.108326 0.548764
-0.0259349 0.0642427 0.222105
-0.139246 0.263624 0.939337
-0.127082 0.137545 0.870472
-0.103688 0.291052 1.02017
-0.0563812 0.308175 1.22309
-3.92451e-05 2.03971e-05 8.40985e-05
-0.156724 0.0718735 0.321304
-0.357591 0.215876 1.1144
0.0837653 0.00897433 0.241226
0.0916107 -0.00746098 0.221333
0.086419 -0.0196104 0.247341
-0.0570746 0.028649 0.239874
-0.0867224 0.0162456 0.202193
0.238099 0.134671 0.445208
0.0781918 0.0142309 0.226322
0.108379 0.0534309 0.217225
0.233872 0.136872 0.454321
0.0974568 -0.0281981 0.253301
0.0872107 -0.076769 0.300517
-0.101993 0.237028 1.02004
-0.0178441 0.192667 0.99722
-0.0972226 0.0209899 0.189548
-0.23609 0.123901 0.650098
0.0488655 0.119105 0.75043
-0.243956 0.126341 0.637062
-0.133744 0.023162 0.30158
-0.273536 0.199589 1.14248
0.0197081 0.134102 0.843053
-0.0195319 0.0146563 0.222863
-0.0383018 0.180118 0.974342
-0.076279 0.0307009 0.223916
-0.0461768 0.163039 0.729597
-0.0652983 0.0418532 0.267991
0.0800718 -0.0293319 0.258928
0.0622417 0.0414508 0.251442
-0.0472403 -0.025462 0.288351
0.0828992 0.0103128 0.2405
-0.0718174 0.0372892 0.241388
0.0451759 -0.0323403 0.238459
0.0795075 0.00441823 0.249288
-0.080948 0.130471 0.701042
-0.167037 0.166182 0.886817
0.0536968 -0.0598242 0.253471
-0.0344181 0.0125189 0.232642
-0.00967977 -0.0240417 0.235552
-0.0528075 0.0546355 0.352535
-0.0072947 0.0121658 0.235348
-0.0655421 0.0494712 0.303824
-0.0771179 0.0480331 0.325939
0.0485818 -0.00891261 0.240782
0.0821756 -0.0279527 0.250376
-0.0169658 0.0175864 0.248918
-0.00630266 -0.00324024 0.231554
-0.0738128 0.0652359 0.409896
-0.332016 0.150477 0.659435
-0.136038 -0.141303 0.453183
0.102653 -0.000550927 0.219507
0.105835 -0.0207045 0.230225
0.139781 -0.0524447 0.180359
-0.0145868 0.0187729 0.240736
-0.0205547 0.0328041 0.235306
0.00297274 0.0265297 0.254562
0.0524169 0.0406373 0.223912
-0.00791291 0.0527742 0.231097
-0.0549015 -0.0277751 0.104017
0.10523 -0.00408873 0.223844
0.135956 -0.0445346 0.181039
0.149031 -0.0657194 0.190929
0.0846754 0.0199247 0.25123
-0.139754 0.159814 0.796428
-0.0887666 0.0244661 0.181853
0.271658 0.146281 0.486156
0.290702 0.0784394 0.507978
0.464732 0.24672 0.813832
0.0907621 0.00439322 0.264489
0.0877709 -0.014446 0.26554
0.0685359 0.00427317 0.240374
-0.00657063 -0.0130731 0.20306
-0.0862788 0.019195 0.145367
0.110598 -0.0284587 0.239481
-0.0264662 0.00839131 0.0969782
-0.0821928 0.0265154 0.132548
-0.0781238 0.0257995 0.121399
-0.0815046 0.0222893 0.123759
-0.085673 0.0259272 0.130512
0.0734393 0.00458759 0.243281
0.0935146 -0.0133253 0.237476
0.0418815 0.0664814 0.269716
-0.0418968 0.0370887 0.264896
-0.0641722 0.0197743 0.222176
-0.00812837 -0.0167028 0.109023
0.0712284 -0.074537 0.254095
0.0916916 0.0160639 0.258618
0.0840994 0.0154187 0.241198
0.103292 -0.0640123 0.255949
-0.0593072 -0.0914969 0.266209
-0.086169 0.0193077 0.199619
-0.0422167 0.0397296 0.252681
0.0271041 0.00420965 0.0387712
0.00977063 0.00312871 0.0200822
0.11655 0.0465754 0.245537
0.0778754 -0.0302772 0.252402
-0.0255977 0.106815 0.48857
0.0945323 -0.0759827 0.289889
0.0264167 0.123983 0.853948
0.0919178 0.0152857 0.229265
-0.160846 0.228807 1.02972
0.110238 -0.0119812 0.237952
-0.0455202 0.195923 0.859423
-0.0369655 -0.0339234 0.250616
-0.0622735 0.0456959 0.321615
-0.0337286 0.0348594 0.224942
0.121171 -0.00181036 0.179717
-0.00349453 0.00351837 0.0213735
0.0892518 0.0142646 0.129741
0.11086 -0.00696419 0.166429
0.115854 -0.0525555 0.155017
-0.0306803 0.0292102 0.147941
-0.040301 -0.0316543 0.103403
-0.0406721 -0.0109233 0.241753
0.119745 0.0605869 0.246021
-0.0930568 0.0178128 0.21211
0.0981521 -0.0202866 0.248912
-0.0762729 0.0318989 0.226891
0.0713938 -0.0756156 0.26288
0.0279982 0.224906 0.755146
-0.0662685 0.034899 0.228112
-0.0962481 0.03069 0.177818
0.094655 0.0160111 0.235468
-0.349936 0.213534 0.827476
-0.0535485 0.0346493 0.24394
-0.307451 0.175311 0.663224
-0.0466533 0.0400244 0.289039
-0.0826811 0.0322643 0.193825
-0.0682407 0.0272956 0.22906
-0.057903 0.0317434 0.236399
-0.0965386 0.0229877 0.1834
0.0866893 0.00480215 0.298549
-0.144211 0.18127 1.16075
-0.0384549 0.0264734 0.109823
-0.157223 0.172036 0.690954
-0.184692 0.158488 0.748913
-0.0245195 0.191346 0.89833
-0.132602 0.212963 1.20636
0.0183592 0.170114 0.861394
-0.144357 0.0665464 0.294566
0.0253716 0.0674381 0.420349
-0.180238 0.102683 0.444799
-0.110447 0.217267 1.1348
0.0130539 0.184217 0.779669
-0.0957854 0.228346 0.97445
-1.98654e-05 1.44269e-05 8.25408e-05
-0.163415 0.328925 1.28638
-0.252658 0.193936 0.898781
-0.243267 0.121458 0.461106
0.0294423 0.149551 0.588602
-3.70069e-05 1.79108e-05 7.16617e-05
-0.303715 0.26525 1.1774
0.0215867 0.12437 0.766875
-0.317864 0.355303 2.20737
-0.0552312 0.239612 0.976336
-0.28666 0.128659 0.706639
-0.00452366 0.145115 0.794529
-0.461758 0.260118 0.959146
-0.36043 0.177191 0.756728
-0.0104841 0.21227 0.942635
-0.210317 0.0978034 0.446592
0.0938614 -0.01661 0.228894
-0.294804 0.171442 0.773602
0.0185306 0.15458 0.781782
-0.13703 0.243565 0.911468
-0.28401 0.15083 0.660615
0.012599 0.0448739 0.277088
-0.0598202 0.107901 0.514248
-0.0152125 0.235249 0.905045
-0.0208398 0.172954 1.27534
-0.392308 0.290912 1.23617
-0.367433 0.158732 0.752311
-0.128843 0.205856 0.943219
-0.0559066 0.205058 0.946548
-0.191001 0.131486 0.49663
-0.34005 0.182646 0.753219
-0.170978 0.197027 1.00059
0.0220652 0.235783 0.842727
-0.301654 0.194539 0.812246
-0.373797 0.175423 0.792327
-0.00870281 0.195494 0.867988
0.119202 0.0384597 0.246325
-0.0673284 0.0417742 0.25188
-0.0394097 0.0434815 0.248378
-0.0359525 0.0344453 0.17453
-0.0854852 0.0293799 0.276058
-0.0988949 0.233284 0.998214
-0.0857495 0.187539 0.944061
-0.115162 0.128018 0.814915
-0.034947 0.178999 0.785053
-0.103604 0.256907 0.957354
0.0933145 -0.00441479 0.249034
-0.0924822 0.0258158 0.184425
-0.0211996 0.015598 0.224477
-0.0776894 0.0289229 0.172509
-0.0162531 0.0259382 0.221091
0.102412 -0.0139097 0.221435
0.047603 0.0212808 0.237861
-0.143153 0.208884 1.0851
-0.0229602 0.182932 0.926953
-0.093874 0.244831 0.947358
-0.144576 0.215285 1.21274
-0.153045 0.27439 1.02403
-0.22251 0.415833 1.42589
-0.0280453 0.192844 0.882937
-0.151596 0.227621 0.966159
-0.276675 0.234454 0.949063
-0.089395 0.0477414 0.270707
-0.19206 0.136499 0.553361
-0.335788 0.186455 0.65557
-5.92557e-05 3.08102e-05 0.000113991
-0.348852 0.215322 0.863513
-0.322934 0.183327 0.740104
-0.47982 0.273368 0.949096
-0.903043 0.248185 1.5237
0.22903 0.145366 0.482884
0.00700994 0.0751966 0.252817
0.0172085 0.0829124 0.351536
-0.000828081 0.151552 0.836859
-0.0008369 0.045174 0.241232
0.0164966 0.215955 0.873128
-0.10487 0.183433 1.04521
-0.0132311 0.10548 0.462545
-0.113952 0.221883 0.957218
-0.0358362 0.164848 1.07245
-0.0225765 0.147031 0.78505
-0.0295982 0.171474 0.690837
-0.275799 0.124123 0.678651
-0.0715585 0.191557 0.762618
-0.273894 0.158543 0.548875
-0.0837849 0.0684755 0.421693
0.0331347 -0.0247105 0.306814
-0.238047 0.172835 0.679473
-0.209372 0.234985 0.945129
-0.248501 0.236505 1.24401
-0.129699 0.108315 0.438938
-1.19152e-06 -1.12909e-06 7.76132e-06
-0.154697 0.0861465 0.323952
0.0301877 0.200089 0.851103
0.00887207 0.0362174 0.346408
-0.05832 0.0209918 0.23169
-0.0410946 0.0373508 0.273504
-0.09261 0.0305087 0.209604
0.00242042 -0.0184184 0.265155
0.15921 -0.0749169 0.21444
0.0814629 0.0627532 0.230215
0.0795879 0.00891136 0.126228
-0.00192128 0.310083 1.71455
-0.4145 0.143873 0.774248
0.0503967 0.0329451 0.231945
-3.26694e-05 6.87961e-06 5.98749e-05
0.166354 -0.0321191 0.46679
-0.00964731 0.0105463 0.23939
-0.0353997 0.0601063 0.377032
-0.264282 0.140206 0.729041
-0.235363 0.20726 0.837138
-0.119555 0.0711103 0.27136
-0.24664 0.110666 0.486232
-0.0178133 0.226195 0.913336
-0.323519 0.171409 0.858698
-0.0145369 0.120584 0.865165
-0.334707 0.213818 0.957397
-0.057892 0.176847 0.905494
0.0421098 0.179064 0.808803
-0.310162 0.21415 0.976133
-0.391369 0.236298 1.22436
-0.390744 0.161993 0.85219
-0.220841 0.101648 0.418223
-0.0560734 -0.0599729 0.181617
-0.298154 0.126487 0.541637
0.0605477 -0.00675201 0.246352
-0.186527 0.207604 0.827625
-0.179603 0.217885 1.12384
-0.122601 0.0727596 0.280403
-0.348912 0.239483 0.904634
-0.15514 0.0540326 0.28815
-0.317741 0.154203 0.565222
-0.0833781 -0.0884355 0.269348
-0.18847 0.118471 0.525
-0.25136 0.107317 0.457267
-0.247408 0.0859702 0.458742
0.122518 0.175374 0.616585
-0.307354 0.213831 0.882783
-0.347491 0.167323 0.706031
-0.345402 0.213193 0.856039
-0.372743 0.223914 0.982989
-0.078573 0.199574 0.960701
-0.11467 0.205194 0.729692
-9.66706e-05 4.14972e-05 0.00017853
0.00897961 0.133737 0.508502
-0.0658788 0.219897 0.972843
-0.218274 0.182123 0.809124
-0.119639 0.114523 0.489387
-0.0391461 0.217782 1.1241
0.121886 0.0249275 0.205505
-0.253505 0.140921 0.550775
0.236942 0.114618 0.398983
-0.198599 0.114855 0.378235
-0.118514 0.192752 0.89051
-0.294168 0.146335 0.580033
0.021936 0.19876 0.807905
-0.811211 0.372299 1.56929
0.027227 0.119846 0.841618
-0.160035 0.263277 1.21721
-0.279037 0.134266 0.569707
-0.0696234 0.234771 1.05419
-0.203834 0.226998 0.91486
-0.0616414 0.142213 0.890484
-0.313073 0.156637 0.872028
-0.309036 0.161492 0.816984
-0.100745 0.0363931 0.223045
-0.400033 0.274738 1.04463
-0.387324 0.209841 0.864939
-0.0695141 0.195797 1.0442
-0.32584 0.188879 0.854701
0.00614071 0.106995 0.729675
-0.0299488 0.182402 0.69963
2.59007e-06 3.94533e-05 0.000143264
-0.0265358 0.146486 0.557626
-0.0524692 0.167219 0.611495
-0.108831 0.183901 0.690623
-0.0348927 0.108526 0.434712
-0.317755 0.23119 1.05986
-0.265924 0.115415 0.496447
-0.0556094 0.146524 0.582833
-0.230267 0.192057 0.846902
-0.462489 0.229084 0.875622
0.0197529 0.0854138 0.654331
-0.00302847 0.264221 1.06034
-0.256518 0.146171 0.505977
-0.27702 0.161173 0.574235
-0.102665 0.245787 0.982208
-0.0529209 0.229523 0.93578
-0.0142865 0.195809 0.783293
-0.362932 0.210325 0.856324
-0.0822866 0.199623 0.754978
0.135395 0.171674 0.560405
-0.313844 0.227687 1.04014
-0.348275 0.192773 0.961158
-0.180451 0.217084 1.20584
-0.305077 0.214367 0.974055
-0.254739 0.129791 0.67606
0.0231138 0.219518 0.826963
-0.109225 0.136031 0.802419
-0.0362207 0.0144781 0.256669
-0.0305119 -0.0180656 0.0642164
0.0920753 -0.0107108 0.231836
0.0749308 -0.0671059 0.264717
0.0843583 0.0238387 0.154836
0.0719724 0.0182903 0.118508
0.105421 -0.0320565 0.270238
-0.0692456 0.0336289 0.215111
0.104075 -0.0265738 0.255845
0.0626412 -0.00213111 0.249696
0.0893642 0.0118637 0.258713
0.224377 0.109835 0.372694
-0.0137944 0.0195193 0.226098
-0.0205729 0.0779441 0.397336
-0.0164667 0.03699 0.262237
-0.12679 0.243505 0.977962
-0.117849 0.250602 1.02144
0.0952045 -0.0345144 0.213476
0.14447 0.0517146 0.20735
-0.0420108 0.0156215 0.260314
-0.052564 0.0437085 0.309728
-0.062056 -0.00429907 0.279768
0.0965071 -0.0569889 0.242413
0.165294 -0.0662879 0.217303
0.0933805 -0.0276955 0.242706
0.144335 0.0273788 0.207305
0.0194768 -0.0202579 0.238797
0.0562786 0.0386085 0.231037
-0.058292 0.0356623 0.25266
-0.0909464 0.0253651 0.189583
-0.106216 0.031586 0.216762
-0.015405 0.0454565 0.327254
0.0876158 -0.0292385 0.241448
0.0473899 0.0282797 0.234189
0.138536 0.0694199 0.280056
-0.0264796 0.101725 0.386415
-0.358258 0.19229 0.812474
-0.0394133 0.0169222 0.260233
0.0745882 -0.0271016 0.240677
0.101438 -0.0185994 0.243011
-0.0564226 0.0246348 0.242948
0.0989696 -0.0596128 0.247848
0.00671358 0.0223036 0.274552
0.0479692 -0.0105777 0.238582
0.0799013 -0.0148606 0.214015
0.0885838 -0.00631763 0.23407
0.109761 -0.000460241 0.233864
0.109982 -0.0218092 0.17063
0.108551 -0.0395486 0.238965
0.123176 0.0197167 0.207808
0.11116 -0.0300198 0.240987
0.120612 0.0211195 0.197954
-0.0074967 -0.00452865 0.251943
-0.0413183 -0.0134536 0.248542
0.0975942 0.0179863 0.141599
0.153425 0.0281831 0.211507
0.128067 0.0406513 0.263167
0.106311 -0.0287261 0.230619
0.11738 0.0572414 0.2476
-0.0620788 -0.09889 0.283328
0.0833685 0.0153169 0.241031
0.0397094 0.0645541 0.264964
0.12614 0.0403223 0.258702
0.153539 0.0377774 0.218559
0.146813 0.0273049 0.202612
0.106038 -0.00034524 0.225064
0.135643 -0.0262372 0.218643
0.011156 0.0374891 0.230831
-0.0563573 -0.0891919 0.255758
-0.0724463 0.0330446 0.213581
0.0492389 -0.00838976 0.242948
0.106514 -0.0291747 0.230827
0.0518913 -0.0515717 0.249611
0.0841299 0.0141977 0.225086
0.0730766 0.00889326 0.253505
0.152919 0.0286235 0.209939
0.119549 -0.0796389 0.249176
0.0410806 -0.0203463 0.230414
0.0804273 -0.0157498 0.247491
-0.143166 0.0680961 0.380643
-0.0891267 0.0237532 0.182976
-0.0154172 0.0142128 0.234889
0.0826184 -0.0788445 0.265705
0.235326 0.12345 0.409537
0.100335 0.0134569 0.249909
0.0912201 0.0144226 0.228645
-0.0962163 0.0217252 0.17785
-0.0912665 0.0259367 0.181499
-0.00714594 -0.00368673 0.22938
-0.077435 0.0318603 0.230073
0.0826744 -0.00800719 0.259437
0.118365 0.0620548 0.241452
0.124039 0.0648051 0.232356
0.143533 0.0354467 0.205222
0.0891208 0.0151693 0.222997
-0.0545932 -0.000289117 0.248775
-0.0845703 0.0347175 0.219143
0.0363947 0.202384 0.737322
-0.0909817 0.0219525 0.210404
0.164253 -0.0954407 0.320753
0.0879689 -0.0819209 0.27638
-0.111293 0.188873 0.919435
-0.0014961 0.140703 0.978971
-0.139261 0.183269 0.957258
0.0880514 0.000486319 0.223703
-0.0198743 0.168974 0.920608
-0.0691303 0.227521 0.918815
-0.233449 0.206695 0.999553
-0.0653083 0.0330309 0.22499
0.0685584 0.00823188 0.240982
0.168071 0.0687818 0.226981
0.0678051 0.0601108 0.249775
0.00285371 -0.0107472 0.13993
0.13552 0.0582278 0.194183
0.112486 -0.027889 0.241926
-0.0450122 -0.0578887 0.246533
0.0825831 -0.0650037 0.24511
0.0822431 -0.0639386 0.241886
0.0359594 0.188852 0.742489
0.0919816 -0.0249078 0.205108
-0.0451027 -0.0530038 0.272164
0.00346898 0.0336594 0.256446
0.108256 -0.0216506 0.23608
0.0286128 0.0705569 0.256326
0.178138 0.00622239 0.241168
-0.0297442 0.205975 0.964118
0.195948 0.096666 0.336954
-0.0702739 0.0244114 0.22411
0.0458985 -0.0408829 0.251779
0.0559019 0.0371283 0.237986
0.136272 0.0217973 0.227935
0.0261939 -0.0381751 0.511996
-0.0011764 0.245384 0.952156
-0.0641949 0.210347 0.848192
0.0221876 0.208855 0.775503
0.108981 -0.00963731 0.236112
-0.0195731 0.0276273 0.229402
0.0943133 0.0158448 0.254181
-0.00871244 0.170074 0.71891
-0.059793 0.0339102 0.244407
-0.0338758 0.180647 0.848688
-0.00690843 -0.0153824 0.23667
0.127787 0.0214472 0.190481
-0.00201695 0.0169353 0.232047
0.109462 -0.0397141 0.240015
0.118231 0.0420358 0.168583
0.194328 -0.00739932 0.267013
0.177888 -0.0337863 0.256338
0.163305 -0.0306917 0.225981
0.132195 0.0162809 0.192991
0.165245 -0.0311757 0.227694
0.13353 0.0229715 0.21975
0.138269 -0.0521611 0.178547
0.163619 -0.0763636 0.221372
0.127753 -0.047284 0.162782
0.161624 -0.0332437 0.245363
0.198872 -0.0367006 0.259577
0.196917 -0.0368817 0.26935
0.143811 0.00991611 0.213063
0.180343 0.00889367 0.241456
0.169605 -0.032072 0.235376
0.159487 0.0104156 0.23412
0.174772 -0.0319055 0.206184
0.152951 0.0254863 0.213285
-0.0727436 0.0307674 0.216704
-0.158015 0.240702 0.984904
-0.340295 0.20416 0.891138
-0.113262 0.200894 1.16159
-0.383774 0.21939 0.948404
0.0325358 0.0771694 0.284356
-0.114509 0.189707 1.17932
0.0654983 0.0260322 0.104329
-0.0673522 0.202099 0.933093
-0.0812514 0.226122 0.879065
0.0274356 0.215532 0.750392
0.148198 0.0518786 0.206711
-0.0934066 0.0224086 0.177653
0.0815677 -0.00411927 0.232171
-0.0631032 -0.0404887 0.141029
0.182963 0.0904128 0.331697
-0.00194457 0.0162081 0.230354
-0.0956614 0.0267397 0.219457
-0.101447 0.0195909 0.204888
-0.0483706 -0.0663795 0.275857
0.0891685 -0.0302184 0.270414
0.0544285 0.0266112 0.143637
0.135885 -0.0478977 0.190908
0.0785202 0.00531344 0.245298
-0.0593242 0.000375151 0.251673
0.111101 -0.0165672 0.274774
-0.0862188 0.02809 0.182845
-0.0672132 0.0425363 0.279044
-0.0767343 0.0352589 0.225869
0.153485 -0.0723351 0.210198
0.115579 0.0546898 0.188315
-0.0380963 0.0355729 0.223517
0.148993 0.0243225 0.203712
-0.0367341 -0.0331247 0.261273
0.104363 -0.0659448 0.263949
0.0927134 -1.66697e-05 0.233499
-0.0393507 -0.0320937 0.103337
-0.0497515 -0.057112 0.290105
0.0838137 0.0061361 0.259212
0.0885795 -0.0209343 0.241994
0.14049 -0.0609096 0.188692
0.122784 -0.0811007 0.256295
-0.0317369 0.0389809 0.308685
-0.0465999 0.0294026 0.197108
0.118561 0.0591499 0.23662
-0.024215 0.0331934 0.235842
-0.00679652 -0.00718861 0.205412
0.134822 -0.0209022 0.204993
0.11432 -0.0412104 0.163683
0.0995292 -0.000345799 0.211966
-0.0563145 0.0355724 0.226133
0.00619202 0.0389288 0.239014
0.0785446 -0.00854568 0.239186
0.145635 0.0207749 0.213314
-0.0878299 0.0286798 0.205309
0.128702 0.0187522 0.189356
0.110707 -0.0739262 0.231882
0.149718 0.0527843 0.215948
0.0854133 -0.00815031 0.189454
0.134061 -0.0634338 0.183357
-0.0633901 0.0211427 0.218842
-0.00985045 -0.0241601 0.23457
0.126677 0.0328594 0.258181
0.135043 -0.0457369 0.17996
0.155745 -0.0733234 0.209794
0.0639122 0.0195505 0.126426
-0.0473948 -0.0754405 0.265678
0.130316 0.0468082 0.186837
0.10219 -0.0194979 0.27272
-0.0290985 0.0428333 0.229421
0.0705143 0.0423283 0.259191
-0.0132817 0.0306809 0.191838
-0.0221608 0.0461233 0.266975
0.000779861 0.0169904 0.162545
0.123981 -0.010462 0.187692
-0.039772 0.0424937 0.253254
0.128741 0.0205378 0.216439
0.0723404 0.00449141 0.2515
-0.0355591 -0.0212222 0.0756844
0.140689 -0.0463676 0.18741
0.080341 0.00763271 0.235447
-0.00427817 0.223234 0.935487
-0.0413091 0.101208 0.561177
0.0233502 0.165636 0.836922
0.124597 0.0219173 0.205351
0.124481 0.176993 0.624506
0.0816567 -0.074336 0.255015
0.083921 0.0103172 0.230885
0.0157379 -0.0178388 0.224741
-0.0170009 0.0167925 0.28844
0.122531 -0.034024 0.182799
-0.0683728 0.032724 0.209089
0.160836 -0.0577073 0.200072
-0.0248843 -0.0179314 0.0600394
0.0939915 0.0181023 0.271006
-0.0643695 0.0301194 0.234043
-0.073775 0.0120517 0.155352
-0.0280697 0.0392005 0.274218
0.0495099 0.0754195 0.31201
-0.025076 0.0410915 0.297099
-0.0816576 0.027272 0.266793
-0.0530552 0.0506408 0.322079
0.0549662 -0.0140012 0.26946
-0.00690765 -0.00932117 0.0645825
-0.0826099 0.0347893 0.21358
-0.0848525 0.0161677 0.192468
0.133273 0.0744876 0.269622
0.0617533 -0.00671935 0.257494
0.0895408 0.0118212 0.25964
0.0541738 0.040484 0.250222
0.00450718 0.0349476 0.265834
-0.0721561 -0.0888174 0.266972
0.0661282 -0.0634357 0.209649
0.0835973 0.0200628 0.248946
0.0942523 -0.00202445 0.239533
0.147162 -0.0606375 0.185873
0.157252 -0.0643683 0.197081
0.143303 0.0241764 0.211597
0.0968178 -0.0283954 0.261811
-0.0138872 0.0190913 0.229748
-0.0492203 0.0368227 0.286976
0.116128 0.0606965 0.244391
0.114923 0.0613694 0.22053
0.122028 0.0637943 0.228926
0.0827562 0.0113487 0.241133
-0.0521331 -0.0035414 0.233768
0.0935475 -0.0213584 0.241007
-0.00681222 0.0127028 0.243979
0.111853 0.000399258 0.153307
-0.0560789 0.113462 0.653815
0.00907378 0.0561865 0.320707
0.0529048 0.0369912 0.238883
-0.0698612 0.0457661 0.260157
0.0798361 -0.0465307 0.19807
-0.0634884 0.0430058 0.252919
-0.368646 0.262577 1.14253
-0.184833 0.209527 0.776747
-0.320912 0.263051 1.02674
-0.0928556 0.0382291 0.240981
0.0102782 0.115538 0.415784
-0.0039883 0.118835 0.437841
0.122327 -0.000800926 0.183653
-0.00631426 0.13473 0.50243
-0.630826 0.313377 1.37439
0.11543 0.0021385 0.163764
-0.0435073 0.0967053 0.38631
0.122336 0.0174876 0.17001
0.108457 0.0590763 0.221312
0.000496682 0.101745 0.353976
0.116114 0.0101147 0.164232
-0.0682228 0.113465 0.423045
-0.0839432 0.125833 0.524386
0.010366 0.0533164 0.324068
0.131256 0.0252886 0.183223
0.132657 0.00414298 0.179293
0.124371 -0.00601851 0.173717
0.112997 -0.0076578 0.170228
0.00413217 0.0818624 0.352365
-0.0576675 0.111429 0.57449
0.107058 0.0615829 0.202493
0.00515386 0.0777193 0.393181
0.117534 0.00870486 0.169715
-0.0642024 0.0945815 0.507982
-0.141209 0.19496 0.837843
0.115581 0.0062067 0.164663
0.129161 0.0118614 0.191117
-0.00448509 0.111368 0.430403
0.101557 0.0257827 0.210445
-0.0067812 0.0607556 0.265394
-0.126628 0.160432 0.725117
-0.104172 0.0483748 0.232814
-0.0173871 0.0115966 0.16816
-0.0207413 0.0138141 0.192346
-0.0706064 -0.0432002 0.148494
0.0713589 -0.053883 0.198811
0.0691111 0.0641476 0.405788
0.117752 -0.023852 0.192306
0.101754 0.0299116 0.194305
-0.0851304 0.0243362 0.200865
-0.0223347 -0.0167436 0.129241
-0.0924706 0.0174335 0.185505
0.119102 -0.0404762 0.16246
0.115423 0.0232365 0.194767
0.0178176 0.0245657 0.152175
0.141443 -0.0612472 0.18458
0.109921 0.00902126 0.230363
-0.0615613 1.64335e-05 0.282451
-0.0666434 -0.0704155 0.218957
-0.00598011 0.00502397 0.0375938
-0.0754816 0.0366907 0.238271
0.00263803 -0.0149173 0.035351
0.04074 0.0195124 0.205395
0.0831941 -0.017292 0.254612
0.0118623 -0.0115731 0.141941
-0.0375907 -0.0363568 0.111785
-0.00609657 -0.000273611 0.259144
0.104349 0.0363708 0.213605
0.00154856 -0.00723094 0.098085
0.138926 -0.051367 0.187708
0.0595926 0.0322663 0.172204
0.153491 -0.0569707 0.206557
0.138879 0.0171367 0.210615
0.0990047 -0.0335262 0.270939
0.0796495 0.0381902 0.203254
0.0483729 -0.0232234 0.262298
-0.0725676 0.0134539 0.145014
-0.044321 0.0497395 0.329474
-0.0671107 0.0185174 0.111245
-0.0935893 0.021162 0.154916
0.0614663 0.0390306 0.221837
-0.0787553 0.0216597 0.132558
-0.0903785 0.0272807 0.152508
-0.0724744 0.0330584 0.204093
0.0528593 -0.0561367 0.194007
0.11084 0.0498088 0.234454
-0.0798257 0.0161212 0.136001
-0.10779 0.0274162 0.203325
-0.0589785 0.0228908 0.236582
-0.0496317 0.0292312 0.192775
0.118899 -0.0441994 0.164146
-0.0879883 0.0305962 0.284193
-0.0731569 0.0369841 0.25556
0.141612 -0.0477845 0.189208
0.0850091 0.0192734 0.249563
-0.0469663 -0.067242 0.264945
-0.0383939 -0.0352709 0.110523
0.0677388 0.0347666 0.183799
0.0882134 -0.0468881 0.329318
-0.0837956 0.0159464 0.196965
-0.0325211 -0.0178059 0.215383
0.0928427 0.0177445 0.225311
-0.0146725 0.0277322 0.230369
-0.117216 0.0277473 0.22171
-0.102926 0.0217657 0.175792
0.0793638 -0.0140484 0.19453
-0.0446465 -0.0325026 0.106399
-0.0897593 0.0204451 0.202527
0.0958763 -0.023843 0.235196
0.00106568 -0.0165402 0.226277
0.00757391 -0.0107592 0.14594
-0.0462218 -0.00120936 0.196035
0.005481 0.0459818 0.332853
0.0909134 -0.0126305 0.271907
0.0761235 0.00470185 0.267918
0.0750797 0.0060688 0.261693
0.0599651 -0.00566529 0.251397
0.0948958 -0.00373442 0.241896
0.0707709 0.0447094 0.255674
-0.0468183 -0.0334583 0.107287
-0.0887382 -0.00851877 0.126074
-0.099231 0.0206645 0.135784
-0.0334771 0.0122468 0.20491
-0.0212471 -0.0264237 0.182441
-0.0176054 0.01237 0.172747
-0.0293453 0.0377487 0.209308
0.106739 0.0542461 0.220884
-0.00711583 0.119071 0.543258
-0.00743106 0.056132 0.319746
-0.0143744 0.042263 0.194564
-0.0850179 0.050608 0.235279
-0.0746893 0.0346031 0.169238
0.071646 0.00965768 0.109671
-0.0692207 0.0533363 0.282334
-0.0785184 0.0370465 0.228016
0.102065 -0.00651197 0.15286
-0.00735883 0.0654137 0.281384
-0.0740418 0.0312104 0.192972
0.106821 -0.00178909 0.157588
-0.00718369 0.0432727 0.164844
0.105343 0.00542192 0.155351
0.117423 -0.00771498 0.167777
0.115503 -0.022433 0.251979
0.0906985 -0.0199339 0.246543
0.13387 0.0714385 0.281479
0.116912 0.00955045 0.17445
0.1319 0.00729287 0.194503
-0.0705729 0.0323148 0.157145
0.116325 -0.00536296 0.171607
0.134121 0.00114371 0.196856
0.122376 0.00681269 0.180305
-0.0082003 0.0744345 0.293458
0.00855634 0.113235 0.423173
0.113619 0.00988856 0.163289
0.00772155 0.126325 0.450192
0.126657 0.0221806 0.17421
-0.0172684 0.0124126 0.190477
0.0646148 -0.00259897 0.260879
0.101621 -0.0262372 0.262165
-0.0177437 0.0131936 0.11532
0.0237342 -0.0171559 0.0545523
-0.0462778 -0.0400253 0.286533
0.0232591 -0.0167992 0.0532818
-0.0812363 -0.00683687 0.135158
-0.0846875 0.0228571 0.136131
-0.0909732 0.021208 0.149126
-0.0595955 -0.00107182 0.266207
0.105729 0.01086 0.221061
-0.0103491 0.032142 0.172809
0.078727 -0.0113448 0.199429
0.0680247 -0.0037213 0.178412
-0.0809676 0.0223583 0.136008
-0.0193012 0.0339335 0.222832
-0.0118972 0.0430596 0.25165
-0.0133991 0.0269245 0.155897
0.109798 -0.00747843 0.165425
-0.00353944 0.00360195 0.0206814
0.00578934 0.0494649 0.250741
0.0593608 0.00438891 0.21086
0.00534966 0.0390634 0.218427
0.00749195 0.043396 0.265433
-0.0232849 0.0144963 0.0617351
0.0112286 -0.0169381 0.13745
-0.0258067 0.0168156 0.0717855
-0.0184683 0.0210077 0.106141
0.106985 0.0115343 0.267867
0.0596246 0.0304669 0.130866
-0.0105687 0.0197091 0.0794628
-0.0175034 0.0211855 0.110577
0.00237184 0.0220644 0.0951658
0.00191161 0.0198525 0.0872136
0.107335 -0.00413653 0.153871
0.117211 0.00861574 0.168844
0.026701 0.0316055 0.10892
0.111277 -0.00570949 0.155281
0.0992498 -0.00221328 0.148073
-0.0171698 0.0284781 0.199015
-0.0316644 0.0332455 0.169909
-0.0382693 0.0373325 0.195464
0.0961244 0.032613 0.198713
-0.000798755 0.0173892 0.0814022
-0.0228467 0.0122078 0.0559415
-0.00231885 0.0137429 0.0784255
0.0144146 -0.0152136 0.187554
-0.0662338 0.0124679 0.107858
-0.0282292 -0.0231497 0.16145
0.053023 0.0242197 0.131362
0.117962 0.0234324 0.169391
0.110119 0.00980463 0.157639
0.103379 0.00103077 0.146294
0.121069 0.0189546 0.178175
-0.0226777 0.0310544 0.260534
0.0949883 -0.00622783 0.135887
0.111141 -0.0268511 0.293397
0.150594 0.00627042 0.213502
0.115073 0.00346594 0.163038
0.124809 0.00714897 0.183189
-0.0531619 0.0338196 0.12924
0.124926 0.000815483 0.183371
0.116609 0.00109815 0.171249
0.102933 0.0343759 0.216235
0.13073 0.0014253 0.181223
0.103443 -0.00455793 0.144544
0.133382 -0.00503356 0.186409
0.141135 0.0724653 0.289534
-0.00232546 0.00234578 0.0153612
-0.00808187 0.0215873 0.112069
-0.009869 0.0229491 0.111265
-0.011091 0.0235221 0.138066
-0.00229632 0.0228939 0.0992705
-0.0167637 -0.0257342 0.174625
0.057745 -0.00978303 0.159497
-0.0206915 0.0244416 0.195179
0.0933739 0.0110232 0.257569
0.0714959 -0.0759693 0.268234
-0.0794061 0.0330665 0.243872
-0.0659252 0.0247712 0.203918
-0.0311233 -0.0266988 0.0831079
0.0741952 0.0567371 0.312826
0.0853288 -0.0146474 0.259932
-0.0579667 -0.00308278 0.241665
0.0869861 -0.0232246 0.238173
0.0996902 -0.0196395 0.253163
0.0803179 0.00643099 0.233819
-0.0372898 -0.0259991 0.0853934
-0.0870558 0.0249328 0.176482
0.00355864 -0.0120467 0.171487
-0.0979852 0.028674 0.147705
-0.0712802 0.0155543 0.115936
-0.0981407 0.0314584 0.160074
-0.0484984 0.0295843 0.192802
-0.0101975 0.0148101 0.0795609
0.0668379 -0.0390648 0.130195
-0.0168317 0.017021 0.0714595
0.00141369 0.0233309 0.087433
-0.0176879 0.0204259 0.106385
-0.000486256 0.0201697 0.0949534
0.0844309 -0.00908928 0.205023
0.0372366 -0.0408331 0.190433
0.0896149 -0.021253 0.229381
-0.0932947 0.0251136 0.150987
-0.0906588 0.0214302 0.145408
0.0797492 0.0268317 0.16413
-0.0543247 0.0365891 0.20725
-0.0946147 0.0274343 0.156382
-0.0723049 0.0159986 0.13668
0.0231596 0.00452001 0.0314541
0.0178243 0.00459514 0.0248841
0.00606672 0.0355241 0.218429
0.0149898 0.00441626 0.0314731
-0.0790312 0.0190929 0.1376
-0.0817794 0.0169583 0.138115
0.140468 -0.047759 0.196844
-0.0411999 -0.0450666 0.238394
-0.00205721 -0.00356968 0.0177
-0.000693369 0.00104792 0.0110844
-0.0126794 0.00708394 0.0403025
0.0385449 0.0291647 0.185004
-0.0883481 0.026819 0.201511
0.0847416 -0.0322817 0.273987
0.0855803 -0.0194356 0.258178
-0.00864818 -0.0154154 0.220088
0.071943 -0.0205611 0.189216
0.0935565 -0.0861384 0.293592
-0.0354397 -0.05048 0.208675
-0.0567659 0.021219 0.234139
-0.0529077 -0.0961943 0.289387
0.104796 -0.0137669 0.263988
0.0715416 0.0427993 0.256575
0.0918728 0.0138012 0.230583
0.0713873 -0.0375488 0.272672
0.106069 -0.0103664 0.231976
0.104619 -0.0108394 0.248736
-0.0909756 0.0306941 0.181343
-0.0819726 -0.0621811 0.207797
-0.0603481 0.0185293 0.106798
0.0475676 0.010735 0.242297
-0.0664358 -0.064035 0.204906
-0.106969 -0.00803902 0.147317
-0.0154642 0.00812287 0.0441787
0.0116385 0.00284318 0.0185019
0.0380744 0.0202862 0.079088
-0.0350705 -0.0128221 0.198217
-0.0748058 0.0169911 0.136404
-0.055282 0.0258345 0.160348
0.0119541 0.0368734 0.230453
-0.00288075 0.000829419 0.00571029
-0.00300578 0.0155604 0.0823804
-0.0403104 0.0162915 0.102503
-0.00829786 0.0167603 0.0816425
-0.0255046 0.0154636 0.0678634
-0.0118028 0.0163991 0.0770749
-0.0232187 0.0132722 0.0617594
-0.0138928 0.0161122 0.0724771
-0.00250764 0.0173805 0.0754779
-0.00691097 0.0177574 0.0809344
-0.0292011 -0.0295986 0.0911845
-0.0268298 0.012659 0.0540155
-0.00656254 0.00269154 0.012562
-0.0274398 -0.0214194 0.0673557
-0.0279055 -0.0211536 0.0674333
-0.0610263 0.00975824 0.127397
-0.0457791 -0.0345254 0.110411
-0.0431285 -0.0344493 0.110055
0.04144 -0.00726554 0.063363
0.00819849 0.00425409 0.0166762
0.0178521 0.00235912 0.0280346
-0.00870927 0.00615014 0.0532848
0.107681 0.0191352 0.176138
0.0760603 -0.074193 0.250945
-0.0472024 0.0150536 0.161757
0.0339626 -0.00630766 0.0517268
0.129815 -0.0250655 0.210516
0.0276274 0.00447091 0.0403857
0.0266256 0.00431367 0.0390035
0.00953424 0.00313039 0.0193577
0.0426042 -0.0385081 0.236624
-0.0287465 0.00812304 0.0521057
-0.00707009 0.0066857 0.044543
0.0874127 -0.0290099 0.243746
0.117855 0.0339017 0.248029
-0.0339341 -0.0278633 0.0866659
0.000489714 0.00726932 0.0478242
0.0647161 -0.00174009 0.256103
0.101118 0.000928053 0.214321
0.0482815 -0.0162169 0.136835
-0.0452868 -0.0343897 0.267095
-0.14001 -0.145048 0.460863
0.100863 0.042553 0.221253
-0.00368054 0.00265214 0.014355
0.0689008 -0.0407904 0.138087
0.00708379 0.0348678 0.215087
-0.056525 -0.00287588 0.24125
-0.00421428 0.00283051 0.0204416
-0.0429884 0.0143061 0.265003
-0.000845726 -0.00797136 0.0483974
0.0623535 0.0437595 0.257162
-0.00326517 0.0170088 0.0947995
0.00220221 0.025987 0.113259
0.0897264 -0.0147863 0.233932
-0.04663 -0.0544301 0.270918
-0.0215063 -0.0136601 0.0469446
-0.00277416 0.0181135 0.0741025
0.0906617 -0.0569825 0.228208
0.0684634 0.041521 0.179527
-0.0262247 0.00992306 0.107289
0.0969317 -0.0231755 0.245115
0.0657886 -0.0248254 0.215126
-0.0720467 -0.0069655 0.1003
-0.0421584 -0.0483493 0.233288
0.0936801 0.0159919 0.241269
-0.0177783 0.00854588 0.067676
-0.00994605 0.002979 0.0153676
-0.018966 -0.00771548 0.0301981
0.0480252 0.0367382 0.235134
0.0714225 0.0155541 0.102103
-0.059487 0.0150533 0.105366
0.0166929 0.00407922 0.034086
0.107159 -0.036616 0.295007
0.0248139 0.00450786 0.036475
0.0128426 -0.00155249 0.0322925
0.0261265 0.0045504 0.0428854
0.00400323 0.00208266 0.0144832
0.17955 -0.0626078 0.249629
0.12107 -0.0283507 0.26178
0.123688 -0.0576555 0.170102
-0.0441692 -0.0497444 0.147001
-0.0044391 0.00120648 0.00742749
-0.0381958 0.0130848 0.118214
-0.0315718 -0.0435826 0.17815
-0.0782767 0.0230862 0.158551
-0.0782218 -0.0466342 0.162763
-0.00350363 -0.00166948 0.0111366
-0.0791906 -0.00778512 0.0708635
-0.0734572 -0.00723358 0.0660388
-0.0874155 -0.0494252 0.176361
-0.0796486 -0.0077997 0.0713587
-0.043208 -0.0410545 0.125606
-0.029211 -0.00100153 0.0267833
-0.00298672 -0.00127235 -0.00389952
-0.0257447 0.00335869 0.0275674
-0.0190795 -0.00461305 0.0137267
-0.017566 0.00124038 0.0209985
-0.0436462 -0.0151968 0.0315778
-0.0231109 -0.00339786 0.0263426
-0.020157 -0.00146023 0.0200956
-0.00863047 0.00257229 0.0110869
-0.00110049 -0.00135564 -0.0045115
-0.0263877 0.00442282 0.028827
-0.027254 -0.00593254 0.023105
-0.0145076 0.00192035 0.0166493
-0.00411755 0.00129132 0.00563662
-0.0494493 -0.0290957 0.286698
-0.023278 -0.0339048 0.131299
-0.113168 0.00578428 0.155456
-0.108127 -0.0327382 0.150342
-0.108931 0.0126296 0.145549
-0.0959316 0.027705 0.144842
-0.107733 0.013896 0.147808
-0.118247 0.0240327 0.154726
-0.100491 0.0400529 0.160567
-0.114416 -0.00867136 0.158517
-0.109967 0.0238408 0.15262
-0.119303 0.00476469 0.163069
-0.0992903 0.0306724 0.163592
-0.0848052 -0.00547437 0.140465
-0.067866 0.0308272 0.18427
-0.00645121 0.0116636 0.0461369
-0.100044 0.0326748 0.195032
0.000866314 0.0111191 0.0485984
-0.000719932 0.0130611 0.0505252
-0.100004 0.011594 0.133327
-0.0987138 0.0219892 0.134096
0.0711507 -0.0123688 0.194133
0.111348 -0.0297112 0.239585
-0.0590403 0.0212125 0.128899
0.0160845 0.00418093 0.0327952
0.0250574 0.00436339 0.0338184
-0.0868343 0.0217271 0.138481
-0.0782567 0.0205761 0.132626
-0.0745868 0.0229053 0.126824
0.102183 -0.0312279 0.263658
-0.0475924 -0.0790444 0.263378
-0.00266156 -0.00333991 0.00978209
-0.036151 0.0141763 0.103334
-0.0474436 0.0207879 0.141036
0.0642763 -0.0488537 0.18071
0.0623784 -0.0220352 0.0862731
0.00773784 0.0293387 0.236057
-0.00216905 -0.00260553 0.0438794
0.0873499 -0.0224955 0.239483
0.0237505 0.00412991 0.0321234
0.0162639 0.00426231 0.0260361
-0.00128691 -2.61741e-05 0.00526251
-0.0467186 -0.0340872 0.109725
-0.042614 -0.0484181 0.144372
0.0550414 0.0228083 0.121399
0.0507983 0.00735033 0.258583
-0.0851173 0.0232035 0.183011
-0.00751238 0.00309618 0.0152051
0.0859583 0.0166792 0.125036
-0.00683292 -0.00372757 0.0192134
0.0127339 -0.0377177 0.100765
-0.00758455 -0.000719261 -0.000446343
0.111353 0.0165066 0.160781
-0.0591217 -0.0434886 0.142522
-0.0475525 -0.0164174 0.0349444
-0.00803677 -0.000402657 -0.00143993
0.0756473 -0.0251471 0.218424
-0.0118768 0.00415723 0.0375183
0.000115585 -0.00346481 0.018613
0.0130421 0.00383565 0.0233438
0.0430033 0.00795877 0.0603028
-0.033129 -0.0489816 0.138434
0.0593681 0.0214604 0.125455
-0.00310736 0.00190916 0.00789483
0.0416891 -0.0390665 0.132127
0.144564 -0.0491529 0.178413
0.0916827 -0.000182015 0.195414
-0.00205684 -0.0446906 0.136239
0.0574582 -0.0108005 0.233576
0.0220857 0.00433678 0.0299662
0.0227137 0.00399905 0.0312813
0.0929691 -0.0131045 0.201934
0.104396 -0.0236415 0.269236
0.0969437 -0.0309974 0.245995
0.0156833 -0.0132508 0.141751
-0.00485701 0.00827387 0.147049
0.00320712 0.0124328 0.160408
0.0712009 -0.0120435 0.194998
-0.0876075 0.00354772 0.110797
-0.0070088 -0.00416087 0.198735
-0.0752418 0.0251746 0.116908
-0.00339638 0.0145104 0.204835
0.0837856 0.0112469 0.243437
0.0204561 -0.0147822 0.18317
0.028418 -0.0738914 0.672217
-0.0704305 0.0134356 0.0895659
0.0146138 -0.00530141 0.0196794
0.0445209 -0.00865445 0.0639822
-0.0790346 0.0172599 0.129947
-0.0812298 0.0370667 0.134229
-0.0546544 -0.0390576 0.128187
-0.0660739 0.0167681 0.117969
-0.0373555 -0.0487794 0.145372
0.0623884 -0.00203465 0.249018
-0.101259 0.0250908 0.160214
-0.0950634 0.0270301 0.149758
-0.0982284 0.0116101 0.130963
-0.0412464 -0.0201589 0.23581
-0.104361 0.0131783 0.134512
-0.0883327 0.0284133 0.147286
0.131396 0.0687626 0.265699
0.103724 -0.00856936 0.244824
-0.0742262 -0.0384337 0.142121
-0.0831805 0.0222819 0.142057
0.130625 -0.0439793 0.18299
-0.0794355 0.0190754 0.135848
-0.0745826 0.0233279 0.123883
-0.0793747 0.0241065 0.126612
-0.040522 -0.0039962 0.0651461
-0.0579143 0.01886 0.134214
-0.0527392 -0.0442112 0.144034
-0.0829407 0.026386 0.139413
0.0504766 -0.0518657 0.246842
0.00778772 0.0401908 0.235238
-0.00237701 0.0025782 0.0190118
-0.0845251 -0.0572951 0.195604
0.0540598 0.0417676 0.230809
-0.00878679 -0.0154297 0.20874
-0.00319584 -0.000170469 0.0111226
-0.0321691 0.00989926 0.114516
-0.0368715 -0.0412037 0.124708
-0.0011394 0.00497614 0.0209557
-0.00116863 -0.00191865 -0.00434318
0.0111131 -0.000480159 0.0367386
-0.0434537 0.019965 0.116063
0.0849177 -0.0338513 0.108757
-0.0361566 0.013872 0.117783
0.106133 -0.0656326 0.263459
0.11064 -0.0296679 0.294841
-0.0471911 0.0195599 0.120691
-0.0777979 0.0267177 0.131591
-0.0757781 0.0204646 0.129343
-0.072807 0.0156264 0.132745
-0.0807043 0.0329988 0.130572
-0.0629209 -0.0409454 0.136467
-0.00267421 0.000910728 0.0049656
0.0984742 -0.00252314 0.209532
-0.0758857 0.0206005 0.129588
0.0791438 -0.00689586 0.204342
0.116727 -0.0355428 0.156283
0.092575 -0.0334271 0.20698
-0.0542358 -0.0600162 0.180819
0.131746 -0.032726 0.32418
-0.00192511 -0.00327832 0.0257807
-0.00408857 8.31296e-05 0.00869128
0.0541015 -0.0531879 0.186219
-0.00535467 0.000646751 0.00518986
0.092426 -0.0145404 0.145231
0.127518 -0.0520261 0.161988
-0.00466063 0.00565165 0.0390673
0.125062 -0.0526721 0.169102
0.0212227 0.00416588 0.0287079
-0.0123082 0.00700373 0.0319227
0.100895 -0.0596286 0.253209
-0.0828292 0.0216433 0.131425
0.0712367 -0.00444034 0.0870186
-0.00487455 0.0151314 0.263643
-0.0661517 0.0263791 0.221784
0.0522605 0.0362428 0.235613
-0.00268321 0.0023265 0.0214177
0.0583661 -0.0237632 0.0763866
0.064601 0.0012932 0.0968527
0.0490946 -0.0548172 0.190689
0.0235409 -0.0018886 0.0352014
-0.0129065 -0.00761975 0.0315585
-0.0735197 0.0307688 0.22454
-0.00148617 -0.00151131 0.00372086
-0.00827186 0.00207771 0.0118767
0.00796397 0.00393265 0.0255838
0.042511 0.0161173 0.0910671
0.0630845 0.0120206 0.0956475
0.0533987 0.00556033 0.0795014
0.113986 -0.0357706 0.156494
0.0825825 -0.0331253 0.105716
-0.000984736 -6.07982e-05 0.00415512
0.0983544 -0.0610416 0.244569
0.0952148 0.0232189 0.198506
0.0544808 0.0282716 0.119048
-0.0389724 -0.0226082 0.255267
-0.0432013 -0.0415886 0.301048
-0.0374278 0.0185143 0.155436
0.0166989 0.0042095 0.02318
-0.00412671 0.00332404 0.0147055
-0.0576331 0.0231916 0.126001
0.023067 0.00457274 0.0328463
-0.00607881 0.00218863 0.013627
-0.0619595 0.0264252 0.274844
-0.0299727 -0.0365563 0.165632
-0.0395165 0.0205528 0.177947
0.0894465 -0.0303489 0.123161
-0.0537916 0.0244712 0.145763
-0.0488507 -0.0843431 0.270048
0.104061 -0.00127094 0.224217
0.140825 0.0160328 0.206672
0.045823 -0.0160366 0.057802
0.0404784 0.00761888 0.0595074
-0.0212091 -0.0127553 0.122168
0.110082 -0.0342503 0.147228
0.0146397 -0.00530841 0.0197044
-0.0734538 0.0158103 0.127127
-0.094957 0.0344959 0.145919
0.104795 -0.0190972 0.248916
-0.0802672 0.0048894 0.136001
-0.0862042 0.00332736 0.146511
-0.0778289 0.0237301 0.132792
-0.0905074 0.0206529 0.144755
-0.102331 0.0337582 0.158874
-0.0951725 0.026914 0.150556
-0.0251826 0.00860581 0.100179
-0.0522638 0.0164101 0.18186
0.0998748 -0.0320967 0.251907
0.000601904 0.00377979 0.0249021
-0.0447216 0.0075837 0.0426975
-0.0445434 -0.00403784 0.0574898
0.0334271 0.0355953 0.224823
0.00419629 0.020741 0.209418
-0.144718 -0.131353 0.427478
0.0256051 0.00473329 0.0377183
-0.0558018 -0.0477845 0.15016
0.0436273 0.00230359 0.0654544
0.088699 -0.0518681 0.222415
-0.00263964 -0.00330517 0.00958051
0.0254315 0.00250145 0.0374408
0.0973333 -0.00201161 0.207482
-0.0582805 0.0119253 0.10439
0.0518151 -0.0570247 0.197967
-0.000598734 0.000700578 0.0244741
-0.107769 -0.0224064 0.172678
0.000585556 5.77972e-05 0.00182433
-0.0955896 -0.0199901 0.152918
0.0382765 -0.0429794 0.14672
0.0152682 -0.0225675 0.179984
-0.0805343 0.023945 0.132717
-0.0279812 -0.0385043 0.109361
-0.0387443 -0.0420818 0.128766
0.0879405 -0.00519144 0.225126
-0.05061 0.0186762 0.159182
-0.0518104 0.0190338 0.163816
0.00984922 0.00246084 0.0158414
4.50651e-05 -0.00225526 -0.00381132
0.00119431 -0.000947985 0.00573579
0.101862 -0.0367726 0.228547
-0.00485923 0.00115379 0.0091799
-0.00496338 -0.0126254 0.0642066
-0.00374138 -0.000863052 -0.00160097
-0.000356639 -0.00173401 -0.0051479
0.00341648 -0.00605049 0.0529815
-0.00115753 -0.00177267 -0.00585448
-0.00262905 -0.00122121 -0.00335404
0.00482171 -0.0107929 0.0388313
-0.00374139 -0.000857955 -0.00160444
-0.000729522 -0.00150844 -0.00544085
0.0943887 -0.0171809 0.151153
-0.0250722 0.0112067 0.108596
-0.0036967 0.00207025 0.0143188
0.0881272 0.0474972 0.186727
0.0792958 -0.0170125 0.210295
-0.0492052 0.0209153 0.128592
-0.0548695 0.0169366 0.128257
0.0588833 0.0378507 0.206668
0.0113356 -0.085145 0.523593
0.0932417 -0.0214296 0.237927
0.0444906 0.0338946 0.211134
0.035831 0.0129773 0.0761623
-0.0146058 0.00462914 0.0555052
-0.0850446 0.0211962 0.136894
-0.0798761 0.017557 0.138789
0.115495 0.0189595 0.196022
-0.0385565 0.014211 0.0778002
-0.00134823 -0.000123753 0.00189589
-0.0821829 0.025706 0.133237
-0.0148576 -0.0015635 0.0173538
-0.0189158 -0.00313724 0.0221092
-0.0174112 -0.00243734 0.0212406
-0.0161753 -0.00422864 0.0171668
-0.0419261 -0.0229184 0.246581
-0.0856908 0.0366624 0.135778
-0.0461887 -0.0117668 0.0329268
0.0785818 -0.0017223 0.229533
-0.00780882 0.00813748 0.0805736
-0.0350885 0.0200572 0.14273
0.0824447 0.0151237 0.238879
0.082708 -0.0128842 0.248287
-0.00259836 -0.00116462 -0.00166454
-0.00126309 0.00304918 0.0201514
-0.00988978 -0.0159574 0.0401938
-0.00296166 -0.00280449 0.0153632
-0.0079847 -2.41151e-05 0.00885497
0.0026341 -0.00545461 0.0467388
-0.0399187 -0.0139579 0.0281913
-0.0080544 0.00229248 0.00988247
-0.0541368 0.00571113 0.0304434
-0.0201464 -0.00317224 0.0221359
-0.00192531 -0.000123503 0.00340722
-0.00491875 -0.00120941 -0.00211961
-0.00053536 0.00332856 0.0174418
-0.0378963 -0.0165143 0.0284158
-0.0051116 -0.00118049 -0.00189695
-0.0121793 0.00230648 0.0148048
0.0148541 0.0193742 0.122112
0.123282 -0.0536924 0.148246
-0.0215444 0.0142943 0.189615
0.038978 -0.00136438 0.0581483
0.24657 -0.112771 0.254559
0.0431567 -0.0195363 0.053584
-0.00585428 -0.0153285 0.25994
0.0412616 -0.00139693 0.0617758
-0.000727639 -0.0016185 -0.00603522
0.0763935 0.0210582 0.112269
0.0464126 0.00783019 0.0685506
0.0721054 0.0200609 0.106316
0.0239328 0.031439 0.197604
0.00228305 0.00608372 0.0229771
-0.0130087 0.0112762 0.180196
-0.0141958 0.00867016 0.120586
-0.000325246 -0.000375898 0.00202576
-0.00570667 0.00168817 0.007503
-0.0412103 -0.0630116 0.219909
-0.0716652 -0.0134192 0.0679381
-0.0136635 0.0179245 0.177119
-0.0113771 0.0157797 0.14324
-0.0735603 0.0237155 0.156527
-0.0300131 -0.0471589 0.133807
-0.0398666 0.016614 0.117852
-0.0464093 -0.0416633 0.129723
-0.00863268 -0.0124733 0.0389916
-0.0592642 -0.0397881 0.136728
-0.046742 -0.0291918 0.275336
-0.0815848 0.034787 0.12899
-0.0254826 -0.0102448 0.0411587
2.01123e-05 0.00253864 0.0143091
0.00791294 0.00506595 0.0293681
0.00197454 0.0148535 0.144352
-0.039238 -0.00468814 0.235252
0.082672 0.0226408 0.172153
0.0324864 0.0129591 0.0691019
0.0238438 0.0124014 0.0488691
0.0361199 0.0245119 0.157577
-0.00367094 0.00259217 0.0142591
0.0223006 0.00915629 0.0477727
-0.0174323 -0.0030867 0.019892
-0.00298907 -0.00127142 -0.00388528
-0.00346668 -0.00185378 -0.00293777
-0.0132201 -0.00268485 0.0120396
-0.00962442 5.50655e-05 0.00797046
-0.028718 0.00199347 0.0125103
-0.0164238 -0.00427207 0.0172924
-0.00613668 0.00335087 0.0166515
-0.0446501 -0.0137669 0.0324602
-0.0445393 -0.00220733 0.195779
-0.00133933 -0.00264216 -0.00211666
-0.0404793 -0.00889379 0.0307792
-0.00595837 -0.000610096 0.00525898
-0.00807169 -0.000430724 0.00588302
-0.00986121 0.00706032 0.0302729
-0.0810456 -0.0471528 0.165932
0.00115039 0.0060916 0.0406867
0.0186258 -0.0386109 0.542779
-0.0206004 -0.0231664 0.0635933
-0.0443926 0.020398 0.128373
-0.00785478 0.00372885 0.0134611
-0.00789558 0.00934262 0.191895
-0.00193956 0.00109616 0.00967853
-0.0508351 -0.0436952 0.136074
-0.00863873 -0.00961292 0.0398268
-0.000574473 -0.00159677 -0.000350885
-0.0327225 0.01089 0.0300723
-0.0660572 0.0168861 0.15014
-0.0259655 0.00812715 0.0955128
-0.0152522 -0.00131944 0.0134035
-0.0126057 -0.00261223 0.0112191
-0.0132713 -0.00270809 0.0120147
-0.0103075 -0.00309323 0.00793033
-0.037953 -0.0601397 0.420722
-0.0535774 0.0116079 0.125342
0.0906876 -0.0325606 0.19989
0.00755851 0.0107188 0.0702994
0.10852 -0.0356969 0.152514
-0.0165172 -0.00044756 0.0585276
0.0470544 0.0130838 0.0771458
0.027443 0.00703156 0.0410793
0.0880376 0.0155478 0.14753
0.0661228 0.0354114 0.135405
0.00836686 0.00863558 0.0302343
0.0608245 -0.0305694 0.228027
0.0152202 -2.85086e-06 0.0471919
-0.0636302 0.0136137 0.150661
0.0426225 -0.0411231 0.136025
0.0371016 -0.0100487 0.0798615
0.00096584 -0.0659134 0.411629
0.0727549 0.00454272 0.244211
0.0612242 -0.00244162 0.0828308
-0.0857512 -0.0452539 0.161802
0.0459402 0.00607064 0.0670154
-0.0247563 -0.0100822 0.147997
0.0157768 -0.0181239 0.0525402
-0.00289393 -0.00219528 -0.00496922
0.0841656 0.0365589 0.197723
-0.00352868 0.00194735 0.0123042
0.069455 -0.0463109 0.14706
0.0331376 0.00477174 0.0542684
-0.0105139 -0.00996097 0.0256758
-0.0367077 -0.0628072 0.191464
0.0525325 -0.0360007 0.256134
-0.00841188 -0.00179854 0.0283765
0.000130835 0.000500144 0.00339626
0.129181 -0.0398235 0.131857
-0.00840698 -0.00184623 0.0284293
-0.00565982 0.00181603 0.0143075
0.0102082 0.0350544 0.215092
0.150436 -0.0479309 0.153953
0.0946763 0.0174114 0.231138
-0.0084052 -0.00183369 0.0284266
0.190311 -0.0895912 0.190776
0.0525992 -0.0342072 0.118058
0.0880233 0.027332 0.191595
-0.00350931 0.0038221 0.0160098
0.137948 -0.0435125 0.140114
0.00576385 0.00824175 0.052769
0.00868322 0.00238768 0.0147326
0.086148 0.00725968 0.297262
0.0347433 -0.013004 0.0923863
-0.00753918 0.0133558 0.247902
0.092614 -0.0259542 0.203269
-0.0528658 0.0246831 0.153983
0.0535057 -0.0178653 0.0707435
0.122469 -0.0429867 0.171761
0.137448 -0.0467544 0.191959
-0.0210746 -0.0342163 0.117801
-0.0316608 0.0143422 0.130945
0.0665738 0.0126501 0.101543
-0.0177235 -0.0245888 0.0845331
0.0817428 0.0234059 0.170799
0.0919981 0.0252463 0.19186
0.0104657 -0.00334974 0.0136535
0.10343 -0.0322662 0.139656
0.0584678 -0.0267834 0.303246
-0.0109436 -0.015384 0.0474096
0.0491686 -0.0375163 0.138322
0.0681862 -0.0451317 0.141047
-0.00561052 -0.000206229 0.0133964
0.0669391 0.001472 0.268316
0.0876567 -0.0105848 0.223409
-0.0312102 -0.0324312 0.170067
0.0332959 0.00689794 0.0398133
-0.0391861 -0.0668248 0.201351
0.12183 -0.0387993 0.165873
0.0861255 0.0237952 0.127921
0.0270771 0.0322826 0.204433
0.0394888 -0.042644 0.146367
0.0132937 0.00367627 0.0221728
-0.00654009 -0.00362049 0.160016
-0.00511887 0.0063076 0.0249498
0.0678571 0.00285421 0.271751
0.0204343 0.00401753 0.0233351
-0.00511226 0.00629662 0.0249091
-0.00053092 -0.00149332 -0.00498698
