0.276164 -0.169566 1.08317
0.277158 -0.183645 1.17953
0.274324 0.00107553 0.568314
0.0818741 0.00692039 0.552144
0.213572 -0.126644 0.815389
0.0706669 0.177 0.887298
0.130623 0.0690479 0.975155
-0.0209612 0.22885 0.846131
-0.221727 0.223648 0.841388
-0.000807987 0.20478 0.767581
-0.305549 0.123247 0.594627
0.180903 0.0853436 0.410333
0.237473 0.0122294 0.482346
-0.0601292 0.0594665 0.816465
-0.150991 -0.0240995 0.786768
-0.204954 0.163917 0.600243
0.252053 -0.100023 0.963095
0.228288 0.105348 0.497512
0.0150805 0.184388 0.773923
-0.0593944 0.100697 0.615405
0.145148 0.016864 0.940108
0.271595 0.00945694 0.759942
0.0499953 0.13247 0.667605
-0.408642 0.105457 0.67306
-0.424395 0.142229 0.687744
0.214472 -0.0860649 0.813594
0.232372 0.0922599 0.466892
-0.201187 0.224092 0.87879
0.243123 0.0167619 0.478883
-0.22397 0.00237629 0.787192
0.334043 0.0166798 0.650391
0.216872 -0.134275 0.926195
0.427252 0.0200872 0.742229
0.280409 0.000815768 0.649631
0.014485 0.193302 0.794407
-0.0724022 0.116776 0.857123
-0.157959 0.199285 0.752278
-0.280143 -0.0647092 0.544238
0.356329 0.022116 0.622044
-0.190898 0.144769 0.491722
-0.191193 0.198953 0.779966
-0.181025 -0.0280397 0.642629
-0.203706 -0.123996 0.885569
-0.0456132 0.00652631 0.472835
0.190102 -0.123614 0.812835
0.206106 -0.00146605 0.767183
0.241027 0.096899 0.415872
0.0269838 0.0182555 0.0863937
-0.279065 0.217826 0.739117
-0.277453 -0.0553153 0.554398
-0.38237 -0.192186 0.597691
0.166823 -0.0847228 0.690622
0.0167571 0.0267267 0.0832615
0.300699 0.0164581 0.550789
-0.061196 0.00049949 0.159639
-0.29057 -0.0577687 0.580618
0.020815 0.0191098 0.080582
-0.274986 0.267212 0.800957
-0.0215229 -0.00263103 1.29029
-0.317668 0.214572 0.700716
-0.223216 0.216941 0.625819
-0.346646 0.357039 1.00968
-0.340818 0.286905 0.834688
-0.337763 0.27155 0.797922
-0.321808 -0.328236 1.85622
-0.271757 0.157992 0.572112
-0.272561 -0.0475713 1.02859
-0.132099 -0.196779 1.08527
-0.328138 0.268082 0.763093
-0.35648 0.239469 0.77785
-0.341792 0.300454 0.907371
-0.200083 -0.200296 1.12234
-0.337737 0.265813 0.767564
-0.164708 -0.00297936 1.3001
-0.691692 0.403331 1.47164
-0.286046 0.227062 0.638042
-0.344567 0.229841 0.715348
-0.433298 0.278906 0.884309
-0.284081 0.255339 0.741054
-0.354308 0.282462 0.781648
-0.298825 0.239476 0.652016
-0.313557 0.272088 0.82164
-0.289274 0.266646 0.807304
-0.324541 0.302266 0.901531
-0.311251 0.297248 0.819054
-0.304987 0.286237 0.816963
-0.322095 0.323922 0.903106
-0.343408 0.290217 0.834163
-0.305399 0.267976 0.732923
-0.318498 0.275325 0.868631
-0.437487 0.188102 0.713242
-0.446326 0.0566805 0.816457
-0.0202043 0.369662 1.34579
-0.335152 0.28007 0.830985
-0.0753598 0.187806 0.619103
-0.471711 0.051489 0.862915
-0.0910661 0.220249 0.738375
-0.259153 0.283932 0.868694
-0.329992 0.280599 0.828462
-0.305958 0.266795 0.752334
-0.27099 0.229477 0.716219
-0.317671 0.263597 0.759403
-0.39025 0.331084 0.940397
-0.325909 0.298654 0.828616
-0.287709 0.267569 0.744052
-0.394512 0.284404 0.939403
-0.3308 0.283555 0.826971
-0.266379 0.188026 0.655027
-0.320867 0.241869 0.819257
-0.506027 0.213665 0.827243
-0.337583 0.263138 0.830148
-0.303219 0.261405 0.812219
-0.293791 0.26033 0.808625
-0.454784 0.345005 1.07439
-0.259237 0.237559 0.730271
-0.278113 0.163628 0.483674
-0.609983 0.168508 0.914932
-0.0107679 0.417762 1.60903
-0.008655 0.342512 1.29414
-0.0900703 0.191385 0.675531
-0.192251 0.240082 0.922802
-0.2631 0.276379 0.805447
-0.320961 0.368451 1.11329
-0.20051 0.264314 0.891107
-0.283993 0.309258 0.882911
-0.217381 0.334037 0.945159
-0.24611 0.338965 0.958899
-0.303189 0.30791 0.891763
-0.251465 0.33886 0.979783
-0.256588 0.330513 0.96223
-0.221339 0.292863 0.856827
-0.219577 0.306734 0.855527
-0.236735 0.265708 0.784783
-0.275561 0.312455 0.879481
-0.1916 0.208528 0.649448
-0.190233 0.291797 0.864865
-0.231711 0.247413 0.852939
-0.210066 0.303908 0.851648
-0.21287 0.342305 0.946119
-0.208188 0.246213 0.844017
-0.252881 0.292078 0.867049
-0.353195 0.419254 1.27661
-0.340676 0.370037 1.04285
-0.196658 0.288015 0.936609
-0.225934 0.270249 0.897811
-0.254812 0.284761 0.792123
-0.799629 0.966068 2.99404
-0.261444 0.277621 0.796306
-0.222072 0.307197 0.945007
-0.0261778 0.0748346 1.31008
-0.138359 0.165883 1.1532
-0.0172012 0.138831 1.28814
-0.260897 0.097606 1.1769
-0.173476 0.0722435 1.33441
0.240909 -0.128061 1.02542
-0.12979 0.0589939 1.55702
-0.16709 0.0158913 1.31929
-0.172351 0.0413983 1.30887
-0.237633 0.302667 0.950552
-0.1663 0.0278555 1.31271
-0.0983538 0.18174 1.28196
0.277397 -0.142583 1.18882
-0.189554 0.144615 1.06247
0.284306 -0.164744 1.18475
0.298587 -0.160065 1.18673
-0.215395 0.307099 0.943469
-0.221791 0.298927 0.943809
-0.165951 0.0125043 1.30996
-0.209759 0.273189 0.939354
-0.170299 0.0669282 1.30978
-0.189013 0.0738255 1.5978
-0.227017 0.299601 0.945919
-0.177208 0.0551957 1.31217
-0.18027 0.0417004 1.3358
-0.0991628 0.0581633 1.29323
-0.145285 0.22304 1.34092
-0.0197088 0.148284 1.31268
-0.224791 0.143104 1.24886
-0.247214 0.159513 1.41286
0.300956 -0.167697 1.37843
0.251248 -0.146708 1.06919
0.268123 -0.158533 1.21868
0.288614 -0.157122 1.19424
0.23756 -0.146173 1.03283
0.246711 -0.173291 1.07256
-0.496659 -0.0340538 0.894898
-0.476405 0.177165 0.989022
-0.486788 0.129556 0.882319
1.16865 -0.745472 2.67789
0.438308 -0.295821 1.03544
0.231262 0.379221 1.16604
-0.288652 -0.0719563 1.03094
-0.280462 -0.071198 1.03255
-0.296051 -0.173141 1.23361
-0.247531 -0.288083 1.53114
0.286938 0.42961 1.23855
-0.225643 0.544122 1.67075
0.13477 0.0768516 0.248798
-0.551462 -0.686606 1.96956
-0.166259 0.171257 1.32958
0.239432 0.00230142 0.668172
0.016328 0.279705 1.22776
-0.515928 0.241881 1.06729
-0.271691 0.230745 0.795211
0.01135 0.264593 1.13964
0.00935902 0.297653 1.12913
0.173902 0.477525 1.30418
0.403235 0.283812 1.71642
0.402885 0.177071 0.869512
-0.375732 0.260621 0.780091
0.0193795 0.349607 1.05906
0.479357 -0.000333147 0.968426
0.544592 0.030769 1.02754
-0.325037 0.319737 1.25027
-0.260614 0.129962 0.402998
-0.169652 0.00186658 0.339293
-0.120902 0.0488879 1.29509
0.514648 0.343781 1.01906
0.411977 0.269133 0.760617
0.156679 0.0806796 1.06842
0.93238 0.00332801 3.2399
-0.329857 0.00255731 1.19954
-0.47463 0.253433 0.711984
0.342783 0.403296 1.71402
-0.188045 0.135438 1.1631
0.195923 0.247977 1.17567
0.202725 0.246615 1.32233
-0.0982473 0.109133 1.5499
0.0190077 0.0262416 0.0808912
0.0984428 0.285901 1.34269
0.146421 0.278842 1.31103
0.628748 0.421021 1.19003
0.550226 0.373257 1.14611
0.521158 0.0446896 1.03198
0.162575 0.0287714 0.312674
0.520702 0.103492 1.021
0.533644 0.0339175 0.930802
0.567656 0.067319 1.05116
0.633445 0.052872 1.0953
0.453463 0.344595 0.964784
0.327368 0.263384 0.716819
0.448838 0.317336 0.900632
0.668239 0.278868 1.33213
0.52341 0.235965 1.11362
0.489106 0.203218 0.998154
0.515331 0.19224 1.00071
0.301052 0.00477562 0.965943
0.0240157 0.406847 1.10957
0.529708 0.203598 1.02522
0.0818204 0.416522 1.16906
0.325912 0.168936 0.846555
0.091828 0.50556 1.37717
0.0861562 0.227722 1.20219
0.47938 0.20193 0.991799
0.0279296 0.313437 1.29042
0.0746744 0.0528046 0.217511
0.517527 0.191552 0.940942
0.372199 0.407271 1.21357
0.696154 0.331758 1.40148
0.606471 0.638387 1.90548
0.498616 0.214296 0.987361
0.494509 0.186549 0.915752
0.250178 0.274798 1.21046
0.226692 0.255999 1.19322
0.2282 0.272658 1.20097
0.372824 0.210453 1.01676
0.242612 0.221173 0.630199
-0.183284 0.0700844 1.32478
-0.192757 0.161135 1.32919
-0.179959 0.244879 0.837147
0.26085 -0.135161 0.966201
-0.197353 0.279716 0.932386
-0.180018 0.119952 1.00921
-0.164938 0.215689 1.31897
-0.139091 0.0906312 1.98736
-0.218499 0.23991 0.720359
-0.230872 0.29939 0.82453
-0.211834 0.256978 0.934567
0.234714 -0.134895 1.11791
0.0383015 0.0406644 0.168959
0.260008 -0.132728 1.07583
-0.189025 0.136458 1.03065
-0.186862 0.0426807 1.57919
-0.108532 0.0439883 1.4164
0.278129 -0.127197 1.18368
-0.316254 0.0313243 1.20117
0.175984 -0.0710183 0.748842
-0.101957 0.210064 1.32964
0.274245 -0.13654 1.08256
-0.131005 0.190457 1.33206
-0.177005 0.0015735 1.31097
-0.316099 0.0794404 1.2003
-0.195349 0.268632 0.881209
-0.20882 0.237848 0.846682
-0.224699 0.282869 0.942806
-0.197018 0.268362 0.9308
-0.225186 0.347455 0.951522
-0.185117 0.30849 0.925332
-0.185907 0.328438 0.929551
-0.219973 0.272591 0.851529
-0.230042 0.309512 0.857237
-0.250757 0.322721 0.977021
-0.578643 0.21225 0.930779
-0.346838 0.256047 0.849434
-0.321328 0.26252 0.806693
-0.276662 0.23621 0.802011
-0.539968 0.144173 0.887581
-0.534138 0.233294 0.825971
-0.476413 0.0090824 0.876852
-0.0151157 0.292635 1.29334
-0.156937 0.385099 1.3642
-0.476777 0.12982 0.775207
-0.395182 0.324694 1.00479
-0.296588 0.271131 0.855537
-0.0128785 0.41522 1.53984
-0.289627 0.318384 1.22376
-0.2065 0.269545 0.983382
-0.288921 0.166842 0.488318
-0.199383 0.123506 0.338883
-0.644666 0.168022 0.994319
-0.400279 0.20363 0.593008
-0.20344 0.23413 0.841829
-0.015613 0.293277 1.33658
-0.156841 0.0975219 0.268084
-0.554815 0.06449 1.02425
-0.547716 0.317047 0.895487
-0.545997 0.195509 0.850863
-0.318088 0.229111 0.798611
-0.314516 0.267359 0.8778
-0.379841 0.322637 1.06995
-0.362575 0.259915 0.782566
-0.296095 0.273379 0.811249
-0.066907 -0.000483531 0.14597
-0.479509 -0.0996602 0.940268
-0.359123 0.251242 0.825636
-0.318093 0.281381 0.822686
-0.309709 0.306741 0.884903
-0.277824 0.272855 0.750799
-0.369498 0.244675 0.775238
-0.332009 0.26213 0.766205
-0.202419 -0.0315884 1.7104
-0.276435 -0.126465 1.15186
-0.328473 0.301921 0.828059
-0.360032 0.253812 0.840566
-0.318127 0.299961 0.822717
-0.39 0.188416 0.809667
-0.317371 -0.0600058 0.595111
-0.518281 0.329227 1.05068
-0.306487 0.276077 0.753638
-0.126595 0.13837 0.426299
0.206293 0.0953001 0.450533
-0.358365 0.250523 0.879522
0.162522 0.0730241 0.339975
-0.267849 0.217826 0.747606
0.170746 -0.0688886 0.715349
0.295545 -0.210954 0.689093
-0.174072 0.135075 0.472693
-0.179769 0.132571 0.444099
-0.293362 0.0741423 0.517
-0.170002 0.199651 0.750882
-0.309917 0.195375 0.640909
-0.186017 -0.0834404 0.732634
-0.251108 -0.0638259 0.907662
0.32483 0.112668 0.582757
0.223813 -0.00267962 0.825169
-0.0428532 -0.0221323 0.0689414
-0.231893 0.162802 0.569923
0.279224 0.118868 0.567394
0.127322 -0.0520435 0.546681
-0.268656 0.220348 0.670609
-0.281007 0.213368 0.716941
0.0117279 0.0222238 0.0630785
0.1679 -0.0675446 0.703594
0.321178 0.0184455 0.578177
0.0492968 0.0548063 0.161076
0.0180348 0.173807 0.701539
-0.130086 0.108108 0.392388
-0.297484 0.227169 0.660965
0.27315 0.155703 0.503748
0.273833 0.189027 0.577135
0.11273 0.212417 0.639139
0.148471 -0.209799 0.673715
-0.062307 -0.000446032 0.136141
0.0166736 0.0267496 0.077774
0.0882171 -0.0363756 0.512241
-0.251537 -0.0490268 0.486873
-0.227267 0.168968 0.571486
-0.167764 0.156425 0.596187
0.163406 0.166089 0.781657
0.0768887 0.150539 0.456737
0.0119323 0.0283833 0.141081
-0.224439 0.0941545 0.438728
-0.184331 0.183696 0.56248
-0.175067 0.198345 0.612828
0.126425 0.187894 0.539445
-0.231369 0.230073 0.693412
-0.0674593 -0.0909683 0.506092
0.279044 0.128647 0.794066
0.148156 0.180325 0.88458
0.165434 0.0748102 0.351239
0.0567496 0.148625 0.740436
0.109285 0.132507 0.736263
-0.0436403 0.010729 0.55523
0.246738 0.00335433 0.688416
-0.114193 0.0410685 0.836091
0.143537 0.0713458 0.310468
0.0446181 0.0296773 0.126446
0.228453 0.100344 0.481572
-0.205132 -0.0162475 0.408911
0.0968394 0.0449115 0.191747
-0.321216 0.259383 0.937898
-0.282725 -0.152914 0.624321
-0.430374 0.111793 0.707891
-0.296262 -0.161205 0.654148
-0.0077769 -0.00238754 0.0192087
0.413766 0.0234422 0.730529
0.0973066 0.055601 0.284523
0.240455 0.158967 0.681529
0.160734 0.0712467 0.341425
0.147723 -0.204353 0.666825
0.399413 0.173152 0.836842
0.0213948 0.187672 0.762984
0.208925 0.0973963 0.456299
0.20291 0.0961882 0.458167
0.199709 -0.276354 0.901304
-0.166882 0.212628 0.79865
0.151875 -0.216014 0.690275
0.0883234 0.0672271 0.317324
0.0137797 0.0145209 0.0653167
0.23291 0.00222336 0.649235
-0.00416854 0.156557 0.59904
0.0673066 -0.0369037 0.409541
0.142142 0.00138654 0.396775
-0.100334 0.173963 0.605552
0.00303672 0.00860479 0.0407693
0.314177 0.156392 0.679537
-0.00370761 0.145418 0.567735
-0.178508 -0.0117074 0.35444
0.0630988 -0.0329686 0.383564
0.615889 -0.0276409 1.01245
0.231159 0.264503 1.19575
0.229024 0.277897 0.858804
0.0249979 0.389729 1.15581
0.325088 -0.176093 1.9322
0.216202 -0.116074 1.33737
0.234024 0.247942 1.16043
0.119172 0.117223 0.3341
0.252289 0.286008 1.25088
0.261547 -0.339975 1.15415
0.263553 -0.359545 1.15453
0.328454 -0.424264 1.37802
0.274954 -0.146954 1.05733
0.0408237 0.321956 1.29013
0.0626152 0.58744 1.70697
0.587754 0.054798 1.06221
0.607181 0.215808 0.95867
0.290845 -0.184828 1.18725
0.18982 -0.080657 1.15044
0.28766 -0.200423 1.35924
0.576683 0.284582 0.896318
0.0386849 0.434156 1.29058
0.0665935 0.0591978 0.248168
0.235333 0.254749 1.19671
0.130706 0.00198969 0.585239
0.202796 0.010609 1.30851
0.35781 0.20192 1.00788
0.402811 0.231508 1.11386
0.394067 0.2345 1.14218
0.431193 0.199795 0.944222
0.370245 0.345061 1.07844
0.594125 0.403947 1.16873
0.43195 0.321214 0.890573
0.4224 0.30578 0.856211
0.551857 0.401529 1.1416
0.442407 0.312985 0.896723
0.540429 0.0444831 0.9537
0.584836 0.0494096 1.06013
0.49386 0.0484886 0.917405
0.535316 0.0301377 0.933764
0.169988 0.0264588 0.325866
0.605654 0.0340458 1.07513
0.505593 0.0332547 0.927747
0.514369 0.0333064 0.921248
0.548161 0.0785027 1.03748
0.48436 0.0661467 0.913948
0.504335 0.0611634 0.94267
0.498281 0.038557 0.925599
0.535341 0.0269695 0.950306
0.579043 0.0316827 1.05601
0.639639 0.0411004 1.09659
0.5067 0.0290585 0.915739
0.527708 0.0362368 0.945147
0.510345 0.0481908 0.933559
0.465618 0.324694 0.947024
0.449713 0.285348 0.870407
0.0224821 0.43062 1.35242
0.5115 0.0233605 0.886976
0.548755 0.0408381 0.940745
0.529051 0.0326199 0.930899
0.560401 -0.0260475 0.933962
-0.213472 0.0585668 1.52475
-0.237316 0.00219733 1.92326
-0.249144 0.280978 0.864105
-0.315407 0.367524 1.00135
-0.312099 0.0438617 1.18495
-0.139722 0.0350981 0.985969
-0.229908 0.286559 0.862275
-0.238527 0.300501 0.862176
-0.169007 0.46412 1.63469
-0.484092 0.12301 0.733441
0.228067 0.395906 1.21091
0.207635 0.266446 1.18659
0.2437 -0.16372 1.02983
0.286018 -0.17463 1.19171
0.230585 -0.127744 1.34325
0.512185 -0.344987 1.17287
-0.15238 0.232586 1.34437
0.220774 -0.155266 1.01908
0.555757 0.39773 1.63462
0.349125 -0.217212 1.38762
0.221312 -0.120511 1.26481
0.0921592 0.22115 1.10677
0.21959 -0.311582 1.00595
-0.145217 0.0504643 1.13144
-0.212685 0.295471 0.938329
-0.278864 0.309933 0.880655
-0.257628 0.335374 0.960027
-0.260737 0.34301 0.965724
-0.28861 0.389247 1.09601
-0.238007 0.286911 0.860293
-0.256052 0.3195 0.925588
-0.180812 0.392145 1.37284
-0.92153 0.230133 1.38912
-0.246942 0.188811 0.625192
-0.339252 0.292524 0.801447
-0.319325 0.270445 0.757221
-0.589767 0.266429 0.911951
-0.342839 0.277518 0.773355
-0.317706 0.248666 0.706044
-0.339803 0.253155 0.757945
-0.340584 0.261719 0.75959
-0.293682 0.222019 0.743521
-0.358533 0.269974 0.799695
-0.351442 0.272367 0.775223
-0.283031 0.269866 0.804855
-0.279758 0.267953 0.803162
-0.328981 0.226352 0.736525
-0.341596 0.258471 0.770548
-0.328013 0.248507 0.748334
-0.39074 0.241522 0.741941
-0.467818 0.141782 0.773255
-0.304945 0.234755 0.792128
-0.29542 0.280938 0.856286
-0.346175 0.287894 0.837551
-0.320464 0.262791 0.775361
-0.366888 0.282689 0.921081
-0.53538 0.172961 0.868144
-0.359278 0.296257 0.845393
-0.295299 0.251986 0.747621
-0.362133 0.31164 0.848787
-0.353342 0.240764 0.791106
0.337671 0.239795 0.998007
-0.321918 0.248922 0.723457
0.0405212 0.353483 1.05806
-0.112376 0.0131738 1.40463
-0.0895428 -0.00883525 1.11957
-0.268614 0.199769 0.608225
-0.0967449 0.17685 1.20936
-0.25996 0.0873981 1.17267
-0.207135 0.272823 1.03549
-0.175508 -0.217243 1.52627
-0.225673 0.310979 0.9469
-0.235428 0.314303 0.954572
-0.106001 0.176157 1.32478
-0.379345 0.255645 0.756172
-0.180574 -0.0197079 1.21765
-0.0995138 -0.0110537 1.21775
-0.335165 0.278929 0.75889
-0.106865 0.0267194 1.30882
-0.30059 0.291924 0.88847
