-0.37613 0.334165 1.70995
0.278096 0.526537 1.75693
0.440216 0.275677 0.773662
0.00100589 -0.162497 0.82068
0.424054 0.0346875 0.695256
-0.0256446 0.00820805 0.757668
0.462247 0.0509921 0.745198
-0.246133 -0.0287567 0.473757
0.342892 0.121919 0.671234
0.279799 0.116312 0.71994
0.302464 0.25071 0.733661
-0.176738 -0.0638946 0.756816
0.300939 0.177922 0.716131
0.189165 0.168231 0.681786
-0.554038 0.353928 1.38186
0.297295 0.0407474 0.74656
0.227891 0.0945401 0.731326
0.0572723 -0.0200314 0.503899
-0.0808952 -0.166842 0.841288
0.365194 -0.0127953 0.651728
0.127618 0.0017072 0.530021
0.429726 -0.0412608 0.74979
0.384961 -0.0890545 0.730335
0.316696 -0.0505658 0.735494
-0.228781 0.231521 1.71341
-0.394664 -0.133114 0.87441
-0.085804 -0.287894 0.957895
-0.172325 -0.193885 0.863177
-0.367049 -0.22573 1.02181
-0.00246742 -0.134239 0.859949
-0.24663 -0.166847 0.927801
-0.462735 -0.193141 0.812975
-0.263857 -0.0806952 0.660187
0.0854623 -0.0194355 0.652853
0.308406 0.162855 1.0216
0.0685347 0.0422715 0.881513
0.0975011 0.0680464 0.407519
0.238555 -0.02436 0.886792
0.181995 -0.0872323 0.959937
-0.157491 -0.0612585 0.861885
0.36232 0.0802808 0.680693
0.349141 0.189027 0.68531
0.236334 0.0357279 0.655107
-0.0349851 0.0582872 0.841153
0.104968 -0.271305 0.914244
0.190942 0.118262 0.99895
0.194065 0.168722 0.734442
0.0122168 0.130877 0.597723
-0.104051 -0.00462517 0.747184
-0.578722 -0.220368 0.976995
0.25436 0.0847982 0.644063
0.357812 0.108721 0.757748
0.283549 0.106785 0.684896
0.325971 -0.197179 0.818202
-0.058994 0.0395987 0.796805
0.09715 -0.253553 0.851837
0.233017 -0.0449041 0.620433
0.356246 -0.0335072 0.73955
0.059079 -0.175522 0.853822
-0.1572 -0.268963 0.870634
-0.182633 -0.0889958 0.855993
-0.216005 -0.148484 0.816148
-0.0611865 -0.0753163 0.839321
0.0422764 0.0770923 0.727443
-0.0113964 0.0177556 0.112724
0.00897644 0.483556 1.8296
0.0567913 0.515406 1.9554
0.157832 0.125675 0.779368
-0.263901 -0.0492494 1.0141
-0.629933 0.361785 1.43485
-0.290435 -0.150758 0.874285
-0.588789 -0.234382 0.946958
0.169408 0.449588 1.78965
-0.286301 -0.0591737 0.933117
-0.413206 -0.156789 0.644743
0.13242 -0.0221553 0.533684
0.189917 0.0993251 0.745631
0.0201635 -0.0744247 0.908355
0.353857 0.218452 0.685329
-0.229437 -0.150677 0.720146
0.307494 -0.31706 1.05048
-0.117886 0.0252783 0.814502
-0.0712559 -0.0843564 0.975749
0.313211 0.155668 0.801029
-0.328908 0.514293 1.66192
-0.17569 -0.194876 0.860519
-0.643117 0.369271 1.46083
-0.0214884 -0.0662997 0.842845
-0.203494 -0.1343 0.729213
0.125241 0.56538 1.77912
0.126217 -0.174913 0.983995
-0.194605 0.592903 1.66067
0.236908 0.0355098 0.658574
-0.0635493 -0.0626076 0.817308
0.221671 -0.0814097 0.608954
0.234091 0.138906 0.800746
0.339042 -0.0792494 0.669616
0.294742 -0.0475242 0.688393
0.24118 -0.0434463 0.711005
0.309281 -0.0973231 0.645004
-0.0850549 -0.233218 0.959771
-0.474152 0.414741 1.71057
0.285754 -0.1622 0.772271
0.106317 -0.0589845 0.727545
0.358306 -0.0618482 0.928261
-0.024762 0.0145464 0.977402
0.016876 0.014357 0.127641
0.1883 0.0129607 0.860763
0.217461 -0.130772 0.930623
0.147063 0.131446 0.932845
0.0806917 -0.205092 1.02019
-0.0289624 -0.0492392 0.928272
-0.0355294 0.0531323 0.799589
-0.0441278 -0.0191869 0.280495
-0.365928 -0.229495 1.04978
0.189258 0.165299 0.726363
0.225129 -0.0988204 0.741645
-0.26241 -0.247719 0.95894
0.0205073 -0.0571487 0.910473
0.325093 0.0530009 0.642428
-0.308088 -0.153115 0.781824
0.268355 -0.151116 0.724174
-0.265618 -0.346358 1.23181
0.248718 -0.143496 0.722128
-0.323918 -0.122948 0.549551
-0.301181 -0.15007 0.699878
0.194073 0.0977132 0.790495
0.145213 0.00396738 0.790268
0.100649 -0.218569 0.895972
0.318101 0.174195 0.682857
0.553302 -0.267017 1.08969
0.193483 -0.0476788 0.90217
0.0585335 -0.0510005 0.953592
-0.0630676 -0.0647613 0.89045
-0.462609 -0.176519 0.851704
0.399461 0.0184759 0.72207
0.397389 0.101384 0.694287
0.382511 -0.193649 1.11706
0.218312 0.164516 0.994258
0.057501 -0.168338 0.823923
0.229424 -0.00437641 0.678774
0.271562 0.185321 0.66323
0.0584736 -0.00829257 0.977861
0.0996583 0.119532 0.764402
0.26694 0.163091 0.650806
-0.110718 -0.0479287 0.985021
-0.0957776 -0.232247 0.803327
-0.000854286 -0.041531 0.956726
0.301845 -0.065714 0.595659
0.44217 -0.0884558 0.870249
0.267628 0.0528325 0.718483
-0.822021 0.262199 1.71727
0.0701902 -0.124838 0.84869
0.0476739 -0.000504337 0.84792
0.20927 0.181325 0.775641
-0.444585 -0.223226 0.807438
0.611671 -0.294204 1.11057
-0.268114 -0.133541 0.668405
-0.135758 -0.0223613 0.548828
-0.0841923 -0.0159559 0.511493
0.00511306 0.0693515 0.817446
0.29403 0.195464 0.681211
0.184604 -0.156082 1.0086
-0.456423 0.117551 1.7418
0.313963 0.184992 0.690276
0.0913043 0.0913591 0.825384
0.167707 0.119537 0.850408
0.0153483 -0.222919 0.883319
-0.304355 -0.0926918 0.845323
-0.26325 -0.258429 0.767736
-0.0203089 0.0277982 0.813397
0.0708252 -0.12664 0.8453
0.0611855 -0.00458492 0.905222
0.0223255 -0.274998 0.868613
-0.0170704 0.037326 0.835705
0.274213 -0.135302 0.981325
0.300507 0.116718 0.729023
0.279969 0.22827 0.718802
-0.0229849 -0.340686 1.19972
-0.242138 -0.126797 0.831801
-0.14835 -0.0148278 0.697476
-0.0258112 -0.150655 0.908555
0.139383 0.139606 0.710969
0.568277 -0.344217 0.994272
0.419629 0.106136 0.75623
0.355755 0.221621 0.686014
0.319214 -0.0929014 0.832949
0.154885 0.0252934 0.903354
0.405662 0.230859 0.709431
-0.0391302 0.0396227 0.838776
-0.423359 -0.215535 0.837521
0.149558 0.0719433 0.73307
0.0785306 0.047924 0.951468
0.247265 -0.0462956 0.729553
-0.381937 -0.140745 0.733666
0.207931 -0.195529 0.652118
-0.1382 -0.217229 0.892837
0.165681 -0.226295 1.06731
-0.0946862 0.0161266 0.874338
0.00608152 0.0202007 0.961511
-0.169031 -0.015346 0.809786
0.369684 -0.0336407 0.765234
0.156012 0.0784618 0.656592
0.200327 -0.098908 0.969679
0.161877 -0.0382657 0.979456
-0.0933016 0.0194595 0.82794
0.272451 0.00621577 0.609866
-0.113203 -0.012265 0.528549
0.161975 0.00547784 0.878285
0.186144 -0.0273744 0.995471
-0.126261 0.00148738 0.760086
0.254659 0.107108 0.804737
0.391638 -0.0569574 0.661783
0.171466 0.00479893 0.930132
-0.109309 -0.00297158 0.60683
0.124234 -0.125109 0.889344
0.136786 -0.31885 0.974521
0.101942 -0.265635 0.892398
0.374906 -0.0866108 0.786184
0.0591912 -0.176517 0.859439
-0.232725 -0.239988 0.869969
0.159379 0.140364 0.837654
-0.142341 -0.0611745 0.956776
-0.214576 -0.144764 0.731534
0.138449 0.11399 0.944201
0.149954 -0.0370399 0.912978
-0.0912672 0.00399047 0.810726
0.147408 0.0173488 0.669523
-0.502237 -0.203616 0.893972
0.0674987 0.0974371 0.891558
0.158969 0.150391 0.744664
-0.191654 0.490019 1.76361
0.259351 0.220427 0.713027
0.217276 -0.0500828 0.77784
-0.193625 -0.289536 0.945364
0.643297 -0.136826 1.03537
-0.0131005 -0.0735744 1.07159
0.265783 -0.111851 0.872029
-0.198623 -0.0341938 0.805066
0.114303 -0.0151484 0.786877
-0.217652 -0.0398258 0.803395
0.212415 0.073897 0.891869
-0.00993762 -0.202578 0.877009
0.397045 0.102618 0.684229
-0.733405 0.278058 1.46168
-0.312913 0.483338 1.52202
-0.225248 0.573553 1.64513
-0.80805 0.335109 1.48574
-0.694322 0.287759 1.50977
0.368004 0.196479 0.715974
-0.797972 0.284315 1.59707
0.00583213 -0.13505 0.898205
-0.0110652 -0.170487 0.851413
-0.733099 0.260774 1.46771
-0.123562 0.475044 1.69334
-0.834326 0.340934 1.42995
0.359186 -0.0316694 0.656084
-0.813385 0.0422659 1.37754
-0.408651 0.105086 1.56202
-0.0818726 -0.210215 0.873494
0.330135 -0.0355798 0.706014
0.0314362 -0.160781 0.885236
0.166192 0.0259211 0.677413
-0.0636302 0.00861213 0.877339
0.0929047 0.024771 0.832598
0.0454225 -0.279495 0.965546
0.0227811 -0.208182 0.798761
0.261135 -0.053775 0.620974
0.180186 0.0946926 0.721518
0.0894513 -0.0642493 0.939597
0.318608 0.100992 0.672705
0.16524 -0.0269528 0.699744
-0.0349826 0.0167577 0.895612
-0.191492 -0.0982631 0.591081
0.10306 0.108654 0.801727
0.140139 -0.160388 1.01412
0.138572 -0.0869007 0.936665
-0.232715 -0.0899004 0.839848
0.0881991 0.39 1.69757
-0.917121 0.330182 1.6683
0.332088 0.071093 0.779792
-0.596639 0.116374 1.6522
-0.300588 0.329534 1.87579
-0.0957051 0.268918 1.14939
-0.614853 0.078405 1.7398
-0.133321 -0.175057 0.854691
-0.603092 0.156703 2.29176
-0.46026 0.36354 1.46038
-0.0497876 -0.0271355 0.735754
0.266737 0.0118107 0.630407
-0.793005 -0.146031 1.29078
0.279724 0.0698268 0.747714
-0.82264 0.301841 1.41162
0.369296 0.201341 0.775538
-0.0204266 0.0778195 1.06421
0.545155 -0.31514 1.119
-0.601615 0.312433 1.08022
0.65457 -0.268299 1.1078
-0.458293 -0.188549 0.762666
-0.321378 0.200031 1.78927
-0.13098 0.394705 1.69897
-0.8501 0.0396886 1.43987
-0.250091 0.345428 1.70332
-0.269596 0.437111 1.51261
-0.765172 0.0213337 1.80219
-0.296145 0.399307 1.67115
0.103639 0.475294 1.50425
-0.227226 0.509488 1.74177
0.177686 0.0974514 0.698387
-0.545172 0.376365 1.59062
-0.795933 0.472954 1.41588
-0.420352 0.527005 1.65565
-0.234235 0.289115 1.61871
-0.351776 -0.191843 0.87052
-0.452997 0.498733 1.98257
0.362438 0.0634215 0.688496
-0.287602 0.430226 1.61924
0.127536 -0.134443 1.03532
-0.585772 0.412191 1.66491
-0.223378 0.234135 1.35295
0.262686 0.109895 0.678265
-0.28372 -0.135693 0.574527
0.0442245 0.409752 1.59217
-0.4517 -0.176812 0.823432
0.244445 0.195883 0.68145
0.386616 -0.0904073 0.923982
-0.561601 0.241654 1.56876
0.113266 0.00256974 0.588566
0.262026 -0.18415 0.676192
0.474623 -0.384688 1.16335
0.0957247 0.00366276 0.838561
0.360566 -0.0519309 1.42355
0.394933 -0.0963121 0.948047
0.323808 -0.182773 0.92766
0.0948518 -0.0231434 0.752395
0.560504 -0.332125 1.07599
-0.533472 -0.191681 0.921693
0.258784 -0.0446614 0.898242
0.273092 0.221289 0.703706
0.011541 -0.178628 0.873432
-0.226661 -0.278787 0.836082
0.495411 -0.313609 0.915157
-0.101396 -0.0180415 0.89752
0.442303 -0.350287 1.05047
0.28459 0.0393203 0.712957
0.11122 0.00804309 0.919571
0.184712 -0.151267 0.95945
0.0146804 -0.131532 0.83521
0.247629 -0.306575 0.902237
0.231549 -0.181296 0.640431
-0.27523 -0.0927309 0.827802
0.124708 0.102934 0.86753
0.345746 -0.0499373 0.801467
-0.0525688 0.0340167 0.693685
-0.0977978 -0.0178637 0.845932
-0.04915 -0.0583132 0.867788
0.00651942 -0.160186 1.03975
-0.430379 -0.194185 0.872559
0.77027 -0.246771 1.23213
-0.0144699 0.0400073 0.861125
-0.0494987 0.0212397 0.845462
-0.189521 -0.0871502 0.824604
0.0435091 -0.28373 0.923132
-0.0270353 -0.24408 0.896368
-0.0285947 0.0485468 0.899823
-0.266974 -0.139262 0.869293
-0.419731 -0.192303 0.842316
0.0522692 0.0814669 0.785925
0.0966622 0.0965531 0.86918
0.111002 -0.0435219 0.798578
-0.348026 0.315861 1.16026
-0.0580797 -0.0476019 0.914076
-0.335365 -0.0937985 0.870703
-0.184417 -0.0279308 0.84422
-0.225884 -0.154974 0.884455
0.0137165 -0.0568849 0.929254
0.0944661 -0.31543 0.926621
0.104609 -0.0939175 0.935076
0.304325 -0.0540911 0.890177
0.121839 0.0582877 0.793793
0.247602 -0.0821061 1.26849
0.368459 0.0947002 0.643098
0.274999 0.0664079 0.741926
0.107029 0.0594702 0.903456
-0.161067 -0.0247977 0.694606
-0.112054 -0.0184579 0.346509
0.17183 -0.182501 0.919066
-0.198135 -0.0450755 0.635953
0.42012 -0.345253 1.03685
-0.262551 -0.0570742 0.835164
0.358699 0.146845 0.704137
0.0324664 0.0571338 0.860973
-0.0255003 0.00953681 0.896331
-0.151235 -0.077807 0.867155
0.0483105 0.0342442 0.847082
0.205361 -0.0183268 0.873967
0.411983 0.249831 0.726893
0.283072 0.096685 0.7112
0.183334 -0.0298875 0.879366
0.0929449 0.0707673 0.832042
0.394139 -0.0711582 0.815731
-0.0303196 -0.0192955 0.926302
0.301331 0.180601 0.716753
-0.383837 -0.134039 0.693409
-0.0126308 -0.194629 0.878326
-0.263769 -0.0791464 0.614082
0.394661 -0.206792 1.03459
0.3664 0.115159 0.687427
-0.168005 -0.251875 0.828306
0.379692 -0.067791 0.787283
-0.182406 -0.0518967 0.457025
-0.43559 -0.218749 0.79575
-0.122993 -0.0277801 0.664853
-0.136696 -0.0771791 0.89123
-0.243948 -0.147373 0.920636
-0.482853 -0.22277 0.84519
-0.112073 -0.136706 1.29619
-0.0925317 -0.0125039 0.899845
-0.108675 -0.192804 0.927808
-0.121939 -0.257621 0.905616
-0.0118779 -0.307164 0.914191
-0.118857 -0.211223 0.821717
-0.0760915 -0.220838 0.864083
-0.0149218 -0.29246 0.895285
-0.0168102 -0.237104 0.837408
-0.0762285 -0.172046 0.897031
-0.0275653 -0.237506 0.873671
-0.288427 -0.264024 0.867952
-0.221398 -0.277525 0.831175
-0.285398 -0.283324 0.844309
-0.585336 0.521296 1.56251
-0.753767 0.429052 1.65037
-0.729549 0.277953 1.45304
-0.799904 0.325534 1.67082
-0.662571 0.438572 1.32663
-0.171658 -0.2319 0.84565
-0.192532 -0.240869 0.834741
-0.168091 -0.254801 0.839403
-0.87838 0.342769 1.2909
-0.830999 0.416039 1.53274
-1.24144 0.390835 1.82776
-0.798521 0.331725 1.53079
-0.541998 0.511481 1.54641
-0.977722 0.349422 1.61122
-0.825935 0.408328 1.33765
-0.90523 0.443116 1.3702
-0.833932 0.406934 1.40705
-0.867075 0.519942 1.54803
-1.13397 0.0177863 2.21767
-0.729397 0.276459 1.63222
-0.954846 0.0613533 1.45608
-0.775774 0.088885 1.50011
-0.853216 0.25408 1.41873
0.43026 0.584927 1.80597
-0.440605 -0.151062 0.681369
-0.319158 -0.0997457 0.708232
-0.425369 -0.150075 0.873848
-0.368384 -0.303617 0.867005
-0.798137 -0.00934938 1.32677
-0.407354 -0.317254 0.876374
-0.293441 -0.123176 0.851793
-0.81456 -0.0430262 1.34312
-0.412309 -0.209197 0.808803
-1.03973 -0.0144608 1.59597
-0.912038 -0.0652919 1.45994
-0.313766 -0.0866901 0.825246
-0.409303 -0.2131 0.866771
-0.39016 -0.21714 0.958875
-0.405121 -0.224673 0.681812
-0.431989 -0.162006 0.771502
-0.53347 -0.194561 0.916153
-0.492749 -0.191384 0.727168
0.163786 0.143373 0.654508
-0.497113 0.11289 1.76676
0.0736204 -0.0707307 0.933019
0.291458 0.203597 0.923752
0.326962 0.0919364 0.685916
0.0142669 0.0781125 0.858164
0.0943255 0.049793 0.782552
0.211716 0.106447 0.787932
0.259007 -0.0498589 0.612163
0.147205 -0.0263709 0.798223
-0.232464 -0.193086 1.03373
-0.00233836 0.01184 0.783829
0.227261 -0.0573428 0.710339
0.194441 -0.0304143 0.663407
0.0731229 -0.180536 0.894705
0.394019 -0.0912736 0.782185
0.10143 -0.214158 0.90336
0.235093 -0.140027 0.652032
0.321219 -0.0526083 0.652479
0.0188461 -0.171192 0.750928
-1.02431 0.36837 2.00424
-0.0611619 -0.0621949 0.768323
-0.105885 -0.309048 1.28486
-0.180256 -0.243442 1.06497
-0.210787 -0.13784 0.74078
0.301478 0.00815585 0.702923
0.287148 0.038018 0.717712
0.361334 -0.273269 1.20302
0.256456 0.161829 0.716903
0.0613868 -0.0162946 0.868189
0.336916 0.0483485 0.661134
0.267323 0.10935 0.688093
0.0337962 -0.119981 0.930787
0.215661 0.000323205 0.636881
0.098563 0.177458 1.60425
0.206092 0.183641 0.733039
0.190893 0.166282 0.733047
-0.997791 0.203233 1.59639
-0.960386 0.176591 1.46898
-0.153631 0.454535 1.68024
-0.236418 0.393012 1.70771
-0.0870014 0.484134 1.76128
-0.0752088 0.341297 1.56766
-0.937496 0.166512 1.38516
-0.888308 0.22725 1.59417
-0.0663406 0.437939 1.85056
-0.251103 0.658244 1.88691
-0.94618 0.258633 1.43051
-0.375407 0.445067 1.61623
-0.0691275 0.528023 1.66491
-0.220845 0.473655 1.62926
-0.466376 0.575618 1.74042
-0.321497 0.367431 1.61018
-0.471074 0.436799 1.59193
-0.0901331 0.508526 1.60773
-0.418286 0.456627 1.53604
-0.272177 0.534621 1.5795
-0.33999 0.471768 1.61592
-0.386294 0.525129 1.53514
-0.136759 0.000611781 0.843495
-0.0410652 0.042694 0.908527
0.281302 -0.174558 1.0114
-0.590134 0.281651 1.76718
-0.498341 0.159627 1.50899
0.22918 -0.0252317 0.87301
0.180027 -0.0245306 0.882717
0.0423486 -0.147228 0.856962
0.208751 -0.0083377 0.807723
0.298537 -0.0468425 1.0161
0.00425138 -0.130994 0.863638
0.105415 -0.134049 0.907839
0.226687 -0.325972 1.14268
0.241636 -0.267885 1.11434
0.00030349 -0.0378073 0.892864
0.250205 -0.260375 1.02123
0.0711459 -0.301323 0.929406
0.0175112 -0.00301012 0.843858
0.041909 -0.278829 0.901681
0.0391907 -0.261076 0.899835
0.126519 -0.337019 0.914886
0.0757557 -0.240543 0.891488
0.183601 -0.258251 1.10422
0.104632 -0.207975 0.896571
0.520229 -0.0170098 0.905951
0.0146574 -0.222612 0.878467
0.364409 -0.0329799 0.634134
0.611492 -0.185402 1.01714
0.665968 -0.323516 1.16313
0.383518 -0.355163 0.988476
0.611406 -0.327432 1.04365
0.60198 -0.336873 1.09366
0.657254 -0.259562 1.09773
0.692613 -0.34895 1.09496
0.525096 -0.378513 1.07444
0.34084 -0.25501 0.915367
0.205025 0.177847 0.756144
0.301501 0.570183 1.89739
0.0151598 0.431875 1.66099
0.16634 0.503323 1.51593
0.131904 0.597533 1.64777
0.0611507 0.379718 1.63406
0.142948 0.142092 0.753581
0.223994 0.192767 0.794388
0.139543 0.53487 1.68048
0.24809 0.559353 1.58343
0.201408 0.0593004 0.894447
0.159891 0.0751659 0.721758
0.16076 0.0990655 0.869898
0.0953344 0.0753242 0.843769
0.26123 0.133882 0.779006
1.10888 0.577365 1.65588
0.385789 0.181545 0.695979
1.07278 0.510011 1.63973
0.27317 0.160521 0.702793
0.253788 0.158674 0.732195
0.268761 0.236951 0.732736
0.337453 0.203986 0.665761
-0.327107 -0.129792 0.778682
1.16577 0.0515375 1.8355
0.376767 0.172099 0.813009
0.061925 0.0658278 0.855707
0.089199 0.115691 0.856309
-0.487362 -0.196224 0.775105
-0.248582 -0.264344 0.831888
-0.144925 -0.00837708 0.848153
0.146663 0.149861 0.822915
-0.212451 -0.078824 0.84624
-0.311615 -0.112954 0.806205
0.178152 0.161605 0.843685
0.297332 0.218424 0.697404
0.0449071 0.0809922 0.820593
0.109995 0.110481 0.7692
0.311456 0.197696 0.679277
-0.219958 -0.0867378 0.756684
0.18963 0.120257 0.774463
-0.413788 -0.152151 0.838519
0.0318743 0.0521658 0.764453
0.224941 0.0176397 0.913336
0.107864 0.00743218 0.883231
0.317407 0.208854 0.674437
0.134969 -0.0683434 0.918991
0.0186872 0.0457909 0.932468
0.0527693 -0.0234742 0.885764
0.0581237 -0.00488718 0.86108
-0.376003 -0.0851302 1.17669
-0.0469756 -0.0260759 0.869272
0.191023 -0.0578922 0.949456
-0.215976 -0.305827 0.932351
-0.02628 -0.151264 0.908419
0.128022 -0.292615 0.854654
-0.0278231 -0.252376 0.869701
-0.0181698 -0.256959 0.906918
0.151841 0.0244642 0.89252
0.049123 -0.312568 0.902598
-0.301299 -0.297905 0.887498
-0.0301956 -0.162039 0.86064
0.371146 0.216636 0.704938
0.280791 -0.0597207 0.560403
-0.342167 -0.303692 0.899598
0.374112 0.145374 0.673142
0.551339 -0.334802 0.963258
0.249844 -0.12844 0.809467
-0.181029 -0.219527 0.895422
0.425431 0.248231 0.742102
0.393691 -0.20821 1.03517
0.340971 -0.0706794 0.668986
-0.332411 -0.295394 0.872397
0.0559411 -0.349498 1.01665
0.0429492 -0.0478441 0.854908
-0.00267676 -0.0379057 0.866196
0.410832 -0.250629 1.02523
0.125616 -0.2877 0.843804
-0.235488 -0.0643273 0.818798
-0.208907 -0.0368581 0.752947
-0.373558 -0.119509 0.807581
-0.135272 -0.000631314 0.822108
0.0367689 -0.0217127 0.219164
0.0480399 0.0855281 0.871295
-0.436378 -0.162248 0.798204
0.577967 -0.280391 1.05262
0.261822 0.21795 0.722993
0.270153 0.116319 0.709868
-0.367639 -0.135243 0.685297
-0.324978 0.352033 1.53027
-0.689049 0.227489 1.20754
-0.078207 0.424897 1.58401
-0.0958028 0.537374 1.68891
-0.622062 0.280261 1.70815
0.040634 0.541767 1.76218
-0.104036 -0.173577 0.819479
-0.503533 0.422257 1.43102
0.0266297 -0.130268 0.886728
-0.438234 -0.220021 0.80011
0.036978 -0.211509 0.878013
-0.780255 0.243137 1.43451
0.131664 0.489807 1.70212
-0.455887 0.246285 1.69968
0.112665 0.443314 1.86705
-0.272545 -0.0869998 0.466597
-0.0265934 -0.162073 0.976448
0.0393728 0.0680172 0.858245
-0.122219 0.442614 1.67826
-0.430133 0.520962 1.51417
-0.376292 -0.132655 0.690972
0.0394075 0.590315 1.71779
0.24657 0.209131 0.705049
-0.115299 -0.0528896 0.856624
0.577474 -0.323478 1.17525
0.244721 0.13294 0.908501
0.378003 0.188319 0.718784
0.1498 0.110032 0.84301
0.0109041 0.055621 0.796708
0.0755356 0.0737868 0.870211
0.261047 0.199883 0.617457
0.331848 0.153788 0.674162
-0.66072 0.372218 1.40582
0.186558 0.489305 1.72914
-0.403117 0.204878 1.51984
0.107888 -0.11392 0.924765
-0.663431 0.382712 1.53637
0.34403 0.226454 0.690401
0.30448 0.00830124 0.68022
-0.0460406 0.336914 1.80292
-0.294374 0.192057 1.69557
-0.728248 0.491199 1.55867
0.0708996 -0.112716 0.88078
-0.559514 0.400402 1.57689
-0.360752 -0.207458 0.715043
0.0921499 -0.1003 0.906641
0.333365 -0.273522 0.827933
0.0828036 -0.168475 0.871471
0.221073 0.0437887 0.994622
-0.207716 -0.303249 0.860669
-0.0648902 -0.313655 0.907952
-0.258429 -0.0369272 1.0263
-0.0827454 0.567813 1.68891
-0.247264 -0.0626662 0.816283
0.245354 0.0815778 0.878106
0.275356 -0.0315055 0.689545
0.283349 0.230947 0.724988
0.286379 -0.106709 0.652814
0.404107 -0.154977 0.924749
0.249222 -0.0199897 0.691254
0.403088 0.171485 0.74264
1.04499 -0.334262 1.98418
0.420983 -0.122723 0.901843
0.140455 0.124228 0.917925
0.302815 -0.107608 0.685444
0.37058 -0.0244554 0.803827
-0.210518 -0.135852 0.850467
0.0707167 -0.114879 0.880014
0.113194 -0.101096 0.987232
0.0889176 0.0381165 0.812493
0.198051 0.156412 0.74663
0.639363 -0.195261 1.04824
0.0255809 -0.122758 0.876198
0.155429 0.167772 0.935354
0.402903 -0.153486 0.918459
0.691676 -0.341193 1.10735
0.048942 0.0908066 0.750171
0.174676 0.165499 0.900556
0.124431 0.135919 0.790439
-0.209527 -0.036857 0.749731
0.0203509 0.0759363 0.808989
0.650449 -0.149374 1.07093
-0.117836 -0.00591931 0.620763
0.157301 -0.0122487 0.873266
0.24545 0.123235 0.745972
0.260806 0.225692 0.711761
0.0430554 -0.146597 0.854937
0.654016 -0.122964 1.05111
-0.0144663 0.077248 0.901038
0.539023 -0.314046 1.03702
-1.02498 0.2044 1.85472
0.0896766 0.0389589 0.806472
-0.0595413 -0.0209791 0.161059
0.267802 0.0363281 0.734557
0.162875 0.0327623 0.779961
-0.434788 0.410738 1.45129
-0.234625 0.397837 1.60646
0.258614 0.738876 2.4475
-0.738306 0.0204988 1.72725
-0.639905 0.126429 1.3861
-0.762501 0.432091 1.60988
-0.413349 0.209545 1.55705
-0.186743 -0.224038 0.893205
-0.111302 -0.00391748 0.803367
-0.772808 0.263463 1.50296
0.248481 0.172594 0.76817
-0.607375 0.239732 1.33052
-0.567415 0.392492 1.60714
-0.445263 0.223804 1.67838
-0.795052 0.0413473 1.5269
-0.177399 -0.1317 0.828271
-0.74793 0.252806 1.45326
-0.413197 0.46273 1.61798
-0.233794 0.244956 1.41583
-0.396068 0.438333 1.54729
0.412986 0.0977329 0.678048
-0.250349 0.481894 1.58652
-0.92107 0.268625 1.48333
-0.175461 0.45555 1.63433
0.324413 -0.0481936 0.755706
-0.588587 0.262823 1.60784
-0.255049 0.427488 1.68355
-0.400397 0.496953 1.56944
-0.336961 0.357427 1.56025
-0.126221 0.448482 1.72058
0.0345308 0.486754 1.69003
0.5019 -0.0457549 0.869275
0.315174 0.191305 0.718453
-0.233473 -0.103229 0.852912
0.108554 -0.0800687 0.990013
-0.386065 -0.133853 0.730871
-0.089578 0.486502 1.53518
-0.105616 -0.193184 0.91825
-0.851466 0.515213 1.49137
0.697594 -0.282092 1.17771
-0.382614 0.515937 1.52554
-0.766684 0.263757 1.36204
-0.075378 -0.216087 0.849214
-0.798873 0.476853 1.52283
0.500152 -0.246898 1.025
-0.417639 0.490679 1.79503
0.211903 0.0316055 0.859625
-0.466281 -0.181319 0.815014
-0.777694 0.463094 1.4831
0.17802 -0.0394416 0.933422
0.390323 -0.0538333 0.894871
0.55207 -0.0851623 0.926706
-0.527494 -0.211104 0.855518
-0.868448 0.253932 1.42516
-0.820871 0.0059176 1.4927
-0.179184 0.486728 1.7165
0.0322498 0.460616 1.59939
-0.948464 0.472566 1.45492
0.209771 0.117173 0.755316
0.0531365 -0.254632 0.911534
-0.165387 -0.0363357 0.909454
0.522368 -0.254967 1.06373
-0.0174211 0.463988 1.75418
-0.310004 0.416851 1.74453
0.0443553 0.0806399 0.818002
-0.524819 0.525236 1.49871
-0.725588 0.179729 1.50901
-0.775886 0.00603134 1.41048
0.0772259 -0.160656 0.82876
-0.271203 -0.188168 0.999422
-0.119728 -0.270654 0.931337
-0.764189 0.462681 1.3435
0.395049 -0.205477 1.03544
-0.195389 0.55409 1.93115
-0.504895 0.495179 1.53747
0.0766211 -0.0602821 0.88425
0.22423 -0.000878088 0.873994
0.456528 0.589465 1.6492
-0.181127 -0.0495131 0.695575
-0.895879 0.312898 1.60387
-0.804527 0.253601 1.48526
-0.00989216 0.0164356 0.853818
-0.36043 0.527761 1.59939
-0.0846968 -0.0134766 0.321909
0.176937 -0.018912 0.668551
0.272765 0.523031 1.48524
0.20935 -0.227233 1.06527
0.550345 -0.34728 1.01517
-0.211399 -0.143025 0.935414
0.253878 0.216445 0.727989
0.317739 -0.0300941 0.659926
0.338508 -0.16653 0.806257
-0.200694 -0.251927 0.879485
-0.364158 -0.0516156 1.58639
-0.398724 -0.148173 0.64103
-0.383324 -0.152055 0.729131
0.147374 -0.011728 0.595401
-0.518934 -0.206492 0.832671
0.478129 0.207746 0.79088
0.155038 -0.100262 0.941752
0.233514 -0.0513164 0.724732
0.20165 0.11224 0.724841
0.159528 0.0981262 0.866196
0.0594421 -0.00576298 0.881953
-0.444524 -0.149776 1.34476
-0.324403 -0.28442 0.861201
0.295221 0.0405217 0.737609
0.299282 0.155578 0.687256
0.544695 -0.260403 1.07044
0.237937 0.0371764 0.658514
0.231907 -0.125708 0.689224
-0.214331 -0.270946 0.949688
0.268929 0.154176 0.599245
-0.163028 -0.213657 0.76713
-0.300757 0.376036 1.74367
0.2096 -0.0420534 0.631772
0.105947 0.126673 0.80584
-0.136948 -0.208189 0.870967
-0.138441 -0.0271679 0.830525
-0.674495 0.196159 1.15065
0.20495 0.0708213 0.861868
0.280759 0.161742 0.722585
0.326226 0.0218878 0.657333
0.640779 -0.138112 1.03243
0.155592 -0.216768 1.016
-0.624693 0.464155 1.43645
-0.092363 -0.281046 0.905167
-0.0767607 -0.259468 0.861798
0.211188 0.0302576 0.858551
-0.444235 -0.231682 0.949608
0.0981239 -0.051937 0.875812
-0.346484 -0.216035 0.938161
0.138887 0.129414 0.833701
0.198894 -0.0134345 0.940503
0.182933 0.141171 0.891856
-0.285735 -0.0856119 0.670315
0.145371 0.102909 0.753344
0.0570094 -0.0458398 0.677162
0.0170083 0.0429302 0.904952
0.145419 -0.0703107 0.964456
0.17916 -0.157117 1.05633
-0.162106 -0.0634609 0.88861
-0.324948 -0.106598 0.867476
-0.0194338 0.058391 0.832926
0.170431 -0.0576482 0.883748
0.384181 0.050531 0.670929
-0.0754609 -0.168493 0.849475
0.350127 0.151847 0.657897
0.111509 0.0997123 0.749682
0.344915 0.0650199 0.6603
-0.0520013 -0.158987 0.852052
0.266834 -0.0949965 0.60896
-0.153255 -0.0335477 0.839627
0.218963 0.148546 0.830577
0.398306 -0.132054 0.885495
0.0636999 -0.116717 0.818164
0.390316 -0.12906 0.868084
0.0744401 0.0714 0.847659
0.402502 0.119071 0.707002
0.0983843 -0.0672742 0.940946
0.00843709 0.0724291 0.829503
0.407161 -0.120048 0.871709
-0.271778 -0.0912891 0.538409
-0.289464 -0.100116 0.548112
-0.331998 -0.110995 0.653307
0.268583 0.11317 0.695796
0.312922 -0.0170509 0.744608
0.12393 0.019499 0.751732
0.240023 -0.0455767 0.637296
0.33167 0.227129 0.682763
0.162013 0.14281 0.855878
-0.0127064 -0.193743 0.873355
0.126568 -0.0423124 0.946733
0.356533 0.248656 0.675754
-0.175153 -0.0665275 0.659414
0.35576 0.111791 0.639966
0.0525842 -0.2757 0.909676
0.0116955 -0.176347 0.860369
0.190303 -0.0969751 0.934857
0.315811 0.0208861 0.639092
0.256774 0.107281 0.674122
0.276335 0.0386127 0.693748
0.29984 0.154172 0.685084
-0.0408334 0.317146 1.6397
0.120943 -0.0388379 0.902927
0.0159768 -0.170098 0.889971
0.00168468 -0.00376828 0.916409
0.050139 -0.149005 0.940196
-0.861075 0.467768 1.54503
-0.203287 -0.137402 0.838125
0.273399 -0.0223847 0.760335
-0.627046 0.466759 1.44787
-0.779796 0.265418 1.51536
-0.699758 0.287163 1.54163
0.0106193 -0.137178 0.832832
0.0132115 0.0556224 0.874381
-0.745139 0.438421 1.41702
-0.917855 0.267252 1.47779
-0.353344 0.484767 1.66179
-0.0524444 0.3021 1.27644
-0.413218 0.340259 1.57241
-0.809368 0.0018835 1.47259
-0.478737 0.465213 1.4535
-0.760782 0.284377 1.35567
-0.294082 0.373363 1.73423
0.186313 0.140142 0.837967
-0.0922322 0.50866 1.60823
-0.891053 0.188652 1.45773
-0.225512 0.358692 1.57725
-0.750461 0.30166 1.60423
-0.197781 0.190287 1.45179
0.412234 0.530145 1.57576
0.353544 0.0719028 0.667621
-0.417976 0.501307 1.46144
0.140438 -0.0496433 0.830138
0.0321618 -0.0379102 0.850376
0.190633 -0.0422738 0.602559
-0.269791 -0.134074 0.671267
0.221293 0.035451 0.614115
0.286919 0.150177 0.744322
-0.0711643 -0.201057 0.858149
0.471849 -0.127301 0.809436
0.379031 -0.234986 0.950159
0.260735 -0.131613 0.65275
-0.331817 -0.205295 0.866789
-0.076846 -0.194175 0.806672
0.156148 -0.238545 0.956366
0.327878 -0.0921346 0.848041
-0.138263 -0.206476 0.87353
-0.34315 -0.209376 0.848838
-0.419787 -0.127893 0.96111
0.363241 0.0820645 0.682954
0.105459 -0.275371 0.924986
-0.586869 0.434231 1.33729
-0.352313 -0.154465 0.851724
0.0749674 0.0718056 0.84897
-0.441119 -0.15122 0.681096
0.311984 0.207887 0.716256
0.220647 -0.111399 0.880875
-0.0523424 0.0333892 0.851965
-0.0628909 0.0336593 0.782636
0.0132368 0.0496223 0.772401
-0.194878 -0.24401 0.847586
-0.253068 -0.269794 0.849629
0.0576652 -0.023401 0.936791
0.0479063 -0.316083 0.911369
0.187075 0.106501 0.856342
0.283051 0.188129 0.67835
0.0620896 -0.0421803 0.961297
-0.0276864 -0.258168 0.892113
-0.217805 -0.272279 0.814622
-0.224191 -0.251513 0.82786
0.289014 0.223403 0.771774
0.0770922 -0.3269 1.00787
-0.0389955 0.0383465 0.830785
0.375834 0.198047 0.762658
-0.0864181 -0.0501849 0.899688
0.0132359 -0.0562763 0.912791
0.00209243 -0.169118 0.85324
0.178573 0.167385 0.829591
-0.16064 -0.281918 0.906515
0.126068 -0.183141 0.965264
-0.0368487 -0.185005 0.877849
-0.0699925 -0.200975 0.858385
0.392651 0.113171 0.698351
-0.257925 -0.277952 0.848641
-0.394291 0.53673 1.57438
0.229871 -0.0309816 0.860898
0.217678 -0.152838 0.952047
0.108452 -0.224715 0.906328
0.22776 -0.00122667 0.885548
-0.388082 -0.144578 0.637194
0.0589451 -0.176913 0.858874
-0.267155 -0.264337 0.786805
0.294077 0.20082 0.807001
0.285565 -0.127886 0.935346
-0.18984 -0.0930671 0.916777
0.195268 0.0692692 0.837121
0.264197 0.111629 0.693023
0.54224 -0.255815 1.05957
0.42966 -0.335276 1.01284
0.354897 -0.328774 0.918714
0.401159 -0.297245 1.07031
-0.22107 -0.082238 0.881745
0.518504 -0.334789 0.938689
0.291436 0.127603 0.680916
-1.38033 -0.216365 2.45698
0.368338 0.0829218 0.691878
-0.139089 -0.208042 0.880302
0.43276 -0.211314 0.935949
-0.111952 0.00247242 0.95934
0.133785 0.133679 0.938812
-0.298312 -0.127657 0.799063
-0.375587 -0.124691 0.747998
0.0563403 0.0863724 0.824283
-0.221403 -0.0602523 0.774581
-0.395389 -0.178111 0.80108
-0.35346 -0.102532 0.855427
-0.0887316 0.00169797 0.682604
-0.0219026 0.0572748 0.806785
0.205587 -0.138351 1.02076
0.113021 0.117069 0.850169
-0.131146 -0.0174104 0.57761
0.0915803 -0.100936 0.906224
0.124106 -0.126825 0.900394
0.234783 -0.0328904 0.885355
0.224317 -0.0239211 0.833713
0.424568 -0.0364799 0.875112
0.0681568 0.0636066 0.951683
0.438911 0.0466032 0.711263
0.144855 -0.0376203 0.892113
-0.309045 -0.0893038 0.755833
0.127641 -0.130653 0.924543
-0.0589706 -0.237277 0.903665
-0.0299517 -0.0245659 0.0703195
0.016424 -0.225266 0.89261
-0.201802 -0.0185004 0.836209
0.000511677 -0.00925476 0.890983
0.0381715 0.0248538 0.63543
0.197655 -0.263204 1.03518
-0.0500999 -0.0619754 0.935743
0.3769 -0.060284 0.858214
0.179945 -0.079844 0.780751
0.0327624 -0.0471378 0.903799
-0.261845 -0.25021 0.856003
0.367714 0.15225 0.73431
0.195355 0.0138944 0.886349
0.171398 0.00490634 0.699081
0.0370749 0.027242 0.893409
-0.0316743 -0.16165 0.870826
-0.0493918 -0.160235 0.809529
0.0661754 -0.123848 0.845113
-0.119862 0.15963 1.03774
0.188105 0.00956606 0.752668
0.26251 0.171548 0.745329
0.223222 0.149929 0.836117
-0.102484 -0.0602876 0.827277
0.318718 0.235646 0.700345
0.0866842 -0.0809066 0.909851
-0.28802 -0.0672654 0.884213
0.349986 0.124533 0.683425
0.285099 -0.164131 0.709291
0.31741 -0.0280502 0.692226
0.147109 -0.0640562 0.897013
0.504613 -0.27945 1.10217
0.256593 0.121502 0.708969
-0.117716 -0.0265773 0.63868
0.203066 -0.070569 1.05234
0.251933 -0.078753 0.557002
0.356156 0.140957 0.687121
0.0782888 -0.0291688 0.8929
0.256892 -0.234515 1.1279
0.19455 -0.0979052 0.948495
0.396041 0.222598 0.69311
0.279618 -0.084999 0.917755
0.112403 0.0955263 0.945587
0.306061 0.157175 0.698479
0.0373204 -0.209006 0.871398
0.275859 0.235159 0.758961
0.212966 0.0347739 0.859884
0.128386 -0.291915 0.895352
0.0266582 -0.128523 0.877689
-0.0218305 0.0569038 0.820744
0.132917 -0.0486809 0.920617
-0.177549 -0.1357 0.847195
0.279266 -0.117809 0.908089
-0.335828 -0.110816 0.925401
-0.355673 -0.105724 0.841811
-0.324271 -0.140998 0.804202
0.173434 -0.0425253 1.04373
-0.217741 -0.0347645 0.823512
-0.4395 -0.159735 0.756758
0.221659 -0.0353604 0.792748
0.291563 0.181687 0.716819
0.137753 -0.078835 0.888644
0.114891 0.12051 0.688164
0.59515 -0.292571 1.2155
-0.0507136 -0.0276885 0.843991
0.330383 0.0182423 0.664131
0.365109 0.240367 0.70128
0.0542125 0.0332416 0.725736
-0.209031 -0.228029 0.864086
-0.156364 -0.274 0.886379
0.150101 -0.0981891 0.919675
0.153011 -0.0569611 0.740546
-0.0813727 -0.176286 0.893449
-0.0537555 0.0305259 0.827759
0.0147438 -0.00421756 0.894551
-0.0791117 -0.090032 0.820691
-0.157654 -0.0616146 0.843278
0.0721081 -0.0964325 0.874938
0.0270245 0.0552947 0.876556
0.30712 0.260484 0.738741
0.324508 0.00423713 0.735071
0.0596295 -0.220849 0.872276
0.203617 0.131741 0.775259
0.272686 0.241555 0.688298
-0.240801 -0.159614 1.02044
0.0477447 -0.296894 0.878572
0.0647416 -0.0541389 0.925988
0.282945 0.102533 0.791532
-0.298782 -0.191844 0.873046
0.00686569 -0.161626 0.817175
0.423713 -0.177485 0.810599
-0.240766 0.4098 1.679
0.169425 0.0840326 0.897688
0.149635 0.0744709 0.812697
0.58071 -0.279212 1.05679
0.25857 0.107942 0.671728
0.217169 0.126212 0.767455
0.32724 0.154246 0.666821
0.191022 -0.110675 0.987396
0.365029 -0.0126562 0.649922
0.375878 0.114942 0.669685
-0.218775 -0.151613 0.836122
0.137778 -0.125084 1.01443
0.370922 0.19964 0.724815
-0.202317 -0.0606143 0.639628
0.311844 -0.120431 0.711019
0.0723555 -0.0540954 0.897668
0.383874 -0.0147425 0.678469
0.189863 0.108141 0.858336
0.0897601 -0.0556347 0.921381
0.544917 -0.257513 1.0641
0.437807 0.57301 1.60495
-0.473683 -0.265285 0.881289
-0.00287109 -0.27047 0.879387
0.150545 -0.213403 0.997177
0.209129 -0.0470074 0.750564
0.373161 -0.0843998 0.717741
-0.384487 -0.242245 1.05858
-0.214837 -0.095566 0.77868
-0.292264 -0.181205 0.776031
0.146977 0.11012 0.898981
-0.255496 -0.0731334 0.852549
-0.131187 0.558232 1.6276
-0.251203 0.321062 1.75521
0.153358 -0.0532359 0.895953
0.20728 0.137634 0.85525
-0.00710033 0.524825 1.56201
-0.38801 0.42539 1.49872
-0.269288 -0.181594 0.907414
-0.43303 -0.143107 0.887979
-0.395305 0.49177 1.54729
-0.79694 0.43781 1.4082
-0.446268 0.456801 1.50087
-0.946177 0.319714 1.44866
0.369114 0.196636 0.716466
-0.797332 0.102987 1.41508
-0.685909 0.142654 1.57478
-0.873859 0.0565329 1.79946
-0.690513 0.021459 1.63093
-0.0273631 -0.254546 0.874765
-0.117521 0.438502 1.56587
-0.42307 0.381879 1.52704
1.0653 0.324692 1.59886
-0.649133 0.436657 1.38551
0.352646 0.188626 0.688821
0.0646736 0.0413421 0.864867
0.216918 -0.0512259 0.996422
0.00807396 -0.157089 0.899936
0.0382409 0.0983753 0.988298
0.305318 0.103287 0.602764
4.85015e-05 -0.0384681 0.904502
0.286865 -0.0494835 0.919867
0.324709 -0.056851 0.848633
0.1624 0.115621 0.839101
-0.107693 -0.187117 0.90394
-0.15173 -0.048348 0.796621
-0.0468053 -0.247527 0.88218
0.0318738 -0.0477772 0.807639
-0.322457 -0.191437 0.894908
0.381264 0.0771997 0.727197
-0.173437 -0.234645 0.850807
0.177397 0.0089462 0.689679
0.32084 0.236634 0.728071
-0.0269836 -0.152832 0.91698
0.106032 0.00667142 0.906377
-0.211884 -0.0707844 0.414899
0.0131004 -0.166124 0.867397
0.00357358 -0.172807 0.874561
0.0536608 0.0644978 0.928258
0.322269 -0.0559616 0.842825
-0.201847 -0.0894664 0.734421
-0.0750908 -0.26613 0.885179
0.00403303 -0.173218 0.880011
-0.0673959 -0.128215 1.45317
-0.359264 -0.124236 0.788456
-0.133963 0.00377896 0.843001
-0.110205 0.00140555 0.797133
-0.407614 -0.140602 0.784099
0.198189 -0.122168 1.17415
-0.0834166 -0.171035 0.857179
-0.0604491 -0.0186144 1.24441
-0.208316 -0.0930269 0.389626
-1.08407 -0.396202 2.60685
0.258688 0.209549 0.579681
-0.269865 -0.107867 0.489229
-0.171335 -0.231605 0.842089
0.0558188 -0.00467214 0.872245
-0.16091 -0.053551 0.799974
-0.335762 -0.148152 0.801719
-0.359478 -0.132682 0.721426
-0.219268 0.0273727 0.866045
-0.104381 -0.000865832 0.834609
0.0242968 -0.213955 0.822934
0.263513 -0.114139 0.615228
0.321419 0.196252 0.733467
-0.0896424 -0.268707 0.859436
-0.0916015 -0.0174661 0.52637
0.297155 0.106429 0.702043
-0.0197299 -0.156961 0.94276
-0.0824376 -0.21222 0.879964
0.24652 -0.284899 1.01509
-0.0424494 -0.0234814 0.778296
-0.167086 -0.0644193 0.814628
-0.250553 -0.218461 0.793883
0.118618 -0.0270163 0.899865
-0.315834 0.295274 1.57329
-0.179384 0.447665 1.87499
-0.412691 0.474189 1.70911
-0.557372 0.491518 1.48714
-0.858478 0.440809 1.41139
-0.535192 0.270297 1.53034
0.105244 -0.221641 0.892602
0.129092 -0.0489218 0.906013
-0.504048 0.486901 1.52328
-0.0697976 -0.208737 0.839055
-0.565847 0.510698 2.07368
-0.82386 0.458739 1.57281
-0.925238 0.157496 1.67134
-0.343823 -0.199915 0.842041
-0.228163 -0.107242 0.962961
0.144938 -0.0963711 0.898153
0.208193 0.185117 0.883565
-0.603315 0.257791 1.23215
-0.0140821 0.612776 2.15836
0.0485689 -0.0839177 0.861042
0.0284097 0.455574 1.57847
-0.311905 0.298534 1.58335
0.712836 -0.266997 1.21738
-0.172972 0.495925 1.56201
-0.912589 0.267679 1.57378
0.356391 0.00861779 0.635495
-0.951631 0.322138 1.45511
0.046365 0.0505438 0.860472
-0.149617 0.439115 1.63117
0.340074 -0.277369 0.840946
-0.950678 0.136892 1.55684
-0.194112 0.439403 1.72832
-0.976757 0.178317 1.49078
0.162489 0.132135 0.891172
0.0344309 -0.213501 0.862309
-0.84367 0.508814 1.61285
0.035067 -0.213419 0.865535
0.323399 -0.0329591 0.675209
0.178848 -0.0924773 0.605189
0.278231 0.130431 0.769903
0.157029 0.0754359 0.859819
0.20453 -0.116039 0.619003
-0.140829 -0.0101112 0.703524
0.0764592 -0.0226933 0.808889
-0.00104977 -0.277478 0.904199
0.0821164 0.00467406 0.876243
-0.0436605 -0.12954 0.8551
-0.0745916 -0.264929 0.883927
-0.240852 -0.145054 0.851512
0.341148 -0.00852719 0.609556
-0.152745 -0.057825 0.249342
-0.278035 -0.102287 0.726931
0.347439 0.0454626 0.642774
-0.101225 0.0250956 0.834681
0.248708 0.129202 0.689052
-0.0653956 -0.0166965 0.151636
0.197785 0.171331 0.735808
0.0710758 0.105383 0.810134
-0.113005 -0.00366236 0.77771
0.201499 -0.202574 1.03876
-0.14456 -0.057078 0.553683
0.130276 -0.0450779 1.10763
-0.0495358 -0.0269545 0.81602
-0.305994 -0.122269 0.715121
-0.308843 0.283226 1.52132
0.194848 0.176296 0.708684
0.379412 0.190241 0.70903
0.196019 -0.0575773 0.965021
-0.119889 -0.0286639 0.610259
0.0972193 0.0533131 0.798453
-0.477624 -0.054702 0.825314
-0.137308 -0.203301 0.895619
0.0922124 0.128746 0.965243
-0.283721 -0.0710346 0.831502
0.0977774 -0.0970893 0.987915
0.0637995 0.100258 0.766863
0.021159 -0.221277 0.874757
-0.0605166 0.0124145 0.778516
-0.0158288 0.0388439 0.855589
-0.369961 -0.148583 1.05187
0.016308 -0.223474 0.885774
0.325009 0.107488 0.795624
-0.341234 -0.150166 0.811993
-0.453478 0.229653 1.72906
0.231258 -0.111017 1.00007
-0.00618748 0.0413586 0.529555
0.261826 0.209623 0.729166
-0.388465 0.422501 1.43631
-0.115957 -0.175837 0.796619
-0.122454 0.472801 1.69191
0.106992 -0.216239 0.924514
-0.0650328 0.416778 1.76732
-0.0599316 0.521335 1.58655
0.0787569 0.616054 1.78126
-0.494771 0.156954 1.49639
0.150444 0.0712181 0.962859
0.0454727 0.0953188 0.812084
0.111559 0.564892 1.56434
-0.42059 -0.157878 0.812854
0.32368 0.189331 0.69242
0.315056 -0.0875851 0.814017
-0.0907069 -0.0425163 0.909205
-0.708485 0.413323 1.32
0.328152 0.0555204 0.885187
-0.0769497 -0.273536 0.856056
0.377178 0.1401 0.676769
-0.235355 -0.0929139 0.816377
-0.0216184 0.027608 0.818357
-0.288263 -0.104051 0.496046
-0.176765 -0.0675277 0.351745
-0.240488 -0.162135 0.815371
0.0396829 0.0458685 0.813648
0.305199 0.247569 0.679858
0.0382181 0.408398 1.56873
0.329902 0.114435 0.690044
0.284159 0.0134323 0.667203
-0.0557794 -0.085202 0.701458
-0.434417 -0.160215 0.791371
-0.079798 -0.168121 0.848707
0.300834 0.210286 0.734505
0.239659 0.146568 0.58987
0.341748 0.119865 0.667325
-0.618504 -0.224249 1.04845
0.143122 -0.0097824 0.603114
0.63281 -0.364996 1.20252
-0.241613 0.302608 1.66918
0.379883 0.191274 0.710228
-0.0815147 0.46405 1.58512
0.138567 -0.129588 1.04201
-0.43563 0.446563 1.4695
0.396927 0.210458 0.710535
-0.0409596 -0.0188604 0.918681
0.318022 0.105077 0.709515
-0.652506 -0.219902 1.32378
-0.0286958 0.0636631 0.875354
-0.461075 -0.295636 1.34208
0.198289 0.163222 0.78843
0.241349 -0.0256152 0.627197
0.0719488 -0.0943364 0.884138
-0.220911 -0.150642 0.907048
-0.000978008 -0.00169529 0.798676
0.319668 0.0300106 0.639465
0.192033 0.101488 0.747027
0.0619457 -0.176988 0.884635
0.0165766 -0.220151 0.87401
0.00109282 0.0695892 0.853428
0.321887 0.19194 0.673399
-0.49586 0.132005 1.46699
0.24155 0.1478 0.764271
-0.0754144 -0.0159191 0.251297
-0.459402 0.465693 1.47094
-0.138366 -0.202533 0.890618
0.0636643 -0.0171853 0.915741
-0.0715124 0.503685 1.77441
-0.458949 0.427589 1.53057
-0.41691 0.452613 1.53259
-0.0571188 -0.0655207 0.977237
0.127021 0.102279 0.702776
-0.182091 -0.24392 0.884975
0.439958 0.109441 0.724408
-0.233503 -0.0816312 0.768446
-0.768245 0.296068 1.46435
0.181588 -0.0679855 0.984667
-0.0596279 0.54896 1.66124
0.0562152 0.48325 1.74543
0.311157 -0.223706 0.826938
0.351897 0.232188 0.678642
0.148111 0.147248 0.751956
0.312293 0.577149 1.7575
0.0944197 0.0397632 0.848136
-0.0864604 0.395848 1.81351
0.261186 0.590093 1.67198
-0.0159769 -0.086136 0.251516
0.153318 0.565506 1.70106
0.0428062 0.439579 1.69726
-0.190055 0.575762 1.61285
0.123109 -0.163655 0.990615
-0.0488568 0.0233297 0.426351
-0.27084 0.288613 1.6456
-0.188806 -0.0528691 1.02087
0.0630757 -0.019815 0.925438
0.11218 0.0372914 1.10113
-0.32102 0.49741 1.57008
0.102387 0.129349 0.821518
-0.329299 0.266443 1.68043
-0.110267 0.357297 1.53923
0.655974 -0.324992 1.10292
0.00530299 0.0650678 0.715127
-0.349251 0.55144 1.5762
0.24901 -0.22458 0.982688
-0.724951 0.289945 1.55058
0.00638659 -0.0299137 0.0872268
-0.043257 0.0205564 0.378011
0.0754642 0.00670984 0.380326
-0.0661025 -0.0663788 0.554721
-0.0398371 -0.0101084 0.0495504
-0.0383237 0.00786398 0.693162
0.205277 0.124476 0.710774
-0.0893243 -0.0139247 0.838852
-0.0151517 -0.00334593 0.224121
-0.153385 -0.24487 0.886869
-0.207434 -0.0924897 0.84242
0.132605 -0.0234513 0.855295
0.193975 -0.142953 0.941087
0.0560863 -0.0881711 0.912974
0.35142 0.218368 0.68324
0.139432 0.139297 0.849452
0.509862 -0.262471 0.871794
0.140999 -0.0887771 0.950287
0.337873 0.146363 0.635957
0.148289 0.0910404 0.809677
0.102663 -0.272092 0.912718
-0.218706 -0.0366029 0.806444
-0.0352679 0.0116461 0.742044
