0.743007 -0.123567 1.66119
-0.126961 0.120649 1.36837
0.75104 -0.338839 1.63962
0.0531646 0.119281 0.401078
0.0496132 0.110968 0.421127
0.11637 0.082287 0.411774
-0.0567727 0.110441 1.30988
0.766949 -0.353887 1.66943
0.110807 0.135046 0.418635
0.0290772 0.109557 0.452077
-0.162241 0.146842 0.534396
0.057401 0.105641 0.401903
0.100494 0.128719 0.401089
-0.165008 0.15023 0.544709
0.121852 0.0861676 0.429896
-0.0408348 0.0855276 0.391512
0.144738 0.0886571 0.386048
0.204786 0.0798931 0.322656
-0.125692 0.118849 1.37497
-0.0404266 0.0855145 0.391078
0.0445143 0.0849543 0.420086
-0.00949176 0.0620938 0.403129
-0.100485 0.0902646 0.488848
-0.00376902 0.0880543 0.402328
-0.210926 0.146162 0.495597
-0.498137 0.0590027 1.5138
0.0683741 0.128227 0.401387
-0.181388 0.147477 0.516363
1.03349 0.0747356 6.32458
-0.213363 0.14821 0.50063
0.036373 0.0821181 0.353846
-0.0897564 0.0764014 0.381939
-0.305425 0.238738 1.52263
0.0244322 0.0629368 0.392853
0.553528 0.0836154 0.967862
0.0275317 0.0728411 0.394237
-0.0644159 0.0989879 0.441084
0.468831 0.0390484 0.800368
-0.128859 0.131563 1.37319
0.00720729 0.0821744 0.357673
0.120803 0.0883141 0.43763
0.211181 0.100796 0.328728
0.13548 0.0812469 0.364741
0.0446413 0.0940335 0.35455
-0.267092 0.0865576 1.33288
0.214523 0.10534 0.329948
-0.0963578 -0.0893739 0.418316
0.106311 0.0978226 0.467626
0.169588 0.116174 0.365696
0.0298975 0.0516231 0.502274
0.446199 0.204045 0.540691
0.216145 0.0958448 0.301206
0.0101272 -0.0552975 0.265017
0.0417036 0.0533299 0.403272
0.151816 0.0691377 0.379816
0.151544 0.0692299 0.380769
-0.0893765 0.0712083 0.375269
0.175793 0.0813286 0.449879
-0.082935 0.068712 0.362624
0.0544779 0.0928946 0.290312
-0.0117704 0.117986 0.298751
0.0475412 0.125832 0.398125
0.103167 0.111436 0.473301
0.192734 0.0861138 0.393711
0.160193 0.120547 0.379124
0.0427028 0.163319 0.487233
0.0770648 0.133822 0.353557
0.067009 0.126599 0.398879
0.0586456 0.120566 0.384255
0.0888045 0.105399 0.394062
-0.0579107 0.0849895 0.399313
-0.0174866 0.092771 0.405487
-0.00678693 0.123108 0.394304
-0.067566 0.0817962 0.388621
0.0997738 0.0908126 0.287325
0.0268056 -0.011071 0.251075
0.652247 0.00982558 0.678366
0.684467 0.0124129 0.710378
-0.0270145 0.293548 1.26434
0.0291958 0.0756864 0.409105
0.208792 0.0822379 0.328459
0.142034 0.0802781 0.424731
-0.649941 0.322164 1.43679
-0.126528 0.127508 0.379876
-0.164992 0.145296 1.35277
0.194782 0.119783 0.381701
0.145851 0.0667373 0.36186
-0.173721 0.144691 0.582896
-0.536956 0.256854 1.48081
0.698392 -0.439919 2.03187
0.784462 -0.34131 1.63038
0.158968 0.0675576 0.3747
-0.0552142 0.0826736 0.387978
-0.0411251 0.0847102 0.390256
0.861024 -0.0598358 1.66408
0.209754 0.126474 0.353657
0.175232 0.212431 1.96335
0.990311 0.0184385 1.47612
-0.0742994 0.070649 0.343762
-0.0444773 0.163601 1.51833
1.00449 -0.473193 1.12913
0.572246 0.0841805 0.704313
0.50736 0.102922 0.629715
0.0489179 0.0514545 0.487156
0.104056 0.0807544 0.417809
0.214959 0.0528629 0.303727
-0.0570742 0.126712 1.27093
-0.0821909 0.0989717 0.376039
-0.00191672 0.0779765 0.378621
0.367712 0.0687315 0.599343
0.00476798 0.0479836 0.429673
0.0270728 0.0645834 0.396217
0.859388 -0.299241 1.76872
0.0652964 0.128875 0.409274
0.0372154 0.11888 0.483279
-0.0380364 0.1637 0.458293
-0.295812 0.321072 1.51562
-0.0714839 0.0837594 1.46359
0.143532 0.0730118 0.371015
-0.685668 0.155281 1.56419
0.117424 0.148869 0.539825
0.0396083 0.136044 1.24214
0.750077 -0.259481 1.55703
0.13495 0.0744231 0.396974
1.20109 -0.502333 2.21896
-0.0835926 0.0911366 0.373672
0.0536077 0.113852 0.427557
-0.00514653 0.143323 0.42531
0.318378 -0.26972 2.35613
-0.434012 0.287656 1.2722
0.225098 -0.13267 0.894729
0.11746 0.0826694 0.408816
-0.114169 0.105021 0.453594
-0.0676919 0.0843671 1.38571
-0.523911 0.173255 1.57572
0.476466 0.0480535 2.38789
0.0915241 0.0825382 0.375022
0.154657 0.0765306 0.387228
0.299264 -0.0273409 2.21343
0.194007 0.105225 0.383012
-0.439438 0.211774 1.36811
0.51472 0.186395 2.1703
0.134554 0.0827924 0.37266
0.479469 0.213894 2.24133
0.0399584 0.0283343 1.49687
0.971004 -0.261454 1.78386
0.0231563 0.102345 0.428828
1.49074 -0.48713 2.6634
-0.461215 0.239661 1.42639
0.140167 0.0676553 0.351052
-0.0717925 0.0851804 1.44656
0.174016 0.0675814 0.375524
-0.145854 0.127247 0.528997
-0.630022 0.0872914 1.45697
-0.0436119 0.0871696 0.398457
0.0391584 0.0822947 0.406572
0.178151 0.0642216 0.38142
0.10234 0.142894 0.419
1.33813 -0.558522 2.50248
0.00447882 0.119823 0.450153
0.700029 0.118588 1.71997
0.000992025 0.117709 0.436363
-0.0597802 0.106697 0.4256
-0.517867 0.177466 1.62831
-0.193477 0.153416 0.541296
0.0978419 0.0822877 0.434025
0.114008 0.102442 0.509249
-0.18416 0.173406 1.30422
0.0298905 0.137546 0.458658
-0.0807527 0.13132 0.372734
0.0240549 0.0984662 0.429564
-0.176628 0.139812 0.496131
0.389168 -0.440329 1.76156
-0.455343 0.231833 1.45504
-1.02451 0.544551 2.28199
-0.520733 0.312096 1.33375
0.738756 -0.262359 1.53252
-0.04696 0.071709 0.38903
-0.58335 0.212781 1.42073
-0.143694 0.104997 0.38954
-0.052186 0.0975624 0.381141
-0.467645 0.212997 1.32048
-0.0513219 0.0507514 0.365833
0.182011 0.115952 0.281786
0.161412 0.109072 0.344766
0.202536 0.141945 0.421303
-0.00569625 -0.158124 1.38155
0.139615 0.0791886 0.420136
-0.124328 0.124848 0.378584
0.66918 -0.42018 1.97029
-0.0454816 0.0859395 0.395037
-0.529015 -0.0184984 1.24079
0.790707 0.144803 1.69764
-0.0846978 0.134335 0.381364
0.10153 0.177967 0.478311
0.0977694 0.13922 0.39926
-0.110093 0.150207 0.424383
0.0831682 0.137172 0.341572
-0.454946 0.216293 1.44124
1.04146 -0.417796 1.95339
0.256848 0.0783163 0.36386
0.171438 0.0651579 0.367798
1.08141 0.0106331 1.63137
-0.414781 0.154222 1.56484
-0.40097 0.14919 1.51747
0.0499821 0.0867289 0.218604
0.753133 -0.235849 0.842599
0.172252 0.123853 0.284592
-0.369085 0.148768 1.36293
-0.0681975 0.0771632 0.406168
-0.159901 0.158443 1.38
-0.0652963 -0.465821 1.44245
0.480558 0.107774 0.793565
-0.149128 0.135731 1.23988
-0.49557 0.238018 1.44555
0.0470616 0.0841417 0.512156
0.173825 0.0821463 0.370287
-0.0658245 0.0813416 0.389434
-0.0198815 0.0915758 0.396341
0.0850148 0.0679016 0.362431
-0.211275 0.179827 1.37197
0.658922 -0.328956 1.95273
0.00416724 0.072215 0.391804
0.0409674 0.103127 0.428148
0.00012201 0.0982496 0.737417
0.0255889 0.0622015 0.397934
0.389241 0.0984817 0.573249
0.233325 0.0687814 0.323498
0.213915 0.0723768 0.308227
0.595223 0.176346 0.707781
0.00566678 0.0715484 0.380641
-0.0666794 0.0809091 0.383939
-0.0880477 0.0664754 0.40759
0.848919 -0.106001 1.52604
-0.0343887 0.0697351 0.395668
0.239395 0.252334 2.32388
0.198081 0.0498524 0.310165
-0.327907 0.194882 1.33512
-0.0781658 0.148287 1.22948
0.181435 0.116715 0.36723
0.213162 0.0409542 0.31853
0.154083 0.114168 0.357229
-0.0898891 0.113736 0.412603
0.690216 -0.377553 1.68244
-0.51429 0.172356 1.56564
0.020912 0.0804085 0.38602
0.00469164 0.102794 0.389825
0.0218121 0.106137 0.416624
-0.179924 0.149249 0.538659
-0.458148 0.24486 1.4493
0.173064 0.0667059 0.373005
0.145785 0.0677393 0.348753
0.148167 0.0666667 0.345047
-0.0473117 0.0707341 0.3835
-0.0175003 0.108707 0.383779
-0.0761501 0.138487 0.381347
-0.18391 0.154194 0.543138
-0.508143 0.299907 1.29521
0.0230685 0.101097 0.434835
0.0023061 0.0567426 0.40618
-0.0907558 0.0721929 0.379949
-0.00237222 0.0961481 0.407495
-0.05269 0.119677 0.479671
0.111375 0.0895119 0.459632
0.648256 -0.0505959 0.835011
0.176121 0.0638047 0.379164
2.29464 -2.55033 9.8395
1.38294 -0.411819 2.49263
0.281378 0.0191138 2.42188
0.692562 -0.382657 1.69152
0.022784 0.111542 0.431992
0.207416 0.0954509 0.31291
0.570841 0.131755 1.71547
0.548192 0.0325886 0.78996
0.691116 0.135885 1.05817
0.0380281 0.0467833 0.410969
-0.054849 0.0642625 0.409337
0.0874798 0.113526 0.373038
-0.0554494 0.0730189 0.397613
0.104863 0.124618 0.389713
-0.0796237 0.0955699 0.373254
0.221631 0.0776844 0.312769
-0.0721045 0.0849951 0.347799
0.272482 0.0807997 0.383116
-0.112464 0.0800586 0.469728
0.469134 0.156303 0.844661
0.211272 0.088413 0.322927
0.338813 0.155848 0.641733
0.202854 0.0847377 0.308558
-0.0895083 0.0806779 0.390678
0.0267208 0.121167 0.403173
-0.0741227 0.0668732 0.392997
0.200693 0.127265 0.40505
0.0282115 0.1084 0.444823
0.281273 -0.221514 1.15601
-0.00959694 0.053427 0.401714
0.158757 0.0669648 0.373054
0.21725 0.0752121 0.306244
0.0752633 0.152721 0.356231
0.150458 0.126163 0.309888
0.144111 0.150713 0.364246
0.194492 0.136357 0.3418
0.133728 0.122776 0.275756
0.129222 -0.023832 0.312045
0.217159 -0.0169783 0.402796
0.753332 -0.435857 0.879255
1.07695 -0.354495 1.35439
0.00194409 0.0724291 0.372134
0.97909 -0.0752113 1.71055
0.837717 -0.365683 1.7486
0.0307531 0.0756636 0.444704
0.0337759 0.0774581 0.387961
0.226081 0.0841347 0.319012
0.140094 0.0680762 0.372852
0.0588325 0.119411 0.429104
0.0386881 0.0546463 0.470044
0.479154 0.0689626 0.826667
0.173431 0.0881096 0.482139
0.0430579 0.154224 0.628643
0.0499347 0.126592 0.404354
0.0944047 0.0861707 0.403377
-0.0177784 0.0923916 0.402665
-0.0176177 0.108482 0.388618
0.0893959 0.106996 0.402266
-0.0838455 0.0781413 0.373348
-0.173506 0.140231 0.570147
-0.0826915 0.0956005 0.383877
0.00306752 0.0656455 0.448818
-0.0127027 0.061794 0.401825
0.154864 0.114777 0.360449
-0.0757667 0.0746788 0.363591
-0.403563 0.223846 1.64526
0.222489 0.0340484 2.1978
0.447535 0.0368811 0.76221
0.368659 -0.0177191 2.58889
0.190665 0.0713056 0.413525
0.242535 0.111937 0.506502
0.00070994 0.116522 0.426657
-0.0806206 0.108667 0.379681
0.203318 0.0847875 0.309554
0.0139107 0.130074 0.426962
0.982248 -0.183205 1.52483
1.23927 -0.427495 2.23429
0.841621 -0.0573956 1.63272
0.0309391 0.11587 0.460483
0.244388 0.0369069 2.51506
-0.0406538 0.0808728 0.713339
0.117883 0.0869943 0.433597
-0.0570993 0.0781696 0.424988
0.0502994 0.109332 0.413409
0.262348 0.039281 2.35985
-0.0579623 0.0752923 0.378752
0.180517 0.117179 0.367785
0.143152 0.130569 0.356875
0.10437 0.134627 0.419972
-0.056367 0.136153 0.391313
-0.180846 0.14085 0.468931
-0.16034 0.148735 1.34989
-0.0820893 0.133805 0.380866
-0.169149 0.133463 0.462858
0.0671366 0.121437 0.390023
-0.0949884 0.138307 1.05121
0.112932 0.0833116 0.416681
0.0258757 0.120344 0.403217
0.158784 0.102053 0.452008
0.0170553 0.0986444 0.374851
-0.00303768 0.0876018 0.408365
0.958023 -0.0674324 1.8477
-0.00322667 0.0834524 0.403102
0.793349 -0.126787 1.63589
-0.466019 0.183527 1.61316
-0.0188286 0.111695 0.400627
0.0258254 0.105457 0.352384
-0.454773 0.229085 1.02359
0.208837 0.0999329 0.323149
0.0287254 0.108744 0.448371
-0.0654661 0.0645707 0.403598
-0.165293 0.126285 0.54016
0.0458544 0.0816718 0.531117
-0.138118 0.111757 0.387449
0.211809 0.0442467 0.317821
-0.562591 0.312243 1.62173
-0.437766 0.263642 1.12721
0.218598 0.0525651 0.343543
-0.28534 0.163882 0.579529
-0.00449625 0.0567343 0.377376
-0.329285 0.145974 0.555151
-0.0219551 0.148166 0.427064
-0.0614921 0.0632253 0.388825
0.0410441 0.043371 0.429035
-0.29924 0.180417 0.659486
0.0124625 0.0741116 0.498596
-0.0383292 0.13275 0.397359
-0.079838 0.0706255 0.382117
-0.119042 0.119757 0.360546
-0.197066 0.137684 0.468037
0.00586343 0.149433 0.443686
0.0626222 0.128331 0.407995
0.138272 0.0831192 0.363438
0.0447482 0.098989 0.443127
0.04546 0.158974 0.469676
0.144222 0.0718966 0.370616
0.0436471 0.0851263 0.422517
0.0708793 0.132894 0.429019
-0.0841298 0.111977 0.392193
-0.0598492 0.0889197 0.374657
0.0244342 0.0543004 0.290459
0.110269 0.142751 0.451509
0.189818 0.125926 0.383829
0.0332899 0.165072 0.506321
0.157028 0.0662871 0.341187
-0.0814066 0.102587 0.376483
-0.0323571 0.0687994 0.392991
-0.0887082 0.079954 0.388003
0.0377054 0.0411435 0.400242
-0.122228 0.108051 0.317599
-0.0530361 0.0842899 0.358786
-0.122118 0.107481 0.315993
-0.0786699 0.0699679 0.379051
0.204697 0.0932764 0.318736
0.0481874 0.11346 0.462581
0.0365996 0.115979 0.472703
-0.000767662 0.0960531 0.399757
-0.0199978 0.14452 0.417865
0.194804 0.0529752 0.312554
-0.0310196 0.0683613 0.389079
0.0419179 0.0429021 0.418784
-0.0663428 0.0735842 0.381143
-0.0660085 0.0783945 0.373318
0.152176 0.101842 0.321326
-0.198971 0.151362 0.52246
-0.622116 0.216036 1.48307
-0.243541 0.163793 0.570325
-0.330063 0.176989 0.834059
-0.596221 0.210384 1.42835
-0.22067 -0.0753894 0.813379
-0.0499271 0.0755707 0.336176
0.0415639 0.0967076 0.407424
0.935838 -0.36272 1.50533
0.0959705 0.137208 0.393805
0.022835 0.0903948 0.391819
0.161482 0.068671 0.380746
0.0307205 0.0844674 0.413151
0.00308025 0.102353 0.376317
0.102166 0.0797403 0.408139
0.118387 0.127614 0.336912
-0.0865343 0.113199 0.405927
0.220219 0.123693 0.300223
0.045209 0.13129 0.329424
0.14222 0.144045 0.345267
0.546038 0.0252675 0.91053
0.200394 0.118675 0.29345
0.180681 0.0787066 0.247692
0.09436 0.213545 0.488732
0.0756506 0.154397 0.353937
0.191701 0.126568 0.370634
0.0691584 0.143256 0.368062
0.0235859 0.036183 1.22904
-0.0340192 0.121739 0.365045
0.482265 0.0422304 0.808286
-0.0543049 0.082046 0.3854
0.732081 -0.0940184 1.61992
0.136205 0.0748409 0.39977
-0.208468 0.171582 0.60686
0.118133 0.0824107 0.407972
-0.0653057 0.0952222 0.402045
-0.232566 0.15492 0.701472
-0.0676137 0.0927239 0.382087
0.0173089 0.0745995 0.30684
0.0315453 0.112178 0.449856
0.137423 0.083869 0.378877
0.0114291 0.0900873 0.401162
-0.603253 0.305853 1.34849
-0.223063 0.156011 0.526604
1.68547 -0.539989 2.75866
-1.3402 0.709687 2.97417
-0.0735161 0.0758784 0.368394
-0.0870276 0.133379 0.393734
0.00135553 0.0670008 0.423763
-0.4812 0.264158 1.20507
0.140034 0.0900128 0.396562
0.0425154 0.097335 0.418964
-0.422599 0.167373 1.48934
0.976214 -0.244139 1.77579
-0.171465 0.140697 0.577214
-0.259141 0.159032 0.565695
-0.480016 0.261773 1.50666
0.167138 0.102618 0.340092
0.251778 0.105226 0.348329
0.314728 0.0800497 0.459213
0.258656 0.10733 0.357159
0.141997 0.110748 0.348528
0.228052 0.0765822 0.326
0.0258623 0.139884 0.37428
0.210757 0.0834694 0.331613
-0.0208943 0.14705 0.425104
-0.232511 0.178128 0.477716
-0.346943 0.155701 0.641353
0.303395 0.109817 0.526115
0.289405 0.071178 0.419122
0.0577252 0.136455 0.396251
0.0490376 0.135325 0.371589
-0.680662 0.0813814 1.55603
-2.48395 -0.0357325 3.44593
-0.975256 -0.0377001 1.76228
-0.0688054 0.0933832 0.373284
-0.0560816 0.0798337 0.367959
-0.071836 0.101781 0.379517
-0.136795 0.138141 0.744768
-0.177397 0.135474 0.504566
-0.200195 0.157824 0.519211
-0.197885 0.147482 0.546547
-0.0813906 0.0700915 0.368329
-0.159531 0.146323 0.537383
-0.49196 0.198358 1.48396
-0.29591 0.235945 0.741543
-0.198187 0.156876 0.515898
-0.170743 0.14566 0.517676
-0.17348 0.135011 0.526078
-0.0167936 0.128055 0.397715
0.180125 0.109634 0.370667
0.181513 0.126689 0.342191
0.12103 0.102094 0.274905
0.182147 0.106981 0.264467
0.136208 0.105474 0.33227
0.0611213 0.142461 0.41438
0.0542831 0.125598 0.43605
-0.0211476 0.141311 0.438557
-0.321131 -0.348741 1.3445
0.171356 0.0600281 0.360818
-0.636914 0.0838693 1.47948
-0.44226 0.172986 1.46298
0.535418 0.0720932 0.918804
0.699455 -0.229541 1.79412
0.572233 -0.535984 1.43082
-0.00211997 -0.181239 1.51684
-0.00647296 0.0580647 0.405003
-0.213801 -0.0221352 0.362615
-0.214011 -0.0220418 0.362884
0.0326617 0.0619188 0.392067
0.597803 0.0348609 0.741179
0.584635 0.0857925 0.724884
0.78619 -0.403609 0.85328
0.922213 -0.102541 1.62811
0.0213076 0.066379 0.554378
0.676397 0.0839063 0.672299
0.0266405 0.0468586 0.456535
-0.100427 0.0984341 0.68201
0.152683 0.0692259 0.381805
-0.29415 0.0960731 1.40658
0.731088 -0.388574 0.855633
1.06683 -0.502896 1.21179
0.198065 0.0780834 0.302239
0.446287 0.203652 0.508935
-0.104059 0.0823607 0.433591
0.0978941 0.13656 0.350561
0.14182 0.0991994 0.277401
0.227889 0.0756532 0.323913
-0.00129029 0.147541 0.43199
0.0235852 0.15158 0.403653
-0.0542388 0.0824349 0.386517
-0.0737499 0.0678052 0.385122
-0.0712956 0.136099 0.329917
-0.0758285 -0.0445486 1.38529
1.10282 -0.51201 1.83103
0.686003 -0.163744 1.68763
0.846448 -0.541583 1.56738
0.669408 0.0856089 0.674157
0.653922 0.00629525 0.777097
0.491908 0.0469989 0.813505
0.572709 -0.537772 1.44496
-0.17325 0.175149 1.43427
0.82666 -0.260996 0.929697
-0.414278 0.161773 1.46558
-0.514242 0.198391 1.54848
0.749472 -0.417805 0.789489
-0.0595473 -0.032981 1.25489
-0.377598 0.142542 1.39657
0.299088 0.247614 2.36395
0.880435 -0.37382 1.64455
0.740516 0.136012 1.7448
1.0709 -0.198932 1.66646
1.11127 -0.367528 1.39963
-0.384214 0.226121 1.57162
0.0116515 0.0896933 0.410657
0.0396649 0.0647273 0.407004
0.656022 -0.00345457 0.78889
0.00166777 0.0785353 0.397291
0.319091 0.0802117 0.469502
0.610619 -0.195483 0.816683
0.591253 0.027904 0.742028
0.677836 0.083379 0.67339
0.700311 -0.376531 1.68062
0.785701 -0.147206 1.48855
0.585347 -0.538227 1.41898
0.608921 -0.190813 0.808976
-0.0683021 -0.0367361 1.32667
0.739474 -0.113678 1.64253
-0.4659 0.214365 1.40991
0.166566 0.117809 0.243772
0.180385 0.138251 0.326061
0.112402 0.118386 0.4198
0.174149 0.118415 0.281913
-0.0746139 0.0690986 0.386004
-0.0181486 0.16361 0.424795
0.0166395 0.108499 0.52909
-0.0883094 0.103267 0.407304
0.17849 0.121635 0.322718
0.00528697 0.155526 0.461573
-0.0750714 0.103488 0.377196
0.197687 0.147556 0.417888
0.0211342 0.155233 0.452724
0.0721694 0.135699 0.425952
0.162759 0.0689408 0.383036
0.596915 -0.532376 1.38494
-0.202967 0.167211 1.29924
0.915859 -0.584165 1.6891
0.285563 -0.36454 2.4189
-0.0342959 0.0605621 0.3371
0.476312 0.0388725 0.809373
-0.0476964 0.0695896 0.383147
0.604593 0.0853494 0.72799
0.00586837 0.0687917 0.399606
0.0410362 0.0525653 0.40484
0.040436 0.0776141 0.484361
-0.0282599 0.161105 0.761412
0.184248 0.132816 0.30051
-0.0547318 0.154366 0.29155
0.339749 0.186407 0.423036
0.247891 0.108931 0.345289
0.19224 0.112053 0.256416
-0.115612 0.15612 0.439235
-0.0663645 0.0774144 0.364415
-0.0801965 0.0921377 0.375142
0.208281 0.125793 0.350598
-0.0888689 0.124581 0.403247
-0.393209 0.162677 1.45217
0.124495 0.0924047 0.255854
0.0619541 0.145766 0.414954
0.166829 0.0725661 0.349197
0.0996827 0.121202 0.433505
0.799293 -0.27448 1.66319
0.262296 0.0811699 0.372611
-0.060517 0.142177 0.410872
0.0420668 0.0530993 0.398924
0.0023477 0.0762396 0.499077
-0.000224495 0.164417 0.435566
0.0362401 0.0759033 0.315087
0.109933 0.166813 0.482004
-0.0570699 0.136074 0.393196
0.0446058 0.165231 0.491074
0.758478 0.0743486 0.709646
-0.0827449 0.118517 0.383146
0.185123 0.123989 0.357304
-0.00692962 0.0756425 0.412084
-0.0155985 0.0900509 0.393461
0.0594907 0.122348 0.390977
-0.159293 0.186411 0.540623
0.245923 0.0756538 0.346188
0.0929407 0.172206 0.448549
0.159165 0.107518 0.339328
0.228769 0.101207 0.317598
-0.12688 0.140516 1.36338
0.313848 0.17392 0.664751
-0.033686 0.169559 0.365724
0.167285 0.141356 0.318971
0.664446 -0.482403 2.00672
-0.433014 0.29338 1.27497
-0.499802 0.267148 1.53514
-0.642969 0.126845 1.43462
0.596917 -0.0704085 1.15877
0.819812 -0.0581099 1.58913
-0.0701809 0.0669109 0.368508
-0.0660809 0.0766382 0.370066
-0.204048 0.191902 0.504086
-0.756828 -0.0271854 1.39062
0.109119 0.131621 0.411045
-0.0655355 0.0905897 0.374083
0.0257458 0.0543118 0.394594
-0.0800263 0.0699839 0.415168
-0.00693178 0.0694381 0.412879
0.171034 0.0701369 0.364412
0.983218 -0.326226 1.24492
0.0399382 0.0683037 0.39852
-0.0890435 0.0656686 0.38649
0.734445 -0.428652 0.872489
0.634403 -0.00700876 0.798464
0.58825 0.035912 0.732852
0.428964 -0.236918 0.438762
0.451698 0.207478 0.518846
0.213673 0.132636 0.326518
-0.483073 0.359567 1.5203
-0.0795607 0.0727274 0.367319
-0.0793239 0.0728334 0.367014
-0.197358 0.12969 0.484441
-0.0798608 0.0735965 0.368719
-0.378811 0.198226 1.3444
-0.285787 0.190135 1.39458
-0.188538 0.24732 1.3512
-0.582263 0.444973 1.82078
-0.144713 0.23448 1.29846
-0.0343356 0.27566 1.32216
-0.284027 0.32879 1.53867
0.743723 -0.138991 1.21141
-0.170991 0.145955 0.51883
-0.170833 0.145836 0.519309
-0.771793 -0.113407 1.44031
-0.443736 0.234784 1.54158
-0.645651 0.154036 1.51502
-0.959599 -0.0353727 1.73002
-0.200852 0.152544 0.524882
-0.199833 0.148047 0.532944
-0.692236 -0.104775 1.3166
-0.992677 0.267636 1.55055
-0.998238 0.264939 1.56248
-0.199601 0.154038 0.517507
-0.235035 0.169914 0.533362
-0.188851 0.151714 0.523733
0.0023829 0.0625526 0.402709
0.713364 -0.166256 1.7369
-0.538475 0.262547 1.48331
-0.166376 0.17193 1.36769
-0.280636 0.104582 1.46579
-0.0760935 0.138464 0.381204
-0.223966 0.156328 0.528605
-0.196298 0.144683 0.539205
-0.627553 -0.0233928 1.43482
-0.188962 0.33424 1.4178
-0.31249 0.188545 0.673176
-0.211861 0.145993 0.507902
-0.70026 0.419963 1.41598
-0.192922 0.142052 0.533318
-0.145433 0.0889186 0.434391
-0.236306 0.142453 0.528962
-0.242015 0.190314 0.484457
-0.262453 0.200777 0.53923
0.288923 0.197137 2.30477
0.150442 0.1329 0.284629
0.169251 0.119401 0.251015
0.00364733 0.045433 0.347931
0.742882 0.0737045 0.699148
0.118314 0.11344 0.276781
0.0733605 0.0886545 0.188471
0.150358 0.142445 0.304938
0.23868 0.15093 0.322877
-0.0502034 0.155251 0.396214
-0.0891298 0.171291 0.439026
0.142406 0.118531 0.289937
1.07655 -0.351591 1.35156
0.952592 -0.297028 1.0799
0.0429794 0.0545911 0.411299
0.287643 0.024213 2.47133
0.69847 -0.372355 0.785687
1.19769 -0.506171 2.394
1.68452 -0.344577 3.3902
0.759733 -0.418661 0.795656
-0.398771 0.165876 1.4739
0.837288 -0.086429 1.63214
0.335251 -0.173278 2.38121
0.809814 -0.0878129 1.58001
0.225778 0.189314 2.19272
0.781872 -0.0627148 1.40378
0.471253 0.046041 2.38216
0.094342 0.0243927 2.46385
0.00846951 0.0777646 0.392034
0.42868 -0.193639 0.678758
0.0923927 0.0757668 0.403527
0.576857 0.121276 0.731765
1.08198 -0.354818 1.359
0.583222 -0.497438 1.72245
-0.441473 0.135305 1.41239
0.790897 -0.333205 2.17288
-0.270663 0.292693 1.19818
-0.080105 0.179434 1.34784
-0.367142 0.219897 1.4818
-0.708481 0.163392 1.614
-0.646296 0.0818249 1.39296
-0.184613 0.172185 1.29966
0.758541 0.137185 1.94486
1.14476 -0.0117049 1.44001
-0.176877 0.24739 1.33709
-0.0537322 0.106178 1.30717
0.0377148 0.0413246 0.395721
-0.0866155 0.112927 0.412748
-0.00172252 0.0898257 0.425078
0.0318064 0.0696461 0.390282
-0.0165749 0.0916872 0.400387
0.111519 0.0794161 0.394512
-0.0808708 0.0831772 0.568545
-0.22658 0.156032 0.531608
-0.554478 0.210414 1.34988
-0.446683 0.204483 1.30122
0.756853 -0.123083 1.63756
2.00488 -0.594451 3.28047
-0.191558 0.239036 1.50513
0.69727 -0.503526 2.10364
0.159757 0.0672629 0.348991
0.933397 -0.356263 1.5015
0.0247095 0.062025 0.396814
-0.000164147 0.0665525 0.390129
-0.078721 0.0821105 0.377655
-0.0383834 0.0877025 0.350953
0.0167944 0.124251 0.362429
-0.0444838 0.068702 0.317221
0.191971 0.120357 0.378259
0.246519 0.130963 0.381249
-0.0637813 0.0869489 0.355272
-0.0657235 -0.0423057 0.381292
0.0378489 0.0515544 0.404227
0.364855 0.132611 0.621666
0.555108 0.0331165 0.707518
0.589303 -0.532828 1.6888
0.963891 -0.441173 1.59332
0.648282 0.00430826 0.772956
0.41058 -0.384409 1.02966
-0.12641 0.23863 1.316
-0.206862 0.443214 2.0913
-0.679713 0.162881 1.49686
0.703291 0.151038 1.69576
-0.574511 -0.0228441 1.33617
-0.717447 0.154591 1.61581
-0.320697 0.203746 0.52071
-0.268377 0.186121 0.485703
1.05861 -0.390667 1.934
-0.140415 0.129393 1.20093
-0.0774119 -0.181783 0.56907
0.309319 -0.261655 2.28829
0.513676 -0.406636 1.14055
0.758219 -0.121037 1.62621
0.272742 0.236328 2.22183
0.727442 0.185668 2.29779
0.687831 -0.192313 1.69311
0.557921 0.0956597 0.742991
-0.280593 0.323314 1.52292
0.200019 -0.117107 1.58479
-0.0823621 0.271127 1.31499
-0.816934 -0.116125 1.50496
-0.329002 0.207792 0.947734
0.78184 -0.105728 1.53093
-0.12092 0.213211 1.40072
0.856769 -0.323496 1.58991
-0.0930173 -0.331544 0.809821
-0.0482039 0.135213 1.00372
-0.0991303 0.0760289 1.34048
0.130594 0.446436 2.21988
0.0419154 0.113284 1.14614
-0.0819066 0.295974 1.452
1.12372 -0.319706 1.94969
-0.0957939 0.0763582 0.404687
-0.0952456 0.147051 0.359211
0.888691 -0.0636236 1.70385
-0.0740178 0.0677725 0.511899
-0.0376744 0.071547 0.400456
0.126246 0.219875 1.99558
-0.692889 0.243273 1.56619
1.23335 -0.418703 2.32047
1.1523 -0.528934 1.2868
-0.185771 0.247474 1.3554
-0.0529412 0.284846 1.35932
0.760631 -0.331773 1.59345
1.26527 -0.602589 1.37037
-0.067909 0.19045 1.36678
0.0334582 0.111303 1.14117
-0.295153 0.233709 1.47104
-0.0560988 0.115147 1.273
-0.274379 0.143153 1.43089
-0.697518 0.143743 1.35618
-0.63454 0.0786958 1.37714
0.605342 0.0885217 0.732353
0.171509 -0.321964 1.40742
0.49786 -0.183956 1.45628
0.26243 0.237333 2.18176
0.226123 0.0505335 2.43247
0.0621954 0.142997 1.38031
0.626545 -0.0115258 0.787564
0.0316459 0.00539716 0.270515
0.982864 -0.17693 1.52702
-0.18717 0.176045 1.32219
0.766741 -0.41937 2.61901
0.514706 0.198215 2.18203
-0.0687436 -0.0259888 1.26326
-0.0526446 -0.0300666 1.26503
-0.185825 0.180908 1.32346
0.834714 -0.400344 0.976838
-0.688667 -0.0578949 1.63437
-0.0487199 0.163885 1.67804
-0.523564 -0.0320955 1.50345
0.605362 -0.505414 1.76314
-0.0176137 -0.20667 1.30052
-0.0528437 0.143266 0.842362
0.40963 -0.260889 1.82454
0.227302 0.241642 2.21758
0.252495 0.24922 2.35213
-0.469951 0.253633 1.45445
1.93733 0.415336 2.49306
0.655 -0.00244889 0.792246
-0.000753463 -0.146437 1.31209
-0.0183716 0.167167 0.435831
0.312165 -0.0909564 0.748496
0.344854 0.19074 0.431109
0.316167 0.175101 0.39285
0.131237 0.0897737 0.189003
-0.482179 0.174789 1.50822
0.145857 0.146391 0.357559
0.293791 0.0586525 0.442507
0.179001 0.143787 0.30243
0.0745017 0.150608 0.343528
-0.0551981 0.0836498 0.390117
0.113054 0.114134 0.243093
0.170204 0.121125 0.27622
0.444723 0.303873 0.837507
0.184281 0.138089 0.298513
0.172932 0.12809 0.277487
0.202504 0.117313 0.279797
0.242197 0.197799 0.552194
-0.0730912 0.162951 0.384968
0.141936 0.132269 0.29647
0.040666 0.114784 0.245774
-0.0010163 0.162589 0.431132
0.219553 0.114328 0.328336
0.0680138 0.140861 0.362693
0.110286 0.141652 0.533897
-0.504026 0.231138 1.5033
0.0154973 0.159733 0.466754
0.0964303 0.137999 0.370447
-0.0509763 0.0716706 0.390896
0.0556659 -0.00467334 0.0567171
0.212806 0.122071 0.288994
0.64463 -0.0690014 0.819783
0.664263 0.0141833 0.726735
0.512945 0.115594 0.847343
0.694298 -0.341943 2.01709
-0.15292 0.122197 0.497278
-0.177324 0.149184 0.537947
0.0301869 0.084646 0.40954
-0.340776 0.14867 0.576774
0.129843 0.0720694 0.376577
0.601078 -0.548998 1.73436
0.787299 -0.274354 1.63974
-0.224507 0.157199 0.530158
-0.0391936 0.151472 0.41552
0.131182 0.0719936 0.380434
0.18951 0.111219 0.275399
-0.0395619 0.0842291 0.384539
0.573318 0.0345902 0.734924
0.146893 0.12231 0.299305
0.168744 0.0784975 0.334536
0.137045 0.12677 0.349033
-0.0392976 0.0828702 0.330247
0.0351005 0.060713 0.406966
0.0462466 0.0980734 0.387459
0.172005 0.12619 0.324094
-0.0739317 0.135834 0.374034
-0.0725014 0.108853 0.376557
0.205755 0.117215 0.278686
0.224708 0.0873084 0.358717
-0.0280566 0.115061 0.505058
0.252633 0.0840675 0.359975
-0.0547544 0.0780186 0.604145
0.373792 -0.0426502 0.692437
-0.0563992 0.136329 0.39177
-0.0566698 0.069966 0.371945
0.176899 0.0753093 0.391574
0.461071 0.00120785 0.446261
0.348324 0.110679 0.609934
-0.0579055 0.0868014 0.379754
0.587871 0.0845592 0.732537
-0.0831041 0.106075 0.382807
0.0235655 0.135892 0.35622
0.179236 0.126176 0.339135
0.640509 0.100939 0.705439
-0.063953 0.0989233 0.382927
0.0218207 0.0818369 0.882208
-0.013315 -0.00757871 0.227362
0.0376123 0.145522 0.326635
0.159963 0.139382 0.340897
0.80814 -0.121303 1.6581
0.164021 0.115482 0.240592
0.155465 0.146507 0.329461
-0.286102 0.383188 1.57445
0.15295 0.142157 0.321327
0.714869 0.109257 1.72668
0.781098 -0.251702 1.61828
-0.0821072 -0.0364214 0.485815
-0.133619 0.185237 0.53905
-0.0526955 0.0608151 0.390729
0.0251174 0.163312 0.341306
0.155836 0.0978985 0.227444
0.154175 0.115852 0.287089
-0.0106005 0.0546364 0.41178
0.0665628 0.277896 1.41407
2.13302 0.208503 2.70242
0.801028 -0.160467 1.45606
1.26566 -0.42643 2.35593
0.71779 -0.0568694 1.30153
1.10386 -0.394268 1.93999
-0.227457 0.421419 1.59969
0.933449 -0.172543 1.46602
1.06199 -0.309981 1.85992
0.00765756 0.079397 0.392015
-0.54416 0.139596 1.22246
0.908483 -0.0614152 1.67632
-0.612809 0.0903377 1.40162
-0.436752 0.188222 1.39497
0.76062 0.108718 1.90693
1.3795 -0.444936 2.26103
1.55815 -0.657827 2.95653
-0.352455 -0.308935 1.28605
0.351337 -0.0120847 2.34944
0.83476 -0.189938 1.51747
0.301519 -0.190414 2.20928
-0.0872414 0.649665 2.77419
-0.121704 0.20436 1.55272
0.968239 -0.107269 1.68146
1.02526 -0.110153 1.90754
-0.0650989 0.0789283 1.25266
0.0622196 0.140082 1.37246
-0.300248 0.170458 1.57148
1.23766 -0.376798 2.12826
0.836602 -0.29264 1.72219
-0.234572 0.225687 2.16852
-0.103956 1.27286 5.11805
-0.0968124 0.247262 1.75537
0.775559 -1.11393 4.73785
-0.0533353 0.145033 1.50117
-0.0235938 -0.222363 1.16557
-0.0602205 0.145057 1.25873
-0.058309 0.297287 1.41646
1.76109 -0.547684 3.17355
-0.0406232 -0.33481 1.33408
0.641959 0.0080104 0.763741
0.151913 0.271408 2.43459
-0.054306 0.135498 1.34693
-0.0496817 -0.0289274 1.26602
1.37987 -0.0905977 1.48798
0.807785 -0.0587075 1.55027
-0.083478 0.0738673 0.378475
-0.674219 0.160277 1.48763
0.167209 0.073493 0.235639
0.225598 0.110965 0.350344
0.134157 0.147303 0.39079
0.0371577 0.140709 0.359086
0.0251542 0.0156386 0.34574
0.0693348 0.0185541 0.0866315
-0.0524922 0.0763091 0.386995
0.0302634 0.00420743 0.0314222
0.917452 -0.0651341 1.75458
0.066907 0.140189 0.392612
0.000763096 0.0586452 0.414585
-0.0629893 0.0750017 0.401283
0.564344 0.170475 0.668336
0.1464 0.121832 0.299329
0.202225 0.0950835 0.296742
0.189245 0.127948 0.307455
0.177737 0.113002 0.2748
0.24495 0.121922 0.380816
0.181759 0.120222 0.322846
0.194051 0.136713 0.368954
0.0631361 0.115214 0.247251
0.176465 0.112061 0.261327
0.20645 0.0954625 0.476703
0.100465 0.124465 0.463836
0.0295583 0.0593934 0.38338
-0.0501147 0.072022 0.393251
-0.00267904 0.0492622 0.368456
0.403735 0.183735 0.460153
0.000461924 0.0513098 0.401993
0.176916 0.135871 0.3369
0.19417 0.0530284 0.312334
-0.0296975 0.13097 0.372094
-0.00419848 0.0822928 0.420947
0.753145 -0.119782 1.68201
-0.0325345 0.0696802 0.396368
0.123455 0.109338 0.299429
0.218128 0.10697 0.333566
-0.00569686 -0.234236 2.05482
-0.0330363 0.094396 0.398208
-0.550882 0.254033 1.52864
-0.542232 0.251095 1.50579
-0.143398 0.109057 1.40347
-0.483071 0.20422 1.43012
0.240899 0.0613381 2.04806
0.0309682 0.136829 0.336552
0.110745 0.120312 0.329976
0.114694 0.0793704 0.394675
0.12154 0.0925435 0.381349
0.0456583 0.15802 0.466452
0.0203516 0.0995383 0.397677
-0.073419 0.199773 0.552264
0.203516 0.0415339 0.310553
0.24495 0.0902015 0.391898
0.122405 0.0843826 0.369535
0.213882 0.10106 0.315337
0.0621429 0.147365 0.365934
0.218261 0.096549 0.301131
0.113512 0.0802166 0.403897
0.136286 0.10059 0.314543
0.207396 0.0778867 0.306891
0.120864 0.0958626 0.387591
-0.163218 0.147852 0.538248
-0.067068 0.092886 0.38277
0.32755 0.0613843 0.392937
0.205731 0.12546 0.350484
0.201894 0.0988035 0.30945
0.0555278 0.126447 0.307933
0.0280579 0.000514784 0.0124497
0.0492389 0.07616 0.409551
0.0546827 0.127772 0.428761
0.143067 0.103997 0.327131
0.195846 0.0681583 0.319242
-0.490439 0.176464 1.55425
0.229797 0.134558 0.322946
0.216941 0.134591 0.376055
0.164714 0.069854 0.389192
0.181437 0.134767 0.300379
-0.113147 0.158604 0.46046
-0.0236496 0.152956 0.434995
-0.0803613 0.0755083 0.360379
0.119189 0.0878977 0.199435
-0.0979068 0.15157 0.367326
0.195077 0.144408 0.323967
-0.0846799 0.161843 0.420698
-0.072559 0.157579 0.357551
0.0936516 0.117341 0.260717
0.183568 0.129381 0.270971
0.193323 0.110109 0.261708
-0.0780674 0.090146 0.364816
-0.0873516 0.150475 0.338511
0.00176726 0.113526 0.401921
0.00590122 0.108508 0.414763
-0.0755013 0.137144 0.380031
0.0176556 0.0939865 0.36219
0.0301356 0.111857 0.418787
0.035075 0.0938188 0.412371
0.0292309 0.10847 0.403063
0.111286 0.0783188 0.386668
0.0243063 0.140217 0.365513
0.10901 0.0921725 0.423875
0.112459 0.0781638 0.385033
0.11318 0.0789517 0.39062
0.0559031 0.127635 0.442821
0.0169419 0.0966996 0.387804
0.13189 0.124067 0.308325
0.157903 0.120651 0.295967
0.230709 0.0818318 0.331648
0.120995 0.116717 0.36514
0.0223604 0.162988 0.476744
0.0368793 0.150676 0.396673
0.0426397 0.0621384 0.407518
0.627549 0.221459 0.729656
0.0757374 0.143184 0.388128
0.441172 0.00632798 0.415444
0.690611 0.00675655 0.657537
0.0383726 0.137833 0.35299
-0.00825792 0.163768 0.433882
0.185909 0.124886 0.297691
0.19617 0.109279 0.263471
0.00337824 0.0802753 0.386367
0.108998 0.135686 0.379794
-0.0200805 0.153299 0.425334
0.0816093 0.141634 0.365687
0.125827 0.113009 0.305609
0.496271 0.105129 0.819467
0.205869 0.0691566 0.224128
-0.00851811 0.138527 0.346486
-0.00416572 0.146716 0.435115
0.197016 0.0784155 0.302872
0.085294 0.140419 0.349361
0.212153 0.076175 0.300693
0.160484 0.164267 0.398104
-0.0254941 0.155787 0.481976
0.53819 0.159419 0.637473
-0.122051 -0.0757058 0.641017
-0.00569051 0.168554 0.540704
0.747071 -0.108945 1.66393
0.0195311 0.0105539 0.0357811
0.738641 -0.130399 1.52666
0.0606146 0.139847 0.40882
-0.0300925 0.132678 0.375939
0.0250824 0.148984 0.396802
0.0576732 0.123894 0.39096
0.0943964 0.107528 0.338192
0.0997297 0.143645 0.38773
0.327473 0.118143 0.573683
0.182458 0.121884 0.35192
0.00760623 0.0755134 0.362855
0.0650258 0.155983 0.39981
-0.0701243 0.0939639 0.377066
0.0552017 0.129319 0.44084
0.125622 0.189745 0.617924
0.19976 0.120513 0.336816
-0.00393114 0.15642 0.436757
0.505487 0.209973 2.25904
0.494183 0.0894519 0.679815
1.5549 -0.392299 2.67753
0.801994 -0.0609065 1.55807
-0.0579758 -0.338147 0.806332
-0.504192 -0.0350598 1.46037
-0.200937 0.168119 1.29342
-0.193069 0.230936 1.41137
0.0323713 0.0605061 0.399714
-0.125808 0.208219 1.38734
0.845733 -0.0598298 1.62606
0.0366696 0.400152 1.80904
0.736444 -0.256789 2.02252
0.0322944 0.332963 1.54263
0.778049 -0.0895924 1.53546
1.0169 0.0590155 1.46152
0.391907 0.024554 2.32308
0.896743 -0.372925 1.63537
-0.0351458 0.343573 1.4581
-0.205665 0.284815 1.33498
1.09909 -0.0483604 1.40009
-0.187089 0.274348 1.35686
-0.0720168 0.2763 1.43872
-0.0348745 0.308196 1.45784
1.31506 -0.442301 2.21295
0.936967 0.0207667 1.41725
0.340473 -0.146248 0.708668
-0.155431 0.248193 1.35507
0.0646579 0.27668 1.41318
-0.21228 0.290112 1.39962
-0.127624 0.296888 1.41575
1.7455 0.381136 2.26195
1.08158 -0.373176 1.90799
0.757071 -0.24893 2.06098
1.33657 -0.0408106 1.61976
0.785793 -0.273235 1.45182
-0.177574 0.229989 1.2823
0.795704 -0.606892 1.66827
-0.170766 0.18026 1.22655
0.753296 -0.240616 2.04659
1.10414 -0.224082 2.29031
0.62157 -0.0888946 1.184
0.950127 -0.114778 1.67076
0.568714 -0.508069 1.33473
1.19271 -0.544858 1.33127
1.18317 -0.130687 2.00188
2.00169 -0.469746 2.10702
0.554501 -0.520211 1.43105
0.603014 -0.548154 1.39474
1.04158 -0.577999 1.05641
0.0473467 0.0829438 1.42961
0.76923 -0.0547847 1.4348
0.857745 -0.21509 1.55292
0.748433 -0.140786 1.22201
1.11557 -0.515581 1.24706
-0.0163229 -0.203779 1.23915
0.872766 -0.259754 1.75939
-0.237122 0.32794 1.50171
-0.0677505 0.227593 1.52602
-0.261402 0.194271 1.28935
-0.0393727 0.463959 1.89762
1.18825 -0.32642 2.04266
1.00407 -0.196498 1.55122
-0.51383 0.0902167 1.59655
-0.176101 0.180544 1.40112
-0.319369 0.164791 1.2012
-0.494979 0.200466 1.46943
-0.704259 0.252913 1.57958
-0.799044 0.102103 1.72668
-0.972582 -0.0390892 1.76862
0.344925 0.00638162 2.30037
0.755187 -0.130329 1.57481
0.786889 0.0783294 1.22979
-0.00560056 -0.016093 0.237739
0.272486 0.246963 2.25575
0.68741 -0.808501 3.47793
0.585614 -0.158118 1.42788
0.286661 -0.369269 2.43314
0.311261 -0.298936 2.425
-0.116869 0.0832609 1.29555
-0.0379911 -0.318676 1.49383
0.248122 0.0133526 2.10779
1.06017 -0.399736 1.95044
0.946211 -0.314937 1.10628
-0.068699 0.192022 1.13676
0.957472 0.0193468 1.44637
0.469395 0.0902518 2.2646
0.81335 -0.540423 1.51296
0.803803 0.123508 1.75636
1.44047 0.124828 2.00896
0.836208 -0.541092 1.54984
0.237859 0.12124 2.09127
-0.306473 0.302913 1.44389
-0.531452 0.173645 1.28062
-0.575282 0.295049 1.28322
-0.624116 -0.0227392 1.42472
-0.220528 0.17349 0.519844
-0.121049 0.0919126 1.32885
0.879967 -0.116569 1.70105
0.964569 -0.349828 1.85592
-0.0740399 0.221567 1.66793
0.523402 0.0437308 0.85134
0.764041 -0.355471 1.66345
0.724102 -0.399839 1.76356
0.96094 -0.445048 1.57005
-0.0619576 0.13269 1.16128
0.766817 -0.0623995 1.37779
0.704257 -0.159849 1.73149
0.72613 -0.487756 3.75243
0.334422 -0.176781 2.34088
-0.00210723 -0.104707 1.23794
0.396897 0.00470193 2.47523
0.559634 -0.509703 1.3353
-0.0635126 0.218394 1.35043
0.672715 0.00498923 0.813399
0.662736 -0.00583344 0.778035
-0.124946 0.0941927 1.3886
1.00825 -0.449941 1.11151
0.739498 0.118686 1.64502
0.0114436 -0.0214885 1.35034
0.542516 0.112725 2.62166
0.0485651 0.0139455 1.04238
-0.0687591 -0.0278292 1.2499
0.517793 0.103735 0.843484
-0.630747 -0.0150852 1.42464
2.07834 -0.0563098 1.57899
0.434957 -0.204366 0.570801
-0.739667 0.381195 1.56509
-0.824167 0.25495 1.3801
-0.618247 0.321707 1.38013
-0.430608 0.324866 1.5412
0.0614185 -0.145034 0.830768
-0.801119 0.306604 1.33045
-0.613884 -0.0137905 0.996354
-0.885887 -0.0684329 1.63808
-0.797491 0.251078 1.3532
-0.695772 0.0198989 1.43503
-0.648645 0.0842881 1.39577
-0.0549467 -0.0430836 1.23496
0.213992 0.0482963 1.86788
-0.917099 -0.13282 1.67089
-0.688677 0.16509 1.51193
-1.29887 -0.106623 1.42966
-0.17748 0.188213 1.48926
-0.694459 0.387903 2.21031
0.762028 -0.12175 1.6329
-0.454677 0.172904 1.39739
0.305156 0.0224813 1.87701
1.08475 -0.323714 1.89169
-0.133342 0.118299 1.23222
0.388907 0.0201215 0.728684
0.636954 0.0313928 0.833147
0.0068952 0.210125 1.30255
-0.206725 0.174775 1.30152
1.15617 -0.41243 2.17615
0.922021 -0.420757 1.03427
1.1952 0.120335 1.72938
-0.457199 0.43181 2.93126
0.160267 0.226468 3.14635
0.245809 0.0947324 2.20314
0.463859 -0.202772 1.38826
0.778403 0.138423 1.69756
2.2634 0.537168 2.8374
-0.352226 0.221699 1.77759
-0.394815 0.560853 3.19393
1.2439 -0.535077 1.33111
-0.06563 0.209972 1.29131
-0.336014 -0.0729086 1.11837
-0.293441 0.255593 1.43858
-0.319339 0.153895 1.35538
0.450276 0.0335994 2.19672
-0.427173 0.154874 1.6046
0.56698 -0.503474 1.40702
0.832013 -0.0478997 1.6209
0.548728 0.205952 2.28781
0.357891 -0.18725 2.55395
-0.337481 0.20035 1.372
-0.464979 0.219644 1.47942
1.26048 -0.563212 1.34283
1.18076 -0.235891 1.3372
0.44579 0.0379242 2.19888
1.114 -0.586013 1.12665
0.991758 -0.15163 1.98323
-0.807543 -0.0632177 1.52151
0.944439 -0.264574 1.91843
0.559436 -0.0679486 1.08337
1.16296 -0.221467 1.99419
0.937945 -0.220886 1.12588
-0.184591 0.191702 1.32853
-0.0699582 0.1903 1.32106
0.850945 -0.320055 1.57835
0.63791 -0.277367 1.22436
0.169829 0.0359851 1.51218
0.756 -0.353215 1.65281
0.509777 0.210919 2.28516
0.480943 -0.0496145 0.966343
-0.0848832 0.199868 1.39816
0.687139 0.121757 1.75721
0.0904412 -0.0620254 0.505707
0.0906583 0.023916 2.48763
0.72954 -0.39349 1.74803
-0.973164 0.260351 1.52602
0.313854 -0.0479119 0.768836
0.195968 0.34414 1.66489
0.862206 -0.143028 1.88172
0.92682 -0.398966 1.88622
-0.0633156 0.159071 1.36562
-0.351136 -0.381214 1.46526
-0.051139 -0.0307399 1.31336
-0.141803 0.31038 1.49228
-0.36021 0.103847 1.49894
-0.341894 0.397558 1.52987
0.853907 -0.567604 1.57858
-0.396169 0.176886 1.37075
0.620098 0.0567704 0.964204
-0.286398 0.158321 1.48934
-0.128037 0.125078 1.37597
-0.308471 0.303379 1.45297
-0.771726 0.0313871 1.57695
0.386478 0.177518 1.77616
-0.296497 0.121782 1.47072
-0.176415 0.216825 1.37091
-0.242584 0.33373 1.51372
-0.0747494 0.208607 1.24389
-0.320064 0.352795 2.03608
0.323234 0.154885 1.05345
0.0210299 0.376596 1.68592
1.1869 -0.0518731 1.49619
-0.162889 0.0436263 0.395224
-0.048605 0.338293 1.44672
0.579599 -0.0914161 1.21075
0.918042 -0.0981452 1.76512
0.822861 -0.274227 1.69649
0.729519 -0.0537511 1.31449
0.837656 -0.337181 1.56337
1.00835 -0.344536 1.75299
1.43666 -0.668823 1.38428
-0.00375368 -0.0880962 1.16986
1.20394 0.00579044 1.24013
1.16169 -0.551503 1.29395
0.610809 -0.389079 1.20176
0.961439 -0.221279 1.71601
0.648649 -0.115532 1.38365
0.83358 -0.320705 1.49371
1.52186 -0.54132 2.58046
0.144075 -0.0686871 0.512023
0.679986 -0.0505753 1.2807
-0.190493 0.226442 1.31263
0.486088 -0.379064 1.09145
0.503851 -0.450174 1.18503
0.875105 -0.326785 1.61864
0.923767 -0.71027 1.93725
0.605851 -0.404379 2.96988
-0.944104 -0.0200091 1.40589
0.716151 0.129563 1.84555
-1.00445 -0.0187874 1.47879
-0.458937 0.0572905 1.05566
-0.0651911 0.122431 1.17448
-0.00460053 -0.00883519 0.262649
0.700737 -0.16185 1.70723
-0.27482 0.129555 1.19728
0.509621 0.141474 2.34881
0.586277 0.16082 2.65072
0.933613 -0.104386 1.74836
0.42117 0.0278443 2.48303
0.0230293 0.334631 1.52596
-0.0112854 -0.166121 1.41746
-0.303494 -0.103729 1.25771
0.117823 -0.103011 0.882899
0.27333 0.0649405 0.845821
0.685894 0.0549455 0.994257
0.0189125 -0.0202517 0.295076
-0.375856 0.188365 1.534
-0.0885925 0.0696926 1.24207
-0.0636822 0.199347 1.35056
-0.0620643 0.163947 1.2247
-0.273822 0.29562 1.39058
0.0400661 0.147942 1.01863
-0.325085 0.154898 1.37419
0.140053 -0.113811 0.667033
-0.0260543 -0.20544 1.03445
0.183101 -0.109514 0.874001
-0.0149518 -0.0170519 0.235524
-0.0248916 -0.00506427 0.226419
-0.0280319 -0.0113606 0.235287
0.651808 0.0999161 0.688443
0.105131 -0.038159 0.253059
0.275231 -0.144961 0.476522
0.113882 -0.0311748 0.320733
0.249665 -0.0895507 0.383816
0.77188 -0.468251 0.997753
0.524623 -0.22978 0.791696
0.671745 -0.334738 0.825988
0.32559 -0.00546764 0.52191
0.692095 -0.346877 0.852779
0.69232 0.145801 0.630982
0.122517 -0.0144483 0.235139
0.698793 -0.319954 0.838111
0.764747 0.0374231 1.16722
0.833462 -0.599113 1.36438
-0.26223 0.168905 1.30957
0.0277454 0.0709443 1.38524
-0.323801 0.359468 1.45624
-0.0590368 0.136346 1.31165
-0.476558 0.0909239 0.758001
-0.534809 -0.175115 1.21804
-0.0454733 -0.000797919 0.255087
-0.863141 -0.219035 1.12065
-0.0199414 -0.000558534 0.252613
0.731605 -0.528838 2.20725
-1.02189 -0.122657 1.28125
-0.0213094 -0.00503272 0.231349
-0.421757 0.29657 1.3337
-0.0284306 -0.00574118 0.233595
-0.441319 0.32267 1.37028
-0.505819 -0.167825 1.16741
-0.979251 0.0594392 1.64495
-0.0275893 -0.0109417 0.232045
-0.775166 0.0478284 1.33628
-0.0249991 -0.00843534 0.223386
0.000284926 -0.191094 1.6546
-0.88319 0.0718379 1.50622
-0.0314024 -0.278468 1.29739
-0.0252042 -0.00842509 0.223513
-0.718994 0.0217023 1.47536
-1.2566 0.00957082 1.44682
-0.675875 0.084688 1.20037
-1.2536 0.164376 1.10392
-0.349755 0.172062 0.858855
-0.608229 0.206648 0.900933
-0.570052 -0.0300657 1.61155
-0.738181 0.394444 1.46779
-0.42068 0.273467 1.21915
-0.577147 0.0173194 1.21351
-1.06056 0.120504 1.30126
-0.352872 0.170155 1.41111
-0.40143 0.216574 1.31342
-0.647246 -0.0196212 1.46326
-0.382505 0.306456 1.46042
-1.51703 0.207956 1.38488
-0.340908 0.150307 0.855196
-0.0825644 -0.00542859 0.26696
-0.0260062 -0.0118187 0.230422
-0.053412 0.00615838 0.2682
-0.338359 0.198464 1.69233
-0.0261425 -0.012846 0.223686
-0.118086 0.0147303 0.276555
-0.118202 0.0146579 0.276768
-0.27272 0.404952 1.84531
-0.606531 -0.0703704 0.846992
-0.00728358 -0.00656526 0.265456
-0.720357 0.362776 1.24098
-0.443232 -0.107484 1.22055
-0.584104 0.383237 1.51933
0.679408 -0.184192 1.70722
-0.861265 -0.207058 1.12093
-0.859608 0.0624586 1.46392
-0.78794 0.30881 1.27948
-0.652673 0.0388987 1.14476
-0.627958 0.100378 1.20916
-0.581896 0.0318598 1.03846
-0.466534 0.137556 0.909763
-0.640265 0.160697 1.06968
-0.0371616 0.000697948 0.230769
-0.237789 0.0788093 0.448914
-0.353079 -0.0900845 0.682607
-0.029943 -0.00588456 0.226292
-0.0282363 -0.005795 0.233414
-0.0284239 -0.00575207 0.233646
-0.0300083 -0.0101806 0.226029
-0.071173 0.004774 0.268295
-0.679913 0.0855683 1.45754
-0.564856 0.172721 0.997504
-0.895673 0.231576 1.24979
-0.549963 0.302064 1.09901
-0.49841 0.293347 1.06038
-0.0251344 -0.00307202 0.22987
-0.0903954 0.043886 0.334925
-0.211958 0.00432765 0.327831
-0.0599092 0.15191 1.18859
-0.296002 0.235098 1.45004
-0.0538902 -0.0431432 1.25322
0.0600637 0.185036 1.22212
0.283399 -0.141054 0.927178
0.0606421 -0.00630261 1.34873
-0.200987 0.166388 1.30084
-0.141154 0.172648 1.1813
-0.346806 0.201776 1.42077
-0.174553 0.179991 1.25008
-0.0665638 0.295192 1.57896
-0.436064 -0.462263 1.73809
0.941643 -0.0135583 1.05944
1.83183 -1.07697 1.37444
-0.0794941 0.171246 1.3692
1.59837 -0.103633 1.69492
0.961065 0.0775893 1.41234
0.992501 -0.174421 1.53069
-0.0117352 -0.142597 1.17132
0.0833513 0.0237998 2.34187
0.173707 0.0569112 2.36643
-0.286357 0.250186 1.39811
-0.0587669 0.109155 1.44645
0.684234 -0.0201703 0.90609
0.067904 0.308631 1.42951
-0.306158 0.0959861 1.46468
-0.0048715 -0.0212174 0.302535
0.571246 -0.536092 1.468
0.228313 -0.10281 1.70795
0.546519 0.0320791 0.764395
0.56874 0.0310934 0.768501
-0.298978 0.238451 1.42874
-0.0800643 0.172717 1.20147
0.0283801 0.264652 1.2265
-0.0902485 0.177554 1.33596
-0.0314261 0.351519 1.47317
-0.111294 0.272452 1.74305
0.377544 0.151815 2.03428
-0.351242 0.103032 1.46672
-0.194825 0.370387 1.4093
-0.396571 0.300377 1.43807
0.00536525 -0.180435 1.16135
-0.446323 0.245231 1.59107
0.511265 0.0357194 0.779089
-0.0878163 0.180017 1.28067
-0.304971 0.232123 1.50429
0.705054 -0.0410932 1.40967
-0.420983 0.254675 0.929721
-0.0953347 0.154288 1.30426
-0.563029 -0.0501231 0.736662
-1.67921 -0.373513 2.06246
-1.54224 -0.263543 1.82306
-0.537769 0.482509 1.83063
-0.559911 0.38997 1.72181
-0.208618 0.068037 0.420186
-1.25715 0.278541 1.43225
-0.699655 0.246657 0.902573
-0.218131 0.0718629 0.430402
-0.54296 0.336819 1.38974
0.885009 -0.559504 1.62999
1.40994 -0.412785 1.33191
-0.364876 0.111437 0.665762
-0.554533 0.20788 1.05665
-0.492049 0.113548 1.13747
-0.862108 0.18276 1.1175
-0.561975 0.298549 1.29615
-0.644879 0.352785 1.24435
-0.0261185 -0.00282924 0.230125
-0.450736 0.32207 1.63744
-0.597702 0.162594 1.09607
-0.473627 0.313457 1.44138
-0.79659 0.308495 1.29087
0.220408 0.244255 2.21809
1.23555 -0.0415663 1.5107
-0.0820834 0.172098 1.30648
-0.188972 0.324911 1.38604
-0.163922 0.152113 1.42256
0.00457321 -0.0105709 0.266635
1.37328 -0.555887 2.54923
0.0226624 0.0492112 1.25327
-0.157217 0.144098 1.28938
-0.0600847 0.149338 1.26595
-0.0974323 0.1642 1.36654
0.819774 -0.0594059 1.5417
0.185916 0.0637428 2.40584
0.969161 -0.0487737 1.63479
-0.74688 0.357651 1.46135
-0.413373 0.255762 1.25678
-0.542056 0.257226 1.19598
-0.0478926 -0.0406621 1.13514
-0.0134406 -0.164181 1.3211
-0.303776 0.148142 1.48939
-0.625815 -0.020976 1.4263
-0.890974 0.116883 1.55077
-0.289135 0.37662 1.56568
-0.456577 0.317971 1.39969
-0.444587 0.0499266 0.819242
-1.06264 0.00593634 1.25124
-0.680287 0.339673 1.4811
-0.49246 0.126459 0.992402
-0.556943 0.367025 1.45766
-0.654666 0.0935436 1.49943
-0.256524 0.144376 1.35435
-0.153337 0.120571 1.4214
-0.0529115 0.141163 1.3092
-0.969828 0.208539 1.69982
-0.704816 -0.0405687 1.66417
-0.0403338 -0.311005 1.47437
-0.0642843 0.170118 1.39868
-0.189204 0.329068 1.39873
0.019592 0.0123 1.25074
1.38345 0.129433 1.94228
-0.318068 0.163524 1.32017
-0.283876 0.160466 1.46271
-0.0314827 -0.00150222 0.246932
-0.0225255 0.00430112 0.346932
-0.211705 -0.194003 0.869481
0.110672 -0.0817978 0.604656
-0.359868 -0.0142316 0.663437
-0.629699 0.223341 1.4145
-0.588724 0.14649 1.33187
-0.688719 0.173735 1.13387
-0.960629 0.312618 1.52091
0.0634663 0.057102 1.44886
0.065003 0.106649 1.45253
0.637514 -0.58708 1.8682
-0.877756 -0.328344 1.16695
-0.0424571 -0.326295 1.32367
-0.706552 -0.267212 0.980724
-0.817952 -0.111025 1.14833
-0.840263 -0.235213 1.07814
-0.0520398 0.150986 1.41016
-0.196738 0.270112 1.44635
-0.322467 0.190038 1.32404
-0.445255 0.340423 1.46065
-0.0414869 -0.00505743 0.235863
-0.477744 0.339395 1.45486
-0.297144 0.191485 1.35481
-0.606007 0.145186 1.35474
-0.733028 -0.0464864 2.12562
-0.251423 -0.0263365 0.481623
-0.422673 0.227182 1.35682
-0.527958 0.201682 0.919557
-0.0246382 -0.011344 0.222974
-0.606693 0.02789 1.27676
-0.53232 0.267485 1.48938
-0.834076 -0.0154719 1.25868
-0.0438754 0.00437568 0.23737
-0.419907 0.160682 1.3013
-0.38928 0.19391 1.56502
-0.538052 0.343359 1.39834
-0.285063 0.155242 1.41626
-0.53279 0.124516 1.20523
-0.741991 0.098099 1.34049
-0.0166164 0.0013798 0.36001
-0.870015 0.495448 1.62351
-0.700906 0.20313 1.26635
-0.590179 0.32034 1.36336
-0.511254 0.113415 1.2048
-0.0252748 -0.00911445 0.223452
-0.181886 0.0583183 0.437083
-0.0300067 -0.0101822 0.226104
-0.0511363 0.0800239 1.31063
-0.584034 0.218184 1.10605
-0.0246249 -0.0113515 0.223041
-0.428021 0.219148 1.32321
-0.32841 0.216166 1.05893
-0.0301751 -0.00458083 0.226553
-0.528911 0.182157 1.22002
-0.0861578 0.307679 1.44517
-0.383286 0.307707 1.4683
-0.0498755 0.00118334 0.237694
-0.484518 0.199873 1.42319
-0.121526 0.197676 1.33687
-0.0596596 0.115921 0.982933
0.248471 -0.0760696 0.783915
0.222731 -0.0384328 0.620916
0.0120773 -0.0454345 0.300754
0.511772 0.0469873 0.876755
0.0892157 -0.0680111 0.255333
0.824871 -0.0841872 1.60866
0.775793 -0.122959 1.60351
0.633504 0.108321 1.43528
0.524256 0.109267 0.890514
0.318789 -0.028015 0.389688
0.810967 -0.0820458 1.5851
0.00251226 -0.0189786 0.229622
0.00249605 -0.0189607 0.229606
0.75363 -0.125986 1.68502
0.7988 -0.514345 1.48378
0.0920032 -0.0442734 0.272518
0.20368 -0.0228636 0.44933
0.891378 -0.16377 1.38931
0.571617 -0.478277 1.67752
0.0836461 -0.0486868 0.251881
-0.465826 -0.0369682 1.39843
-0.563872 0.364271 1.45979
-0.172731 0.0405082 0.811781
-0.381538 0.203203 1.25885
0.198897 0.0330198 1.93769
-0.0241777 -0.00809353 0.224406
-0.627335 0.339168 1.26053
0.155858 0.164444 1.6213
-0.47492 0.364632 1.52865
-0.412402 0.161485 1.43928
0.193974 0.183462 1.72001
-0.0524341 0.00675132 0.278098
-0.0253914 -0.0103717 0.223605
-0.903694 -0.107497 1.16561
0.278565 -0.0385631 0.662106
1.05497 -0.429827 2.06427
-0.461327 0.188032 1.36483
-0.417135 0.192021 1.37071
0.243705 0.243548 2.29823
0.192441 0.0453088 1.71556
0.779987 -0.0981138 1.70517
-0.118237 0.228126 1.40071
-0.205347 0.171146 1.32453
-0.411961 0.160047 1.4602
0.274661 0.0106816 1.74533
-0.169062 0.175256 1.39452
-0.505599 0.195949 1.51749
-0.409033 0.181609 1.40958
-0.294493 0.175695 1.44208
-0.3919 0.217823 1.33238
-0.211817 0.0756091 1.1492
-0.804222 -0.124097 1.5104
-0.377836 0.283757 1.25602
-0.479577 -0.0126191 1.17596
-0.625749 -0.0924992 1.19822
-0.0584165 0.00927534 0.243155
-0.66347 0.231737 1.47972
-0.512121 0.287204 1.48725
-0.0708956 0.0699487 0.472162
-0.192585 -0.0199226 0.420129
-0.510356 0.2085 1.50327
-0.570861 -0.0261271 1.60032
-0.195019 0.0138985 0.359888
0.110941 0.0175192 1.15662
-0.0685304 0.268011 1.42201
-0.0628568 0.153429 1.31925
-0.0894495 0.140697 1.0405
0.0423436 0.0825032 1.45039
-0.0539319 -0.421289 1.30908
-0.302084 0.122188 1.50215
-0.0131982 -0.152358 1.17332
-0.0525849 0.0850679 1.40383
0.880428 0.21471 2.70564
-0.470275 0.179185 1.53475
0.0771009 0.11667 1.50808
-0.186806 0.275882 1.34186
-0.27919 0.333226 1.55093
1.30695 -0.385193 1.28832
0.760393 0.139405 1.89593
0.737879 -0.474021 1.06001
0.0833878 -0.0462775 0.287271
0.65965 0.0945618 0.687812
0.160168 -0.0119408 0.346558
0.159825 -0.0109954 0.349512
0.481871 0.0700438 0.638126
0.602407 0.0937326 0.655549
0.467113 0.0862587 0.600655
0.713033 0.00540489 0.675356
0.29395 -0.150308 0.425793
0.296236 -0.0887182 0.356853
0.109296 -0.0558253 0.258417
0.113235 -0.0323441 0.256061
0.312998 -0.136034 0.424118
-0.00377783 -0.0206094 0.227438
0.624574 0.0915883 0.677258
0.702762 0.0653953 0.645929
0.0955174 -0.0301971 0.219501
0.636523 0.0959774 0.684252
-0.818291 0.318915 1.48089
-0.590093 0.319087 1.36002
-0.801945 0.154273 1.4836
-1.23998 0.0082024 1.42877
-0.778969 0.213885 1.14244
-0.356334 0.189581 0.761323
0.252379 0.0941786 3.03984
-0.0323283 -0.012351 0.236321
0.071993 -0.0239914 0.265004
0.734331 0.105504 1.6368
0.829214 -0.122312 1.62794
0.709072 0.132994 1.80852
0.843105 -0.129053 1.65173
0.671266 0.126079 1.60875
0.192554 -0.0734745 0.317919
0.741853 -0.196061 1.37111
0.787323 -0.127053 1.55603
0.120133 -0.0545489 0.287457
0.036196 -0.0433781 0.242024
0.736624 -0.605428 1.74414
0.101546 -0.0366173 0.242375
0.547924 0.00448541 0.693915
0.758199 -0.126314 1.6946
0.553807 0.133842 0.913502
0.58648 0.146738 0.952621
-0.0382111 0.0163491 0.305627
-0.32941 0.325571 1.53016
-0.341114 0.337476 1.58042
-0.0328759 -0.00798169 0.220721
-0.429141 0.315144 1.56325
-0.0233743 -0.00528852 0.22664
-0.0380015 -0.00851878 0.232138
-0.596597 -0.0135033 1.3607
-0.442832 -0.384209 1.57232
-0.197415 -0.00703792 0.408688
-0.167229 -0.00556846 0.30878
-0.258137 0.327603 1.40812
0.197847 0.0789417 1.03418
-0.613687 -0.0948727 1.1903
-0.759497 0.0504683 1.31819
-0.0366884 0.00885911 0.277185
-0.395486 0.0487799 0.789174
-0.687597 0.0908978 1.25821
-0.354033 0.17149 1.13425
-0.364777 0.332891 1.29963
-0.626508 0.340895 1.43053
-0.50044 0.277671 1.46902
-0.402669 0.0780348 0.630915
-0.782371 -0.0322115 1.45554
-0.0516412 -0.0310439 1.4608
0.078738 0.0288436 1.2924
-0.726929 0.225446 1.23739
-0.618078 0.0783187 1.10939
-0.0353101 -6.17727e-05 0.229725
-0.0293378 -0.00661056 0.223696
-0.934097 0.320879 1.27289
-0.359824 0.266408 1.31296
-0.0350366 -0.000187558 0.229554
-0.0566329 0.0101403 0.24688
-0.283317 0.0961728 1.44032
-0.138113 0.289425 1.55718
-0.329691 0.200527 0.746013
-0.434042 0.176621 0.849897
-0.133113 0.032422 0.358687
-0.0501932 0.00476085 0.249827
-0.962706 0.277888 1.26701
-0.0177894 -0.0186045 0.242749
-0.31222 -0.215633 1.02749
-0.348363 0.248763 1.31181
-0.377661 0.211703 1.44493
-0.0560731 0.00687095 0.253177
-0.449875 0.309464 1.32667
-0.840457 -0.0176443 1.2655
-0.0583144 0.00927747 0.243021
-0.516732 -0.130514 0.874018
-0.960448 0.214363 1.72412
-0.382364 0.142093 1.35843
0.132912 0.0988738 1.29037
-0.757791 -0.0259967 1.39007
-0.544359 0.0635905 1.26584
-0.747408 0.0955301 1.33768
-0.827847 0.257748 1.4737
-0.661345 0.0747796 1.4356
-0.56868 -0.0115202 1.35166
-0.895005 -0.126335 1.2266
-0.50013 0.244723 1.25862
-0.782212 0.101373 1.39608
-0.702225 0.361391 1.49078
-0.79121 0.341394 1.41374
-0.672852 0.35309 1.50117
-0.263714 0.166249 1.20129
-0.309914 -0.0433756 0.533921
-0.117271 0.223317 1.38577
-0.760799 0.410217 1.50684
-0.695416 0.345248 1.39094
-0.428829 0.3985 1.49929
-0.624542 0.145927 1.39394
-0.869461 0.231274 1.47146
-0.73631 0.0174925 1.51446
-0.0791268 0.274313 1.30683
-0.632266 0.328509 1.41687
0.0568213 -0.245791 1.40881
-0.593447 0.257028 1.19566
-0.0534519 -0.295092 0.960732
-0.566939 -0.187445 1.2895
-0.530705 0.413175 1.72984
-0.58212 -0.195329 1.33667
0.0876729 0.133375 1.8947
0.242802 0.206765 2.86232
-0.00651743 -0.220175 1.37141
-0.299443 0.201536 1.44909
-0.275837 0.133979 1.17877
-0.421253 0.376467 1.70111
-0.678717 -0.551333 2.26023
-0.405839 0.360449 1.65464
-0.575842 0.28666 1.43883
-0.512026 0.273827 1.52813
-0.517246 0.403765 1.69597
-0.546351 0.268664 1.36602
-0.052953 -0.346689 1.11404
-0.45254 0.211497 1.35889
-0.642404 -0.0454073 1.53166
0.127556 -0.0986435 1.18131
0.196178 0.133368 1.6509
-0.998185 0.00567678 1.17812
0.00898105 0.0470542 0.532509
-0.295368 0.223708 1.44356
-0.668136 -0.018074 1.50841
-0.0720744 0.29683 1.53615
-0.267286 0.285231 1.35423
-0.699072 0.166476 1.62716
-0.185309 0.217484 1.41976
-0.488017 0.235044 1.09416
-0.180236 0.24747 1.33346
-0.182184 0.238461 1.31702
-0.319895 0.189873 1.61765
0.15783 -0.151167 1.36958
0.956663 -0.354651 1.90763
0.357307 0.0220648 0.685079
-0.192796 0.191757 1.2207
0.496563 0.0415673 0.818731
-0.0706754 0.211398 1.29307
-0.0359254 0.287492 1.36276
0.401871 0.000418187 0.749156
0.671326 0.117582 1.46493
-0.0502798 0.143133 1.34143
-0.42171 0.375307 1.69046
0.6503 0.00553223 0.797566
0.569194 0.0411019 0.945512
0.546903 -0.254892 0.735325
-0.131568 0.296528 1.41904
0.682903 0.037349 1.06605
-0.186499 0.28856 1.38338
-0.174015 0.136174 1.10655
-0.167355 0.201916 1.29288
0.804772 -0.374193 0.862716
0.953213 -0.437695 0.982279
0.605062 -0.0293903 0.877688
0.601015 -0.028444 0.872565
1.17976 -0.537652 1.32214
1.12153 -0.52804 1.26427
-0.20071 0.254665 1.39679
0.528797 0.0256596 0.888015
-0.240318 0.0791692 1.25626
-0.265853 0.153328 1.39734
0.0879537 0.153355 1.68744
1.85371 -0.588849 3.38268
0.860067 -0.0558618 1.65126
1.01248 -0.0126849 1.30321
0.748378 0.121835 1.85635
0.957286 -0.167312 1.48937
0.628223 0.00617011 1.03188
-0.084516 0.150013 1.22158
0.918074 -0.426768 1.50631
-0.382508 -0.399984 1.53257
-0.056982 0.187808 1.17381
0.673434 -0.00552482 0.782789
-0.119324 0.201674 1.36422
0.128182 -0.0260695 0.216729
0.266867 -0.143299 0.404305
0.15043 -0.014501 0.329474
0.108603 -0.00281985 0.30352
0.589722 0.0926571 0.729264
0.116894 -0.0538544 0.286322
0.174561 -0.0608701 0.29472
0.106373 -0.0358313 0.254979
0.302225 -0.153751 0.432235
0.623271 -0.302884 0.774012
0.612205 0.0134253 0.671446
0.0316752 -0.02079 0.256813
0.629268 0.101815 0.692857
0.0360013 -0.043088 0.241714
0.0404169 -0.0234734 0.262877
0.0560843 -0.027465 0.222997
0.6074 0.056076 0.597667
0.182559 -0.082465 0.354067
0.254376 0.0387828 0.391504
0.0545591 -0.0504748 0.283898
0.335364 0.0597104 0.434322
0.885042 -0.511321 0.990387
0.232776 -0.085895 0.37372
-0.00063582 -0.0212019 0.223932
0.0465896 -0.0264933 0.2218
0.00621335 -0.0217064 0.226701
0.19588 -0.00646687 0.274833
0.758226 -0.0202502 0.754948
0.0661882 -0.0614391 0.198909
0.0693502 -0.0216533 0.268232
0.741835 -0.0820649 0.784196
0.23301 -0.0845484 0.373711
0.730343 -0.388199 0.82238
0.119139 -0.0547166 0.286117
0.332283 0.136935 1.58505
0.107941 -0.0464462 0.272406
0.0674398 -0.0616664 0.441593
0.52959 0.126707 1.66914
0.482469 0.117705 1.54499
0.727903 0.153927 0.66819
0.727372 0.159951 1.75172
0.708425 0.149472 0.646191
0.126772 -0.00398636 0.280662
0.133771 -0.0830881 0.324543
0.187346 -0.0507578 0.311458
0.268746 -0.023499 0.402308
0.24947 -0.0769529 0.322502
1.39821 -0.502153 2.51905
2.2412 -0.0612407 2.47446
0.62378 0.0325637 0.794185
0.640373 0.0210724 0.76197
0.488921 0.0342633 0.738297
0.746088 0.104754 0.793287
1.14634 -0.359537 1.30118
0.575249 0.0958628 0.736075
0.683379 -0.229958 1.21693
0.539065 0.120601 0.910848
-0.000711178 -0.0179255 0.229156
-0.41229 0.17115 1.36317
-0.498138 0.0648389 1.52552
-0.266044 0.346996 1.45495
0.546831 -0.0972652 1.29836
-0.250118 0.276534 1.35558
0.0254833 -0.0218116 0.223795
0.0599259 -0.042406 0.217913
0.522304 0.100902 0.652031
0.489147 -0.0190929 0.5738
0.0605125 -0.0523043 0.217899
0.0491747 -0.0383411 0.221536
0.0205247 -0.0220591 0.224668
0.0577584 -0.0438976 0.216506
0.0447978 -0.0306917 0.221934
0.348991 -0.180007 0.504307
0.187621 0.0321614 2.65377
0.494849 -0.152574 0.532694
0.581002 0.120473 0.735922
0.250549 0.228633 2.14455
1.03817 -0.342573 1.32101
0.735082 0.143414 0.679425
0.607623 0.095373 0.67115
0.211074 -0.0030697 0.278076
0.203265 -0.0261956 0.293674
0.204908 -0.0307783 0.293611
0.498869 0.108777 0.804192
0.733072 -0.230749 0.752903
0.749901 -0.405465 0.838618
0.234145 -0.0852117 0.374921
0.678968 -0.210125 0.715648
0.657272 0.0991922 0.695931
1.28684 -0.413232 2.10828
0.241608 -0.10001 0.643781
0.75279 -0.245595 0.773802
0.0265293 -0.0215427 0.244736
0.00916816 -0.0165711 0.237414
-0.270008 0.081551 1.36576
1.53583 -0.108748 1.65104
-0.00408158 -0.0765545 0.891649
0.647135 -0.180576 1.62408
0.62927 0.138446 0.854094
-0.296558 0.100543 1.5312
-0.150424 0.239378 1.31821
-0.155464 0.159391 1.38494
0.488068 -0.289858 1.91368
0.92004 -0.122579 1.9547
0.679642 -0.193217 1.66334
0.59952 0.0344805 0.742809
0.64268 -0.0520001 0.819268
0.105371 -0.0170465 0.184589
0.0371292 -0.0416947 0.234668
0.66776 0.00467431 0.775988
0.0291229 -0.0227715 0.223694
0.0379623 -0.0143337 0.252246
0.0562141 -0.0213546 0.258914
0.0673721 -0.0563016 0.21164
0.0934409 -0.0680536 0.217534
1.722 -0.56737 3.27418
0.726391 -0.593598 1.71604
0.956957 -0.441689 1.56788
0.222298 0.0539238 2.57884
0.397303 -0.00504347 2.528
1.43977 -0.470674 2.58777
0.0924351 -0.00982571 0.254064
0.649246 0.0201274 0.730182
-0.193335 0.230559 1.29994
-0.31335 0.164104 1.6054
-0.344185 0.211071 1.67428
-0.0692754 0.195989 1.34302
-0.0468526 0.0738524 1.10488
-0.163837 0.129751 1.07018
-0.168218 0.166489 1.30001
-0.0539172 0.105405 1.3211
-0.117288 0.113417 1.05945
-0.0537741 0.133483 1.08775
0.879315 -0.265575 1.04852
1.3468 -0.0452145 1.64087
0.610313 -0.360746 2.40668
0.674385 -0.115351 1.51941
0.705268 -0.222087 0.727034
0.595129 0.120945 0.730475
0.0343874 -0.0404799 0.261538
0.0783342 -0.0219932 0.272297
0.695992 0.00373057 0.657315
0.577105 0.0888748 0.637993
0.658989 0.100432 0.693819
0.748349 -0.435161 0.877477
0.235321 -0.0425593 0.414251
0.0334487 -0.0200538 0.258748
0.108204 -0.0361457 0.255276
1.24487 -0.364131 1.17631
0.254695 -0.132207 0.271489
0.131871 -0.0211425 0.213167
0.133483 -0.076066 0.371791
0.609714 -0.195228 0.814168
0.117238 -0.0127171 0.268096
0.133285 -0.0177084 0.181849
0.0022311 -0.0182015 0.234131
0.0179293 -0.0274388 0.23593
