-0.0253857 0.0471709 0.264739
0.0468365 -0.033269 0.242977
0.0949227 0.00184291 0.240368
0.0808489 -0.0153951 0.248084
0.0489037 -0.0103647 0.244718
0.0779358 0.00315015 0.244203
0.0209573 0.164993 0.842152
-0.0583071 1.00595e-05 0.245576
0.0803401 -0.070085 0.272983
0.074663 0.0794889 0.500989
-0.285989 0.152779 0.845088
-0.140726 0.080281 0.421435
-0.0347639 0.030395 0.244004
-0.0191547 0.214179 1.10937
-0.0908913 0.178777 1.02277
-0.302846 0.150931 0.843299
-0.835657 0.391255 1.86212
0.0581187 0.0402268 0.239295
-0.305413 0.203676 0.918071
0.129828 0.0660436 0.246101
0.0602851 -0.00228847 0.250335
0.0705897 0.00404726 0.248923
-0.0022974 0.0177856 0.242298
-0.0233397 -0.0556523 0.382011
0.122442 0.0213103 0.200091
-0.0324036 0.0259058 0.222474
0.112991 0.0285874 0.235274
-0.0080167 -0.0188093 0.194655
-0.0677039 -0.000501229 0.29217
-0.0553866 0.048296 0.302117
0.0645546 -0.00743408 0.258353
0.092972 0.0846853 0.316402
0.0622682 0.066062 0.255892
-0.0468746 0.17088 0.931031
-0.0999145 0.0299912 0.211859
-0.0874144 0.181144 0.818429
0.126196 0.0563961 0.188391
-0.0593766 0.209993 0.952743
-0.0611988 0.180781 0.870348
0.0648803 -0.00603248 0.257594
-0.139238 0.242136 0.882833
-0.0646738 0.214022 0.944262
-0.367926 0.170785 0.811078
-0.383778 0.209189 0.853911
0.190605 0.125859 0.422884
-0.0648119 0.0711058 0.489928
-0.390905 0.200781 0.807995
-0.281856 0.139126 0.533885
-0.0224897 0.0415787 0.220013
0.56623 0.374239 2.39665
0.918875 0.155104 2.27047
-0.143069 0.231108 0.922157
-0.0521499 0.227558 0.93031
-0.295156 0.250966 1.0309
-0.405505 0.169389 0.884874
0.0139068 0.20552 0.779887
-0.0454177 0.239735 0.945864
-0.359652 0.154004 0.734297
-0.00849773 0.00482694 0.0180693
-0.298109 0.172104 0.596607
-0.348861 0.175068 0.979679
-0.830193 0.444574 2.8465
-0.357597 0.175247 0.843972
-0.917327 0.230507 1.71212
0.00302161 0.119548 0.833395
-0.0594788 0.0242215 0.130836
-0.132367 0.196911 1.00279
-0.115147 0.228478 1.03821
-0.0586617 0.0684501 0.417862
0.0582505 -0.0629221 0.266153
-0.142487 0.062849 0.489431
-0.0896888 0.0319799 0.189329
-0.0971918 0.0207061 0.188836
-0.0602587 0.198531 0.879222
0.0611088 0.00754308 0.216151
0.102457 -0.0217598 0.251248
-0.0792788 0.256312 1.00096
-0.203373 0.228022 0.919061
-0.0331796 0.0761612 0.407485
-0.125988 0.0736876 0.371528
0.0310095 0.149129 0.624826
-0.336122 0.174421 0.854205
0.0246827 0.246315 0.880809
-0.258913 0.134913 0.552144
-0.165861 0.301923 1.06778
-0.0263741 0.0799333 0.385759
0.00785547 0.187759 0.755269
-0.340561 0.198958 0.706915
-0.0283032 0.226186 0.936405
-0.346299 0.15593 0.855485
-0.438261 0.320249 1.25611
0.145064 -0.0640669 0.185936
0.130839 -0.0645945 0.166705
0.122651 0.0605008 0.251439
0.140212 -0.0505119 0.197031
0.14227 0.0240269 0.210084
0.0288092 0.00974823 0.0638762
-0.00684626 -0.0178133 0.115159
-0.0193212 0.0241011 0.109568
-0.0280716 0.0248306 0.126072
-0.0137733 0.0192631 0.0845058
-0.0133597 0.012982 0.111988
-0.000980813 0.0207863 0.0962193
-0.0146688 0.0193121 0.0844635
0.00308324 0.0203193 0.0961423
-0.023073 0.0185984 0.0729968
-0.00120347 0.0242672 0.0945108
-0.002941 0.0181607 0.0995738
-0.00324527 0.0232668 0.0934165
-0.0380114 -0.0257949 0.0883268
-0.0447471 0.0231344 0.114002
-0.0128538 0.0183152 0.0820966
0.00203053 0.0251493 0.0941284
-0.00597992 0.0223337 0.0868262
-0.0112769 0.0149486 0.0838003
0.0587841 0.00891931 0.151935
-0.0542217 0.00988748 0.0912159
-0.0134122 0.0116391 0.168953
-0.00673616 0.164721 0.897137
-0.00405489 0.0343777 0.256968
0.0731203 -0.00534898 0.201281
-0.0271219 0.192782 1.04164
-0.0882561 0.0238519 0.180819
-0.097271 0.183521 0.94124
-0.0497644 0.0768688 0.464924
-0.0416002 0.0160936 0.271135
-0.314458 0.185004 0.996182
0.0181986 0.250208 1.40035
-0.273355 0.242647 1.08847
-0.190352 0.0822216 0.396062
-0.264724 0.154412 0.822844
-0.186244 0.0805663 0.381957
-0.010789 0.0949146 0.664001
0.0860549 0.0583519 0.366398
0.0921857 -0.0237647 0.239939
0.0194922 0.197674 0.838631
-0.0715373 0.0662889 0.418847
-0.110448 0.178426 0.963649
-0.0912452 0.0214166 0.180921
0.0690833 -0.0344542 0.257001
-0.058963 0.0483505 0.369169
0.0990064 -0.0303413 0.254352
0.0123494 0.134989 0.683907
-0.0897784 0.0274721 0.208659
-0.0524802 0.0341016 0.23592
-0.0372199 0.0483668 0.361733
0.0647455 -0.0338527 0.245885
-0.0708094 0.0289498 0.236068
0.132033 0.0692231 0.268004
0.0666177 -0.03513 0.253111
0.224133 0.132261 0.437258
-0.0159237 0.0293648 0.231751
0.0057927 0.0186623 0.233462
0.124592 0.0696222 0.230064
-0.165618 0.253103 1.03719
0.075099 0.0131599 0.197986
0.126369 0.0602783 0.258103
0.0831536 -0.0281393 0.249821
0.0633714 -0.0611673 0.24205
-0.0086417 -0.0248574 0.257594
0.0816165 -0.0197929 0.209005
-0.092114 0.0259081 0.183731
0.0490094 0.0376808 0.238323
-0.0499412 -0.0895164 0.276217
0.0813297 -0.0156736 0.250247
0.0128531 0.174054 0.667633
0.0956206 -0.022092 0.244004
-0.0519616 0.0440056 0.326115
-0.10095 0.0386188 0.246723
-0.0806324 0.136195 0.980225
0.119128 0.0369862 0.250053
0.0932029 -0.0161836 0.246447
0.0250244 0.178253 0.750276
0.00699411 0.0720074 0.287559
-0.246303 0.142915 0.49296
0.0228065 0.127861 0.774342
4.70614e-07 -6.88612e-07 3.80466e-06
-0.101617 0.251675 0.954168
-0.0580561 0.140041 0.870208
-0.146633 0.235884 1.08505
-0.150774 0.257489 1.09191
-0.0937202 0.264388 0.95808
-0.12219 0.246183 0.946923
-0.0110421 0.187571 0.810137
-0.123855 0.179869 1.01046
-0.298753 0.186714 0.770715
-0.0879267 0.0501679 0.251393
-0.0616846 0.0326706 0.256922
-0.28521 0.178434 1.15931
-1.4901e-05 1.40489e-05 7.39161e-05
-0.338024 0.196264 0.743686
0.0993071 -0.0592448 0.24964
-0.0606701 0.178983 0.846194
-0.066143 0.221954 0.984886
-0.0945343 0.0427135 0.263308
0.0291765 0.146755 0.823697
-0.265262 0.122376 0.507162
-0.278383 0.15043 0.744628
0.132103 0.188345 0.636355
-0.38147 0.179883 0.721079
0.00891872 0.050264 0.175144
-0.336953 0.186225 0.929487
-0.16759 0.0696418 0.312329
-0.310179 0.153467 0.610415
-0.246493 0.21865 1.03143
-0.158574 0.0688565 0.366681
-0.198866 0.0797403 0.383396
-0.164357 0.265897 2.23678
1.12558 -0.652773 2.8244
0.00345672 0.0370283 0.225048
-0.280006 0.119988 0.510302
-0.321736 0.194229 0.996006
-0.000120211 5.06581e-05 0.000215845
-0.31493 0.215598 1.13038
-0.243766 0.106005 0.452555
-0.251218 0.199471 1.23287
-0.409473 0.217532 0.881901
-0.0946632 0.0528146 0.206368
-0.257716 0.147367 0.65908
-1.31641 0.364931 2.03845
-0.13016 0.260908 0.896428
-0.0204314 0.206637 0.846916
-0.00274482 0.15119 0.585127
-0.0185797 0.194356 0.957327
-0.387868 0.224241 0.910753
-0.0791658 0.209309 0.694546
-0.097143 0.170723 0.772516
-0.0534521 0.234685 0.923147
-0.110888 0.260428 0.932852
-0.427693 0.201587 0.90042
-0.11264 0.0473549 0.236745
-0.355858 0.14727 0.747797
0.764745 -0.26016 2.32557
0.0202128 0.195744 0.827308
8.94353e-06 5.83098e-05 0.000355545
0.0719583 0.0454387 0.249952
-0.0726245 0.0223788 0.259963
-0.232364 0.203247 0.961352
-0.314499 0.18122 0.821509
0.215476 0.104802 0.367234
-0.0173715 0.0377839 0.254476
0.0466536 -0.0409346 0.254183
-0.279464 0.162975 0.706298
-0.0871547 0.147289 1.0485
0.117956 0.0474471 0.249472
-0.0503916 0.154046 0.784906
-0.173611 0.0857841 0.342589
-0.220003 0.0931485 0.565165
-0.506532 0.28494 2.06713
-0.124389 0.208331 1.29246
0.00409391 0.229015 0.866131
-4.69002e-05 2.21215e-05 9.62074e-05
-0.228327 0.0788146 0.42468
-0.103736 0.275319 1.07433
-4.2236e-06 4.37125e-05 0.000179121
-0.0296939 0.1181 0.771114
0.0467391 -0.0322048 0.24758
-0.0427149 -0.0388003 0.261784
-0.239787 0.210871 0.997578
-0.0415205 -0.0219948 0.25543
-0.172507 0.262673 1.11296
-0.15565 0.061389 0.411325
0.0450557 -0.0220132 0.25084
0.0871774 0.0540525 0.303375
-0.0189576 0.0156678 0.230714
-0.0752021 0.127598 0.919497
-0.0155555 0.022021 0.265872
0.0517901 -0.0534004 0.25523
-0.0583696 0.0302531 0.242024
-0.242041 0.166133 0.748665
-0.173329 0.244761 1.08459
0.0148006 0.181543 0.770648
-0.0273187 0.133921 0.88692
-0.488255 0.11068 0.896903
-0.0875936 0.148108 1.05
-0.0343327 0.186592 0.960604
0.0068582 0.20915 0.881844
-0.110927 0.203757 0.698442
-0.06107 0.221237 1.01105
0.0184766 0.059832 0.367562
-0.19074 0.218463 1.20608
-0.0608849 0.0345231 0.119582
-0.101218 0.175246 1.00236
-0.206973 0.140557 0.567458
-0.198773 0.201192 1.0638
0.003694 0.0397327 0.242104
-0.313724 0.176883 0.786939
-0.07961 0.0984018 0.639557
-0.152686 0.0883106 0.393415
-0.0270301 0.131833 0.897626
-0.187585 0.223969 1.17383
-0.0754305 0.254638 0.960416
-0.310466 0.217303 0.844983
-0.0764166 0.244509 0.890319
-0.190422 0.207767 1.10555
-6.48366e-05 3.78759e-05 0.000146949
-0.160239 0.343054 1.26844
-0.237893 0.128234 0.566308
-0.172514 0.226255 1.10257
-0.0995713 0.27624 1.03371
-0.105735 0.228132 1.07794
-0.0144486 0.0274967 0.23586
-0.856272 0.395234 2.20923
-0.100308 0.0715745 0.522838
-0.00835552 0.222123 0.955416
-0.151397 0.232699 0.951262
-0.0338694 0.12455 0.586313
-0.116845 0.166574 0.941672
-0.129293 0.29665 1.06797
-0.0258547 0.016686 0.109748
0.0100842 0.0428769 0.303235
-0.230116 0.224896 0.963776
-0.0535518 0.209374 0.824951
0.0125422 0.0453517 0.278916
-0.00240802 0.158338 0.875597
-0.0284266 0.191105 0.878505
-0.0490926 0.10827 0.548778
-0.025913 0.0642614 0.222103
-0.13924 0.263631 0.939335
-0.12703 0.137557 0.870478
-0.103687 0.291063 1.02017
-0.056338 0.308163 1.2231
-4.16021e-05 2.16213e-05 8.91485e-05
-0.156704 0.0718887 0.32131
-0.357611 0.215882 1.1144
0.0837124 0.00895815 0.241245
0.0915958 -0.00748069 0.221334
0.0864952 -0.0196677 0.247315
-0.0571024 0.0284419 0.239888
-0.0866383 0.0162348 0.202232
0.238125 0.134676 0.445194
0.0782128 0.0142164 0.226305
0.108357 0.0534294 0.217235
0.233901 0.136856 0.454309
0.0974169 -0.0281371 0.253345
0.0872835 -0.076823 0.300485
-0.102048 0.237083 1.02003
-0.0178556 0.192675 0.997219
-0.0973026 0.0211829 0.189497
-0.23609 0.123901 0.650099
0.0488963 0.119091 0.75043
-0.243956 0.126339 0.637062
-0.134311 0.0230286 0.301345
-0.273479 0.1998 1.14246
0.0196912 0.134113 0.843052
-0.0195108 0.0146641 0.222864
-0.0383023 0.180106 0.974344
-0.0763253 0.0305525 0.223923
-0.0462018 0.163049 0.729593
-0.065282 0.041731 0.26802
0.08018 -0.0294457 0.258886
0.0622619 0.0414327 0.251445
-0.0470027 -0.0249206 0.288445
0.0829436 0.0103204 0.240491
-0.0718201 0.0372806 0.241388
0.0450653 -0.0324237 0.238469
0.0955868 -0.0207812 0.242719
0.0795025 0.00444507 0.249291
-0.0809283 0.130473 0.701044
-0.167041 0.166173 0.886817
0.053685 -0.0598304 0.253472
-0.0343397 0.0125752 0.23265
-0.00982161 -0.023972 0.23555
-0.0527813 0.0546143 0.352541
-0.00703628 -0.0148707 0.243128
-0.00707271 0.0123303 0.235364
-0.065418 0.049491 0.303842
-0.0770437 0.048126 0.32594
0.0485896 -0.00894448 0.24078
0.0821521 -0.0279125 0.250396
-0.0167863 0.0176776 0.248954
-0.00633915 -0.00328411 0.231563
-0.0738282 0.0652253 0.409889
-0.332009 0.150475 0.659439
0.10582 -0.0207176 0.230233
0.13974 -0.0524242 0.180403
-0.0146218 0.0187846 0.240734
-0.0205959 0.0328265 0.235294
0.00295613 0.0265117 0.254563
0.0525434 0.0407495 0.223846
-0.00786114 0.0527612 0.231101
-0.0549206 -0.0278147 0.103967
0.105237 -0.00409903 0.223839
0.13595 -0.044556 0.181026
0.149201 -0.0656247 0.190813
0.0846299 0.019912 0.251248
-0.139743 0.159796 0.796434
-0.0888532 0.0243764 0.18183
0.271647 0.14633 0.486148
0.290681 0.0784453 0.507989
0.464835 0.246733 0.813769
0.0908874 0.00444336 0.264445
0.0877502 -0.0144864 0.265551
0.0685564 0.00423887 0.240369
-0.00689549 -0.012571 0.203032
0.1107 -0.0286101 0.239415
0.0734362 0.00457754 0.243295
0.0936125 -0.013299 0.237434
0.0419011 0.0664292 0.269732
-0.0418888 0.037069 0.264904
-0.0639816 0.0199343 0.222224
-0.00813013 -0.0166971 0.109035
0.0463567 -0.0220839 0.248418
0.0713013 -0.0747254 0.254029
0.0916362 0.0160459 0.258641
0.0840638 0.0153999 0.241215
0.103332 -0.0643023 0.255872
-0.0594053 -0.0916321 0.266147
-0.0863155 0.0193228 0.199562
-0.0421976 0.0397164 0.252683
0.027074 0.00423513 0.0387943
0.0144203 0.00442831 0.0269069
0.00977957 0.00314724 0.0200669
0.116614 0.0465884 0.245514
0.0778044 -0.0302555 0.252446
-0.0255974 0.106815 0.48857
0.0944312 -0.0759861 0.289922
0.0264649 0.123958 0.853949
0.0919338 0.0153953 0.229264
-0.160823 0.228817 1.02973
0.110288 -0.0120949 0.237925
-0.0454814 0.195924 0.859425
-0.0369598 -0.0339925 0.250595
0.0501606 0.0334063 0.226356
-0.0622393 0.0456745 0.321625
-0.0336517 0.0348002 0.224964
0.121155 -0.00180972 0.179728
-0.00343933 0.00356139 0.0213971
0.0891573 0.0144188 0.129789
0.110818 -0.00697134 0.166456
0.115877 -0.0522135 0.155097
-0.0307108 0.0292878 0.147919
-0.0403053 -0.0316402 0.103383
-0.0406739 -0.0109326 0.241751
0.119764 0.0606079 0.246009
-0.0933317 0.0176574 0.212025
0.0980291 -0.0203477 0.248954
-0.0762719 0.0318974 0.226889
0.0711566 -0.0755759 0.262944
0.0279814 0.224836 0.755167
-0.0663104 0.0348983 0.228107
-0.0961974 0.0307748 0.177831
0.0946989 0.0160965 0.235457
-0.349946 0.213505 0.827479
-0.0534593 0.0346417 0.243962
-0.307435 0.175315 0.663229
-0.0466691 0.0400537 0.289037
-0.103366 0.0345494 0.206276
-0.0826773 0.0322267 0.193836
-0.0682812 0.0270825 0.229075
-0.0579001 0.0316145 0.236418
-0.0965441 0.0229951 0.183406
0.0865685 0.00490117 0.298605
-0.144196 0.181271 1.16076
-0.0384569 0.0264195 0.109836
-0.157208 0.172038 0.690957
-0.184537 0.158397 0.748969
-0.024504 0.191343 0.898331
-0.132594 0.212969 1.20636
0.018375 0.170112 0.861393
-0.144361 0.0665453 0.294564
0.0254268 0.0674221 0.420349
-0.180246 0.102631 0.444808
-0.110423 0.217254 1.13481
0.0130446 0.184241 0.779663
-0.0957973 0.228356 0.974447
-2.09512e-05 1.52159e-05 8.70499e-05
-0.163433 0.328941 1.28637
-0.252656 0.193939 0.898781
-0.243266 0.121455 0.461108
0.0294528 0.14955 0.588602
-3.91727e-05 1.89596e-05 7.58551e-05
-0.303723 0.265249 1.1774
0.0212788 0.124239 0.766904
-0.317872 0.355309 2.20737
-0.0552162 0.239621 0.976335
-0.286652 0.128616 0.70665
-0.00449299 0.1451 0.794531
-0.461756 0.260119 0.959147
-0.360428 0.177191 0.756728
-0.0105017 0.212262 0.942637
-0.210318 0.097808 0.44659
0.0938392 -0.0165199 0.228902
-0.294815 0.171412 0.773605
0.0185906 0.154543 0.781787
-0.137088 0.243607 0.911448
-0.284005 0.150829 0.660618
0.0125218 0.0448295 0.2771
-0.0598259 0.107924 0.514242
-0.0152151 0.235276 0.905038
-0.0208405 0.172961 1.27534
-0.392305 0.290913 1.23617
-0.367439 0.15874 0.752306
-0.128824 0.205833 0.943226
-0.0558968 0.205068 0.946546
-0.191003 0.131486 0.49663
-0.34004 0.18265 0.753223
-0.171005 0.197049 1.00059
0.0220628 0.235792 0.842724
-0.301654 0.194501 0.812255
-0.373832 0.175421 0.792312
-0.00869453 0.195507 0.867985
0.119228 0.0384613 0.246313
-0.0674581 0.0416572 0.25187
-0.0393812 0.0436072 0.248362
-0.0359452 0.0344437 0.174535
-0.0856269 0.029116 0.276047
-0.0988798 0.233343 0.998202
-0.0857271 0.187533 0.944064
-0.11516 0.128021 0.814914
-0.0349282 0.179027 0.785047
-0.103605 0.256909 0.957353
0.0933187 -0.00441713 0.249032
-0.0924632 0.0258592 0.18443
-0.0212053 0.0156615 0.224466
-0.0778526 0.0288015 0.172461
-0.0162305 0.0259619 0.221089
0.102434 -0.0140084 0.221425
0.0475153 0.0212631 0.237879
-0.143138 0.208892 1.0851
-0.0229387 0.18293 0.926953
-0.093851 0.244838 0.947359
-0.144564 0.215289 1.21274
-0.153063 0.274402 1.02403
-0.222509 0.415835 1.42589
-0.0279924 0.192857 0.882934
-0.151574 0.227641 0.966157
-0.276672 0.234466 0.949061
-0.0893942 0.0477377 0.270708
-0.192043 0.136496 0.553366
-0.335794 0.186448 0.655569
-6.27047e-05 3.26048e-05 0.000120626
-0.348875 0.215329 0.863502
-0.322956 0.183313 0.740098
-0.479829 0.273373 0.949091
-0.90305 0.248156 1.5237
0.229073 0.145328 0.482873
0.00705005 0.0751838 0.25282
0.0172013 0.0829 0.351539
-0.000793041 0.151568 0.836856
-0.000836679 0.0451726 0.241232
0.0165129 0.215981 0.873122
-0.10484 0.183435 1.04521
-0.0132302 0.105481 0.462545
-0.113951 0.221884 0.957218
-0.0358031 0.164834 1.07245
-0.0225838 0.147056 0.785045
-0.0295904 0.171465 0.690839
-0.275818 0.124118 0.678644
-0.0715738 0.191564 0.762614
-0.273891 0.158544 0.548876
-0.0837375 0.0684548 0.421711
0.0329939 -0.0246507 0.306822
-0.238042 0.172839 0.679473
-0.209359 0.234968 0.945136
-0.248498 0.236519 1.24401
-0.129697 0.108314 0.438938
-1.25714e-06 -1.19136e-06 8.18862e-06
-0.154694 0.0861489 0.323953
0.0302116 0.200123 0.851094
0.00887301 0.0362161 0.346409
-0.0585642 0.0205036 0.23168
-0.0411227 0.037333 0.273505
-0.0927133 0.030357 0.209591
0.00237986 -0.0183873 0.265157
0.159271 -0.074971 0.214374
0.0815096 0.0627664 0.23019
0.0797192 0.00896975 0.126116
-0.00194443 0.31009 1.71455
-0.414497 0.143908 0.774243
0.0504059 0.0328821 0.231953
-3.45807e-05 7.28314e-06 6.33777e-05
0.166397 -0.032148 0.466772
-0.0095283 0.0107363 0.239388
-0.0353814 0.0601017 0.377034
-0.26428 0.140213 0.72904
-0.235362 0.207261 0.837138
-0.119556 0.0711173 0.271358
-0.246683 0.11064 0.486216
-0.0177816 0.226207 0.913333
-0.323505 0.171347 0.858715
-0.0144978 0.120568 0.865168
-0.334665 0.213744 0.957428
-0.0578877 0.176858 0.905492
0.0421395 0.179032 0.808808
-0.310148 0.214145 0.976139
-0.391348 0.236284 1.22437
-0.390758 0.161982 0.852185
-0.220846 0.101653 0.418219
-0.0562221 -0.0599624 0.181573
-0.298159 0.126489 0.541634
0.0605374 -0.00679639 0.246358
-0.186494 0.207618 0.827628
-0.179601 0.217886 1.12384
-0.122601 0.0727575 0.280404
-0.348925 0.239456 0.904637
-0.155136 0.0540345 0.288151
-0.317731 0.154211 0.565225
-0.0833618 -0.0883493 0.269379
-0.188378 0.118492 0.525027
-0.251342 0.107311 0.457278
-0.247423 0.085971 0.458734
0.12253 0.17539 0.616578
-0.307354 0.213832 0.882783
-0.347499 0.167314 0.706029
-0.345422 0.213182 0.856034
-0.372755 0.223871 0.982994
-0.078558 0.199583 0.9607
-0.114649 0.205232 0.729685
-0.000103189 4.42992e-05 0.000190577
0.00897705 0.133746 0.5085
-0.0658689 0.219942 0.972833
-0.218256 0.182171 0.809118
-0.119717 0.11456 0.489359
-0.0390852 0.217793 1.1241
0.121933 0.02499 0.205478
-0.253543 0.140957 0.550749
0.236947 0.114595 0.398985
-0.198594 0.114855 0.378237
-0.118521 0.192764 0.890506
-0.294167 0.146335 0.580033
0.021989 0.198796 0.807894
-0.811211 0.372299 1.56929
0.02729 0.119825 0.841619
-0.160037 0.263288 1.2172
-0.279043 0.134275 0.569701
-0.0696291 0.234755 1.05419
-0.203798 0.226981 0.914872
-0.0616601 0.142214 0.890483
-0.313063 0.156619 0.872035
-0.309032 0.161446 0.816994
-0.100779 0.0363781 0.223034
-0.400041 0.27473 1.04463
-0.387322 0.209846 0.864939
-0.0695109 0.195799 1.0442
-0.325837 0.18888 0.854702
0.0061897 0.107023 0.72967
-0.0299474 0.1824 0.699631
2.74298e-06 4.17011e-05 0.000151416
-0.0265318 0.146488 0.557625
-0.0524669 0.16722 0.611495
-0.108836 0.183906 0.690621
-0.0349067 0.108542 0.434707
-0.317748 0.231186 1.05986
-0.265929 0.115411 0.496445
-0.055541 0.146596 0.582822
-0.230269 0.192057 0.846901
-0.462491 0.229085 0.875621
0.0197374 0.0853652 0.654336
-0.00305189 0.264236 1.06034
-0.256526 0.146168 0.505974
-0.277005 0.161134 0.574253
-0.102642 0.245816 0.982203
-0.0528846 0.229517 0.935783
-0.0142648 0.195876 0.783276
-0.362935 0.210308 0.856327
-0.0822188 0.199704 0.754964
0.135401 0.171672 0.560404
-0.313839 0.227695 1.04013
-0.348309 0.19275 0.96115
-0.180444 0.217108 1.20584
-0.305081 0.214347 0.974058
-0.254791 0.129785 0.676041
0.0231185 0.219481 0.826972
-0.109278 0.136068 0.802406
-0.0362159 0.0144697 0.256672
-0.0306358 -0.0181798 0.0642357
0.0920797 -0.0105808 0.231839
0.0751344 -0.0671347 0.264664
0.0842911 0.0238695 0.154872
0.0719985 0.0182644 0.118492
0.105569 -0.032059 0.27018
-0.0692366 0.0336281 0.215113
0.104002 -0.0266282 0.255872
0.062631 -0.00236406 0.2497
0.0894303 0.0117887 0.258709
0.224432 0.109833 0.372661
-0.0137804 0.0194832 0.226102
-0.0205911 0.0779518 0.397335
-0.0164743 0.0369854 0.262237
-0.126785 0.243503 0.977963
-0.117818 0.250565 1.02145
0.0951509 -0.0345551 0.213492
0.144491 0.0516873 0.207344
-0.0419263 0.0159814 0.260301
-0.0525222 0.0436908 0.309739
-0.0620424 -0.00426453 0.279771
0.0964687 -0.0571448 0.242386
0.165287 -0.0662887 0.217309
0.0933582 -0.0277135 0.2427
0.144345 0.0273903 0.2073
0.0196706 -0.0201836 0.238795
0.0562551 0.038589 0.231041
-0.0583091 0.0356294 0.252663
-0.0909971 0.025266 0.189572
-0.106144 0.0317677 0.216771
-0.0153447 0.0454334 0.327258
0.0874921 -0.0291524 0.241488
0.047395 0.0282995 0.234185
0.138511 0.0694428 0.280066
-0.0264834 0.101719 0.386416
-0.35827 0.192318 0.812462
-0.0394027 0.0171241 0.260219
0.074651 -0.0270849 0.240659
0.101477 -0.0184207 0.243006
-0.0564919 0.024326 0.242965
0.0989602 -0.0596701 0.247841
0.00678018 0.0223158 0.274559
0.048042 -0.01046 0.238572
0.07976 -0.014706 0.214066
0.0886105 -0.00613904 0.234064
0.10987 -0.000506534 0.233815
0.109971 -0.021813 0.170638
0.10854 -0.039509 0.238988
0.123198 0.0196437 0.207806
0.11115 -0.030089 0.240988
0.120561 0.0211263 0.197991
-0.00725677 -0.00375125 0.251969
-0.041371 -0.0132259 0.24854
0.0974746 0.0180434 0.141648
0.15345 0.0281021 0.211498
0.128042 0.0407452 0.263169
0.10637 -0.0286942 0.230599
0.117401 0.0572637 0.247587
-0.0621871 -0.0989349 0.283297
0.0833172 0.0154186 0.241064
0.0398261 0.0645271 0.264963
0.12615 0.0404439 0.258679
0.15358 0.0376827 0.218545
0.146886 0.0272465 0.202566
0.10601 -0.000268375 0.225076
0.135707 -0.0263363 0.218594
0.071727 0.00787056 0.247834
0.0113443 0.0376182 0.230821
-0.0564145 -0.089132 0.255763
-0.0724727 0.0330465 0.213577
0.0492283 -0.00828008 0.24296
0.106598 -0.0292491 0.230782
0.0518731 -0.0513862 0.249638
0.0841868 0.0142129 0.225054
-0.0152584 0.0145102 0.231523
0.0730654 0.00886898 0.253531
0.152949 0.0286131 0.209918
0.119619 -0.0798586 0.249086
0.0409474 -0.02026 0.230444
0.0804121 -0.0157519 0.247497
-0.143093 0.0680878 0.380669
-0.0892461 0.0235726 0.182944
-0.0151971 0.0143427 0.234908
0.0825635 -0.0789685 0.265697
0.235327 0.123444 0.409538
0.100366 0.0133465 0.249902
-0.0484443 -0.0872074 0.264607
0.091214 0.0144236 0.228651
-0.0962553 0.0218131 0.177842
-0.0913539 0.0259773 0.181453
-0.00704533 -0.00352365 0.229384
-0.0774131 0.0318119 0.230085
0.0827114 -0.00801097 0.259426
0.118379 0.0620761 0.241443
0.124037 0.0648154 0.232356
0.143548 0.035378 0.205223
0.0892125 0.0152325 0.222963
-0.0546126 -0.00032789 0.24877
-0.0845652 0.0347043 0.219141
0.0364004 0.202379 0.737323
-0.0910105 0.0220746 0.210383
0.164193 -0.0954887 0.32077
0.0880226 -0.0820204 0.276333
-0.111292 0.188883 0.919433
-0.00143525 0.140681 0.978974
-0.139241 0.183247 0.957265
0.0880238 0.000501806 0.223711
-0.0198357 0.168945 0.920613
-0.0691017 0.227547 0.91881
-0.233438 0.206704 0.999554
-0.0652829 0.0330409 0.224997
0.0685308 0.00814738 0.240994
0.0481618 -0.0114733 0.240349
0.168059 0.0687552 0.226988
0.0679047 0.0600814 0.249752
0.00288 -0.010754 0.13991
0.135519 0.0582129 0.194184
0.112452 -0.0279493 0.241936
-0.0449846 -0.0580046 0.246509
0.10701 0.0283237 0.222216
0.082643 -0.0650208 0.245085
0.0821868 -0.0640572 0.241868
0.0359848 0.188804 0.7425
0.0919243 -0.0248117 0.205142
-0.0451415 -0.0531448 0.272132
0.00346863 0.0336347 0.256452
0.108299 -0.0216953 0.236055
0.0285424 0.0705465 0.256334
0.178121 0.0061968 0.241175
-0.0297215 0.205933 0.964128
0.196008 0.0966553 0.33692
-0.070357 0.0241752 0.224107
0.0458825 -0.0407322 0.251812
0.0558838 0.0370344 0.238025
0.136261 0.0217672 0.227942
0.0261384 -0.038003 0.512012
-0.00117375 0.245387 0.952155
-0.0641812 0.210346 0.848193
0.0221906 0.208903 0.77549
0.108983 -0.0095797 0.236115
-0.0195818 0.0276326 0.229407
0.0937688 0.0158412 0.254379
-0.00868346 0.169994 0.718929
-0.0597727 0.0339527 0.244401
-0.0338614 0.180664 0.848684
-0.00684638 -0.0150324 0.236691
0.127839 0.0210241 0.190492
-0.00203443 0.0169106 0.232052
0.109524 -0.0398317 0.239986
0.118215 0.0420239 0.168603
0.194392 -0.00746685 0.266966
0.177883 -0.0337947 0.25634
0.163283 -0.0307834 0.225985
0.13217 0.0163219 0.193004
0.165244 -0.0311833 0.227693
0.133673 0.0229109 0.219677
0.138247 -0.0521494 0.17857
0.163615 -0.0764986 0.221333
0.127724 -0.0472508 0.162819
0.161554 -0.033216 0.245418
0.198864 -0.0367122 0.259581
0.196909 -0.0368935 0.269355
0.143774 0.00988691 0.213092
0.180334 0.00887837 0.241464
0.169589 -0.0320884 0.235386
0.159471 0.0103924 0.234134
0.174752 -0.0319263 0.206202
0.152974 0.0254552 0.213274
-0.0728321 0.0305774 0.216701
0.0532386 -0.0596552 0.252085
-0.158037 0.240726 0.984895
-0.340303 0.20416 0.891134
-0.113242 0.200881 1.16159
-0.383777 0.219391 0.948403
0.032521 0.0771528 0.284365
-0.114506 0.189709 1.17932
0.0654971 0.026019 0.104325
-0.0673484 0.2021 0.933093
-0.081249 0.226122 0.879065
0.0274385 0.215534 0.750391
0.148229 0.0518752 0.206687
-0.0933743 0.0224884 0.177684
0.0814946 -0.00408653 0.232198
-0.0628707 -0.0405125 0.141111
0.182882 0.0904632 0.331726
-0.00198192 0.0163814 0.230345
-0.0956639 0.0265575 0.219498
-0.101537 0.0196098 0.204851
-0.0483762 -0.0662328 0.275893
0.0891847 -0.0302095 0.270433
0.0540541 0.0265921 0.143719
0.135636 -0.0483279 0.190972
0.0785228 0.00526737 0.245302
-0.0594184 0.000325592 0.251645
0.111083 -0.0166161 0.274786
-0.086382 0.02801 0.182778
-0.0672009 0.0424783 0.279056
-0.0767251 0.0351403 0.225908
0.153433 -0.0725826 0.210156
0.115584 0.0546515 0.188322
-0.0381987 0.0355378 0.2235
0.148989 0.024328 0.203716
-0.0368244 -0.0328631 0.261292
0.10436 -0.0659311 0.263956
0.0927269 -9.25544e-06 0.233495
-0.03937 -0.0320867 0.103334
-0.0496221 -0.0571826 0.29013
0.0837891 0.00619518 0.259235
0.0885473 -0.0209465 0.241994
0.140471 -0.0609146 0.188704
0.122821 -0.0812665 0.256239
-0.0317154 0.0390195 0.308682
-0.0466106 0.0293879 0.197115
0.118566 0.0591497 0.236612
-0.0243005 0.0331478 0.235842
-0.00658801 -0.00766873 0.205405
0.13482 -0.0209051 0.204995
0.114318 -0.0412341 0.163676
0.0995107 -0.000441174 0.211954
-0.0563437 0.0353918 0.226155
0.00608872 0.0389518 0.239013
0.0784662 -0.00847474 0.239214
-0.0252631 -0.0326647 0.143449
0.14566 0.0207173 0.213308
-0.0878353 0.0286264 0.205318
0.128701 0.0187379 0.18936
0.110715 -0.0739471 0.231879
0.149726 0.0527953 0.215939
0.0852608 -0.00824056 0.189507
0.133923 -0.0636467 0.183383
-0.0634134 0.0210248 0.218845
-0.00972033 -0.023565 0.234629
0.126515 0.0330356 0.25826
0.135044 -0.045751 0.179956
0.155742 -0.0733041 0.209806
0.0640023 0.019592 0.126373
0.0821545 -0.021534 0.219053
-0.047368 -0.0752308 0.265741
0.130297 0.0467854 0.186849
0.102043 -0.0194111 0.272785
-0.0290684 0.0428917 0.229413
0.0704134 0.0422318 0.25924
-0.0129242 0.0302419 0.191932
-0.0220044 0.0461132 0.266989
0.000938741 0.0171476 0.162512
0.12394 -0.0104119 0.187722
-0.0399624 0.04258 0.253211
0.128769 0.0205628 0.216441
-0.0333164 0.0114199 0.241225
0.0723455 0.00450322 0.251499
-0.0355246 -0.0213139 0.0757089
0.140756 -0.0464363 0.187337
0.0804324 0.00758278 0.23542
-0.0042652 0.223232 0.935488
-0.0412285 0.101182 0.561187
0.0234132 0.165629 0.836921
0.124655 0.0217406 0.205352
0.12448 0.176984 0.624509
0.0817286 -0.0743482 0.255004
0.0839209 0.010323 0.23089
0.0156319 -0.0175973 0.224767
-0.0165094 0.0168958 0.288467
0.122555 -0.0339973 0.182787
-0.0683666 0.0327192 0.209091
0.160843 -0.0577014 0.200067
-0.0249124 -0.0180305 0.0600614
0.093895 0.0181256 0.271057
-0.0643407 0.0300552 0.234059
-0.0738005 0.0120009 0.155346
-0.092934 0.0435279 0.278488
-0.028103 0.0391031 0.274229
0.0495214 0.0753993 0.312017
-0.025104 0.0410726 0.297099
-0.0816421 0.0271229 0.266813
-0.0530455 0.0506303 0.322082
0.0548117 -0.0138911 0.2695
-0.00690847 -0.00932881 0.0646022
-0.0826987 0.0347835 0.213549
-0.0850639 0.0160766 0.192405
0.133283 0.0744635 0.269628
0.0616704 -0.00658796 0.257518
0.0895657 0.0118616 0.259658
0.0542349 0.0403887 0.250235
0.00452709 0.0349254 0.26584
-0.0720493 -0.088788 0.267006
0.0661059 -0.0636317 0.209617
0.0835147 0.0200408 0.248977
0.0943248 -0.00204543 0.239512
0.147341 -0.0607461 0.185691
0.157308 -0.0644302 0.197014
0.143286 0.0240165 0.211627
0.096983 -0.0283218 0.26176
-0.0140088 0.0194415 0.22971
-0.0492077 0.0367917 0.286981
0.116129 0.060691 0.244393
0.114956 0.0613503 0.220515
0.122025 0.0637904 0.228928
0.0826575 0.0114215 0.24117
-0.0521275 -0.00352982 0.233762
0.0935699 -0.0212167 0.240997
-0.00685047 0.0127446 0.244014
0.111705 0.000439788 0.153412
-0.0562179 0.113426 0.65381
0.00899093 0.0562146 0.320704
0.0528361 0.0369626 0.238918
-0.0698634 0.0457501 0.260163
0.0798576 -0.0463237 0.198105
-0.0634756 0.0428972 0.252944
-0.36875 0.262599 1.14249
-0.184917 0.209507 0.776733
-0.32102 0.263031 1.02671
-0.09291 0.0381815 0.240971
0.0102029 0.115526 0.41579
-0.00406873 0.118831 0.437842
0.122248 -0.000752769 0.183707
-0.0063973 0.134723 0.502431
-0.630891 0.313366 1.37437
0.115351 0.00218319 0.16382
-0.043579 0.0966949 0.386305
0.122272 0.017517 0.170053
0.108385 0.0590874 0.221345
0.000426849 0.101744 0.353978
0.116035 0.0101561 0.164285
-0.0682934 0.113446 0.42304
-0.0840838 0.125802 0.524372
0.0102809 0.0533335 0.324069
0.131173 0.0253197 0.183279
0.132604 0.00415747 0.179335
0.124293 -0.00596891 0.173775
0.11293 -0.00760725 0.170274
0.0040221 0.0818644 0.352366
-0.0577478 0.111419 0.574484
0.106991 0.0615865 0.20253
0.00510439 0.0777129 0.393184
0.117454 0.00874351 0.169769
-0.0643075 0.0946213 0.507962
-0.141282 0.194951 0.837833
0.115497 0.00625215 0.164721
0.129081 0.0118963 0.191171
-0.00456043 0.111356 0.430406
0.101507 0.0258226 0.210466
-0.0068105 0.0607462 0.265397
-0.126806 0.160435 0.725086
-0.104096 0.0483299 0.232858
-0.0176955 0.0118273 0.168087
-0.0204931 0.0138329 0.192359
-0.070543 -0.0432588 0.148521
-0.00884686 -0.000386669 0.0104179
0.0714173 -0.0538821 0.198786
0.0694029 0.0642118 0.405731
0.11775 -0.0238123 0.192312
0.101785 0.0299058 0.194289
-0.0852332 0.0243174 0.200827
-0.0223505 -0.0167759 0.129235
-0.0924445 0.017444 0.185521
0.119236 -0.0404166 0.162381
0.1155 0.023156 0.194727
0.0177438 0.0246294 0.152171
0.141502 -0.0613316 0.184503
0.110078 0.00907164 0.230287
-0.0614273 -0.000399816 0.282495
0.0170822 0.0512363 0.320536
-0.0665948 -0.0704683 0.218957
-0.0060145 0.00501209 0.0377166
-0.0755107 0.036712 0.23826
0.00263367 -0.0149348 0.0353183
0.0407567 0.0195023 0.205389
0.0831802 -0.017318 0.254623
-0.0726789 0.0189877 0.148304
0.011912 -0.0116545 0.141881
-0.0375669 -0.0362741 0.111818
-0.00609115 -0.00026418 0.259158
0.10444 0.0363276 0.213549
0.00154198 -0.00723987 0.0980855
0.138929 -0.0513324 0.187718
0.059532 0.0320932 0.172263
0.153588 -0.0571607 0.206443
0.138891 0.0171268 0.210608
0.099096 -0.0335556 0.270905
0.0797035 0.038137 0.203229
0.0483795 -0.023266 0.262307
-0.0306395 -0.0196543 0.0670656
-0.0725257 0.0136083 0.145019
-0.0443325 0.0497417 0.329473
-0.0670749 0.0185844 0.111238
-0.0936189 0.0211338 0.154899
0.0614267 0.039027 0.221812
-0.0788111 0.0217294 0.132507
-0.0903893 0.0273225 0.15253
-0.0724966 0.0331049 0.204076
0.0529062 -0.0561399 0.193974
0.110877 0.0498364 0.23443
-0.0798866 0.0161094 0.135956
-0.107796 0.0274573 0.203315
-0.00566717 -0.00944139 0.0627331
-0.0589716 0.0228003 0.236579
-0.0497161 0.0291398 0.192771
0.118902 -0.0442726 0.164113
-0.0880979 0.0304591 0.284179
-0.0731398 0.0369704 0.255573
0.141645 -0.0478519 0.189164
0.0849895 0.0192053 0.249571
-0.0470037 -0.067201 0.264951
-0.0384104 -0.0353084 0.11048
0.0677419 0.0347727 0.183812
0.0881251 -0.0468933 0.329342
-0.0837504 0.0159099 0.196979
0.0836586 0.0503575 0.219004
-0.0325295 -0.0178044 0.215366
0.0928114 0.0177695 0.22533
-0.0146806 0.0277168 0.230371
-0.116908 0.0276213 0.221885
-0.102847 0.0218959 0.175826
0.0793969 -0.0140247 0.194492
-0.0446526 -0.0325313 0.106326
-0.0898858 0.020481 0.202472
0.09583 -0.0239105 0.235204
0.00106568 -0.0164972 0.226278
0.00758538 -0.0107694 0.145922
-0.0464156 -0.00150041 0.195978
0.00544511 0.0459308 0.332858
0.0909848 -0.0125643 0.271894
0.0762522 0.00464063 0.267903
-0.0501017 -0.0285887 0.295666
0.0751084 0.00617835 0.261681
0.0602053 -0.00567513 0.251343
0.0949373 -0.00380862 0.24189
0.0708475 0.0447374 0.255669
-0.0468374 -0.0328505 0.107408
-0.0886745 -0.0084541 0.12612
-0.0992433 0.0209026 0.135738
-0.0336145 0.0123983 0.204888
-0.0212584 -0.0263555 0.182445
-0.0175553 0.0126398 0.172698
-0.0294823 0.0377689 0.209287
0.106726 0.0543608 0.220863
-0.00713487 0.119071 0.543258
-0.00740288 0.0561542 0.319744
-0.0143818 0.0422259 0.194571
-0.0850344 0.050482 0.2353
-0.0747508 0.0345742 0.169216
0.071606 0.00968407 0.109694
-0.06908 0.0532901 0.282376
-0.0787092 0.0368017 0.227995
0.102021 -0.00647352 0.152891
-0.00738708 0.0654142 0.281384
-0.0742818 0.0311327 0.192907
0.106792 -0.00183846 0.157606
-0.00719067 0.0432718 0.164845
0.105275 0.00541951 0.155398
0.117342 -0.00772789 0.167833
0.115483 -0.0223374 0.252008
0.0906629 -0.0200059 0.246551
0.133898 0.0713237 0.281496
0.116853 0.00959557 0.174488
0.131868 0.00732041 0.194525
-0.0705586 0.0322538 0.157168
0.116298 -0.00521191 0.171628
0.134083 0.00123457 0.196882
0.122326 0.00685753 0.18034
-0.00824759 0.0744344 0.293458
0.00847695 0.113229 0.423177
0.113477 0.00985101 0.163388
0.00764387 0.126322 0.450195
0.126593 0.0222081 0.174253
-0.0071345 -0.0130419 0.187581
-0.0173567 0.0125283 0.19045
0.0646434 -0.00253218 0.260878
0.000284007 -0.0200863 0.122623
0.10167 -0.0262372 0.262166
-0.0177386 0.0132805 0.115301
0.0236927 -0.0171316 0.0545802
-0.046084 -0.0398533 0.286587
0.0232157 -0.0167747 0.0533104
-0.0811903 -0.00684742 0.135152
-0.0846563 0.0228923 0.136162
-0.0909415 0.02124 0.149156
-0.0595662 -0.00154854 0.266215
0.105751 0.0108103 0.221064
-0.0103466 0.0321437 0.172809
0.0786873 -0.011439 0.199432
0.0679532 -0.0037675 0.178411
-0.0810307 0.0225075 0.135952
-0.0190137 0.0335286 0.222918
-0.0118265 0.0430385 0.251657
-0.0134164 0.0268981 0.155899
0.109739 -0.00743112 0.165467
-0.00349729 0.00363801 0.0207039
0.00562947 0.0494949 0.250739
0.0593765 0.00434538 0.21084
0.00516475 0.0390816 0.218428
0.00239495 0.0444169 0.243836
0.00729706 0.0433699 0.265443
-0.0231938 0.0145115 0.0617614
0.0112055 -0.0168621 0.137452
-0.025784 0.016862 0.0717795
-0.0183269 0.0209617 0.106171
-0.0205176 0.0231264 0.11828
0.10699 0.0116794 0.26786
0.0599685 0.0304474 0.130717
-0.0106585 0.0196874 0.0794629
-0.0175665 0.0210929 0.110588
0.00237234 0.0220671 0.0951732
0.00199553 0.0199035 0.0871991
0.107297 -0.00415467 0.153894
0.106119 0.0100729 0.157814
0.117144 0.00864952 0.168889
0.0266382 0.0315794 0.108941
0.111201 -0.00565809 0.155337
0.0991713 -0.00215881 0.148116
-0.0171941 0.0284475 0.199018
-0.0316636 0.0332898 0.169907
-0.038258 0.0374549 0.195445
0.0960793 0.0326263 0.198736
-0.000767681 0.0173945 0.0813904
-0.0227633 0.0122495 0.0559775
-0.0022832 0.0137526 0.0784136
-0.000397616 -0.0127644 0.108524
-0.00995695 0.000378331 0.0100996
0.0143849 -0.015098 0.187559
-0.0662993 0.0129653 0.107758
-0.000146698 0.0233464 0.0894854
-0.0282227 -0.0231009 0.161439
0.0530303 0.0241771 0.131378
0.117892 0.0234596 0.169436
0.109982 0.00978563 0.157734
0.103268 0.0010649 0.146372
0.120996 0.0189823 0.178221
-0.0225262 0.0310224 0.260552
0.0948943 -0.0062495 0.135938
0.111104 -0.026796 0.293416
0.150529 0.0063037 0.213548
0.114854 0.00344181 0.163187
0.124751 0.00726453 0.183225
-0.0530962 0.0338068 0.12928
0.124887 0.000754532 0.183403
0.116567 0.0012267 0.171275
0.102872 0.0342996 0.216278
0.130651 0.00147105 0.18128
0.103423 -0.00450736 0.144561
0.1333 -0.00489582 0.186473
0.141181 0.0724859 0.28951
-0.00238397 0.00236829 0.0154448
-0.00121785 -0.00248099 0.0360339
-0.00814812 0.021599 0.112072
-0.00989905 0.0230726 0.111242
-0.0110789 0.0235144 0.138075
-0.0023043 0.0228987 0.0992893
-0.0168187 -0.0257512 0.174619
0.0513395 -0.0547804 0.189691
0.0577258 -0.00975726 0.159501
-0.0206808 0.0245019 0.195172
0.0297084 0.0229562 0.143852
0.0933296 0.0110766 0.257592
0.071533 -0.0759599 0.268235
-0.0795426 0.0328428 0.243858
-0.0658991 0.0247917 0.203923
-0.0310551 -0.0266722 0.0831047
0.0743423 0.0566873 0.312804
0.0853082 -0.0147014 0.259947
-0.0578783 -0.00331751 0.241685
0.0869683 -0.0231855 0.238178
0.0996111 -0.0195685 0.253207
0.0803146 0.00633886 0.233821
-0.0373234 -0.026011 0.0853605
-0.0870019 0.0250855 0.176475
0.00371292 -0.011888 0.17149
-0.0980095 0.0288805 0.147653
-0.0107458 0.0133575 0.0681046
-0.0713619 0.0154647 0.115893
-0.0436204 0.0302774 0.165936
-0.0980579 0.031379 0.160144
-0.0484463 0.0294841 0.192831
-0.0551075 -0.0032346 0.0889091
0.0597589 -0.0199703 0.178295
-0.00672855 -0.013009 0.20823
-0.0100968 0.0148277 0.0795702
0.0668836 -0.0390084 0.130176
-0.0167632 0.0170569 0.0714667
0.00152138 0.0233622 0.0874204
-0.0178568 0.0202553 0.106393
-0.02197 -0.0173056 0.0548357
-0.000436841 0.0201778 0.0949501
0.0844202 -0.00918082 0.205018
0.0369924 -0.0406368 0.190488
0.131124 -0.0247734 0.212961
0.0895836 -0.0210532 0.229414
-0.0922946 0.0250019 0.158366
-0.102137 0.0275981 0.16564
-0.0933608 0.0251101 0.150973
-0.121734 0.0275695 0.202777
-0.090591 0.0215169 0.145456
0.0796997 0.0268644 0.164137
-0.0540891 0.0363561 0.20735
-0.094662 0.0275636 0.156336
-0.0724486 0.0159442 0.136614
-0.0957127 0.0269453 0.151088
0.0231241 0.00461443 0.0314498
0.0177907 0.0046327 0.024858
0.00632792 0.00322306 0.0125939
0.107379 -0.0300827 0.23431
0.00597614 0.0357069 0.218401
0.0149447 0.00452734 0.0314675
-0.079067 0.0191713 0.137577
-0.0817579 0.0169725 0.138108
0.140488 -0.047616 0.196874
0.058958 -0.00660375 0.245126
-0.041355 -0.0445888 0.238446
0.0135294 -0.00633957 0.0287704
0.103711 -0.0117941 0.226541
-0.00208794 -0.003524 0.0176243
-0.0479325 -0.0576488 0.275225
-0.000748697 0.0010851 0.0110776
-0.00235446 0.00129078 0.0116516
-0.0127413 0.00710212 0.0400266
-0.0238729 0.0111838 0.102548
0.03826 0.0283688 0.185173
-0.0882817 0.0264758 0.201588
0.084802 -0.0322422 0.273997
0.0855699 -0.0194858 0.258187
-0.00887167 -0.0155582 0.220066
0.0719073 -0.0205302 0.189224
0.0936157 -0.0863092 0.293533
-0.0354338 -0.0504378 0.208686
-0.0565989 0.0208864 0.234231
-0.0529267 -0.0961834 0.289398
0.104879 -0.0135903 0.263977
0.071527 0.0429187 0.256561
-0.0741097 0.0211939 0.121891
0.0918818 0.0138116 0.23058
0.0710233 -0.037709 0.272753
0.106046 -0.0106208 0.231976
0.10461 -0.0108585 0.248739
-0.0910111 0.0308683 0.181283
-0.0709258 -0.0757723 0.239788
-0.0698555 0.0137882 0.191443
0.0714331 0.00461476 0.236785
-0.082016 -0.0621582 0.207787
-0.0594954 -0.0031183 0.258009
-0.0603202 0.0186249 0.106778
-0.069204 0.0313219 0.113993
0.0475822 0.0106692 0.242294
0.0908634 -0.0185725 0.228502
-0.0663755 -0.0640506 0.204915
-0.107121 -0.00797107 0.147211
-0.0932785 0.0295056 0.14155
-0.0153011 0.00252187 0.0233293
-0.015425 0.00808694 0.044192
0.0115474 0.00286502 0.0184288
0.0379361 0.0206148 0.0790528
-0.0226884 -0.0288445 0.127959
-0.0351345 -0.0128544 0.198198
-0.0748976 0.0171329 0.136332
-0.0552395 0.0257594 0.160377
0.0535094 0.029642 0.112488
0.0120691 0.0366741 0.23048
-0.00291803 0.000840899 0.00578827
-0.00297446 0.015627 0.0823715
-0.0401113 0.0162288 0.102572
-0.00820764 0.0167923 0.081643
-0.025488 0.0154693 0.0678706
-0.0117526 0.0164052 0.0770796
-0.023121 0.0132908 0.0617965
-0.013836 0.0161159 0.0724744
-0.00250511 0.0173768 0.0754536
-0.00687278 0.0177635 0.0809364
-0.0290819 -0.0295493 0.0912141
-0.026796 0.0126571 0.0540219
-0.0188451 0.0127683 0.157602
-0.00656606 0.00268136 0.0125127
-0.0274262 -0.0212959 0.0673997
-0.0278583 -0.021117 0.0674781
-0.0609338 0.00983454 0.127438
-0.0390599 -0.0294173 0.0923015
-0.0455086 -0.0347309 0.110447
-0.043094 -0.0343936 0.110095
0.0270702 0.00418717 0.0395239
0.0475433 0.0198543 0.104863
0.0413991 -0.00726458 0.0634028
0.00819738 0.00425367 0.0166913
0.0176206 0.00238567 0.0277547
-0.00850386 0.00629452 0.0532899
0.107559 0.0191959 0.176209
0.0760552 -0.0740622 0.250982
-0.0469532 0.0146023 0.16186
0.0339375 -0.00626133 0.051782
0.129792 -0.025246 0.210514
0.0388175 -0.0140485 0.053058
0.0276125 0.00457731 0.0403715
0.0266394 0.00439634 0.0390067
-0.0167001 -0.0206441 0.0848584
0.00953493 0.00313836 0.0193137
0.0425493 -0.0384639 0.236631
-0.0292374 0.0082805 0.0518425
-0.00705643 0.00690377 0.0445082
0.0872946 -0.0289653 0.243791
0.117962 0.033876 0.247987
-0.00226712 -0.00282693 0.00816221
-0.0144693 0.00341846 0.0246059
-0.0338824 -0.0278965 0.0866615
0.000174512 0.00728522 0.0478238
-0.00780444 0.00508167 0.0244387
0.0646886 -0.00183483 0.256113
-0.00386257 0.0028923 0.0157503
-0.0201602 -0.0351684 0.108021
0.0718806 0.0394696 0.155231
0.101042 0.0009906 0.214348
0.0479967 -0.0163946 0.13691
0.00206641 -0.000380613 0.00524735
-0.0791565 -0.0756934 0.234162
-0.0583531 0.0244982 0.254672
-0.0449737 -0.0344179 0.267137
-0.139722 -0.145029 0.460954
0.100886 0.0425352 0.221257
-0.00372518 0.00276254 0.0147075
-0.0037104 0.00273823 0.0147024
-0.00371103 0.00274391 0.0146302
0.068823 -0.0408567 0.138103
-0.0977354 0.00530779 0.133025
-0.019844 -0.0219309 0.109171
0.00696626 0.0348202 0.215118
-0.0564893 -0.00284148 0.241262
0.0867082 0.0113537 0.220906
-0.00417346 0.00289782 0.0204749
-0.0430516 0.014142 0.265
-0.000796413 -0.00791327 0.0484466
0.0623402 0.0437139 0.257205
-0.00320614 0.0170224 0.0947992
0.00223352 0.0259867 0.113244
-0.00677211 0.0046395 0.0265214
-0.0269592 -0.0157584 0.0552231
0.089785 -0.0148907 0.233904
-0.046587 -0.0540477 0.270994
-0.0215041 -0.0136714 0.0469091
-0.00270115 0.0181227 0.0741026
0.0908821 -0.056948 0.228107
0.068433 0.04159 0.179536
0.00112996 0.0057609 0.0406283
-0.0261454 0.00984489 0.107296
-0.0189824 -0.00775045 0.030179
-0.000488469 0.000796819 0.00736367
-0.000205976 0.00292062 0.0159564
-0.004453 0.00752613 0.1349
0.0479426 0.0366729 0.235149
-0.00260763 -0.00279478 0.008478
0.0785944 -0.0732621 0.292623
0.0714002 0.0150899 0.102193
-0.0594401 0.0150798 0.105335
0.0167113 0.00409635 0.0340735
0.107293 -0.0367063 0.294944
0.0248 0.00452987 0.0364759
-0.00342249 0.000206909 0.00384335
0.0128352 -0.00156314 0.0323041
0.060667 -0.0253358 0.0809553
0.0622221 -0.0259608 0.0829907
0.00610085 0.00327405 0.0217722
0.0261102 0.00459418 0.0429123
0.0193466 0.00617448 0.0363382
0.00407721 0.00213379 0.0148016
0.179442 -0.0628614 0.249647
0.121152 -0.028192 0.261759
0.123736 -0.0576504 0.170066
0.0343516 -0.0252674 0.190262
-0.0437422 -0.024267 0.25784
0.0185556 -0.0175663 0.109596
-0.0441885 -0.0496501 0.14702
-0.00964732 -0.0216009 0.285252
0.0106483 -0.00598082 0.0571509
-0.00446146 0.00121744 0.00746237
-0.0544959 0.000886226 0.227034
0.0111059 -0.00608685 0.0581546
0.0501673 -0.0344612 0.115856
-0.063789 -0.0193126 0.108653
-0.0524389 -0.0909858 0.295305
-0.0373262 0.0225235 0.154298
-0.0296517 -0.0323337 0.165829
-0.0584782 -0.0409931 0.283519
-0.0320016 -0.0437162 0.178044
0.00400985 0.00232958 0.0201207
0.0974881 0.00444602 0.286131
-0.113304 0.00572353 0.155362
-0.108021 -0.0323866 0.150478
-0.108823 0.0127102 0.145617
-0.0959498 0.0278297 0.144805
-0.107882 0.0140328 0.147688
-0.109048 0.0235057 0.150743
-0.118346 0.024146 0.154631
-0.100687 0.0401125 0.160466
-0.114582 -0.0087462 0.158398
-0.110113 0.0238741 0.152514
-0.119526 0.00494275 0.162908
-0.0995022 0.0306284 0.16348
-0.102106 0.0392247 0.141931
-0.0849263 -0.00521583 0.140396
-0.0678435 0.0306919 0.184315
-0.0203439 0.0178124 0.0719596
-0.0785639 0.0330953 0.176375
-0.00636106 0.0116171 0.0461578
-0.10009 0.0325555 0.19503
0.000892503 0.0111292 0.0485941
-0.000644558 0.0130695 0.050524
-0.1001 0.0119005 0.133233
-0.0987088 0.0221918 0.134063
0.0708593 -0.0123109 0.194196
0.111331 -0.0293042 0.23964
-0.0592714 0.0210715 0.128819
0.0688436 0.0100719 0.205401
0.0940148 0.0155167 0.198872
0.0160925 0.00425974 0.0327531
0.0249941 0.0044133 0.0338329
0.102219 -0.0313471 0.263634
0.123376 -0.00227969 0.187015
-0.047519 -0.0790336 0.263393
0.107562 -0.000313241 0.228157
0.091849 -0.0104098 0.225816
-0.0348055 0.0103576 0.114296
-0.00258936 -0.00325503 0.00952436
-0.00433785 0.00080256 0.00746358
-0.00474783 -0.00111042 0.0122599
-0.0365212 0.0136968 0.103285
-0.0387503 0.0194135 0.15923
-0.0473119 0.0207986 0.14107
-0.0400263 -0.0261729 0.2804
-0.01761 -0.0158031 0.106775
0.0640979 -0.0488175 0.180781
0.0623688 -0.0218817 0.0863169
0.00775256 0.0292122 0.236075
-0.0238038 -0.0222727 0.138853
-0.00229234 -0.00268444 0.0438615
0.0428975 0.0157105 0.09295
-0.00724226 0.00298515 0.0466957
-0.00614749 0.01088 0.241907
-0.00547809 -0.0152094 0.230924
0.0382823 0.024976 0.142951
0.0875431 -0.0225939 0.239403
0.0605912 -0.00636636 0.241178
0.0237492 0.0041931 0.0320986
0.016252 0.00429731 0.0260128
-0.0013139 1.0723e-06 0.00556709
-0.0465888 -0.0342171 0.109713
-0.0425693 -0.0485194 0.144355
0.0549583 0.0229413 0.12141
0.00187696 0.0124809 0.0769788
0.050863 0.00724062 0.258573
0.0138958 -0.00636058 0.0295739
0.0473845 0.0309832 0.180293
-0.0850251 0.0233725 0.18303
-0.0075075 0.00309728 0.0150882
0.0579721 -0.0108671 0.233436
0.0219999 0.00433426 0.0300094
0.0226388 0.00403392 0.0313121
0.0929452 -0.0131656 0.201936
-0.0583933 -0.040457 0.133438
0.0511825 -0.00162248 0.267241
0.104286 -0.0233891 0.269299
0.0968239 -0.0310461 0.246036
-0.0900638 0.0248432 0.136411
-0.0126639 -0.0195224 0.0657091
0.000167423 0.00202549 0.0169369
0.0154834 -0.0132821 0.14175
-0.00481518 0.00823594 0.147034
0.0030544 0.0124172 0.160392
-0.00148063 -0.00208741 0.013519
0.0711722 -0.0120717 0.195004
-0.0876694 0.00376708 0.11074
-0.00715489 -0.00412139 0.198733
-0.0752252 0.0251814 0.116876
-0.0729449 -0.0754744 0.234567
-0.00374905 0.0147534 0.2048
-0.0115199 0.000426665 0.0110261
0.0838019 0.0113763 0.243433
0.0203502 -0.0147945 0.183177
0.0284887 -0.0738308 0.672221
-0.0706183 0.0139625 0.0893424
0.0146489 -0.00527407 0.0197392
0.0444384 -0.00858178 0.0640432
-0.0789275 0.0173236 0.129984
-0.0740462 0.022468 0.126575
-0.0811804 0.0371085 0.13424
-0.0547152 -0.0393185 0.128084
-0.0660142 0.0166736 0.118003
-0.0373658 -0.0488672 0.145341
0.105513 0.0188582 0.172508
-0.0362434 0.0117682 0.2786
0.0622575 -0.00204667 0.249054
-0.00818224 0.00125379 0.0114728
-0.00332041 -0.00325819 0.0659892
-0.101226 0.0250603 0.160241
-0.0949997 0.0271986 0.14976
-0.103353 -0.00788985 0.142232
-0.0981782 0.0118788 0.13097
-0.0412616 -0.0200544 0.235817
-0.104526 0.0133222 0.134372
-0.0869774 0.0215859 0.135939
-0.0882228 0.0287167 0.147273
0.131384 0.0687937 0.265695
0.103803 -0.00857451 0.244792
-0.0832718 0.0221826 0.142022
0.130557 -0.0439393 0.183049
-0.0794057 0.0190326 0.135867
-0.0745522 0.0232865 0.123897
-0.0700409 0.0165681 0.132032
-0.0793677 0.0241435 0.126601
0.0112957 -0.00066069 0.0366797
-0.0431343 0.0203122 0.116103
0.0849548 -0.0336526 0.108799
-0.0121317 0.00516678 0.0413918
-0.00191868 -0.000147411 0.0212784
-0.0358475 0.013674 0.117846
0.106294 -0.0659233 0.263333
0.110546 -0.0297525 0.294873
-0.0470393 0.0196243 0.120728
-0.0777702 0.026569 0.131633
-0.075847 0.0204633 0.129303
-0.0730078 0.0156223 0.132639
-0.0806861 0.0328561 0.130621
-0.0627128 -0.0409627 0.13655
0.0141625 0.0250201 0.100869
-0.0027104 0.000952359 0.0050259
0.0853137 -0.0069707 0.218974
0.0983904 -0.00251781 0.209571
-0.0758523 0.020533 0.129613
0.0790387 -0.00688336 0.204383
0.0715691 -0.014507 0.222617
0.116712 -0.0354153 0.156329
-0.00539804 0.0067036 0.0467665
0.0924563 -0.033518 0.207019
-0.0541912 -0.0600862 0.18081
0.131943 -0.0331757 0.324055
0.00616613 0.0209182 0.231105
-0.0019878 -0.0033196 0.0256745
-0.00409244 9.15019e-05 0.00867634
0.0542221 -0.0528734 0.186251
-0.0208428 0.00707158 0.076535
0.148432 -0.0507346 0.207177
0.00792662 -0.00587313 0.0310757
-0.0816877 0.0162209 0.189097
-0.00537088 0.000622171 0.0051891
0.0921725 -0.0145733 0.145386
0.127591 -0.0519109 0.161975
-0.0047104 0.00562093 0.0390185
0.125298 -0.0525517 0.168981
0.0712398 -0.00426701 0.0870468
-0.00452631 0.014792 0.263678
-0.066051 0.0263852 0.221789
0.0524485 0.0360303 0.235598
-0.00261092 0.00233778 0.0215177
0.0583961 -0.0238625 0.0763539
0.0646015 0.00123946 0.0968545
0.0782967 -0.0144773 0.18702
0.0489252 -0.0546792 0.190769
0.0235074 -0.00202835 0.0352422
-0.012878 -0.00761286 0.0316634
-0.0126278 -0.00745545 0.0310363
0.0423266 0.0140799 0.0920469
0.00578223 0.0025239 0.011732
0.111014 -0.0296053 0.242409
-0.00742445 -0.00604102 0.0407435
-0.0734768 0.0306989 0.224562
-0.000288779 -0.000510047 0.00112124
-0.0141454 0.00803957 0.0440294
-0.000191421 -0.000422427 0.00162822
0.0308741 -0.00559968 0.0418964
-0.00150359 -0.00150699 0.00389073
-0.00809107 0.00200547 0.0114045
-0.0634321 -0.0703644 0.213847
-0.00261395 0.000118918 0.00475479
-0.0434956 0.0190092 0.127466
-0.0949157 0.0264623 0.196555
0.0544469 0.0282486 0.119071
-0.039006 -0.0226768 0.255253
-0.0040248 -0.000142131 0.00115013
-0.0428216 -0.0417277 0.301083
-0.0167289 0.00322555 0.0323462
-0.0379236 0.0183165 0.15534
-0.00113928 -0.000840686 0.00204565
0.0166394 0.00422528 0.0232096
-0.00416817 0.00327538 0.0147097
0.0146769 -0.00526786 0.0197508
-0.075981 0.0267673 0.132626
-0.00438166 -0.000117771 0.00301674
-0.144441 -0.131208 0.427613
0.0255709 0.0047323 0.0377395
0.0429437 -0.00183226 0.0657355
-0.0559595 -0.0478058 0.150103
0.00289553 -0.0100135 0.0225562
0.00153909 -0.0046126 0.0408605
-0.0288404 -0.0450474 0.129511
0.010563 0.00543111 0.0210385
0.00918092 0.00379026 0.0131742
0.0436651 0.00226251 0.065435
0.139645 -0.048441 0.194763
0.135788 -0.0476922 0.190104
0.141459 -0.0436569 0.192379
0.0427122 0.0232081 0.0932247
0.0885807 -0.0513037 0.222584
0.135499 -0.047264 0.18952
-0.00152951 -0.00150425 0.0045477
-0.00271557 -0.00334139 0.00975921
0.0854888 -0.0290025 0.118023
0.0843715 -0.0285723 0.116614
0.0120933 -0.00523296 0.0500807
-0.0367454 -0.0215408 0.206269
-0.037052 0.0155641 0.225531
0.075335 -0.0419972 0.136517
-0.0488722 0.000277015 0.218397
-0.0395629 -0.00450252 0.240117
0.0254662 0.00247299 0.0374426
0.0671928 -0.036893 0.112973
-0.0237847 -0.0329402 0.133037
-0.0382161 -0.0226509 0.216512
-0.0288128 0.00945622 0.174246
0.094701 -0.00725434 0.231782
-0.00279899 -0.00430458 0.0101068
-0.00107176 -0.00050394 0.00107497
