0.0177047 -0.130234 0.880644
0.353967 -0.0998518 0.754261
-0.373365 0.331948 1.69741
0.412035 0.25831 0.726638
0.00164892 -0.163715 0.827199
0.421992 0.0345823 0.691656
-0.025776 0.009003 0.814223
0.464497 0.0513643 0.748146
-0.634697 -0.0539011 1.33011
-0.575159 0.368754 1.43456
0.271801 0.0358833 0.685372
0.202265 0.0833273 0.655327
0.0580818 -0.0203219 0.510609
-0.0803734 -0.16506 0.832475
0.423973 -0.0139261 0.751995
0.161518 0.00485462 0.64918
0.428159 -0.041076 0.746946
0.362845 -0.0853023 0.688972
0.328076 -0.0499448 0.762193
-0.225997 0.228804 1.69338
-0.39839 -0.134511 0.883625
-0.0850629 -0.285448 0.949711
-0.169289 -0.19129 0.84914
-0.35765 -0.219787 0.999114
-0.00292072 -0.133243 0.853118
-0.229148 -0.1552 0.855938
-0.456363 -0.191435 0.80173
-0.203755 -0.0616603 0.499952
0.0847101 -0.0196691 0.648674
0.0662705 0.0411761 0.856657
0.097531 0.0681107 0.407737
0.198391 -0.022402 0.748118
0.128112 -0.0633473 0.690084
-0.146571 -0.0574645 0.797186
0.359179 0.0795877 0.674799
0.349773 0.188525 0.685887
0.257116 0.0391133 0.708486
-0.0346146 0.0572751 0.830634
0.103294 -0.266974 0.89977
0.17551 0.108388 0.91836
0.188484 0.164205 0.715376
0.0129804 0.135816 0.621174
-0.110484 -0.00387121 0.801265
-0.572482 -0.218034 0.96655
0.252909 0.0843465 0.640388
0.354133 0.10792 0.750786
0.288342 0.108478 0.696163
0.299932 -0.181485 0.755781
-0.0571731 0.0379695 0.768055
0.104158 -0.269187 0.905713
0.273224 -0.0506271 0.721042
0.320843 -0.0317042 0.668843
0.0592605 -0.1753 0.853314
-0.160066 -0.274743 0.887383
-0.180791 -0.088247 0.84718
-0.22357 -0.153275 0.846794
-0.0600335 -0.0752545 0.836769
0.0373391 0.070411 0.664195
-0.0115216 0.0179518 0.113649
0.00812105 0.465755 1.76316
0.0574147 0.513506 1.94788
0.152771 0.119982 0.750103
-0.263127 -0.0490921 1.01151
-0.661947 0.381147 1.51023
-0.264943 -0.137582 0.796
0.14427 0.384762 1.53853
-0.281968 -0.0581868 0.919375
-0.445836 -0.169152 0.697188
0.18697 0.0984735 0.735846
0.018967 -0.0725854 0.883276
-0.0739856 -0.0891716 1.02306
0.281654 0.140003 0.723109
-0.343323 0.538231 1.73896
-0.523086 0.359967 1.5296
-0.874634 0.335616 1.56567
-0.969791 0.131812 1.48413
-0.956713 -0.017822 1.47775
0.195604 0.038117 0.683817
0.114331 -0.0902052 0.813903
-0.148631 -0.03352 0.809255
-0.751558 0.254298 1.45856
-0.392368 -0.14092 0.776634
-0.0138179 0.0396984 0.846496
0.0923588 0.105178 0.830398
-0.87669 0.344217 1.44776
-0.169004 -0.189415 0.828661
-0.0758212 0.0339384 0.875166
-0.495953 0.395672 1.62434
0.260557 0.269844 0.789565
0.0355997 0.467721 1.62087
0.215781 -0.0900348 0.639383
0.251986 0.185956 0.691792
0.233158 0.0317111 0.667933
-0.387702 -0.155361 0.714052
0.297118 0.197498 0.662435
-0.378187 -0.148002 0.740555
0.150722 0.504787 1.38871
-0.431772 -0.155029 0.829038
-0.29886 0.49354 1.69669
-0.122085 0.469366 1.57488
0.264651 0.112121 0.694553
0.158685 0.128444 0.873323
-0.0859163 0.0078896 0.750025
-0.120574 -0.00377724 0.829536
-0.249228 0.481541 1.56867
-0.794088 0.245883 1.45272
0.373283 0.0076498 0.664569
-0.686377 0.234449 1.67795
-0.418283 0.435283 1.51634
-0.231843 0.312606 1.54664
-0.910076 0.278309 1.39674
-0.389294 0.527792 1.55661
-0.212378 0.422574 1.59377
-0.861162 0.0339385 1.4588
-0.0156826 -0.0548062 0.787514
0.0176289 0.385961 1.8258
-0.13171 0.00192226 0.88296
0.146323 0.146252 0.745404
-0.023469 -0.145608 0.876855
0.103364 0.0912246 0.828166
0.112803 0.119309 0.780126
0.125966 0.568556 1.78769
0.239677 0.102783 0.684208
-0.0239989 0.0677438 0.830439
0.0267139 -0.0583523 0.979245
0.0365864 0.548084 1.60369
-0.210676 0.207625 1.21401
0.528342 -0.263851 1.08283
0.169135 0.130688 0.827564
-0.19503 0.595479 1.66918
-0.062716 -0.061315 0.804157
0.241213 -0.0869469 0.657579
0.230697 0.136044 0.787593
0.439643 -0.0992169 0.862835
0.347508 -0.0537871 0.80365
0.263901 -0.0472008 0.771681
0.301553 -0.0954966 0.629164
-0.0793447 -0.21232 0.872102
-0.442554 0.386508 1.59162
0.097747 -0.058492 0.66918
0.314962 -0.0561965 0.820012
-0.0237194 0.0117263 0.855331
0.171671 0.119882 0.704065
0.206684 0.0145417 0.939458
0.213065 -0.128297 0.912422
0.167257 0.149427 1.04951
0.0615458 -0.167269 0.822017
-0.0324654 -0.0567681 1.18154
-0.368769 -0.226833 1.04633
0.190118 0.165636 0.729501
0.229524 -0.0991552 0.756996
-0.260162 -0.245624 0.950786
0.0207482 -0.0589739 0.931872
0.325241 0.053051 0.642588
-0.318331 -0.158445 0.81026
-0.262133 -0.341882 1.21583
0.262368 -0.15016 0.761204
-0.282523 -0.140791 0.655208
0.148218 0.00432666 0.805781
0.10549 -0.225609 0.928206
0.547203 -0.263582 1.07857
0.235378 -0.0554659 1.07813
0.0537974 -0.0480976 0.88909
-0.0597132 -0.0603765 0.829795
0.394656 0.0190987 0.714129
0.396833 0.100691 0.693088
0.287576 -0.14898 0.848274
0.177271 0.133418 0.814757
0.223263 -0.00439588 0.661604
0.271979 0.185382 0.664233
0.0556759 -0.00768954 0.933165
0.105342 0.126189 0.803428
0.228171 0.13958 0.560351
-0.104614 -0.0454556 0.924992
-0.0952081 -0.230863 0.798504
-0.000995038 -0.0398383 0.921659
0.297158 -0.0643971 0.586751
0.357364 -0.0726713 0.708345
0.281938 0.0562505 0.755889
-0.751208 0.238387 1.56728
0.0690787 -0.124531 0.830426
0.0482189 -0.000415616 0.847409
0.209084 0.180816 0.773723
-0.425147 -0.213137 0.771094
0.612467 -0.294791 1.11184
-0.273263 -0.136318 0.684498
-0.204608 -0.0289505 0.869823
-0.0843239 -0.0159635 0.512248
0.00496858 0.0682336 0.80373
0.289382 0.192241 0.670942
0.16781 -0.142892 0.920684
-0.440589 0.113187 1.68336
0.306511 0.180314 0.674336
0.0905317 0.0909458 0.820695
0.162284 0.115285 0.823121
0.0154442 -0.221768 0.878929
-0.284578 -0.0868248 0.78928
-0.261285 -0.256492 0.761933
-0.021015 0.0296178 0.858298
0.0700453 -0.125341 0.835756
0.0600057 -0.0044953 0.886365
0.0221842 -0.273171 0.862796
-0.0172684 0.0393408 0.876183
0.289712 -0.142041 1.03305
0.272898 0.105604 0.663945
0.274768 0.224874 0.706466
-0.0232564 -0.299082 1.04982
-0.240736 -0.126075 0.827007
-0.158343 -0.0152498 0.750321
-0.0252044 -0.148302 0.894596
0.147469 0.147429 0.747492
0.563938 -0.341468 0.986131
0.415222 0.105041 0.74829
0.367289 0.22901 0.706348
0.208754 -0.065538 0.56089
0.147241 0.0237245 0.862218
0.409715 0.234497 0.716721
-0.0372911 0.0370335 0.786788
-0.4043 -0.205614 0.79836
0.148842 0.0716113 0.72957
0.337704 -0.0547861 0.77121
0.324942 0.597772 1.82227
-0.805175 0.197997 1.37719
0.160814 0.595454 1.79257
-0.653878 0.502469 1.54827
0.0757097 0.0459295 0.91984
0.275301 -0.0512392 0.804942
0.200582 -0.188767 0.629231
-0.137096 -0.2124 0.878714
0.164035 -0.224043 1.05657
-0.163431 -0.0154065 0.778725
0.36753 -0.03344 0.760734
0.154427 0.0776302 0.653416
0.184052 -0.0916914 0.895377
0.160253 -0.0379017 0.969643
-0.0920812 0.018936 0.814897
0.281874 0.00682922 0.630658
-0.126053 -0.0122995 0.599103
0.170094 0.00600378 0.918613
0.216344 -0.0309813 1.14681
-0.128668 0.00117359 0.766707
0.254562 0.107069 0.804234
0.381649 -0.0554182 0.645128
0.167648 0.00467334 0.910347
-0.144338 -4.53116e-05 0.852888
0.126481 -0.128049 0.906376
0.135426 -0.31569 0.964801
0.103464 -0.269176 0.905592
0.393705 -0.0911958 0.824094
0.0605733 -0.179243 0.872781
-0.225455 -0.231589 0.83958
-0.144032 -0.0626862 0.975656
0.126431 0.104247 0.869386
0.152382 -0.0374542 0.925748
-0.0930048 0.00425444 0.829182
0.147097 0.01733 0.668042
-0.484309 -0.196241 0.862381
0.0673472 0.0975037 0.891867
0.156834 0.14833 0.736202
-0.189502 0.48464 1.74648
0.261283 0.222435 0.7176
0.215901 -0.0497672 0.772896
-0.202336 -0.302264 0.987199
-0.0127072 -0.0686016 0.994129
0.250135 -0.105859 0.822589
0.113558 -0.0148503 0.781019
-0.216379 -0.0395991 0.79867
0.397267 0.102017 0.68503
-0.744684 0.282885 1.4859
-0.307518 0.476092 1.49507
-0.232774 0.596799 1.71158
-0.80821 0.335404 1.48661
-0.662873 0.274403 1.44154
0.358585 0.191892 0.698198
-0.788798 0.281005 1.57902
-0.010864 -0.169196 0.843368
-0.122339 0.467933 1.67225
-0.826133 0.337447 1.41609
0.359216 -0.0316559 0.656081
-0.832085 0.0440269 1.40999
-0.428718 0.110224 1.64205
-0.0815407 -0.207877 0.866556
0.318312 -0.0357361 0.68039
0.0301396 -0.15623 0.862988
0.173992 0.0269259 0.706594
-0.0650915 0.0086992 0.902182
0.0907294 0.0229898 0.809864
0.023826 -0.211992 0.81579
0.316987 -0.0622166 0.74403
0.182197 0.0953816 0.728551
0.0890326 -0.0641278 0.934943
0.318709 0.101081 0.672862
0.195571 -0.0302234 0.811891
-0.0347169 0.0157876 0.858841
-0.215768 -0.111145 0.676762
0.101475 0.10695 0.790075
0.136836 -0.0857709 0.924836
0.0801853 0.362722 1.58116
-0.927566 0.337928 1.68079
0.358478 0.0766562 0.838277
-0.580929 0.113162 1.60836
-0.282193 0.309881 1.76983
-0.10592 0.305649 1.29819
-0.572376 0.0732764 1.61688
-0.134909 -0.176743 0.863197
-0.64477 0.169672 2.46089
-0.490666 0.38872 1.55851
-0.0525352 -0.0283053 0.781839
0.257563 0.0114998 0.612282
-0.850677 -0.156249 1.38763
0.282673 0.0653024 0.755864
-0.776534 0.284616 1.33119
0.34558 0.189014 0.731325
-0.0176505 0.0657175 0.916344
0.543348 -0.313347 1.11503
-0.437902 -0.180221 0.727918
-0.315938 0.196903 1.76546
-0.113965 0.339391 1.46207
-0.861758 0.0403123 1.46057
-0.244901 0.338386 1.67035
-0.282175 0.459164 1.58881
-0.723421 0.019683 1.70429
-0.296796 0.399273 1.67035
0.116728 0.525996 1.66258
-0.212619 0.473356 1.62043
-0.533011 0.367803 1.55571
-0.781125 0.464025 1.39003
-0.358597 -0.195581 0.887798
-0.399363 0.439129 1.74197
0.364809 0.0637159 0.692766
-0.278182 0.414352 1.56139
0.125151 -0.131794 1.01632
-0.571615 0.402205 1.62138
-0.295124 0.316386 1.80856
0.262304 0.109301 0.677202
-0.292116 -0.13926 0.592726
0.0450056 0.416354 1.61364
-0.484017 -0.190884 0.884202
0.272687 0.220352 0.758192
0.310836 -0.074155 0.748331
-0.585654 0.252404 1.642
0.173797 0.0105284 0.847703
0.262512 -0.184583 0.677075
0.466808 -0.378395 1.14413
0.0973773 0.00336108 0.851304
0.368302 -0.0549945 1.44916
0.333998 -0.0828201 0.804586
0.321233 -0.18096 0.920148
0.0971405 -0.0227235 0.76408
0.515282 -0.305886 0.99073
0.265876 -0.0452309 0.923204
0.270412 0.219853 0.69733
0.0111801 -0.17622 0.86045
-0.225017 -0.276771 0.83001
-0.100209 -0.0176596 0.887879
0.435245 -0.3448 1.03368
0.282398 0.0394071 0.708451
0.110947 0.00804745 0.916463
0.0164676 -0.137801 0.876684
0.246407 -0.305078 0.897709
0.264977 -0.203571 0.726227
-0.274196 -0.0923901 0.824715
0.126201 0.10394 0.876063
0.333321 -0.0483014 0.773432
-0.0525611 0.0340271 0.693369
-0.0978118 -0.0177173 0.850034
-0.0487067 -0.0577468 0.860437
0.0057724 -0.154677 1.00468
-0.426372 -0.192443 0.864544
0.634781 -0.205211 1.01899
-0.0144238 0.0393162 0.847749
-0.0483228 0.0204273 0.820561
-0.190475 -0.0875273 0.830077
0.0423087 -0.277013 0.899719
-0.0268245 -0.238223 0.875498
-0.0277128 0.0469739 0.871222
-0.268556 -0.140045 0.874065
-0.416716 -0.190948 0.836286
0.0518014 0.0808464 0.779405
0.094542 0.0944958 0.85189
0.112348 -0.0440812 0.806749
-0.311885 0.281328 1.03624
-0.0563236 -0.0461229 0.885927
-0.305447 -0.085626 0.789709
-0.17904 -0.0271337 0.819769
-0.227656 -0.156171 0.892924
0.0977245 -0.326283 0.956924
0.102591 -0.0920377 0.91758
0.301486 -0.0536541 0.881454
0.126038 0.0602476 0.81593
0.238594 -0.0795923 1.2275
0.347817 0.0899048 0.60881
0.259706 0.0623796 0.700584
0.104909 0.058313 0.882596
-0.152449 -0.0240365 0.644628
-0.113127 -0.0185862 0.349754
0.173924 -0.184419 0.927998
0.345123 -0.286051 0.857947
-0.280091 -0.0614703 0.884888
0.361945 0.147829 0.709703
0.0331761 0.0585324 0.889786
-0.0251109 0.00831226 0.834738
0.0490154 0.034827 0.855437
0.209579 -0.0183972 0.888387
0.410474 0.249121 0.724278
0.281053 0.0960346 0.70618
0.390304 -0.0705113 0.808106
-0.0305462 -0.0193962 0.94769
0.322081 0.192945 0.763692
-0.37816 -0.132042 0.683159
-0.0121897 -0.195767 0.885165
-0.266401 -0.0799411 0.620144
0.387755 -0.203207 1.01774
0.371126 0.116745 0.696626
0.376129 -0.0671273 0.779992
0.64207 -0.298651 1.19266
-0.264925 -0.137223 0.795771
0.115811 0.102988 0.838658
-0.749933 0.249273 1.58047
-0.284089 0.319073 1.69812
-0.925188 -0.0665514 1.48659
-0.863596 0.00864265 1.6624
0.301394 -0.226176 0.812365
-0.952057 -0.167084 1.5298
0.342348 0.120489 0.668732
-0.0167391 0.0347153 0.801538
-0.882785 -0.15501 1.41855
-0.0910949 0.514912 1.62927
-0.690263 0.216776 1.51638
-0.9033 0.406742 1.57754
0.0184436 0.0418733 0.824308
-0.0235954 0.0581138 0.809345
-0.0760387 -0.0363763 0.731831
-0.0161152 0.560086 1.62733
0.333362 0.176395 0.683773
-0.963152 0.267697 1.5
-0.107228 -0.0164273 0.332163
-0.549659 0.213826 1.66029
0.261383 0.173731 1.0609
-0.0166361 0.540998 1.56822
0.594998 -0.326892 1.10906
-0.451464 -0.170344 0.801
-0.924232 0.258643 1.44193
0.496056 -0.304278 1.1133
0.123081 0.127572 0.828446
-0.900421 0.3083 1.42928
0.227135 0.48838 1.79631
0.157054 -0.0254978 0.617463
0.622108 -0.303518 1.25992
0.0886492 0.0115054 0.859583
-0.439873 -0.217018 0.761037
0.132791 0.127041 0.696491
-0.163642 0.370891 1.5077
-0.493721 -0.250769 0.981615
-0.0697221 -0.00442437 0.807595
-0.281621 -0.257626 0.849082
-0.415725 -0.204632 0.717946
-0.147389 -0.234461 0.8474
-0.109022 -0.236444 0.809538
0.0895604 0.0120985 0.868216
-0.147196 -0.233705 0.846582
0.00297821 -0.163007 0.825643
-0.187827 0.422417 1.66492
-0.0468879 0.0419596 0.816121
-0.223797 -0.163173 0.675753
-0.406625 -0.192366 0.727849
-0.272159 -0.16098 0.742803
-0.236903 -0.0970168 0.50481
-0.308524 -0.0890061 0.774168
-0.561819 -0.00150176 1.36215
-0.110329 -0.0116829 0.850817
0.051097 0.109908 0.950539
0.115638 0.0288045 0.841467
-0.41438 -0.208146 0.756048
-0.14519 -0.0322517 0.794375
-0.134422 -0.075822 0.87556
-0.242113 -0.146286 0.913768
-0.467417 -0.215692 0.817535
-0.0740268 -0.0857272 0.788815
-0.0920757 -0.0125265 0.894604
-0.103584 -0.181922 0.877183
-0.124949 -0.264627 0.931728
-0.0117893 -0.305079 0.907941
-0.117547 -0.208476 0.811084
-0.074309 -0.214538 0.839459
-0.0147017 -0.289773 0.886781
-0.016661 -0.23458 0.828755
-0.0752387 -0.169356 0.88253
-0.0274468 -0.238391 0.877079
-0.284085 -0.260078 0.854818
-0.219839 -0.275576 0.825313
-0.283394 -0.28115 0.838226
-0.708891 0.402648 1.55157
-0.732538 0.2788 1.46016
-0.77841 0.316299 1.6258
-0.707943 0.468666 1.42325
-0.171255 -0.231482 0.844043
-0.189227 -0.236358 0.81894
-0.168925 -0.25632 0.844457
-0.886632 0.346546 1.30322
-0.84285 0.422224 1.55541
-1.05677 0.331557 1.55448
-0.79319 0.329418 1.52055
-0.543987 0.513326 1.55279
-0.934097 0.334387 1.53788
-0.846635 0.418793 1.37208
-0.937033 0.459285 1.41955
-0.840538 0.410907 1.41827
-0.783156 0.46718 1.39808
-0.802781 0.0118102 1.56382
-0.752301 0.285961 1.68404
-0.957789 0.0616063 1.46081
-0.768521 0.0878789 1.48685
-0.90334 0.269202 1.50448
0.383894 0.524124 1.61797
-0.438097 -0.150221 0.677507
-0.31489 -0.0986989 0.698904
-0.398161 -0.140681 0.816633
-0.364899 -0.300761 0.858823
-0.779624 -0.00924136 1.29615
-0.40338 -0.314178 0.867845
-0.288698 -0.121239 0.837634
-0.861739 -0.0460972 1.42344
-0.441137 -0.223469 0.86647
-0.985602 -0.0142391 1.51238
-0.910754 -0.0651908 1.45844
-0.426463 -0.222047 0.904315
-0.37665 -0.209762 0.925998
-0.401689 -0.222784 0.676006
-0.444341 -0.166643 0.794282
-0.537898 -0.196194 0.924216
-0.507501 -0.197439 0.749725
0.17571 0.153208 0.697477
0.0685632 -0.0668638 0.885408
0.199435 0.137331 0.639844
0.336615 0.0943582 0.703942
0.0135501 0.077901 0.844414
0.092579 0.0487486 0.772038
0.228095 0.11447 0.845317
0.295854 -0.0544251 0.694076
0.172198 -0.0290285 0.916609
-0.21862 -0.181334 0.974503
-0.0050753 0.0087353 0.668712
0.249643 -0.0627256 0.776131
0.316331 -0.0485229 1.04035
0.462691 -0.106208 0.912296
0.100207 -0.211867 0.887378
0.245113 -0.144772 0.678674
0.319607 -0.0523395 0.649168
0.0215861 -0.179788 0.78938
-0.815758 0.290832 1.59338
-0.063904 -0.0650573 0.824116
-0.104373 -0.304815 1.2672
-0.190789 -0.259478 1.12955
-0.228462 -0.14909 0.808814
0.323888 0.0094362 0.752892
0.264878 0.0334176 0.663828
0.314175 -0.23975 1.05343
0.255715 0.159269 0.713474
0.0626927 -0.0170594 0.88239
0.338842 0.0473192 0.664587
0.259781 0.105173 0.668765
0.0485145 -0.154778 1.19906
0.234951 0.000271993 0.689506
0.0849123 0.153682 1.38465
0.20221 0.18092 0.720804
0.198457 0.172993 0.7608
-0.924933 0.187352 1.47968
-0.941157 0.17303 1.43949
-0.151263 0.448717 1.66045
-0.227402 0.377165 1.64562
-0.0856 0.475316 1.72632
-0.0841977 0.392545 1.7992
-0.913169 0.162054 1.34938
-0.879408 0.225919 1.57693
-0.063404 0.414256 1.74969
-0.236341 0.616455 1.76988
-0.924725 0.252437 1.39829
-0.372674 0.441673 1.60519
-0.068061 0.520522 1.64126
-0.210837 0.451327 1.55286
-0.411472 0.506097 1.5335
-0.327076 0.374263 1.64255
-0.0877043 0.494256 1.56559
-0.426878 0.466232 1.56938
-0.351991 0.489703 1.6738
-0.389895 0.530056 1.55019
-0.0407954 0.0424177 0.902631
0.281444 -0.174438 1.01143
-0.54264 0.258803 1.62279
-0.499819 0.160319 1.51409
0.227224 -0.0250234 0.865581
0.178676 -0.0246084 0.87683
0.0422007 -0.147005 0.852746
0.207231 -0.00827842 0.801839
0.296123 -0.0464373 1.00832
0.00447289 -0.131002 0.863976
0.112244 -0.140867 0.957593
0.223366 -0.321214 1.12591
0.238153 -0.264057 1.09827
0.000685047 -0.0381314 0.901509
0.247368 -0.25744 1.00959
0.0708226 -0.299874 0.923739
0.0177058 -0.0029527 0.847456
0.0411396 -0.274314 0.886535
0.0379068 -0.255305 0.878616
0.125466 -0.334213 0.907197
0.0750436 -0.238531 0.882021
0.172475 -0.24374 1.04119
0.104857 -0.208378 0.897309
0.516607 -0.0168692 0.899443
0.0141951 -0.218934 0.863131
0.374618 -0.0341225 0.651138
0.600486 -0.182123 0.998785
0.655574 -0.319117 1.1446
0.378884 -0.350901 0.976479
0.609259 -0.32605 1.03995
0.615498 -0.344098 1.11752
0.643682 -0.253366 1.07544
0.679132 -0.342229 1.07357
0.526642 -0.379495 1.07711
0.33737 -0.252286 0.905921
0.205157 0.178111 0.75719
0.270136 0.513509 1.70895
0.015873 0.432789 1.66461
0.165593 0.497658 1.50246
0.131903 0.596644 1.64501
0.0617555 0.383106 1.64589
0.14196 0.141152 0.748558
0.222123 0.191195 0.787813
0.135859 0.52033 1.6366
0.259362 0.588974 1.65957
0.199629 0.0587859 0.886586
0.189051 0.0886215 0.844225
0.16201 0.0997013 0.875556
0.0960886 0.0757895 0.847483
0.259396 0.132971 0.773533
1.07425 0.559087 1.60393
0.384023 0.18036 0.692296
1.06101 0.503239 1.62066
0.271019 0.15931 0.697345
0.252218 0.157735 0.727708
0.264173 0.232736 0.720224
0.334022 0.201955 0.659047
-0.325673 -0.12924 0.77532
1.11676 0.0492826 1.75826
0.372602 0.17023 0.80405
0.0612674 0.0649846 0.846569
0.0887234 0.11509 0.851729
-0.461747 -0.185864 0.733275
-0.243769 -0.259165 0.815402
-0.148611 -0.00878113 0.872061
0.150322 0.153606 0.842071
-0.210492 -0.0781708 0.837892
-0.3095 -0.11219 0.800719
0.1789 0.162109 0.846532
0.286358 0.21222 0.673666
0.115974 0.116337 0.807361
0.309249 0.196341 0.674479
0.186254 0.118366 0.761209
-0.409806 -0.150724 0.830495
0.0371878 0.0594066 0.858443
0.22312 0.0175205 0.906024
0.105598 0.00713517 0.867052
0.31338 0.205991 0.665407
0.132688 -0.0673015 0.904172
0.0144877 0.0394596 0.814835
0.0550566 -0.0240123 0.913583
0.0603848 -0.00479152 0.885185
-0.33417 -0.0760997 1.04257
-0.0463521 -0.025964 0.861433
0.1898 -0.0578721 0.94325
-0.214041 -0.303109 0.924034
-0.026068 -0.151723 0.912163
0.128051 -0.292651 0.854815
-0.0278885 -0.249506 0.859639
-0.0178305 -0.253996 0.895943
0.153296 0.0248686 0.896937
0.0488648 -0.310871 0.896542
-0.295803 -0.292333 0.871351
-0.0306526 -0.166303 0.883506
0.376539 0.219913 0.71461
0.276656 -0.0587707 0.553369
-0.341577 -0.303186 0.897965
0.368053 0.143602 0.662716
0.59119 -0.357239 1.03046
0.241183 -0.123929 0.783096
-0.182499 -0.222009 0.90493
0.423921 0.246471 0.739025
0.390087 -0.206137 1.02555
0.347558 -0.072015 0.681486
-0.324437 -0.288851 0.852058
0.0553624 -0.345867 1.00601
0.0380171 -0.0442228 0.780653
-0.00237155 -0.0377859 0.868169
0.356806 -0.219813 0.896426
0.124564 -0.285482 0.836072
-0.242642 -0.0663081 0.84594
-0.210955 -0.0371741 0.76103
-0.37846 -0.120866 0.818722
-0.133337 -0.000733785 0.805355
0.0369757 -0.0218172 0.22047
0.046436 0.0836319 0.851669
-0.561934 0.401903 1.58321
-0.531298 0.172483 1.50686
-0.861416 0.0498549 1.64051
-0.822878 0.107802 1.46079
0.0910608 0.023417 0.807275
-0.0317518 -0.0201851 0.928472
0.108725 0.00804129 0.877493
0.0689257 -0.298967 0.900409
0.453636 -0.218649 0.977873
0.285301 0.246296 0.682613
0.370789 0.0979415 0.640591
0.168471 -0.105035 1.00002
0.626332 -0.270994 1.15416
0.280465 0.206787 0.787065
-0.474982 -0.176656 0.870215
0.585718 -0.283655 1.06543
0.260309 0.216554 0.718591
0.279018 0.120966 0.732569
-0.39023 -0.143378 0.729218
-0.37283 0.406774 1.76176
-0.583293 0.189168 1.01505
-0.103953 0.590914 1.85202
-0.563494 0.249249 1.55301
0.0371782 0.513861 1.66105
-0.0944418 -0.159366 0.747175
-0.5167 0.433661 1.46991
0.0271996 -0.130327 0.887596
-0.42491 -0.213462 0.77506
-0.819734 0.257604 1.51031
0.123089 0.459025 1.59839
-0.443978 0.239085 1.6567
0.112447 0.441354 1.85869
0.0400928 0.068631 0.868658
-0.123213 0.448338 1.70347
-0.433199 0.524934 1.52488
-0.382416 -0.134857 0.702494
0.0341312 0.53601 1.56417
0.246515 0.209035 0.70477
-0.11115 -0.0506322 0.829089
0.606608 -0.340232 1.23173
0.244441 0.132739 0.907265
0.358969 0.179788 0.684797
0.143506 0.105765 0.811718
0.00791733 0.0507668 0.736958
0.0756468 0.0735048 0.864566
0.262054 0.202693 0.621046
0.311422 0.14502 0.635055
-0.710889 0.402134 1.51035
0.178074 0.465786 1.64895
-0.448097 0.229351 1.69318
0.112681 -0.12172 0.950146
0.296249 0.00869531 0.663012
-0.0444553 0.327331 1.7513
-0.448044 0.297812 2.60494
-0.691992 0.467119 1.47902
0.069965 -0.11166 0.865414
-0.558982 0.40045 1.57592
-0.393683 -0.226511 0.783578
0.0932423 -0.101409 0.915239
0.188796 0.160492 1.0652
-0.847777 0.316456 1.51592
0.0112652 -0.00466717 0.825817
-0.843018 -0.0391307 1.38399
-0.312895 0.422564 1.76289
0.297185 -0.257756 0.875924
0.0164149 -0.0734329 0.869741
0.218477 0.0432648 0.98298
-0.204201 -0.298151 0.846196
-0.064692 -0.312419 0.904684
-0.251185 -0.0359106 0.996714
-0.0808767 0.555137 1.65127
-0.244199 -0.0619119 0.806082
0.243312 0.0809155 0.870806
0.296988 -0.109878 0.675775
0.400423 -0.153557 0.916208
0.2674 -0.0187725 0.742345
0.401056 0.172249 0.739201
0.659809 -0.210725 1.26599
0.357388 -0.105781 0.768933
0.135503 0.118803 0.884113
0.326288 -0.114879 0.736246
0.367194 -0.0242447 0.796492
-0.208656 -0.1347 0.842943
0.0718228 -0.116019 0.887652
0.101224 -0.0914683 0.897261
0.0881214 0.0375201 0.804597
0.198562 0.156629 0.748046
0.632806 -0.194023 1.03713
0.027516 -0.126825 0.905498
0.144364 0.157147 0.873778
0.399072 -0.152018 0.909716
0.684296 -0.337519 1.09535
0.1645 0.156764 0.853617
0.12861 0.140745 0.815851
0.0180716 0.0700376 0.749214
0.633814 -0.146228 1.04345
0.153674 -0.0121066 0.854722
0.239583 0.119379 0.728
0.652925 -0.123096 1.04883
-0.0142589 0.073511 0.858175
0.514493 -0.300523 0.990335
-0.891227 0.177512 1.60677
0.08914 0.0385955 0.801263
-0.136842 -0.0284151 0.657248
0.267807 0.0357179 0.73387
0.153392 0.0308658 0.739426
-0.427307 0.404199 1.42474
-0.263733 0.451855 1.8131
0.18159 0.529566 1.75142
-0.679479 0.0172246 1.5877
-0.651766 0.12965 1.4128
-0.424161 0.216545 1.60035
-0.190158 -0.227186 0.909743
0.240032 0.165032 0.741212
-0.677256 0.269254 1.48337
-0.53115 0.365816 1.50066
-0.420924 0.208472 1.58828
-0.881423 0.0470584 1.69698
-0.176003 -0.130688 0.821724
-0.727459 0.245154 1.41272
-0.393558 0.440035 1.53873
-0.260189 0.274556 1.58305
-0.398849 0.441919 1.56114
0.411769 0.0968135 0.675696
-0.249919 0.481276 1.58331
-0.913679 0.266369 1.47153
-0.173823 0.452626 1.61997
0.330195 -0.0483297 0.767149
-0.550438 0.245312 1.50197
-0.259927 0.437185 1.72395
-0.405457 0.503505 1.59241
-0.343771 0.366025 1.5957
-0.127007 0.45074 1.73028
0.0327507 0.475339 1.64645
0.496811 -0.0452892 0.860468
0.3206 0.194801 0.730449
0.110902 -0.0818161 1.00458
-0.434854 -0.150772 0.826604
-0.0914527 0.499396 1.5727
-0.845433 0.511541 1.48109
0.715846 -0.289767 1.20764
-0.37782 0.509666 1.50539
-0.778768 0.268928 1.38365
-0.0743056 -0.212788 0.835585
-0.773985 0.46128 1.47537
0.505201 -0.249218 1.03348
-0.400338 0.468589 1.71931
0.199039 0.0295581 0.810195
-0.442203 -0.172081 0.771672
-0.762472 0.453731 1.45366
0.180064 -0.0401552 0.944392
0.386918 -0.0533571 0.887036
0.546637 -0.0842856 0.91758
-0.465939 -0.186355 0.753602
-0.875906 0.255868 1.43848
-0.823224 0.00596593 1.4978
-0.17561 0.47782 1.68463
0.0343101 0.474315 1.64702
-0.893688 0.444589 1.37008
0.208015 0.116119 0.749262
0.052822 -0.253017 0.905745
-0.153472 -0.0338767 0.838705
0.52534 -0.256433 1.06929
-0.0173921 0.45139 1.70485
-0.330077 0.446857 1.86356
-0.531033 0.53212 1.51753
-0.724537 0.179938 1.50706
0.0784913 -0.162162 0.837725
-0.296884 -0.20676 1.09994
-0.115182 -0.258754 0.890364
-0.760124 0.460246 1.33671
0.387141 -0.201872 1.0166
-0.189124 0.535756 1.86613
-0.51187 0.502188 1.55946
0.0758285 -0.0597015 0.874893
0.222402 -0.000861296 0.866877
0.464524 0.600982 1.67891
-0.179914 -0.0492143 0.690953
-0.89101 0.310946 1.59626
-0.00979653 0.0162258 0.847127
-0.357514 0.523853 1.58796
0.184532 -0.0194169 0.69453
0.276488 0.530174 1.50384
0.211162 -0.228911 1.07378
-0.209656 -0.141887 0.927774
0.251875 0.214768 0.722315
0.330866 -0.0311885 0.686077
-0.193604 -0.242113 0.844865
-0.331343 -0.123574 0.530144
-0.383787 -0.152128 0.730133
0.163792 -0.012014 0.654773
0.410128 0.178043 0.681573
0.155988 -0.100777 0.947407
0.265969 -0.0594985 0.816871
0.203453 0.113102 0.730521
0.151708 0.0936166 0.82794
0.0595729 -0.00552839 0.880838
-0.35791 -0.121228 1.07502
-0.321227 -0.281647 0.852748
0.281747 0.0386535 0.705985
0.290998 0.150635 0.66838
0.539805 -0.258452 1.06075
0.256412 0.0398825 0.704775
0.246693 -0.132161 0.731683
-0.220755 -0.278614 0.97744
0.258775 0.145628 0.578179
-0.167707 -0.221134 0.79602
-0.312704 0.392179 1.81742
0.254045 -0.0496825 0.755112
0.115341 0.137039 0.868765
-0.137406 -0.208431 0.874134
-0.12917 -0.0253924 0.77146
-0.64904 0.18877 1.10721
0.202879 0.070498 0.854393
0.278402 0.159805 0.715958
0.646214 -0.139715 1.04061
0.15496 -0.215784 1.01139
-0.594026 0.439884 1.36491
-0.0888917 -0.267156 0.859954
-0.0762046 -0.257588 0.855508
0.192461 0.0272087 0.786295
-0.440773 -0.229825 0.941271
0.100972 -0.0531438 0.898331
-0.317512 -0.197989 0.856402
0.137935 0.128497 0.828468
0.203486 -0.0149473 0.958874
-0.272195 -0.081646 0.637243
0.0596343 -0.0475353 0.700984
0.0163126 0.0417151 0.878504
0.141664 -0.0691205 0.941183
0.175014 -0.154117 1.03374
-0.158412 -0.0620655 0.862849
-0.315367 -0.101837 0.839538
0.172918 -0.058381 0.894338
0.390165 0.0510775 0.680333
-0.0737416 -0.163882 0.826584
0.357594 0.155753 0.671534
0.344318 0.0649224 0.659067
-0.0526892 -0.161893 0.867683
0.291531 -0.102263 0.660332
-0.154235 -0.0342587 0.839256
0.204564 0.138998 0.778757
0.396245 -0.131221 0.880566
0.0657587 -0.119462 0.832564
0.389206 -0.128591 0.864971
0.0738762 0.0708712 0.841444
0.380708 0.111897 0.670067
0.0980433 -0.0667852 0.935292
0.00839512 0.0720213 0.824902
0.404289 -0.119146 0.865372
-0.274653 -0.0924556 0.54418
-0.271619 -0.0936555 0.510571
-0.347221 -0.116333 0.68475
0.275007 0.115366 0.708718
0.365575 -0.0169644 0.861391
0.290192 -0.0523628 0.763593
0.330513 0.226214 0.67974
0.159251 0.140324 0.841624
-0.0126289 -0.193347 0.869092
0.115369 -0.0394699 0.874951
0.356534 0.248873 0.675451
-0.183872 -0.0697339 0.697047
0.365547 0.115077 0.656396
0.0518849 -0.272511 0.89896
0.011772 -0.175866 0.857496
0.188808 -0.0962034 0.927349
0.303442 0.0197259 0.615579
0.25229 0.105225 0.662499
0.279929 0.0393336 0.702616
-0.0406634 0.330058 1.70967
0.120025 -0.0385459 0.896079
0.0182806 -0.17869 0.937045
0.00227504 -0.0044422 0.909662
0.0496879 -0.147668 0.931693
-0.816959 0.442607 1.46578
-0.201574 -0.136284 0.83109
0.27466 -0.0229489 0.763081
-0.644862 0.480906 1.49
0.00944278 -0.13013 0.793745
0.0142156 0.0572634 0.897582
-0.876134 0.254239 1.41013
-0.357327 0.490355 1.68411
-0.0501414 0.28619 1.20617
-0.407955 0.335806 1.5527
-0.838289 0.00240578 1.52688
-0.526662 0.513354 1.60137
-0.79069 0.295621 1.41081
-0.291972 0.370842 1.72276
-0.0966625 0.544368 1.71852
-0.893937 0.188675 1.46407
-0.237491 0.379729 1.67138
-0.720366 0.288664 1.54032
-0.217137 0.212003 1.60998
0.414851 0.533348 1.58435
0.352221 0.0716488 0.665136
-0.43611 0.524547 1.52793
0.149059 -0.0523705 0.877522
0.0338954 -0.0390093 0.869948
0.195293 -0.0428312 0.615614
0.27421 0.142154 0.711682
-0.0707137 -0.200264 0.853947
0.331542 -0.206846 0.83599
0.256188 -0.1299 0.64252
-0.318001 -0.196569 0.829712
0.137652 -0.213557 0.850658
0.292135 -0.0836377 0.75878
-0.135538 -0.202044 0.853925
-0.341151 -0.208177 0.843956
-0.442815 -0.135376 1.01561
0.36018 0.0813923 0.677218
0.106293 -0.277233 0.930752
-0.595291 0.440321 1.35669
-0.343394 -0.150574 0.829232
0.0770171 0.0732597 0.86412
-0.438361 -0.150295 0.676845
0.29332 0.195911 0.674694
0.218779 -0.11048 0.873386
-0.0624526 0.0333845 0.776759
0.0132314 0.0495376 0.770811
-0.195161 -0.244874 0.849673
-0.266773 -0.284529 0.897635
0.0570928 -0.0230205 0.926588
0.0469622 -0.310092 0.895449
0.191175 0.108701 0.872778
0.280958 0.187238 0.67329
-0.0274907 -0.25308 0.873976
-0.216397 -0.270504 0.809308
-0.223959 -0.251361 0.827977
0.285924 0.221062 0.763597
-0.0395797 0.039646 0.853391
0.353729 0.186554 0.719407
-0.0860452 -0.0499775 0.896137
0.0122524 -0.0542021 0.876735
0.00191607 -0.166787 0.841651
0.17921 0.168383 0.833802
-0.15076 -0.264171 0.847916
0.124207 -0.180853 0.952821
-0.0366345 -0.184644 0.876043
-0.06986 -0.200876 0.857727
0.383116 0.110658 0.681672
-0.256032 -0.275927 0.842429
-0.391311 0.532989 1.56701
0.210717 -0.0290165 0.793514
0.215611 -0.151396 0.942971
0.105506 -0.219671 0.884144
0.225819 -0.00121104 0.878008
-0.389356 -0.145051 0.639581
0.0587472 -0.176158 0.855279
-0.262958 -0.260077 0.774449
0.290602 0.198484 0.797559
0.282959 -0.126726 0.926749
-0.194133 -0.0947466 0.937658
0.204146 0.0727776 0.871512
0.263401 0.111241 0.691042
0.5372 -0.253363 1.04947
0.477751 -0.371012 1.12232
0.350918 -0.325125 0.908356
0.396527 -0.294235 1.05867
-0.212884 -0.0792429 0.846992
0.548977 -0.353249 0.992755
0.295882 0.130097 0.691031
-1.3194 -0.207031 2.34902
0.331427 0.0747085 0.625014
-0.136397 -0.20365 0.861035
0.499092 -0.242013 1.07476
-0.114022 0.00272057 0.979442
0.12623 0.126143 0.886486
-0.289132 -0.123623 0.773578
-0.374623 -0.124431 0.746331
0.0538208 0.0828039 0.791568
-0.220699 -0.0600554 0.772157
-0.391809 -0.176469 0.793774
-0.350698 -0.101767 0.848771
-0.0887381 0.00171628 0.682708
-0.0212721 0.0574654 0.813225
0.205105 -0.137594 1.02002
0.113763 0.117625 0.855085
0.0903757 -0.0999811 0.897047
0.233675 -0.0245588 0.865117
0.397108 -0.0343891 0.821452
0.06696 0.062588 0.935498
0.440764 0.0463597 0.713703
0.15285 -0.0389968 0.934013
-0.311797 -0.0903353 0.761373
-0.0583929 -0.235426 0.89523
-0.0306415 -0.0250175 0.0718504
-0.201138 -0.0184839 0.833449
0.00112123 -0.00988812 0.882044
0.0381738 0.0251824 0.634191
0.200394 -0.266706 1.04939
-0.0498823 -0.0617447 0.938432
0.179117 -0.0794621 0.77712
0.0324632 -0.0465979 0.893541
-0.257455 -0.245726 0.841071
0.368003 0.152614 0.735025
0.193849 0.0137867 0.879538
0.179627 0.00577341 0.729514
0.0365872 0.0266959 0.8801
-0.0308356 -0.157312 0.847367
-0.0525437 -0.171415 0.876544
0.0642752 -0.121123 0.826388
0.168098 0.00463774 0.674799
0.261035 0.17062 0.741178
0.222404 0.149196 0.83264
-0.0909223 -0.0536393 0.713037
0.321356 0.236768 0.705054
0.0860743 -0.0803454 0.903461
0.34783 0.123934 0.678764
0.305778 -0.173735 0.755349
0.326167 -0.0283788 0.710064
0.145595 -0.0629673 0.887128
0.526922 -0.290944 1.14745
0.254763 0.120418 0.704051
0.166124 -0.0581228 0.877228
0.295385 -0.0925662 0.647464
0.332781 0.132508 0.643825
0.0796501 -0.0291487 0.903705
0.253791 -0.231724 1.11422
0.195297 -0.0981959 0.951499
0.391751 0.220191 0.685625
0.276894 -0.0841973 0.908825
0.106728 0.0911261 0.903802
0.299433 0.154512 0.684504
0.0378092 -0.211044 0.878242
0.267515 0.229074 0.737841
0.211189 0.0344781 0.852739
0.128068 -0.291097 0.892856
0.0962029 0.00287987 0.867388
-0.880918 0.454092 1.45431
0.0121555 0.0566454 0.807126
-0.460464 0.468031 1.47407
-0.255772 0.268958 1.54767
0.321489 0.111546 0.680319
-0.672127 0.25088 1.52084
-0.554879 0.543469 1.5274
-0.722539 0.475342 1.45135
0.104296 -0.0749027 0.90493
-0.22234 0.545901 1.67316
0.242802 0.197342 0.615253
-0.716422 0.227085 1.69196
-0.674618 0.379522 1.44854
-0.260843 0.512161 1.51183
0.00330794 0.523588 1.57325
0.00428177 0.53101 1.59122
-0.0241338 -0.207961 0.869578
-0.378851 -0.211128 0.76
-0.480343 0.480195 1.43976
-0.458073 0.462333 1.45892
0.271699 0.2017 0.72553
0.124217 0.260439 0.939807
0.320664 -0.0639771 0.645473
0.284175 -0.112901 0.657877
0.0841038 -0.129591 1.03773
0.129516 -0.0475968 0.899025
0.276311 -0.116487 0.898982
-0.334626 -0.110565 0.921822
-0.36754 -0.108855 0.868657
-0.461558 -0.167819 0.79543
0.226358 -0.0367453 0.808395
0.141084 -0.0805613 0.908674
0.114218 0.119834 0.684244
0.401651 -0.204626 0.829358
-0.0527032 -0.025266 0.849409
0.313713 0.0183233 0.633296
0.356028 0.23433 0.68438
0.0538298 0.0330123 0.720958
-0.206526 -0.225077 0.853491
-0.152519 -0.268345 0.865258
-0.0532488 0.0313786 0.834396
0.0153618 -0.00404561 0.904875
-0.0785104 -0.0900039 0.825865
-0.162439 -0.0637196 0.871645
0.0718613 -0.0957877 0.871588
0.0264548 0.0541417 0.85766
0.306405 0.259895 0.736647
0.322263 0.0041861 0.729964
0.0610185 -0.224514 0.887374
0.199418 0.128913 0.759447
0.275697 0.244394 0.694932
-0.245786 -0.162675 1.04316
0.0474766 -0.295184 0.873448
0.282105 0.102026 0.788924
-0.283613 -0.182157 0.827458
0.00814609 -0.168817 0.855073
0.42021 -0.176021 0.803844
-0.239082 0.408563 1.67473
0.164034 0.0812729 0.869765
0.152498 0.0755029 0.825309
0.598037 -0.287036 1.08658
0.272369 0.11328 0.703956
0.223269 0.127926 0.788029
0.333342 0.157331 0.678336
0.189052 -0.10956 0.977187
0.369049 0.113869 0.658441
0.137154 -0.124714 1.00921
0.353086 0.189815 0.690992
-0.206731 -0.0618999 0.655146
0.329029 -0.126047 0.748778
0.0739908 -0.0548005 0.916041
0.387584 -0.0141505 0.685084
0.189058 0.107644 0.853167
0.0893075 -0.0553392 0.916452
0.599058 -0.282236 1.16732
-0.467995 -0.262071 0.870101
0.159142 -0.224729 1.05023
0.438662 -0.0973034 0.836933
-0.341978 -0.215173 0.93742
-0.211952 -0.0940826 0.766446
-0.295082 -0.183079 0.784609
0.134916 0.101383 0.829103
-0.253576 -0.0726165 0.846212
-0.128766 0.548852 1.60214
-0.255006 0.322202 1.78865
0.163572 -0.0561657 0.949441
0.202133 0.135065 0.841377
-0.00629216 0.502474 1.50007
-0.266727 -0.179954 0.89892
-0.382235 -0.125978 0.782569
-0.384747 0.478068 1.50618
-0.811231 0.445953 1.43368
-0.443257 0.45392 1.49126
-0.986703 0.334163 1.51186
0.368518 0.196266 0.715189
-0.826033 0.1076 1.46788
-0.697925 0.145141 1.60397
-0.80475 0.0523772 1.65531
-0.675255 0.0212364 1.59438
-0.115927 0.432969 1.54786
-0.422373 0.381458 1.52507
1.07798 0.329271 1.61753
-0.654227 0.440744 1.39595
0.0618969 0.0383396 0.832183
0.209932 -0.0501023 0.966741
0.0048891 -0.146658 0.840832
0.0362301 0.0937635 0.937308
0.324662 0.112254 0.638393
0.000547274 -0.0394676 0.927475
0.274089 -0.0476877 0.881095
0.289649 -0.0519678 0.760799
0.15804 0.112577 0.817068
-0.106747 -0.185513 0.896044
-0.159834 -0.0509087 0.845569
-0.046359 -0.245007 0.873029
0.0328389 -0.0478879 0.814851
0.383029 0.0777113 0.729639
-0.170329 -0.229476 0.833667
0.180054 0.00813759 0.697345
-0.0261947 -0.140967 0.843393
0.106606 0.00645069 0.909177
-0.217523 -0.0726126 0.427375
0.0120784 -0.161553 0.841306
0.00412782 -0.171404 0.868898
0.0539435 0.064473 0.925888
0.319137 -0.0554226 0.834858
-0.218654 -0.0968704 0.80639
0.00661959 -0.180924 0.916787
-0.0921112 -0.227352 2.72257
-0.450544 -0.155888 0.997918
-0.138233 0.00491053 0.874576
-0.110864 0.00129788 0.803396
-0.400694 -0.137202 0.769184
0.174666 -0.11013 1.04815
-0.0816956 -0.16801 0.846666
-0.0590229 -0.0188566 1.2334
-1.98686 -0.72551 4.877
0.28549 0.229587 0.630311
-0.292062 -0.116427 0.53107
-0.168751 -0.22778 0.828589
0.0554708 -0.00506081 0.867692
-0.156842 -0.0521665 0.779232
-0.378743 -0.139634 0.762105
-0.216699 0.0273848 0.856432
-0.102679 -0.0010455 0.818599
0.0251541 -0.217591 0.836875
0.274033 -0.118214 0.637365
0.345463 0.209622 0.782394
-0.0876835 -0.261528 0.835913
-0.111742 -0.0177366 0.72174
0.311227 0.111387 0.732552
-0.0804141 -0.20581 0.852313
-0.0265746 -0.0141502 0.278426
0.159708 -0.035241 1.1691
-0.168196 0.41665 1.75167
-0.376317 0.432345 1.59031
-0.551248 0.486549 1.47098
-0.853791 0.438207 1.40482
0.104478 -0.220121 0.886006
0.127247 -0.0483969 0.893072
-0.070691 -0.212392 0.853934
-0.600684 0.543781 2.19794
-0.799598 0.135508 1.44368
-0.323297 -0.18765 0.790834
0.139348 -0.0930269 0.865771
0.206583 0.183017 0.87642
-0.656269 0.283897 1.33833
0.0482087 -0.0836157 0.849785
0.0310738 0.477531 1.65752
-0.319033 0.30428 1.61495
0.652527 -0.243711 1.11507
-0.965578 0.2837 1.66707
-0.990822 0.336231 1.51638
-0.152072 0.448694 1.66529
0.356081 -0.2901 0.878216
-0.906458 0.130305 1.48445
-0.9517 0.173745 1.45224
-0.786576 0.473179 1.50267
0.0334185 -0.206474 0.839297
0.222363 -0.108939 0.733474
0.258822 0.121393 0.719012
0.0855735 -0.0234774 0.876084
-0.00203718 -0.270672 0.881041
0.0828601 0.00502873 0.883045
-0.0432047 -0.128208 0.846068
-0.0741423 -0.263434 0.879569
-0.246216 -0.14838 0.872979
-0.146428 -0.0549617 0.235531
-0.26782 -0.0987864 0.698009
-0.281179 0.28888 1.03663
0.292594 0.043274 0.790995
-0.480326 0.18058 1.47935
-0.62823 0.272529 1.80113
0.194025 0.171772 0.696618
-0.154629 -0.0356781 0.824721
-0.820439 0.00798501 1.49211
-0.997397 0.337601 1.53214
-0.24297 0.339558 1.56928
0.267628 0.141709 0.741829
-0.116968 -0.00328842 0.813515
-0.159864 -0.0637094 0.609434
-0.0506026 -0.0275001 0.836179
0.207968 0.188168 0.754307
0.197716 -0.0580615 0.970608
0.115763 0.0619404 0.934647
-0.827823 -0.0958144 1.4401
-0.133559 -0.198144 0.871708
-0.308875 -0.0767729 0.908882
0.0775131 0.121547 0.952628
0.025963 -0.244022 0.967867
-0.0162019 0.0377447 0.841258
-0.328147 -0.131897 0.928359
0.0164891 -0.223414 0.88625
0.314641 0.103634 0.770456
-0.328716 -0.144852 0.781721
-0.429191 0.215796 1.63743
0.254986 0.203548 0.709499
-0.114589 -0.174305 0.791242
-0.120209 0.466059 1.66968
0.100958 -0.20463 0.875012
-0.0684017 0.444094 1.87884
-0.0591664 0.519188 1.58263
0.0725763 0.575329 1.66152
0.138478 0.0653034 0.889658
0.0551639 0.11295 0.954744
-0.0907273 -0.042611 0.910404
-0.729822 0.426244 1.36006
-0.0747717 -0.264596 0.826539
0.376495 0.140047 0.675364
-0.237226 -0.093627 0.823816
-0.193849 -0.0730555 0.392577
-0.247681 -0.167307 0.846317
0.0423116 0.0483368 0.854408
-0.195596 -0.31157 2.63378
-0.442882 -0.162583 0.808083
-0.0812518 -0.172031 0.872996
-0.615675 -0.22316 1.04892
0.699327 -0.401099 1.32208
-0.239582 0.300151 1.66078
-0.0879094 0.517308 1.76622
-0.451174 0.46302 1.52275
0.19603 0.103913 0.763304
0.263569 -0.206112 1.04194
-0.328793 -0.121749 0.884484
-0.19283 -0.0693312 0.835094
0.270177 0.138322 0.702018
-0.744805 0.437866 1.41782
-0.49886 0.116902 1.61959
0.308305 0.168782 0.66076
-0.22061 -0.147255 0.845871
-0.536219 0.392187 1.57847
0.32882 0.215789 0.708878
-0.864017 0.44369 1.42334
-0.91053 -0.102862 1.58556
-0.149742 -0.00390759 0.868862
-0.908805 0.511519 1.39489
-0.150929 -0.00790836 0.815958
0.152956 -0.198748 1.0418
0.0422122 0.0902947 0.78799
-0.475228 -0.171182 0.84068
-0.260672 -0.100938 0.959175
-0.0728712 -0.256331 0.849796
-0.309893 -0.123829 0.724502
-0.225924 -0.0630676 0.86351
-0.148682 -0.0508247 0.229271
0.337953 0.210072 0.657825
0.262317 0.241038 0.695307
0.365464 0.0487102 0.636238
-0.768102 0.266826 1.49335
0.235057 0.123743 0.792382
0.206797 0.072231 0.869254
0.0355747 0.387405 1.48997
-0.0928491 -0.0291762 0.52171
-0.947797 0.370385 1.80418
0.249014 0.194489 0.627605
-0.354082 -0.107266 0.821867
-0.264155 -0.0610042 0.799637
0.0211655 0.0775368 0.839718
-0.107012 -0.190131 0.892608
0.0164121 -0.214171 0.851491
0.381092 0.187244 0.690825
0.0589252 -0.0418228 0.934286
-0.0570152 0.00136964 0.810044
0.367604 0.0855992 0.645243
0.13667 -0.077015 0.87595
-0.226307 0.37304 1.56746
0.32203 -0.0569153 0.749733
0.147236 -0.143226 1.02632
-0.303834 -0.117261 0.79555
0.18403 -0.181497 1.0559
0.00993497 0.019449 0.86722
-0.0558016 -0.0638809 0.948324
-0.229097 0.270994 1.59962
0.277217 0.0133259 0.648372
-0.173071 -0.0842421 0.818184
-0.13521 -0.173724 0.846511
-0.906089 0.44892 1.48184
-0.215157 0.445739 1.61154
0.121838 -0.0384711 0.909052
0.199433 0.157443 0.812012
0.073496 -0.236361 0.874884
0.185914 -0.0253617 0.908254
-0.469898 0.534452 1.52917
-0.100263 -0.217311 0.897725
1.11307 0.496353 1.69516
-0.247936 0.451278 1.6596
-0.0122772 -0.190899 0.859383
0.0344891 0.0505719 0.834757
-0.334327 -0.147179 0.800072
-0.124105 -0.0116781 0.588507
0.0818544 0.141372 1.14347
0.0735804 0.108014 0.82465
0.164933 -0.164895 0.955103
0.055901 -0.0875775 0.904293
0.179103 -0.08052 0.752008
-0.345069 -0.118898 0.790456
0.155347 0.074611 0.844991
0.00968286 0.046452 0.734653
0.266257 0.044566 0.723363
0.117009 -0.157906 0.950859
0.332582 0.0212685 0.75488
-0.0367627 0.0137432 0.826449
-0.451038 -0.205163 0.725997
-0.119899 -0.160785 0.779243
-0.881576 0.511344 1.42053
-0.217324 0.590065 1.60604
-0.058678 0.0312085 0.881355
0.0888845 -0.0892025 0.906138
0.366596 0.172342 0.684666
-0.120384 -0.0909322 0.755943
-0.695965 0.275772 1.57729
0.307976 -0.168954 0.819875
-0.36204 0.337585 1.80475
0.203898 0.0411244 0.569785
-0.219199 0.5293 1.63333
-0.366432 0.39969 1.59336
-0.224738 -0.118566 0.780278
-0.099247 0.671191 2.44146
0.179136 -0.0679545 0.976502
-0.0607876 0.548481 1.65646
-0.190433 0.578481 1.6201
-0.27123 0.289824 1.65322
-0.106333 0.345189 1.48036
0.259923 -0.23177 1.01747
-0.104077 -0.01446 1.02724
-0.204725 -0.0908519 0.830157
0.635652 -0.314739 1.06953
-0.235136 -0.037943 0.884559
-0.661163 0.210831 1.721
-0.561519 0.353356 1.38868
-0.680858 0.394527 1.57348
-0.208673 0.363845 1.50694
0.0139498 0.0409801 0.847795
-0.551025 0.262135 1.65974
0.104973 -0.273463 0.918565
-0.43648 -0.156256 0.779887
0.0259038 -0.227281 0.868247
-0.509623 -0.22648 0.797203
0.195192 0.116351 0.762116
-0.826989 -0.0696266 1.48402
-0.233713 -0.0245341 1.10704
-0.964633 0.0385049 1.75586
-0.770046 0.129299 1.66386
0.250356 0.160861 0.701054
0.315042 0.233249 0.692567
-0.881813 0.226298 1.48598
-0.769841 0.130851 1.69208
-0.131702 -0.192542 0.848013
0.130905 0.142634 0.828056
0.327252 0.565165 1.97316
-0.958219 -0.0675227 1.5381
-0.635372 0.483937 1.49727
0.111276 -0.140341 0.955757
0.0927899 0.0123076 0.884878
-0.274508 -0.0881519 0.469807
-0.644286 0.267333 1.68878
-0.0461341 0.0412298 0.809755
0.0610324 0.0572072 0.860523
0.00187285 -0.00851753 0.887673
-0.788169 0.332458 1.59603
0.273751 0.23648 0.660662
0.0458586 0.440905 1.70397
-0.0454056 -0.0815033 0.907193
0.203343 0.131522 0.808542
-0.299656 -0.10219 0.563471
-0.171702 -0.0293206 0.740578
-0.0244757 -0.219712 0.87371
-0.0661427 -0.068108 0.427729
0.267483 -0.104887 0.739565
-0.262227 0.276747 1.58489
0.318412 -0.058102 0.64751
-0.0691829 -0.00368839 0.816427
-0.319189 -0.121706 0.785948
-0.274551 0.452876 1.54215
-0.00195207 0.522639 1.73452
-0.206863 0.510466 1.62666
0.316717 0.076997 0.628404
0.308269 0.205153 0.714947
-0.424524 0.514623 1.5703
-0.516952 -0.236392 0.97553
0.0573847 -0.039428 0.893449
0.757687 -0.289585 1.24773
-0.722248 0.00885619 1.37267
-0.05833 0.00386654 0.858483
0.0791344 -0.0628761 1.02479
0.044581 0.0807986 0.817484
0.195972 0.0652446 0.825157
-0.678506 0.389565 1.55007
0.285097 0.197872 0.696295
0.290238 -0.0819543 0.752964
0.20513 0.114853 0.735112
-1.01059 0.294889 1.74966
-0.105145 -0.0176659 0.862288
-0.831124 0.034146 1.4021
-0.342636 0.391586 1.72148
-0.0765525 0.422202 1.57228
-0.930099 -0.0151475 1.42764
-0.850103 -0.0650457 1.62111
0.0624671 0.00074458 0.901014
0.134688 -0.147617 0.996263
-0.942983 0.194666 1.40352
-0.940531 0.472994 1.47981
-0.903533 0.181194 1.44162
-0.95083 7.24041e-05 1.50915
-0.191743 -0.0033319 0.997828
-0.874435 0.025821 1.65542
0.300767 0.171174 0.66973
-0.124194 0.0388226 0.929633
0.368781 0.140075 0.664336
-0.319152 0.493781 1.55937
0.168705 0.537931 1.61852
0.566301 -0.262495 1.19481
-0.465396 -0.183729 0.786822
0.054339 0.426737 1.5553
-0.0867429 0.00186897 0.841308
0.285834 0.192645 0.681433
-0.239358 -0.105854 0.879098
-0.223748 -0.145618 0.684894
0.00529653 -0.131241 0.873139
0.246798 0.148664 0.607339
0.761422 -0.292175 1.26016
0.669238 -0.117915 1.30354
0.326619 0.220083 0.659387
0.00725626 0.0723704 0.787053
0.316719 0.578852 1.75774
-0.485783 -0.22518 0.831434
-0.358045 -0.186051 0.758456
0.263396 -0.0611623 0.809705
-0.329391 0.469038 1.44553
0.597022 -0.329365 1.11304
-0.339856 -0.207321 0.840905
-0.0755928 -0.0364561 0.756913
-0.160323 -0.0633385 0.855538
0.116324 -0.165324 0.920984
0.34391 0.213576 0.667357
-0.247894 0.48466 1.56716
0.136863 -0.085567 0.923311
-0.148248 0.428517 1.60136
-0.942616 0.428723 1.52444
-0.330822 -0.103108 0.746322
0.0367398 0.476432 1.65128
-0.327473 -0.082653 0.954808
-0.697102 0.220937 1.53508
0.0828951 -0.168923 0.872885
-0.0865435 0.017846 0.796432
0.113249 0.102587 1.00922
-0.0586967 0.0302628 0.870738
0.677181 -0.141487 1.08614
-0.395776 -0.174704 0.753223
0.639996 -0.161658 1.08605
0.206195 -0.167407 0.592672
-0.0447116 0.306949 1.63819
0.216476 0.108144 0.859111
-0.753396 0.0362886 1.43464
-0.354997 0.307438 1.59625
0.387034 0.205357 0.693217
0.143657 0.537699 1.63064
-0.751964 0.215049 1.49323
-0.914515 0.313206 1.45217
0.0457644 0.446538 1.72435
0.0292072 -0.120429 0.857169
0.183584 0.0720332 0.601086
0.553788 -0.348311 1.01896
-0.742301 0.12383 1.61266
-0.515814 -0.205153 0.831514
0.317983 0.0217574 0.64153
-0.817403 0.408355 1.49853
0.00989155 -0.116996 0.909656
-0.523444 0.521313 1.49565
0.260597 0.215598 0.715292
0.0366873 0.540734 1.58528
-0.122247 0.475138 1.70765
-0.0542377 -0.0220239 0.0417891
0.136782 -0.0778273 0.876916
0.324437 0.0789215 0.637371
0.0446147 -0.271229 0.938592
-0.264671 -0.141327 0.591854
-0.0639706 -0.0176809 0.067219
-0.214219 -0.0806221 0.437946
-0.217128 -0.0551348 0.599336
-0.0806653 0.561922 1.51995
0.36753 0.196271 0.713718
-0.190278 0.428184 1.68033
0.113197 -0.0372065 0.861201
-0.231698 0.408369 1.49196
-0.0568157 -0.0232491 0.0403137
0.246551 0.0604143 0.528951
0.204511 -0.167312 0.59044
-0.0861114 -0.0230996 0.22824
-0.44318 0.499474 1.42863
-0.025924 -0.262163 0.904661
0.0308439 0.508931 1.50198
0.000970071 0.0688184 0.843166
-0.275459 -0.0860966 0.485272
0.150919 -0.158348 0.948769
-0.15829 -0.0560778 0.40329
0.296653 -0.239436 1.12687
0.0450508 0.569981 1.66297
-0.115433 -0.00142068 0.769328
0.0574744 0.10174 0.85681
0.201151 -0.216677 1.02059
-0.0952527 -0.0372105 0.13437
-0.38855 0.486616 1.52618
0.268368 -0.0115719 0.500632
0.225314 0.122478 0.478947
-0.216323 0.466333 1.59063
0.276471 0.494073 1.58958
-0.428887 0.526298 1.59402
-0.027677 0.490211 1.48813
-0.079029 -0.0318755 0.0841571
0.31437 -0.113542 0.714648
-0.323774 -0.128629 0.791361
0.255496 -0.0305114 0.474426
-0.524647 0.120007 1.87051
-0.111546 -0.0212129 0.665369
-0.0894479 0.00888616 0.875893
0.247061 -0.134717 0.740631
-0.429371 -0.198614 0.727889
-0.224285 0.553654 1.59531
0.0951105 0.0352145 0.828295
0.0581839 -0.0383539 0.894826
-0.0609786 0.0125278 0.781894
-0.223828 -0.088525 0.766707
-0.168453 -0.065598 0.778035
