-0.277278 0.24718 0.749963
-0.181024 0.312546 0.815578
0.090914 0.0355327 0.428732
0.0097517 0.105302 0.431657
0.239226 0.0657819 0.407941
0.0483017 0.145865 0.419618
-0.264378 0.114882 0.625025
0.0900717 0.101428 0.458694
-0.160804 0.121963 0.576158
-0.0842757 0.0587923 0.441147
-0.274355 0.213301 0.811487
-0.275391 0.223604 0.802186
-0.311843 0.203877 0.784675
-0.0926408 0.0679345 0.30374
-0.0816872 0.0577585 0.429521
-0.257104 0.166479 0.695731
-0.213397 0.0822312 0.394292
-0.253428 0.0514611 0.330709
-0.165345 -0.0969345 0.467125
-0.140088 -0.0810003 0.374961
-0.282783 -0.0464342 0.332215
-0.260176 0.0359164 0.363841
-0.290846 0.0210499 0.27985
-0.289828 -0.0174526 0.301599
-0.0465522 0.0445532 0.356173
-0.1258 0.0481516 0.241475
-0.273196 0.0389407 0.297594
0.0895235 0.11252 0.423869
-0.0131269 0.180419 0.371648
-0.102463 0.0891091 0.412153
0.0833528 0.107692 0.409724
-0.210141 0.0918924 0.552567
-0.142215 0.305783 0.778711
-0.110626 0.274849 0.71497
0.208161 0.12501 0.395375
0.220566 0.188188 0.397836
0.0633431 0.0280576 0.397276
0.206868 0.151427 0.393647
0.155153 0.118421 0.370534
-0.0574251 0.0690169 0.471065
0.0163727 0.124747 0.409475
0.00925868 0.10586 0.429899
0.110978 0.0553331 0.424123
-0.0895966 0.0857392 0.407596
-0.0885239 0.021884 0.103679
-0.138154 0.284996 0.787174
-0.0923319 0.0875447 0.412646
-0.0820194 0.0577283 0.428659
0.0202282 0.0529807 0.440544
0.0616958 0.166014 0.442134
-0.115208 0.198821 0.76623
-0.12587 0.114285 0.515434
0.0874419 0.129735 0.422465
0.178523 0.159029 0.387644
0.0893093 0.0963463 0.410842
-0.0722663 0.0236563 0.518228
0.0825801 0.145379 0.443884
0.105538 0.132645 0.451023
-0.0416394 0.00951364 0.0435007
-0.0422062 0.0170601 0.0626962
0.180816 0.106888 0.407204
0.040531 0.14071 0.41392
0.0912827 0.0975549 0.416694
-0.284122 0.0380767 0.350689
-0.113685 0.00344196 0.38963
-0.112186 0.100997 0.459892
0.0192261 0.0526192 0.433351
-0.294098 0.113535 0.661602
-0.0299464 0.0554189 0.332474
0.212553 0.157658 0.404441
-0.0995141 0.245079 0.759478
-0.275399 0.269084 0.829662
0.0866744 0.109426 0.414199
-0.239726 0.286089 0.799613
-0.121994 0.233346 0.755978
-0.111535 0.235082 0.785875
0.200807 0.133404 0.389666
-0.138828 0.25491 0.761231
-0.170615 0.274387 0.785925
0.0644436 0.118509 0.436719
-0.216088 0.222574 0.799034
0.19025 0.116949 0.383014
-0.228682 0.234416 0.731269
-0.260271 0.257672 0.75047
-0.142875 0.244663 0.797993
-0.0820757 0.210126 0.742784
0.0478761 0.0726406 0.427986
-0.15303 0.243674 0.770866
-0.120632 0.29923 0.776899
-0.107249 0.148392 0.603592
-0.0779887 0.22345 0.798728
0.219665 0.14536 0.419731
0.308087 0.208744 0.554903
0.0886861 0.0348031 0.41501
0.021951 0.114238 0.415725
0.0796698 0.0922594 0.415563
0.1075 0.155186 0.408672
-0.104134 0.104714 0.429472
0.238542 0.156932 0.452582
0.208323 0.188974 0.411593
0.243822 0.167228 0.396178
-0.200802 0.188389 0.691915
-0.154342 0.229132 0.766478
-0.251732 0.232445 0.784088
-0.27353 0.260219 0.827975
-0.22259 0.175372 0.759823
0.0693914 0.0151613 0.364293
0.0252569 0.112157 0.41295
-0.217804 0.246771 0.795057
-0.0678108 0.185331 0.693269
-0.115351 -0.00910774 0.393828
0.0792065 0.0872283 0.113402
0.204153 0.15668 0.397596
0.200099 0.12258 0.383919
0.00641362 0.199321 0.40764
0.196144 0.120289 0.39064
0.17019 0.150746 0.374082
-0.176484 0.0642995 0.419044
-0.279954 0.280196 0.818164
0.0705898 0.0930606 0.42349
-0.0818123 0.0728063 0.376501
-0.0877427 -0.0389475 0.348523
-0.0940109 0.250318 0.754256
-0.32537 0.227436 0.803257
-0.236057 0.245795 0.794696
-0.317771 0.221889 0.781469
-0.284843 0.182696 0.822947
-0.290283 0.238897 0.758104
-0.331142 0.127846 0.752246
-0.143768 0.255683 0.767997
-0.276711 0.225162 0.805748
-0.301576 0.210765 0.850203
-0.355501 0.21793 0.948324
0.171413 0.105976 0.397609
0.0492236 0.163365 0.403636
0.101162 0.14914 0.447749
0.0261202 0.114668 0.41205
0.020581 0.0848541 0.161614
-0.103611 0.0412825 0.165247
-1.12516 0.361438 1.76102
-0.16229 0.072349 0.337915
-0.267543 0.0371231 0.328586
-0.072714 0.0204471 0.0905263
-0.190787 0.0312263 0.274981
-0.319458 0.0320158 0.371329
-0.127893 0.105827 0.430264
0.0602743 0.194823 0.333334
-0.101498 0.049149 0.178404
-0.00839059 0.173708 0.365477
-0.141683 0.0352964 0.334092
0.221143 0.159674 0.391744
0.0372311 0.139318 0.423249
0.0535356 0.157721 0.413321
0.207589 0.166133 0.408383
0.218759 0.058688 0.371168
0.0505042 0.162708 0.404326
-0.234972 0.20614 0.760851
-0.286814 0.195803 0.775332
-0.296597 0.173447 0.757879
0.0748652 0.148442 0.40539
0.17929 0.0845627 0.33691
-0.183752 0.0885844 0.455124
-0.0886432 0.222415 0.778738
-0.261602 -0.02495 0.341966
-0.276842 0.0332232 0.30836
-0.274592 0.038988 0.340948
-0.2786 0.0555815 0.303837
-0.0806011 -0.0586887 0.2938
-0.351403 0.0226461 0.349171
-0.342359 -0.0769955 0.346712
0.196663 0.161894 0.379491
0.194978 0.138245 0.388646
0.059537 0.0277884 0.427258
0.0900975 0.107139 0.423753
0.276149 0.193018 0.469287
0.176906 0.106253 0.336334
-0.141177 0.111176 0.456552
-0.155092 0.240664 0.79738
-0.223626 0.283851 0.78644
-0.158762 0.257915 0.766904
-0.00707918 0.182622 0.396271
0.0867911 0.0192892 0.418958
-0.0160063 0.185538 0.403612
0.090973 0.10012 0.41873
0.212386 0.169371 0.413924
0.0203669 0.0632664 0.427616
0.196868 0.119862 0.379491
0.227871 0.162991 0.401297
0.212953 0.13016 0.424992
-0.0182358 0.175358 0.38429
-0.0508126 0.00983016 0.0405014
-0.275792 0.249158 0.761939
0.0639739 0.0883265 0.428793
-0.0460398 0.0372359 0.606695
-0.152876 0.270876 0.791144
0.150514 0.115544 0.361031
-0.128515 0.239439 0.739831
-0.321829 -0.0467059 0.356983
-0.288991 0.0411029 0.314978
-0.352614 -0.0986576 0.372349
-0.177067 0.0410134 0.168026
-0.177533 0.101668 0.497941
-0.339755 0.171453 0.786264
-0.0641557 0.0482552 0.463441
-0.138988 0.0396255 0.336182
-0.148812 0.0530749 0.257931
-0.0942067 0.234536 0.72807
0.0781666 0.140661 0.415035
-0.0978261 0.241041 0.724567
-0.234858 0.261933 0.745867
-0.264269 0.242247 0.804494
-0.235724 0.196949 0.840644
0.0813766 0.106194 0.405
0.0887206 0.129052 0.416879
0.104593 0.0536462 0.403441
-0.114229 0.158136 0.644136
-0.130664 0.227032 0.685336
-0.2104 0.173528 0.81255
-0.133204 0.258746 0.756493
-0.117774 0.221767 0.833186
-0.0849448 0.209413 0.681449
-0.171989 0.236946 1.00293
-0.219201 0.209947 0.801802
-0.17321 0.120985 0.572336
-0.460694 0.244821 1.25954
-0.426185 0.191784 1.12299
-0.2285 0.11802 0.615795
-0.268708 0.145882 0.746905
-0.541407 0.127505 0.860264
-0.401999 0.166678 0.988637
-0.78963 0.164076 1.80905
-1.11592 0.391615 2.49794
-0.433847 0.246554 0.735302
-0.401942 0.0633786 0.65316
-0.882272 0.143554 1.42332
-0.571492 0.304214 0.918243
-0.13558 0.262781 0.721431
0.0632399 0.193166 0.548225
-0.441427 0.380767 2.00026
0.129698 0.233881 0.801669
0.0628971 0.086382 0.422537
0.0645123 0.115568 0.400614
-0.28527 0.265683 0.811989
0.260617 -0.0113503 0.408806
-0.220984 0.22506 0.81347
-0.0935153 0.0802606 0.320774
-0.183075 0.111308 0.569697
-0.256357 0.159272 0.772544
-0.301154 0.181583 0.798627
-0.38467 0.149812 0.878831
-0.38591 0.163585 0.607704
-0.361685 0.305927 1.15114
-0.252975 0.149212 0.613209
-0.246101 0.212484 0.816317
0.192794 0.0834893 0.363097
0.060964 0.0874897 0.417509
-0.42095 0.16772 1.05551
0.0517985 0.0770936 0.444999
-0.141313 0.199257 0.7995
-0.228862 0.0940904 0.542998
-0.2319 0.162188 0.650108
-0.125083 -0.115733 0.50804
-0.470146 0.0845839 0.809263
-0.360439 0.16297 0.877925
-0.215294 0.173915 0.752243
-0.197702 0.13469 0.646658
-0.0879092 0.166516 0.653215
-0.276121 0.160149 0.841669
-0.0931373 0.232285 0.756118
-0.351736 0.21308 0.892112
-0.273807 0.244473 0.876542
-0.205323 0.253676 0.809271
-0.288171 0.211251 0.799631
-0.273136 0.219438 0.790789
-0.290224 0.212545 0.804427
-0.127327 0.245631 0.788169
-0.107871 0.267732 0.791609
0.116265 0.102825 0.404272
-0.219219 0.271314 0.780163
-0.220678 0.232801 0.795394
0.105449 0.0965332 0.381059
-0.307374 0.26112 0.790838
-0.250723 0.213317 0.812552
-0.215262 0.241399 0.777761
-0.215468 0.226824 0.896555
0.132841 0.0362272 0.246491
0.0380438 0.135213 0.234436
0.0603582 0.153465 0.295789
0.0341094 0.137714 0.416344
-0.185482 0.0944734 0.479477
-0.284441 0.128481 0.5935
0.146964 0.199974 1.77687
0.23578 0.0609279 0.372192
0.0502542 0.217283 0.954242
0.178736 0.077933 0.671087
-0.121004 0.144197 0.39879
-0.171041 0.132311 0.79258
0.0697846 0.0931018 0.423607
0.0923759 0.176602 0.695914
-0.258662 0.321984 1.31446
-0.495284 0.165853 1.0823
-0.340074 0.138079 0.788792
-0.320015 0.176834 0.777467
-0.237057 0.190541 0.813856
-0.0934423 0.24951 0.700571
-0.0784667 0.204652 0.725798
-0.124027 0.253653 0.728285
-0.792251 0.625858 2.9557
-0.24606 0.158395 0.769145
-0.187402 0.0632244 0.332247
-0.182067 0.0772191 0.291395
-0.305162 0.176129 0.797267
-0.166274 -0.144077 0.756799
0.119098 0.107487 0.413945
0.143687 0.154328 0.65611
-0.386536 0.183145 0.855897
-0.346303 0.175314 0.799668
-0.253879 -0.22264 1.15155
-0.313269 0.220291 0.77668
-0.33148 0.247586 0.786256
-0.351029 0.236743 0.840862
-0.0969282 0.207633 0.687011
0.0951312 0.131598 0.448106
0.199275 0.0696698 0.318332
-0.30802 0.143317 0.781511
0.135444 0.0665436 0.851055
0.071653 0.167016 0.577658
-0.106981 0.264318 0.744322
-0.161603 0.17811 0.747835
-0.328798 0.216963 0.79418
-0.109788 0.0649725 0.333006
-0.265435 0.247502 0.794314
-0.26408 0.18834 0.747431
-0.269531 0.236505 0.848551
-0.304942 0.252521 0.880902
-0.720963 0.217259 1.49268
-2.09079 0.400329 3.5595
-2.04097 0.984859 3.42271
-1.16112 0.442319 2.76124
-0.0440383 0.0129611 0.0431715
-0.046272 0.0153412 0.0415723
-0.0428182 0.0111797 0.0433002
-0.0413841 0.0111715 0.043819
-0.00257999 0.0268325 0.033523
-0.0280344 0.0260168 0.0434022
-0.0294904 0.0294549 0.0509651
-0.00380732 0.0320563 0.0333611
0.0692766 0.162643 0.400624
-0.158133 0.0366645 0.373949
-0.202732 0.258129 0.741748
-0.285122 0.0508068 0.473526
0.236849 0.170098 0.415273
-0.310171 0.168162 0.750037
0.0824508 0.125906 0.439004
-0.180817 0.129089 0.622277
0.0528183 0.0782083 0.445064
-0.220006 0.123459 0.551062
-0.218802 0.107707 0.564283
-0.268264 0.266896 0.778252
0.0320519 0.143665 0.409943
0.171536 0.105335 0.338665
-0.148111 0.0371029 0.365102
-0.27104 0.243151 0.797348
-0.148764 0.213194 0.724793
-0.297909 0.22674 0.779375
-0.263094 0.20877 0.803974
-0.166207 0.251984 0.802972
-0.175076 0.299523 0.786999
-0.287629 0.223989 0.780004
-0.296728 0.217342 0.822939
-0.296221 0.225895 0.774433
-0.0988947 0.210505 0.769996
-0.23708 0.212718 0.832111
-0.21815 0.207328 0.793721
-0.488325 0.24605 0.865554
-0.23659 0.246153 0.79892
-0.332271 0.197383 0.836162
-0.220557 0.210063 0.807545
0.051771 0.161974 0.403894
0.107805 0.177212 0.55163
0.109721 0.0428018 0.195976
-0.0804469 0.0414805 0.433569
0.0848477 0.148693 0.433268
0.0504814 0.139295 0.418762
-0.165423 0.095249 0.477965
-0.208639 0.0761941 0.456808
-0.220694 0.131337 0.640034
0.156677 0.0877216 0.153555
-0.182974 0.0297108 0.265381
0.0661298 0.103875 0.40281
0.0234301 0.120373 0.412483
0.078876 0.0285366 0.275803
-0.202097 0.132827 0.651704
0.11778 0.105194 0.411035
-0.0365722 0.0135262 0.0472263
-0.0513752 0.0136461 0.0409665
-0.0292142 0.0285447 0.0425977
-0.0109732 0.0300225 0.0433426
-0.0133082 0.0311738 0.0400625
-0.0475145 0.0165586 0.0318031
-0.0178381 0.0289021 0.0445203
-0.0541498 0.0180912 0.0431617
0.0237655 0.105596 0.421249
0.0498172 0.0986808 0.360998
-0.146483 0.214576 0.715068
0.11952 0.0903753 0.419642
-0.125021 0.0192713 0.397939
0.0958626 0.106258 0.441786
0.212371 0.138987 0.40533
-0.113687 0.286469 0.744233
0.191961 0.0852991 0.342835
0.0736636 0.0967982 0.43504
-0.0742126 0.181562 0.65385
0.0916999 0.127589 0.414387
-0.0478967 0.0806048 0.519916
-0.135693 0.236214 0.739354
-0.0923136 0.173085 0.637912
0.157671 0.143338 0.354342
-0.232125 0.0952956 0.535745
0.213506 0.158105 0.394367
-0.125269 0.0226628 0.395689
-0.201096 0.199726 0.64083
-0.108601 0.187737 0.705828
-0.147448 0.0366018 0.362358
-0.218103 0.193137 0.760557
-0.197948 0.22789 0.81551
-0.23453 0.242729 0.880324
-0.110339 0.202489 0.762976
-0.171127 0.191168 0.673629
-0.16955 0.285898 0.814263
-0.117525 0.201728 0.761584
0.164824 0.170508 0.351793
0.188814 0.173419 0.384745
-0.0877766 0.0735148 0.407745
-0.0675056 0.172008 0.653878
-0.128733 0.24091 0.673564
-0.0676589 0.185452 0.695691
-0.107412 0.205193 0.752088
0.125145 0.0938828 0.433486
-0.143631 0.220757 0.735082
-0.247001 0.264809 0.818846
-0.159759 0.267522 0.760158
-0.160851 0.265573 0.728138
-0.103048 0.208183 0.655771
-0.0934713 0.238603 0.847228
-0.0873253 0.188492 0.725033
-0.0892321 0.0745145 0.412877
-0.137836 0.263892 0.83014
-0.0703471 0.156621 0.588068
-0.226425 0.313688 0.852546
-0.168201 0.202701 0.699468
-0.362496 0.12787 0.757386
-0.381278 0.196073 0.680887
-0.593897 0.233967 0.903456
0.161078 0.0392692 0.248536
-0.322277 0.153294 0.550329
-0.490484 0.304469 0.876562
-0.384362 0.0714439 0.664117
-0.223448 0.0777005 0.400174
-0.256878 0.124393 0.661625
-0.166487 0.0392011 0.309863
-0.0819332 0.0856254 0.255913
-0.324516 0.241064 0.773115
-0.137812 0.178341 0.712963
-0.107812 0.230526 0.766439
0.190076 0.0810479 0.359009
-0.128498 0.190093 0.570068
-0.277561 0.15733 0.465158
-0.094913 0.0897285 0.409983
-0.319213 0.176026 0.775216
-0.211826 0.124848 0.368128
-0.25262 0.214342 0.685343
-0.0960229 0.234504 0.698335
-0.325667 0.142558 0.786721
0.002954 0.00325952 0.0134547
-0.132142 0.0317124 0.24783
-0.184287 0.079563 0.298891
-0.0486512 0.0216014 0.118877
-0.11364 0.115338 0.475527
-0.0552245 0.0568602 0.166682
-0.279563 0.13269 0.662705
-0.316337 0.139879 0.771238
-0.17088 0.143138 0.606995
-0.0655423 0.0152645 0.122469
-0.359393 0.210408 0.87844
-0.25954 0.152981 0.45038
-0.258181 0.195924 0.801685
-0.250052 0.255043 0.937859
0.0388091 0.0254598 0.40688
0.199407 0.0702519 0.319399
0.249395 0.0834153 0.380888
-0.357955 0.265683 0.818397
0.0790217 0.014667 0.436786
-0.240035 0.267087 0.951433
-0.440325 0.268075 1.09634
-0.020897 0.0742684 0.444113
-0.109898 0.0197874 0.617325
-0.138706 0.0111055 0.594015
-0.180985 0.106436 0.510074
-0.336287 0.227882 0.886526
0.0197543 0.0655695 0.436957
-0.389136 0.135669 0.788961
0.0079527 0.0807237 0.426552
-0.190372 0.0843002 0.528644
-0.173697 0.081644 0.476961
0.111525 0.053807 0.426535
0.0908664 0.0982294 0.418014
-0.129419 0.0461086 0.308101
0.0618589 0.122135 0.420465
-0.165896 0.0388869 0.40092
0.0532142 0.157236 0.412363
-0.22936 0.220755 0.784446
-0.222602 0.169988 0.697961
-0.166541 0.156581 0.633526
-0.26572 0.24969 0.799757
-0.1378 0.257765 0.750287
-0.107028 0.255243 0.722299
-0.105139 0.228421 0.718418
-0.154861 0.268331 0.80637
-0.123693 0.218595 0.780662
0.00891945 0.105428 0.424944
0.122398 0.0906113 0.41919
0.00963375 0.0996602 0.423238
-0.28996 0.275988 0.813629
0.184218 0.113693 0.374403
0.224207 0.189668 0.4042
0.0507789 0.163369 0.407522
0.20645 0.15701 0.401744
0.243363 0.140373 0.403463
0.0922503 0.0983615 0.419856
0.196211 0.0855014 0.361229
0.03996 0.141319 0.418007
0.0314359 0.0474228 0.0216711
0.0345237 0.0499856 0.0239381
0.00551648 0.0328414 0.0236567
0.0369078 0.0343093 0.0117145
0.0517899 0.0977024 0.164782
0.090394 0.0303361 0.180728
-0.243183 0.207201 0.786383
-0.244742 0.202708 0.808075
-0.268523 0.23947 0.787599
-0.255652 0.199498 0.772876
-0.322499 0.226346 0.798178
-0.0174148 0.16427 0.394059
0.0690577 0.181873 0.47041
0.0619578 0.115603 0.425137
0.0344594 0.138055 0.418299
0.00888908 0.107206 0.425878
-0.272707 0.0384965 0.338484
-0.0967356 -0.0369216 0.374365
-0.139415 -0.0830161 0.403621
-0.274993 0.0425727 0.348242
-0.0776695 -0.0402836 0.173406
-0.148783 0.266142 0.787202
-0.0775658 0.206948 0.760202
-0.231022 0.177419 0.628542
0.216064 0.143518 0.414203
-0.318594 -0.14146 0.587557
0.151049 0.211706 0.739091
-0.101613 0.308803 0.758698
-0.154972 -0.0760871 0.323854
-0.154015 0.0793772 0.411079
-0.159032 0.0854088 0.421339
-0.244571 0.235441 0.829751
-0.105094 0.251172 0.786255
-0.271023 0.192813 0.805762
-0.31227 0.296188 0.824575
-0.304271 0.268816 0.816978
-0.125932 0.296842 0.776587
-0.280558 0.252216 0.768294
0.118622 0.0896164 0.414374
-0.145269 0.0360362 0.354269
-0.165612 0.0388787 0.434009
0.0311229 0.141617 0.404468
-0.123875 0.22851 0.779176
-0.289538 0.229434 0.76715
-0.264355 0.193546 0.797815
-0.150905 0.295548 0.802431
-0.16191 0.257621 0.772537
-0.295256 0.270979 0.833602
-0.260395 0.228404 0.820977
0.0929214 0.11868 0.415283
-0.123916 0.275836 0.832653
-0.17874 0.313967 0.819699
-0.286592 0.201951 0.808002
0.0227891 0.120243 0.414046
0.202024 0.12362 0.401732
0.227488 0.172565 0.433038
-0.116316 -0.000321606 0.404143
-0.319218 0.158913 0.769086
-0.0904517 -0.0653748 0.389444
-0.141999 0.225144 0.712492
-0.148104 0.195924 0.784039
-0.169435 0.15764 0.645909
-0.106717 0.258394 0.773491
-0.0979075 0.186175 0.734183
0.0350116 0.11146 0.30457
-0.174066 0.0709763 0.393179
0.207632 0.165583 0.40628
0.211096 0.191159 0.419053
-0.280017 0.271442 0.766368
-0.146711 0.279796 0.781196
-0.166289 0.28147 0.765002
-0.241002 0.200486 0.795889
-0.298254 0.171656 0.765399
-0.0882783 0.237913 0.70884
0.053038 0.120868 0.375049
0.0989144 0.14714 0.386941
0.088538 0.218304 0.532217
0.0611518 0.0945741 0.166464
0.0719747 0.159028 0.4004
0.174708 0.111849 0.350193
-0.272065 0.242715 0.799769
-0.273472 0.287099 0.768271
-0.12199 0.26732 0.760021
-0.125342 0.327782 0.811904
-0.230495 0.222805 0.813536
-0.2751 0.249579 0.818866
-0.073876 0.197081 0.74073
-0.0785874 0.237472 0.885288
-0.095721 0.231607 0.719501
-0.242396 0.235545 0.724104
-0.292219 0.257597 0.721435
-0.12864 0.297159 0.779625
-0.29583 0.280259 0.783215
0.0117354 0.0993787 0.43188
0.0642755 0.108763 0.430272
0.0894967 0.133349 0.429763
0.124994 0.131711 0.509619
-0.123074 0.0530444 0.234604
0.105231 0.116785 0.442956
-0.349889 0.277373 0.808152
0.0845212 0.0164445 0.425431
-0.271131 0.0322007 0.292415
-0.114911 0.045747 0.224901
0.0474522 0.142072 0.414455
0.0627807 0.0287626 0.396114
0.150946 0.0668098 0.303708
0.102834 0.153434 0.396936
-0.129869 0.0170854 0.432797
-0.130567 0.282545 0.807154
-0.122174 0.227154 0.765996
0.184397 0.134637 0.369784
-0.130063 0.0347871 0.383525
0.077942 0.015913 0.450611
-0.0304103 0.0249744 0.0459353
-0.0121894 0.0302813 0.0427961
-0.0177511 0.0256309 0.035639
-0.0442565 0.00854782 0.0426219
0.11302 0.178789 0.572779
0.0327123 0.0345234 0.429961
0.0112363 0.0819492 0.428609
-0.320595 0.148803 0.796452
-0.0442555 0.0122711 0.0430221
-0.0142463 0.0363245 0.0606341
-0.244507 -0.0216592 0.311302
-0.00981395 0.183908 0.400336
-0.0883713 0.136555 0.454447
-0.492159 1.0519 3.00499
0.239394 -0.0106106 0.362306
0.0855894 0.126778 0.415157
0.257477 0.0894567 0.40842
0.091476 0.117514 0.426637
0.00989262 0.100296 0.422597
0.0862753 0.0344958 0.47168
0.0491805 0.046665 0.0355232
0.0355685 0.0419752 0.0210171
0.0748844 0.0651932 0.057307
-0.00379898 0.025581 0.0302921
0.03393 0.0407414 0.0210854
0.0310829 0.0447657 0.0249587
0.0444014 0.044182 0.0278013
-0.00414985 0.0249242 0.0291675
0.099403 0.0361461 0.1933
0.0330259 0.040987 0.0177559
0.0357416 0.0422352 0.0190528
0.0316393 0.039323 0.0233169
0.0293187 0.0435927 0.0205735
0.0296465 0.0523608 0.0373289
0.0274448 0.0426044 0.0284676
0.030609 0.0424402 0.020872
0.0284589 0.0414179 0.0149249
0.143509 0.0831174 0.14362
0.0205648 0.0531346 0.437547
-0.119061 0.0073112 0.440935
0.0701366 0.170573 0.399851
0.0202319 0.123215 0.422261
-0.40744 -0.235521 1.11472
-0.280287 -0.00323233 0.273016
-0.335275 -0.068036 0.325301
-0.150302 0.0252485 0.211148
-0.26706 0.0306629 0.298368
0.114883 0.0509476 0.426337
-0.308742 0.0328278 0.367006
-0.156441 0.0543049 0.29733
-0.301078 0.0444356 0.345948
-0.175902 0.0268383 0.249904
-0.0953047 -0.0726394 0.363818
-0.354998 -0.121909 0.459648
-0.316514 -0.1084 0.407254
-0.221635 0.0257541 0.234254
-0.195256 0.0346662 0.287807
-0.247043 -0.00670373 0.309407
-0.255641 0.0388216 0.284303
-0.276972 -0.0413322 0.308294
0.0414741 0.037144 0.0145684
0.039142 0.0540697 0.0273149
0.0361404 0.0339118 0.011504
0.0629064 0.0147868 0.0254704
0.0488883 0.05165 0.0294064
-0.0192127 0.00114237 -0.0185001
0.0451085 0.0411421 0.0164305
0.0937348 0.109522 0.108056
-0.273922 0.0419041 0.305817
-0.0491264 0.0412244 0.698288
0.1177 0.0875718 0.407179
0.112343 0.0498621 0.422796
-0.282432 0.048046 0.28984
-0.285125 0.0505797 0.312572
-0.281078 0.049338 0.286003
-0.351042 -0.0985911 0.370226
-0.330072 -0.0460855 0.333776
-0.276976 0.0334251 0.307589
-0.251055 0.000932409 0.309413
-0.0564501 0.0775119 0.488364
0.487808 0.149581 0.721515
-0.271037 0.0451953 0.291004
-0.436217 -0.0691231 0.377065
-0.299564 0.0513005 0.308572
-0.46496 0.00481011 0.478092
0.0915583 0.0966195 0.419258
0.129459 0.114035 0.445581
-0.163214 0.0709759 0.344339
-0.292454 0.0393605 0.334293
-0.304825 0.0342822 0.360593
-0.101458 -0.0553023 0.432835
-0.0482349 0.00838629 0.0431643
-0.0435016 0.0142356 0.0434653
-0.0413973 0.0130441 0.0439127
0.0492736 0.031697 0.0895372
-0.037501 0.0197692 0.0470434
0.0816561 0.0211887 0.441398
-0.0690854 0.0390527 0.116127
0.0883683 0.131027 0.350177
-0.0972207 -0.0298256 0.367198
0.0293913 0.133586 0.391119
0.0263399 0.12642 0.43268
-0.265053 0.0384601 0.276846
-0.218435 0.0367129 0.319807
-0.205296 0.0367616 0.30655
-0.157968 0.0533512 0.250383
-0.122545 0.0581049 0.221451
-0.178916 0.0620292 0.342576
-0.0556573 0.00776702 0.0451784
-0.0423681 0.0134217 0.0430409
-0.0502161 0.00815509 0.043241
-0.0440019 0.0087497 0.0460451
0.100057 0.0369074 0.467169
-0.0487796 0.0529426 0.144745
-0.305511 -0.0372886 0.303475
-0.445126 -0.0929846 0.4365
-0.297319 -0.0143421 0.306794
-0.359532 -0.100492 0.377521
-0.0877866 0.138242 0.46022
-0.146293 0.0340445 0.34873
-0.0644788 0.0600663 0.428006
-0.0745626 -0.00789275 0.201926
0.133504 0.178991 0.610978
-0.110978 -0.0531928 0.210127
-0.187083 -0.0160163 0.230717
-0.0573645 0.0047371 0.0377504
-0.0574769 0.00476425 0.0380658
-0.0553845 0.00838909 0.0360036
-0.0556418 0.00529876 0.0391975
-0.0525261 0.0116896 0.036011
0.148983 0.0804764 0.151632
0.0026377 0.0642975 0.11067
0.101535 0.0338755 0.197523
-0.078035 -0.055124 0.275583
-0.0916459 0.0794279 0.439052
-0.279973 -0.040538 0.317168
-0.322936 -0.0349535 0.439207
-0.156403 0.0276858 0.215003
-0.275009 -0.0326887 0.349164
0.10233 0.150259 0.395324
0.0501547 0.0746645 0.436594
-0.167724 -0.0874707 0.383129
0.192809 0.0831223 0.36262
-0.0383629 0.00782903 0.0301368
-0.0562293 0.00993831 0.212214
0.0535273 0.121477 0.384892
0.103861 0.0178523 0.486247
0.129125 0.121176 0.447888
0.0619628 0.0900724 0.423304
-0.334512 -0.0218324 0.438873
-0.174979 -0.124019 0.572834
-0.188081 0.0530115 0.185466
-0.402447 -0.0296202 0.404951
-0.34259 -0.0274122 0.340212
-0.32556 -0.0976186 0.321655
-0.292707 -0.0440496 0.327998
-0.327346 -0.0453838 0.331608
-0.279004 0.0330232 0.305094
-0.296318 -0.064519 0.405009
-0.29184 0.045749 0.326249
-0.0791772 0.0222165 0.190946
0.0851786 0.0186562 0.396085
-0.314887 -0.0460956 0.351303
-0.308286 -0.0472485 0.315463
-0.280996 0.0530299 0.329835
-0.272585 0.0592079 0.303589
-0.325174 0.0471545 0.331809
0.0677103 0.124012 0.450561
-0.0566878 0.0137098 0.269472
-0.0682015 0.0862073 0.246519
-0.0469106 0.00803 0.0418067
-0.0374735 0.0148237 0.0449425
-0.0384861 0.0135985 0.0448419
-0.118967 0.0495466 0.235253
-0.123876 0.0976585 0.405438
-0.124599 0.112694 0.459936
-0.23831 -0.0274452 0.257562
-0.297288 0.0420868 0.371969
-0.306422 0.0582039 0.366792
-0.269027 0.0413813 0.33877
-0.267917 -0.0252623 0.349374
-0.264381 0.0368544 0.276451
-0.0957874 0.114268 0.413445
-0.271736 0.0409631 0.30952
-0.123795 0.108508 0.442495
-0.207665 0.106356 0.42474
-0.267184 0.0349028 0.27242
-0.292762 -0.0147965 0.306988
-0.220148 0.080355 0.366204
0.0697269 0.173402 0.480865
-0.306724 0.00357404 0.309475
-0.170968 0.0624954 0.270355
0.056275 0.161508 0.423996
0.0501862 0.165014 0.409536
-0.310359 0.0436061 0.338457
-0.273447 -0.0195136 0.267404
-0.292815 -0.018727 0.286181
-0.301367 -0.0108903 0.260109
-0.327991 -0.00535221 0.323683
-0.294112 0.0176192 0.281628
-0.306685 0.0212486 0.296298
-0.230998 0.0340812 0.249196
0.00700506 0.0525269 0.186267
-0.245636 -0.022889 0.265375
-0.246194 -0.0229673 0.318171
-0.296316 -0.0205834 0.291533
-0.30219 0.00361666 0.301511
-0.380063 -0.0863033 0.386674
-0.254481 -0.0371669 0.278132
-0.312476 -0.00058872 0.308837
-0.329816 -0.0912392 0.343733
-0.315122 -0.0468436 0.350968
-0.309114 -0.0387069 0.30793
-0.262798 -0.0384678 0.289035
-0.292364 0.0485695 0.315778
-0.310388 0.0208709 0.299062
-0.340303 -0.00166634 0.326984
-0.27391 -0.0406447 0.303703
-0.525017 -0.11257 0.523711
-0.341066 -0.0271346 0.343655
-0.32146 0.0429646 0.336378
-0.333295 -0.0751329 0.333057
-0.32215 -0.0462585 0.412494
-0.301429 0.0417049 0.307866
-0.254994 -0.0499747 0.235833
-0.272501 0.0358615 0.278361
-0.142393 0.0239044 0.153998
-0.287908 -0.0141702 0.299151
-0.231993 0.0264759 0.246545
-0.121762 -0.057221 0.25134
0.0263044 0.12546 0.425617
0.0566339 0.159284 0.385283
0.198222 0.080155 0.364684
0.0014009 0.165554 0.329474
-0.0494036 0.0832481 0.543826
0.0647089 0.102822 1.35993
-0.0834274 0.0445123 0.945408
0.114236 0.06763 0.124639
0.291361 0.0189507 0.334035
-0.323452 -0.0501002 0.332987
-0.286559 0.0219769 0.271082
-0.310147 0.0168546 0.287089
-0.322977 0.0411423 0.299509
-0.369513 0.0626205 0.380999
-0.25104 0.0658919 0.27386
-0.278455 -0.00322984 0.354298
-0.306193 -0.0465572 0.312847
-0.316992 -0.048582 0.325583
-0.340384 -0.0420934 0.390874
-0.278183 0.0331734 0.301324
-0.224095 0.0148723 0.206602
-0.308442 -0.0208845 0.300997
-0.272278 -0.0264136 0.35849
-0.425836 -0.0982493 0.436275
-0.319681 1.72363e-05 0.317331
-0.0362233 0.115308 0.694702
-0.134139 -0.0656684 0.277859
-0.0845845 0.0418789 0.456454
0.137576 0.0340262 0.235112
-0.289268 -0.0372968 0.367543
-0.101668 -0.0882538 0.498216
-0.0612393 0.0380014 0.662756
-0.197984 0.0249597 0.24084
-0.286099 0.024089 0.343679
-0.328026 -0.0444509 0.326931
-0.389852 0.0513316 0.366624
-0.291246 -0.0257078 0.377307
-0.310039 -0.0483281 0.364941
-0.271575 0.0515217 0.306025
-0.331012 0.047956 0.352162
-0.0865798 -0.0183595 0.30102
-0.282029 0.0467851 0.314094
-0.270635 0.0514853 0.305149
-0.311747 0.0682755 0.318193
-0.0282402 0.00303693 0.0353849
-0.256771 -0.0273122 0.340284
0.0256707 0.113224 0.411176
-0.0389838 0.0145204 0.0437885
-0.0392034 0.020604 0.0437738
-0.0383645 0.0171973 0.0442773
-0.0455329 0.0162022 0.0416145
-0.0434126 0.0110046 0.0433666
-0.0383619 0.0184215 0.0443735
-0.0506607 0.0103151 0.042093
-0.0380721 0.0155924 0.0412781
-0.0514287 0.0137528 0.0411793
-0.0427309 0.0164789 0.0427721
-0.0459825 0.00882185 0.0431497
-0.0397983 0.0168226 0.0419307
-0.00973803 0.032297 0.044534
-0.0302935 0.0270306 0.0441309
0.0541379 0.0466207 0.151874
-0.0168526 0.0292318 0.0441473
-0.0288266 0.0300694 0.0444018
0.154238 0.0525782 0.209747
0.0469271 0.105182 0.130573
-0.112722 0.0223377 0.230105
-0.028035 -0.000167157 0.0405094
0.0492843 0.104018 0.126988
-0.0429447 0.0101415 0.0427586
0.0530442 0.121258 0.417244
-0.199976 -0.108882 0.486517
0.0541435 0.169944 0.422362
-0.255573 -0.178327 0.830496
0.0553627 0.128452 0.434318
-0.111045 -0.0609053 0.25919
-0.266897 0.0440799 0.287518
-0.325501 -0.015948 0.340803
-0.328744 -0.0672839 0.319675
-0.268256 0.0520563 0.287592
-0.308268 -0.0439849 0.353004
-0.323801 0.0693798 0.325199
-0.288618 0.0410423 0.290073
-0.307876 0.0561511 0.336756
-0.277039 0.0484179 0.305671
-0.256467 0.0390709 0.274411
-0.253248 0.0425355 0.270092
-0.15083 -0.0751322 0.341253
-0.278129 0.0418454 0.301964
-0.0400612 0.0157586 0.0453975
-0.00352509 0.028445 0.0325719
-0.0465292 0.0144107 0.0404999
0.0504512 0.162989 0.405661
-0.253007 0.124889 0.730187
0.0242262 0.0696805 0.133416
-0.0375662 0.0138395 0.0446422
0.205801 0.0777905 0.289777
0.0354304 0.109964 0.208747
-0.261463 0.0435623 0.277763
-0.276207 0.0388842 0.298493
-0.25415 0.0407879 0.268067
-0.0810156 0.0661181 0.349505
0.0546297 0.296421 1.01797
0.0657757 0.115753 0.433509
-0.337384 0.0602853 0.353279
-0.271561 -0.0406422 0.301862
-0.285437 -0.0445762 0.330981
-0.258244 0.0303862 0.276961
-0.309255 0.0363694 0.350341
-0.261769 0.0348386 0.29983
-0.291747 0.0340208 0.342509
-0.29264 0.0502945 0.314239
-0.272639 0.0418151 0.305878
-0.28788 0.0400413 0.300586
-0.271568 0.0415505 0.309268
-0.291832 0.0336275 0.332328
-0.338231 -0.116471 0.438085
-0.346655 0.0656692 0.385019
-0.280256 0.0433585 0.320552
0.66883 -0.0272754 1.01949
-0.0403417 0.0206662 0.0472169
-0.0192281 0.0274951 0.0422626
0.103895 0.0812636 0.0770864
-0.028241 0.0214807 0.0344241
-0.018583 0.0285891 0.0438997
0.199525 0.0548805 0.341861
0.103644 0.0273272 0.187646
0.0986002 0.119439 0.446574
0.031882 0.0798433 0.135343
-0.209181 -0.00217512 0.254132
-0.305901 -0.00139807 0.291397
-0.385838 0.090847 0.390033
0.162042 0.0450594 0.271647
0.0727933 0.108507 0.203525
-0.0132902 0.0106362 0.0360821
-0.0431015 0.0130878 0.0433214
-0.00622633 0.0204778 0.0500438
-0.0023099 0.0280576 0.0638046
-0.287625 0.0542563 0.339526
-0.300693 -0.0796195 0.371767
-0.256545 0.0437487 0.28248
-0.292504 0.0498031 0.327059
-0.2854 0.0567266 0.340915
-0.283547 0.0554683 0.311444
-0.297379 0.0404334 0.313499
0.161214 0.239852 0.442066
-0.308271 0.00873377 0.290683
-0.274547 0.0747636 0.303104
-0.377885 -0.0413443 0.424086
-0.338939 -0.0697098 0.331133
-0.296835 0.000119918 0.292732
-0.264199 0.0460863 0.295897
-0.369689 -0.051348 0.374186
-0.28629 -0.0169202 0.299181
-0.312154 -0.00172509 0.29807
-0.32167 0.0174116 0.298846
-0.340846 0.0514605 0.315438
0.00627909 0.18553 0.381319
-0.261284 0.00221222 0.255946
-0.211046 -0.0999671 0.412272
-0.0171331 0.0923802 0.541926
-0.346385 -0.0962755 0.364316
-0.0424221 0.0160888 0.04327
-0.0518285 0.0136706 0.0569914
0.205338 0.188814 0.268198
-0.0111719 0.0376506 0.0425854
-0.0163498 0.030646 0.0433387
-0.0258042 0.0332633 0.0556638
-0.0300331 0.0285917 0.0467216
-0.0460958 0.0161951 0.0433844
-0.0396241 0.0209853 0.0441168
-0.0137075 0.0322529 0.0426778
-0.0444929 0.0112272 0.042557
-0.0162877 0.0355869 0.0422357
-0.0500472 0.0184469 0.0510102
-0.0510779 0.00796288 0.0381425
-0.0448094 0.0145799 0.0425138
-0.0443341 0.0117257 0.0429898
0.0809221 0.0548838 0.161218
-0.0286179 0.0288323 0.0483819
-0.0491202 0.017839 0.0410634
-0.0454251 0.0162315 0.0427699
-0.0399148 0.0191578 0.0480753
-0.0422313 0.0119081 0.0433501
-0.0519524 0.0153409 0.0413213
-0.0413003 0.0124222 0.0439024
-0.0386507 0.0143827 0.043171
-0.0151574 0.0318681 0.0450869
-0.027807 0.0305834 0.0420646
-0.0178497 0.0321407 0.0418271
-0.0193307 0.036217 0.0425797
-0.0146488 0.0301275 0.0443346
-0.0443479 0.0117895 0.0432143
-0.0139089 0.032056 0.0419015
-0.0314696 0.0319381 0.0452388
-0.0454474 0.0140368 0.0423617
0.113569 0.106031 0.140915
0.138406 0.115932 0.141338
0.158636 0.044734 0.23614
0.126126 0.0845111 0.138109
0.165537 0.0307346 0.128765
0.125339 0.062909 0.139078
0.217273 0.0810541 0.292695
0.139241 0.0514773 0.246968
0.109561 0.102275 0.126936
0.128008 0.112269 0.130362
0.131795 0.117294 0.17386
0.10645 0.017166 0.0857113
0.081585 0.0392566 0.16034
0.0884177 0.136827 0.426894
0.149306 0.0817103 0.239329
0.107569 0.0483759 0.413944
-0.01252 0.0310676 0.0445865
-0.0478089 0.0166811 0.0427488
-0.00740703 0.0368516 0.0482324
-0.0435703 0.0131903 0.0374022
-0.039585 0.0171073 0.0431069
-0.0403834 0.0141387 0.0431542
-0.0155282 0.0347682 0.0572582
-0.0451459 0.0136647 0.0441738
-0.0462038 0.00974918 0.0422558
0.0618911 0.0510087 0.167063
0.103848 0.0394311 0.446645
0.212003 0.0734851 0.336182
-0.0401263 0.0847607 0.529099
-0.123608 0.0305556 0.370669
-0.00626984 0.0495479 0.0736352
0.048313 0.147256 0.419366
-0.193566 -0.105237 0.466057
-0.270322 0.0471329 0.303649
-0.274587 0.0308288 0.303761
-0.296477 0.0460819 0.320289
-0.286723 0.0449312 0.308653
-0.284278 0.0504207 0.318939
0.128947 0.126281 0.191382
0.0990297 0.161006 0.299282
0.0529725 0.0908467 0.149659
0.0869645 0.0179695 0.422068
0.115758 0.0938732 0.273641
-0.0707515 -0.0476169 0.251905
0.16315 -0.0011009 0.174274
0.114465 0.0443791 0.206762
0.129291 0.117517 0.154671
-0.199144 0.0761764 0.360834
0.124886 0.0630206 0.140078
0.110128 0.105466 0.13856
0.13756 0.0369629 0.218257
0.137332 0.0727645 0.131774
0.140978 0.0797126 0.151078
0.162646 0.084739 0.15617
0.144134 0.0763368 0.136711
0.13916 0.0803929 0.150029
0.171524 -0.0076831 0.273063
0.14301 0.137906 0.205126
0.0930766 0.114813 0.508045
0.122931 0.189988 0.361835
-0.127994 -0.115 0.562628
0.141093 0.0758427 0.132453
0.13302 0.0768167 0.133204
0.109688 0.102406 0.1278
-0.00137027 0.0232698 0.070226
0.0726639 0.065874 0.0709494
-0.00512543 0.0258371 0.0692913
0.0674779 0.0828288 0.0753224
0.0271746 0.0426055 0.0283442
0.0266144 0.0408544 0.0199805
0.120189 0.103374 0.119157
0.0638549 0.166728 0.403727
-0.0539815 0.0704039 0.618233
-0.00969276 0.0316553 0.0450182
0.0898167 0.0587009 0.168417
0.0593091 0.0934423 0.157402
0.146901 0.0401114 0.229441
0.111872 0.0361514 0.188526
0.0617494 0.164253 0.424495
0.0326725 0.135491 0.40809
0.173843 0.0706096 0.32195
0.118748 0.0605002 0.134101
0.202516 0.099789 0.268061
0.233436 0.115791 0.309874
0.0493775 0.149221 0.390426
0.146573 0.141162 0.211252
0.113618 0.0431876 0.201438
-0.00552975 0.083115 0.472961
0.0424671 0.0264989 0.435113
-0.092415 0.0242437 0.584435
-0.0520694 0.0106691 0.304744
-0.0163237 0.0300098 0.0453267
-0.0264412 0.0302426 0.0474354
0.139068 0.0586815 0.124208
0.202451 0.0846735 0.35995
-0.122732 0.0129174 0.579516
0.085403 0.0835981 0.0954502
0.265512 0.00550866 0.288853
0.130517 0.119404 0.153111
-0.0114824 0.0694996 0.405372
0.166345 0.147154 0.218518
0.112215 0.0316787 0.185286
0.132207 -0.00757294 0.226193
0.112348 0.107367 0.141251
0.196005 0.192072 0.298375
0.0942551 0.107964 0.14781
0.161273 0.0280946 0.126727
0.198436 0.0183474 0.232128
0.0924972 0.0797863 0.0717031
0.0267952 0.0300646 0.00875135
0.0911906 0.0163245 0.0417694
0.0237156 0.0285158 0.00700604
0.0652458 0.0628197 0.0682549
0.0337768 0.0365668 0.0151593
0.10595 0.0470471 0.0786318
0.0705092 0.0661207 0.0648699
0.0594376 0.0492563 0.162929
0.0564121 0.0938065 0.15604
0.111077 0.0319279 0.215593
0.106741 0.102298 0.134889
0.126776 0.0636474 0.140978
0.112689 0.0980483 0.127045
0.0697585 0.114045 0.408279
0.153958 0.0280925 0.120582
0.133606 0.0776761 0.132732
0.13649 0.0728984 0.131811
0.116961 0.0634605 0.113297
0.148283 0.0810928 0.151775
0.142316 0.0797383 0.152563
0.144545 0.0823433 0.14965
0.142553 0.0752464 0.136504
0.169491 0.0300707 0.133033
0.107972 0.0352155 0.194153
0.151544 0.0267513 0.118913
0.164274 0.0295931 0.129003
0.139535 0.0750042 0.130696
0.103599 0.0907286 0.119018
0.130347 0.110299 0.133662
-0.0407845 0.0169681 0.0439294
-0.0464507 0.0144895 0.0421177
-0.0126647 0.03224 0.0412784
-0.051113 0.0134492 0.0404163
-0.0395439 0.0115755 0.045059
-0.0163172 0.0296362 0.0365541
-0.0462053 0.0155953 0.0405814
-0.0401169 0.0181586 0.0438901
-0.0428542 0.0112369 0.0435021
-0.0177016 0.0299181 0.0450997
-0.0367308 0.0134171 0.0447012
-0.0121262 0.0332314 0.0424688
-0.0120992 0.0331082 0.0423562
-0.0266737 0.0282287 0.0428917
-0.0375718 0.0224556 0.0751516
-0.0281098 0.0298341 0.0444225
-0.0390161 0.0201474 0.0429068
-0.0420794 0.0098434 0.04438
-0.03981 0.0172872 0.0432453
-0.0467886 0.0252482 0.068165
-0.0430144 0.0174308 0.0468954
-0.0364581 0.0130733 0.0462628
-0.0520688 0.00554987 0.0407212
-0.0396425 0.0202593 0.0434181
-0.0197787 0.0299641 0.0449103
-0.0424407 0.0160013 0.0429221
-0.0134804 0.0319849 0.0456818
-0.041169 0.024792 0.0568095
-0.0445509 0.0113754 0.0430446
-0.045634 0.0124085 0.0420956
-0.0215682 0.0287395 0.0370217
-0.016966 0.0340686 0.0404984
-0.0395621 0.013202 0.0445404
-0.0246046 0.0286863 0.0458142
-0.0435812 0.0729037 0.175385
-0.03883 0.0221352 0.0429812
-0.0419537 0.0142611 0.0438362
-0.0553708 0.00553537 0.0383635
-0.0536433 0.0115409 0.0408735
0.075504 0.0491157 0.141189
0.0312122 0.132392 0.397932
-0.0455474 0.0119891 0.042456
-0.0399658 0.0167628 0.0443029
-0.000668959 0.0514989 0.0594126
-0.0398552 0.0165188 0.0423228
-0.0257302 0.0287086 0.04525
-0.00554703 0.0387865 0.0534319
-0.042696 0.0109183 0.0426635
-0.0444861 0.0105309 0.0430019
-0.0470631 0.00829085 0.0426823
-0.0427326 0.0117409 0.0432813
-0.027802 0.0310033 0.0436806
-0.0480839 0.014728 0.0412306
-0.0478256 0.0151765 0.0419197
-0.0383763 0.0183278 0.044162
-0.0405682 0.0157141 0.0437628
-0.0390704 0.0140454 0.0445705
-0.05026 0.00974575 0.0412869
-0.00455666 0.042121 0.0552822
-0.044643 0.0113371 0.0430432
-0.0476436 0.00947432 0.0418836
-0.0107234 0.0306854 0.0444229
-0.0182005 0.0288418 0.0444278
-0.050861 0.0127284 0.0399262
-0.0124461 0.0300067 0.0423751
-0.0420372 0.0099658 0.0449792
-0.0380042 0.0155874 0.0444756
-0.0384983 0.0173939 0.0448771
-0.0394356 0.0185434 0.0444134
-0.0464587 0.0112572 0.0421264
-0.0446791 0.0161609 0.0421302
-0.0454648 0.00918934 0.0430827
-0.051711 0.0149647 0.0406032
-0.0151343 0.0294215 0.0432127
-0.0447675 0.00873156 0.0436034
-0.000818898 0.0512032 0.0591411
-0.0282041 0.0300731 0.0449725
-0.0138512 0.0304357 0.04189
-0.0259457 0.0282172 0.0445338
-0.0456563 0.0122304 0.0426362
-0.0395316 0.0129188 0.0438482
-0.0473197 0.0137923 0.0417217
-0.0430193 0.0144584 0.0431521
0.069821 0.160534 0.397227
0.154251 0.118013 0.368766
0.193261 0.0981455 0.259452
-0.120826 0.0304379 0.365832
0.0668758 0.0149433 0.414363
-0.0931109 -0.0170055 0.294667
-0.069968 0.0904514 0.610818
-0.086117 0.0525892 0.435884
0.22858 0.0604276 0.362139
0.105303 0.0329976 0.196142
-0.0982932 0.0122887 0.271282
0.10776 0.0353578 0.193088
0.176172 0.181288 0.27557
0.056046 0.0871776 0.131448
0.0348436 0.037693 0.429331
-0.0367539 0.0161507 0.0530252
0.0644751 0.121315 0.225223
0.0300816 -0.00154904 0.0617328
-0.0171674 0.0286074 0.0400856
0.0126317 0.0609575 0.0627647
-0.000852184 0.043043 0.0593411
-0.046285 0.0154734 0.0416556
-0.0463599 0.0150163 0.0418214
-0.0471782 0.0132247 0.0417367
-0.0287392 0.030311 0.0446018
-0.0458311 0.00990466 0.0423055
-0.0280557 0.0285656 0.0432436
-0.0444667 0.0106528 0.0431452
-0.0307955 0.0303916 0.0457328
-0.0431895 0.0107917 0.0424305
-0.0451599 0.0131008 0.0427145
-0.0392665 0.0194651 0.0439678
-0.0470317 0.00986832 0.0423399
-0.112538 0.0300498 0.298902
-0.085912 0.0416759 0.462819
0.106323 0.134224 0.399581
0.213561 0.0550331 0.337588
0.0647661 0.110997 0.135304
-0.0326454 0.0213468 0.036141
-0.0126359 0.032254 0.0413655
0.0121193 0.0710322 0.0801259
-0.045954 0.0100116 0.0453673
-0.016096 0.0302267 0.041975
-0.0418355 0.014536 0.043194
-0.0406166 0.0160069 0.0431285
-0.0484634 0.00699759 0.0429473
0.0415884 0.0776531 0.0925493
0.0204397 0.0554258 0.0665001
-0.0451584 0.0129821 0.0423794
-0.0436895 0.0120974 0.0447432
-0.00383574 0.0320679 0.0333943
-0.0367049 0.0126456 0.0427143
0.130865 0.0371553 0.209387
-0.040183 0.0184179 0.0443393
-0.0402372 0.0171249 0.0435785
-0.0375535 0.0136382 0.0457979
-0.037219 0.0157355 0.0456675
-0.0451482 0.0145107 0.0419254
-0.0455735 0.0152533 0.0430938
0.0892047 0.0984586 0.144413
0.0573511 0.106618 0.128754
-0.048878 0.0160282 0.0475868
-0.0449511 0.0133961 0.0425274
-0.0770011 -0.0245566 0.238428
-0.0560912 0.00524807 0.0380003
0.0538603 0.0903727 0.154395
-0.126461 0.138597 0.541408
-0.0443711 0.0166907 0.0465363
-0.0427055 0.0165242 0.0430961
-0.0454316 0.0115925 0.0427641
-0.0467555 0.0162129 0.0422627
-0.0462192 0.01587 0.0427462
-0.0469741 0.012377 0.0422734
-0.0464913 0.0145567 0.042154
-0.052878 0.0153054 0.0431012
-0.0410212 0.0164098 0.0422485
-0.0419058 0.0149692 0.0447514
-0.0513917 0.0135815 0.0409664
-0.0430503 0.0102878 0.0434729
-0.0512292 0.0135675 0.0402267
-0.0451649 0.014938 0.0408794
-0.0488626 0.0159748 0.0423019
-0.0513624 0.0136014 0.0409213
-0.0516723 0.0148911 0.0398959
-0.0515672 0.0146581 0.0401986
-0.0452321 0.0137924 0.036443
-0.0464417 0.0158243 0.0424369
-0.0437392 0.0150565 0.0428885
-0.0470927 0.00848914 0.0436045
-0.0375226 0.0134006 0.0451195
-0.0432737 0.0115947 0.0433311
-0.0451131 0.0105622 0.0426746
-0.0456946 0.0152964 0.0414918
-0.044977 0.0154542 0.0422481
-0.0452944 0.0144416 0.0424715
-0.0511708 0.0145504 0.0386302
-0.0168934 0.0284021 0.0378426
-0.0440242 0.0108426 0.043501
0.284702 0.118808 0.507605
0.125508 0.178894 0.170682
0.216173 0.225821 0.239351
-0.0541435 0.0117367 0.232842
0.0877363 0.158535 0.443959
0.128132 0.210174 0.578628
0.125591 0.125641 0.159571
-0.154442 0.0410433 0.453173
0.0692668 0.168664 0.398112
-0.0464259 0.00907759 0.041994
0.0771615 0.0880331 0.115189
-0.0139535 0.0311999 0.0415495
-0.00416481 0.0552935 0.0906087
0.0360357 0.133123 0.330105
0.030882 0.039422 0.149488
0.043435 0.121159 0.321743
0.0907645 0.0531356 0.143598
-0.0767053 0.00148741 0.223018
-0.0451656 0.0130601 0.0426008
-0.0240421 0.0129451 0.0284902
-0.0183131 0.0350855 0.0529456
-0.0259498 0.0305793 0.0463378
-0.0463512 0.0149216 0.0442236
-0.0456122 0.0142028 0.0427369
-0.0265181 0.0308991 0.0427218
-0.0490679 0.0157403 0.0437701
-0.0283847 0.0300282 0.0426419
0.169541 0.0978759 0.353871
0.17519 0.224641 0.274837
-0.0929373 0.0214839 0.231389
0.156964 0.119639 0.374371
-0.0592606 0.0480124 0.462368
-0.06002 0.0850063 0.578601
-0.0458883 0.00964688 0.0445342
-0.0420263 0.0107239 0.0417887
-0.0451814 0.0132165 0.0427541
-0.0492563 0.0157978 0.0465149
0.0808373 0.111733 0.124205
-0.0456617 0.0167351 0.0476953
-0.0261742 0.0728185 0.449213
-0.036692 0.0144474 0.0464877
-0.0409393 0.0143429 0.0465222
-0.0390152 0.0376719 0.0937151
-0.0438892 0.0106234 0.0444331
-0.0569249 0.0178725 0.0528085
-0.0460365 0.0163915 0.0425622
-0.0381349 0.0157583 0.0471536
-0.0452179 0.0104357 0.0444459
-0.0517135 0.0087525 0.0512966
-0.0455335 0.0141843 0.04213
-0.0459 0.01655 0.0422386
-0.0441548 0.0108169 0.0436772
-0.0460847 0.0119798 0.0560142
-0.0470727 0.0121474 0.0445153
-0.0399753 0.0151913 0.0433341
-0.044098 0.0159499 0.0401765
-0.0295685 0.0294862 0.0539267
-0.0435414 0.0143342 0.0380376
-0.0475414 0.0153929 0.0432969
-0.0395058 0.0134966 0.0478884
-0.0447437 0.0168503 0.0441073
-0.0477761 0.0141178 0.0413558
-0.0455795 0.0161278 0.0415024
-0.0430385 0.0173872 0.0440134
-0.0485865 0.0155826 0.0416131
-0.0512542 0.0101336 0.0414796
-0.0477559 0.0129213 0.042664
0.191933 0.0891927 0.349904
0.229545 0.0660216 0.368723
-0.079752 -0.0583658 0.267416
-0.0435336 0.0158685 0.0420813
-0.013736 0.0318062 0.0424303
-0.00203641 0.0553354 0.0707763
0.204229 0.365505 0.394189
0.0242655 0.0759792 0.0773965
-0.0153419 0.029112 0.04285
-0.0463789 0.0106405 0.0426451
-0.0243445 0.0275919 0.0423364
-0.0236325 0.0298603 0.0457514
-0.0133666 0.0320962 0.0431187
-0.0233215 0.0307426 0.0467932
-0.0014104 0.0618825 0.100699
-0.0247263 0.0306167 0.0442155
-0.0153683 0.0303465 0.0428631
-0.0397542 0.0214415 0.0457252
-0.0157533 0.0298442 0.0421634
0.00568614 0.0667167 0.0700489
-0.0309785 0.0307863 0.0461746
-0.0310682 0.0294849 0.0442927
-0.0141037 0.032109 0.0443706
-0.0283425 0.0321556 0.045681
-0.0265234 0.0291559 0.0457757
-0.0178975 0.0289268 0.0445132
0.0311613 0.103488 0.191449
-0.0104857 0.0386996 0.0570714
0.0810955 0.187865 0.457463
-0.0555134 0.00651401 0.0397109
-0.0543319 0.0049343 0.0389883
-0.0532251 0.00642391 0.0395373
-0.0545902 0.0050506 0.0394956
-0.047249 0.011843 0.0437666
-0.0491269 0.0158922 0.0492002
-0.00154045 0.0267212 0.0338349
-0.0121743 0.0302301 0.042786
-0.0517797 0.0100409 0.0350054
-0.0406579 0.0101204 0.0439149
0.220081 0.206982 0.245298
-0.0587189 0.185955 0.379472
-0.0291976 0.0256184 0.043016
-0.0291325 0.026908 0.0451843
-0.0252058 0.0297915 0.0428561
-0.0544115 0.00489282 0.0390183
-0.0402223 0.0154422 0.044062
-0.0471974 0.00521164 0.0344663
-0.0249345 0.0286345 0.0423391
-0.0417382 0.014043 0.0435072
-0.0299933 0.0304518 0.0441751
-0.0532635 0.017502 0.0409084
-0.0433969 0.0165598 0.0439409
-0.0438812 0.0154015 0.0424817
-0.0377016 0.0135734 0.0489434
-0.0875813 0.0738405 0.396196
0.177358 0.0680929 0.248468
-0.0406842 0.0162582 0.0422933
-0.0439796 0.0122042 0.0431558
0.0801653 0.0853394 0.139676
-0.0509304 0.0164938 0.0404958
-0.00422059 0.0428939 0.058077
-0.0136337 0.0306467 0.0421721
-0.0131517 0.0299435 0.0429883
-0.0127926 0.0304022 0.0436161
-0.0189116 0.0695251 0.138965
-0.0423083 0.0157212 0.0434075
-0.0305134 0.0275807 0.0451544
-0.0381282 0.016855 0.0445568
0.066777 0.0776815 0.131709
-0.0424578 0.0160024 0.0438178
-0.0299691 0.026682 0.0463529
-0.0398343 0.0141737 0.0436572
-0.0299692 0.0257901 0.0449589
-0.0301551 0.0247198 0.043541
-0.044241 0.0158866 0.043776
-0.0359505 0.0123537 0.0463313
-0.0392664 0.0169317 0.0395723
-0.0377975 0.01749 0.0459477
0.112782 0.037312 0.189156
-0.0210228 0.029108 0.0441634
-0.0166208 0.0345157 0.0450814
-0.0130098 0.0308643 0.0416861
-0.0277965 0.0266091 0.0451464
-0.0160512 0.0307703 0.0431447
-0.0259615 0.0282603 0.0447156
-0.0399064 0.017078 0.0436384
-0.0203635 0.0330003 0.0504211
-0.017563 0.0323517 0.042317
0.111035 0.201022 0.54862
0.00400848 0.0603319 0.0729327
-0.0517001 0.0150452 0.0406943
-0.0304428 0.0279287 0.0457138
-0.0394548 0.0146489 0.0428499
-0.0395963 0.0140046 0.0366123
-0.0386578 0.0196154 0.0448722
-0.0186474 0.0177832 0.0689375
-0.0541603 0.00909287 0.0433204
-0.043391 0.0151344 0.043765
-0.045618 0.0137913 0.0443407
-0.0180538 0.0292348 0.0446238
-0.0170518 0.0318163 0.0435436
-0.0142788 0.0360173 0.0413765
-0.0380842 0.0146787 0.0450077
-0.0255926 0.0314976 0.0426194
-0.0138256 0.0368652 0.0422538
-0.024077 0.0286518 0.0439883
-0.0390009 0.014543 0.0438749
-0.0445452 0.0140596 0.042613
-0.0304341 0.0254383 0.0481269
-0.0283251 0.0291025 0.0443457
0.0447463 0.0907217 0.141489
0.0728761 0.102606 0.305159
0.0727839 0.212406 0.362579
-0.0441143 0.0118512 0.0419117
-0.0448694 0.0147991 0.0428819
-0.014482 0.0307215 0.0426392
-0.0298449 0.026444 0.046689
-0.0257345 0.0292563 0.04392
-0.0303068 0.0273483 0.0448592
-0.0312549 0.030049 0.0442896
-0.014321 0.037398 0.0576752
-0.0170579 0.0321688 0.0467851
-0.0465272 0.0146464 0.0420789
0.000849111 0.0469253 0.0687159
-0.0184494 0.029683 0.0433964
-0.0275056 0.0264984 0.044836
-0.0393885 0.0113547 0.0446933
-0.0194856 0.0373146 0.0535409
-0.0276341 0.0312056 0.0438847
0.189819 0.0809345 0.359044
-0.044289 0.0121278 0.0426186
-0.0285113 0.0270582 0.0414241
-0.046516 0.0131889 0.0426507
-0.0151683 0.0292102 0.0430067
-0.0303422 0.0251968 0.0462709
-0.0282407 0.0294921 0.0440173
-0.0257198 0.028217 0.0445975
-0.0115463 0.0296795 0.04285
-0.0163569 0.0356478 0.0516679
-0.0250807 0.0315745 0.0482145
-0.0440382 0.0122892 0.0431488
0.221549 0.0823287 0.297238
-0.0173452 0.143086 0.328043
-0.0530194 0.0172839 0.0405111
-0.0414082 0.0121393 0.0429837
-0.0376429 0.0123395 0.0455419
-0.0411891 0.0128293 0.0436842
0.101491 0.0526799 0.400616
-0.0463214 0.0137919 0.0428873
-0.055868 0.00669046 0.0403842
-0.110097 0.0406002 0.201118
0.107651 0.119753 0.220478
0.125616 0.0596451 0.255544
-0.0887985 -0.017471 0.287234
0.0691798 0.0153724 0.360851
-0.11261 0.023984 0.323852
0.127044 0.0957064 0.440513
-0.0688888 0.0639881 0.48063
0.084209 0.0193419 0.41338
-0.0459217 0.0205685 0.0611695
-0.0471816 0.0117733 0.0431812
-1.02369e-05 0.0285982 0.036867
-0.00124096 0.0645085 0.102967
0.0492768 0.0862691 0.152892
-0.0950015 0.0806681 0.452811
0.107267 0.0476632 0.405073
-0.0878911 0.0755899 0.393344
-0.0448548 0.0132977 0.0423181
0.0266747 0.119226 0.436444
-0.0431614 0.0122925 0.0436804
-0.0838217 -0.0369078 0.293206
0.110071 0.0319238 0.205268
0.118659 0.112093 0.280298
-0.0988754 -0.0346368 0.387658
0.030169 0.0696183 0.113802
-0.036286 0.0137669 0.0494876
-0.039488 0.0207227 0.0467856
-0.0481799 0.0125925 0.0516455
0.0107862 0.0410933 0.0492013
-0.00309041 0.0277887 0.0317657
-0.0455927 0.0141346 0.0424854
-0.048831 0.0147915 0.0446179
-0.0449431 0.0108957 0.0414533
-0.047592 0.00949263 0.0417783
-0.043103 0.013599 0.0391921
-0.0439929 0.0111644 0.0427029
-0.0377511 0.0157281 0.0443775
-0.0387869 0.0187201 0.0445423
-0.0477781 0.0150099 0.0415249
-0.013294 0.0298559 0.0423761
-0.0126389 0.0362078 0.0399564
-0.0177845 0.0276099 0.0419138
-0.0392238 0.0151194 0.0478085
-0.0374643 0.0140029 0.0449466
-0.0391779 0.0203089 0.0437833
-0.04167 0.0243751 0.0426863
-0.0463251 0.0168813 0.043415
-0.0464274 0.0158192 0.0462481
-0.0451398 0.0137076 0.0434694
-0.0481675 0.013239 0.0448877
-0.0484622 0.0152611 0.0413231
-0.0461591 0.00974453 0.0419677
-0.0451425 0.0105649 0.0420727
-0.0501317 0.00976592 0.0413201
-0.0252185 0.0268147 0.0429609
-0.0182908 0.032133 0.0533405
-0.0401653 0.0102351 0.0441736
0.121474 0.0688585 0.123898
0.0567063 0.160339 0.425516
0.127503 0.109832 0.139977
-0.0395246 0.0213012 0.0451507
-0.00935456 0.036106 0.0458429
-0.0402039 0.0237797 0.0495983
-0.024108 0.0286662 0.0439598
-0.0380774 0.013096 0.0474386
-0.0124635 0.0312586 0.0423736
-0.00150507 0.0394926 0.0498608
-0.0521701 0.00565601 0.041069
-0.0378665 0.0118162 0.0446474
0.111827 0.0430453 0.2042
-0.0360578 0.0147444 0.0483376
-0.0390896 0.0162207 0.0461052
0.0335065 0.137197 0.411444
-0.0299578 0.0311935 0.0451737
-0.0395408 0.0182929 0.0440633
-0.0159531 0.030082 0.0372599
-0.0157247 0.0295841 0.0419007
-0.0433404 0.0153392 0.0431597
-0.0437963 0.0149693 0.0427535
-0.0145359 0.165848 0.373467
0.0908738 0.131187 0.412574
0.111018 0.103047 0.129285
0.15024 0.0810436 0.145611
-0.041482 0.0111771 0.0439818
0.148281 0.0872828 0.318531
0.130573 0.0977448 0.448897
0.051319 0.00900089 0.356958
0.0316289 0.0881387 0.155231
0.0741234 0.0296315 0.358701
0.0787727 0.0924409 0.124255
-0.0916104 0.107585 0.392184
-0.0383879 0.0132203 0.0436981
0.00810116 0.0608843 0.0764998
-0.0368375 0.0145684 0.0450505
-0.0411791 0.0121074 0.0449375
-0.0389673 0.0189103 0.0445035
-0.118355 0.121866 0.322746
-0.035972 0.0123559 0.0461332
-0.0371486 0.0140778 0.0448937
-0.0470955 0.0159818 0.041963
-0.0367179 0.0118055 0.0459967
-0.04206 0.0124132 0.0444786
-0.0385583 0.0120163 0.0455832
-0.0438749 0.0163941 0.0431916
-0.0462425 0.0139225 0.0420208
-0.0354294 0.0129334 0.0458497
-0.0397396 0.0166289 0.0439547
0.000132969 0.0447465 0.0624723
-0.0433042 0.0165273 0.0431346
-0.0208394 0.034058 0.0485361
0.191821 0.0848718 0.343862
-0.037768 0.0157294 0.0445039
-0.0391834 0.0194137 0.0438626
-0.050752 0.0165582 0.0411024
-0.0505832 0.0100819 0.0314343
-0.0374853 0.0169218 0.0456962
-0.0384946 0.0168054 0.0448165
-0.0566159 0.0103542 0.0393667
-0.0435137 0.0155132 0.0442971
-0.110936 0.066374 0.232424
-0.0502734 0.0124733 0.0377759
-0.0528364 0.0150966 0.0449981
-0.0498088 0.00854194 0.0305681
-0.0522343 0.00995197 0.0355268
-0.0549576 0.00686472 0.0398908
-0.0486485 0.00983068 0.0339907
-0.00252558 0.0357862 0.0360431
-0.0447937 0.0146048 0.0636293
-0.0655018 0.0217205 0.0727084
-0.0392549 0.0119397 0.0470851
-0.0150412 0.0319475 0.0392638
-0.05127 0.0149584 0.0420633
-0.0540283 0.0134144 0.0372019
-0.0490603 0.0111854 0.0362063
-0.0190032 0.0282631 0.0351997
-0.0487766 0.00991438 0.034375
-0.0168382 0.0289492 0.0409294
-0.0382968 0.013562 0.0446339
-0.0389808 0.0149528 0.0442351
-0.0457262 0.00688351 0.0261707
-0.0397936 0.0164556 0.0448082
-0.0441018 0.0116688 0.0438997
-0.0564923 0.00514736 0.0398426
-0.0553583 0.00835157 0.0359877
-0.0535204 0.00661764 0.0399356
-0.0388927 0.0170377 0.04422
-0.0468771 0.00640406 0.0283236
-0.0543621 0.0133966 0.0399416
-0.0390421 0.0107207 0.0435034
-0.0400335 0.0472061 0.117763
-0.0554349 0.0051564 0.0388373
-0.0435241 0.0181745 0.0463366
-0.0473776 0.017569 0.0436915
-0.0395365 0.0132208 0.044554
-0.0296828 0.0263865 0.0468498
-0.0428762 0.0140319 0.0425632
-0.0532535 0.0075422 0.0405856
-0.0452377 0.0111606 0.0422788
-0.0503714 0.0109009 0.0421439
-0.0473786 0.0068176 0.0275175
0.0835427 0.0333598 0.161822
-0.0402697 0.00968989 0.0424088
-0.0406996 0.0137073 0.0543471
-0.036683 0.00370205 0.0315175
0.0805383 0.0934258 0.419418
-0.039109 0.0167136 0.0450077
-0.00134107 0.0269023 0.0340478
-0.0437326 0.0104973 0.0443478
-0.0554152 0.00609487 0.0397499
0.0626193 0.0894322 0.132142
-0.134637 0.0570235 0.221679
-0.119613 0.0461716 0.187335
-0.135284 0.0575135 0.223801
-0.134242 0.0570837 0.221803
-0.120261 0.0413248 0.216637
-0.0468172 0.0116423 0.0436559
-0.0405805 0.011517 0.044115
-0.0445282 0.0111156 0.040718
-0.043653 0.0117571 0.0441769
-0.0440246 0.0129161 0.0404699
-0.0401555 0.0149379 0.044154
-0.00209571 0.0307412 0.05365
-0.0446518 0.0160996 0.0419629
0.108394 0.0598886 0.149413
-0.0126535 0.0348708 0.0488933
0.102865 0.0305757 0.188655
-0.0267836 0.0273249 0.0457365
0.164663 0.214899 0.646055
-0.047815 0.0170739 0.0444978
0.0752025 0.082315 0.198606
-0.0511444 0.0168995 0.0414763
-0.0247411 0.0371362 0.0620039
-0.0254828 0.0295424 0.0460916
-0.0448398 0.00976404 0.0427452
-0.0182023 0.0266386 0.0376821
-0.0118808 0.0355668 0.0412524
-0.0105117 0.0327428 0.0432606
0.0859106 0.0882957 0.218066
-0.0389933 0.0133232 0.0444849
-0.0126295 0.0278508 0.0400748
0.140404 0.0824158 0.142644
-0.014539 0.16846 0.374669
0.0647978 0.0125921 0.41843
-0.0712961 -0.0239838 0.214689
0.064972 0.0924203 0.183077
0.0620692 0.0851205 0.119615
0.0929175 0.120331 0.433749
0.165971 0.0669539 0.306968
-0.0393211 -0.00469393 0.022275
0.0862936 0.104706 0.110554
0.210592 0.0858802 0.383779
-0.0981997 0.097817 0.399893
-0.0481537 0.0164491 0.0421295
0.283719 0.242833 0.895222
-0.0129975 0.0325197 0.0432446
0.112472 0.123451 0.225716
-0.0505336 0.0327408 0.0852317
-0.0454489 0.0118991 0.042185
-0.0132641 0.0315139 0.0431869
0.156066 0.00987953 0.18554
0.120486 0.0740058 0.127204
0.0917252 0.0932231 0.114602
-0.0364595 0.0132758 0.0445773
-0.0405774 0.0161373 0.0432692
-0.0419395 0.0118076 0.0450428
-0.0383246 0.0155203 0.0445152
0.104253 0.0958902 0.124445
0.109673 0.10021 0.130267
0.078537 0.0779039 0.103232
0.109401 0.116204 0.209194
0.14907 0.0545883 0.199498
0.0387171 0.0959579 0.131003
0.0785863 0.202883 0.491789
-0.0219027 0.165965 0.372098
0.116087 0.103931 0.408514
-0.124306 0.107122 0.428528
-0.0198163 0.184606 0.409765
0.151411 0.0649114 0.280743
-0.0390704 0.0178844 0.0493842
0.00503219 0.0342624 0.041177
0.149207 0.0410224 0.271468
0.0999774 0.0555741 0.142935
0.0617173 0.158768 0.377276
-0.00350963 0.0283633 0.0325415
-0.037669 0.0120602 0.0451673
-0.0391236 0.0170319 0.0445426
-0.0449765 0.0167199 0.0444554
-0.0380268 0.0120717 0.0453382
0.111646 0.174985 0.321018
0.081924 0.190038 0.45374
-0.0400985 0.0164518 0.0436368
0.156144 0.0714836 0.293864
-0.0181824 0.0282851 0.0435369
-0.0432431 0.010838 0.043262
0.00758714 0.0344316 0.0412006
-0.0469635 0.00815058 0.0421046
-0.0414841 0.0108086 0.0452887
0.103442 0.0342283 0.186711
0.0623887 0.110737 0.132778
-0.0487753 -0.00947347 0.064651
-0.0269369 -0.00462623 0.00179336
0.120715 0.188533 0.357661
0.196038 0.0548085 0.389402
0.0758219 0.113429 0.130876
-0.042876 0.0173119 0.07661
0.19728 0.0549985 0.391268
0.0259798 0.0586297 0.171386
0.0791061 0.0956023 0.145491
-0.110449 0.0240062 0.236037
0.131273 0.126937 0.217158
-0.111355 0.0215628 0.241287
-0.114825 0.0229048 0.235936
0.046378 0.161331 0.470808
-0.0464591 0.0033985 0.03847
-0.0367634 0.0166502 0.0474096
0.052555 0.166398 0.413015
0.0847845 0.0960133 0.143699
-0.048306 0.00928563 0.0418689
-0.0481872 0.00916961 0.0414469
-0.0430262 0.0104296 0.0438834
-0.0468487 0.0148455 0.041696
0.0986547 0.0801251 0.239457
-0.0480697 0.00815222 0.0428007
0.00491027 0.175286 0.34863
-0.0405158 0.0112993 0.0436926
-0.0401935 0.0284438 0.0640069
0.190017 0.0670639 0.256173
0.0269591 0.0747018 0.0909693
-0.035912 0.0126082 0.0468529
0.0287202 0.0828833 0.143771
0.145765 0.176078 0.589447
0.0683595 0.0899347 0.126549
-0.111835 0.0128234 0.505449
0.162877 0.068858 0.296773
-0.0467238 0.0093358 0.0433986
-0.12156 0.0494697 0.211298
-0.107737 0.0405769 0.168208
-0.0457778 0.00960082 0.0434391
-0.0458309 0.00982039 0.0440473
-0.035565 0.0105393 0.0405477
-0.0426197 0.0171784 0.0440913
0.11433 0.107319 0.178434
-0.0844611 -0.0333496 0.295365
0.108359 0.0355901 0.193156
-0.118597 0.0220043 0.252954
-0.000961011 0.0326326 0.037401
-0.000954176 0.0289072 0.0352742
0.0276791 0.116409 0.201497
-0.0452536 0.0158802 0.0441234
-0.0141601 0.030793 0.0439619
-0.0423728 0.0130599 0.0449295
-0.0325113 -0.00724618 0.00383017
0.0660671 0.00490533 0.101657
-0.043642 0.0165289 0.0433825
0.0240907 0.0840933 0.151821
0.0870416 0.0635451 0.206228
0.0851214 0.0199362 0.159796
0.0414734 0.0861588 0.135746
0.105187 0.0311853 0.19165
-0.00244476 0.0261187 0.359853
-0.0414318 0.0107139 0.0440105
-0.0424222 0.0114643 0.0438375
-0.0418202 0.0125217 0.0444421
0.174866 0.101975 0.363558
-0.0463856 0.00985663 0.0426164
-0.0454181 0.0090022 0.0432091
0.210313 0.0265246 0.259495
0.0479224 0.0795607 0.120066
0.0635634 0.161044 0.367875
0.115364 0.103694 0.406208
-0.036815 0.0141591 0.0460359
0.0135601 0.0973353 0.150394
-0.0378268 0.00690372 0.0386337
-0.0367632 0.00372975 0.0316031
-0.0405585 0.011362 0.043819
0.0987334 0.0237321 0.181747
0.0547592 0.0874828 0.132505
0.145747 0.0356991 0.418085
0.0461768 0.196448 0.35792
0.148245 0.0790745 0.150039
-0.10859 0.0211025 0.234733
0.0874391 0.0230894 0.164091
0.0196902 0.0846022 0.156209
0.0421278 0.0725015 0.141076
0.0233161 0.0815277 0.146651
-0.107092 0.0234107 0.227448
0.138997 0.107883 0.33596
0.110813 0.0629046 0.158868
0.048693 0.0869376 0.153276
0.055327 0.0896086 0.151222
0.0587758 0.0953044 0.161523
0.0818278 0.0880001 0.209401
0.205421 0.0336078 0.264862
-0.0365832 0.0130126 0.0467668
0.0428183 0.0191216 0.304317
-0.0386726 0.0144373 0.0517634
-0.0450494 0.00934675 0.0434623
-0.16597 0.0918263 0.452687
-0.178697 0.0833538 0.384873
-0.0459089 0.0129733 0.0422866
0.0786149 0.103112 0.140388
-0.0425366 0.0110165 0.0456411
0.115171 0.0649713 0.166284
-0.0421986 0.0152826 0.0437326
-0.101657 0.125791 0.451064
-0.0860161 0.0593615 0.202623
-0.042783 0.0117532 0.0433638
-0.0426085 0.0119002 0.0502829
0.160568 0.0682978 0.292633
0.0929441 0.0452599 0.194493
-0.0444484 0.0141131 0.043239
-0.105038 0.043887 0.123572
-0.0376602 0.0148151 0.0451629
0.170861 0.0938684 0.226219
0.0890533 0.0299401 0.176876
0.088589 0.0582186 0.168881
0.146805 0.0976825 0.156839
0.0451046 0.106073 0.143791
0.114145 -0.00862748 0.192935
-0.127967 0.00632955 0.463665
0.0651967 0.0787201 0.316005
-0.109279 0.0866488 0.35478
0.166505 0.0427472 0.471828
-0.146993 0.100746 0.355245
0.0862313 0.184143 0.37424
-0.162369 0.11156 0.415759
-0.0288052 0.000633345 0.00964553
-0.0321683 -0.00655579 0.00529515
-0.0427273 0.0120356 0.0442882
-0.0311863 0.000872928 0.0206844
-0.0288031 0.000631084 0.00964425
0.0392981 0.11819 0.228042
0.0548752 0.00984503 0.368707
-0.14503 0.0859581 0.37058
-0.201441 0.0705765 0.380836
-0.158377 0.072238 0.315668
0.128442 0.119068 0.195081
-0.11138 0.0200632 0.234387
-0.0170054 0.0288262 0.0435572
0.0241597 0.107629 0.18845
0.0665933 0.104869 0.124633
-0.043807 0.0141054 0.0433223
-0.0423876 -0.00339437 0.0157474
-0.0414915 -0.00299019 0.0145888
0.12767 0.119385 0.442537
0.0565678 0.0171855 0.358141
-0.037565 0.0148579 0.0451477
-0.00738701 0.182975 0.481441
-0.0563831 0.0652923 0.449843
-0.111233 0.100278 0.376957
0.0548253 0.0929149 0.151536
-0.139951 0.0355344 0.331567
0.0749397 0.0283991 0.349945
-0.0634043 0.0450652 0.18941
-0.216806 0.0840526 0.401599
-0.149026 0.0496076 0.250649
-0.0854011 0.0105843 0.391073
-0.119832 0.104976 0.381252
-0.154944 0.0906197 0.424409
-0.042894 0.0161628 0.0425924
-0.113592 0.0701618 0.240935
-0.158858 0.110662 0.408986
-0.139201 0.104133 0.440358
-0.132406 0.0977345 0.41141
-0.051176 0.054447 0.499435
-0.0742686 0.088512 0.213111
0.189955 0.0952337 0.247786
-0.0560664 0.00513123 0.0393012
-0.0867994 -0.0172489 0.276127
-0.0551066 0.00478603 0.0393323
-0.055123 0.00475554 0.0392322
-0.0547256 0.00647266 0.0390204
-0.1049 0.0639738 0.203642
-0.0364909 0.0155973 0.0487718
-0.102389 0.0612392 0.196831
-0.101547 0.0604051 0.194105
-0.0382572 0.0194983 0.0445248
0.0264047 0.0842677 0.150052
0.26128 0.0887343 0.329539
-0.0589323 0.0227797 0.479339
0.00600754 0.0797503 0.125843
0.152202 0.203275 0.729814
0.0495987 0.0874051 0.153885
-0.0743301 -0.0517362 0.267395
0.0820839 0.137764 0.256816
0.0794761 0.0912444 0.120478
0.137973 0.0358522 0.219013
0.0811828 0.0882071 0.130615
0.10069 0.039699 0.188112
0.101869 0.0612509 0.173329
0.06946 0.113748 0.189461
0.0201644 0.120151 0.410369
0.14684 -0.00743404 0.242618
0.215312 0.0821512 0.305445
0.134331 0.0331211 0.386314
0.159885 0.0999742 0.375412
0.134581 0.138823 0.245994
0.105054 0.0703815 0.267556
0.250444 0.0842897 0.319521
0.0821159 0.098025 0.130169
-0.0298662 0.00402431 0.0237377
0.0608852 0.0151743 0.321337
0.0415066 0.0986818 0.300292
-0.0389704 -0.00554358 0.00695923
-0.0585303 0.0411896 0.336059
-0.0507131 0.0419676 0.307145
-0.126308 0.110368 0.4398
0.0819091 0.0950937 0.142691
-0.0513573 0.00837266 0.0413312
-0.0599722 -0.0332466 0.176114
0.0583029 0.0804106 0.126838
-0.105401 -0.0549852 0.226214
-0.049273 0.0117038 0.0373093
-0.0315219 -0.00581868 0.00688104
-0.0476898 0.0156783 0.0424927
-0.051899 0.0117371 0.0406276
-0.0403544 -0.000685677 0.023369
-0.0392318 0.0149737 0.0450342
0.0890275 0.0540733 0.149988
-0.108014 0.0348948 0.269642
-0.0456859 0.0143085 0.0435996
0.10297 0.0335318 0.175325
-0.0444056 0.0141342 0.0437177
0.0886428 0.0422735 0.193786
-0.075582 -0.0179426 0.217183
0.116824 0.0420008 0.196845
0.164023 0.151387 0.260068
0.024376 0.0627196 0.102645
-0.0462811 0.0126849 0.0416956
-0.0560496 0.00973412 0.0367243
0.0425586 0.0132704 0.302132
0.21439 0.0774218 0.272644
-0.0106615 0.0324662 0.0446047
-0.0111205 0.0318636 0.0437659
-0.040343 0.0179776 0.0444778
0.0974752 0.0566437 0.152135
-0.0523503 0.00974017 0.0416154
0.112858 0.0587229 0.16778
-0.0577771 -0.0205846 0.117844
0.0273791 0.0681991 0.131222
0.114595 0.0140562 0.155986
-0.0397333 -0.00852204 0.0267174
0.0927517 0.0205663 0.169824
0.0932537 0.0290226 0.183639
-0.0666121 -0.0161282 0.16909
-0.0364863 -0.0103664 0.0121392
0.0955944 0.0154307 0.142359
-0.0518353 -0.0175271 0.101261
0.0117462 0.0792239 0.142736
0.0480483 0.0918913 0.147544
0.0481649 0.0920865 0.147703
0.0637476 0.13103 0.435168
-0.0148712 0.013315 0.0406814
0.0737502 0.0956316 0.133695
0.0615324 0.116583 0.138599
-0.0366868 0.0168516 0.0463996
-0.0148897 0.0133036 0.0406465
-0.0488903 0.0088046 0.0424812
0.126428 0.0423184 0.206093
0.0106279 0.0832454 0.436054
-0.118235 0.0247676 0.247851
-0.12794 0.05389 0.203608
-0.1314 0.0593411 0.23218
-0.0426096 0.0186253 0.0459333
0.077693 0.102049 0.367773
0.111213 0.0253634 0.194421
-0.0460172 0.0109217 0.0435646
-0.0394842 0.014582 0.0447265
-0.0377626 0.0172966 0.0431944
-0.0465258 0.0102525 0.0423544
-0.0392647 0.0144516 0.0459005
-0.0452662 0.0157607 0.0449429
-0.0436944 0.0119672 0.043007
-0.0440651 0.0154925 0.0440162
0.0333805 0.0856629 0.14721
-0.0479248 0.0141907 0.0412811
-0.0434015 0.0159533 0.0433974
-0.035255 -0.0063281 0.0131365
-0.0133767 0.0320629 0.0427878
0.0559723 0.0647674 0.162259
-0.0369899 0.0151025 0.0459678
0.0403793 0.101615 0.138139
0.256485 0.109163 0.371056
-0.116883 -0.028679 0.234944
0.0524175 0.0139868 0.106488
-0.0891658 0.0419118 0.176207
-0.119706 0.0148305 0.372328
-0.0418561 0.0169159 0.0444116
-0.00229581 0.00292368 0.0327197
-0.0307048 0.00390134 0.0297297
0.097765 0.0526299 0.154055
-0.012971 0.0314795 0.0417598
-0.0279572 0.0012446 0.00637809
-0.125196 -0.0676564 0.285219
-0.0368271 0.0151815 0.045821
-0.0381481 0.01639 0.0466544
0.0606879 0.0274171 0.106299
-0.0378781 0.0168108 0.0455625
0.110956 0.0629042 0.170681
0.104058 0.0443816 0.15712
-0.0434944 0.0135914 0.0430615
-0.0772085 -0.00594812 0.217777
0.31925 0.107547 0.394631
-0.0507664 0.0119666 0.0426651
-0.154129 0.0932189 0.408811
-0.200661 0.0707358 0.382708
-0.180498 0.0870072 0.371679
-0.0388957 0.0137191 0.0498952
0.0052062 0.032236 0.0525129
0.0503087 0.0851187 0.152585
-0.0357778 0.0141431 0.0472431
-0.0549448 0.00583436 0.0388102
-0.0415318 0.0109387 0.0456521
-0.0544307 0.00506477 0.039371
-0.0399236 0.0149743 0.0457798
0.0577272 0.0944288 0.153553
-0.053441 0.00544522 0.0398035
-0.0947023 0.0810075 0.455455
0.0363826 0.0391722 0.431542
-0.0455286 0.01111 0.0436207
-0.0465104 0.0101193 0.0429828
-0.0399967 0.0169031 0.0417954
0.073859 0.102049 0.164176
0.0760315 0.103556 0.166186
-0.0433936 0.00948038 0.0431456
-0.0425744 0.0171366 0.0439425
0.0286313 0.0985719 0.189805
-0.0437244 0.010624 0.043201
-0.0448491 0.0119354 0.0439145
-0.0412237 0.0123847 0.0438257
-0.118491 0.0244329 0.248698
-0.0880533 0.00669434 0.344533
0.185407 0.08234 0.352811
-0.0450832 0.012686 0.0437688
-0.00209389 0.0264478 0.0337641
-0.0383462 0.0151934 0.0449991
-0.050882 0.00972331 0.0402509
-0.0160646 0.030297 0.044418
-0.0493625 0.0109299 0.0536251
-0.116226 0.0170248 0.353483
-0.0423896 0.0154027 0.0439723
0.0783543 0.0581928 0.16315
-0.0109004 0.0320993 0.0441708
-0.0415787 0.0159464 0.0446172
-0.0773134 -0.0192625 0.231362
0.127162 0.0176169 0.172419
-0.040749 0.0137801 0.0435548
-0.131596 0.035557 0.400949
-0.182165 0.131168 0.479239
-0.0999282 0.102885 0.414047
-0.1631 0.0480146 0.406674
-0.0317287 0.000765182 0.0468805
-0.19748 0.0980215 0.404917
-0.0297026 0.024645 0.0440904
-0.0329839 0.00703465 0.0392781
-0.065179 0.0188291 0.10439
-0.04246 0.0131499 0.0434983
0.0642369 0.100684 0.153954
-0.112437 0.0210724 0.239152
-0.00549804 0.0349447 0.232996
0.106363 0.0265237 0.190703
0.0861719 0.053541 0.150548
0.15347 0.0555658 0.20569
0.100013 0.0585296 0.157704
0.0766996 0.0543142 0.162881
-0.0368065 0.00245935 0.0809369
-0.0417392 0.0175484 0.0432467
0.0257747 0.0563506 0.108613
-0.0494025 0.00776199 0.0435893
-0.0561705 0.006218 0.0392695
-0.0843129 0.000383872 0.232311
-0.0408287 0.0117837 0.0438012
0.0823807 0.0551102 0.16502
-0.0424922 0.0134084 0.0438282
-0.0471993 0.0137421 0.0427459
-0.0389483 0.0174162 0.0450813
-0.0363224 0.0159753 0.0466096
-0.046178 0.00989703 0.0438208
-0.0317659 -0.00624364 0.0103992
-0.0434377 0.0131409 0.0438441
-0.0321604 -0.00659044 0.00583526
-0.0968392 0.0191248 0.553818
-0.0938069 0.0772168 0.471972
-0.0837681 0.0102422 0.203199
0.0897458 0.00735979 0.123718
-0.0501562 0.0108536 0.0420178
0.00367843 0.0326278 0.0384289
-0.0427426 0.00549449 0.0349003
-0.0928866 0.0140216 0.182047
-0.104964 0.0166783 0.21211
-0.050508 0.0204095 0.0554917
0.138478 0.0510595 0.194482
0.00112663 0.00203413 0.0696149
-0.0429581 0.016 0.0442176
-0.0559949 0.00989013 0.0380096
-0.098001 0.0205204 0.277038
0.0482455 0.0734438 0.428174
-0.129817 0.0858611 0.289039
-0.0340997 0.0092183 0.100573
-0.0349645 -0.00749483 0.0101234
-0.0706935 0.0925233 0.296463
0.0852787 0.0216992 0.49076
-0.0224105 -0.00308133 0.00678724
0.0697288 0.10974 0.131182
0.169644 0.0443364 0.260854
0.250687 0.093273 0.335477
0.135825 0.134514 0.196147
0.0583872 0.116818 0.136469
-0.0405892 0.0158251 0.0437721
-0.044645 0.0102886 0.0414238
-0.0466847 0.0135057 0.04317
-0.0472928 0.0139591 0.043072
-0.0259858 0.00186243 0.0469114
-0.0230801 0.0182664 0.0319617
-0.0533537 0.0076318 0.0415897
-0.0503164 0.0102355 0.0389174
-0.0425609 0.0163676 0.043496
-0.0428354 0.0164395 0.04401
-0.0437868 0.0104263 0.0443096
-0.00016117 0.0305328 0.0337206
-0.069607 0.0838212 0.281529
0.12475 -0.00764381 0.212349
0.0287296 0.115024 0.200814
-0.0450129 0.00984724 0.0436798
0.0394948 0.0259178 0.427075
-0.0407775 0.0189214 0.0453718
0.00873746 0.0874925 0.262043
-0.163238 0.0664696 0.336077
-0.0795945 0.11772 0.395833
-0.0117153 0.137265 0.295827
-0.0444472 0.0123706 0.0460968
-0.0218932 0.0525689 0.123961
-0.112423 0.0284619 0.328255
-0.156829 0.0403809 0.390771
-0.120421 0.103956 0.426501
-0.0422742 0.0149289 0.0446694
-0.0419795 0.0155281 0.0440177
-0.0389155 0.0153676 0.0440839
-0.0415866 0.0108736 0.0452792
0.0475122 0.0780467 0.134787
0.049199 0.104101 0.125481
-0.0431477 0.0151317 0.0439563
-0.0122014 0.0313297 0.0433598
0.0607072 0.00574814 0.0983736
-0.0445904 0.010823 0.0434666
-0.0833521 -0.0221487 0.268655
0.00438035 0.0472599 0.308995
0.10451 0.0488562 0.220349
-0.0389494 0.0068016 0.0432288
-0.044959 0.0156492 0.0434968
0.00115926 0.0309079 0.0969122
0.151721 0.138652 0.342966
-0.0471228 0.0136713 0.0424914
0.0983717 0.0559361 0.153213
0.0012784 0.0294151 0.034265
-0.0449433 0.0124817 0.043451
0.139492 0.0616989 0.270426
0.0908837 0.111632 0.172182
-0.166533 0.0767707 0.353305
