0.410825 -0.319807 1.44166
0.273186 -0.350496 1.5946
0.437297 0.0173069 1.283
0.097008 0.113541 0.523036
-0.153451 0.0972588 0.620904
-0.0707436 0.130526 0.534266
0.47033 0.0210394 1.21126
-0.0606859 0.148181 0.531726
-0.0731789 0.142748 0.512151
-0.227178 0.118067 0.394313
-0.439376 0.336287 0.722272
-0.407142 0.309025 0.621407
0.0696227 0.0893722 0.489811
-0.182024 0.0726554 0.346972
-0.000505458 0.217253 0.403977
0.00243171 0.0865122 0.644015
0.517783 0.0224746 1.19209
-0.149945 -0.0216739 0.588427
0.476925 -0.171438 1.33346
0.441528 -0.136602 1.29323
0.462961 -0.0414183 1.24456
-0.113073 -0.0710665 0.612896
-0.110579 0.0933364 0.285185
0.483831 -0.0408105 1.2946
0.550337 -0.14724 1.38851
0.29907 -0.47358 1.58862
-0.104292 0.0804543 0.565989
-0.0496566 0.106134 0.558191
0.511066 -0.151818 1.23349
-0.0619293 0.00655191 0.586577
0.34537 -0.288416 1.51366
0.486664 -0.072647 1.28201
-0.0668994 0.0147455 0.589089
0.439906 -0.281378 1.38013
0.560133 -0.296528 1.20455
0.066227 0.159244 0.497723
0.510086 -0.143835 1.30446
0.592542 -0.100958 1.13669
0.318535 -0.0109216 1.47248
-0.120528 0.0637771 0.546147
-0.0604054 0.147956 0.529278
-0.105443 -0.0702442 0.609855
0.399443 -0.166375 1.39032
0.548736 -0.0966342 1.20784
0.473744 -0.124775 1.31675
0.406951 -0.229404 1.41795
0.24759 -0.479289 1.68062
0.315573 -0.00975004 1.46649
-0.321817 0.217926 0.511284
-0.148767 0.144437 0.313965
-0.362033 0.121852 0.582055
-0.137862 0.074174 0.436912
0.374552 0.0148005 0.964468
0.0288067 -0.111184 0.829324
-0.0247727 0.101266 0.634302
0.00799692 0.0771232 0.691411
0.00549089 0.0309967 0.593873
-0.132302 0.249449 1.00722
-0.138768 0.125569 0.19667
-0.103315 0.0957791 0.440259
0.586954 -0.138949 1.12632
-0.161644 0.129728 0.267936
-0.144859 -0.10686 0.626635
-0.0636162 0.0950748 0.561449
0.716324 -0.452387 1.13368
-0.096546 0.110919 0.410115
-0.122259 0.164431 0.494786
0.114498 0.159116 0.465046
0.0782317 0.122047 0.451488
-0.0690768 0.160045 0.403352
-0.0193449 0.0871368 0.182693
-0.117484 0.191603 0.67619
0.0259232 0.118924 0.541179
-0.0475569 0.104064 0.588199
0.0984103 0.196553 1.06151
-0.127906 0.244945 0.983414
-0.178342 0.300467 1.00783
-0.0773585 0.0642657 0.538528
0.0998351 0.115335 0.529858
0.0889241 -0.632498 1.97299
-0.0694371 0.0156216 0.569166
0.315215 -0.459512 1.60705
0.455622 -0.331669 1.37528
0.408564 -0.231999 1.42494
0.243249 0.130691 0.478136
-0.0570786 0.137308 0.533007
-0.0715846 0.0723956 0.545468
0.270961 -0.389525 1.62195
-0.0523654 0.104567 0.542412
-0.506495 -1.18284 3.42001
0.46364 -0.0932244 1.30531
0.175674 -0.638614 1.97628
0.46611 -0.0917728 1.30798
0.514296 -0.0656979 1.21399
-0.146141 0.0214314 0.612833
-0.0664427 0.0948439 0.560527
-0.138493 -0.0974109 0.628892
-0.0470086 0.150899 0.559785
-0.0268223 0.0773073 0.572186
-0.146478 0.0148969 0.606941
0.30623 -0.460948 1.66852
0.473332 -0.0415435 1.26959
0.277262 -0.455306 1.55321
0.423583 -0.116356 1.35945
-0.131135 0.14409 0.564625
0.208352 -0.367475 1.49592
0.546115 -0.0930694 1.20135
-0.0436381 0.105882 0.56096
-0.0940973 0.0149989 0.614887
-0.0343601 0.170061 0.57782
0.562257 -0.471084 1.33367
-0.115364 -0.0422823 0.534394
-0.123071 0.0727365 0.587181
-0.0935803 0.015558 0.613425
-0.0674601 0.094725 0.526303
0.268664 -0.382148 1.60769
-0.0933772 0.0157578 0.613727
-0.0838156 0.0814438 0.167571
0.35239 -0.522619 1.54291
0.36815 0.0417574 0.944264
-0.147305 -0.00571154 0.615621
0.257568 0.120687 1.49519
-0.00175352 0.0190095 0.609667
0.346905 0.123528 0.591879
0.465403 -0.126139 1.17041
-0.00678144 0.0496518 0.591322
-0.140871 -0.0935882 0.644999
-0.0530686 -0.0764406 0.582551
-0.0969354 0.0127658 0.551375
0.494162 -0.139187 1.28636
-0.0676054 -0.0196958 0.618446
-0.0681918 0.0190932 0.568068
-0.010099 0.160048 0.545889
0.583871 -0.352903 1.14205
-0.145339 -0.0717176 0.558083
0.649389 -0.285807 1.09659
0.457124 -0.344655 1.31851
-0.801619 -0.370974 1.40179
0.626477 -0.107342 1.08307
0.484587 -0.0649364 1.26331
-0.148153 0.134552 0.279563
-0.122274 0.123112 0.313929
-0.161142 0.105276 0.335208
-0.175171 0.13501 0.346521
-0.172117 0.0754911 0.404494
0.641168 -0.319575 1.06988
-0.264139 -0.269383 0.874839
0.551608 -0.213237 1.21725
0.577155 -0.313414 1.17286
-0.16787 0.154365 0.688624
0.580007 -0.314295 1.17432
-0.216167 -0.0097188 1.10793
0.466362 -0.123971 1.30799
0.38051 -0.334542 1.23909
0.422499 -0.242533 1.40442
0.618095 -0.311057 1.13031
0.453785 -0.119875 1.29837
0.638346 -0.188655 1.03868
0.505012 -0.35825 1.35117
0.649092 -0.324388 1.07645
0.146889 0.151343 0.476634
-0.119317 0.139577 0.304411
-0.28418 0.347339 1.25334
0.623274 -0.0327413 1.57662
0.60998 -0.17961 0.995515
0.604182 -0.142393 1.1527
0.0227973 0.0451647 0.711859
-0.1243 -0.104757 0.633327
0.65172 -0.358334 1.13332
0.52536 -0.377783 1.26317
0.614552 -0.310502 1.15469
0.438712 -0.296993 1.39754
0.479308 -0.369804 1.32319
-0.106135 0.00501674 0.566149
0.576714 -0.168576 1.13653
0.434015 -0.299792 1.37482
-0.0441943 0.128201 0.558854
0.464579 -0.255422 1.3683
0.351483 -0.0661076 1.40207
-0.0189006 0.13173 0.544075
-0.122687 -0.0371125 0.463013
0.674596 -0.160001 1.10355
0.46414 -0.408204 1.44829
0.628721 -0.232425 1.12679
-0.120385 0.064838 0.305037
-0.10606 0.00704047 0.543267
-0.126752 0.0538735 0.352881
-0.051117 -0.0117391 0.421788
-0.125787 0.259167 1.02268
-0.1559 -0.0292539 0.624864
-0.0648898 0.147832 0.405881
0.476827 -0.173246 1.33522
-0.281225 -0.252799 1.02354
-0.141962 0.132175 0.643694
0.469127 -0.306701 1.47859
0.446468 -0.225477 1.33926
-0.816329 -0.333159 1.67087
0.521001 -0.514551 1.39024
0.0228191 0.06547 0.680613
-0.0549435 0.0676984 0.483733
0.102514 -0.337554 1.92692
0.53131 -0.382752 1.16236
0.507844 -0.36844 1.25931
0.129773 -0.55306 1.91586
0.097599 -0.526313 1.96633
0.361084 -0.431899 1.54626
0.272481 -0.500495 1.66965
0.175184 -0.660016 2.05729
0.242524 -0.59155 1.78497
-0.161034 0.0918414 0.663603
0.0245708 0.0521427 0.693831
-0.0960226 0.0105717 0.55266
0.0508908 0.131113 0.668854
0.286293 -0.460292 1.55548
0.0848816 0.0996218 0.353844
-0.0744962 0.048267 0.395082
-0.226872 0.254613 0.795028
0.281371 0.0393644 0.891258
0.417743 0.0181627 1.17635
-0.0665233 0.097526 0.51227
0.358359 0.136572 0.594818
0.193303 0.0727382 0.696255
0.0917152 0.150883 2.13723
-0.0868471 0.114261 0.43232
0.350819 0.136657 0.586389
0.122769 0.128456 0.497481
0.147308 0.0200446 0.643164
0.0472572 0.0604218 0.278507
0.610913 -0.29263 1.15582
-0.724051 -0.440731 1.97492
-0.0468012 0.151859 0.574098
0.0633277 0.0493664 0.786909
-0.238552 0.194945 0.808672
-0.0473348 0.037265 0.601721
0.460253 -0.342802 1.36435
0.089516 0.112155 0.514867
0.426414 -0.143881 1.32029
0.254649 0.00266896 0.577405
-0.163986 0.142105 0.710367
0.193166 0.0158878 0.868161
0.359204 -0.0302506 0.721202
0.380821 -0.202378 1.4433
-1.01024 -0.401361 2.11565
0.909944 -0.646872 1.32204
0.00397457 0.0195079 0.626725
0.00204145 -0.329529 3.78274
-0.0264729 -0.0577684 0.558496
-0.0815203 0.127503 0.228364
-0.160994 0.15314 0.677467
-0.12766 0.0554784 0.279155
-0.0561769 0.0171506 0.505465
-0.139686 0.123405 0.362173
-0.0760931 0.108314 0.355397
0.43667 -0.352318 1.41145
-0.175491 0.0321709 0.515804
0.568752 -0.188934 1.17928
-0.202826 0.116263 0.38923
-0.18191 0.0777626 0.423937
-0.0669092 0.0684813 0.583436
0.341902 -0.302452 1.56455
-0.250127 0.14762 0.442142
-0.0263327 0.170653 0.283399
-0.126113 0.131842 0.27838
0.0428162 0.203868 0.490147
-0.198663 0.106606 0.371228
-0.16221 0.13018 0.348435
-0.281175 0.140341 0.430871
-0.341233 0.22962 0.581358
-0.247526 0.149625 0.427053
-0.338297 0.136052 0.505486
-0.124919 0.0798538 0.414114
-0.156079 0.149917 0.375938
-0.164145 0.130702 0.359704
-0.539112 0.354235 0.694269
-0.66505 0.521971 0.931664
-0.428587 0.341713 0.637524
-0.166846 0.149789 0.380202
-0.441257 0.362695 0.684989
-0.193503 0.150782 0.416047
-0.367908 0.241656 0.614937
-0.178256 0.179938 0.431525
-0.153668 0.149941 0.384028
-0.186903 0.0801374 0.416624
-0.320611 0.111256 0.540106
-0.194784 0.103939 0.362868
-0.22814 0.134726 0.394136
-0.176764 0.082184 0.395456
0.00780157 0.179039 0.353787
-0.197863 0.099782 0.375237
0.0207189 0.151272 0.329887
-0.00883464 0.179998 0.401762
-0.192469 0.123625 0.35089
-0.290396 0.114566 0.474132
-0.204124 0.112233 0.358661
-0.166442 0.169441 0.360746
-0.349845 0.124605 0.554716
0.0144951 0.185493 0.450279
-0.221854 0.139405 0.418688
-0.184392 0.18691 0.477548
-0.232145 0.104278 0.424984
-0.102307 0.168423 0.384057
-0.130574 0.134442 0.375936
-0.176393 0.0754989 0.415376
-0.0917769 0.0526426 0.554937
-0.0349491 -0.0176048 0.600343
-0.110742 0.186782 0.648696
0.0576138 0.157051 0.480973
-0.10799 0.00508651 0.569279
-0.397194 0.0274895 1.0987
-0.122946 0.0734517 0.582595
-0.103741 0.112443 0.536328
-0.526829 -0.128335 2.0954
-0.130491 0.112359 0.585798
-0.25847 -0.161714 1.1715
-0.129432 -0.00769859 0.590226
-0.167817 0.0197297 0.637368
-0.0817003 0.037534 0.503082
0.0822787 -0.117256 0.808744
-0.181619 0.0294133 0.556673
-0.128755 0.147559 0.584255
0.661416 -0.201175 1.06598
0.137425 0.114383 0.926981
0.0375997 0.0704669 0.620067
0.31248 0.0337509 0.951631
-0.0429873 0.0189303 0.54269
0.0725842 -0.0856958 1.1812
0.469222 0.0234734 1.11632
0.452372 0.0268064 1.0853
-0.0854404 0.191257 0.667131
-0.322136 0.108631 0.525839
-0.151588 0.142474 0.384694
-0.137917 0.0746377 0.354184
-0.229625 0.0966012 0.464615
-0.295735 0.346947 0.502472
-0.331458 0.212778 0.552394
-0.168237 0.133612 0.372744
-0.16904 0.133465 0.377989
-0.481351 0.232842 0.703282
-0.150023 0.0739079 0.367111
-0.225699 0.136156 0.441219
-0.200191 0.152614 0.267221
-0.316968 0.267849 0.378097
-0.17877 0.231805 0.629028
-0.0512866 0.154766 0.618596
-0.121887 0.207441 0.66045
-0.0654326 0.0312299 0.482092
0.297607 -0.396326 1.6982
-0.0503444 0.1777 0.550915
-0.04216 0.0900971 0.562731
0.0362667 -0.0775632 0.658846
-0.113004 0.00726153 0.585315
-0.0377409 0.156809 0.762281
-0.0892346 0.132343 0.545669
0.33854 -0.409224 1.74291
0.0836557 0.160712 0.444703
-0.0886056 0.0221136 0.564566
-0.0472732 0.145607 0.550377
0.303804 -0.472655 1.58501
0.675122 -0.286248 1.15151
0.306054 -0.267078 1.42975
-0.0408213 0.0231924 0.610026
0.552973 -0.165523 1.20595
0.507582 -0.40848 1.28302
-0.104112 0.0124561 0.589567
0.491165 -0.193982 1.33091
0.608568 -0.706857 1.75504
-0.183458 0.0940451 0.383649
-0.137945 0.0743242 0.375945
0.18913 0.1366 1.18939
-0.12037 0.0939301 0.32951
-0.188169 0.0791519 0.426265
-0.222725 0.106311 0.397761
-0.148726 0.0828622 0.408472
-0.421728 0.351202 0.634365
-0.199514 0.127269 0.379556
-0.186672 0.167059 0.418043
-0.137053 -0.0942022 0.606235
0.243155 -0.672356 1.70356
0.51271 -0.46 1.34488
0.528698 -0.476576 1.37517
-0.0712969 0.0459263 0.561961
0.837681 -0.41775 1.24899
-0.0751281 0.0222236 0.591582
0.116598 0.159804 0.47142
-0.320925 0.260344 0.828667
-0.347628 0.221538 0.992644
-0.110619 0.13229 0.313369
0.0783793 -0.0221153 0.924965
-0.355723 0.298083 0.436152
-0.101812 0.113418 0.0794438
-0.223944 0.157777 0.454332
-0.141864 0.122697 0.366531
0.255001 -0.486173 1.71809
-0.0299358 0.0156393 0.455482
0.44565 0.0140235 1.17282
0.171932 0.180513 0.607181
-0.166174 0.229883 1.05842
0.489538 -0.169725 1.17399
0.222537 -0.275222 1.6545
0.228397 -0.00629545 1.68565
0.39932 -0.216899 1.47618
-0.21554 0.0646436 0.429779
-0.397285 0.513449 0.938205
-0.283828 0.277595 0.667461
-0.255673 0.0971331 0.364091
-0.372484 0.151216 0.58882
-0.422873 0.34887 0.64739
-0.130627 0.121473 0.337912
0.31737 -0.338479 2.23687
-0.237503 -0.713817 2.68341
-0.14366 0.147183 0.334397
0.491184 -0.13593 1.31565
0.423105 -0.127082 1.3388
-0.227962 0.11173 0.374737
-0.219617 0.0485295 0.41037
0.192608 -0.0398114 1.71544
0.191511 -0.603153 1.76315
0.379773 -0.44401 1.55908
0.58601 -0.0216175 1.58677
0.407227 -0.123114 1.3727
-0.165474 0.15077 0.523031
0.158825 0.179408 0.723057
-0.183887 0.139932 0.38638
-0.146319 0.132065 0.213912
-0.135303 0.122294 0.191947
0.212783 -0.0694502 1.67541
0.560689 -0.190051 1.18726
0.531236 -0.272464 1.17939
0.235717 -0.278836 1.70719
0.234767 -0.271848 1.63978
0.0512275 -0.50069 2.06918
0.344207 -0.28396 1.49836
0.281877 0.122509 1.58826
0.306985 0.129055 0.517681
0.452302 -0.451452 1.46907
-0.148327 0.0916643 0.579909
-0.121114 0.0680504 0.585609
-0.0803971 -0.102006 0.610231
0.256525 -0.283909 1.56844
0.304804 0.128345 0.514571
-0.0719145 0.0488764 0.584318
-0.123693 0.0706057 0.613307
-0.0444532 0.148044 0.656076
-0.125896 0.139253 0.652548
0.235628 0.0918747 0.580837
0.47786 -0.15351 1.27293
0.488829 -0.287189 1.35809
-0.105464 0.0303862 0.570955
0.60768 -0.291476 1.15349
-0.0910226 -0.0334215 0.599086
-1.32273 -0.648704 2.72363
-0.167569 0.148156 0.337509
-0.779579 -0.374431 2.24579
0.276412 0.102134 0.602567
-0.0235689 0.192949 0.718167
-0.101704 0.191694 0.579946
0.206187 0.088419 0.503135
0.050784 0.147882 0.537827
-0.119963 0.0437768 0.501291
-0.128896 0.00923936 0.340797
-0.124985 0.0127361 0.339494
-0.124058 0.0161422 0.330547
-0.0682571 0.0693209 0.573005
0.121337 0.0843464 0.787415
0.465704 -0.146004 1.83789
0.336124 -0.51891 1.54795
-0.151559 0.0955454 0.596608
0.424659 -0.132208 1.42434
-0.165432 0.0574915 0.629739
-0.165057 0.162963 0.730793
-0.0646302 0.00852563 0.616597
0.374549 -0.449218 1.55333
-0.302116 0.278965 0.90535
0.435474 -0.354698 1.41064
0.135 0.15395 0.475377
-0.110388 0.102686 0.497521
-0.120331 0.102286 0.577694
-0.278826 0.236403 1.66857
-0.0283245 -0.0540672 0.574885
-0.177851 0.00284444 0.610847
-0.0652353 0.0254109 0.495108
-0.0429453 0.0916553 0.537285
0.483362 -0.280445 1.35892
0.559994 -0.122786 1.12489
0.272273 -0.441247 1.51882
0.18552 0.11587 1.22383
0.427023 -0.206068 1.34645
0.403736 -0.192173 1.43968
-0.067164 -0.113154 0.618288
0.0936412 -0.122682 0.7009
0.460164 -0.0910168 1.29841
0.602807 -0.221277 1.13463
0.544171 -0.085456 1.18627
0.586787 -0.170692 1.1431
0.610552 -0.355239 1.15227
0.494094 -0.482708 1.32783
-0.0709571 -0.0104374 0.582322
0.597133 -0.177169 1.17961
-0.130122 -0.0890992 0.595266
-0.0752585 -0.0937145 0.574845
0.0145853 0.0740289 0.630377
0.242709 -0.40542 1.65334
0.0615401 0.12833 0.70564
0.289331 -0.151353 1.35956
-0.148406 -0.0270645 0.608733
-0.107313 0.00587372 0.560767
0.349792 -0.330726 1.57927
-0.113314 0.0214671 0.556979
0.300131 -0.452288 1.6378
0.339565 -0.39222 1.55224
-0.136166 -0.0655464 0.600417
0.547836 -0.166375 1.19922
0.291827 0.124245 1.63864
0.431856 -0.436716 1.42163
-0.060599 0.153292 0.550643
0.485688 -0.281389 1.20463
-0.052142 0.0136825 0.57881
0.495089 0.0186876 1.16258
0.0851161 0.157562 0.490564
0.23592 0.0959159 0.570232
-0.0513543 0.0140827 0.58414
0.464251 -0.399691 1.36744
0.463516 -0.255231 1.36909
0.432367 -0.34905 1.39935
-0.115273 0.0268277 0.556019
-0.14157 0.0856162 0.601752
0.44787 -0.226484 1.34541
0.34012 -0.392754 1.55553
-0.0892821 -0.0414567 0.457531
0.585315 -0.138083 1.1938
-0.113389 -0.0339933 0.510623
0.569934 -0.213581 1.36538
-0.0514004 -0.00184196 0.586703
-0.160654 0.159378 0.290357
0.292719 -0.154455 1.48915
-0.0983352 -0.00425675 0.586655
0.00035467 -0.0275896 0.645175
0.000307625 -0.421873 1.93836
0.134347 -0.371436 1.88559
-0.119414 -0.689153 2.56324
0.283739 -0.386173 1.70486
0.311155 -0.441223 1.61573
0.150309 -0.565752 1.76313
0.507996 -0.179448 1.25163
0.16291 -0.254008 1.82163
0.242119 0.0235068 1.66624
0.411357 -0.128507 1.39503
0.114734 -0.677222 1.95873
-0.128527 0.115475 0.374727
-0.139928 0.124886 0.35943
0.291847 -0.358777 1.58072
-0.131544 0.12155 0.363574
-0.139967 0.124536 0.364438
-0.0267141 0.155916 0.543696
0.000822749 0.15761 0.637809
0.00385636 0.165775 0.391491
-0.0920079 0.147175 0.473892
-0.0772594 0.160298 0.422632
-0.187443 0.129852 0.38888
0.0456336 0.149973 0.408823
0.109174 0.112802 0.826635
-0.0033766 0.159809 0.35595
-0.178332 0.130878 0.351555
-0.183486 0.145164 0.389783
-0.182316 0.112622 0.402742
-0.352713 0.322468 0.713932
-0.266516 0.148375 0.471941
0.27688 -0.255567 1.60459
-0.384588 0.175176 0.536978
-0.0919557 0.16904 0.383831
-0.358757 0.138586 0.579444
-0.248299 0.302375 0.460102
-0.481296 0.451898 0.774809
-0.262837 0.142077 0.464127
-0.101156 0.029967 0.553325
-0.104675 0.111658 0.533817
-0.0257779 0.0291504 0.60334
-0.0652584 0.0941083 0.55177
-0.0802962 0.046892 0.588307
-0.026279 0.0771893 0.565414
-0.0559511 0.0774948 0.552818
-0.117993 0.00642835 0.553092
-0.0882351 0.110748 0.528993
-0.0412023 0.0901448 0.554997
-0.114648 -0.0155963 0.57776
-0.127982 0.0499553 0.555647
0.0228278 0.14086 0.700744
-0.157334 0.0855097 0.654917
-0.118775 0.0111494 0.570672
-0.0882024 -0.0784614 0.546123
-0.0878045 0.0227636 0.565331
0.314003 0.134653 0.522224
-0.135562 0.0850893 0.692433
0.0734843 0.0961172 0.617075
0.00371091 0.0892638 0.636387
0.464755 -0.263218 1.6527
-0.0629243 0.100613 0.559993
0.499346 -0.358031 1.44551
0.452009 -0.147633 1.34465
-0.0547583 0.130298 0.529193
0.407669 -0.120622 1.37022
-0.128964 0.111627 0.579671
0.375999 -0.359039 1.46316
-0.0685061 0.0723547 0.566347
0.463148 -0.0841776 1.29094
-0.109504 0.00632382 0.585627
0.482568 -0.279135 1.36848
-0.0976275 -0.00497196 0.588768
0.294484 -0.0778858 1.51801
0.550339 -0.252075 1.45405
-0.052149 0.106711 0.554834
-0.154815 0.0934338 0.624978
0.0248634 -0.0998148 0.828971
0.0275675 -0.151729 0.805597
-0.0691558 0.0715318 0.557266
0.0036235 0.0849618 0.658285
0.0416157 -0.103713 0.807364
-0.0571348 0.139013 0.537396
0.284912 0.110842 1.60954
0.546281 -0.0925905 1.19821
-0.0744395 0.0562671 0.598797
0.481261 -0.351975 1.4355
-0.0467425 0.146165 0.546242
0.259517 0.133357 0.482381
0.474988 -0.267571 1.35122
0.471094 -0.165188 1.3058
-0.105679 -0.0683118 0.603435
0.201984 -0.283835 1.7493
0.459217 -0.399767 1.43528
-0.103458 0.111848 0.529734
0.536206 -0.389298 1.28652
-0.0568834 0.138468 0.537659
-0.0906911 0.049067 0.545313
0.48066 -0.192127 1.31386
0.452753 -0.13831 1.3017
0.377061 -0.137459 1.50091
-0.0899802 0.110845 0.537303
0.535716 -0.252748 1.36566
-0.0803462 -0.00569747 0.56227
-0.182596 0.00818024 0.635733
0.514025 -0.181788 1.25644
0.214372 -0.548309 1.66951
0.11042 0.120026 0.560722
0.37803 -0.0504674 1.36943
0.0215503 0.150438 0.677673
-0.143303 0.0151247 0.5916
0.378344 -0.202042 1.43318
0.288601 0.00228481 1.57765
0.470244 -0.161815 1.29987
-0.13762 0.194203 0.642715
0.553202 -0.296536 1.20127
0.525966 -0.329646 1.24903
0.20757 0.0393587 0.871915
0.359159 -0.510253 1.54514
0.314498 -0.0110998 1.45348
0.161895 0.145138 0.588171
0.346862 -0.00842085 1.36674
-0.143418 0.0143155 0.59582
0.524199 0.0246741 1.20146
-0.123225 0.072587 0.584846
0.512813 -0.298707 1.25438
0.500895 -0.0418865 1.2219
0.418563 -0.265752 1.36123
0.342423 -0.0125878 1.55534
-0.094755 0.083211 0.548761
-0.0662367 0.0144929 0.584812
0.22226 -0.0992815 1.60886
-0.0722933 -0.103878 0.604902
0.388463 -0.0898627 1.5459
0.283002 -0.135716 1.62024
0.13113 -0.362126 1.86585
0.198391 -0.272221 1.67181
0.207481 -0.178502 1.65804
0.427266 -0.118466 1.36345
0.0228934 -0.157625 0.925693
-0.0467492 0.147813 0.553104
0.242247 0.130186 0.474707
0.391362 -0.187145 1.41426
0.206003 -0.440885 1.792
0.223563 -0.565804 1.72786
-0.0435958 -0.02399 0.594721
0.388642 -0.0828466 1.37752
-0.0381598 0.0763915 0.579566
-0.0144445 0.170089 0.579182
0.369102 0.0384562 1.49115
0.147803 -0.456708 1.84962
-0.00473706 -0.102489 0.715521
-0.158901 0.0425672 0.597073
0.34959 -0.0840037 1.42426
-0.109795 0.0121438 0.560514
0.0573152 0.163158 0.488553
0.0861677 0.16429 0.500148
-0.0474484 0.145692 0.542007
0.255047 -0.621091 1.87098
0.0890849 -0.624763 1.95153
0.476679 0.0211847 1.2154
-0.0302862 0.115174 0.569019
0.21563 -0.183795 1.69198
-0.0601145 0.00733864 0.575747
-0.0945326 0.0828203 0.550303
0.461099 -0.252879 1.35889
-0.0428252 -0.0236459 0.588565
0.501775 -0.155015 1.27025
0.159195 -0.367 1.76506
0.201537 -0.626993 1.81761
-0.0951819 0.147656 0.516025
0.307116 -0.283204 1.69357
-0.0892908 0.0499586 0.530096
0.475909 -0.34844 1.36399
0.33553 -0.53358 1.55666
0.393844 -0.0861943 1.36024
0.306449 -0.369336 1.58498
-0.033773 0.00109998 0.545523
0.212512 -0.182508 1.67707
-0.127328 -0.00514598 0.605976
0.25978 0.135066 0.48588
-0.123516 -0.00394836 0.587966
0.474912 -0.40363 1.34071
-0.0965678 0.0594082 0.227124
-0.0809355 -0.033782 0.583543
0.623336 -0.362027 1.73529
-0.0967424 0.0843333 0.550211
0.585713 -0.299803 1.12535
0.532182 -0.171539 1.23507
0.594202 -0.156808 1.12498
0.0914034 0.157311 0.440713
0.508337 -0.0624616 1.1968
0.158839 -0.288543 0.657584
0.404115 -0.16573 1.39315
0.0958814 -0.527278 1.97849
0.70477 -0.273462 1.04603
0.557135 -0.385992 1.20436
0.235122 0.0241805 1.66516
-0.0814231 -0.660895 2.47091
0.386091 -0.0822457 1.37388
0.195865 -0.276106 1.73195
0.324676 -0.379728 1.5592
0.420243 -0.22796 1.34941
0.293075 0.00302952 1.59086
-0.0172273 -0.609149 2.13
0.475308 -0.306617 1.34176
-0.13055 0.160427 0.266114
-0.151996 0.200191 0.472771
-0.139642 0.102751 0.423479
0.0165842 0.060439 0.544681
-0.217305 0.128974 0.430289
-0.114349 0.0793739 0.622836
-0.115388 0.155219 0.340643
-0.148905 0.139403 0.35462
-0.106674 0.12388 0.358078
0.013361 -0.0697294 1.07392
-0.281427 0.256981 0.493942
-0.102491 0.140417 0.322492
-0.172422 0.0961578 0.425308
0.058157 0.209667 0.583323
-0.120464 0.139214 0.251179
-0.120496 0.139707 0.263978
0.110884 0.209783 0.655799
-0.115016 0.150895 0.298803
0.200768 0.186458 0.646676
0.245954 -0.281435 1.67931
-0.15825 0.122349 0.584627
-0.617776 0.155351 1.44401
0.504548 -0.143452 1.24747
0.548744 -0.128115 1.23164
0.402797 -0.119916 1.35518
0.459908 -0.143363 1.33438
0.432394 -0.205908 1.38319
0.422707 -0.121519 1.36346
-0.116741 0.0439896 0.493377
0.555729 -0.189725 1.18263
-0.13485 -0.00946254 0.576353
0.603744 -0.221773 1.13233
0.69811 -0.343913 1.09045
0.585836 -0.0979585 1.12126
-0.305245 -0.155458 1.47134
-0.181995 0.098413 0.73803
0.083892 0.152461 0.419821
-0.137248 0.16297 0.58255
-0.129352 0.0887564 0.227292
-0.0170132 0.123327 0.231039
-0.237118 0.243645 0.6427
-0.114879 0.0476809 0.251341
0.0605063 0.163708 0.891505
-1.3318 -0.587848 2.82852
0.495158 -0.567211 1.45956
-0.519546 -0.189998 1.40391
-0.0552569 0.0113009 0.374686
-0.0923825 0.0470549 0.349763
-0.0951792 0.117747 0.25373
0.0338406 -0.211606 0.977088
-0.822313 -0.286686 1.67771
-0.360823 -0.166042 1.59523
-0.116044 0.0179408 0.311489
0.664389 -0.27899 1.13228
-0.198941 -0.0799048 0.581026
-0.16923 -0.0498684 0.62861
-0.120025 0.0846993 0.251918
-0.0690604 0.10659 0.861586
-0.130677 0.0461797 0.267404
-0.139819 0.0250056 0.491686
-0.138668 0.0201188 0.622378
-0.118556 0.0284014 0.569228
-0.144909 0.0217358 0.603341
0.161543 -0.600593 1.86087
-0.0798873 -0.0979898 0.586849
0.168952 -0.500878 1.98678
-0.0694143 0.071491 0.565878
0.372624 -0.44198 1.55144
-0.146334 0.203097 0.67252
-0.126579 0.166413 0.554874
0.00369097 0.0844777 0.662035
0.510786 -0.300938 1.26065
0.549065 -0.166173 1.20067
0.210573 -0.450151 1.81228
0.261424 -0.36123 1.62852
0.56368 -0.265358 1.41621
-0.0725409 0.147852 0.541516
-0.122948 0.0468475 0.537159
0.489809 -0.356714 1.22649
-0.116742 0.0319789 0.571325
-0.119757 0.0334991 0.591472
0.528035 -0.440193 1.2638
0.52816 -0.155529 1.26588
0.502954 -0.451213 1.32889
0.29078 0.130494 0.54505
0.516616 -0.379028 1.47181
0.52598 -0.225099 1.25461
-0.116666 0.0334291 0.573792
0.479797 -0.472889 1.29742
-0.125968 -0.110016 0.619683
0.00459458 0.0848036 0.661519
-0.129246 0.0225356 0.574505
-0.102847 0.00661756 0.5668
-0.132198 0.106427 0.588078
-0.102628 0.00571406 0.581713
0.276117 -0.3795 1.6878
-0.111783 -0.0147789 0.560078
0.279967 -0.0677653 1.43904
-0.103461 0.0805338 0.57468
0.138324 -0.31494 1.58028
-0.103157 0.0808496 0.553253
-0.132259 0.10475 0.637466
-0.138628 0.0239785 0.484117
-0.800295 -0.213301 1.77585
0.27508 -0.400432 1.64782
0.463689 -0.331202 1.35953
-0.268318 0.326665 1.13962
-0.243704 0.0137364 1.06933
-0.00632399 -0.0433167 0.686391
-0.129353 0.21971 0.826171
-0.175433 0.0362979 0.52154
-0.0977521 0.0888977 0.496599
0.169887 0.108314 1.15069
-0.265967 0.324159 1.12301
-0.30282 0.128316 1.08573
0.542961 0.101539 0.955384
-0.105767 0.18005 0.577754
0.265638 0.135975 0.524673
-0.202106 0.0374611 0.772703
-0.348868 0.340503 0.872914
-0.199943 0.106169 0.85164
-0.201437 0.105052 0.860166
-0.21245 0.36269 1.30406
0.1969 0.244714 0.880762
-0.0148976 0.0277115 0.559096
-0.105557 0.191021 0.638214
-0.107536 0.200769 0.718328
-0.0778201 0.0645738 0.529378
-0.0426195 0.0794176 0.571435
-0.105751 -0.0102613 0.519934
-0.12831 0.11133 0.560013
-0.0869877 0.187872 0.643158
0.304951 0.13327 0.556415
0.0453821 -0.00726849 0.261881
-0.0871771 0.114968 0.0839319
0.551798 -0.165389 1.20484
0.490278 -0.11741 1.27128
0.453775 -0.141974 1.32611
0.316402 -0.464715 1.61751
0.662208 -0.200902 1.06797
0.243994 -0.46093 1.64156
-0.042661 -0.44106 1.55139
-0.0604654 0.0148878 0.717566
0.271829 0.1209 0.526183
-0.121372 0.0216316 0.70036
0.0219547 0.113514 0.548862
0.231879 0.0969852 0.558633
-0.0809509 -0.0555024 0.581858
-0.156993 0.0965891 0.606628
-0.156188 0.076683 0.607975
-0.0519206 0.107326 0.558382
-0.107362 -0.0678556 0.60167
-0.117249 -0.0995618 0.601701
-0.0884985 0.103905 0.502064
-0.0341717 0.000685728 0.541335
0.0263353 0.15453 0.710476
-0.0733891 0.15042 0.547224
-0.103485 0.111487 0.527694
0.0492086 0.129732 0.655036
-0.0710577 0.0517926 0.55171
-0.109268 0.0193953 0.586871
0.141789 0.0687586 0.905762
-0.0676395 0.0136184 0.548516
-0.0700719 0.118946 0.535631
0.252754 0.107484 0.580243
-0.0784022 0.0470823 0.580956
0.0314362 0.0345397 0.683639
-0.0716719 0.129093 0.526722
-0.0659384 -0.08856 0.586026
-0.118974 0.0276521 0.580866
-0.0699682 -0.0856445 0.567072
-0.0974631 0.0826078 0.545884
0.290244 -0.372612 1.68866
0.246036 -0.320114 1.97441
-0.0661062 0.0148081 0.582899
0.262293 -0.363722 1.63794
0.294094 0.00284771 1.60413
0.347851 0.0543419 1.33666
0.0292677 0.171364 0.773439
-0.067732 0.119656 0.529355
-0.074511 0.0466674 0.550769
-0.068797 -0.0879837 0.575509
-0.0360834 0.119699 0.53865
-0.0824743 -0.058525 0.591667
-0.124146 0.0248087 0.58841
-0.0633569 0.101303 0.557878
-0.0586798 0.0198046 0.542992
-0.100972 0.0440677 0.488951
-0.0432963 0.0838659 0.56748
-0.0810862 -0.110009 0.601224
-0.141551 0.125781 0.590752
-0.0533923 0.0108034 0.595857
0.0224013 0.0203729 0.669916
-0.0595817 0.129117 0.502303
-0.0592902 -0.104255 0.581752
0.243863 0.109935 0.477184
-0.0402052 -0.0216005 0.58669
-0.174362 0.173576 0.888495
-0.0609033 0.100026 0.569618
-0.042495 0.0871593 0.565943
-0.123985 0.0642059 0.591428
-0.0464878 0.0137226 0.649645
0.0226213 0.0990957 0.506538
-0.104861 0.155285 0.630628
-0.123795 -0.0997698 0.597853
0.162849 0.0835327 0.559653
0.0158407 0.00714749 0.68868
0.480497 -0.128763 1.29397
0.587191 -0.21745 1.11734
0.477504 -0.0343599 1.3148
0.60773 -0.0677586 1.10266
0.645477 -0.191648 1.0926
0.526125 -0.170667 1.23115
0.487373 -0.359447 1.39077
0.51678 -0.150328 1.2742
-0.0320214 0.103513 0.591505
0.29123 -0.259756 1.54473
0.610545 -0.288559 1.14794
0.658129 -0.320158 1.10816
0.643993 -0.164135 1.09232
0.596557 -0.152018 1.1629
0.550931 -0.1832 1.19037
0.524278 -0.275932 1.25856
0.427322 -0.455164 1.42686
0.526663 -0.277018 1.26333
-0.178214 0.10861 0.373176
0.223014 0.0849064 0.59274
0.600613 -0.215554 1.08864
0.562328 -0.228701 1.20582
0.00376384 0.246974 1.09429
0.545281 -0.126218 1.21849
0.461706 -0.343966 1.3718
-0.09096 0.0688044 0.609999
0.635576 -0.264013 1.09316
-0.043075 0.0481532 0.355199
-0.0886679 0.0717992 0.616901
0.625413 -0.344491 1.13823
0.639992 -0.319593 1.15592
-0.141727 -0.110958 0.635758
0.00388098 0.247671 1.09472
0.629359 -0.196219 1.11613
-0.128412 0.0910244 0.222867
0.127656 0.129111 0.507744
0.50511 -0.575748 1.479
-0.178753 0.099837 0.648507
0.124775 0.12869 0.500246
-0.874499 -0.364175 1.8153
0.300013 -0.449288 1.63403
-0.956473 -0.429405 1.99082
-0.209893 -0.0543101 0.874138
0.288042 -0.14118 1.53577
-0.103485 -0.0885847 0.603605
0.00215221 0.156516 0.366427
0.168421 -0.200079 0.935967
0.444984 -0.299901 1.38391
0.255393 -0.00739348 1.63263
0.135662 -0.403297 1.86627
0.162402 -0.25867 1.8419
0.417413 -0.170686 1.42063
0.214815 -0.0641388 1.69486
0.231761 -0.579305 1.75505
0.544242 -0.0768132 1.19447
-0.17146 0.118106 0.392375
-0.135942 0.158157 0.365136
-0.225886 0.139803 0.431784
-0.167068 0.160356 0.386572
-1.07786 -0.116434 1.96727
-0.184613 0.12118 0.370248
-0.174928 0.211535 0.525107
-0.138523 0.264313 0.679499
-0.33686 0.148613 0.546799
-0.254133 0.150204 0.483844
0.0908963 0.147177 0.860229
-0.107298 0.140271 0.438004
-0.34451 0.317962 0.69519
-0.0609809 0.157676 0.482615
-0.161852 0.155564 0.452678
-0.128494 0.119047 0.364704
-0.154134 0.172577 0.372483
-0.187185 0.166638 0.421599
-0.180506 0.24611 0.676441
-0.115015 0.0896064 0.476393
-0.116306 0.0632942 0.505236
-0.475843 0.367807 0.792009
0.00769618 0.188552 0.41088
-0.16595 0.150034 0.376827
-0.166058 0.105048 0.386724
-0.478341 0.402852 0.954312
-0.420096 0.158213 0.678993
-0.554791 0.205768 0.726405
-0.124017 0.128131 0.274509
-0.339201 0.234555 0.527236
-0.468562 0.275778 0.550166
-0.0447095 0.154092 0.49657
-0.209853 0.076975 0.41045
-0.258927 0.0383553 0.537032
-0.259509 0.226341 0.618351
0.00689373 0.041721 0.662995
-0.144469 0.138035 0.239603
-0.253181 0.0835819 0.613241
-0.144678 -0.0797656 2.75046
-0.134396 0.133667 0.197682
0.505359 -0.409801 1.28585
-0.218957 -0.0122733 1.10333
-0.105519 0.0927093 0.296176
-0.148226 0.127579 0.231929
0.638084 -0.162549 1.08783
-0.152615 0.142368 0.27239
-0.105132 0.0896057 0.315121
-0.151635 0.191978 1.66772
-0.127495 0.124115 0.16403
-0.0678941 0.0716211 0.568514
-1.14164 -0.138558 2.38698
0.410589 -0.167642 1.38338
0.0663425 0.159969 0.493013
0.428828 -0.488448 1.4528
0.228223 0.0909512 0.577752
-0.103304 0.114097 0.108685
-0.103371 0.114119 0.108817
-0.135613 0.112527 0.348259
0.649835 -0.149921 1.07242
-0.155755 0.423069 2.25897
0.775654 -0.486286 1.18093
0.281865 -0.546308 1.63791
0.0308476 -0.0600262 0.395315
0.498706 -0.159098 1.31247
0.547651 -0.211877 1.20815
-0.192139 0.0151435 0.893445
0.00592599 -0.103966 0.607662
0.580856 -0.21743 1.17794
0.656582 -0.265996 1.10714
-0.13793 0.129397 0.189098
-0.110412 0.110608 0.136859
-0.182858 0.109141 0.300824
-0.969268 -0.207019 1.79304
0.308163 -0.0273648 0.927812
1.02315 -0.357785 1.52208
-0.0951317 -0.0160146 0.533189
-0.146611 -0.0183363 0.557666
-0.108187 0.0591136 0.240688
-0.0896183 -0.0630271 0.61718
-0.107449 0.122617 0.159608
0.118956 0.12889 0.467376
0.228323 0.0798076 0.434492
0.575361 -0.117329 1.10599
0.487575 -0.0715942 1.28333
-0.0563151 0.1083 0.140545
0.23304 -0.175533 0.643639
0.450258 0.0305899 0.688776
0.283231 -0.270609 1.58974
0.562523 -0.553988 1.38138
-0.00341458 -0.6153 2.06181
0.545161 -0.399871 1.30582
-0.243268 0.147259 0.452043
-0.288649 0.194184 0.478034
-0.13018 0.0480855 0.49709
-0.115531 0.0923166 0.428098
-0.116049 0.0965375 0.387425
-0.0889563 0.167817 0.389179
-0.148707 0.0156626 0.891963
-0.13554 0.110713 0.310227
-0.215951 0.14559 0.424813
-0.248524 0.113557 0.428372
-0.12625 0.11956 0.375111
-0.338183 0.125637 0.528698
-0.203105 0.106776 0.388008
-0.126887 0.119417 0.368632
-0.133613 0.0616583 0.436656
0.0846753 0.0844344 0.870819
-0.134441 0.154615 0.340227
0.00169588 0.160006 0.365729
-0.243498 0.152434 0.419617
-0.130758 0.121838 0.350356
-0.145494 0.112715 0.362651
0.0325502 0.202576 0.501828
0.0102531 0.163436 0.386623
-0.0755378 0.163172 0.446676
-0.132201 0.144028 0.232436
-0.0168782 0.169578 0.363587
-0.218353 0.142778 0.419924
-0.0756648 0.160908 0.448101
-0.206228 0.23175 0.589056
-0.11023 0.104149 0.376287
-0.0334228 0.115547 0.581935
0.295218 -0.561116 1.68354
0.546078 -0.435933 1.35149
-0.795059 -0.439085 2.15281
-0.815801 -0.456678 2.21872
-0.169435 0.142398 0.232682
-0.118334 0.0153202 0.573505
-0.1279 0.180113 0.542266
0.331319 -0.283571 1.48958
-0.116352 0.0881899 0.132963
0.0236234 0.140886 0.651606
-0.117582 0.00490465 0.326484
0.0150614 0.141372 0.641742
0.593777 -0.275033 1.14816
0.555441 -0.46825 1.33588
-0.0618944 0.0853605 0.502879
0.316758 -0.0691734 1.32909
-0.106251 0.0914319 0.216346
-0.0995023 0.0675837 0.257708
0.403971 0.0356184 1.00509
-0.0251347 0.0919501 0.461751
0.170649 0.123438 0.371914
0.237986 0.0983471 0.56361
0.215183 0.124116 0.420904
-0.68925 -0.857106 3.39552
0.175995 -0.392355 1.78463
0.282137 -0.422632 1.68993
0.306443 -0.496981 1.65913
0.496508 -0.156019 1.26975
0.228365 0.0891545 0.601513
-0.00504175 -0.457209 2.14275
0.356219 -0.446008 1.53793
0.591756 -0.20872 1.15574
0.0364002 -0.645162 2.7957
0.547103 -0.380361 1.19145
0.272685 -0.1301 1.54184
0.13122 -0.357536 1.8596
-0.0721612 -0.0346005 0.425485
0.420854 -0.32801 1.4576
0.162649 -0.267068 1.85674
0.610229 -0.307904 1.1461
0.512023 -0.121252 1.30734
0.24194 0.0234712 1.68098
-0.23641 -0.718093 2.46422
0.603854 -0.329109 1.29608
-1.43813 -1.38548 4.14277
-0.745222 -0.906658 3.63853
0.227671 0.087655 0.590729
0.521558 -0.113121 1.27459
0.607116 -0.233307 1.12764
0.582013 -0.221161 1.18695
0.164699 -0.384758 1.79695
0.279386 -0.369839 1.64667
0.0947183 -0.638283 1.92497
0.177322 -0.404675 1.85123
0.224963 -0.247518 1.46954
0.256644 -0.278691 1.57732
0.597737 -0.165371 1.16512
-0.117471 0.0382622 0.453489
0.609488 -0.293502 1.1579
0.410264 -0.47949 1.71011
0.552145 -0.0927588 1.11328
0.209685 -0.0587415 1.69086
0.484407 -0.135632 1.23051
0.137257 -0.30708 1.53577
-0.131789 0.0333689 0.83033
0.0943731 -0.655437 1.98171
0.574743 -0.0878835 1.14046
0.600621 -0.359238 1.14221
0.244178 0.0245508 1.71251
-0.230883 0.145411 0.38451
-0.301118 0.0971323 0.484174
-0.223318 0.270329 0.354154
-0.169537 -0.0554506 1.10791
-0.220426 0.265402 0.345156
-0.274879 0.21614 0.291551
-0.119002 0.135293 0.290729
-0.177838 0.169688 0.382435
-0.317903 0.302749 0.425368
0.137022 0.222537 0.587985
-0.114388 0.142725 0.358328
-0.163852 0.108214 0.353097
-0.213307 0.0913026 0.42329
-0.101223 0.141111 0.335092
-0.264431 0.29629 0.405165
0.115066 0.23692 0.681992
-0.111887 0.0884624 0.414367
-0.0580008 0.19164 0.640772
-0.16084 0.119317 0.370471
-0.290506 0.217722 0.545889
-0.39923 0.275573 0.848506
-0.186191 0.161986 0.405119
-0.198654 0.0982337 0.396729
-0.142357 0.142454 0.19522
0.135047 -0.197086 1.38727
-0.391919 0.204884 0.521484
-0.187824 0.0935465 0.403701
0.0685111 0.160634 0.503071
0.137107 -0.0390671 1.90038
0.133415 -0.0358686 1.85155
-0.387948 0.36952 0.560791
-0.135652 0.106411 0.362109
0.283333 0.104784 1.62417
-0.136863 0.0743982 0.366296
-0.204102 0.128554 0.397022
-0.182022 0.119335 0.379718
-0.359238 0.178522 0.511351
-0.215235 0.101182 0.378807
-0.149052 0.111468 0.388542
-0.159303 0.134805 0.305188
-0.14632 0.112403 0.366776
-0.159558 0.151505 0.330747
-0.244067 0.251606 0.323522
-0.219577 0.17404 0.277378
-0.119997 0.133931 0.282144
-0.153998 0.209403 0.434221
-0.429857 0.342215 0.639816
-0.194436 0.248918 0.318708
-0.220582 0.268511 0.350968
-0.201295 0.203333 0.36693
-0.266538 0.263191 0.289238
0.383665 -0.183388 1.39654
0.10009 0.115685 0.509487
-0.244108 0.181052 0.343839
0.26458 0.045502 1.63277
-0.194556 0.0809572 0.373169
-0.160752 0.150551 0.339278
-0.581912 0.461723 0.784903
-0.226833 0.128701 0.44918
-0.374107 0.079557 0.533478
-0.388123 0.205847 0.514765
-0.126084 0.155552 0.280196
-0.124466 0.100999 0.282528
-0.195288 0.0893943 0.441864
-0.187866 0.10314 0.382732
0.300118 0.0305971 1.4821
0.450557 -0.302958 1.39388
-0.313436 0.447378 0.711547
-0.190501 0.127147 0.391562
0.201829 -0.179103 1.6494
-0.203105 0.0878699 0.376618
-0.172124 0.0671019 0.364456
-0.157875 0.0890416 0.389532
0.25751 -0.147745 1.25421
-0.143538 0.063873 0.441562
-0.221885 0.121194 0.475789
0.20527 -0.369131 1.6941
-0.220372 0.0467532 0.646614
-0.128782 0.0761987 0.35245
-0.212732 0.0482537 0.519095
0.260022 -0.177305 1.61137
0.0751149 0.176182 0.499533
0.0542738 0.182963 0.491679
-0.126304 0.158928 0.360177
-0.275061 0.269096 0.635835
-0.2461 0.128472 0.430834
-0.115341 0.142968 0.349873
0.223786 -0.0979507 1.62681
-0.112506 0.140343 0.346852
-0.127358 0.137524 0.265297
-0.156967 0.149601 0.313391
-0.137989 0.14793 0.235926
0.241824 -0.642673 1.72076
0.525298 -0.378811 1.2635
0.530053 -0.332168 1.25403
0.110013 0.122474 0.521987
0.203671 0.128556 0.43857
-0.160619 0.171697 0.570187
-0.133477 0.243725 0.584491
-0.136514 0.125164 0.150765
-0.291825 0.413327 2.78303
-0.0926098 0.189844 0.414666
-0.112286 0.0911028 0.475409
-0.149665 0.11915 0.161222
-0.208941 0.227461 0.597487
-0.139543 0.106807 0.346977
-0.161908 0.11578 0.381845
0.0255024 0.146136 0.371405
-0.160919 0.133141 0.343829
-0.18255 0.173587 0.424622
-0.169629 0.11779 0.382208
0.0151694 0.160001 0.342393
-0.0966018 0.166587 0.405824
-0.0658751 0.0844035 0.554149
0.0321484 0.156643 0.413791
-0.168821 0.161911 0.38931
-0.138902 0.125786 0.345411
-0.00501381 0.184856 0.42424
0.00915712 0.175892 0.378504
-0.187603 0.104943 0.369794
-0.104379 0.097301 0.401739
-0.270898 0.268928 0.612561
-0.165862 0.202233 0.475277
-0.120066 0.122769 0.165684
-0.185942 0.125056 0.371418
-0.131954 0.127252 0.154506
-0.195855 0.207274 0.469363
-0.325577 0.262793 0.823769
-0.185974 0.142083 0.397746
-0.193749 0.150796 0.410628
-0.164492 0.135117 0.359588
-0.185029 0.139112 0.390654
-0.16615 0.160392 0.372104
-0.454916 0.305695 0.569462
-0.114163 0.145192 0.413656
-0.146426 0.0180173 0.74482
-0.449468 0.362646 0.726901
-0.127739 0.100338 0.378119
-0.198217 0.0961481 0.363602
-0.135693 0.110117 0.396299
-0.155815 0.0915349 0.367897
-0.152285 0.073359 0.369147
-0.166814 0.115704 0.408675
-0.194357 0.103867 0.367311
-0.160085 0.120902 0.359914
-0.224424 0.0374599 0.57879
-0.143687 0.0642285 0.409805
-0.190645 0.142426 0.429229
0.0377201 0.186567 0.457164
-0.214577 0.0815007 0.407663
-0.317361 0.306299 0.637235
-0.151836 0.122976 0.363856
0.0237379 0.168294 0.422039
-0.353787 0.292683 0.534603
-0.160106 0.0865202 0.413431
-0.53748 0.571758 0.940827
-0.163483 0.131762 0.355291
-0.214687 0.114246 0.433505
-0.302874 0.256939 0.429319
0.0462179 0.0652064 0.524953
-0.231311 0.153476 0.462619
0.281449 -0.463797 3.15145
0.250423 -0.00477084 1.61405
0.199169 0.0628819 1.74232
0.216829 -0.0516504 1.67127
0.562946 -0.202926 1.20605
0.257644 -0.312595 1.65534
0.246972 -0.47913 1.68608
0.136894 -0.225683 1.50493
-0.172685 0.117126 0.395733
-0.313352 0.137106 0.482744
0.0524925 0.187181 0.5205
-0.172611 0.189862 0.444036
-0.355742 0.12309 0.571262
0.475131 -0.0116705 1.27937
-0.126268 0.161464 0.376084
-0.295318 0.138514 0.443039
-0.296425 0.129923 0.497657
0.389728 -0.055006 1.39024
-0.108279 0.139983 0.408152
0.474436 -0.355943 1.41728
0.258504 -0.309763 1.64285
0.133052 -0.369239 1.87903
0.44899 -0.227807 1.35443
0.463432 -0.170872 1.32697
0.27102 -0.128978 1.52736
-0.177255 0.10709 0.325674
0.212069 -0.066898 1.67301
0.413422 -0.0813755 1.344
-0.138882 0.138345 0.278543
-0.0254441 0.170122 0.321999
-0.382379 0.182106 0.577709
-0.15453 0.161837 0.357922
-0.176148 0.0920591 0.360432
-0.22094 0.155879 0.442696
-0.0759664 0.166078 0.443296
-0.197593 0.0928118 0.366464
-0.0728995 0.169399 0.472948
-0.141548 0.115176 0.301611
0.371081 -0.14376 1.45705
0.132665 -0.14743 1.07404
0.0295971 0.2039 0.515867
-0.216066 0.130476 0.429646
0.44956 -0.0875697 1.27942
0.175947 -0.353573 1.75515
0.472578 -0.368153 1.39599
0.145044 -0.128371 1.78245
0.427967 -0.116413 1.35079
0.295076 -0.0761883 1.49392
-0.151535 0.122893 0.360662
-0.0766038 0.146898 0.173111
-0.293404 0.291437 0.699275
-0.130018 0.12705 0.315161
-0.388178 0.278995 0.597895
-0.390929 0.173631 0.574081
-0.121232 0.126305 0.0722641
-0.20894 0.129007 0.416114
-0.128244 0.143713 0.240227
-0.317578 0.35415 0.521492
-0.416369 0.213156 0.562932
-0.469771 0.287899 0.552323
-0.411792 0.274459 0.701087
-0.24346 0.0212318 0.661519
-0.0773448 0.141538 0.159326
-0.147618 0.163287 0.316585
-0.217269 0.112387 0.386582
-0.453154 0.304894 0.553469
-0.0662447 0.154903 0.180912
-0.163866 0.108782 0.346888
0.00574989 0.152048 0.362763
-0.261866 0.251317 0.319858
-0.0707401 0.151587 0.186142
0.00548252 0.17877 0.423579
-0.0568722 0.163482 0.231894
-0.243988 0.151624 0.477107
0.171093 0.167983 0.681792
-0.130221 0.096583 0.283847
-0.141368 0.139286 0.32089
-0.0726534 -0.705022 2.59119
-0.213556 0.0635978 0.434257
0.321979 -0.163045 1.47817
-0.213877 0.144195 0.395436
-0.317272 0.136031 0.468852
-0.250479 0.146351 0.443025
-0.182141 0.136591 0.385035
-0.307406 0.112613 0.514257
-0.12257 0.146161 0.340604
-0.226779 0.246876 0.704371
-0.0928323 0.0799833 0.490218
-0.167026 0.0729134 0.337224
0.193907 -0.257087 1.64001
-0.314442 0.138593 0.489061
0.273278 -0.249459 1.57169
-0.181761 0.123501 0.353982
-0.173044 0.152441 0.442393
0.22094 -0.0516576 1.68011
-0.149732 0.11332 0.343666
-0.123731 0.122612 0.38823
0.0511815 0.176192 0.49082
-0.015213 0.176558 0.311943
-0.00267602 0.162561 0.351892
0.048156 0.173667 0.441932
0.0699912 0.199819 0.542355
0.010692 0.169051 0.386806
-0.172589 0.0860472 0.367166
-0.237284 0.256843 0.707962
0.265061 -0.042857 1.03179
0.0212744 0.182226 0.426913
-0.15489 0.150844 0.393006
0.0476325 0.149929 0.422961
-0.129036 0.217382 0.475287
-0.117061 0.146141 0.339008
-0.101255 0.108367 0.488628
-0.274515 0.26869 0.600996
-0.392183 0.357705 0.825669
-0.376038 0.246226 0.633555
-0.150591 0.123162 0.355021
-0.174291 0.114838 0.343626
-0.380152 0.363279 1.16198
-0.171994 0.115558 0.342131
-0.0974487 0.187039 0.504724
-0.154364 0.0693579 0.398875
0.125356 0.185525 0.596353
-0.15546 0.165119 0.372584
0.0957152 0.169225 0.545694
0.0305318 0.204132 0.493045
0.0204574 0.161812 0.412227
-0.12512 0.122136 0.1245
-0.150593 0.123232 0.346256
-0.211838 0.110922 0.391078
-0.171567 0.216917 0.552618
0.357145 -0.204071 1.43279
0.100555 0.157706 0.476219
-0.44379 0.225713 0.625408
-0.170861 0.133006 0.416968
-0.363811 0.239566 0.600033
-0.50919 0.269795 0.69646
-0.0993986 0.178142 0.449877
-0.194093 0.120471 0.372375
-0.437092 0.358835 0.53259
-0.107052 0.126623 0.458742
-0.276779 0.157758 0.501782
0.132259 -0.0371886 1.89126
-0.18368 0.122381 0.364389
-0.197566 0.0892147 0.339314
-0.16564 0.122365 0.166521
-0.447905 0.356311 0.675907
-0.0713529 0.151297 0.184384
-0.126747 0.132984 0.261695
-0.200174 0.17035 0.180793
-0.380067 0.239295 0.7773
-0.491988 0.324499 0.642496
-0.136991 0.134679 0.251036
-0.583468 0.317323 0.719277
-0.384997 0.23429 0.669806
-0.152931 0.207844 0.4227
-0.158663 0.220363 0.476123
-0.135357 0.134238 0.266587
-0.135848 0.134449 0.271024
-0.208367 0.105009 0.397509
-0.310408 0.0804711 0.494097
-0.177477 0.0861694 0.392863
-0.171425 0.12797 0.344204
-0.294984 0.126364 0.474271
-0.176973 0.128814 0.371058
-0.355861 0.349843 0.751606
-0.220568 0.295077 0.519568
-0.174319 0.101312 0.334784
-0.18074 0.119017 0.369792
-0.135288 0.134255 0.265862
-0.176713 0.13019 0.355972
-0.245093 0.21902 0.254349
-0.171823 0.127944 0.345898
-0.26342 0.205353 0.347866
-0.197421 0.12221 0.399926
-0.228034 0.0204579 0.529427
-0.320016 0.125805 0.534081
-0.259471 0.0974659 0.450857
-0.126266 0.118567 0.393818
0.44908 -0.322984 1.35026
-0.0695649 0.167749 0.496763
-0.137002 0.138589 0.153695
0.265111 -0.362636 1.61117
0.0952507 -0.77148 3.13791
0.200191 -0.0380427 1.74212
0.195913 0.04945 1.79098
0.443783 -0.266053 1.35547
0.470946 -0.336792 1.41897
-0.142377 0.139129 0.338969
-0.108267 0.118808 0.286532
-0.364279 0.0855375 0.822514
-0.548227 0.14492 2.27346
-0.126752 0.10034 0.276248
-0.0557172 0.120908 0.210636
-0.163247 0.138774 0.13856
0.294598 -0.00735958 1.46813
-0.124773 0.094864 0.322711
-0.209037 0.136096 0.254042
-0.196474 0.147575 0.186659
-0.0393026 0.169216 0.295975
-0.0700846 0.154058 0.211071
-0.162563 0.115535 0.353083
-0.0857826 0.196676 0.445442
-0.251293 0.224251 0.269757
-0.55082 0.313929 1.24288
-0.290815 0.22045 0.77593
0.115005 -0.0968474 1.89521
0.180947 -0.300574 1.78684
-0.258213 0.0953444 0.447799
-0.333122 0.156166 0.522215
0.286119 -0.140444 1.51752
0.169007 -0.232512 1.74959
0.197458 0.0646035 1.70775
-0.401704 0.206873 0.541397
-0.213009 0.111234 0.396719
-0.161368 0.134299 0.324241
-0.180184 0.0768399 0.353416
-0.16626 0.0736551 0.335283
-0.289303 0.132821 0.548096
-0.16183 0.0853905 0.423991
-0.222064 0.128354 0.432149
-0.101405 0.161431 0.351353
0.0185181 0.1713 0.861971
-0.163443 0.0954928 0.305772
-0.206711 0.0839763 0.42637
-0.235148 0.14806 0.43678
-0.154386 0.12186 0.374549
-0.138474 0.132823 0.539074
-0.368311 0.0147251 0.623955
0.488705 -0.290089 1.35959
0.46976 -0.395871 1.3924
-0.27618 -0.642647 2.77166
0.299429 -0.078998 1.51869
-0.106807 0.187582 0.386259
-0.159952 0.150942 0.331796
-0.169278 0.0796014 0.383383
0.198987 -0.255623 1.72584
-0.12603 0.0979475 0.289107
-0.115785 0.110712 0.405205
-0.323685 0.319384 0.535457
-0.155598 0.0793433 0.415011
-0.238951 0.147396 0.407144
-0.133337 0.0671639 0.426904
-0.186665 0.136989 0.389474
-0.190289 0.138412 0.406914
-0.195113 0.103315 0.366278
-0.467804 0.313206 0.591132
-0.101916 0.144818 0.324187
-0.152375 0.116827 0.341427
-0.0647453 0.165449 0.207342
-0.0629971 0.117714 0.722453
-0.214589 0.135401 0.405143
-0.225452 0.0218014 0.516654
-0.183811 0.0782578 0.358647
-0.010665 0.139632 0.476357
-0.18118 0.193286 0.422826
-0.281687 0.208049 0.400449
-0.24995 0.121862 0.451744
-0.193791 0.0709144 0.401862
-0.227215 0.0681419 0.345885
-0.126431 0.0984485 0.293019
-0.110593 0.105421 0.246347
-0.236712 0.0473618 0.437224
0.304961 -0.270949 1.55683
0.168823 -0.45432 2.18464
0.464642 -0.377781 1.43921
-0.765457 -0.0176417 1.32352
-0.119685 0.145933 0.327594
0.0545397 0.153728 0.471798
-0.16409 0.154693 0.370046
-0.17547 0.0640324 0.379792
-0.142039 0.12343 0.356748
-0.145996 0.129175 0.350405
-0.273291 -0.673985 2.7003
-0.162795 0.140959 0.299856
-0.146233 0.167119 0.288867
-0.110151 0.157113 0.287771
-0.194073 0.150832 0.184806
-0.0249081 0.165855 0.26699
-0.069873 0.152369 0.188872
-0.208482 0.0939751 0.383128
-0.220155 0.0814206 0.430303
-0.289032 0.196172 0.448742
-0.297425 0.20594 0.356364
-0.178781 0.136298 0.366472
-0.213822 0.0790746 0.403449
-0.168739 0.107586 0.365708
-0.389124 0.0686509 0.663538
-0.139707 0.0863971 0.307025
-0.207032 0.0685509 0.339513
-0.300661 0.068162 0.483813
-0.240802 0.0614352 0.384062
-0.161269 0.145889 0.145953
-0.199076 0.136392 0.229583
-0.116348 0.133492 0.172199
-0.141177 0.083382 0.321449
-0.0712177 0.152479 0.213896
-0.167507 0.136918 0.352208
-0.166989 0.134886 0.362983
0.287966 -0.0715606 1.47479
-0.131745 0.131895 0.0783808
-0.14442 0.156337 0.290243
0.469909 -0.0430618 1.25921
-0.162429 0.138008 0.130667
-0.133572 0.144373 0.304638
0.0560287 0.196002 0.510311
-0.137286 0.140506 0.334607
0.00543249 0.187997 0.407887
-0.119939 0.131883 0.314327
-0.35908 0.42745 0.621365
-0.251719 0.108327 0.445994
0.0599197 0.204399 0.48998
-0.38945 0.446667 0.692047
-0.134271 0.0662588 0.437549
-0.495145 0.401671 0.644046
-0.308606 0.200185 0.522594
-0.370608 0.444226 0.682683
-0.322106 0.107258 0.540874
-0.203444 0.0964358 0.418648
-0.149794 0.131775 0.326757
-0.186574 0.115138 0.32693
-0.203302 0.107977 0.409775
-0.163551 0.115877 0.39223
-0.174185 0.135813 0.267366
-0.255708 0.115681 0.402269
-0.247752 0.110432 0.376758
-0.226045 0.14469 0.395931
-0.193231 0.101083 0.358693
-0.161924 0.135784 0.342115
-0.245537 0.109698 0.426755
-0.217576 0.102058 0.321744
-0.416549 0.145617 0.653613
-0.131219 0.0686053 0.404516
0.439807 -0.242431 1.39904
-0.0801237 0.207131 0.488895
-0.167296 0.0875089 0.434572
-0.0612456 0.24006 0.656025
-0.148919 0.0739446 0.388388
-0.132075 0.0695917 0.367065
0.218852 -0.104787 1.6606
0.108074 -0.357579 1.7741
0.295096 -0.264264 1.56281
-0.124082 0.139972 0.212256
0.0133078 0.14465 0.346798
0.184705 0.0765554 1.78448
0.17292 -0.34767 1.75253
-0.206642 0.225846 0.588931
0.0304903 0.193671 0.432158
-0.484524 0.441448 0.768833
-0.0787698 0.0930425 0.483029
-0.059206 0.150338 0.218761
-0.306525 0.226958 0.473535
-0.480997 0.391987 0.762459
-0.30604 0.214749 0.489419
-0.127779 0.124095 0.165118
0.0638163 0.195095 0.50208
-0.317022 0.215903 0.508367
0.403512 -0.226402 1.39991
-0.166597 -0.550555 2.51686
0.152964 -0.232861 1.77047
-0.121089 0.121387 0.35627
0.070036 0.155691 0.458032
-0.139528 0.123729 0.316402
0.0497071 0.159577 0.471756
