-0.0253661 0.0471449 0.264745
0.0468371 -0.0332481 0.242969
0.0948984 0.00187989 0.240377
0.0807919 -0.0155115 0.248095
0.048916 -0.0103769 0.244715
0.077939 0.00318534 0.244201
0.0209297 0.164994 0.842152
-0.0583228 0.000224305 0.245572
0.0803401 -0.0700601 0.272989
0.0746171 0.0795404 0.500988
-0.28599 0.152775 0.845088
-0.140746 0.0802799 0.421429
-0.0191522 0.214182 1.10936
-0.0908975 0.178766 1.02277
-0.302845 0.150946 0.843297
-0.835655 0.391255 1.86212
0.0581551 0.0402518 0.239278
-0.305412 0.203672 0.918073
0.129828 0.0660407 0.2461
0.0602779 -0.00235316 0.250335
0.0706165 0.00402267 0.248905
-0.00244974 0.0178143 0.242289
-0.0233506 -0.0556417 0.382013
0.122454 0.0212573 0.20009
-0.0327833 0.025849 0.222424
0.112961 0.0286767 0.235276
-0.00797789 -0.018938 0.194645
-0.0676656 -0.000559991 0.292175
-0.0553951 0.0483076 0.302114
0.0645121 -0.00748155 0.258359
0.09295 0.0846927 0.316404
0.062285 0.0660544 0.25589
-0.0468792 0.170877 0.931031
-0.0998121 0.0298872 0.211924
-0.0874162 0.181141 0.81843
0.1262 0.0564075 0.188384
-0.0593713 0.209994 0.952743
-0.0612325 0.180769 0.870349
0.0649304 -0.00601749 0.257569
-0.139242 0.242134 0.882832
-0.0646875 0.214017 0.944262
-0.367925 0.170801 0.811075
-0.383778 0.209194 0.85391
0.190599 0.125866 0.422885
-0.0648131 0.0711061 0.489928
-0.390914 0.200795 0.807988
-0.281857 0.139127 0.533885
-0.02249 0.0415794 0.220012
0.566196 0.374227 2.39666
0.91887 0.155105 2.27047
-0.143073 0.231105 0.922157
-0.0521569 0.22756 0.93031
-0.295157 0.250965 1.0309
-0.405506 0.169398 0.884872
0.0139113 0.205514 0.779889
-0.0454169 0.239722 0.945867
-0.359627 0.154017 0.734307
-0.00849777 0.0048272 0.0180691
-0.29811 0.172104 0.596606
-0.348872 0.175068 0.979675
-0.830199 0.444574 2.84649
-0.357585 0.175263 0.843974
-0.917321 0.230517 1.71212
0.00303181 0.119555 0.833394
-0.13238 0.196918 1.00279
-0.115155 0.228465 1.03821
-0.0586713 0.0684679 0.417857
0.0581847 -0.0629124 0.26617
-0.142588 0.0629806 0.489385
-0.0896296 0.0320309 0.189347
-0.0970999 0.0205889 0.188893
-0.060269 0.198531 0.879221
0.0611422 0.00761856 0.21614
0.102402 -0.0218185 0.251264
-0.0792991 0.256294 1.00097
-0.203381 0.228033 0.919057
-0.0331853 0.0761647 0.407485
-0.125989 0.0736884 0.371528
0.0310142 0.149135 0.624824
-0.336127 0.17442 0.854204
0.0246778 0.246312 0.88081
-0.258921 0.134922 0.552139
-0.165882 0.301913 1.06778
-0.0263763 0.079932 0.385759
0.00784484 0.187751 0.755271
-0.340581 0.198994 0.706895
-0.0283032 0.226138 0.936417
-0.346285 0.155945 0.855488
-0.438258 0.320238 1.25612
0.145081 -0.0640694 0.18592
0.130801 -0.0645488 0.166756
0.122664 0.0604964 0.251434
0.140242 -0.0503824 0.197045
0.142268 0.0240294 0.210083
0.0288072 0.00975068 0.063879
-0.00684569 -0.0178139 0.115158
-0.0193453 0.0240867 0.109568
-0.0280584 0.0248501 0.126071
-0.0137709 0.0193343 0.0844907
-0.0131243 0.0129782 0.112014
-0.00102408 0.0207818 0.0962199
-0.0147726 0.0193051 0.0844483
0.00307891 0.0203175 0.096144
-0.0230529 0.0185823 0.0730092
-0.00121083 0.0242696 0.0945106
-0.00293099 0.0181608 0.0995728
-0.00325188 0.0232473 0.0934197
-0.0380187 -0.0258012 0.0883202
-0.0447362 0.0231208 0.11401
-0.0128985 0.0183046 0.0820953
0.00202356 0.0251536 0.0941278
-0.00607105 0.022338 0.0868197
-0.0113393 0.0149645 0.0837892
0.0588611 0.00892134 0.151906
-0.0543834 0.00986054 0.091134
-0.0133269 0.0113615 0.168982
-0.00674595 0.164718 0.897138
-0.00408359 0.0343996 0.256966
0.0731739 -0.00538581 0.201261
-0.0271198 0.19278 1.04164
-0.0883264 0.0238462 0.180786
-0.0821305 -0.0409176 0.149787
-0.097271 0.183522 0.94124
-0.049766 0.0768746 0.464922
-0.0417837 0.0159521 0.271115
-0.314457 0.185005 0.996182
0.0181988 0.250213 1.40035
-0.273359 0.242641 1.08847
-0.190351 0.0822205 0.396063
-0.264722 0.154412 0.822845
-0.186241 0.0805681 0.381958
-0.0107892 0.0949136 0.664001
0.08599 0.0583326 0.366415
0.0921864 -0.0237636 0.239937
0.0194757 0.197682 0.83863
-0.0715493 0.0663021 0.418843
-0.110448 0.178423 0.96365
-0.0912143 0.0214205 0.180929
0.0690885 -0.0344693 0.256998
-0.0589492 0.0483536 0.36917
0.0990115 -0.0302889 0.254355
0.0123616 0.134985 0.683908
-0.0896464 0.0275479 0.208705
-0.0524855 0.0341064 0.235917
-0.0372134 0.0483715 0.361733
0.0647261 -0.0338116 0.245896
-0.0707955 0.0291657 0.236044
0.132025 0.0692465 0.268
0.0665791 -0.0350979 0.253122
0.224114 0.132259 0.437268
-0.0159342 0.0293927 0.231746
0.00577441 0.0186167 0.233461
0.124601 0.069635 0.230055
-0.165618 0.253101 1.03719
0.0750686 0.0130701 0.198011
0.126366 0.0602595 0.258108
0.0830965 -0.028135 0.249837
0.063353 -0.0611732 0.242053
-0.00872699 -0.0249309 0.257585
-0.0920434 0.0259649 0.183756
0.0490097 0.0376806 0.238317
-0.0499698 -0.0892865 0.276282
0.0812884 -0.0157345 0.250257
0.0128485 0.174048 0.667635
0.0956085 -0.0221899 0.244001
-0.0519392 0.0439802 0.326121
-0.100976 0.0386183 0.246712
-0.0806321 0.136195 0.980225
0.119136 0.0369889 0.250048
0.0931615 -0.0161642 0.246461
0.0250246 0.178245 0.750278
0.00698847 0.0720152 0.287558
-0.246304 0.142914 0.492959
4.62743e-07 -6.77105e-07 3.74104e-06
-0.101619 0.251683 0.954166
-0.0580587 0.140033 0.87021
-0.146633 0.235875 1.08505
-0.150774 0.257489 1.09191
-0.0937192 0.264386 0.95808
-0.122192 0.246185 0.946922
-0.0110575 0.187559 0.81014
-0.123884 0.179861 1.01046
-0.298771 0.186694 0.770714
-0.0879285 0.0501685 0.251392
-0.061716 0.0327688 0.256902
-0.285196 0.178468 1.15931
-1.46291e-05 1.37914e-05 7.25697e-05
-0.338041 0.196265 0.743679
-0.0606953 0.178982 0.846192
-0.0661407 0.221951 0.984887
0.0291718 0.146755 0.823698
-0.265256 0.122402 0.507159
-0.278394 0.150441 0.744621
0.132098 0.188337 0.636359
-0.381462 0.17988 0.721084
0.00891792 0.0502645 0.175143
-0.336942 0.18623 0.92949
-0.167591 0.0696435 0.312328
-0.31019 0.153469 0.61041
-0.24651 0.218653 1.03143
-0.158575 0.0688576 0.36668
-0.198867 0.0797415 0.383395
-0.164368 0.265901 2.23678
1.12557 -0.652776 2.82441
0.00345597 0.0370288 0.225048
-0.28001 0.119987 0.5103
-0.32174 0.19423 0.996004
-0.000117074 4.93374e-05 0.000210211
-0.314934 0.215596 1.13038
-0.243768 0.106005 0.452554
-0.251218 0.19947 1.23287
-0.409468 0.217545 0.881901
-0.0946732 0.0528 0.206367
-0.257696 0.147385 0.659085
-0.130163 0.260906 0.896428
-0.0204337 0.206635 0.846917
-0.00273127 0.15118 0.585129
-0.0185963 0.194354 0.957327
-0.387854 0.224254 0.910755
-0.0791657 0.209306 0.694547
-0.0971317 0.170716 0.772519
-0.0534563 0.23468 0.923148
-0.110903 0.260403 0.932857
-0.427695 0.201587 0.900418
-0.112641 0.0473561 0.236745
-0.355838 0.14729 0.747803
0.764744 -0.260161 2.32557
0.0201844 0.195755 0.827307
8.76301e-06 5.71451e-05 0.000348428
0.072007 0.0454511 0.249928
-0.232366 0.20325 0.961351
-0.314505 0.181225 0.821506
0.215465 0.104821 0.367235
-0.0173727 0.037791 0.254475
0.0466909 -0.0409653 0.25417
-0.279464 0.162974 0.706298
-0.0871694 0.147295 1.0485
0.117951 0.0474277 0.249474
-0.0503923 0.154041 0.784907
-0.173612 0.0857844 0.342589
-0.219999 0.093146 0.565167
-0.506532 0.284943 2.06713
-0.124397 0.208333 1.29246
0.00409428 0.229009 0.866133
-4.60133e-05 2.17021e-05 9.43888e-05
-0.228328 0.0788136 0.42468
-0.103736 0.275314 1.07433
-4.13798e-06 4.27992e-05 0.000175381
-0.0296962 0.118103 0.771114
0.0467287 -0.0323057 0.247569
-0.0428291 -0.0390556 0.26173
-0.239784 0.210875 0.997578
-0.0415388 -0.0219665 0.255429
-0.172506 0.262679 1.11296
-0.15565 0.0615221 0.411305
0.0451493 -0.0220559 0.250821
0.0872001 0.0540843 0.303363
-0.0189629 0.0154766 0.230727
-0.0752051 0.127598 0.919497
-0.0156331 0.0219152 0.265875
-0.0583611 0.0304794 0.241997
-0.242043 0.166133 0.748664
-0.173329 0.244756 1.08459
0.014805 0.181538 0.770649
-0.0273207 0.133929 0.886919
-0.488227 0.110685 0.896917
-0.0876047 0.148113 1.05
-0.0343455 0.186594 0.960604
0.00685754 0.20915 0.881844
-0.110926 0.203756 0.698443
-0.0610505 0.221226 1.01105
-0.190754 0.218449 1.20608
-0.0608853 0.0345237 0.119582
-0.101224 0.17524 1.00236
-0.206973 0.140564 0.567456
-0.198767 0.201178 1.06381
0.00369247 0.0397326 0.242104
-0.313716 0.17689 0.786941
-0.0795756 0.0984349 0.639557
-0.152708 0.0882992 0.393409
-0.0270398 0.131834 0.897625
-0.187577 0.223967 1.17383
-0.0754259 0.254625 0.96042
-0.310526 0.217298 0.844963
-0.0764222 0.244522 0.890315
-0.190423 0.20776 1.10555
-6.36503e-05 3.71828e-05 0.000144262
-0.160212 0.343043 1.26845
-0.237884 0.128241 0.56631
-0.172529 0.226249 1.10257
-0.0995695 0.276238 1.03371
-0.105728 0.228135 1.07794
-0.0145332 0.0274131 0.235865
-0.856273 0.395234 2.20923
-0.100287 0.0715681 0.522842
-0.00835813 0.22212 0.955416
-0.151399 0.23269 0.951264
-0.0338866 0.124568 0.586309
-0.116844 0.166561 0.941674
-0.129306 0.29664 1.06798
-0.0258535 0.0166875 0.109748
0.0100822 0.0428778 0.303235
-0.230115 0.2249 0.963776
-0.0535707 0.209297 0.82497
0.0125819 0.0453933 0.278904
-0.00242127 0.158333 0.875598
-0.0284396 0.191102 0.878506
-0.0491034 0.10829 0.548773
-0.025904 0.0642191 0.222116
-0.139243 0.263629 0.939336
-0.127049 0.137553 0.870476
-0.103687 0.291059 1.02017
-0.0563537 0.308167 1.2231
-4.06339e-05 2.11176e-05 8.70742e-05
-0.156712 0.0718827 0.321308
-0.357604 0.21588 1.1144
0.0837583 0.0089815 0.241228
0.0916046 -0.00747277 0.221332
0.0864436 -0.0196313 0.247334
-0.0571141 0.0286214 0.239865
-0.0866688 0.0162473 0.202218
0.238115 0.134675 0.445199
0.0781959 0.0142106 0.226315
0.10837 0.0534312 0.217228
0.233888 0.136862 0.454315
0.0974275 -0.0281787 0.253328
0.0872545 -0.0768014 0.300498
-0.102029 0.237063 1.02003
-0.0178516 0.192672 0.997219
-0.0972017 0.0210584 0.189558
-0.23609 0.123901 0.650099
0.0488854 0.119096 0.75043
-0.243956 0.12634 0.637062
-0.134141 0.0230681 0.301416
-0.273492 0.19974 1.14246
0.019699 0.134115 0.843051
-0.0195102 0.0146698 0.222864
-0.0383021 0.180111 0.974343
-0.0762759 0.0306333 0.223927
-0.0461995 0.163046 0.729594
-0.0652844 0.0417234 0.268019
0.0801505 -0.0294048 0.258898
0.0622641 0.0414178 0.251445
-0.0470555 -0.0250633 0.288421
0.0829291 0.0103163 0.240494
-0.0718194 0.0372838 0.241388
0.0449964 -0.0323362 0.238491
0.0956176 -0.0207886 0.242709
0.079509 0.00443829 0.249288
-0.0809357 0.130472 0.701044
-0.16704 0.166176 0.886817
0.0536889 -0.0598125 0.253475
-0.034346 0.0125557 0.232651
-0.009746 -0.0239413 0.235556
-0.0527942 0.0546237 0.352538
-0.00704444 -0.0148811 0.243121
-0.00723182 0.0122528 0.235358
-0.0654723 0.0494848 0.303834
-0.0770736 0.0480882 0.32594
0.0486195 -0.00893334 0.240774
0.0821739 -0.0279424 0.250382
-0.0167885 0.0176676 0.248947
-0.00632146 -0.00327232 0.23156
-0.0738264 0.0652333 0.40989
-0.332017 0.150476 0.659435
0.105822 -0.0207081 0.230232
0.139765 -0.0524374 0.180377
-0.0146092 0.0187803 0.240735
-0.0205804 0.0328177 0.235299
0.00296194 0.0265183 0.254563
0.0524435 0.0406641 0.223892
-0.00788114 0.0527664 0.2311
-0.0549139 -0.0277969 0.103987
0.105235 -0.00409422 0.22384
0.135958 -0.0445497 0.181025
0.149115 -0.0656742 0.19087
0.0846528 0.0199244 0.251239
-0.139743 0.159802 0.796433
-0.0888049 0.0244414 0.181844
0.271651 0.14631 0.486152
0.29069 0.0784434 0.507984
0.464798 0.246728 0.813792
0.0908391 0.00440293 0.264463
0.0877643 -0.0144634 0.265545
0.0685485 0.00425204 0.240371
-0.00681271 -0.0128446 0.203032
-0.086295 0.0191437 0.145364
0.110706 -0.0285705 0.239419
-0.0264568 0.00838028 0.096977
-0.0823112 0.0268363 0.132416
-0.0780888 0.0258394 0.121412
-0.0815362 0.022258 0.123746
-0.0856624 0.0258575 0.13053
0.0735099 0.00460085 0.243269
0.0935781 -0.0133201 0.237449
0.041906 0.0664119 0.269733
-0.0418971 0.0370814 0.2649
-0.0641036 0.0198309 0.222198
-0.00811968 -0.016697 0.109032
0.0463865 -0.0220826 0.248413
0.0712598 -0.074655 0.254058
0.0916615 0.0160548 0.258631
0.0840526 0.0154083 0.241217
0.10331 -0.0641583 0.255913
-0.0593784 -0.0915443 0.266181
-0.0862092 0.0193011 0.199607
-0.0422095 0.0397234 0.252682
0.0270976 0.00422934 0.038783
0.00977969 0.00312942 0.0200917
0.116611 0.0465805 0.245515
0.0778385 -0.0302749 0.252425
-0.0255976 0.106815 0.48857
0.0944662 -0.0759896 0.28991
0.0264473 0.123967 0.853949
0.0919356 0.0153529 0.229262
-0.160832 0.228814 1.02973
0.110299 -0.0120272 0.237923
-0.0454956 0.195924 0.859424
-0.0369524 -0.0339814 0.250602
0.0501835 0.0334115 0.226353
-0.0622522 0.0456825 0.321621
-0.0336321 0.034805 0.224966
0.121173 -0.00182724 0.179716
-0.00345134 0.00353565 0.0214149
0.0891967 0.0143866 0.129765
0.110829 -0.00698131 0.166449
0.115839 -0.0524155 0.155066
-0.0307039 0.0292748 0.147923
-0.0403039 -0.0316516 0.103388
-0.0406891 -0.0108825 0.241751
0.119759 0.0605981 0.246012
-0.0931427 0.0177789 0.212089
0.0980287 -0.0203316 0.248954
-0.0762538 0.0319052 0.226895
0.071225 -0.0755752 0.262928
0.0279873 0.224862 0.755159
-0.0662968 0.0349018 0.228108
-0.0961906 0.030743 0.177839
0.0947021 0.0160403 0.235456
-0.349945 0.213516 0.827476
-0.0534971 0.0346455 0.243953
-0.307445 0.175315 0.663225
-0.046664 0.0400413 0.289038
-0.103335 0.0346087 0.206282
-0.0826844 0.0322448 0.193829
-0.068269 0.0272184 0.229062
-0.0579155 0.0316003 0.236417
-0.0965035 0.0229855 0.183426
0.086606 0.00484048 0.298587
-0.144201 0.181271 1.16075
-0.0384573 0.02642 0.109835
-0.157205 0.172039 0.690957
-0.184608 0.158443 0.748943
-0.0245097 0.191344 0.89833
-0.132597 0.212967 1.20636
0.0183692 0.170113 0.861393
-0.14436 0.0665456 0.294564
0.0254064 0.0674283 0.420349
-0.180243 0.10265 0.444805
-0.110432 0.217258 1.1348
0.0130476 0.184233 0.779665
-0.095798 0.228356 0.974447
-2.05539e-05 1.49265e-05 8.5401e-05
-0.163427 0.328935 1.28637
-0.252658 0.193938 0.89878
-0.243266 0.121456 0.461107
0.0294488 0.149551 0.588602
-3.82551e-05 1.85141e-05 7.40782e-05
-0.30372 0.265249 1.1774
0.0214196 0.12431 0.766889
-0.317869 0.355307 2.20737
-0.0552154 0.239621 0.976335
-0.286655 0.128632 0.706645
-0.0045045 0.145106 0.79453
-0.461757 0.260119 0.959146
-0.360429 0.177191 0.756728
-0.0104956 0.212265 0.942636
-0.210318 0.0978063 0.446591
0.0938584 -0.0165382 0.228896
-0.294812 0.171423 0.773604
0.0185676 0.154557 0.781785
-0.137068 0.243591 0.911455
-0.284009 0.15083 0.660616
0.0125677 0.0448525 0.277094
-0.0598239 0.107916 0.514244
-0.0152145 0.235266 0.905041
-0.0208403 0.172959 1.27534
-0.392306 0.290913 1.23617
-0.367438 0.158737 0.752307
-0.128832 0.205841 0.943224
-0.0559005 0.205064 0.946547
-0.191002 0.131486 0.49663
-0.340045 0.182649 0.753221
-0.170996 0.197041 1.00059
0.0220635 0.235789 0.842725
-0.301667 0.194509 0.812249
-0.37382 0.175422 0.792317
-0.00869832 0.195502 0.867986
0.119219 0.0384617 0.246316
-0.0673939 0.0417268 0.251873
-0.0393904 0.0435034 0.248378
-0.0359299 0.034431 0.174539
-0.0855586 0.0292118 0.276056
-0.0988856 0.233321 0.998206
-0.085736 0.187536 0.944062
-0.115161 0.12802 0.814915
-0.0349356 0.179016 0.785049
-0.103605 0.256908 0.957354
0.0933168 -0.00441656 0.249033
-0.0924711 0.0258365 0.184429
-0.0213316 0.0155699 0.22446
-0.0777512 0.0288731 0.172492
-0.016241 0.0259507 0.22109
0.102433 -0.0139568 0.221426
0.0475543 0.0212707 0.237871
-0.143145 0.20889 1.0851
-0.0229484 0.182931 0.926953
-0.0938855 0.244847 0.947353
-0.144569 0.215287 1.21274
-0.153057 0.274398 1.02403
-0.222509 0.415834 1.42589
-0.0280148 0.192852 0.882935
-0.151584 0.227634 0.966158
-0.276675 0.234462 0.949061
-0.0893953 0.047739 0.270707
-0.192056 0.136499 0.553361
-0.335792 0.186451 0.655569
-6.13217e-05 3.18851e-05 0.000117966
-0.348869 0.215327 0.863505
-0.322949 0.183319 0.740099
-0.479826 0.273371 0.949093
-0.903048 0.248166 1.5237
0.229054 0.145346 0.482877
0.00707715 0.0751733 0.252822
0.0172044 0.0829054 0.351538
-0.000807964 0.151561 0.836857
-0.000837137 0.045173 0.241232
0.0165065 0.215971 0.873124
-0.104853 0.183434 1.04521
-0.0132305 0.105481 0.462545
-0.113951 0.221883 0.957218
-0.035815 0.164839 1.07245
-0.0225813 0.147047 0.785047
-0.0295931 0.171468 0.690839
-0.275812 0.12412 0.678646
-0.0715671 0.191556 0.762617
-0.273892 0.158544 0.548876
-0.0837577 0.0684632 0.421704
0.0330631 -0.024707 0.306814
-0.238044 0.172838 0.679473
-0.209364 0.234974 0.945133
-0.248499 0.236514 1.24401
-0.129699 0.108315 0.438938
-1.23381e-06 -1.16913e-06 8.03693e-06
-0.154695 0.086148 0.323953
0.0302027 0.200112 0.851097
0.00887265 0.0362166 0.346409
-0.0585288 0.0206955 0.231669
-0.0411129 0.0373398 0.273505
-0.0926132 0.030459 0.209616
0.00236915 -0.0184088 0.265156
0.159244 -0.0749495 0.214402
0.081485 0.0627571 0.230203
0.0796636 0.00894624 0.126162
-0.00193626 0.310088 1.71455
-0.414501 0.143903 0.774242
0.0504023 0.0328867 0.231953
-3.38267e-05 7.12367e-06 6.19967e-05
0.166381 -0.0321378 0.466779
-0.00956749 0.0106465 0.23939
-0.0353883 0.0601034 0.377034
-0.264281 0.14021 0.72904
-0.235362 0.207261 0.837138
-0.119555 0.0711146 0.271359
-0.246667 0.11065 0.486222
-0.0177884 0.226202 0.913334
-0.323497 0.171368 0.858714
-0.0145119 0.120573 0.865167
-0.334681 0.213777 0.957415
-0.0578894 0.176854 0.905493
0.0421288 0.179044 0.808806
-0.310153 0.214147 0.976137
-0.391356 0.236289 1.22437
-0.390754 0.161986 0.852186
-0.220844 0.101651 0.418221
-0.0561428 -0.0599733 0.181595
-0.298158 0.126488 0.541635
0.0605741 -0.00677158 0.246348
-0.186495 0.20762 0.827628
-0.179602 0.217886 1.12384
-0.122601 0.0727584 0.280404
-0.348922 0.239467 0.904635
-0.155138 0.0540342 0.288151
-0.317737 0.154203 0.565224
-0.0833739 -0.0883621 0.269371
-0.188381 0.118492 0.525026
-0.25135 0.107314 0.457274
-0.247417 0.0859708 0.458737
0.122525 0.175384 0.61658
-0.307354 0.213832 0.882783
-0.3475 0.167319 0.706028
-0.345416 0.213186 0.856035
-0.372752 0.223887 0.982991
-0.0785643 0.19958 0.960701
-0.114675 0.205205 0.729688
-0.000100295 4.30552e-05 0.000185226
0.00897718 0.133743 0.5085
-0.0658735 0.219925 0.972836
-0.218263 0.182153 0.80912
-0.119716 0.11456 0.489359
-0.039108 0.217789 1.1241
0.121922 0.0249858 0.205482
-0.253544 0.140955 0.550748
0.236946 0.114604 0.398984
-0.198596 0.114855 0.378236
-0.118518 0.19276 0.890508
-0.294167 0.146335 0.580033
0.0219681 0.198783 0.807898
-0.811211 0.372299 1.56929
0.0272654 0.119833 0.841619
-0.160036 0.263284 1.21721
-0.279041 0.134272 0.569703
-0.0696273 0.234761 1.05419
-0.203807 0.226991 0.914867
-0.0616536 0.142214 0.890483
-0.313067 0.156626 0.872032
-0.309033 0.161463 0.81699
-0.100769 0.0363848 0.223037
-0.400037 0.274731 1.04463
-0.387323 0.209844 0.864938
-0.0695121 0.195798 1.0442
-0.325838 0.18888 0.854701
0.00617186 0.107013 0.729672
-0.0299478 0.1824 0.69963
2.67915e-06 4.08001e-05 0.000148152
-0.0265333 0.146487 0.557626
-0.0524677 0.16722 0.611495
-0.108834 0.183904 0.690621
-0.0349015 0.108536 0.434709
-0.317751 0.231188 1.05986
-0.265927 0.115412 0.496446
-0.0555553 0.14658 0.582824
-0.230269 0.192057 0.846901
-0.46249 0.229085 0.875621
0.0197431 0.0853835 0.654334
-0.00305176 0.264216 1.06035
-0.256523 0.146169 0.505975
-0.27702 0.16117 0.574236
-0.102652 0.245805 0.982204
-0.0528984 0.22952 0.935782
-0.0142811 0.195873 0.783277
-0.362934 0.210314 0.856326
-0.0822366 0.199697 0.754964
0.135399 0.171673 0.560404
-0.313842 0.227692 1.04013
-0.348296 0.192759 0.961153
-0.180447 0.217099 1.20584
-0.305081 0.214355 0.974057
-0.254771 0.129787 0.676048
0.0231159 0.219496 0.826968
-0.109258 0.136054 0.802411
-0.0362247 0.0144781 0.25667
-0.0305596 -0.0181257 0.0642508
0.0920822 -0.0106231 0.231837
0.0751272 -0.0670643 0.26468
0.0843269 0.0238549 0.154853
0.071981 0.0182731 0.118503
0.105536 -0.032056 0.270193
-0.0692446 0.0336298 0.215111
0.104032 -0.0265741 0.255864
0.0626717 -0.00223014 0.24969
0.0893891 0.0118314 0.258716
0.224411 0.109835 0.372673
-0.013786 0.0194964 0.226101
-0.0205844 0.077949 0.397335
-0.0164719 0.0369874 0.262237
-0.126787 0.243504 0.977963
-0.117815 0.250565 1.02145
0.0951708 -0.0345397 0.213486
0.144491 0.0517033 0.207338
-0.041936 0.0156856 0.26032
-0.0525385 0.0436975 0.309735
-0.0620489 -0.00428029 0.27977
0.0964667 -0.0570749 0.242405
0.16529 -0.0662891 0.217307
0.093376 -0.0277046 0.242698
0.144333 0.0273842 0.207308
0.0195934 -0.020249 0.238794
0.0562848 0.0386139 0.231031
-0.0583028 0.0356424 0.252661
-0.0909643 0.0252988 0.189583
-0.106177 0.0317409 0.216758
-0.0153672 0.0454419 0.327257
0.0875302 -0.0292381 0.241469
0.0473939 0.0282889 0.234187
0.138533 0.0694329 0.280056
-0.0264831 0.101724 0.386415
-0.358268 0.192308 0.812465
-0.0394213 0.0170355 0.260223
0.0746252 -0.0270978 0.240666
0.10146 -0.0184941 0.243008
-0.0564604 0.0244464 0.24296
0.0989643 -0.0596593 0.247841
0.00666384 0.0223186 0.274558
0.0480303 -0.0104969 0.238573
0.0798203 -0.0147764 0.214042
0.0886005 -0.00622925 0.234066
0.109819 -0.000487501 0.233838
0.109978 -0.021813 0.170633
0.108521 -0.0395391 0.238987
0.123185 0.0196806 0.207808
0.111151 -0.0300355 0.240992
0.120561 0.0211174 0.197988
-0.00741651 -0.00432912 0.251954
-0.0413429 -0.0133353 0.248541
0.0975421 0.0180162 0.141612
0.153443 0.0281373 0.211499
0.128054 0.0407014 0.263168
0.106367 -0.0287015 0.230599
0.117387 0.0572522 0.247596
-0.0621555 -0.0988892 0.283317
0.0833344 0.0153671 0.241053
0.0396653 0.0645891 0.264969
0.126153 0.0403845 0.258686
0.15357 0.037728 0.218545
0.146858 0.0272766 0.202582
0.106025 -0.000319177 0.225068
0.135667 -0.0262818 0.218625
0.0717731 0.00783676 0.247804
0.0111584 0.0375708 0.230831
-0.0563733 -0.0891486 0.255766
-0.0724661 0.0330465 0.213578
0.0492578 -0.00833366 0.24295
0.106588 -0.029219 0.230791
0.0519002 -0.0515352 0.249607
0.0841293 0.0142109 0.225079
0.0730612 0.00886003 0.253525
0.152947 0.0286198 0.209918
0.119588 -0.0797527 0.24913
0.0410033 -0.0202877 0.230431
0.0804217 -0.0157794 0.247492
-0.143125 0.0680921 0.380658
-0.089145 0.0237219 0.182972
-0.0153449 0.014308 0.234897
0.082576 -0.0789196 0.265703
0.235329 0.123448 0.409536
0.100352 0.0133976 0.249905
-0.0483904 -0.086996 0.264678
0.0912289 0.0144202 0.228644
-0.0962375 0.0217387 0.177854
-0.0913282 0.0259269 0.181472
-0.00711853 -0.00353752 0.229382
-0.0774132 0.0318211 0.230085
0.0827119 -0.00800681 0.259426
0.11838 0.0620683 0.241443
0.124048 0.0648184 0.232348
0.14355 0.0354101 0.205216
0.089158 0.0151318 0.222989
-0.054642 -0.000370392 0.248766
-0.0845712 0.0347106 0.21914
0.036398 0.202381 0.737322
-0.0909802 0.0219847 0.210405
0.16422 -0.0954702 0.320761
0.0879831 -0.0819516 0.276366
-0.111292 0.18888 0.919434
-0.00145751 0.140689 0.978973
-0.139249 0.183255 0.957263
0.0880362 0.000501127 0.223707
-0.01985 0.168956 0.920611
-0.0691125 0.227537 0.918812
-0.233442 0.206701 0.999554
-0.0653027 0.0330374 0.224992
0.0685491 0.00817997 0.240987
0.0481658 -0.011411 0.240349
0.168061 0.0687685 0.226985
0.0678692 0.0600699 0.249766
0.00288546 -0.0107585 0.139917
0.135522 0.0582203 0.194181
0.112481 -0.0279078 0.241926
-0.0449353 -0.0579667 0.246527
0.10704 0.0283165 0.222196
0.0825921 -0.0650048 0.245107
0.0821891 -0.0639827 0.241888
0.0359752 0.188822 0.742496
0.0919471 -0.0248483 0.205128
-0.0451397 -0.0531384 0.272133
0.00346817 0.0336452 0.25645
0.108276 -0.0216741 0.236068
0.0285844 0.0705721 0.256323
0.178132 0.00620619 0.241169
-0.0297297 0.205948 0.964125
0.195988 0.0966597 0.336932
-0.0703553 0.0242161 0.224104
0.0458619 -0.0408299 0.251797
0.0559078 0.0370729 0.238006
0.136271 0.0217841 0.227935
0.0261363 -0.0380313 0.51201
-0.00117495 0.245385 0.952156
-0.0641872 0.210346 0.848193
0.0221893 0.208886 0.775494
0.108983 -0.00960157 0.236114
-0.0195795 0.0276293 0.229405
0.0938286 0.0158488 0.254357
-0.00869501 0.170026 0.718921
-0.0597713 0.0339615 0.244402
-0.0338676 0.180658 0.848685
-0.0069811 -0.0152245 0.236677
0.127819 0.0212058 0.190485
-0.00211313 0.0169116 0.23205
0.109515 -0.0398216 0.239987
0.118229 0.0420309 0.168589
0.194368 -0.00744165 0.266984
0.177885 -0.0337923 0.256339
0.163292 -0.0307495 0.225983
0.132181 0.0163052 0.192998
0.165244 -0.031181 0.227693
0.133601 0.0229432 0.219714
0.138256 -0.0521547 0.17856
0.163616 -0.0764447 0.221349
0.127737 -0.0472656 0.162803
0.161582 -0.033228 0.245396
0.198868 -0.0367087 0.259579
0.196912 -0.03689 0.269352
0.143789 0.00989729 0.21308
0.180339 0.00888349 0.24146
0.169597 -0.0320834 0.23538
0.159481 0.010401 0.234126
0.174765 -0.0319196 0.20619
0.152966 0.0254669 0.213278
-0.0727833 0.0306443 0.216708
-0.158029 0.240717 0.984898
-0.340301 0.20416 0.891135
-0.113249 0.200886 1.16159
-0.383777 0.219391 0.948403
0.0325271 0.0771606 0.284362
-0.114508 0.189708 1.17932
0.0655051 0.0260269 0.104319
-0.0673504 0.202099 0.933093
-0.0812507 0.226122 0.879065
0.0274369 0.215533 0.750391
0.148228 0.0518822 0.206686
-0.0933965 0.0224236 0.177674
0.0815224 -0.00409907 0.232188
-0.0629497 -0.0405259 0.141079
0.182913 0.0904443 0.331715
-0.00196834 0.0162987 0.23035
-0.0955932 0.0267224 0.219499
-0.101501 0.0196513 0.204862
-0.0484009 -0.0662113 0.275892
0.0891549 -0.0302071 0.270435
0.0542165 0.0265833 0.143655
0.135761 -0.0481174 0.190937
0.0785444 0.00531225 0.245293
-0.0593282 0.000396737 0.251668
0.111092 -0.0165882 0.274782
-0.086301 0.0280421 0.182812
-0.0672071 0.0425014 0.279051
-0.0767414 0.035208 0.225886
0.153456 -0.072486 0.210171
0.115588 0.054678 0.188312
-0.0381575 0.0355524 0.223507
0.148991 0.0243243 0.203714
-0.0368111 -0.0329633 0.261282
0.104374 -0.0659282 0.26395
0.0927322 -8.3858e-06 0.233492
-0.0393605 -0.0320943 0.103334
-0.0497161 -0.0571513 0.290114
0.0837987 0.00620373 0.259225
0.0885611 -0.0209201 0.241994
0.140482 -0.0609157 0.188695
0.122823 -0.0811943 0.256257
-0.0317234 0.0390053 0.308683
-0.0466066 0.0293971 0.197112
0.118565 0.0591482 0.236615
-0.0242692 0.0331649 0.235842
-0.00668698 -0.00755424 0.205406
0.13483 -0.0209051 0.204987
0.114324 -0.0412268 0.163675
0.0995229 -0.00036333 0.211955
-0.0562771 0.0353821 0.226173
0.00614704 0.0389384 0.239013
0.0785047 -0.00851875 0.2392
0.145648 0.0207413 0.213312
-0.0879165 0.0286891 0.205274
0.128702 0.0187429 0.189358
0.110709 -0.073939 0.231881
0.149725 0.0527924 0.215941
0.085323 -0.0082031 0.189484
0.133991 -0.0635567 0.183364
-0.0633907 0.0210418 0.218851
-0.00983997 -0.0237522 0.234608
0.126612 0.0329381 0.258216
0.135053 -0.0457486 0.179949
0.155751 -0.0733204 0.209792
0.0639399 0.0195553 0.126413
-0.0474467 -0.0752511 0.265721
0.130309 0.046795 0.18684
0.102098 -0.0194402 0.272761
-0.0290707 0.0428672 0.229417
0.0704916 0.0422629 0.259211
-0.0130809 0.0303992 0.191897
-0.0219965 0.0461354 0.266986
0.000858628 0.0170849 0.162525
0.123958 -0.0104315 0.187709
-0.0398685 0.0425381 0.253233
0.128738 0.0205471 0.216452
0.0723438 0.00449907 0.251499
-0.0355348 -0.0213037 0.0756955
0.140727 -0.0464072 0.187368
0.080375 0.00761917 0.235437
-0.00426987 0.223233 0.935488
-0.0412574 0.101191 0.561183
0.023387 0.165632 0.836922
0.124589 0.0218108 0.205378
0.12448 0.176987 0.624508
0.0817321 -0.0743505 0.254998
0.0839186 0.0103205 0.230889
0.0156803 -0.0176487 0.224758
-0.0166938 0.0168326 0.288459
0.122553 -0.0340093 0.182786
-0.068385 0.0327275 0.209085
0.160848 -0.057708 0.200061
-0.0248791 -0.0179635 0.0600749
0.0939333 0.0180999 0.271037
-0.0643224 0.0300895 0.234059
-0.0738101 0.0120261 0.15534
-0.0280901 0.0391408 0.274225
0.0495147 0.0754108 0.312014
-0.0250933 0.04108 0.297099
-0.081644 0.0271829 0.266807
-0.0530498 0.0506342 0.322081
0.0548435 -0.0139525 0.269489
-0.00690464 -0.00932664 0.0645972
-0.0826575 0.0347843 0.213564
-0.0849166 0.0161289 0.192459
0.133279 0.0744727 0.269626
0.061709 -0.00665067 0.257507
0.0895413 0.0118525 0.259657
0.0541616 0.0404306 0.250241
0.00451576 0.034936 0.265838
-0.0721029 -0.0887773 0.266997
0.066062 -0.0634622 0.209678
0.0834937 0.0200584 0.248981
0.0942735 -0.0020268 0.239529
0.147258 -0.0606982 0.185775
0.15728 -0.0644015 0.197048
0.143284 0.0241095 0.211617
0.0968803 -0.0283594 0.261793
-0.0139777 0.0193009 0.229724
-0.0492123 0.0368029 0.286979
0.116128 0.0606925 0.244393
0.114938 0.0613563 0.220524
0.122027 0.0637899 0.228927
0.0826858 0.0113924 0.241158
-0.0521265 -0.00353683 0.233765
0.0935563 -0.0213193 0.240998
-0.00695354 0.012762 0.243995
0.111727 0.000424296 0.153397
-0.0561886 0.113427 0.653812
0.00902668 0.0561981 0.320706
0.0528753 0.0369792 0.238901
-0.0698514 0.0457544 0.260164
0.0798377 -0.0463955 0.198097
-0.0634353 0.0429708 0.25294
-0.368713 0.262589 1.1425
-0.184885 0.20951 0.776739
-0.320981 0.263035 1.02672
-0.0929144 0.0381765 0.240969
0.0102331 0.115522 0.41579
-0.0040375 0.118828 0.437843
0.122266 -0.000767838 0.183695
-0.00636655 0.134721 0.502432
-0.630866 0.313368 1.37438
0.115357 0.00216538 0.163816
-0.043548 0.0966933 0.386309
0.122275 0.0175004 0.170053
0.108405 0.0590782 0.221338
0.000457617 0.101739 0.353979
0.116053 0.0101425 0.164274
-0.0682602 0.113445 0.423045
-0.0840289 0.125809 0.524378
0.0103194 0.0533198 0.324069
0.131192 0.0253074 0.183266
0.132612 0.00415197 0.179328
0.124299 -0.00598634 0.17377
0.11295 -0.00762357 0.17026
0.00406821 0.081858 0.352367
-0.0577179 0.111419 0.574487
0.107006 0.0615752 0.202525
0.00512474 0.077709 0.393184
0.117461 0.00872631 0.169765
-0.064264 0.0945993 0.507972
-0.141254 0.194952 0.837837
0.115516 0.00623744 0.164708
0.12909 0.0118803 0.191165
-0.00452964 0.111353 0.430407
0.101524 0.0257976 0.21046
-0.00679146 0.0607396 0.265398
-0.126736 0.160432 0.725099
-0.104097 0.0483141 0.232861
-0.0176271 0.0117633 0.168102
-0.0207239 0.0138276 0.19234
-0.0705811 -0.0432108 0.148513
-0.00883841 -0.000385578 0.0103906
0.0713943 -0.0538815 0.198796
0.0692783 0.0641917 0.405755
0.117759 -0.0238295 0.192304
0.10178 0.0299111 0.194291
-0.0851344 0.0242966 0.20087
-0.022344 -0.0167601 0.129238
-0.0924514 0.0174624 0.185516
0.119184 -0.0404423 0.162412
0.115472 0.0232145 0.194738
0.0177769 0.0245952 0.152173
0.141472 -0.061289 0.184542
0.110001 0.009047 0.230325
-0.0614608 -0.000323419 0.282485
0.0170958 0.0512369 0.320535
-0.0666552 -0.0704118 0.218956
-0.00596527 0.00499103 0.0376868
-0.0754994 0.0367037 0.238264
0.00263021 -0.0149245 0.0353357
0.0407459 0.0195076 0.205392
0.0831819 -0.0172985 0.254621
0.0118826 -0.0115867 0.141908
-0.0375956 -0.0363799 0.111788
-0.00609354 -0.000271717 0.259153
0.104402 0.0363458 0.213571
0.00154807 -0.00723265 0.098085
0.138935 -0.0513531 0.187706
0.059548 0.0322374 0.172226
0.153552 -0.0570816 0.206487
0.138889 0.0171302 0.210609
0.0990586 -0.0335435 0.270919
0.0796406 0.0381344 0.203259
0.048434 -0.0232475 0.262293
-0.0725674 0.0135758 0.145003
-0.0443284 0.0497408 0.329473
-0.0671729 0.0185974 0.111186
-0.0936368 0.0211596 0.154888
0.0614876 0.0390432 0.221805
-0.0787503 0.0216936 0.13255
-0.0903678 0.0272663 0.152541
-0.0724722 0.0330883 0.204088
0.0528779 -0.0561496 0.193986
0.110855 0.0498222 0.234444
-0.0798921 0.0161623 0.135952
-0.10774 0.0274718 0.203342
-0.00566695 -0.0094326 0.0627186
-0.0589608 0.022793 0.236589
-0.0496678 0.0291914 0.192774
0.118903 -0.0442421 0.164125
-0.0880429 0.0305126 0.284188
-0.0731483 0.0369763 0.255568
0.14163 -0.0478248 0.189183
0.0849979 0.0192353 0.249567
-0.0470364 -0.0671011 0.264968
-0.0384008 -0.0352879 0.110499
0.0677417 0.0347688 0.183806
0.0881764 -0.0468868 0.329329
-0.0837043 0.0159836 0.196996
0.0836706 0.0503393 0.218998
-0.032482 -0.0177875 0.215379
0.0928103 0.0177788 0.225326
-0.0147042 0.0277093 0.23037
-0.117006 0.0276712 0.221828
-0.102911 0.0218651 0.175791
0.0793778 -0.0140587 0.194507
-0.0446641 -0.0325065 0.106352
-0.0898082 0.020455 0.202507
0.0958549 -0.0238366 0.235202
0.00105096 -0.0164866 0.22628
0.0076039 -0.0107908 0.145926
-0.0463339 -0.00140067 0.196001
0.0054723 0.0459293 0.332858
0.090953 -0.0126133 0.2719
0.0762372 0.0046499 0.267901
0.0751177 0.00613653 0.26168
0.0600497 -0.00566841 0.25138
0.0949044 -0.00379162 0.241899
0.0707923 0.0446853 0.255686
-0.0468723 -0.033211 0.107306
-0.0886389 -0.00864706 0.126134
-0.099222 0.0207546 0.135776
-0.0335187 0.0123698 0.204901
-0.0213094 -0.0264704 0.182426
-0.0175456 0.0124513 0.172725
-0.0294263 0.0377603 0.209296
0.106753 0.054292 0.220867
-0.00712824 0.11907 0.543258
-0.00740524 0.0561699 0.319741
-0.0143777 0.0422401 0.194569
-0.0850277 0.0505063 0.235297
-0.0747063 0.0345826 0.169234
0.0716074 0.009674 0.109694
-0.0691438 0.0533081 0.282357
-0.078692 0.0368914 0.227986
0.102031 -0.00648206 0.152884
-0.00737632 0.0654129 0.281384
-0.074119 0.0311787 0.192956
0.10681 -0.00185131 0.157593
-0.00718243 0.0432689 0.164846
0.105282 0.0054086 0.155393
0.117349 -0.00773886 0.167827
0.115525 -0.0223602 0.251983
0.0906723 -0.0200712 0.246542
0.133886 0.0713308 0.2815
0.116867 0.00957936 0.17448
0.131865 0.00731017 0.194527
-0.0705303 0.0323275 0.157165
0.116322 -0.00525196 0.171611
0.134094 0.00122463 0.196875
0.122335 0.00684429 0.180333
-0.00822278 0.0744257 0.29346
0.00850723 0.113226 0.423177
0.113499 0.00983858 0.163374
0.00767592 0.126319 0.450195
0.126596 0.0221916 0.174253
-0.0172989 0.0124799 0.190462
0.0646523 -0.00254549 0.260873
0.101592 -0.026217 0.26219
-0.0179174 0.0132302 0.115281
0.0237249 -0.0171484 0.0545591
-0.0461896 -0.03991 0.286563
0.0232474 -0.0167909 0.0532896
-0.0811709 -0.00687418 0.135172
-0.0846644 0.0229151 0.136146
-0.0909191 0.0212299 0.149164
-0.0596022 -0.00135117 0.266207
0.105748 0.010836 0.221059
-0.0103474 0.0321431 0.172809
0.0787691 -0.0113049 0.19941
0.0679378 -0.00371944 0.178431
-0.0809946 0.022424 0.135986
-0.0190795 0.0336362 0.222896
-0.011853 0.0430465 0.251654
-0.0133787 0.0268983 0.155903
0.10974 -0.00744763 0.165465
-0.00350803 0.00362894 0.0207408
0.00569504 0.0494796 0.25074
0.059385 0.00436113 0.210843
0.00524521 0.0390729 0.218427
0.00238096 0.0443751 0.243843
0.00734611 0.0433728 0.265441
-0.0231983 0.0144929 0.061769
0.0112187 -0.0169064 0.137449
-0.0257936 0.0168616 0.0717787
-0.0183989 0.0209145 0.10617
-0.020521 0.0231181 0.118282
0.10699 0.0116228 0.267862
0.059883 0.0304545 0.130754
-0.010695 0.0196461 0.0794687
-0.0175011 0.0211482 0.110587
0.00237988 0.0220539 0.0951736
0.00195545 0.0198601 0.0872107
0.107317 -0.00417199 0.153881
0.106138 0.0100626 0.157802
0.117148 0.00863474 0.168887
0.0266389 0.0315568 0.108948
0.111208 -0.00567594 0.155331
0.0991893 -0.00217549 0.148108
-0.0172201 0.0284634 0.199014
-0.0316578 0.033281 0.169907
-0.0382433 0.0374177 0.195454
0.0960937 0.0326217 0.198729
-0.000772109 0.0173845 0.0813969
-0.0227947 0.0122264 0.0559794
-0.00228464 0.0137401 0.078421
-0.000360083 -0.012774 0.108523
0.0144682 -0.0151199 0.187552
-0.0662669 0.0127413 0.107805
-0.0283338 -0.023106 0.161426
0.053031 0.0242046 0.131369
0.117907 0.0234495 0.169428
0.109998 0.00977491 0.157724
0.103276 0.00105121 0.146366
0.121003 0.0189682 0.178218
-0.0226656 0.0310032 0.260543
0.0949144 -0.00626701 0.135929
0.111144 -0.0268105 0.2934
0.150541 0.00629163 0.213538
0.114933 0.00343859 0.163133
0.124772 0.0072518 0.183211
-0.0530972 0.0338118 0.129275
0.124922 0.000796176 0.183378
0.116581 0.00121268 0.171266
0.102897 0.0342941 0.216266
0.130669 0.00145649 0.181267
0.103436 -0.00452546 0.144551
0.133322 -0.00491106 0.186456
0.141154 0.0724734 0.289526
-0.00233821 0.00235865 0.015422
-0.00121485 -0.00248492 0.0360202
-0.00810632 0.021595 0.112072
-0.00987918 0.0230048 0.111256
-0.0110636 0.0235103 0.138074
-0.00229531 0.0228992 0.0992824
-0.016787 -0.025737 0.174623
0.0577314 -0.00976794 0.1595
-0.020703 0.0244548 0.195176
0.0933598 0.0110569 0.257579
0.0715263 -0.0759935 0.268225
-0.0794606 0.0329718 0.243867
-0.0659047 0.0247804 0.203923
-0.0310398 -0.0267162 0.0831122
0.0742561 0.0567009 0.31282
0.0853032 -0.0146895 0.259945
-0.0579202 -0.00320886 0.241676
0.0869442 -0.0231944 0.238187
0.0996215 -0.019571 0.253198
0.0803542 0.00636215 0.233808
-0.0372813 -0.026023 0.0853823
-0.0870557 0.0249071 0.176478
0.00368762 -0.0119316 0.171489
-0.0979766 0.0287444 0.147699
-0.0713515 0.0155325 0.115893
-0.0980505 0.0313878 0.160143
-0.0484623 0.0295335 0.192819
-0.0551372 -0.00329808 0.0888906
0.0597666 -0.0199445 0.178299
-0.0101068 0.0148187 0.0795722
0.0668484 -0.0390477 0.130187
-0.0167692 0.0170252 0.0714734
0.00146127 0.0233236 0.0874332
-0.0178342 0.0203082 0.106387
-0.000451184 0.0201742 0.0949519
0.0844243 -0.00914441 0.20502
0.0370875 -0.0407086 0.190466
0.0896077 -0.0211255 0.229397
-0.0932831 0.0251289 0.151006
-0.0906257 0.0214753 0.145434
0.0797273 0.0268486 0.16413
-0.0541806 0.0364237 0.207315
-0.0946081 0.0275351 0.156371
-0.072397 0.0159423 0.136641
0.0231369 0.00451842 0.0314676
0.0177998 0.00458682 0.0248858
0.107382 -0.0300215 0.234316
0.00598986 0.0356628 0.218408
0.0149868 0.00443919 0.031469
-0.0790397 0.0191441 0.137593
-0.0817774 0.016968 0.138104
0.140447 -0.0476709 0.196886
0.059068 -0.00664083 0.245098
-0.0413311 -0.0446914 0.238434
0.0135709 -0.00637693 0.0288221
0.103718 -0.011814 0.226537
-0.00203393 -0.00356424 0.0177007
-0.000678268 0.00104875 0.0110834
-0.0126398 0.00705674 0.0401745
0.0383787 0.0288822 0.185073
-0.0883622 0.0266496 0.20153
0.0847793 -0.0322571 0.273994
0.0855218 -0.0194613 0.258201
-0.00876354 -0.0155347 0.220073
0.0719291 -0.0205348 0.189218
0.0935852 -0.0862345 0.293562
-0.0354437 -0.0504327 0.208686
-0.0566141 0.0209446 0.234217
-0.0528822 -0.0961119 0.289424
0.104863 -0.0136539 0.263976
0.0715355 0.0428522 0.256569
0.0918787 0.0138077 0.230581
0.0712117 -0.0376686 0.272706
0.106051 -0.0105105 0.231979
0.104615 -0.0108522 0.248737
-0.0909192 0.0308512 0.181334
0.0715223 0.0046058 0.236757
-0.0820042 -0.0621708 0.207787
-0.0595064 -0.00311958 0.258007
-0.0602932 0.018561 0.106812
-0.0692385 0.0312618 0.114002
0.0475754 0.0107037 0.242295
0.0908429 -0.0184778 0.228525
-0.0663847 -0.0640299 0.204921
-0.107054 -0.00802046 0.147257
-0.0153302 0.00250862 0.0233174
-0.0155246 0.00821425 0.0441392
0.0116161 0.00283585 0.0184426
0.0380667 0.0204374 0.0790366
-0.0225687 -0.0289028 0.127968
-0.0351682 -0.0128029 0.198198
-0.0748249 0.0170608 0.136381
-0.055223 0.0258722 0.160363
0.0120251 0.0367743 0.230466
-0.0028989 0.0008381 0.00574785
-0.00293423 0.0156544 0.0823671
-0.0401958 0.0162766 0.102539
-0.00819911 0.0167857 0.0816467
-0.025504 0.0154661 0.0678652
-0.0117622 0.0164066 0.0770802
-0.0231415 0.01329 0.0617921
-0.0138467 0.0161188 0.0724813
-0.0024956 0.0173627 0.075468
-0.00687297 0.0177501 0.0809425
-0.0291699 -0.0295771 0.0911886
-0.0268068 0.0126619 0.0540256
-0.00656021 0.0026869 0.0125122
-0.0274454 -0.0213191 0.0673858
-0.0278522 -0.0211223 0.0674741
-0.0609832 0.00979226 0.127418
-0.045667 -0.034531 0.110446
-0.0430857 -0.034404 0.110093
0.0474865 0.0198306 0.104898
0.041454 -0.00724045 0.0633654
0.00820365 0.00425567 0.0167016
0.0177119 0.00232138 0.0277325
-0.00866031 0.00626876 0.0532737
0.107652 0.0191641 0.176155
0.0760663 -0.0741237 0.250962
-0.0470561 0.0149093 0.161803
0.0339425 -0.00632139 0.0517598
0.129821 -0.025197 0.210501
0.0389215 -0.0140772 0.0529877
0.0276207 0.00447801 0.0403851
0.0266201 0.00432287 0.0390226
0.00952158 0.00312888 0.0193379
0.0425753 -0.0384919 0.236625
-0.0291289 0.00827101 0.0518962
-0.00709186 0.00685913 0.0445125
0.0873301 -0.0289829 0.243776
0.117891 0.0339253 0.248012
-0.00229605 -0.00285456 0.00824811
-0.0145721 0.00342172 0.02457
-0.0339136 -0.0279113 0.086651
0.00028914 0.0073028 0.0478206
-0.00783168 0.00507727 0.0244332
0.064694 -0.00179488 0.25611
-0.0038826 0.00287901 0.0157484
0.101101 0.000941887 0.214324
0.0481803 -0.0163252 0.136856
-0.0451276 -0.0344155 0.267113
-0.139824 -0.145037 0.460921
0.100895 0.0425462 0.221248
-0.00375922 0.00274346 0.0147594
-0.00372302 0.0027291 0.0146059
-0.00372877 0.002702 0.0145581
0.0688713 -0.040814 0.138092
0.00705126 0.034887 0.215096
-0.0564742 -0.00285396 0.241265
0.0867 0.0113844 0.220904
-0.00424362 0.00285704 0.0204134
-0.043096 0.0143733 0.264981
-0.00080026 -0.00792741 0.0484333
0.0624031 0.043764 0.25717
-0.00321276 0.0169969 0.0948035
0.00222736 0.0259859 0.11325
-0.00676013 0.00464197 0.0265161
0.0897529 -0.014837 0.23392
-0.0466543 -0.0542772 0.27094
-0.0215046 -0.0136645 0.0469245
-0.00271674 0.0180945 0.0741092
0.0907479 -0.0569787 0.228161
0.0684513 0.041562 0.17953
-0.0262205 0.009914 0.107273
0.07884 0.0146995 0.19763
0.0969484 -0.0231523 0.24511
0.0658822 -0.0247757 0.215082
-0.0720258 -0.00697332 0.100313
-0.0422732 -0.048274 0.233272
0.0937075 0.0159767 0.241256
0.101825 -0.0282131 0.220368
-0.0177952 0.00857353 0.0676664
-0.00996745 0.00295614 0.0152919
-0.0189726 -0.00773212 0.0301889
-0.00047886 0.000781703 0.0073552
-0.000220047 0.00290128 0.015962
0.0479928 0.0367117 0.235136
0.0714153 0.0153174 0.102147
-0.0594412 0.0150554 0.105356
0.0166904 0.00409598 0.0340843
0.107242 -0.0366722 0.294968
0.0248008 0.00450915 0.0364816
0.0128442 -0.001544 0.0322982
0.026121 0.00456632 0.0429016
0.00405932 0.00210953 0.0146784
0.179495 -0.0627409 0.249637
0.121115 -0.0282622 0.261768
0.123718 -0.0576523 0.17008
-0.0438069 -0.0242804 0.257833
-0.0441682 -0.0496388 0.147031
0.010559 -0.00605384 0.0571706
-0.00440746 0.00119441 0.00737748
-0.0399345 0.0177959 0.119787
-0.0382272 0.0131102 0.118196
-0.0317949 -0.043654 0.178096
-0.0783817 0.0235106 0.158437
-0.07828 -0.0466213 0.162745
-0.00350987 -0.00166959 0.0111432
-0.0791932 -0.00783252 0.0708582
-0.0733554 -0.00716715 0.0661444
-0.0874422 -0.0493644 0.176363
-0.0796777 -0.00781146 0.0713261
-0.0433566 -0.0409773 0.12557
-0.00738756 -0.0103905 0.0319797
-0.0563512 -0.0395935 0.134712
0.097464 0.00442027 0.286139
-0.113235 0.00575864 0.155409
-0.108046 -0.0325522 0.15043
-0.108877 0.01263 0.145586
-0.0959495 0.0277758 0.144816
-0.107855 0.0139053 0.147721
-0.118325 0.0240382 0.154664
-0.10057 0.0400714 0.160539
-0.114429 -0.00869477 0.158505
-0.110048 0.0238543 0.152562
-0.119346 0.00487023 0.163036
-0.0994029 0.0306254 0.163538
-0.084902 -0.00534128 0.140409
-0.0677389 0.0308976 0.184312
-0.0203934 0.0177932 0.0719552
-0.00637858 0.0115903 0.0461652
-0.100038 0.0326049 0.195047
0.000878535 0.0110992 0.0486026
-0.000657268 0.0130432 0.0505306
-0.10003 0.0116655 0.133303
-0.0987104 0.0220875 0.13408
0.0709154 -0.0123234 0.194194
0.1113 -0.0295255 0.239628
-0.0590572 0.0211789 0.128896
0.0939378 0.0153727 0.19892
0.0161033 0.00423401 0.0327759
0.0250263 0.00435737 0.0338333
-0.0869104 0.0217218 0.138436
-0.0784271 0.0205561 0.132532
-0.0745643 0.0229929 0.12682
0.102196 -0.0312799 0.263649
0.123312 -0.00225561 0.187056
-0.0475889 -0.0789956 0.263392
0.107455 -0.000221449 0.228204
0.0917949 -0.0105127 0.225833
-0.00262917 -0.00329974 0.0096578
-0.036415 0.0137937 0.103305
-0.0474601 0.0207309 0.141035
-0.0399383 -0.026124 0.280416
0.064171 -0.0488302 0.180753
0.0623158 -0.0219755 0.086334
0.00773283 0.0292888 0.236065
-0.0239537 -0.0222055 0.13884
-0.00217832 -0.00263078 0.0438679
-0.00635295 0.0110611 0.241897
-0.00553698 -0.0152279 0.230922
0.0384465 0.0250572 0.1429
0.0874431 -0.0225418 0.239445
0.0237478 0.00413267 0.0321331
0.0162071 0.0042427 0.0260603
-0.00126561 -5.73727e-07 0.00554695
-0.0466126 -0.0341177 0.109743
-0.0426133 -0.048494 0.144351
0.0550201 0.0228331 0.121404
0.0508366 0.00728635 0.258577
0.047528 0.0309472 0.180261
-0.0850929 0.0233207 0.183007
-0.00749229 0.00309311 0.0151873
0.0577886 -0.0108557 0.233486
0.0220743 0.00432853 0.0299777
0.0226902 0.00399552 0.0312977
0.0929528 -0.0131334 0.201936
-0.05838 -0.040479 0.133438
0.0511497 -0.00169183 0.267247
0.104338 -0.0234949 0.269269
0.0968863 -0.0310205 0.246015
-0.0194779 -0.0344156 0.107476
-0.089966 0.0247575 0.136488
0.000141443 0.00202105 0.0169389
0.0156525 -0.0132636 0.141739
-0.00481578 0.0082398 0.147041
0.0031663 0.0124033 0.160392
-0.00149799 -0.00209382 0.0134321
0.0711902 -0.012052 0.195
-0.0876058 0.00351206 0.1108
-0.00703245 -0.00410036 0.198736
-0.0752521 0.0251979 0.116872
-0.00347168 0.0146986 0.204812
-0.01158 0.000421913 0.0110546
0.0837804 0.0113233 0.24344
0.0203953 -0.0147888 0.183173
0.0284422 -0.0738492 0.672221
-0.0704836 0.0136396 0.0894941
0.0146392 -0.00529065 0.0197314
0.0445028 -0.00861388 0.0639981
-0.0789247 0.0172653 0.129995
-0.074061 0.0224666 0.126568
-0.081195 0.0371773 0.134214
-0.0547549 -0.0390939 0.128135
-0.0660541 0.0167496 0.117975
-0.0373254 -0.0488618 0.145353
0.105591 0.0186949 0.172486
0.0623052 -0.00203582 0.249041
-0.00822857 0.00127003 0.0113837
-0.00324888 -0.00326334 0.0659956
-0.101251 0.0250802 0.160222
-0.095021 0.0271019 0.149766
-0.0982249 0.0116397 0.13096
-0.0411861 -0.0201106 0.235826
-0.104435 0.0131899 0.134454
-0.0882976 0.0286017 0.147258
0.131387 0.0687792 0.265698
0.103775 -0.00857728 0.244803
-0.00954029 0.00726263 0.117441
-0.00930891 -0.0216519 0.218241
-0.0739604 -0.038401 0.142267
-0.00363377 0.000589289 0.023631
-0.0536274 0.00855546 0.116865
-0.0831811 0.0222071 0.14207
0.130593 -0.0439902 0.183011
-0.0794503 0.0190109 0.135847
0.0833556 0.0307846 0.177819
-0.0745356 0.0232655 0.123914
-0.079366 0.0241299 0.126607
-0.0405209 -0.00397439 0.0651468
-0.0579957 0.0189958 0.134161
-0.0528328 -0.044244 0.143992
-0.0279723 -0.00271788 0.0342285
-0.0829971 0.0264172 0.139374
0.0505994 -0.0518111 0.246821
0.00762932 0.0402136 0.235242
-0.00227055 0.0026784 0.019041
0.0481595 -0.0302805 0.375395
-0.0844883 -0.0572206 0.195639
0.0540172 0.0417265 0.230829
-0.0128013 0.0106298 0.175901
-0.00893362 -0.0155229 0.208727
-0.00322934 -0.000148089 0.0111
-0.0199797 -0.00543394 0.114935
-0.032092 0.0097853 0.114551
-0.0546638 0.0109708 0.128131
-0.0367783 -0.041288 0.124704
0.0111722 -0.000544572 0.0367194
-0.0433337 0.0201841 0.116061
0.0849074 -0.0337944 0.108792
-0.0360226 0.0138806 0.117781
0.106181 -0.0657524 0.263417
0.110559 -0.0296904 0.294872
-0.0470633 0.0196512 0.120716
-0.0777488 0.0266757 0.131626
-0.0757537 0.0204451 0.129363
-0.0729561 0.0157227 0.132652
-0.0807193 0.0329181 0.130585
-0.0627601 -0.0409503 0.136533
-0.00265112 0.000903605 0.00493616
0.098434 -0.00251474 0.20955
-0.0758774 0.0205703 0.129595
0.0790172 -0.00691753 0.20439
0.116714 -0.0354851 0.15631
0.0925015 -0.0334835 0.207004
-0.0541829 -0.0600264 0.180833
0.131869 -0.0330019 0.324102
0.00608867 0.0209299 0.231105
-0.00192286 -0.00325641 0.0257143
-0.00405549 8.05228e-05 0.00862672
0.0541464 -0.0531228 0.186212
-0.0202629 0.00709502 0.0766776
-0.00533271 0.000648321 0.00520531
0.0923319 -0.0145474 0.145289
0.127534 -0.0519862 0.161994
-0.00466364 0.005627 0.0390394
0.125152 -0.0526225 0.169062
0.0211979 0.00415743 0.0287244
-0.012299 0.00700513 0.031916
0.00817228 -0.00185012 0.0202004
0.100961 -0.0596032 0.25319
-0.0172105 0.00415024 0.0266924
-0.0828316 0.0216376 0.131424
0.0712101 -0.00439792 0.0870614
-0.00475631 0.0149122 0.263665
-0.0660502 0.0264224 0.221796
0.0522769 0.036183 0.235615
-0.00262846 0.0023411 0.0214688
0.0583636 -0.0237474 0.0764055
0.0645979 0.00126427 0.0968562
0.0490088 -0.0547487 0.190728
0.0235306 -0.00187436 0.035225
-0.0128822 -0.00760605 0.0316534
-0.0126194 -0.00741226 0.0310287
0.111023 -0.0296261 0.242401
-0.073424 0.0306605 0.224586
-0.00147191 -0.00150772 0.00371304
-0.00818951 0.00205022 0.011737
0.00790626 0.00395055 0.0256462
0.0425051 0.0161203 0.0910654
0.0630083 0.0118926 0.0957129
0.0373588 0.0161507 0.0863813
0.0533411 0.00547061 0.0795469
0.113988 -0.035678 0.156512
0.0825786 -0.0330505 0.105744
-0.000971757 -6.36051e-05 0.00410811
0.0983452 -0.061059 0.244569
0.0313468 0.0536437 0.215858
0.0951531 0.0231782 0.198539
0.0545242 0.0282533 0.119035
-0.0389885 -0.0226421 0.25526
-0.04296 -0.04167 0.301071
-0.0166986 0.00326841 0.0323578
-0.0376603 0.018434 0.155392
0.0166715 0.00420005 0.0231994
-0.00410902 0.0033227 0.0147074
-0.0575474 0.0232404 0.126027
0.0230247 0.00456752 0.0328676
-0.00599734 0.00213774 0.0134185
0.0146579 -0.00529585 0.0197556
-0.0734546 0.015769 0.127128
-0.0949574 0.0345036 0.145914
-0.0199166 -0.0349434 0.103173
0.0867487 0.0162694 0.249569
0.104697 -0.0191148 0.248955
-0.0802777 0.00482453 0.135987
-0.0861824 0.00339478 0.146522
-0.00836679 -0.00601689 0.0393472
-0.0778036 0.0238202 0.132789
-0.090527 0.0205692 0.144756
-0.10238 0.033712 0.158854
-0.095233 0.0268301 0.150533
-0.0251903 0.00849014 0.100187
-0.0524387 0.0163144 0.18182
0.0998781 -0.0321224 0.251903
0.0964099 -0.0610364 0.24508
0.000562898 0.00373811 0.0245392
-0.0447746 0.00763213 0.0426382
-0.0171436 -0.0240903 0.0859082
-0.0444882 -0.0039769 0.0575271
0.0333064 0.0355224 0.224855
0.00393057 0.0207759 0.209421
-0.144547 -0.13124 0.427568
0.0255917 0.00474163 0.037727
-0.055813 -0.0478751 0.150134
0.0436384 0.00228452 0.065451
0.0885603 -0.0515609 0.222535
-0.00263264 -0.00330496 0.00960604
0.0254324 0.00250546 0.0374532
0.00597757 0.00321889 0.0214462
-0.0125642 0.00871988 0.133965
0.0972807 -0.00205948 0.207489
-0.0584314 0.0117842 0.104325
0.0515987 -0.0571584 0.197985
-0.000684582 0.000824552 0.0244615
-0.107848 -0.0224857 0.172621
0.000561947 5.53659e-05 0.00174924
-0.0955654 -0.0199331 0.152938
0.0382641 -0.0429216 0.146741
-0.00254201 -0.00284972 0.00571039
0.0152495 -0.0224793 0.179995
-0.0805364 0.0239597 0.132708
-0.0280171 -0.03846 0.109367
-0.0387372 -0.0420449 0.128788
-0.0292337 -0.0361026 0.106385
0.0880444 -0.00509167 0.225084
-0.0506152 0.0186582 0.159171
-0.0518145 0.0191084 0.163799
-0.0592076 0.0122237 0.140502
-0.00348856 0.00325906 0.0276879
-0.0381294 0.0162614 0.100832
0.0447571 0.0336456 0.211095
0.0820461 0.00568872 0.275602
0.0357373 0.0129016 0.0762055
-0.0145322 0.00466116 0.0555006
0.0379192 0.0131178 0.0826095
0.0432334 0.0142311 0.0946063
-0.0850854 0.0211344 0.136876
-0.0797492 0.0175472 0.138861
-0.0253211 -0.0421119 0.123809
0.115478 0.0190473 0.196023
0.113766 0.0187107 0.193191
-0.0385443 0.0141825 0.0778012
-0.0013779 -0.000161447 0.00189868
-0.0822299 0.0256513 0.133223
-0.0162945 -0.00231909 0.0141134
-0.0886847 0.0281803 0.148691
-0.00216435 -0.0117716 0.0256033
-0.0021644 -0.0117716 0.0256033
-0.00806405 -6.7669e-05 0.00882503
-0.0295338 0.00930831 0.103068
-0.0307374 -0.0284478 0.139272
-0.0157934 0.00122847 0.0169715
-0.00464218 -0.00202033 -0.00252237
-0.0382651 0.00454759 0.0155133
-0.0199954 -0.0047776 0.0226272
-0.0725568 -0.0543221 0.173146
-0.0280552 -0.0464328 0.128906
-0.0403643 -0.0689679 0.204967
-0.0116515 0.0108007 0.170444
-0.0546032 -0.074604 0.307498
-0.00748891 -0.0186657 0.042329
-0.0353517 -0.0702018 0.198289
-0.00297322 -0.000242223 0.00149226
-0.0142254 0.00876442 0.120563
-0.000395303 -0.000569075 0.000853078
-0.00575999 0.00169255 0.00758651
-0.0413872 -0.0628873 0.219911
-0.071736 -0.0133525 0.0678799
-0.0137612 0.017918 0.177112
-0.0114931 0.015944 0.143212
-0.0733816 0.023686 0.156611
-0.0300094 -0.0472481 0.133776
-0.0398365 0.0167179 0.117843
-0.0464961 -0.0416443 0.129703
-0.00865428 -0.0125477 0.0389772
-0.059312 -0.0398471 0.136676
-0.0467581 -0.0292663 0.275327
-0.0816986 0.0347308 0.128935
-0.0254858 -0.0102748 0.0411181
0.00790543 0.00507211 0.0293576
0.0020684 0.0149771 0.144338
0.00615061 0.0310116 0.191643
-0.00273324 -0.0066158 0.0435881
0.000933268 -0.00493408 0.0417254
-0.00169889 0.000613658 0.00676653
-0.0392823 -0.004589 0.235243
0.0296406 -0.0227136 0.24992
0.0337636 -0.0233983 0.278932
0.0444578 -0.0262016 0.300546
-0.000361623 -0.00105689 -0.00153383
0.018713 -0.0384977 0.542784
-0.00244898 -0.00235759 0.00537723
-0.020577 -0.0232435 0.063579
-0.0443155 0.0205868 0.128359
-0.00293717 -0.0046343 0.00716312
-0.00791569 0.00373684 0.013546
-0.00812077 0.00916861 0.19189
-0.00198084 0.00107962 0.00960313
-0.0508102 -0.0436889 0.136083
-0.0269609 -0.0303168 0.147358
-0.00869029 -0.00954291 0.0398332
-0.000608468 -0.0016045 -0.00045638
-0.0052088 0.000603814 0.0139868
-0.0327311 0.0109183 0.0300824
-0.0659203 0.0168165 0.150197
-0.0260219 0.00831318 0.095488
-0.0480077 0.0199609 0.123197
-0.0676689 0.0114481 0.154441
-0.0429757 -0.032356 0.24095
