0.0166708 -0.121368 0.822427
-0.35442 0.312404 1.60467
0.401912 0.250463 0.70817
0.00321851 -0.15782 0.798216
0.447664 0.0495841 0.721055
-0.645175 -0.05364 1.36804
-0.543438 0.349036 1.35571
0.203249 0.084274 0.65387
0.0523363 -0.0144427 0.469899
0.44063 -0.0142187 0.779781
0.171303 0.00641454 0.679899
0.402325 -0.0380281 0.702223
0.345726 -0.0808919 0.656618
0.334559 -0.0492829 0.773894
-0.242177 0.243672 1.83217
-0.338689 -0.113665 0.745746
-0.0790727 -0.265044 0.882202
-0.155858 -0.175973 0.781603
-0.291507 -0.178373 0.805837
-0.00477047 -0.098711 0.630668
-0.207469 -0.140028 0.773013
-0.385031 -0.160931 0.676353
-0.285484 -0.0857388 0.72496
0.0824936 -0.01889 0.627641
0.0620164 0.0383579 0.801862
0.203135 0.139055 0.780558
0.165231 -0.0795908 0.871738
-0.143851 -0.0558679 0.785304
0.351951 0.077084 0.660752
0.338358 0.183593 0.664012
0.249983 0.0382091 0.687438
-0.0328724 0.0548926 0.799452
0.0996927 -0.256647 0.864006
0.176863 0.108829 0.922539
0.190861 0.165639 0.717178
0.0173081 0.152008 0.688371
-0.626489 -0.243023 1.0629
0.238176 0.0795724 0.603234
0.320754 0.0978951 0.681438
0.268352 0.101355 0.648831
0.293932 -0.17785 0.739222
-0.0531163 0.0354954 0.713644
0.0980058 -0.253077 0.851401
0.291522 -0.0511427 0.767819
0.0563201 -0.165769 0.806931
-0.14776 -0.253372 0.818783
-0.168225 -0.0818412 0.788453
-0.20515 -0.139386 0.775035
-0.0574544 -0.0730744 0.811548
0.0620144 0.111711 1.03701
-0.0102375 0.0155071 0.0996869
0.00774514 0.456188 1.7324
0.0528052 0.476781 1.81349
0.150856 0.118028 0.734841
-0.646529 0.372743 1.47612
0.145596 0.387029 1.54891
-0.229265 -0.0476463 0.744086
-0.438215 -0.165762 0.686367
0.183033 0.0964848 0.717965
0.0166501 -0.0666877 0.810015
-0.0645458 -0.0766779 0.876462
-0.343224 0.537842 1.73975
-0.521007 0.358214 1.52264
-0.821293 0.313875 1.46938
-0.981411 0.134148 1.50178
-0.389394 -0.139964 0.772365
0.0878965 0.0997596 0.787984
-0.885737 0.348457 1.46405
-0.155099 -0.173649 0.760166
-0.0646369 0.0288735 0.736834
-0.486333 0.388072 1.59246
0.232821 0.240318 0.706639
0.0370684 0.48284 1.67541
-0.407292 -0.162657 0.756346
0.291589 0.194414 0.649932
-0.351314 -0.136587 0.688263
0.17345 0.576974 1.58188
-0.283313 0.466149 1.60108
-0.126616 0.489714 1.64254
-0.0786718 0.00917469 0.689066
-0.111148 -0.00347779 0.764661
0.341321 0.0078007 0.608937
-0.658525 0.223376 1.60909
-0.382183 0.395021 1.37872
-0.240769 0.326426 1.61067
-0.904396 0.27686 1.38788
-0.390449 0.529294 1.56186
-0.847406 0.171693 1.52276
0.198845 0.175435 0.707019
-0.17923 0.441122 1.61857
0.0740395 -0.155084 0.794853
0.362282 0.178245 0.656927
-0.0736862 -0.186594 0.774957
-0.778181 0.228831 1.52379
-0.903922 0.03849 1.53172
-0.015555 -0.0544683 0.782546
0.0219335 0.441642 2.08614
-0.121941 0.00160546 0.815078
-0.0231719 -0.137387 0.82721
0.117146 0.535717 1.68794
0.2263 0.0974403 0.646468
-0.0210954 0.0630692 0.775185
0.038283 0.564906 1.65198
-0.871464 0.334557 1.4312
-0.223407 0.515404 1.58611
-0.943476 0.258023 1.42267
0.190844 0.0679664 0.813797
0.463399 0.603379 1.78672
-0.435352 0.214128 1.69712
0.0877219 0.390374 1.69612
0.0665345 0.397123 1.71228
-0.715984 0.0220842 1.68798
-0.743885 0.143443 1.55978
-0.05866 0.496509 1.51755
-0.183727 0.556472 1.56493
-0.0593385 -0.058017 0.770367
0.287669 -0.0984073 0.770042
0.209519 0.123512 0.719888
0.429274 -0.0990323 0.838897
0.352926 -0.0539894 0.812147
0.284577 -0.0495823 0.824054
0.348043 -0.108953 0.72096
-0.0729733 -0.194037 0.79821
-0.442541 0.385309 1.59424
0.0996383 -0.0605301 0.664005
0.299559 -0.0526636 0.779745
0.146738 0.102977 0.606755
0.199651 0.0150558 0.908582
0.22463 -0.134027 0.957636
0.128016 0.112167 0.821952
0.0581018 -0.157666 0.777805
-0.0307052 -0.051601 1.06531
-0.313312 -0.191656 0.881866
0.188905 0.164299 0.719218
0.255274 -0.106134 0.83354
-0.240684 -0.227121 0.879407
0.0177033 -0.0529355 0.829896
0.308649 0.0505601 0.610004
-0.287608 -0.142912 0.731013
-0.248936 -0.324637 1.15459
0.244456 -0.14223 0.708203
-0.319381 -0.158996 0.749537
0.160403 0.00544339 0.86409
0.0985594 -0.211025 0.868301
0.555672 -0.266959 1.09499
0.191909 -0.0466168 0.890355
-0.0549485 -0.0559596 0.772707
0.367598 0.0177553 0.66573
0.386981 0.0984405 0.675788
0.293052 -0.15041 0.864989
0.165201 0.124283 0.758339
0.216799 -0.00482271 0.639792
0.265496 0.181437 0.647335
0.0511178 -0.00779085 0.855932
0.0985823 0.117749 0.751369
-0.0938646 -0.0405637 0.823466
-0.0868409 -0.210136 0.727181
0.280006 -0.0601681 0.553074
0.324317 -0.0665106 0.643756
-0.753609 0.239037 1.57247
0.0657273 -0.117654 0.788072
0.0475054 -0.000953755 0.817613
0.198503 0.171585 0.73409
-0.407502 -0.203998 0.740401
0.59328 -0.28471 1.07688
-0.282293 -0.140136 0.711331
-0.208543 -0.030489 0.892679
-0.075769 -0.0142443 0.460024
0.0053988 0.0656218 0.772428
0.273 0.182108 0.634708
0.168244 -0.143305 0.921418
-0.456765 0.117069 1.74934
0.291855 0.172289 0.642528
0.0861715 0.0856542 0.77674
0.150829 0.107227 0.765985
0.0138631 -0.20387 0.807356
-0.268771 -0.0818327 0.74623
-0.237741 -0.233152 0.693008
-0.0190653 0.0266029 0.781181
0.065749 -0.1178 0.784065
0.0543018 -0.00435693 0.810097
0.0204644 -0.252765 0.79889
-0.0162099 0.0398084 0.886333
0.247464 -0.122239 0.886566
0.271823 0.106007 0.660277
0.250487 0.205074 0.645607
-0.0210178 -0.255028 0.894058
-0.220656 -0.115475 0.757936
-0.147157 -0.0136113 0.702331
0.142361 0.141641 0.716347
0.551524 -0.333974 0.964235
0.401666 0.101802 0.723919
0.339226 0.211325 0.653722
0.266583 -0.0781515 0.699566
0.137985 0.0224725 0.809216
0.399589 0.229784 0.699325
-0.38863 -0.197527 0.768263
0.130077 0.0621159 0.639873
-0.482374 0.398121 1.29085
-0.409362 -0.172038 0.611198
-0.483614 -0.188946 0.699057
0.301327 0.554978 1.69489
-0.799748 0.196851 1.36766
-0.595625 0.454758 1.41077
-0.865543 0.180401 1.41937
-0.886285 0.270667 1.35532
0.472341 -0.38571 1.16121
-0.55799 0.254661 1.52495
-0.772993 0.447497 1.53773
-0.413136 -0.183652 0.768388
-0.418726 -0.160494 0.623211
-0.943927 0.00039105 1.49097
0.242372 0.1058 0.686585
0.0627878 0.0379113 0.788869
0.276776 -0.0506535 0.805622
0.1866 -0.175286 0.585627
-0.125496 -0.195001 0.804974
0.143483 -0.196972 0.928118
-0.141213 -0.0133954 0.668609
0.16584 0.0841725 0.683187
0.188838 -0.0930608 0.912864
-0.0852406 0.0177232 0.756997
0.295029 0.00934582 0.657479
0.118097 0.00535655 0.651053
0.206012 0.0869751 0.655575
0.362747 -0.0522973 0.61345
0.163375 0.00497414 0.886054
-0.12683 5.48376e-05 0.746885
0.121001 -0.121678 0.864212
0.127141 -0.296313 0.906281
0.392303 -0.0896161 0.820104
-0.209052 -0.214283 0.777693
-0.123505 -0.053744 0.832308
0.11778 0.0970229 0.810177
0.138903 -0.0346925 0.847727
-0.0869444 0.00431764 0.77554
0.146877 0.0173145 0.662871
-0.467912 -0.189971 0.834839
0.059874 0.0876815 0.810312
0.152752 0.144138 0.712566
-0.187183 0.480258 1.73362
0.244626 0.207647 0.671657
0.195861 -0.0429354 0.705463
-0.187531 -0.279923 0.914509
-0.0115165 -0.0633987 0.903666
0.255283 -0.106236 0.837378
0.106271 -0.0137323 0.730921
0.366999 0.096304 0.634101
-0.737297 0.280621 1.47157
-0.318364 0.496051 1.56046
-0.219839 0.561172 1.61324
-0.790167 0.328863 1.4533
-0.682092 0.282971 1.48464
0.332101 0.177597 0.647603
-0.785839 0.280029 1.57334
-0.0101687 -0.155605 0.777288
-0.119797 0.457217 1.63697
-0.805373 0.328083 1.3811
0.341933 -0.0297763 0.624707
-0.898445 0.0492879 1.5254
-0.405962 0.103916 1.5538
-0.0745873 -0.189372 0.788836
0.328823 -0.0326892 0.697674
0.0287707 -0.149448 0.818393
0.202895 0.0322435 0.817153
-0.0582762 0.00748461 0.800718
0.0884656 0.023722 0.788299
0.0225455 -0.198673 0.764521
0.328899 -0.0631571 0.767371
0.0793711 -0.0578831 0.840068
0.302791 0.0961483 0.63936
0.14843 -0.0244123 0.628862
-0.0321537 0.014488 0.792443
-0.22634 -0.116404 0.720125
0.100863 0.105298 0.77861
0.130563 -0.0818204 0.881224
0.0868028 0.386076 1.69337
0.317305 0.0679926 0.744183
-0.570003 0.1093 1.57801
-0.282962 0.311699 1.78144
-0.111235 0.325655 1.38028
-0.627719 0.0795469 1.77567
-0.133202 -0.176135 0.858803
-0.446743 0.11039 1.68789
-0.494948 0.392623 1.57271
-0.0513822 -0.0263869 0.772037
0.27916 0.0164755 0.650924
-1.09283 -0.210434 1.78926
0.245629 0.0613929 0.660585
-0.808764 0.298521 1.38731
0.327238 0.179468 0.692881
-0.0158668 0.0544899 0.762973
0.55975 -0.322571 1.14852
-0.402707 -0.165451 0.669507
-0.311217 0.191623 1.73553
-0.129522 0.393448 1.6942
-0.896677 0.0428134 1.52136
-0.242251 0.334718 1.6542
-0.270379 0.438661 1.51549
-0.272015 0.365908 1.53532
0.122191 0.548324 1.73298
-0.216732 0.484421 1.6554
-0.754521 0.447421 1.34333
-0.310308 -0.169107 0.766657
-0.269753 0.401302 1.51483
0.102071 -0.108528 0.869543
-0.291381 0.311891 1.786
0.271797 0.11398 0.69805
-0.258299 -0.121817 0.522209
0.0496767 0.447575 1.73154
0.222387 0.180153 0.622954
0.368914 -0.086229 0.881883
-0.576139 0.248398 1.6138
0.170025 0.0113447 0.824779
0.247677 -0.173509 0.638772
0.438713 -0.355187 1.07453
0.0913408 0.00328409 0.798434
0.352844 -0.0506937 1.39214
0.37356 -0.0909449 0.896946
0.303307 -0.170465 0.868967
0.0749834 -0.017276 0.604343
0.574078 -0.339005 1.10046
0.223406 -0.0388165 0.780172
0.248218 0.201529 0.641097
-0.206633 -0.25394 0.761979
-0.0858389 -0.0149343 0.753053
0.483331 -0.380131 1.14301
0.268518 0.0377306 0.673158
0.100619 0.0069722 0.834713
0.0144183 -0.125527 0.798916
0.23498 -0.290466 0.855883
0.363118 -0.27015 0.975013
-0.251487 -0.0846838 0.756356
0.113003 0.0932888 0.787666
0.325343 -0.0463962 0.754153
-0.0505242 0.0341567 0.670949
-0.0914958 -0.0169616 0.785809
-0.0465339 -0.0552534 0.827138
0.00393343 -0.136462 0.879856
-0.38737 -0.174813 0.786641
0.719189 -0.229348 1.15166
-0.0134557 0.036519 0.789939
-0.0455491 0.0194132 0.776322
-0.175619 -0.0806006 0.765252
0.0389626 -0.25606 0.831774
-0.0251376 -0.220232 0.808323
-0.025055 0.0412359 0.768225
-0.240707 -0.125293 0.781577
-0.372447 -0.17042 0.74662
0.0862072 0.0861118 0.779239
0.104988 -0.041075 0.754046
-0.462128 0.429267 1.56244
-0.0523229 -0.0427563 0.822732
-0.268131 -0.0748707 0.691116
-0.16468 -0.0249062 0.754036
-0.209851 -0.143687 0.822417
0.0911827 -0.304614 0.893884
0.0961151 -0.08617 0.860126
0.130268 0.0618702 0.837219
0.193425 -0.0675348 1.00788
0.344925 0.0897339 0.602541
0.246608 0.0586993 0.664677
0.101947 0.0564419 0.855559
-0.138565 -0.0214061 0.582958
-0.100505 -0.0164063 0.310588
0.164193 -0.173859 0.876601
0.427309 -0.349075 1.0526
0.325657 0.134374 0.641014
0.02851 0.0512215 0.784801
-0.0235846 0.00803876 0.799904
0.0440281 0.0313909 0.777472
0.200533 -0.0176822 0.849918
0.397087 0.240844 0.700709
0.26511 0.0907226 0.666442
0.373697 -0.067232 0.773854
-0.028097 -0.0179863 0.840397
0.278244 0.167136 0.662504
-0.40319 -0.139821 0.738684
-0.0114622 -0.178039 0.805551
-0.262884 -0.0775436 0.613246
0.360118 -0.187962 0.947169
0.356044 0.112073 0.668408
0.36102 -0.064565 0.748408
-0.243478 -0.126579 0.736739
-0.992524 -0.0711624 1.59708
-0.816551 0.00754991 1.56829
-0.0893936 0.504391 1.59615
-0.834299 0.373598 1.45401
-0.0152046 0.537437 1.56119
0.308032 0.16418 0.633287
0.582605 -0.320635 1.08526
-0.895325 0.250423 1.39714
0.214727 0.461836 1.70754
0.504632 -0.251109 1.03513
0.087207 0.011767 0.83312
-0.410949 -0.202375 0.711574
-0.138456 -0.220386 0.79881
-0.13787 -0.217571 0.78912
-0.183228 0.41085 1.62023
-0.0438891 0.0397484 0.773051
-0.691544 -0.00141807 1.68886
-0.410971 -0.206144 0.752379
-0.111265 -0.0250579 0.601254
-0.121137 -0.0682252 0.787637
-0.210832 -0.127119 0.793258
-0.449053 -0.206979 0.786211
-0.0741971 -0.0877143 0.815456
-0.0824657 -0.0114659 0.796074
-0.09638 -0.169634 0.815307
-0.115739 -0.244478 0.861868
-0.0109873 -0.279592 0.832048
-0.111188 -0.196737 0.767659
-0.0697765 -0.20201 0.790511
-0.0136265 -0.274965 0.842108
-0.0157062 -0.229067 0.809971
-0.0693132 -0.155434 0.808899
-0.0256839 -0.21827 0.802901
-0.259089 -0.236926 0.778751
-0.201487 -0.252332 0.756115
-0.253179 -0.2502 0.747867
-0.690918 0.392121 1.51256
-0.736545 0.298328 1.53936
-0.711474 0.472234 1.43042
-0.155013 -0.208335 0.760136
-0.174572 -0.217874 0.755258
-0.154879 -0.233832 0.771978
-0.877404 0.343292 1.29034
-0.808315 0.404864 1.49157
-1.12964 0.355135 1.66237
-0.765906 0.317986 1.46846
-0.531188 0.501044 1.51702
-0.920909 0.329767 1.51626
-0.867759 0.430099 1.4075
-0.886116 0.433552 1.34171
-0.804128 0.393116 1.35658
-0.850212 0.510506 1.52066
-0.968703 0.0148626 1.89022
-0.678356 0.256777 1.51573
-0.943806 0.0611289 1.43954
-0.796311 0.0912092 1.54191
0.385689 0.524374 1.62354
-0.395405 -0.135483 0.611424
-0.306953 -0.0956278 0.684002
-0.361819 -0.127665 0.741795
-0.335721 -0.276589 0.790051
-0.743014 -0.00880201 1.23534
-0.371734 -0.289412 0.799663
-0.260823 -0.109204 0.75554
-0.897633 -0.0469368 1.4834
-0.37183 -0.188515 0.729236
-0.979201 -0.0138982 1.50232
-0.941935 -0.0667804 1.50869
-0.363821 -0.189415 0.770167
-0.277771 -0.154686 0.678798
-0.361588 -0.200376 0.608368
-0.413358 -0.155079 0.738897
-0.556922 -0.203474 0.959719
-0.491801 -0.190967 0.727956
0.181023 0.156595 0.70762
0.0610452 -0.0574614 0.813503
0.189244 0.131085 0.607652
0.300714 0.0824268 0.629951
0.012475 0.0699988 0.768706
0.0840501 0.0442819 0.705243
0.188263 0.0944688 0.705697
0.331042 -0.0577178 0.76682
0.153656 -0.0270034 0.823241
-0.158267 -0.129503 0.689216
-0.00083836 0.0129021 0.754536
0.192525 -0.0459284 0.607978
0.207106 -0.0296612 0.700677
0.109406 -0.223638 0.930656
0.323776 -0.181833 0.873357
0.410108 -0.085197 0.833715
0.0218117 -0.174164 0.770131
-0.792085 0.280925 1.5429
-0.0599559 -0.0609087 0.772982
-0.178759 -0.242981 1.05788
-0.223165 -0.145459 0.795155
0.223829 0.00382483 0.526248
0.266888 0.034836 0.66854
0.29993 -0.226453 0.99914
0.252108 0.15647 0.700593
0.0627614 -0.015998 0.879729
0.328557 0.0462824 0.644122
0.269662 0.110117 0.689342
0.0300868 -0.107949 0.841183
0.239222 0.00104529 0.696929
0.191037 0.165578 0.72997
-0.942601 0.173529 1.44203
-0.147955 0.439162 1.62753
-0.227692 0.378057 1.6483
-0.0866434 0.483252 1.75686
-0.0827288 0.383582 1.76094
-0.992709 0.176006 1.46854
-0.898909 0.230947 1.61304
-0.0644427 0.420984 1.7784
-0.218411 0.566761 1.63037
-0.969411 0.26625 1.46634
-0.365572 0.432212 1.57514
-0.0669653 0.51158 1.614
-0.214333 0.46005 1.58417
-0.420229 0.51801 1.56731
-0.326814 0.374378 1.64204
-0.0873654 0.493658 1.5632
-0.411128 0.448367 1.51153
-0.334926 0.464888 1.59208
-0.383972 0.522225 1.52906
-0.037957 0.0394726 0.839897
0.249237 -0.154722 0.898269
-0.537046 0.255699 1.60618
-0.495618 0.159008 1.50226
0.21499 -0.0235037 0.81917
0.17462 -0.0244022 0.853388
0.0387435 -0.135696 0.788442
0.182072 -0.00707911 0.707269
0.302586 -0.0469938 1.02816
0.0040218 -0.122392 0.807875
0.108672 -0.135898 0.924352
0.211845 -0.30462 1.06835
0.225871 -0.250391 1.04214
0.000359136 -0.0354423 0.834605
0.234169 -0.243599 0.956075
0.0663637 -0.281048 0.867487
0.019937 -0.00235708 0.890607
0.0380456 -0.254737 0.823845
0.0359385 -0.240001 0.827823
0.116877 -0.311167 0.846555
0.070232 -0.223753 0.828506
0.157027 -0.222202 0.949519
0.0982437 -0.195201 0.841589
0.502528 -0.0160387 0.875317
0.013229 -0.205287 0.811509
0.355679 -0.0321076 0.618468
0.588567 -0.178183 0.979153
0.657726 -0.319603 1.14824
0.360778 -0.333933 0.930097
0.578871 -0.310118 0.98909
0.600352 -0.335479 1.0901
0.675586 -0.263406 1.12518
0.668383 -0.336439 1.0568
0.499965 -0.360524 1.02311
0.199759 0.172868 0.734617
0.279558 0.528617 1.76336
0.0168099 0.439687 1.69387
0.133843 0.602616 1.66349
0.0639632 0.392881 1.68914
0.140515 0.139975 0.738177
0.210619 0.181246 0.746979
0.147421 0.560799 1.76377
0.269798 0.610933 1.72265
0.188691 0.0556351 0.838154
0.175544 0.0824418 0.784592
0.147662 0.0911458 0.801679
0.0895721 0.0706922 0.791858
0.233449 0.11924 0.697893
1.18931 0.618334 1.77529
0.370189 0.174283 0.66746
1.16203 0.550908 1.77487
0.261364 0.154156 0.672607
0.23933 0.149714 0.690555
0.245153 0.217148 0.670195
0.320844 0.194004 0.633057
-0.310533 -0.122957 0.740274
1.19722 0.052926 1.88509
0.359415 0.164265 0.775632
0.0565948 0.0603438 0.783473
0.0834065 0.10816 0.800383
-0.441876 -0.177553 0.702612
-0.224026 -0.237847 0.748799
-0.137044 -0.00809205 0.804034
0.134775 0.13827 0.758441
-0.190639 -0.070652 0.757014
-0.283751 -0.102708 0.734257
0.162206 0.14692 0.76943
0.273948 0.202549 0.644179
0.111686 0.111761 0.775192
0.290978 0.184421 0.634795
0.175391 0.111506 0.716854
-0.361667 -0.133033 0.732319
0.0329787 0.0531561 0.770645
0.208354 0.015985 0.846358
0.289909 0.189705 0.615843
0.123053 -0.0623866 0.840197
0.0134343 0.0367638 0.755341
0.0512585 -0.0226495 0.851902
-0.285357 -0.0661919 0.886633
-0.0421074 -0.0233633 0.776057
0.177717 -0.0540696 0.884263
-0.198108 -0.280389 0.85507
-0.0243155 -0.138734 0.833208
0.119058 -0.272098 0.795581
-0.0167201 -0.235508 0.829699
0.137823 0.0220332 0.81284
0.0467599 -0.296365 0.856985
-0.272626 -0.269261 0.802957
-0.0279956 -0.150676 0.799346
0.353905 0.207104 0.673004
0.276349 -0.0574356 0.55227
-0.315105 -0.27953 0.828235
0.357133 0.138866 0.642384
0.555223 -0.33583 0.969106
0.237913 -0.121522 0.770708
-0.158937 -0.191577 0.781514
0.410448 0.23891 0.715943
0.327919 -0.0678059 0.643196
-0.29874 -0.265806 0.784488
0.0514669 -0.322186 0.937497
0.0447036 -0.0471753 0.854431
-0.00224809 -0.0357866 0.816734
0.387805 -0.23632 0.969081
0.134749 -0.303581 0.891205
-0.215322 -0.0589979 0.748098
-0.395425 -0.12629 0.858787
-0.123693 -0.000375112 0.746476
0.0330759 -0.0192964 0.197737
0.0413049 0.075116 0.767683
-0.839599 0.110347 1.49118
0.101097 0.00758089 0.816274
0.0650275 -0.282404 0.850748
0.257281 0.221325 0.61949
0.579609 -0.280169 1.05427
0.246303 0.204853 0.680258
-0.385989 -0.141374 0.726559
-0.336615 0.363355 1.58171
-0.713807 0.241473 1.25539
-0.0937975 0.530163 1.66932
-0.536681 0.236281 1.47593
0.0358659 0.518092 1.65791
-0.0889862 -0.149697 0.703963
-0.499879 0.419366 1.42186
0.0246811 -0.120233 0.819381
-0.416933 -0.209397 0.762997
-0.808645 0.253257 1.48882
0.128854 0.478704 1.66407
-0.423529 0.225642 1.57818
0.110024 0.431771 1.82906
0.0375455 0.064147 0.812414
-0.122684 0.445276 1.69267
-0.446467 0.54202 1.57588
-0.387592 -0.135872 0.719384
0.0352215 0.543767 1.58815
0.239987 0.202906 0.684683
-0.104406 -0.0468968 0.781248
0.573996 -0.321105 1.1684
0.241758 0.123208 0.899638
0.33517 0.168061 0.64058
0.141275 0.103365 0.79331
0.00837606 0.0487435 0.704175
0.0686655 0.0666984 0.791762
0.240882 0.185765 0.57278
-0.676982 0.381678 1.44036
0.193004 0.499908 1.77095
-0.439221 0.224801 1.65948
0.29173 0.0105928 0.651421
-0.0430777 0.32008 1.73816
-0.344006 0.222912 1.98154
-0.678905 0.458359 1.45157
0.06733 -0.106694 0.82934
0.0879867 -0.0954999 0.863483
0.0106993 -0.00431097 0.77619
-0.929801 -0.0427516 1.52964
-0.293117 0.392328 1.64693
0.287389 -0.247049 0.845852
0.0150066 -0.0673897 0.79766
0.18031 0.0369491 0.81486
-0.187522 -0.273533 0.776728
-0.0592156 -0.284688 0.824611
-0.207522 -0.0300449 0.819484
-0.0796863 0.547718 1.63019
-0.226962 -0.0574409 0.749473
0.230533 0.0766912 0.825274
0.305728 -0.107453 0.692716
0.378059 -0.144769 0.865611
0.248424 -0.0180844 0.68733
0.384864 0.164519 0.708736
0.9523 -0.304035 1.80929
0.340258 -0.100058 0.731001
0.121375 0.106436 0.797361
0.309644 -0.108827 0.698279
0.0662875 -0.107582 0.822693
0.0973698 -0.0881531 0.860308
0.0852118 0.0362652 0.773482
0.19395 0.152928 0.727256
0.65675 -0.200164 1.07468
0.0259842 -0.119332 0.855671
0.311627 -0.119858 0.713334
0.679492 -0.334834 1.08767
0.164193 0.155939 0.847257
0.0195427 0.0718336 0.769166
0.625594 -0.145108 1.02961
0.148931 -0.0113188 0.825894
0.239643 0.121327 0.728468
0.657805 -0.123801 1.05669
-0.0131688 0.0674645 0.792777
-0.930497 0.179869 1.67549
0.0845039 0.0366338 0.758867
-0.146996 -0.0278219 0.751309
0.25983 0.0358052 0.711262
-0.464069 0.441977 1.55535
0.175198 0.513322 1.69964
-0.697964 0.0173428 1.62381
-0.663645 0.132631 1.43896
-0.173615 -0.205843 0.826208
0.230831 0.159204 0.712679
-0.657403 0.262461 1.43961
-0.545917 0.378443 1.54515
-0.407794 0.202408 1.54152
-0.818483 0.0431057 1.57141
-0.176279 -0.131054 0.826542
-0.73443 0.247676 1.42668
-0.391164 0.437504 1.53221
-0.39099 0.432926 1.53136
0.392408 0.0923998 0.643864
-0.250803 0.484542 1.59485
-0.174609 0.462068 1.64707
-0.543186 0.242984 1.48353
-0.237631 0.396776 1.56972
-0.38385 0.476104 1.50768
-0.34794 0.370894 1.62081
-0.122938 0.436037 1.67154
0.0335792 0.479713 1.65925
0.486955 -0.0435421 0.843831
0.0987391 -0.0740152 0.906789
-0.374671 -0.128881 0.70901
-0.0905982 0.497009 1.56766
0.685068 -0.277307 1.15679
-0.787642 0.273263 1.40103
-0.0688262 -0.195822 0.771497
-0.741034 0.440859 1.41267
0.503713 -0.247342 1.02786
-0.393483 0.459431 1.69325
-0.416902 -0.161801 0.7282
0.171962 -0.0386505 0.900261
0.337935 -0.0465374 0.778231
-0.875925 0.257122 1.43898
-0.839803 0.00734914 1.52827
-0.173415 0.470687 1.66456
0.0348351 0.474686 1.64975
-0.894473 0.44659 1.37194
0.198361 0.110615 0.713999
0.0497225 -0.238128 0.853588
-0.0170467 0.441532 1.67324
-0.296901 0.398667 1.67275
-0.531204 0.532254 1.51946
-0.716712 0.178558 1.48951
-0.247916 -0.172447 0.912715
-0.808063 0.490991 1.42317
-0.17687 0.496179 1.7358
-0.485607 0.47679 1.4794
0.0737517 -0.057629 0.846401
0.514138 0.662381 1.85327
-0.917145 0.319402 1.64511
-0.00886271 0.0166664 0.854046
-0.351506 0.514922 1.56314
0.195573 -0.0169863 0.725604
0.275974 0.527575 1.49923
0.210187 -0.227643 1.06743
-0.174877 -0.217545 0.759911
-0.581396 -0.215796 0.953253
-0.384852 -0.152232 0.735337
0.171981 -0.0102058 0.678523
0.416704 0.183347 0.692581
0.143195 -0.0931045 0.874412
0.268436 -0.0575797 0.821024
0.196677 0.109057 0.704435
0.145473 0.0896261 0.792489
0.0566747 -0.00520075 0.833763
-0.29506 -0.258529 0.783126
0.275462 0.0379832 0.687577
0.276899 0.143792 0.636365
0.536 -0.256192 1.05289
0.252055 0.0400861 0.690553
-0.204773 -0.258277 0.906392
0.289601 0.164244 0.644651
-0.1595 -0.210674 0.761481
-0.290322 0.363596 1.69283
0.100146 0.119213 0.760759
-0.124565 -0.189076 0.790431
-0.113097 -0.0221065 0.668253
-0.605734 0.176117 1.03343
0.194213 0.067283 0.816538
0.247948 0.143163 0.641257
0.644438 -0.139031 1.03763
0.147971 -0.205754 0.965412
-0.59991 0.446353 1.38172
-0.0817314 -0.243828 0.785528
-0.0700377 -0.236245 0.785003
0.171972 0.0258478 0.707608
-0.360905 -0.187853 0.767415
0.0935342 -0.0492502 0.833022
-0.29861 -0.18559 0.805322
0.130053 0.120874 0.781739
0.197434 -0.0159253 0.932816
0.0716943 -0.0543653 0.827118
0.01449 0.0378718 0.808218
0.135394 -0.0659812 0.899666
0.168878 -0.148341 0.997032
-0.14397 -0.0565605 0.782246
-0.300183 -0.0998651 0.803756
0.198918 -0.0683431 1.0242
0.374849 0.0493961 0.653741
-0.0703295 -0.156306 0.792316
0.334061 0.146134 0.628593
0.315944 0.0586866 0.605284
-0.0466221 -0.148024 0.772745
0.273936 -0.0953021 0.620845
-0.134567 -0.0299901 0.727522
0.219278 0.148153 0.826801
0.376802 -0.124472 0.837784
0.0635404 -0.11448 0.797105
0.36996 -0.12197 0.822684
0.37233 0.109987 0.655197
0.0895499 -0.0613164 0.857834
0.383126 -0.112374 0.820693
-0.242446 -0.0810456 0.47903
-0.271299 -0.0923603 0.515434
-0.374663 -0.124702 0.743736
0.271377 0.114417 0.698237
0.354695 -0.0159166 0.834237
0.324967 0.222075 0.667486
0.152034 0.133211 0.802431
-0.0122031 -0.178194 0.802062
0.117454 -0.0400329 0.88135
0.343639 0.239512 0.65117
0.350797 0.110996 0.629828
0.04906 -0.256805 0.848579
0.0104191 -0.162887 0.793675
0.182211 -0.0922943 0.893958
0.258814 0.109515 0.674386
0.27047 0.0382854 0.677819
-0.0380992 0.300069 1.57585
0.0131634 -0.151233 0.789571
-0.000529476 -0.00376134 0.792613
0.0403847 -0.124638 0.781949
-0.878606 0.480615 1.57556
0.260956 -0.0205795 0.725222
-0.617411 0.460625 1.42675
0.0113159 -0.129531 0.794429
0.012465 0.0512831 0.80826
-0.88744 0.259032 1.42918
-0.3444 0.473361 1.62646
-0.054497 0.336599 1.41703
-0.400635 0.332064 1.52351
-0.859545 0.00390742 1.56657
-0.494494 0.480153 1.50461
-0.0926396 0.516392 1.63369
-0.866655 0.182463 1.41921
-0.243375 0.389548 1.71663
-0.742555 0.298272 1.58895
-0.242435 0.234972 1.81234
0.432314 0.553497 1.64706
0.334371 0.0689638 0.632145
-0.434559 0.523556 1.52491
0.0314053 -0.0359099 0.809489
0.268604 -0.0532093 0.823572
0.259807 0.13484 0.674951
-0.0647308 -0.182096 0.777296
0.320966 -0.199616 0.807878
0.369185 -0.178522 0.90666
-0.30462 -0.188433 0.795867
0.128284 -0.198929 0.793378
0.305231 -0.0851557 0.790338
-0.125471 -0.186861 0.790918
-0.333803 -0.203627 0.82718
-0.390314 -0.11882 0.893336
0.324717 0.0741535 0.612371
0.0981758 -0.257253 0.863595
-0.600356 0.445402 1.37079
-0.321467 -0.140887 0.777052
0.0680598 0.0652244 0.775067
-0.395377 -0.135459 0.610406
0.293866 0.196401 0.675234
0.206241 -0.103955 0.8236
0.0515763 -0.0216618 0.847809
0.044237 -0.292047 0.846553
0.174084 0.0988473 0.798164
0.270538 0.180533 0.648054
-0.0255552 -0.236756 0.816626
-0.200294 -0.250156 0.749218
-0.205389 -0.230015 0.758531
0.272714 0.210817 0.728406
-0.0364382 0.0355554 0.77599
0.327422 0.172373 0.666587
-0.0798331 -0.0462887 0.83124
0.0115816 -0.0509874 0.82428
0.0017967 -0.155953 0.787979
0.165881 0.155334 0.773286
-0.138487 -0.241751 0.777193
0.116782 -0.170146 0.895681
-0.0337624 -0.16734 0.793902
0.367975 0.106449 0.654856
-0.235325 -0.253457 0.774159
-0.385433 0.524159 1.54036
0.203696 -0.0270828 0.765463
0.203293 -0.142612 0.889499
0.0995604 -0.207076 0.834808
0.211953 -0.00159101 0.824539
-0.434121 -0.160509 0.720005
0.28039 0.191469 0.769258
0.264695 -0.117657 0.867646
-0.188631 -0.0923706 0.914716
0.193117 0.0688771 0.824269
0.253801 0.108139 0.665266
0.589715 -0.275889 1.1483
0.472588 -0.366343 1.10889
0.331827 -0.307236 0.859307
-0.194421 -0.0724284 0.772146
0.524857 -0.337601 0.949275
0.284764 0.125178 0.664316
-1.38982 -0.218253 2.47448
0.324749 0.0733491 0.611803
-0.124583 -0.185126 0.782761
0.447251 -0.216198 0.9649
-0.098271 0.00117355 0.831867
0.124794 0.124137 0.873105
-0.275905 -0.117622 0.740262
-0.355489 -0.117509 0.709848
-0.211716 -0.0572304 0.74264
-0.358461 -0.161391 0.726222
-0.2914 -0.0842377 0.704854
-0.0811314 0.00164136 0.624085
-0.0201222 0.0562634 0.793242
0.188357 -0.127238 0.938523
0.103945 0.107868 0.785409
0.226482 -0.0241515 0.83909
0.38926 -0.0334906 0.801935
0.0625441 0.0585194 0.874736
0.415899 0.0440068 0.673826
0.140006 -0.0361172 0.858344
-0.0544418 -0.218814 0.83323
-0.179793 -0.0167429 0.743021
0.035892 0.0234723 0.594973
0.195958 -0.260789 1.02412
-0.0447849 -0.0548242 0.830079
0.167692 -0.0742444 0.727836
0.0298721 -0.0433144 0.827025
-0.246638 -0.234967 0.806532
0.328486 0.136409 0.657321
0.169353 0.0115226 0.770775
0.184004 0.0068823 0.742436
0.0327698 0.0242032 0.796262
-0.0310591 -0.154722 0.846899
-0.0473445 -0.158176 0.805026
0.0599093 -0.113603 0.770321
0.248117 0.162211 0.704525
0.207547 0.139166 0.777595
-0.0853299 -0.0500487 0.667365
0.295103 0.217329 0.648394
0.0824699 -0.0768519 0.86262
0.331286 0.117943 0.646157
0.399559 -0.220295 0.971803
0.133955 -0.0599455 0.81678
0.494557 -0.273269 1.07905
0.252503 0.119128 0.695702
0.123645 -0.045083 0.664387
0.335058 0.13339 0.647116
0.0733407 -0.0271652 0.83571
0.212434 -0.194825 0.937665
0.182635 -0.0916083 0.890632
0.277477 -0.0842125 0.908021
0.0933073 0.0800585 0.799755
0.283882 0.146485 0.648932
0.0347045 -0.195472 0.813808
0.120584 -0.273792 0.840801
-0.857654 0.443208 1.41649
-0.456164 0.464418 1.46301
-0.253623 0.264814 1.52947
-0.534719 0.523489 1.4718
-0.710133 0.467514 1.42694
0.097777 -0.0702277 0.848034
-0.215671 0.528985 1.62277
-0.706871 0.224944 1.66748
-0.680927 0.384045 1.46363
-0.263874 0.519476 1.535
0.00391467 0.527886 1.58898
0.00518066 0.544289 1.63416
-0.0225451 -0.194692 0.814403
-0.3574 -0.1993 0.717985
-0.491907 0.493122 1.47741
-0.480613 0.486648 1.53436
0.247474 0.183125 0.662201
0.168892 0.340609 1.20558
0.27763 -0.0560536 0.561133
0.0768781 -0.119122 0.948914
0.122765 -0.0451494 0.852117
0.255928 -0.107485 0.833839
-0.448565 -0.16283 0.773098
0.222062 -0.0347256 0.792262
0.130607 -0.07469 0.841791
0.133886 0.139604 0.788665
-0.047019 -0.025105 0.80415
0.312187 0.0196124 0.6282
0.338873 0.223231 0.651626
0.0606952 0.0366859 0.783679
-0.193592 -0.210996 0.800854
-0.0485871 0.0284164 0.757463
0.0145544 -0.00389981 0.834727
-0.0771583 -0.0900775 0.832909
-0.146344 -0.057394 0.784312
0.0667961 -0.0878666 0.816949
0.0241296 0.0496504 0.793776
0.30656 0.00424935 0.694512
0.0571305 -0.209958 0.831133
0.195553 0.125568 0.739688
-0.193064 -0.12821 0.811895
0.0442767 -0.27532 0.815499
0.267756 0.0969743 0.74899
-0.262271 -0.168373 0.769699
0.00688394 -0.155447 0.786026
0.405193 -0.169197 0.77504
-0.240543 0.409894 1.67845
0.155527 0.0774563 0.826882
0.614194 -0.293049 1.11445
0.268613 0.112171 0.691274
0.20938 0.118862 0.73902
0.310362 0.147429 0.633688
0.179379 -0.103849 0.927336
0.354774 0.11027 0.632635
0.128666 -0.117063 0.948257
0.32316 0.173993 0.634635
-0.211107 -0.062249 0.673522
0.305127 -0.116889 0.6952
0.430387 -0.0147031 0.757876
0.178888 0.101156 0.803094
0.137699 -0.196811 0.916454
-0.290567 -0.182527 0.794938
-0.208048 -0.0922763 0.757665
-0.293102 -0.181414 0.784523
0.132518 0.0990186 0.812225
-0.234389 -0.0669694 0.782201
-0.126617 0.540093 1.57803
-0.245176 0.305443 1.71355
0.147521 -0.0514887 0.861351
0.203789 0.135015 0.851183
-0.0051485 0.483246 1.45046
-0.350376 -0.114474 0.71765
-0.370612 0.459916 1.44984
-0.743004 0.408171 1.3122
-0.471573 0.485916 1.59078
-0.909694 0.307419 1.3933
0.354174 0.188509 0.687347
-0.862943 0.113361 1.53448
-0.667152 0.138101 1.53229
-0.770253 0.0497175 1.58294
-0.694881 0.0219763 1.64188
-0.434781 0.39362 1.57451
1.13183 0.344333 1.69829
-0.646947 0.436104 1.38257
0.057692 0.0369903 0.780695
0.195509 -0.0468709 0.902551
0.00550673 -0.141059 0.803071
0.0392987 0.0963161 0.969962
0.307134 0.107589 0.605715
-0.000882098 -0.0356522 0.822647
0.248403 -0.0429319 0.80261
0.282061 -0.049537 0.739841
0.152676 0.108543 0.787203
-0.0941966 -0.162682 0.783507
-0.146284 -0.0464936 0.773798
0.0320478 -0.0450504 0.782802
-0.15461 -0.207377 0.753249
0.187264 0.0101314 0.717313
0.0994706 0.00567374 0.847363
0.0110495 -0.150378 0.785981
0.00359596 -0.157418 0.799582
0.0493789 0.0584413 0.848882
-0.206719 -0.0916395 0.764989
-0.0764944 -0.162744 1.88602
-0.349012 -0.120535 0.767833
-0.121316 0.00366522 0.759794
-0.104788 0.00204684 0.761117
-0.374736 -0.128572 0.71989
0.155725 -0.0997527 0.942111
-0.0821002 -0.174171 0.884028
-0.0444252 -0.0157508 0.75683
-0.416159 -0.155191 0.957581
-0.155763 -0.209846 0.764202
-0.13951 -0.0456486 0.692132
-0.361541 -0.132804 0.73088
-0.203004 0.0255849 0.804978
-0.0952569 -0.000908778 0.761538
0.257151 -0.110265 0.598358
0.312759 0.19099 0.713037
-0.0825289 -0.24625 0.789784
-0.105119 -0.0191721 0.646389
0.290281 0.105138 0.684091
-0.0744601 -0.189351 0.784927
-0.0252786 -0.0130344 0.296791
0.127941 -0.0305368 0.965434
-0.197854 0.496629 2.07847
-0.534634 0.471781 1.42631
-0.82818 0.425755 1.36161
-0.2031 -0.05524 0.800112
0.184136 0.148451 0.68847
-0.567166 0.291853 1.63142
0.109315 0.117507 0.741331
-0.207118 0.428656 1.54218
-0.0664307 -0.199294 0.802907
-0.462997 0.412116 1.68334
-0.304713 -0.176246 0.747024
0.139686 -0.0923273 0.861895
0.169408 0.152831 0.728862
-0.757142 0.336365 1.56103
0.0432983 -0.0757229 0.768487
0.0281736 0.454972 1.58124
-0.341971 0.327869 1.73584
0.645267 -0.240702 1.10276
-0.897404 0.262982 1.54813
-0.917994 0.310954 1.40306
-0.146957 0.431875 1.60459
-0.834606 0.11978 1.3646
-0.975827 0.178128 1.48996
0.234641 -0.111001 0.766163
0.273629 0.129365 0.75687
0.0803092 -0.0219611 0.820594
-0.00225731 -0.251195 0.818269
0.0772087 0.00481921 0.823368
-0.0403887 -0.12131 0.79909
-0.0683029 -0.240243 0.803722
-0.258622 -0.0945331 0.673795
-0.498712 0.188615 1.54274
-0.600539 0.259142 1.7186
-0.146378 -0.0333422 0.789724
0.364695 -0.113099 0.800789
-0.284495 0.379467 1.60356
-0.307345 0.478682 1.54864
-0.783368 -0.0857025 1.35738
-0.109375 -0.00281137 0.76343
-0.139707 -0.0556228 0.530423
0.200899 0.180932 0.726589
0.182375 -0.053909 0.897672
0.0959358 0.052457 0.788839
-0.819295 -0.0955661 1.42528
-0.123114 -0.182137 0.801679
0.0748985 0.117437 0.923145
0.0194811 -0.204979 0.813262
-0.0149701 0.0349901 0.779474
-0.272305 -0.109095 0.763942
0.0148768 -0.208021 0.826604
0.285622 0.0940389 0.700639
-0.315967 -0.139007 0.755496
-0.472205 0.239426 1.80119
0.26934 0.216297 0.747131
-0.105294 -0.159831 0.72768
-0.118642 0.460639 1.65322
0.0993912 -0.199954 0.856286
-0.0642351 0.406046 1.72037
-0.0591713 0.514278 1.56791
0.0730633 0.578833 1.67234
0.0525293 0.105806 0.903568
-0.0812123 -0.0378546 0.808458
-0.728717 0.426371 1.36077
-0.0716026 -0.255187 0.798969
0.363478 0.135936 0.651561
-0.221888 -0.0874277 0.771406
-0.233088 -0.157585 0.797456
0.0383981 0.0442108 0.783788
-0.774592 -1.29016 10.1059
-0.413071 -0.154346 0.756046
-0.0763484 -0.161589 0.81998
-0.605439 -0.219606 1.03243
-0.0829187 0.486652 1.66716
0.258669 -0.202436 1.02032
-0.305339 -0.11301 0.823341
-0.177593 -0.0640147 0.773133
-0.732401 0.430574 1.3939
-0.520973 0.380563 1.5342
0.286883 0.188025 0.620214
-0.840561 0.432176 1.38342
-0.863446 -0.0985524 1.50326
-0.990873 0.557388 1.51559
-0.148349 -0.00775517 0.804534
0.143818 -0.186902 0.98041
0.0431795 0.0913015 0.791668
-0.262878 -0.102945 0.975119
-0.0676004 -0.236918 0.786676
-0.213542 -0.0598494 0.817491
-0.51554 -0.168728 0.865088
0.251562 0.230777 0.666587
-0.812861 0.310301 1.53638
-0.237477 -0.054691 0.717261
-0.409795 -0.159703 0.747861
-0.877002 0.345423 1.45006
0.0152583 -0.199407 0.79389
0.308701 0.0209219 0.62126
-0.280658 -0.167669 0.783421
0.28908 0.1826 0.632256
-0.457644 -0.179837 0.781653
-0.381639 0.471733 1.49221
0.117831 0.59447 1.64435
0.28514 0.147663 0.651567
-0.12089 0.5766 1.58491
-0.0177705 0.523431 1.53141
0.285267 0.148373 0.655152
-0.581487 0.255658 1.58438
0.0696343 0.620349 1.61989
-0.377189 0.503881 1.49909
0.00231226 -0.157281 0.797972
-0.870702 -0.109318 1.68177
-0.733382 0.249762 1.42549
0.362347 0.177305 0.656737
0.0517127 -0.0375075 0.830915
0.131707 -0.0742533 0.842747
-0.209025 0.343067 1.44246
0.337847 -0.0601885 0.784313
0.126825 -0.126723 0.900854
-0.285592 -0.109966 0.749162
0.177362 -0.17446 1.01662
-0.0509194 -0.0576886 0.843785
-0.230328 0.272621 1.61086
-0.754858 0.373641 1.23127
-0.206726 0.427446 1.54882
0.111082 -0.0351435 0.833344
0.180764 0.143003 0.737134
0.172856 -0.0235717 0.845516
-0.462531 0.526498 1.50739
-0.0936891 -0.202938 0.839059
1.21869 0.542327 1.85563
-0.245673 0.447475 1.64897
-0.0113725 -0.179841 0.810643
0.0325818 0.0475267 0.783934
-0.314534 -0.138227 0.754716
0.0587708 0.0889359 0.686792
0.157821 -0.1577 0.914061
0.186726 -0.0823473 0.775105
0.0127118 0.0476252 0.735756
0.119551 -0.159932 0.965618
-0.547563 0.477662 1.46919
-0.465861 -0.212383 0.752857
-0.152839 -0.210711 1.02447
-0.851127 0.494223 1.37133
-0.212841 0.577886 1.57408
-0.0544231 0.0288051 0.821055
0.0855013 -0.085601 0.86738
0.349804 0.164392 0.653448
-0.810854 0.322196 1.84345
0.364415 -0.193813 0.959874
-0.342098 0.318311 1.69714
0.193557 0.038891 0.539462
-0.219916 0.530574 1.63721
-0.215308 -0.112991 0.747103
-0.0822408 0.487094 1.79545
0.16475 -0.0628645 0.899975
-0.0596328 0.535133 1.61896
-0.185635 0.562414 1.57922
-0.275703 0.294423 1.68401
-0.115072 0.384547 1.63428
0.250929 -0.223585 0.981105
-0.0848801 -0.013071 0.792554
-0.18823 -0.0836823 0.763822
0.646085 -0.318525 1.08695
-0.21749 -0.0350794 0.819749
-0.600877 0.189905 1.56434
-0.660458 0.38234 1.52758
-0.226695 0.406218 1.66075
0.0128719 0.0383757 0.804482
-0.552501 0.263018 1.66209
0.0979327 -0.256514 0.861384
0.024079 -0.211748 0.809828
-0.464643 -0.206055 0.72655
0.226376 0.14556 0.635517
0.119995 0.131239 0.759808
-0.919139 -0.0653768 1.47147
0.10701 -0.1353 0.918173
-0.204828 0.505681 1.61214
0.2961 0.19708 0.686609
-0.424376 0.514837 1.57169
-0.796613 0.00953617 1.51425
-0.643348 0.369448 1.46888
0.260519 0.18068 0.637224
0.278207 -0.0778542 0.72137
-0.827627 0.240405 1.42813
-0.102402 -0.00357236 0.749644
-0.322043 0.366254 1.61055
-0.0805092 0.452163 1.68584
-0.951499 -0.0150336 1.45981
-0.887077 0.178498 1.41517
-0.916089 -0.000144111 1.45188
-0.877512 0.0264841 1.6642
0.292697 0.167224 0.651551
0.173298 0.550653 1.6573
-0.428836 -0.168955 0.724506
0.0561713 0.436551 1.59087
-0.0849779 0.00196011 0.828025
-0.228873 -0.149099 0.70846
0.692406 -0.268204 1.14989
0.314232 0.576698 1.74671
-0.443636 -0.205197 0.75729
-0.356907 -0.185256 0.759837
0.267658 -0.0588489 0.818035
0.507209 -0.359056 0.963822
0.252319 0.192131 0.681143
-0.260126 -0.0521243 0.880228
-0.381325 -0.135804 0.732155
-0.745824 0.118485 1.59597
-0.0174491 -0.209413 0.799541
-0.0733896 -0.0349893 0.751283
-0.148174 -0.0583544 0.791743
0.111909 -0.158703 0.883697
0.322636 0.199579 0.626791
-0.83379 0.0410157 1.44244
0.175431 0.137703 0.713831
-0.563425 0.263233 1.70618
0.278641 -0.0795203 0.753966
-0.443769 0.41454 1.48179
-0.257078 0.504345 1.63576
0.129072 -0.0807639 0.869814
-0.146154 0.422692 1.58144
-0.881556 0.400072 1.42426
-0.697362 0.22139 1.53494
0.0775503 -0.156871 0.812097
0.666923 -0.138808 1.07001
0.339772 -0.175258 1.12385
-0.377338 -0.166127 0.721264
0.62603 -0.157938 1.06299
-0.0438829 0.30653 1.66018
-0.652938 0.250637 1.50126
-0.212448 -0.235662 0.764133
-0.0340312 0.511263 1.64091
0.205358 0.139463 0.638125
0.295239 0.168459 0.657195
0.0349885 0.561991 1.63975
-0.641708 0.240158 1.4614
-0.245658 -0.127129 0.744455
-0.0207762 0.331472 1.55424
-0.535086 -0.203906 0.817009
-0.130071 0.517823 1.51582
-0.747135 0.0350981 1.42186
-0.352668 0.304389 1.59153
0.37074 0.197741 0.66476
0.142744 0.530851 1.61207
-0.7591 0.21712 1.5087
-0.891704 0.304763 1.41526
0.0479639 0.46183 1.78747
0.0279829 -0.114005 0.816233
0.538358 -0.338242 0.990669
-0.458242 -0.182237 0.738225
0.30976 0.0214705 0.623742
-0.784834 0.390647 1.43887
0.00850293 -0.105774 0.825109
-0.242774 0.432723 1.59956
0.0506708 0.378735 1.73229
0.0438367 0.090532 0.767999
-0.745254 0.274197 1.51442
-0.880351 0.221214 1.51373
0.311475 -0.0533908 0.800196
0.289524 0.190597 0.616124
0.217869 0.0678807 0.538957
0.125028 0.447546 1.61956
0.230891 -0.13069 0.959578
-0.353336 0.337986 1.08717
0.240459 -0.0201873 0.867149
-0.724389 -0.0384342 1.6193
-0.248384 0.246405 1.88257
0.147245 -0.226328 0.950891
0.086372 0.0367462 0.78351
-0.0436577 0.297914 1.62503
-0.317095 0.448453 1.39249
0.228959 0.155074 0.866383
-0.214538 0.339708 1.50443
-0.227663 0.231692 1.77297
0.242903 -0.0265267 0.873662
-0.186827 0.424633 1.66961
-0.426171 -0.186218 0.697115
-0.245762 0.475581 1.55195
-0.848323 0.494414 1.69321
-0.451454 0.538192 1.485
0.175629 0.316291 1.1401
-0.0219907 0.559382 1.65519
-0.336704 0.565467 1.46643
0.13805 0.623384 1.71671
-0.715975 0.464876 1.32891
0.333313 0.0874685 0.592591
-0.349469 0.587753 1.52103
-0.86273 0.501505 1.38848
-0.0539611 0.00187539 0.748785
-0.638015 0.217597 1.55067
0.0560322 0.576889 1.51569
-0.536729 0.112553 1.8326
-0.708907 0.460012 1.42369
-0.364164 0.445994 1.42327
-0.413014 -0.151809 0.668821
-0.213464 0.573855 1.54809
-0.914188 0.531836 1.46991
-0.470961 0.597828 1.45439
-0.467729 0.657636 1.55432
-0.456161 0.0909767 1.53199
-0.0813886 0.582659 1.58058
0.112327 -0.0373363 0.852502
-0.242112 0.429223 1.56985
0.294028 0.0741279 0.607286
-0.446658 0.505285 1.44651
-0.231798 0.362678 1.60904
0.292107 0.518444 1.67312
0.268125 0.161976 0.636818
-0.0484053 -0.259878 0.83275
0.315091 0.549362 1.79023
-0.896046 0.218913 1.393
-0.827454 0.415108 1.42049
-0.408469 0.329137 1.61796
-0.907391 0.187719 1.50767
0.253976 0.608821 1.671
-0.500708 0.504216 1.49189
-0.701356 -0.0396966 1.58258
-1.06785 0.474035 1.7699
-0.743117 0.156236 1.46415
-0.773279 0.258543 1.6133
0.395017 -0.107508 0.840737
-0.145248 -0.0516609 0.873924
-0.662223 0.263931 1.4161
0.265119 0.016004 0.618627
-0.0877852 0.561668 1.51712
-0.0626246 0.624128 1.97081
0.423929 -0.202525 0.920789
-0.867712 0.176761 1.44301
0.412822 0.617737 1.65246
-0.488077 -0.195384 0.729104
-0.763383 0.0477835 1.56266
-0.961115 -0.00639672 1.68894
-0.757792 0.0993761 1.34638
-1.00941 -0.0163543 1.48178
-0.409442 -0.145761 0.733278
0.0631444 0.0953525 0.687756
0.332279 0.234043 0.632359
0.486662 -0.299575 1.09332
0.419371 0.273559 0.937285
-0.877382 -0.0925751 1.5141
0.0557894 -0.167373 0.810576
0.240472 0.167124 0.597067
-0.786486 0.431351 1.39507
-0.531368 -0.0152839 1.27737
-0.127039 -0.170428 0.822349
-0.38938 0.315112 1.5762
0.411618 -0.0161936 0.727088
0.35885 -0.174614 0.886687
-0.770026 0.28511 1.44297
-0.395797 0.0888385 1.42329
-0.101375 -0.0576974 0.731183
0.0618841 0.0375267 0.712682
0.249334 0.131379 0.672083
0.0374007 0.0483672 0.676337
0.175735 0.137214 0.713864
0.278543 -0.0242881 0.988614
0.113599 0.100124 0.746418
0.641682 -0.364259 1.21356
0.0492234 -0.00428027 0.817879
-0.270462 0.450184 1.5284
-0.340716 0.486557 1.51763
0.414788 -0.301315 1.09514
-0.395675 -0.153397 0.649597
0.0727527 -0.0570023 0.8408
0.116151 0.131738 0.909937
-0.56691 0.244067 1.63026
-0.178889 -0.0532874 0.721194
-0.00194421 -0.00346822 0.779612
0.166723 -0.163015 0.773528
-0.572649 0.47404 1.2023
-0.656033 0.223709 1.60817
-0.518033 0.594175 1.4756
0.243033 0.107384 0.73698
0.168977 0.0151923 0.829718
0.252865 0.111898 0.761039
0.0984666 -0.206028 0.837526
0.221434 -0.111111 0.879406
0.244274 0.152187 0.640199
0.248376 0.0429731 0.931318
-0.357091 0.519278 1.58425
-0.599176 0.119196 1.64637
-0.729812 0.252614 1.41778
0.282822 -0.0267514 0.720599
-0.0738675 -0.0755767 0.672801
0.0046951 -0.151447 0.775947
0.248909 -0.0093175 0.720434
-0.426512 -0.156918 0.70679
-0.472651 -0.164882 0.871623
0.397677 -0.034351 0.813011
-0.36908 0.532864 1.63848
-0.19425 -0.07278 0.763707
-0.806513 0.368985 1.44793
0.00218859 -0.125711 0.712021
0.0837605 0.11493 0.815826
-0.524846 0.36375 1.52026
0.106184 -0.106941 0.843985
-0.706095 -0.0116043 1.50969
-0.423735 0.219263 1.58802
-0.560057 0.388429 1.59383
-0.323589 0.435417 1.58654
-0.728123 0.421366 1.38655
-0.00596719 -0.129996 0.830356
-0.91101 -0.130727 1.42671
-0.0742319 -0.0356699 0.813403
-0.269116 -0.0914867 0.803984
0.0355568 0.475134 1.39327
-0.422791 0.519455 1.57322
-0.0260157 0.49422 1.48435
0.309953 -0.111729 0.701753
-0.423184 0.0913067 1.50318
-0.404993 -0.186646 0.687729
-0.0584832 0.0113608 0.744333
-0.163109 -0.0632177 0.758575
-0.220159 0.407028 1.63082
0.503096 -0.282544 1.10067
-0.614561 0.252032 1.6037
-0.710158 0.329201 1.55558
-0.932819 -0.130824 1.47267
0.14429 0.4962 1.79163
-0.229797 0.36345 2.28034
-0.0178761 0.367893 1.41952
-0.0546347 0.00366851 0.812894
0.555728 -0.321976 1.06338
0.273598 -0.147384 0.820765
-0.591953 0.223442 1.83122
0.14738 -0.0364061 0.890642
-0.0212095 -0.0636639 0.810216
0.193225 0.0670042 0.815646
-0.811766 0.0427762 1.57372
-0.46926 0.400268 1.6901
0.0591578 0.440441 1.68472
-0.749592 0.264744 1.84702
0.122642 0.572674 1.57252
0.0328412 0.525954 1.54516
-0.886444 0.0101451 1.61542
-0.22393 0.569479 1.63107
0.127111 -0.0984942 0.899955
-0.486467 -0.221989 0.791195
0.210751 0.0936333 0.582795
0.0534833 -0.0360196 0.829848
0.241265 0.14377 0.654878
-0.263787 -0.0916646 0.737049
-0.697447 0.00437153 1.38668
-1.03381 0.526192 1.67775
-0.83313 0.348636 1.53911
0.0638314 0.475808 1.67106
0.143185 -0.0499754 0.837714
-0.366361 0.423302 1.58217
-0.0872081 0.57236 1.53798
-0.401169 -0.215208 0.731573
0.0835968 0.0970693 0.79199
-0.501667 0.505597 1.50524
-0.562268 0.18252 1.70578
-0.193428 -0.217268 0.784068
-0.910581 -0.088939 1.78802
0.110063 0.113891 0.742437
-0.00929593 -0.187371 0.810149
-0.851506 0.315274 1.49405
0.332848 -0.0524557 0.759962
-0.733871 0.455016 1.29331
-0.0635512 0.0328549 0.787352
-0.561486 0.0666078 1.59501
0.0722049 -0.155786 0.793658
-0.880934 -0.0946437 1.52052
0.564512 -0.273301 1.07495
-0.775502 0.243656 1.42803
0.0710758 0.0419969 0.845884
0.168143 0.0766996 0.738102
0.19679 -0.0183581 0.841199
0.222884 0.0740716 0.848961
-0.307107 -0.117496 1.22415
-0.867156 0.44771 1.43265
0.274821 -0.216336 0.755104
-0.337726 -0.181814 0.775511
0.0498176 0.00254819 0.828884
-0.415099 0.501537 1.53325
-0.252719 0.495461 1.60277
-0.860287 0.219051 1.44709
-0.823254 0.519441 1.38049
-0.907501 0.4503 1.32121
-0.776567 0.301436 1.47004
0.539327 -0.282573 1.05669
-0.187262 -0.142565 0.900207
-0.163965 -0.063341 0.764565
-0.122087 -0.155305 0.759296
-0.131697 -0.0518866 0.811878
-0.163763 -0.0455935 0.726841
0.14908 0.147776 0.755795
-0.788002 0.0437123 1.50305
0.138454 0.0652788 0.868811
-0.00840183 0.0486869 0.76885
-0.0655552 -0.0313414 0.777707
0.156033 -0.0516393 0.804437
-0.780728 -0.299858 1.24033
-0.901214 0.051903 1.52839
0.132126 0.025129 0.662164
-0.155519 -0.173426 0.784327
-0.486438 0.493738 1.55862
-0.307804 0.477353 1.49852
-0.912426 0.50686 1.34242
-0.753554 0.144595 1.58017
-0.727685 0.432978 1.38681
-0.212105 0.418309 1.57899
-0.500743 -0.202575 0.727771
-0.880221 -0.103516 1.53944
-0.895995 0.0471353 1.51917
0.0553537 -0.166952 0.80724
-0.34993 0.406817 1.56698
0.16615 -0.122648 0.973025
-0.951834 0.131943 1.45079
-0.244977 -0.0839829 0.699617
0.218957 -0.121992 0.910384
-0.0586119 -0.152534 0.799142
0.257077 -0.105414 0.842381
-0.140363 -0.243023 0.783118
0.169221 0.126273 0.761003
-0.548306 0.176383 1.55779
-0.401352 -0.191926 0.771485
-0.161505 -0.0454829 0.717282
-0.145365 0.406456 1.71816
0.0298136 0.540104 1.68114
-0.839666 0.0455274 1.62133
-0.280801 -0.22544 0.740829
-0.877169 0.170325 1.47515
0.507643 -0.39409 1.05378
-0.0110039 -0.274714 0.818055
-0.166864 -0.0468896 0.74761
-0.182551 -0.0471664 0.749651
-0.113992 0.437619 1.57289
0.338519 -0.241932 1.08723
0.0218337 0.0266451 0.7907
-0.293123 -0.254152 0.790105
-0.2119 -0.232505 0.753746
-0.0557421 0.00142253 0.771952
-0.451853 0.235142 1.72528
-0.0956452 0.0127002 0.751773
0.0500397 0.0780224 0.748915
-0.0999466 0.0177857 0.821663
0.184556 -0.0192464 0.700249
0.367653 -0.0296034 0.683274
0.197565 0.144389 0.737724
0.0271885 -0.212722 0.818092
-0.421709 0.206105 1.63768
0.474906 -0.375751 1.12605
-0.700328 -0.0124089 1.69846
-0.601854 0.437867 1.38917
-0.0242975 -0.135348 0.809827
0.59263 -0.317998 1.38585
-0.249927 0.578893 1.47171
0.0596779 0.583538 1.53594
-0.224581 0.554064 1.58113
-0.980714 0.272131 1.47121
-0.847196 0.470943 1.28623
-0.802758 0.00691652 1.54728
-0.893694 0.439389 1.35145
-0.110327 0.514239 1.62632
-0.522599 0.172865 1.58162
-0.627288 0.129436 1.43242
0.146694 0.595495 1.58135
-0.219293 0.492277 1.66882
0.145855 0.0888952 0.748721
-0.441553 -0.230655 0.759599
-0.513849 0.570445 1.43065
-0.0462751 0.601822 1.54864
-0.890862 0.591692 1.39416
-1.11499 -0.0731366 1.74726
-0.292696 0.427138 1.61807
0.153607 -0.053136 0.88993
-0.176991 -0.118909 0.786944
0.671537 -0.248894 1.10449
-0.353132 -0.127617 0.676103
-0.34468 -0.120337 0.718042
-0.286179 -0.0709608 0.8419
0.312578 0.109852 0.726932
0.094331 0.00490388 0.823612
-0.0162388 0.0108769 0.849648
0.25944 -0.0544346 0.802981
-0.20141 -0.220039 0.76983
0.116711 0.360798 1.48631
-0.445477 -0.159918 0.770209
0.213008 0.0114114 0.827316
-0.998639 0.180825 1.50761
-0.701769 0.221729 1.5395
-0.709741 0.462008 1.42561
-0.040273 0.0421956 0.764586
-0.855127 0.0296757 1.56085
-0.814126 0.166541 1.46291
-0.631885 0.220376 1.54627
0.354858 -0.0794584 0.742578
0.468788 0.618236 1.72998
-0.91178 0.154863 1.44739
-0.185791 0.565229 1.5779
-0.947369 0.147494 1.37921
-0.361567 -0.157825 0.731098
0.155556 -0.0113057 0.850905
-0.104593 0.444059 1.50553
-0.0564132 0.441388 1.67615
0.196076 0.510361 1.78446
-0.64763 0.224143 1.58497
-0.377183 -0.216808 0.752029
-0.600771 0.380381 1.49184
-0.668405 0.220023 1.28446
0.589986 -0.3289 1.07345
-0.797086 0.155455 1.60696
0.52808 -0.338133 0.953947
-0.611165 0.254038 1.59935
-0.398645 0.318272 1.56851
-0.161574 -0.242971 0.792411
-0.370483 0.405745 1.61262
0.173147 0.0251934 0.730156
-0.82567 0.050588 1.56304
-0.661947 0.304065 1.44217
-0.80264 0.136995 1.44831
0.055203 -0.164992 0.799742
0.484535 0.620665 1.84706
-0.156647 0.0948129 0.263986
-0.766643 0.324075 1.55195
-0.28823 -0.142176 0.755127
0.157847 0.320352 1.21858
0.182019 0.073654 0.717846
-0.111297 -0.00335503 0.844283
0.216083 -0.00586618 0.836469
-0.253128 -0.0978747 0.776751
0.319551 0.212813 0.660494
-0.19346 -0.0541011 0.717521
0.333514 -0.0931948 0.730041
0.196712 0.173126 0.695901
0.288818 -0.0143777 0.991327
-0.0712265 -0.015606 0.0727591
0.187435 -0.0453311 0.869507
0.282843 -0.105382 0.804924
-0.399295 0.585655 1.50525
0.23685 -0.117309 0.931453
0.277157 0.245434 0.636324
-0.0425871 0.304165 1.62432
0.364036 0.169636 1.80744
0.177346 0.00616049 0.826414
0.270435 0.142626 0.737205
0.26927 -0.0205259 0.954638
0.291324 0.0455975 0.727951
-0.899592 0.40931 1.45838
-0.536902 0.162658 1.37107
-0.597045 -0.279515 1.17336
0.142462 -0.0905741 0.856435
-0.827537 0.305409 1.44713
-0.882736 0.0396258 1.49497
0.276381 0.186075 0.655716
-0.109157 -0.103286 0.819021
0.313609 0.0127969 0.679161
-0.850954 0.219179 1.38835
0.365322 -0.221543 0.91449
0.00889331 0.0685123 0.788766
0.293528 0.0984491 0.657608
0.0979645 0.0858916 0.783113
0.166026 -0.00734712 0.66247
-0.383132 -0.130576 0.725455
0.367437 -0.0314008 0.760555
-0.277512 0.161677 1.50993
0.35275 -0.056735 0.891776
0.249512 0.21313 0.604524
-0.381226 -0.154825 0.746194
0.202638 0.0705062 0.836193
0.20267 0.0299756 0.808047
-0.905243 0.183135 1.44743
-0.825929 0.417377 1.41761
0.00313533 -0.153948 0.774077
0.215626 0.0429065 0.823437
-0.166539 -0.081549 0.789757
-0.127432 -0.163504 0.798072
0.0159027 -0.139079 0.792584
-0.189871 -0.206978 0.783309
0.080289 0.0838347 0.838298
-0.587994 -0.0488472 1.23604
-0.362178 -0.14616 0.620179
0.310026 -0.173002 0.887944
0.244029 0.0411492 0.671863
0.128506 -0.148352 0.935121
0.000797653 -0.00924991 0.800155
-0.311828 -0.100136 0.646384
-0.350278 -0.158036 0.64237
-0.0789308 -0.181689 0.764263
-0.111576 -0.00177351 0.802969
-0.308618 -0.122202 0.765902
-0.675612 0.392019 1.152
-0.488686 -0.199151 0.868305
-0.0294169 -0.0187983 0.889021
0.112038 -0.101106 0.910771
0.119926 -0.0942068 0.917991
-0.453384 0.468814 1.53116
0.312916 -0.175636 0.894992
-0.394781 -0.133106 0.797615
0.0102201 -0.164157 0.804769
-0.668811 0.0540447 1.5775
0.00874217 -0.236902 0.843227
0.144275 -0.0350894 0.875326
-0.10228 -0.0124795 0.750563
0.255199 0.109268 0.669766
-0.232013 0.630023 1.54021
-0.244716 -0.137864 0.831831
0.389203 -0.0344612 0.80073
-0.119379 -0.162093 0.708845
-0.0273639 0.0113878 0.75406
0.240666 0.179906 0.652252
-0.507081 0.103456 1.71137
-0.0668612 0.446484 1.88474
-0.00914114 -0.0692794 0.963971
-0.10883 0.00944909 0.784691
-0.32557 -0.198482 0.803668
0.250677 0.175771 0.615524
-0.383469 0.449551 1.60535
0.0192219 0.0756794 0.783145
-0.106722 0.00920799 0.76608
-0.537004 0.525978 1.47911
-0.448201 0.488506 1.47237
0.121779 -0.0460359 0.85257
-0.0503529 -0.152059 0.825216
-0.171351 -0.0141736 0.85076
-0.810021 0.240565 1.29939
-0.563129 0.166429 1.55686
-0.699666 0.219959 1.53446
0.272799 0.123941 0.673854
-0.0177172 -0.12791 0.808222
0.252911 0.0411309 0.708069
0.0385523 0.505692 1.65264
0.00131069 -0.15481 0.783464
-0.0253719 0.00637944 0.723308
-0.239898 -0.125235 0.782136
-0.0319971 -0.0491004 0.479238
-0.0257183 -0.219879 0.804173
-0.371746 -0.194003 0.793777
0.234794 0.192599 0.649664
0.0975661 0.113818 0.808887
0.260687 0.0448351 0.70735
-0.682105 -0.0107715 1.76037
0.23149 0.01123 0.888691
-0.70716 0.4547 1.41794
-0.72596 -0.00924863 1.88905
0.0755576 0.10651 0.760426
0.368266 -0.0223183 0.670949
0.229558 -0.160222 0.990844
-0.286481 -0.10927 0.714652
-0.0474295 0.0297989 0.76751
-0.286232 -0.11616 0.606344
-0.474769 0.571935 1.59411
-0.379229 0.512855 1.51254
0.482939 -0.114021 0.869545
0.143237 0.0234253 0.8382
0.0035987 -0.010654 0.851655
-0.256351 -0.0713034 0.643327
-0.545554 0.212751 1.64866
-0.32599 0.582459 1.5314
-0.0495902 0.651413 1.67592
-0.142604 0.557517 1.46047
-0.074536 -0.0359741 0.807377
-0.218323 -0.0493217 0.749697
0.434725 -0.318108 1.15054
-0.955533 0.13175 1.45737
0.198853 0.534604 2.11616
-0.872167 0.179267 1.44948
-1.18919 0.436668 2.14325
0.15385 -0.195945 0.597058
-0.185788 -0.124331 0.762988
-0.0508564 -0.0265928 0.785606
0.588044 -0.331357 1.12669
0.224492 0.0885854 0.664569
0.045741 0.49559 1.45215
-0.926113 -0.000455502 1.46898
0.625006 -0.303629 1.0894
-0.176077 -0.00711613 0.744307
-0.145164 0.573421 1.49293
-0.212816 0.463665 1.43189
-0.250636 0.588133 1.48702
-0.340187 0.501022 1.68434
-0.921893 0.566459 1.38529
-0.567314 0.409632 1.60181
-0.324035 -0.0984758 0.742193
-0.355766 0.588154 1.5354
-0.325595 0.582766 1.52751
0.279145 0.14572 0.696301
0.570726 -0.362429 1.02702
0.197406 0.0150916 0.81166
-0.150948 0.436807 1.63166
0.301308 -0.158359 0.886715
-0.249028 -0.167684 0.839046
0.274736 -0.111836 0.89106
-0.241901 0.335076 1.55936
0.134008 0.143286 0.802166
-0.838414 0.365052 1.38852
-0.205187 -0.0917136 0.779674
-0.211321 -0.138964 0.765175
-0.264983 -0.244131 0.775225
0.307741 0.108108 0.650532
-0.0433926 0.292397 1.56538
-0.187642 0.566011 1.57316
-0.836055 -0.0932436 1.4472
-0.964584 0.306204 1.39018
-0.872701 0.576457 1.36299
-0.840709 0.513725 1.38511
0.0210757 0.308771 1.54418
-0.671091 0.586029 1.44432
-0.0463798 0.628847 1.61524
-0.0710845 0.0172882 0.775198
-0.406069 0.552021 1.62869
-0.248535 0.437817 1.60376
-0.214695 0.267291 1.55921
-0.543205 0.593368 1.55874
-0.302249 0.560839 1.41561
0.0497973 0.0343808 0.811297
-0.210062 0.515737 1.53219
-0.639173 0.220291 1.56348
-0.542175 0.514876 1.46181
0.190406 0.00848018 0.731429
-0.904026 0.309567 1.43519
-0.591048 0.303993 1.70396
-0.845479 -0.108093 1.63826
-0.295195 -0.146648 0.742942
0.0549765 0.000326112 0.807992
-0.250803 0.453164 1.61539
-0.0218519 0.0606602 0.754664
-0.221691 -0.0698084 0.751136
0.197357 -0.0974593 0.948183
0.383128 -0.143585 0.867407
0.304927 0.572039 1.64514
0.362717 -0.150738 0.830784
0.247033 0.591592 1.64669
-0.922237 0.361224 1.36009
-0.292165 0.566354 1.51378
-0.996194 0.192099 1.67693
-0.00295955 -0.128594 0.804085
-0.0302169 0.0485207 0.756165
0.164801 -0.142668 0.910848
-0.174185 -0.126643 0.868697
0.393378 0.535021 1.65738
-0.0678532 -0.159602 0.823636
-0.0921502 0.479239 1.64312
-0.109453 -0.0181845 0.681688
0.169138 -0.00283565 0.666327
-0.8831 0.343726 1.45751
-0.305726 -0.0904808 0.721077
0.14296 0.566479 1.57261
-0.756244 0.29247 1.57169
0.296661 0.563744 1.60454
-0.0777661 0.0302169 0.812814
-0.911574 0.31308 1.44592
1.24184 0.622168 1.81878
1.17653 0.519542 1.72732
0.186879 0.542742 1.79022
-0.732373 -0.000783755 1.70059
0.264312 0.0539744 0.711845
-0.293236 -0.171838 0.75726
-0.72951 0.238366 1.54286
-0.833306 0.339149 1.51089
-0.248306 0.47295 1.55888
-0.796508 0.231296 1.55632
-0.565662 0.169801 1.58047
0.116583 0.121461 0.880168
0.378432 -0.235668 0.948853
-0.237765 0.297748 1.6524
0.476366 -0.326042 1.09345
0.0535652 0.0816819 0.777689
-0.48505 0.160883 1.63603
-0.566539 0.176755 1.5853
-0.38466 -0.211808 0.735367
-0.863683 0.23071 1.41609
-0.859962 0.496504 1.38126
0.140697 0.00567614 0.733857
-0.16674 0.552966 1.61607
-0.0267094 -0.215771 0.773109
0.014042 0.429971 1.65439
-0.279847 -0.142807 0.785104
-0.136772 -0.0353759 0.825009
0.22293 -0.0388435 0.650713
-0.301499 -0.119668 0.707594
-0.673942 0.135073 1.66249
-0.538295 0.369884 1.57979
-0.136895 -0.0352003 0.824636
0.0306081 0.00208178 0.126034
0.660944 -0.140002 1.06134
0.141676 0.108166 0.780784
-0.802535 0.173994 1.56761
0.125727 -0.0395588 0.655428
0.313666 0.191342 0.620735
-0.343619 -0.184907 0.79176
0.22967 0.196925 0.639747
-0.278497 -0.085015 0.629228
0.0530981 -0.161634 0.784966
0.0344484 0.0282803 0.786271
0.24015 0.131832 0.614026
0.143655 -0.0773921 0.896999
0.327551 0.17554 0.638554
0.00427083 -0.121329 0.67882
-0.0803353 0.0210809 0.800657
-0.212472 0.0349041 0.71049
-0.229378 -0.0870947 0.688826
0.44793 0.573844 1.70715
0.338596 0.0523096 0.626058
-0.520534 -0.170984 0.765093
-0.18321 0.550431 1.54593
-0.972031 0.0616059 1.48648
-0.384375 -0.154448 0.684713
0.366029 0.11436 0.651567
0.140797 0.0676658 0.772092
0.0973148 -0.252898 0.852346
-0.0422208 -0.0751396 0.833673
-0.159482 -0.177887 0.803724
-0.188992 0.427346 1.68422
0.089813 0.00293351 0.827592
0.407101 -0.141161 0.969438
0.341745 -0.0757011 0.712092
0.521005 -0.111484 0.988795
-0.253289 0.273781 1.58612
0.195328 -0.144195 0.878275
0.211002 -0.120981 0.890388
-0.51429 0.508701 1.77201
-0.81959 0.0506623 1.68186
-0.0571141 0.554554 1.54628
-0.120992 0.500889 1.53995
-0.271506 -0.0729207 0.716993
0.0386017 0.454351 1.53064
0.758546 -0.449952 1.45462
-0.0359934 0.0113841 0.775917
-0.156774 -0.20836 0.79002
0.0923132 0.0682866 0.801765
-0.901959 0.130333 1.48164
-0.920543 0.0299776 1.74665
-0.189962 0.428026 1.68463
0.214407 -0.103401 0.92857
-0.00162413 0.518573 1.72486
-0.691688 0.278769 1.55662
0.142584 0.133213 0.716009
-0.622564 0.193525 1.62362
0.00157226 0.0298608 0.736555
-0.00247714 0.0137004 0.788261
0.00110093 0.0290768 0.726588
0.322843 0.115166 0.62956
-0.772285 0.123526 1.66061
-0.248309 0.337927 1.65925
-0.326778 0.439902 1.6019
0.0232527 0.0488707 0.784329
-0.191972 0.473781 1.76518
-0.846545 0.247307 1.389
-0.727491 0.13935 1.52386
-0.088592 0.592869 1.58678
-0.901132 0.109039 1.51058
-0.306069 -0.120976 0.724266
0.0582866 -0.0459528 0.738347
-0.203517 -0.0210474 0.975335
-0.771665 -0.000145916 1.80188
0.307142 0.09622 0.670431
0.106342 0.590147 1.63549
-0.10388 -0.225749 0.777287
-0.270713 0.19147 0.600834
0.0337026 -0.202276 0.819878
-0.0844518 0.017959 0.761298
0.0551861 -0.167366 0.809764
0.191394 0.124891 0.763786
-0.469783 -0.175331 0.83146
-0.261927 0.308416 1.77819
-0.875423 0.226459 1.47605
-0.951209 0.0649321 1.55389
-0.6574 0.248999 1.52253
-0.672023 0.214381 1.40703
-0.0162577 0.543985 1.57058
0.173521 0.0756999 0.499892
0.0444854 -0.0442388 0.800323
0.36236 0.0847041 0.636658
-0.212005 0.291411 1.75703
-0.600147 0.122229 1.6532
-0.0333793 0.518224 1.66413
-0.828906 0.00660109 1.50695
-0.258036 0.503355 1.4928
-0.0643146 -0.00359994 0.74367
-0.899168 0.0609679 1.4658
0.0383141 0.520416 1.69513
0.192783 0.173232 0.70752
0.0129996 0.0371113 0.783481
0.248541 -0.105914 0.815498
-0.020459 0.0259597 0.774969
0.261022 0.495848 1.6621
-0.0308916 0.536126 1.72269
0.656919 -0.221197 1.09153
0.0855205 -0.0948825 0.849608
-0.227677 0.564073 1.62067
0.0496195 -0.069258 0.259898
-0.79123 0.170146 1.56501
-0.0749182 -0.165804 0.846966
0.604475 -0.141359 1.02897
-0.148315 0.587341 1.52977
-0.254189 0.35624 1.74155
-0.297097 -0.101852 0.674704
-0.248484 0.582268 1.47081
-0.087274 0.567158 1.53178
-0.216412 -0.217334 0.786092
0.347107 -0.244261 1.10177
-0.899915 0.506397 1.38276
-0.227228 -0.0452834 0.844979
0.196478 0.0424599 0.684857
-0.333389 0.306319 1.56755
-0.586437 0.482494 1.23678
0.264555 0.576985 1.81994
0.135722 -0.0886992 0.834943
-0.170276 -0.123741 0.83068
0.449156 -0.221641 0.97718
-0.209317 0.462148 1.56183
0.000585276 0.507435 1.67983
0.273703 -0.021416 0.752135
0.126801 0.106312 0.727665
-0.282254 0.468374 1.59566
0.0531266 -0.0767324 0.843469
0.243064 0.211073 0.66348
-0.281951 -0.0816552 0.696231
0.0352253 0.485917 1.68177
-0.160047 -0.193974 0.786581
-0.824614 0.0346848 1.39233
0.120491 0.0982092 0.781758
-0.320527 -0.099088 0.735079
-0.0519053 -0.0881861 0.970433
-0.549635 0.393616 1.55122
0.0172625 0.0411853 0.84791
0.102838 -0.0205771 0.450033
-0.197421 0.415971 1.43423
-0.130741 -0.0238778 0.835075
-0.405986 -0.163328 0.734995
-0.124719 0.00360836 0.774883
-0.215705 -0.058445 0.55477
0.211283 -0.0470706 0.862229
0.0614372 -0.0181481 0.318468
-0.91468 -0.153351 1.62079
0.234124 0.541038 1.53484
0.172607 0.460989 1.6275
0.126529 0.0922881 0.687407
0.283672 0.20884 0.661813
0.323892 0.187449 0.656664
0.225862 -0.105494 0.910497
-0.251232 0.40764 1.61033
-0.240116 0.327517 1.60232
0.239004 -0.118376 0.93868
0.232492 0.131584 1.06455
-0.487728 -0.159136 0.825122
-1.03442 -0.133487 1.56036
0.0959302 -0.244596 0.83833
-0.235125 -0.0556911 0.685691
0.286356 -0.0821083 0.75126
0.61698 -0.16108 1.04992
-0.148958 -0.00719209 0.792943
0.124965 -0.114733 0.927348
0.265665 0.21876 0.6429
0.17521 -0.16661 0.955972
0.0815902 0.0471631 0.73784
0.148664 0.148241 0.759147
0.0470923 0.0562532 0.815455
0.0942577 0.00267805 0.846611
-0.0931263 -0.00172273 0.716729
0.248163 0.0354177 0.702589
-0.654453 0.12431 1.41817
-0.151424 -0.20258 0.770604
0.154179 0.120957 0.761288
0.0292923 -0.00273865 0.810944
-0.509688 0.378494 1.46221
0.173831 0.036131 0.813921
-0.850398 0.0256989 1.40757
-0.945481 0.119308 1.4628
-0.079472 0.0222232 0.766735
0.0247303 0.0232154 0.850585
-0.151916 -0.00751631 0.742041
-0.777697 0.0491318 1.59637
-0.210282 -0.132265 0.593076
0.114418 0.0559454 0.739242
0.258955 0.0856037 0.67762
0.0590401 -0.0165999 0.859156
-0.410651 0.365909 1.48183
-0.254562 0.374377 1.62762
-0.0263925 -0.00777648 0.0529961
-0.353716 -0.186633 0.792566
0.569316 -0.315034 0.993271
0.00721844 0.0658206 0.708023
0.120079 0.123232 0.636876
0.276995 0.0141872 0.623442
0.19508 0.076935 0.56064
-0.137748 -0.0036703 0.814904
0.0369118 0.391109 1.5044
0.37126 0.0861749 0.649161
-0.124273 -0.0424022 0.762589
0.217154 0.163889 0.604003
0.19468 0.117323 0.673379
0.223911 -0.128064 0.41788
-0.049118 -0.0229158 0.748722
0.0931858 -0.195655 0.837333
0.544126 -0.286903 1.07158
-0.832835 0.1124 1.48276
-0.103198 0.401847 1.70863
-0.563803 0.297939 1.70303
0.427922 0.58219 1.81507
0.185131 0.0820959 0.595841
0.26662 0.212732 0.611856
-0.289417 -0.0744361 0.843429
-0.708435 0.331185 1.56029
0.0316983 0.0794728 0.785139
0.0496443 -0.053252 0.754335
-0.544167 0.145622 1.61626
-0.875055 0.155393 1.30713
0.11599 -0.161256 0.903538
-0.33436 0.511916 1.57948
-0.00476149 -0.271212 0.841744
-0.55174 0.147483 1.63884
0.291877 0.102247 0.672224
-0.0668719 -0.00384688 0.789038
0.00517081 -0.123525 0.821648
-0.205516 -0.221263 0.724058
-0.021225 -0.193945 0.782153
-0.116776 -0.101913 0.752965
0.0813445 0.0956119 0.766665
-0.288275 -0.105307 0.768611
0.0682134 0.06123 0.726206
-0.105077 0.0889035 0.2527
-0.179625 -0.19601 0.746092
-0.294397 -0.0955497 0.694214
-0.17963 -0.0489826 0.754817
0.340611 -0.158244 0.836921
0.299392 0.228371 0.627091
-0.127524 -0.00655145 0.66532
-0.307411 -0.121817 0.724898
-0.19485 -0.00274827 0.882043
0.307633 -0.0344911 0.585415
0.206524 0.10156 0.807096
-0.372611 -0.137308 0.87795
-0.347241 -0.10317 0.839532
0.160657 0.108886 0.718624
-0.383679 -0.173473 0.772369
-0.370852 -0.152938 0.703826
0.291865 0.010462 0.649219
0.130079 -0.0746793 0.840502
0.07671 -0.0248267 0.830542
-0.420443 -0.163313 0.734712
0.0187061 -0.0508631 0.816432
0.307966 -0.240966 0.853786
0.0234317 0.570806 1.58099
0.0253281 -0.214564 0.82165
-0.776522 0.3026 1.46932
-0.648319 0.797693 2.20108
-0.408961 0.482578 1.48797
-0.345054 0.586854 1.51807
0.144274 0.0898196 0.779997
-0.640027 0.251107 1.56429
0.176412 0.0808604 0.763509
0.130769 -0.174418 0.90454
-0.0876918 -0.1669 0.809328
-0.977625 -0.0383004 1.61369
-0.354488 0.612663 1.57458
0.0521094 0.385847 1.79022
0.156644 0.565105 1.71582
-0.820571 0.1044 1.47813
0.082551 -0.0837753 0.848002
-0.3335 0.295947 1.71246
0.0171202 -0.10783 0.79416
-0.388812 0.488477 1.53068
-0.35892 0.402024 1.55031
-0.495578 -0.220426 0.746197
0.564382 -0.335417 1.08532
0.0119173 0.0530189 0.760997
-0.0185034 0.0234841 0.714281
-0.496891 0.479934 1.50466
-0.214474 -0.151908 0.84419
-0.554699 0.178407 1.57938
0.24451 0.20212 0.671236
0.0623213 0.459644 1.58542
0.0198786 0.0420246 0.811005
-0.433146 0.526545 1.5314
-0.0409297 -0.0436679 0.770508
-0.378333 -0.0925437 1.14173
0.271944 -0.0506158 0.795234
0.145783 0.118724 0.805698
-0.175347 -0.218667 0.760282
