0.0256855 0.0557598 0.255671
-0.0108035 0.0563568 0.249563
-0.0756916 0.0596444 0.270319
-0.209599 0.594007 1.72166
-0.180227 0.0821187 0.312166
-0.0164892 0.293448 1.01526
0.0571346 0.0349151 0.332678
-0.0624775 0.179149 0.591372
-0.184273 0.169084 0.577572
0.0906103 0.189438 0.618427
-0.284603 0.219498 0.645943
0.0166813 0.149687 0.551201
0.0129594 0.795048 2.67679
-0.255326 0.0890998 0.413376
-0.357174 0.274288 0.808053
-0.10129 0.294955 0.914952
-0.137703 0.0327028 0.291569
-0.209128 0.109167 0.358959
-0.135181 0.0172804 0.292988
-0.129779 0.00123049 0.28109
0.0380625 0.0539592 0.257117
-0.116745 0.0438635 0.255664
-0.136553 0.0449531 0.297111
0.0176291 0.057081 0.177311
-0.127447 0.0484182 0.277699
0.0248962 0.000650527 0.234039
-0.115449 -0.00170158 0.290645
-0.208142 0.0927349 0.40098
-0.316696 0.893322 2.87367
-0.0536138 0.0930992 0.311943
0.0614632 0.036339 0.377027
-0.208809 0.243957 0.683339
-0.112639 0.31882 0.923303
0.00337736 0.0374297 0.14964
0.122515 0.0211459 0.252572
-0.141464 0.0658643 0.420999
-0.30867 0.168176 0.594602
-0.144681 0.0160457 0.316091
-0.140635 -0.012842 0.273901
-0.128392 -0.0265795 0.270771
0.0524948 0.0310781 0.302081
-0.128231 0.00354863 0.274888
-0.0796041 0.0427793 0.259005
-0.112838 0.0180373 0.264952
-0.0945517 0.0554232 0.310455
-0.103064 0.0613758 0.281457
0.0111562 0.0585473 0.302508
-0.0419666 0.0591178 0.246752
0.132487 0.0412729 0.335764
-0.678719 0.77912 2.7932
-0.0422802 1.53594 5.11358
0.0814164 1.535 5.46406
-0.118551 0.0191606 0.279183
0.0212925 -0.0398009 0.245563
-0.139178 0.0161847 0.25199
-0.103463 0.00854747 0.329555
-0.185139 0.0399338 0.339057
-0.0752242 0.06869 0.253817
0.19409 0.969691 3.30782
0.00928935 -0.0164584 0.104094
0.0342769 0.00136 0.252828
-0.0563443 -0.0400998 0.264348
-0.0354803 -0.0337162 0.210285
0.132087 0.0911996 0.196324
0.181273 0.0962823 0.295613
-0.0111108 0.0580977 0.257175
-0.00865448 0.00741746 0.0540451
0.312807 0.769314 2.24082
-0.276646 0.208905 0.622323
-0.047507 0.194677 0.668828
-0.22909 0.101792 0.4416
-0.148158 0.12869 0.453969
-0.132414 0.0151719 0.241131
-0.0237068 0.0526462 0.248116
-0.233937 0.714904 2.14451
-0.00179746 0.304146 1.0144
-0.0981993 0.0921815 0.335882
0.183657 0.106168 0.332299
-0.119046 0.217413 0.656135
0.290406 0.66222 1.96922
-0.259283 0.0578137 0.478926
-0.14488 0.154653 0.499114
0.125771 0.0629182 0.256404
-0.141515 0.0160219 0.240145
-0.170493 0.0430666 0.30941
0.00939261 0.0340445 0.21854
-0.185299 0.0253901 0.311068
-0.0967236 0.00308963 0.246651
0.00989428 0.0312835 0.219891
-0.126457 0.0265134 0.232519
-0.132225 -0.012537 0.203116
0.0108587 0.0201085 0.214103
-0.171461 0.0121214 0.32944
-0.124701 0.0164138 0.23404
-0.179879 0.109451 0.378199
-0.160597 0.141194 0.492276
-0.147415 0.0326498 0.304206
-0.135398 -0.0203395 0.210973
-0.115445 0.0257834 0.237432
-0.10017 0.0463168 0.287121
-0.133179 0.0177991 0.220645
-0.144503 0.0204273 0.238737
-0.164721 -0.0665314 0.263244
-0.118581 -0.0043023 0.309632
-0.120907 0.0289319 0.257003
-0.155884 0.10499 0.438411
-0.153891 -0.0626205 0.24696
-0.176524 0.0406388 0.363024
-0.217957 -0.0755414 0.332005
-0.193255 -0.0691633 0.323296
-0.194886 0.108263 0.430042
-0.246445 0.0644867 0.391096
-0.170801 0.150405 0.521312
0.176151 -0.0182654 0.315168
-0.191348 0.101275 0.368242
-0.167592 0.0860878 0.352662
-0.198521 0.0949389 0.346969
-0.0564229 0.0948177 0.352848
-0.20209 0.133054 0.498285
-0.142612 0.0193179 0.309777
-0.151286 0.0180014 0.280826
-0.0871309 0.0653325 0.306444
0.00699789 0.0149684 0.142124
-0.0356394 0.00817757 0.0664396
-0.0942001 0.016729 0.298131
-0.228685 0.107973 0.408164
-0.175979 0.0803316 0.312236
-0.0995833 0.0596519 0.271001
-0.0150369 -0.00615404 0.0269243
-0.195402 0.10468 0.423882
-0.211955 0.0758796 0.374051
-0.10075 0.0494416 0.284616
-0.0764746 0.0847684 0.312032
-0.192308 0.0806016 0.3592
-0.113251 0.0653721 0.307291
0.0237505 0.0628909 0.289018
-0.0986951 0.00459259 0.171436
-0.0987875 -0.00289744 0.291203
-0.0721829 0.00218447 0.239434
0.0131134 -0.0422984 0.228486
-0.0906494 0.00443176 0.168419
-0.0972 0.0534239 0.269185
-0.0985601 0.0558362 0.289619
-0.0576807 0.0424072 0.28035
-0.193143 0.0804312 0.364576
-0.114216 0.00043353 0.295005
-0.0253868 -0.039076 0.221204
0.171342 0.0852218 0.323737
-0.106786 0.0533598 0.287622
-0.148767 -0.0181231 0.305236
-0.00353463 -0.0463437 0.271573
-0.0832556 0.0553452 0.263995
-0.0350365 0.00668298 0.0648092
-0.102212 0.000164721 0.222876
-0.0312746 -0.0419915 0.256242
-0.095149 0.0458524 0.266312
0.0141169 -0.0120833 0.193447
0.131441 0.0363764 0.326843
-0.0894183 0.0712718 0.327989
0.0128236 0.062968 0.31134
-0.229536 0.131262 0.404353
-0.0241448 0.0552618 0.275552
-0.190477 0.152589 0.468355
0.129673 0.453148 1.35124
-0.349382 0.285079 0.997453
-0.281998 0.0438668 0.506285
0.127957 0.024369 0.315851
-0.207794 0.0498277 0.376499
-0.122679 0.0741578 0.342967
0.15024 0.0268539 0.309924
0.0994064 0.039858 0.245887
-0.0207525 2.29751 7.47709
-0.0297988 0.0656454 0.291294
-0.12064 0.0446593 0.269396
-0.145545 -0.0482931 0.395461
-0.0341266 0.0577987 0.256813
-0.159168 0.0231413 0.263164
-0.170965 0.0700293 0.321035
-0.128516 -0.0452488 0.353362
-0.339746 0.120715 0.548308
-0.147043 0.0329342 0.258632
-0.105964 0.0568732 0.276805
0.133579 0.00263789 0.307768
-0.301955 0.105533 0.488393
0.135753 0.0250632 0.331008
-0.0434654 0.0575372 0.247095
0.0230912 -0.043093 0.266228
-0.378616 0.200586 0.578429
0.125633 0.0384198 0.315939
0.147352 0.027548 0.356851
-0.0758108 0.0877007 0.290476
-0.164201 0.0872981 0.411563
-0.116191 0.0860565 0.330594
-0.069486 0.288097 1.07268
-0.122622 -0.0422413 0.32849
-0.0898615 0.0543373 0.316169
-0.137493 0.0220306 0.304416
-0.136959 0.0379847 0.307693
-0.14669 0.0298987 0.256216
-0.114328 0.0140708 0.214058
-0.0939896 0.0677943 0.262312
-0.0511158 0.111045 0.360408
-0.140377 0.0339592 0.29799
-0.200747 -0.079882 0.329366
0.144115 0.0791688 0.295308
-0.0934795 0.0643236 0.30084
-0.0505164 0.0811749 0.254797
-0.139808 0.0932272 0.352443
-0.201698 0.186653 0.530739
-0.122911 0.0037038 0.307194
-0.123663 0.0208069 0.287574
-0.0362266 0.0587659 0.264185
-0.12579 0.00253028 0.307425
-0.104642 0.0685454 0.428029
-0.129801 -0.0270772 0.272775
-0.135788 0.0340677 0.287741
0.0323082 0.0708911 0.325912
0.0980203 -0.00223334 0.230465
0.018575 -0.00334361 0.246161
-0.241831 0.213911 0.611005
-0.112496 0.0700267 0.306823
-0.0909548 0.0543874 0.259842
-0.0397442 0.0372503 0.197073
-0.0243801 0.0535027 0.250928
-0.10153 0.00723277 0.328473
-0.0872321 0.0982163 0.360286
-0.13431 0.591721 2.0035
-0.139838 0.029198 0.249082
-0.0572465 0.125107 0.479823
-0.128377 0.135822 0.440277
0.0528233 0.076761 0.35888
-0.134723 0.0194014 0.251938
-0.133443 0.0514932 0.29928
-0.187111 0.0415455 0.347702
-0.10879 0.00407806 0.274061
-0.17822 -0.0139131 0.356079
-0.180313 0.166269 0.567685
-0.0347627 0.0806372 0.391188
-0.0452808 0.130198 0.502728
-0.0634597 0.136824 0.524257
-0.101112 0.00730815 0.326226
0.0638889 0.126211 0.542698
-0.0787868 0.0483144 0.272304
-0.11173 0.0250199 0.247106
0.0296959 0.0642374 0.292321
0.179432 0.094328 0.365936
-0.132841 0.00198897 0.28035
-0.107777 0.179876 0.596371
-0.188666 0.199119 0.641778
-0.166038 0.0869175 0.358311
-0.240045 0.0929207 0.426877
-0.263807 0.128624 0.460079
-0.237371 0.131105 0.441466
-0.157496 0.106126 0.446424
0.0480489 0.0432322 0.29391
-0.168283 0.0863121 0.363232
-0.00767902 0.0475028 0.236753
-0.0453867 0.0622002 0.262898
-0.192291 0.453642 1.29012
-0.153615 0.0188263 0.332423
-0.146712 -0.0128653 0.291516
-0.000994777 0.0253839 0.226903
-0.131159 0.0822675 0.326572
-0.0899296 0.0426905 0.26932
-0.253663 0.159402 0.618628
-0.347843 0.0904678 0.547547
-0.128588 0.179942 0.549891
0.0130643 0.00941116 0.225876
-0.103581 0.0525524 0.260427
-0.194262 0.0747381 0.345287
-0.142586 0.0222967 0.266198
0.0295689 0.0561119 0.262004
-0.111513 0.0614449 0.302833
-0.119929 -0.0081188 0.317738
-0.0871862 0.0505765 0.289067
-0.133012 0.0451439 0.27239
-0.0503715 0.0409471 0.258631
-0.0921285 0.0458825 0.259488
-0.136053 0.0460611 0.283653
-0.123091 0.0914658 0.335929
-0.0589111 0.0992501 0.302085
-0.0120033 0.0541398 0.273846
-0.0619445 0.109086 0.363438
-0.104406 0.0573192 0.2858
-0.0500878 0.0707938 0.298569
-0.134641 0.0600012 0.234967
-0.17925 -0.0189739 0.277699
-0.0699088 0.0773858 0.286305
-0.0495297 0.0361977 0.239535
-0.0951168 0.0584277 0.267456
-0.0807489 0.0434006 0.235424
0.0498561 0.0447946 0.304316
-0.115453 -0.00622486 0.302949
-0.0168009 -0.0176855 0.0935312
-0.301871 0.0860352 0.574241
-0.098818 0.0410328 0.294764
0.0772412 0.0336642 0.463205
-0.133601 0.026035 0.298881
-0.0210554 -0.00508848 0.0334665
-0.102726 0.0606852 0.29322
-0.165515 0.034771 0.303732
0.0039599 -0.0181336 0.0607833
-0.0971351 0.0280136 0.303665
0.0634678 0.0264317 0.380919
-0.20357 0.0777253 0.361713
-0.127903 0.0176398 0.216681
-0.0989514 0.0280885 0.313719
-0.177867 0.0724344 0.338127
-0.173215 0.0370775 0.333283
-0.0886857 0.0460048 0.22989
-0.104397 0.0133985 0.229726
-0.212687 0.0643042 0.399062
-0.126071 -0.0272716 0.269784
0.181861 0.0404354 0.339879
0.135341 0.0379423 0.238108
0.0288195 0.0601318 0.281389
0.0154474 -0.00847313 0.215983
0.216014 0.0498683 0.3491
-0.0849422 0.017499 0.266972
0.175015 0.0541043 0.285019
-0.285964 0.233048 0.817895
-0.245429 0.255917 0.841411
-0.232891 0.0823592 0.380643
0.163041 -0.018475 0.314472
-0.143715 0.0255374 0.264058
-0.0882017 0.00510016 0.162529
-0.117684 0.0620871 0.286254
-0.0817928 0.0471973 0.27236
-0.120156 0.0232201 0.224703
-0.124735 5.64273e-05 0.268552
-0.0773993 0.0043443 0.260286
-0.128455 -0.0212372 0.200251
-0.156699 -0.000102337 0.342414
-0.124194 0.00105803 0.262628
-0.101993 0.0508515 0.301826
-0.121051 -0.0162659 0.250326
-0.128296 0.0312519 0.263737
0.076308 0.026431 0.187554
-0.133852 0.080629 0.359974
0.00557489 -0.00319641 0.0874509
-0.110144 0.0165466 0.236513
0.11992 0.0474138 0.294796
-0.163176 0.0295871 0.299767
-0.113994 0.0177436 0.217861
0.264109 0.0761788 0.41821
0.0135937 -0.0427986 0.229491
0.0123735 -0.00874682 0.159946
-0.11653 -0.025449 0.247782
-0.0793799 0.00863736 0.194596
-0.150876 0.0272632 0.276483
-0.108503 -0.00618054 0.163524
-0.12847 0.0274289 0.223912
-0.13156 0.0254235 0.294201
-0.103512 0.0104051 0.350967
-0.167119 0.0159095 0.318366
0.0123652 0.0272119 0.248479
0.167676 -0.00612441 0.332224
-0.150429 -0.0150578 0.298871
-0.00021212 0.0200327 0.207349
-0.143757 -0.00944339 0.218811
-0.141708 0.0283732 0.315154
-0.125432 -0.0778231 0.227324
-0.14146 0.030743 0.244939
-0.166564 0.0350867 0.290333
-0.167302 0.0204134 0.303233
0.00319636 0.000239045 0.0401306
-0.113478 0.0230834 0.248989
-0.28124 0.0581808 0.512618
-0.159823 0.00579862 0.306988
-0.146193 0.0167532 0.251571
-0.112652 0.0234278 0.200508
-0.120696 0.019191 0.224485
-0.075937 9.80453e-05 0.19299
-0.179002 -0.013655 0.347072
-0.0649581 0.0137751 0.207171
-0.142276 0.0187684 0.32578
-0.162657 0.0393062 0.29577
0.0176949 0.0394754 0.376577
-0.0115244 -0.00655605 0.0183802
-0.00729304 -0.00747384 0.012099
0.195452 0.0463656 0.351817
0.0224908 -0.0491561 0.299223
-0.134253 0.0153178 0.245797
-0.106088 0.014558 0.228535
-0.13091 -0.0116786 0.258381
-0.0930312 0.0220241 0.291517
-0.140782 0.0283978 0.257803
-0.106084 0.00702649 0.263146
-0.114874 0.0161759 0.270499
-0.102248 0.0156744 0.190352
-0.124978 0.0310519 0.254432
0.00703594 -0.00701094 0.0148946
0.133317 -0.00644832 0.255155
0.00076984 -0.00452266 0.0211043
-0.098808 0.0499136 0.250617
-0.173594 0.032892 0.28684
-0.0417751 -0.066427 0.421438
-0.121644 0.00451703 0.23746
-0.138761 -0.0280756 0.369886
-0.137122 0.027262 0.248187
-0.134271 0.0171963 0.290249
-0.144905 -0.000745272 0.318889
-0.389271 -0.168687 0.62828
0.131427 0.12621 0.323016
0.136457 0.131228 0.323376
0.163921 0.0878872 0.266704
-0.157844 0.0326434 0.289668
-0.138983 0.038966 0.319843
-0.164459 0.0255909 0.295633
-0.040906 0.0342121 0.198184
0.223877 -0.00778576 0.382397
-0.163377 0.0245304 0.275427
0.0147392 -0.00136697 0.220672
-0.13796 0.0506633 0.306059
-0.169927 0.0403752 0.309362
-0.105282 0.0516336 0.291296
0.188618 0.0440451 0.339155
-0.167151 0.0357939 0.290304
-0.177466 0.0979998 0.4298
-0.18415 0.0246442 0.339757
-0.00745048 0.0542492 0.243896
0.184023 0.0631138 0.335873
0.169711 0.0546067 0.310697
0.114834 0.0502886 0.28268
-0.0633748 0.0612865 0.272745
0.100299 0.0291336 0.257289
-0.0271053 0.0582876 0.294454
-0.128826 -0.0118527 0.257103
-0.180763 0.026745 0.325683
-0.158528 0.0203845 0.286903
-0.112085 -0.0116937 0.220665
-0.128996 0.00466462 0.277615
-0.184118 0.0165857 0.312578
-0.12305 0.0293003 0.272289
-0.0789356 0.0598675 0.297775
-0.118378 -0.00929827 0.182254
-0.0352192 0.00541962 0.0658441
-0.120443 -0.0126886 0.237657
-0.147447 0.0268906 0.272079
-0.154333 -0.0559654 0.25681
-0.118507 0.00129763 0.289128
-0.20605 0.0687979 0.351947
-0.201397 0.0885143 0.391958
-0.0143836 -0.00311543 0.0307413
-0.123442 -0.025233 0.260794
-0.101493 0.0555803 0.319249
-0.136029 0.0262664 0.303442
-0.0998941 0.0682131 0.299891
-0.0786145 0.0595897 0.290507
0.144337 0.0408538 0.241676
-0.0891758 0.0706104 0.328797
0.179761 0.00301064 0.279754
0.184177 0.0548243 0.332839
-0.138651 0.0742162 0.363239
0.181883 -0.0182123 0.32621
0.210082 0.0583186 0.32817
-0.12516 0.0304855 0.277341
-0.115602 0.0183597 0.276547
-0.115022 0.0418026 0.255711
0.0124461 -0.0144633 0.166694
0.184039 0.106055 0.331754
-0.110715 0.0579472 0.282706
0.135467 -0.0167801 0.25907
0.158275 0.0763511 0.316747
-0.105591 0.0490904 0.3023
-0.112937 0.014908 0.263314
-0.11308 0.0667352 0.304293
-0.106852 -0.0394251 0.294509
0.192022 0.0629014 0.348935
0.14955 0.0948421 0.214499
0.0886783 0.031444 0.29358
0.071107 0.0318613 0.287211
-0.0704651 0.052575 0.244186
-0.066922 0.0491928 0.248858
0.0671422 0.0960467 0.426414
-0.0326356 0.0611895 0.294579
-0.0933245 0.0533827 0.276438
-0.0899856 0.0438339 0.255679
0.139147 0.024419 0.287898
0.183747 0.0438982 0.344423
0.0251555 0.0570093 0.266576
0.19895 0.0655055 0.36343
0.195231 0.102807 0.395574
0.146672 0.0574889 0.328957
0.123962 0.0575058 0.273562
-0.0963444 0.0559163 0.27769
0.122646 -4.32791e-05 0.194096
-0.124752 -0.00134362 0.322436
-0.103101 0.0516532 0.277008
-0.190628 0.00657662 0.402191
0.16156 0.0452259 0.252898
0.182825 0.059611 0.336737
0.179125 0.0957304 0.322852
0.158918 0.0435907 0.247039
0.196807 0.0860533 0.319737
0.265755 0.0802805 0.405836
-0.0986213 0.0580272 0.263564
-0.129988 0.0446272 0.266355
-0.0703257 0.0423784 0.277366
0.0590556 0.0043395 0.32039
0.211799 0.0689175 0.338716
0.1567 0.0500312 0.288197
0.181152 0.0683588 0.339987
0.0163395 -0.000778942 0.0301295
-0.111851 0.0550867 0.310343
0.0104391 -0.0156596 0.124679
0.141621 0.1353 0.334006
0.110235 0.107407 0.280691
0.00530249 0.00398306 0.044678
-0.148519 0.0561231 0.333681
-0.0922256 0.0474944 0.273933
-0.101592 0.0550829 0.31352
0.23164 0.0591211 0.372748
0.0154361 -0.00507124 0.225716
0.173828 0.052085 0.327963
-0.111583 0.0156878 0.265035
0.189666 0.0500483 0.300202
0.154675 0.0352555 0.289176
0.155209 0.067616 0.339944
-0.0291788 -0.044826 0.268918
-0.108015 0.0138705 0.261076
-0.021818 -0.0432417 0.25609
0.0128002 -0.029505 0.0572872
-0.012173 -0.039579 0.229599
0.330044 0.0786653 0.523148
-0.0192796 -0.0539313 0.324029
0.2322 -0.00672079 0.404575
0.000932795 -0.00824391 0.0382154
-0.078945 -0.000739124 0.284652
0.000937464 -0.00823798 0.03827
-0.0779274 -0.000493595 0.303497
-0.133778 0.000336074 0.338178
0.220762 0.0840593 0.369321
0.171032 0.0989536 0.310355
0.145496 0.0693786 0.317739
0.234673 0.00270706 0.360885
0.163075 0.0614146 0.268173
-0.132237 0.017268 0.289376
-0.23858 0.0411809 0.51806
-0.203234 -0.0208524 0.420792
-0.00225606 -0.0207369 0.09637
0.180333 0.128471 0.265266
0.0065605 -0.0430392 0.0929698
0.00624845 -0.0393463 0.084759
-0.000173338 0.0237178 0.213037
0.0107078 -0.0406614 0.0890826
-0.0753715 0.0455794 0.272304
-0.0767337 0.0429518 0.257583
-0.118505 0.0598618 0.31942
0.1167 0.0495419 0.2602
0.161201 -0.00533581 0.358957
0.166878 0.0378731 0.313669
0.158231 0.0382225 0.258241
0.0938766 -0.00707959 0.164479
0.160895 0.0547986 0.258872
0.0521758 0.0991968 0.436396
0.193563 0.0944347 0.364591
0.182429 0.0898056 0.329073
0.250347 0.0834627 0.399467
0.148587 0.0806742 0.30208
0.183686 0.0993937 0.331948
-0.109177 0.0689967 0.312604
0.17962 0.103064 0.323195
0.166362 0.0894597 0.271018
0.0412282 0.060964 0.207197
-0.0758395 0.0488883 0.192435
-0.0861382 0.0496958 0.256712
-0.0761127 0.0585122 0.26515
0.0164489 -0.021368 0.195519
-0.012209 0.0663402 0.273755
0.05854 0.0757208 0.299336
-0.0497764 0.0481739 0.237545
0.174258 0.0985896 0.309941
-0.000248069 0.0246052 0.21886
0.0147425 0.0121206 0.252043
-0.00464888 0.0338663 0.292917
0.0184721 -0.000252908 0.265561
0.0182875 0.00123098 0.106266
-0.00333317 0.0219777 0.205527
0.0119899 -0.0457515 0.103468
0.0140851 -0.0602388 0.138139
-0.0771927 0.0477925 0.26747
-0.0427309 0.0809165 0.37174
0.159952 0.0814303 0.316347
0.156681 0.0811724 0.283124
0.215375 0.0567761 0.343106
0.206905 0.0413135 0.292464
0.18583 0.0248947 0.264604
0.0175793 0.0015844 0.0810146
0.0678001 0.027056 0.271341
0.00788781 0.0155829 0.175063
0.00049294 0.0162322 0.17973
-0.0385235 -0.0330489 0.19878
-0.00711079 -0.0521509 0.294285
0.0122038 0.00389719 0.219085
-0.00494886 -0.0558944 0.323103
-0.0666218 -0.0506348 0.345109
-0.0101759 -0.0590063 0.353969
0.0159664 -0.0188946 0.202121
0.00559449 -0.0201209 0.0425595
0.242258 0.0504688 0.342988
-0.00271567 0.0184699 0.198759
0.171166 0.00335041 0.266615
-0.0952955 0.0115202 0.303867
0.202147 0.0529297 0.315896
0.350729 0.108944 0.556973
0.108607 0.0470211 0.245075
0.242467 0.0513969 0.342827
0.00594007 -0.0362965 0.077915
0.00537676 -0.0292365 0.0620748
0.00787555 -0.038865 0.0867464
0.00715846 -0.0467886 0.102245
0.0484244 0.01115 0.145978
0.0119572 -0.0455974 0.102612
-0.00296408 0.0184211 0.197926
0.0267091 0.00432605 0.103866
0.01075 -0.0404747 0.0900461
-0.0819344 0.000137941 0.311176
0.223791 0.0483369 0.35706
0.261709 0.0749382 0.43896
0.0482573 0.0429699 0.294706
0.125981 0.120952 0.315412
0.191435 0.0992109 0.374984
-0.0230731 0.0511417 0.24246
-0.0246379 0.0482436 0.235996
-0.002826 0.0301381 0.262813
-0.0113739 0.0582535 0.276666
-0.0552421 0.0486197 0.2239
-0.0372056 0.0546284 0.228647
-0.0359374 0.0628588 0.259151
-0.118906 0.00997231 0.368356
-0.000384609 -0.0033288 0.0259982
0.157041 0.0921266 0.224471
0.00562161 0.0684042 0.248255
0.000545709 -0.00515258 0.0200256
0.181037 0.0563845 0.287674
0.0581936 0.0127067 0.0978207
-0.146872 0.0300112 0.330386
0.151669 0.0379843 0.241638
-0.0804296 0.00134552 0.28266
0.00687821 -0.0380927 0.0837163
0.0665446 0.0296191 0.279492
0.0138058 -0.0237326 0.151794
0.180845 0.103715 0.325194
0.0196617 0.0538794 0.255584
0.0181035 0.000154191 0.0751265
0.130905 0.130389 0.334977
0.183654 0.0556041 0.305849
-0.0367689 0.0629958 0.259206
0.169643 0.085767 0.302893
0.130971 0.122894 0.316582
-0.0426168 0.0567022 0.239985
0.134885 0.126967 0.34179
0.166122 0.0596269 0.302246
0.0662274 0.0812399 0.318478
0.00584939 -0.00613658 0.0156323
-0.0856261 0.0573064 0.272715
-0.0642767 0.0506619 0.235354
-0.0933677 0.0226219 0.291484
0.0105269 0.00525142 0.0460091
-0.104366 0.00308603 0.316497
0.00303856 -0.00570782 0.0195461
0.173574 0.0953732 0.298315
0.0144702 -0.019786 0.181941
0.00857463 0.043238 0.235565
0.0210997 0.00212481 0.0331227
0.201342 0.0785819 0.285768
0.21014 0.0818696 0.297565
0.142875 0.0745776 0.234117
0.171335 0.0892501 0.350238
0.189786 0.012646 0.183135
0.00628138 -0.00586103 0.0163275
0.112482 0.0123024 0.280251
0.00837325 -0.00486141 0.0356751
0.0205293 0.00230053 0.0879772
0.159296 -0.00766218 0.263452
0.36115 0.138757 0.638955
0.147968 -0.0070505 0.247989
-0.0767927 0.0460185 0.276466
0.1532 0.0761298 0.289759
-0.0199921 0.0466506 0.246097
0.00995856 0.0135746 0.0970845
-0.00754149 0.0125916 0.0657225
0.00902061 0.0223901 0.0762726
0.00609373 0.0167007 0.0684886
-0.0107284 0.0109333 0.0609868
-0.0090436 0.0116417 0.0610526
0.00722316 0.00940671 0.0569002
0.00311727 0.0214722 0.100855
-0.00461505 0.00987476 0.0612781
-0.00870826 0.010434 0.0626187
0.00471217 -0.00724321 0.0191653
0.168999 0.047735 0.275973
0.0840405 0.0790673 0.494435
0.0575994 0.0212421 0.0751904
0.116367 0.105005 0.258172
0.0131149 0.0192818 0.0743922
0.0129404 0.0139304 0.0727538
-0.00426426 0.00963664 0.0646781
0.029846 0.00679969 0.171026
-0.0108036 0.0111381 0.0690675
-0.00844822 0.00958538 0.0623736
0.0166171 0.0148356 0.0731302
-0.00948135 0.00981184 0.06181
0.00757729 0.0148826 0.0737774
-0.00190132 0.0122299 0.0644454
-0.00639865 0.00925038 0.0616001
0.00625775 0.0137315 0.0655419
0.0789048 0.00995926 0.092251
-0.00546524 0.0110374 0.0658985
0.00721792 0.0184392 0.0731376
0.00214932 0.0139992 0.0696934
0.00798902 0.018329 0.0680431
0.0815395 0.033072 0.0931983
-0.00829032 0.00946932 0.0639487
0.00189977 0.0120744 0.0662534
0.00718024 0.0167031 0.0701641
0.00627264 0.0171502 0.0661744
-0.00745395 0.0117297 0.0638563
0.00530554 0.0137758 0.0703024
0.0149093 0.0173556 0.065559
-0.00736372 0.0118278 0.0629082
-0.00983387 0.01112 0.0623817
0.0129143 0.0148892 0.0743207
-0.11812 -0.00146034 0.296548
-0.177004 -0.0138312 0.355109
0.00781102 0.0057821 0.135136
-0.128417 -0.00125796 0.32018
0.137303 0.0245412 0.279579
0.0137516 -0.00999511 0.166359
0.204252 0.0580116 0.322938
0.0110541 0.0187729 0.219159
0.160999 -0.0173145 0.312339
0.0248685 -0.00230519 0.157866
-0.026258 0.0439989 0.203553
0.23067 0.0776595 0.369075
-0.0204702 -0.0466065 0.272712
-0.0437294 -0.0337835 0.207063
0.124519 0.054482 0.306346
0.00104518 -0.00437883 0.0228483
-0.0315808 -0.0318939 0.181289
-0.0917735 0.0552235 0.252505
0.00623837 0.0161308 0.0685555
-0.00874067 0.0116425 0.0620983
0.00765905 0.013421 0.0732291
0.116042 0.0235051 0.193194
-0.0222128 0.0474855 0.233279
-0.0516554 0.0395525 0.255477
0.139855 0.0692352 0.230176
-0.00228626 0.0168204 0.174191
-0.023749 0.0449383 0.230258
0.0140221 -0.005478 0.0264417
0.116013 0.0217697 0.198355
0.205947 0.0057035 0.318651
0.172725 0.0539161 0.290785
-0.0614856 0.0522248 0.24857
0.129181 -0.0156729 0.252394
0.030128 0.000568411 0.210785
0.00632284 -0.00728958 0.0199214
-0.000889732 -0.0188604 0.0855145
-0.0726487 0.0433015 0.256488
-0.139979 0.073507 0.342648
0.0680998 0.0859334 0.332857
0.133478 -0.0156496 0.260768
0.0986764 -0.0148714 0.181352
0.158165 0.145534 0.343068
-6.22637e-05 0.0203862 0.192869
-0.0878899 0.0668532 0.330784
0.0810087 0.00152957 0.220381
0.190371 0.0422566 0.354795
-0.136822 0.0460483 0.285954
-0.0865768 0.0545203 0.254387
0.174305 0.0443929 0.271931
0.0606243 0.0877684 0.384253
-0.0657232 -0.0041566 0.16871
0.212534 0.0487244 0.342712
-0.0939002 0.0467115 0.279254
0.0553065 0.00237336 0.259666
0.123731 0.025784 0.218115
0.0290167 0.0445018 0.221943
0.203375 0.0898023 0.332172
0.204496 0.0433778 0.326291
0.0491976 0.0668717 0.284851
0.173998 0.131785 0.283128
-0.10667 0.0688097 0.297356
0.0210731 -0.0294137 0.262258
0.00628956 0.0816913 0.293295
-0.107223 0.0594631 0.319818
0.0506284 0.0202687 0.214019
0.0126873 -0.000194705 0.215546
-0.013025 0.0534601 0.270186
-0.0906179 0.00778727 0.30211
-0.0802283 0.0616599 0.277856
0.102779 -0.0135208 0.188461
0.150329 0.0806152 0.296521
0.0127822 0.0198315 0.251142
0.174965 0.0941915 0.284426
0.139078 0.049107 0.340399
0.176061 0.0662326 0.294845
0.0495338 0.00687009 0.0622058
-0.0578236 0.0549273 0.278462
0.012076 -0.0055226 0.0818682
0.195087 0.0615951 0.313302
-0.0527277 0.0488016 0.237234
0.00946465 -0.00510819 0.0787715
-0.0479486 -0.0473868 0.301315
0.00583396 -0.000649438 0.039506
0.00748497 0.0138089 0.0711259
0.00152487 0.0127052 0.0741022
-0.00327384 0.0121694 0.065292
0.013426 0.0138364 0.0736301
0.00773706 0.014678 0.0684458
0.0203802 0.0202698 0.0891304
-0.0310204 0.0628245 0.311692
0.118502 0.103409 0.259118
0.0175036 0.00068638 0.0319498
-0.0274888 0.0661655 0.23028
-0.0476155 -0.0386812 0.238123
0.0116667 0.0148331 0.237277
0.0137531 0.0203823 0.0829306
-0.00561999 0.0101164 0.0635567
-0.00173611 0.0116864 0.0630254
-0.0013684 0.0108137 0.061018
-0.058137 -0.0393353 0.264897
-0.00909183 0.0118945 0.0628578
0.00668491 0.0142918 0.0700196
0.00680981 0.016176 0.0736047
0.0104637 0.0175648 0.0753127
-0.00864583 0.0139223 0.0647923
0.0101035 0.0176784 0.0702023
-0.0073207 0.00806918 0.0637238
0.00549466 0.0131041 0.070116
-0.00770554 0.00814443 0.0637407
0.0131246 0.0189541 0.0707888
-0.00657415 0.0101095 0.0663687
0.146978 0.0264871 0.303048
0.189675 0.093244 0.34144
0.058539 0.00360081 0.290562
-0.0556861 0.0327663 0.217768
-0.0949007 0.0589895 0.275207
0.0115175 -0.0187344 0.123565
0.221683 0.0530525 0.345039
0.17305 0.0954799 0.296267
-0.117353 0.0418725 0.361022
0.196596 0.063723 0.329507
-0.0862545 0.047542 0.281861
0.030095 0.00236941 0.118259
-0.0858934 0.0424717 0.246418
0.0148078 -0.0489175 0.270801
0.0351106 0.00412227 0.138423
0.0547002 0.0279402 0.0860444
-0.0323694 0.0546247 0.244112
0.0107488 -0.00477276 0.0385565
-0.0489663 0.0382776 0.203883
0.19579 0.0663748 0.306301
0.0456471 0.0102002 0.0729804
0.224044 0.0786034 0.350242
0.0443743 0.0100106 0.0710866
0.03176 0.00300767 0.0891979
0.185994 0.0912823 0.334823
0.22787 0.0674791 0.38116
-0.0886321 0.00990058 0.28629
0.00473932 0.024565 0.100648
0.00795675 0.0144545 0.0762608
0.0228693 0.0669423 0.303971
0.0215082 0.0205777 0.106858
-0.00679565 0.01017 0.0639302
0.0381583 -0.00787541 0.0520385
-0.00827827 -0.0366262 0.21407
0.0136923 -0.0432986 0.232221
-0.00840273 0.0375992 0.197209
0.287398 0.0883562 0.437709
0.0479988 0.00715319 0.0825341
-0.0920856 0.00313612 0.292672
-0.049898 -0.0506853 0.325175
0.186042 0.0534384 0.304081
-0.0344276 -0.0418402 0.244909
-0.0595083 0.0444216 0.291923
-0.0648152 -0.0439649 0.305627
-0.0425652 0.0558918 0.238631
0.004817 -0.00737515 0.0175891
-0.01051 0.00651946 0.0581122
0.013032 0.0142441 0.0678556
0.00618855 0.0120069 0.0698704
-0.00772279 0.0116545 0.0640628
-0.00183966 0.00541308 0.0546842
0.06337 -0.00185755 0.0686909
0.00870905 -0.00378678 0.022705
-0.109619 0.0053089 0.343289
-0.0565577 0.0403175 0.215309
0.0456307 0.0290472 0.0735435
-0.00257923 -0.0341262 0.192581
0.189157 0.0948466 0.358183
0.0750887 -0.00864313 0.0751601
-0.00555864 0.0116333 0.065903
0.0100514 0.01498 0.0632422
0.234852 0.0857906 0.423264
0.0129618 -0.0164244 0.176295
0.025444 0.00373791 0.0363546
-0.0121194 0.0484936 0.250655
0.00631227 -0.00612353 0.0181933
0.00866383 -0.0037954 0.0226684
0.007993 -0.00574338 0.0202077
0.00770337 0.0136002 0.0701029
0.0818315 0.0306482 0.0972419
0.0177888 0.0182134 0.080548
0.0353311 0.0273255 0.0639439
-0.0311597 0.0452357 0.197927
0.0391843 0.0270723 0.0646707
0.0366476 0.0256659 0.0610992
0.0323892 0.00699404 0.0446401
0.00631217 0.0160069 0.0628107
0.0217958 0.0216976 0.0647494
0.0344783 0.0249324 0.0636503
0.00478277 0.0145422 0.0718329
0.135719 0.136903 0.350069
0.112695 0.0508162 0.135652
-0.00368043 0.0149267 0.0794579
0.004504 0.0437014 0.166625
0.192482 0.106309 0.313468
-0.000236638 0.00867889 0.0652206
0.0106799 0.0169659 0.0815622
0.0132608 0.0193059 0.0695443
0.0153969 -0.00100309 0.0273025
0.112598 0.0671797 0.166852
0.00689465 0.0157468 0.0651711
0.0774062 0.0311655 0.0854633
0.0108886 0.0151846 0.0674501
0.0133553 0.0206636 0.0786245
0.0128578 0.0185435 0.0700813
0.088187 -0.00616237 0.0879792
0.0133601 0.0230801 0.107618
0.0068273 -0.00124328 0.0422232
0.0558937 0.00540853 0.0697227
-0.0436172 0.0234915 0.179297
-0.0563797 -0.0384311 0.244609
0.203834 0.074122 0.319129
0.00237663 -0.00398607 0.0258495
-0.00207972 -0.0707108 0.406292
-0.00173564 -0.0314558 0.172909
0.0121508 0.00345123 0.0308402
0.0130055 0.00335355 0.224746
0.0120287 -0.00426431 0.027055
0.0180299 -0.0287657 0.238628
0.0138347 -0.0141209 0.201836
0.059725 -0.00214731 0.0656035
-0.000525943 -0.00241836 0.0336858
0.0152471 -0.0179802 0.177753
-0.0632693 0.0542897 0.256599
0.0574183 -0.00235656 0.0634234
-0.0467012 0.0399 0.220812
0.0583617 -0.00775413 0.0648479
0.0951998 -0.00613668 0.219662
0.00287517 -0.00911479 0.0271023
-0.0398476 -0.0325413 0.206252
0.0162674 -0.0277978 0.204224
0.00049332 0.0162031 0.178677
0.0106972 -0.00404861 0.0295215
0.00816738 0.0142447 0.0719641
0.0101178 0.0113144 0.0613263
0.00422693 0.0140083 0.0674787
0.00249388 0.0292145 0.126276
-0.00201494 0.0198149 0.100424
0.00424153 0.0149935 0.0783636
0.0387036 0.028234 0.067828
0.00248228 0.0134425 0.0694882
0.0683695 0.0465218 0.10414
0.0142003 0.0154456 0.0690875
0.0357383 0.0237993 0.0598837
-0.00579715 0.0118877 0.0666687
0.0151084 0.0247461 0.0824318
0.0143375 0.0191488 0.0756577
0.00643854 0.0148848 0.0769141
0.0153514 0.0156926 0.0751317
0.0154986 0.0171051 0.0718327
0.0124324 0.0119029 0.0611533
0.0146731 0.0190967 0.0797555
-0.0201964 0.0137139 0.119004
0.0126563 0.0428017 0.157989
0.00518989 0.0215363 0.0780458
0.00617451 0.0169234 0.0658501
-0.00901099 0.00863328 0.0619122
0.0070902 0.0185215 0.0677885
-0.00712489 0.011012 0.0640437
-0.00329507 0.0110958 0.0638862
0.00813003 0.0147184 0.0692405
-0.00814789 0.00918742 0.0631418
0.00975348 0.0162409 0.0790853
0.00436412 0.0149584 0.0680956
-0.00148049 0.0123389 0.0650625
-0.0105274 0.00985033 0.0616116
0.232358 0.0680102 0.388649
0.00179884 -0.0438691 0.245716
0.138748 0.140145 0.362223
0.000161327 -0.00442759 0.0271106
0.0193519 -0.00508433 0.037374
0.00447531 0.0425401 0.165505
0.00820064 -0.013557 0.0778987
0.00196926 0.0125474 0.0672927
0.0102586 0.0134738 0.0745971
0.00129064 0.0138835 0.0680386
0.0146274 0.0151607 0.0687679
0.00677284 0.0149903 0.0711204
-0.00730093 0.00996927 0.0635822
0.00626958 0.0178524 0.0709615
0.0132623 0.0196076 0.0705361
0.00436271 0.00908946 0.0624945
0.004169 0.0156282 0.0694979
-0.00908916 0.00881972 0.0623105
-0.0101404 0.0083231 0.0614683
-0.010395 0.00819202 0.0610996
0.00548761 0.0152736 0.070612
-0.00151776 0.0130742 0.0670006
-0.0048542 0.0114838 0.0655615
0.00863881 0.0134012 0.0698562
-0.00140669 0.0121186 0.0659978
0.00813369 0.0128957 0.0685046
0.00440301 0.0128151 0.0671801
0.014283 0.0119472 0.0655692
0.00826603 0.0168089 0.0717961
0.03381 0.0232728 0.0604685
0.0146697 0.0188885 0.0728217
0.0114424 -0.0100309 0.158385
0.131308 0.00305842 0.134963
0.00533918 -0.00713033 0.0176988
0.00492845 -0.00660726 0.0202257
-0.049965 0.0495882 0.213152
0.00624148 -0.00666711 0.0187467
0.0474297 -0.00611256 0.0526866
0.020278 -0.0017873 0.164867
0.0129881 0.0529102 0.285677
0.0430172 0.0550703 0.214404
0.000665956 -0.0150918 0.0661754
-0.0135799 0.0261823 0.152819
0.0168938 -0.00102821 0.0637166
-0.00501421 -0.0182514 0.0882521
0.0160927 0.0198862 0.0762817
0.0144839 0.0111951 0.0640082
-0.00132135 0.0105351 0.063377
0.00132405 0.0141605 0.0686319
0.133205 0.0529699 0.328308
0.0490999 0.00692645 0.0598653
0.161268 0.0612174 0.263109
-0.0466469 0.033926 0.227482
0.00516104 -0.00679279 0.0175979
-0.0254293 -0.00500958 0.11456
0.00541694 0.000814538 0.036319
0.0112524 0.0175203 0.0758315
-0.0450599 0.0364127 0.226731
0.0069249 0.0168092 0.0692443
0.00713668 0.0182855 0.0671722
-0.0102938 0.00919129 0.061145
-0.00529556 0.0118768 0.0650024
0.00780202 0.0136861 0.0742218
0.00552224 0.0136875 0.0712947
0.00571866 0.0137784 0.075243
0.03764 0.0539478 0.18356
0.0080255 0.00197644 0.0416677
0.0129634 0.0144409 0.068927
0.0148143 0.019002 0.0800015
0.0131611 0.0131958 0.0642658
0.0101349 0.0172073 0.0724969
0.167184 0.102313 0.242032
0.110214 0.0565805 0.227577
0.0217213 0.00297346 0.299769
0.156773 -0.00675134 0.301249
0.135624 0.0373045 0.339512
0.105241 0.0340354 0.176505
-0.110479 0.010789 0.35963
0.01017 -0.0141128 0.123071
0.00422916 -0.0077473 0.0164318
0.126555 0.00392598 0.130581
-0.00266867 0.018593 0.182895
0.00691465 -0.00656491 0.0191626
0.00614351 -0.00627141 0.0202226
0.00613253 -0.00627441 0.0201967
0.0163198 -0.000778756 0.030101
-0.00969602 0.0375738 0.205208
0.0162584 -0.000765792 0.0300188
0.259289 0.0939061 0.404842
-0.00271327 -0.0012266 0.0343651
-0.00516579 0.00205368 0.0422984
-0.0365206 0.0537142 0.225683
-0.0041953 -0.0126699 0.054101
0.0020724 0.0134047 0.0745043
0.0105507 0.018554 0.0751254
0.117061 0.108856 0.275963
0.0438102 -0.0042779 0.0513059
0.0819526 0.00143327 0.252278
-0.0529283 0.0308288 0.223381
-0.0023335 0.020005 0.0995554
0.00448059 0.0200056 0.083631
0.0142285 0.0181354 0.0772201
-0.00898789 0.0216387 0.108219
-0.0247984 -0.00575199 0.128761
0.00799495 0.0156183 0.0709037
-0.00995114 0.00910867 0.059496
0.00446284 0.019026 0.0774041
-0.00537704 0.0113089 0.0649903
0.00772438 -0.00574539 0.0686872
0.21914 0.0780983 0.39834
-0.0146539 -0.0398687 0.22909
-0.00226086 -0.0655859 0.36694
0.117729 -0.0146147 0.2305
0.0111148 0.019724 0.078433
0.00684189 0.0182724 0.0690163
0.00558172 0.0101605 0.0642583
0.00649602 0.0147805 0.0767875
0.0117724 0.0218872 0.0763251
0.0116053 0.00178478 0.0317995
0.0177625 0.0191925 0.0825907
-0.0782734 0.0479669 0.315174
0.00777201 -0.00649437 0.0466899
0.00862917 0.0170401 0.0717657
0.00738258 -0.00659778 0.0413185
0.00961885 0.0184232 0.0828164
0.00383449 0.0131222 0.0636746
-0.00460513 0.0300763 0.131198
-0.0380568 0.0644494 0.279109
0.00496304 0.0179143 0.0682975
0.00783548 -0.00590462 0.0591491
-0.00761287 0.00846672 0.0650131
0.0164276 0.0189475 0.0762146
0.00100864 -0.0032448 0.0321036
-0.00499057 -0.0368316 0.21166
0.010888 -0.0121765 0.137419
-0.00277254 0.00211289 0.0474463
0.0158375 -0.00343569 0.123893
0.0839841 0.000965691 0.0888093
-0.00195847 0.00579282 0.0539095
0.0117762 -0.00633772 0.180194
0.00787108 -0.0397317 0.207414
0.0503426 0.0226863 0.224981
-0.00851595 -0.0147818 0.0696893
