-0.025362 0.0471395 0.264747
0.04684 -0.0332387 0.242968
0.0948951 0.00188754 0.240379
0.0807836 -0.015531 0.248097
0.048919 -0.0103773 0.244714
0.077938 0.00318397 0.244201
0.0209238 0.164995 0.842152
-0.058317 0.000288697 0.245573
0.08034 -0.0700548 0.27299
0.0746075 0.0795503 0.500988
-0.285991 0.152774 0.845088
-0.14075 0.0802793 0.421428
-0.0191516 0.214183 1.10936
-0.0908988 0.178763 1.02277
-0.302844 0.150949 0.843296
-0.835654 0.391256 1.86212
0.058164 0.0402546 0.239274
-0.305412 0.203671 0.918073
0.129828 0.06604 0.2461
0.0602766 -0.00236476 0.250335
0.0706161 0.00402054 0.248902
-0.00247018 0.0178097 0.242287
-0.0233514 -0.0556391 0.382013
0.122454 0.0212491 0.200091
0.112955 0.0286948 0.235276
-0.00796984 -0.0189648 0.194644
-0.0676572 -0.000561623 0.292176
-0.0553961 0.0483096 0.302113
0.0645051 -0.00748833 0.25836
0.0929458 0.0846941 0.316404
0.0622885 0.0660526 0.25589
-0.0468801 0.170877 0.931031
-0.0998091 0.0298969 0.211924
-0.0874162 0.181141 0.81843
0.126195 0.0564032 0.188389
-0.0593699 0.209994 0.952743
-0.0612394 0.180766 0.870349
0.0649392 -0.00601267 0.257564
-0.139242 0.242134 0.882833
-0.0646899 0.214016 0.944263
-0.367924 0.170804 0.811075
-0.383776 0.209194 0.85391
0.190597 0.125868 0.422885
-0.0648133 0.0711062 0.489928
-0.390916 0.200799 0.807986
-0.281857 0.139127 0.533884
-0.02249 0.0415796 0.220012
0.566191 0.374223 2.39666
0.918869 0.155105 2.27047
-0.143073 0.231105 0.922157
-0.052158 0.22756 0.93031
-0.295157 0.250965 1.0309
-0.405506 0.1694 0.884871
0.0139123 0.205512 0.779889
-0.0454168 0.239719 0.945867
-0.359622 0.15402 0.734309
-0.00849772 0.00482723 0.0180691
-0.29811 0.172104 0.596606
-0.348874 0.175067 0.979675
-0.8302 0.444574 2.84649
-0.357582 0.175266 0.843975
-0.917319 0.23052 1.71212
0.00303439 0.119556 0.833394
-0.132382 0.196919 1.00279
-0.115156 0.228462 1.03821
-0.0586732 0.0684717 0.417857
0.0581719 -0.0629115 0.266173
-0.142612 0.063012 0.489373
-0.0896054 0.0320311 0.189358
-0.0970878 0.0205766 0.1889
-0.0602713 0.198531 0.879221
0.0611479 0.00763394 0.216138
0.102391 -0.0218293 0.251267
-0.0793032 0.25629 1.00097
-0.203382 0.228034 0.919056
-0.0331851 0.0761645 0.407485
-0.12599 0.0736885 0.371528
0.0310152 0.149136 0.624824
-0.336128 0.17442 0.854203
0.024677 0.246311 0.88081
-0.258922 0.134923 0.552138
-0.165886 0.301911 1.06778
-0.0263767 0.0799318 0.385759
0.00784255 0.187749 0.755271
-0.340585 0.199001 0.706891
-0.0283029 0.226127 0.936419
-0.346282 0.155948 0.855489
-0.438258 0.320235 1.25612
0.145081 -0.064068 0.18592
0.130795 -0.0645405 0.166765
0.122666 0.0604948 0.251433
0.140246 -0.0503593 0.197049
0.142262 0.024027 0.210088
0.028806 0.00975065 0.0638803
-0.00684651 -0.0178129 0.115158
-0.0193554 0.0241026 0.109563
-0.0280566 0.0248551 0.12607
-0.0137816 0.0193262 0.0844911
-0.0130683 0.0129821 0.112019
-0.0010321 0.0207837 0.0962194
-0.0147868 0.0193081 0.0844453
0.00307746 0.0203181 0.0961441
-0.0230598 0.0185919 0.0730048
-0.00121306 0.0242701 0.0945105
-0.00292994 0.0181567 0.0995733
-0.00325494 0.0232527 0.0934179
-0.0380158 -0.0257985 0.0883216
-0.04474 0.0231261 0.114008
-0.012905 0.0183024 0.0820953
0.00202094 0.0251541 0.0941277
-0.0060804 0.0223384 0.0868189
-0.0113447 0.0149662 0.0837879
0.0588767 0.00892168 0.1519
-0.0543959 0.00985483 0.091129
-0.0133112 0.011337 0.168985
-0.00674802 0.164717 0.897138
-0.00408891 0.0344037 0.256965
0.0731849 -0.00539338 0.201257
-0.0271194 0.19278 1.04164
-0.0883525 0.0238544 0.180772
-0.0821425 -0.0409021 0.149785
-0.097271 0.183522 0.94124
-0.0497663 0.0768758 0.464922
-0.0418191 0.0159292 0.271111
-0.314457 0.185005 0.996182
0.0181989 0.250214 1.40035
-0.273358 0.242636 1.08847
-0.190351 0.0822202 0.396063
-0.264722 0.154412 0.822845
-0.186241 0.0805685 0.381958
-0.0107892 0.0949133 0.664001
0.0859797 0.0583296 0.366417
0.0921882 -0.0237639 0.239936
0.0194724 0.197683 0.83863
-0.0715496 0.0663038 0.418843
-0.110448 0.178422 0.96365
-0.0912174 0.0214489 0.180924
0.06909 -0.0344709 0.256997
-0.058946 0.0483542 0.36917
0.0990115 -0.0302868 0.254355
0.0123643 0.134985 0.683908
-0.0896237 0.0275758 0.20871
-0.0524851 0.0341067 0.235917
-0.0372119 0.0483725 0.361734
0.0647233 -0.0338077 0.245897
-0.0707992 0.029204 0.236037
0.132023 0.0692506 0.267999
0.0665731 -0.0350915 0.253124
0.22411 0.132258 0.437271
-0.0159351 0.0293974 0.231746
0.00583306 0.0185764 0.233462
0.124602 0.0696369 0.230053
-0.165617 0.2531 1.03719
0.0750464 0.0130606 0.198021
0.126365 0.0602551 0.258109
0.0830855 -0.028134 0.249841
0.0633489 -0.0611742 0.242053
-0.00873598 -0.024941 0.257584
-0.0920162 0.0259721 0.183767
0.0490244 0.0376777 0.238313
-0.0499764 -0.0892598 0.276289
0.0812803 -0.0157464 0.250259
0.0128478 0.174046 0.667635
0.0956048 -0.022198 0.244002
-0.0519341 0.0439746 0.326122
-0.10098 0.0386178 0.246711
-0.080632 0.136195 0.980225
0.119137 0.0369891 0.250048
0.0931592 -0.0161524 0.246462
0.0250238 0.178246 0.750278
0.00698727 0.0720169 0.287557
-0.246305 0.142914 0.492959
4.61687e-07 -6.75562e-07 3.73251e-06
-0.101619 0.251684 0.954165
-0.0580592 0.140031 0.87021
-0.146633 0.235873 1.08505
-0.150774 0.257489 1.09191
-0.0937186 0.264385 0.958081
-0.122193 0.246185 0.946922
-0.0110607 0.187556 0.810141
-0.12389 0.179859 1.01046
-0.298773 0.186689 0.770714
-0.0879288 0.0501687 0.251392
-0.0617117 0.0327895 0.2569
-0.285193 0.178475 1.15931
-1.45931e-05 1.37572e-05 7.23924e-05
-0.338043 0.196265 0.743677
-0.0607031 0.178984 0.846191
-0.0661401 0.22195 0.984888
0.0291709 0.146755 0.823698
-0.265255 0.122408 0.507158
-0.278396 0.150443 0.74462
0.132097 0.188335 0.63636
-0.381461 0.179879 0.721085
0.00891784 0.0502647 0.175143
-0.336939 0.186231 0.929491
-0.167591 0.0696439 0.312328
-0.310191 0.153469 0.61041
-0.246513 0.218654 1.03143
-0.158575 0.0688578 0.36668
-0.198867 0.0797418 0.383395
-0.16437 0.265902 2.23678
1.12557 -0.652776 2.82441
0.00345589 0.037029 0.225048
-0.28001 0.119987 0.5103
-0.32174 0.19423 0.996004
-0.000116459 4.90778e-05 0.000209106
-0.314934 0.215596 1.13038
-0.243769 0.106005 0.452554
-0.251218 0.19947 1.23287
-0.409467 0.217548 0.8819
-0.0946749 0.0527976 0.206367
-0.25769 0.147387 0.659087
-0.130163 0.260906 0.896428
-0.020434 0.206635 0.846917
-0.00272791 0.151177 0.58513
-0.0185998 0.194354 0.957327
-0.38785 0.224256 0.910756
-0.0791657 0.209305 0.694547
-0.0971292 0.170715 0.772519
-0.0534567 0.234679 0.923148
-0.110905 0.260394 0.932859
-0.427695 0.201587 0.900418
-0.112641 0.0473563 0.236744
-0.355833 0.147294 0.747804
0.764744 -0.260161 2.32557
0.0201789 0.195757 0.827307
8.72211e-06 5.68827e-05 0.000346821
0.0720166 0.0454511 0.249923
-0.232366 0.20325 0.961351
-0.314506 0.181226 0.821505
0.215462 0.104825 0.367236
-0.0173701 0.0377905 0.254475
0.046697 -0.0409701 0.254168
-0.279464 0.162974 0.706298
-0.0871723 0.147296 1.0485
0.117948 0.0474235 0.249475
-0.0503924 0.15404 0.784907
-0.173612 0.0857845 0.342589
-0.219998 0.0931455 0.565167
-0.506532 0.284944 2.06713
-0.124398 0.208333 1.29246
0.00409458 0.229007 0.866134
-4.57977e-05 2.15995e-05 9.39454e-05
-0.228328 0.0788134 0.42468
-0.103736 0.275313 1.07433
-4.12284e-06 4.26367e-05 0.000174716
-0.0296967 0.118104 0.771114
0.0467287 -0.0323239 0.247566
-0.0428384 -0.0390976 0.261723
-0.239783 0.210875 0.997578
-0.0415402 -0.0219614 0.255429
-0.172505 0.26268 1.11296
-0.155645 0.0615696 0.4113
0.0451689 -0.0220631 0.250817
0.0872065 0.0540886 0.303361
-0.0189334 0.0154476 0.230732
-0.0752056 0.127598 0.919497
-0.0156414 0.0219019 0.265875
-0.0583584 0.0305181 0.241993
-0.242045 0.166135 0.748663
-0.173328 0.244755 1.08459
0.0148061 0.181537 0.770649
-0.0273211 0.133931 0.886918
-0.488224 0.110688 0.896918
-0.087607 0.148113 1.05
-0.0343482 0.186594 0.960603
0.00685741 0.20915 0.881844
-0.110926 0.203756 0.698443
-0.061046 0.221223 1.01105
-0.190757 0.218446 1.20608
-0.0608854 0.0345239 0.119582
-0.101225 0.175239 1.00236
-0.206973 0.140565 0.567456
-0.198766 0.201175 1.06381
0.00369221 0.0397327 0.242104
-0.313714 0.176891 0.786942
-0.0795678 0.0984415 0.639557
-0.152711 0.0882965 0.393408
-0.0270416 0.131834 0.897625
-0.187575 0.223967 1.17383
-0.0754246 0.254622 0.960421
-0.310531 0.217296 0.844961
-0.0764186 0.244525 0.890314
-0.190423 0.207759 1.10555
-6.33931e-05 3.70319e-05 0.000143679
-0.160206 0.34304 1.26845
-0.237882 0.128243 0.566311
-0.172531 0.226247 1.10257
-0.099569 0.276237 1.03371
-0.105726 0.228136 1.07794
-0.0145505 0.0273954 0.235866
-0.856273 0.395234 2.20923
-0.100283 0.0715666 0.522843
-0.00835866 0.222119 0.955417
-0.1514 0.232688 0.951264
-0.0338904 0.124572 0.586308
-0.116843 0.166559 0.941674
-0.129309 0.296637 1.06798
-0.0258534 0.0166877 0.109748
0.0100818 0.042878 0.303235
-0.230114 0.224901 0.963776
-0.0535727 0.209297 0.82497
0.0125526 0.0454024 0.278903
-0.00242389 0.158332 0.875598
-0.028442 0.191101 0.878506
-0.0491057 0.108295 0.548772
-0.0259126 0.0642318 0.222111
-0.139243 0.263628 0.939336
-0.127053 0.137552 0.870475
-0.103687 0.291058 1.02017
-0.0563571 0.308168 1.2231
-4.04715e-05 2.10329e-05 8.67259e-05
-0.156714 0.0718814 0.321307
-0.357603 0.215879 1.1144
0.0837637 0.00898762 0.241226
0.0916056 -0.00747119 0.221332
0.0864328 -0.0196239 0.247338
-0.0571251 0.0286489 0.23986
-0.0866771 0.0162573 0.202213
0.238112 0.134673 0.445201
0.078192 0.014209 0.226317
0.108372 0.0534311 0.217227
0.233885 0.136863 0.454316
0.0974294 -0.0281887 0.253324
0.0872483 -0.0767966 0.3005
-0.102024 0.237059 1.02003
-0.0178506 0.192671 0.997219
-0.0972044 0.0210514 0.189557
-0.23609 0.123901 0.650099
0.048883 0.119097 0.75043
-0.243956 0.12634 0.637062
-0.134077 0.0230817 0.301443
-0.273498 0.19972 1.14247
0.0197001 0.134113 0.843051
-0.0195119 0.0146678 0.222864
-0.0383021 0.180112 0.974343
-0.0762754 0.0306422 0.223926
-0.046199 0.163045 0.729594
-0.0652875 0.041737 0.268016
0.0801466 -0.029395 0.2589
0.0622633 0.0414151 0.251445
-0.0470924 -0.0251185 0.28841
0.0829272 0.0103163 0.240494
-0.0718192 0.0372844 0.241388
0.0450232 -0.0323339 0.238486
0.0956209 -0.020789 0.242708
0.0795118 0.00443562 0.249287
-0.0809372 0.130472 0.701043
-0.16704 0.166177 0.886817
0.0536831 -0.0598024 0.253479
-0.0343461 0.0125488 0.232651
-0.00972672 -0.0239437 0.235556
-0.0527957 0.0546251 0.352538
-0.00700278 -0.0149047 0.243119
-0.00727107 0.0122155 0.235358
-0.0654815 0.0494826 0.303833
-0.0770796 0.0480802 0.32594
0.0486272 -0.00892114 0.240773
0.082166 -0.0279451 0.250384
-0.0168455 0.0176388 0.248943
-0.00631737 -0.00327064 0.231559
-0.0738224 0.065233 0.409891
-0.332016 0.150476 0.659435
0.105822 -0.0207063 0.230232
0.139768 -0.0524394 0.180373
-0.0146065 0.0187793 0.240735
-0.0205771 0.0328158 0.2353
0.00296336 0.0265196 0.254563
0.0524289 0.0406498 0.223899
-0.00788533 0.0527674 0.231099
-0.0549095 -0.027793 0.103992
0.105234 -0.00409345 0.223841
0.135955 -0.044547 0.18103
0.149096 -0.0656812 0.190885
0.0846568 0.0199243 0.251237
-0.139743 0.159804 0.796432
-0.0887509 0.024463 0.181865
0.271652 0.146305 0.486153
0.290691 0.0784424 0.507983
0.46479 0.246727 0.813797
0.0908284 0.00439586 0.264467
0.0877654 -0.0144598 0.265545
0.0685468 0.00425485 0.240372
-0.00678021 -0.0128461 0.203035
-0.0862923 0.0191541 0.145364
0.110709 -0.0285624 0.239419
-0.0264603 0.00838544 0.0969762
-0.0823106 0.0267717 0.132429
-0.0781117 0.0258152 0.121404
-0.0815199 0.0222725 0.123754
-0.0856639 0.025875 0.130526
0.0735078 0.0045946 0.243269
0.0935656 -0.0133178 0.237455
0.0419072 0.0664066 0.269734
-0.0418961 0.0370822 0.2649
-0.0641216 0.0198176 0.222193
-0.00812023 -0.016695 0.109032
0.0463847 -0.0220746 0.248415
0.0712561 -0.0746429 0.254062
0.0916665 0.0160554 0.258629
0.084051 0.0154112 0.241217
0.103306 -0.0641342 0.25592
-0.0593739 -0.0915358 0.266184
-0.086192 0.0192978 0.199614
-0.0422109 0.0397243 0.252681
0.0270853 0.00423164 0.0387912
0.00977043 0.00313077 0.0200931
0.116603 0.0465743 0.24552
0.077826 -0.0302812 0.252427
-0.0255976 0.106815 0.48857
0.0944734 -0.0759902 0.289907
0.0264435 0.123969 0.853949
0.0919377 0.0153339 0.229262
-0.160834 0.228813 1.02972
0.110293 -0.0120115 0.237926
-0.0454987 0.195924 0.859424
-0.03695 -0.0339779 0.250604
0.0501874 0.0334129 0.226353
-0.062255 0.0456841 0.32162
-0.0336474 0.0348135 0.224962
0.121177 -0.0018306 0.179713
-0.00346141 0.00354761 0.0214135
0.0892064 0.0143816 0.129759
0.110833 -0.00698233 0.166446
0.115835 -0.0524367 0.155063
-0.0307045 0.0292761 0.147922
-0.0402921 -0.031643 0.103397
-0.0406816 -0.0108943 0.241752
0.119756 0.0605945 0.246014
-0.0931367 0.0177782 0.212089
0.0980259 -0.020329 0.248955
-0.076248 0.031905 0.226897
0.0712366 -0.0755876 0.262922
0.0279887 0.224868 0.755157
-0.0662821 0.0348975 0.228112
-0.0962065 0.0307268 0.177834
0.0946989 0.0160334 0.235457
-0.349944 0.213519 0.827476
-0.0535042 0.0346459 0.243951
-0.307446 0.175315 0.663225
-0.0466619 0.0400382 0.289038
-0.10332 0.0346077 0.20629
-0.0826842 0.0322479 0.193829
-0.0682758 0.0272349 0.229058
-0.0579079 0.0316094 0.236417
-0.0965145 0.0229892 0.183419
0.0866117 0.00482941 0.298583
-0.144202 0.181271 1.16075
-0.0384616 0.026429 0.109832
-0.157207 0.172039 0.690957
-0.184619 0.15845 0.748939
-0.0245109 0.191344 0.89833
-0.132598 0.212967 1.20636
0.018368 0.170113 0.861393
-0.144359 0.0665457 0.294565
0.025402 0.0674295 0.420349
-0.180242 0.102654 0.444804
-0.110433 0.217259 1.1348
0.0130484 0.184231 0.779666
-0.0957981 0.228356 0.974447
-2.04884e-05 1.48784e-05 8.5128e-05
-0.163426 0.328934 1.28637
-0.252658 0.193938 0.898781
-0.243267 0.121456 0.461107
0.029448 0.149551 0.588602
-3.81285e-05 1.84525e-05 7.38333e-05
-0.30372 0.265249 1.1774
0.0214376 0.124322 0.766887
-0.317869 0.355306 2.20737
-0.0552152 0.239621 0.976335
-0.286656 0.128635 0.706644
-0.00450688 0.145107 0.79453
-0.461757 0.260118 0.959146
-0.360429 0.177191 0.756728
-0.0104942 0.212266 0.942636
-0.210318 0.0978059 0.446591
0.09386 -0.0165413 0.228895
-0.294811 0.171426 0.773603
0.0185629 0.15456 0.781785
-0.137063 0.243588 0.911457
-0.284009 0.15083 0.660616
0.0125341 0.0448682 0.277093
-0.0598235 0.107914 0.514245
-0.0152142 0.235264 0.905041
-0.0208403 0.172958 1.27534
-0.392306 0.290913 1.23617
-0.367437 0.158736 0.752308
-0.128833 0.205843 0.943223
-0.0559013 0.205064 0.946547
-0.191002 0.131486 0.49663
-0.340045 0.182649 0.753221
-0.170994 0.197039 1.00059
0.0220637 0.235789 0.842725
-0.301665 0.194514 0.812248
-0.373817 0.175422 0.792318
-0.00869887 0.195501 0.867986
0.119214 0.0384585 0.246319
-0.0673831 0.0417378 0.251874
-0.0393925 0.0434877 0.248381
-0.0359306 0.0344343 0.174538
-0.0855459 0.0292314 0.276057
-0.0988868 0.233316 0.998207
-0.0857378 0.187537 0.944062
-0.115161 0.12802 0.814915
-0.0349369 0.179014 0.78505
-0.103605 0.256908 0.957354
0.0933164 -0.00441644 0.249033
-0.0924719 0.0258322 0.184429
-0.0213014 0.0155791 0.224462
-0.0777353 0.0288838 0.172497
-0.0162429 0.0259485 0.22109
0.102429 -0.013948 0.221427
0.0475612 0.0212721 0.237869
-0.143146 0.208889 1.0851
-0.0229499 0.182931 0.926953
-0.0938839 0.244845 0.947354
-0.14457 0.215287 1.21274
-0.153055 0.274397 1.02403
-0.222509 0.415834 1.42589
-0.028019 0.192851 0.882935
-0.151586 0.227632 0.966158
-0.276675 0.234461 0.949061
-0.0893954 0.0477394 0.270707
-0.192056 0.136498 0.553362
-0.335791 0.186452 0.655569
-6.10594e-05 3.17481e-05 0.000117461
-0.348866 0.215326 0.863506
-0.322948 0.18332 0.7401
-0.479825 0.273371 0.949093
-0.903047 0.248168 1.5237
0.22905 0.145348 0.482879
0.00706484 0.0751775 0.252821
0.017205 0.0829064 0.351537
-0.000810654 0.15156 0.836857
-0.000837187 0.0451731 0.241232
0.0165052 0.215969 0.873125
-0.104855 0.183434 1.04521
-0.0132305 0.105481 0.462545
-0.113951 0.221883 0.957218
-0.0358176 0.16484 1.07245
-0.0225807 0.147045 0.785047
-0.0295937 0.171469 0.690838
-0.27581 0.12412 0.678647
-0.0715661 0.191556 0.762617
-0.273893 0.158543 0.548876
-0.0837616 0.0684649 0.421702
0.0330796 -0.024709 0.306813
-0.238044 0.172837 0.679473
-0.209364 0.234975 0.945133
-0.248499 0.236513 1.24401
-0.129699 0.108315 0.438938
-1.23046e-06 -1.16594e-06 8.01516e-06
-0.154696 0.0861479 0.323953
0.0302008 0.200109 0.851098
0.00887258 0.0362167 0.346409
-0.0585077 0.0207342 0.23167
-0.0411104 0.0373411 0.273505
-0.0926104 0.030474 0.209614
0.00236858 -0.0184128 0.265156
0.159237 -0.0749442 0.214409
0.0814807 0.0627553 0.230206
0.0796508 0.00894076 0.126173
-0.00193445 0.310087 1.71455
-0.414502 0.143902 0.774242
0.0504036 0.0328893 0.231952
-3.36967e-05 7.0959e-06 6.17582e-05
0.166378 -0.0321355 0.46678
-0.00956805 0.0106307 0.23939
-0.0353896 0.0601037 0.377033
-0.264281 0.14021 0.729041
-0.235362 0.207261 0.837138
-0.119555 0.071114 0.271359
-0.246663 0.110652 0.486223
-0.0177915 0.226201 0.913334
-0.323495 0.17137 0.858715
-0.0145149 0.120575 0.865167
-0.334681 0.21378 0.957414
-0.0578897 0.176853 0.905493
0.0421264 0.179046 0.808805
-0.310154 0.214147 0.976136
-0.391358 0.23629 1.22437
-0.390752 0.161987 0.852187
-0.220844 0.10165 0.418221
-0.0561291 -0.0599724 0.181599
-0.298157 0.126488 0.541635
0.0605823 -0.00676981 0.246346
-0.186499 0.207618 0.827627
-0.179602 0.217886 1.12384
-0.122601 0.0727586 0.280404
-0.34892 0.239469 0.904635
-0.155138 0.0540341 0.28815
-0.317737 0.154203 0.565224
-0.0833905 -0.0883674 0.269364
-0.18839 0.118488 0.525024
-0.251351 0.107314 0.457273
-0.247416 0.0859708 0.458738
0.122524 0.175382 0.616581
-0.307354 0.213832 0.882783
-0.347499 0.167319 0.706028
-0.345414 0.213187 0.856036
-0.372751 0.22389 0.982991
-0.0785654 0.199579 0.960701
-0.114681 0.205199 0.729689
-9.97565e-05 4.28231e-05 0.00018423
0.00897785 0.133741 0.508501
-0.0658742 0.219921 0.972837
-0.218264 0.182149 0.80912
-0.119716 0.11456 0.48936
-0.0391128 0.217788 1.1241
0.121914 0.0249815 0.205487
-0.253545 0.140955 0.550748
0.236945 0.114606 0.398984
-0.198597 0.114855 0.378236
-0.118518 0.192759 0.890508
-0.294167 0.146335 0.580033
0.0219639 0.198779 0.807899
-0.811211 0.372299 1.56929
0.0272603 0.119835 0.841618
-0.160036 0.263283 1.21721
-0.27904 0.134271 0.569704
-0.0696268 0.234762 1.05419
-0.203811 0.226992 0.914866
-0.0616521 0.142214 0.890483
-0.313068 0.156627 0.872032
-0.309033 0.161466 0.81699
-0.100765 0.0363856 0.223039
-0.400036 0.274732 1.04463
-0.387323 0.209844 0.864938
-0.0695123 0.195798 1.0442
-0.325839 0.18888 0.854701
0.00616806 0.107011 0.729672
-0.0299479 0.1824 0.69963
2.66701e-06 4.06374e-05 0.000147564
-0.0265336 0.146487 0.557626
-0.0524678 0.16722 0.611495
-0.108834 0.183904 0.690622
-0.0349004 0.108535 0.434709
-0.317751 0.231188 1.05986
-0.265926 0.115413 0.496446
-0.0555622 0.146573 0.582825
-0.230268 0.192057 0.846901
-0.46249 0.229085 0.875621
0.0197444 0.0853874 0.654334
-0.0030488 0.264217 1.06035
-0.256522 0.146169 0.505976
-0.277023 0.161178 0.574233
-0.102653 0.245803 0.982205
-0.0529012 0.22952 0.935782
-0.0142841 0.195872 0.783277
-0.362933 0.210316 0.856326
-0.0822401 0.199695 0.754964
0.135399 0.171673 0.560405
-0.313843 0.227692 1.04013
-0.348294 0.192761 0.961154
-0.180447 0.217097 1.20584
-0.30508 0.214356 0.974056
-0.254767 0.129788 0.676049
0.0231158 0.219498 0.826968
-0.109254 0.136051 0.802412
-0.0362203 0.0144776 0.25667
-0.0305434 -0.0181141 0.0642519
0.0920822 -0.0106318 0.231836
0.075125 -0.0670521 0.264683
0.0843331 0.0238516 0.154849
0.0719779 0.0182736 0.118505
0.105523 -0.0320546 0.270199
-0.0692435 0.033629 0.215112
0.104037 -0.0265637 0.255863
0.0626761 -0.00221153 0.249689
0.0893823 0.0118383 0.258717
0.224406 0.109835 0.372676
-0.0137869 0.0194992 0.2261
-0.0205829 0.0779484 0.397335
-0.016471 0.0369874 0.262237
-0.126787 0.243504 0.977962
-0.117814 0.250567 1.02145
0.095175 -0.0345363 0.213485
0.144488 0.0517042 0.20734
-0.0419542 0.0156572 0.260319
-0.0525419 0.0436989 0.309734
-0.0620497 -0.00428333 0.27977
0.0964641 -0.0570633 0.242409
0.16529 -0.0662892 0.217306
0.0933711 -0.0277012 0.242702
0.14433 0.027383 0.207309
0.0195715 -0.0202507 0.238795
0.0562921 0.0386155 0.23103
-0.0583011 0.0356449 0.252661
-0.0909546 0.0253015 0.189587
-0.10619 0.0317242 0.216754
-0.015372 0.0454438 0.327256
0.087531 -0.0292493 0.241468
0.0473915 0.0282859 0.234188
0.138534 0.0694281 0.280056
-0.0264827 0.101724 0.386414
-0.358266 0.192306 0.812466
-0.0394261 0.017012 0.260224
0.0746206 -0.0270999 0.240667
0.101456 -0.018507 0.243009
-0.0564509 0.0244761 0.242959
0.0989632 -0.059656 0.247842
0.00666797 0.02232 0.274557
0.0480268 -0.0105019 0.238573
0.0798273 -0.0147865 0.21404
0.0885986 -0.00624184 0.234066
0.109811 -0.000483011 0.233842
0.109979 -0.0218129 0.170632
0.10852 -0.0395437 0.238986
0.123182 0.0196872 0.207809
0.111152 -0.0300276 0.240993
0.12056 0.0211156 0.197989
-0.00741306 -0.00434907 0.251953
-0.0413412 -0.013388 0.248539
0.0975522 0.0180106 0.141608
0.153439 0.0281435 0.211501
0.128055 0.0406919 0.263169
0.106363 -0.0287055 0.2306
0.117384 0.0572493 0.247598
-0.062146 -0.0988842 0.28332
0.083338 0.0153536 0.241051
0.0396535 0.06458 0.264972
0.126151 0.040372 0.258689
0.153564 0.0377346 0.218548
0.146849 0.0272803 0.202589
0.106019 -0.000321387 0.225071
0.13566 -0.0262729 0.21863
0.0717703 0.00783191 0.247802
0.0111792 0.0375624 0.23083
-0.0563526 -0.0891506 0.25577
-0.0724545 0.0330426 0.213582
0.0492652 -0.00834632 0.242948
0.106576 -0.0292225 0.230796
0.0518905 -0.0515442 0.249608
0.0841066 0.0142115 0.225088
0.0730605 0.00885301 0.253523
0.15294 0.0286176 0.209924
0.11958 -0.0797311 0.249139
0.0410135 -0.0202935 0.230429
0.0804208 -0.0157809 0.247492
-0.14313 0.0680924 0.380656
-0.0891273 0.0237395 0.182978
-0.015363 0.0142891 0.234896
0.0825773 -0.0789097 0.265705
0.235328 0.123447 0.409537
0.100348 0.0134064 0.249906
-0.048403 -0.0870014 0.264673
0.0912329 0.0144195 0.228642
-0.0962342 0.0217267 0.177856
-0.0913061 0.0259345 0.181481
-0.00712489 -0.00354728 0.229381
-0.077411 0.0318219 0.230085
0.0827119 -0.0080059 0.259426
0.118377 0.0620644 0.241445
0.124046 0.0648144 0.23235
0.143547 0.0354151 0.205217
0.0891469 0.0151167 0.222994
-0.0546169 -0.000342397 0.248771
-0.0845712 0.0347115 0.21914
0.0363977 0.202381 0.737322
-0.0909795 0.0219692 0.210406
0.164224 -0.095465 0.320761
0.0879753 -0.0819389 0.276372
-0.111292 0.188879 0.919434
-0.00146224 0.140691 0.978973
-0.13925 0.183257 0.957262
0.0880405 0.000496146 0.223706
-0.0198529 0.168958 0.920611
-0.0691146 0.227535 0.918812
-0.233442 0.2067 0.999554
-0.0653025 0.0330352 0.224992
0.0685497 0.00818534 0.240987
0.0481655 -0.0114013 0.240349
0.168057 0.068767 0.226989
0.0678618 0.0600661 0.249769
0.00287281 -0.010753 0.139919
0.135522 0.058221 0.194181
0.112477 -0.0279007 0.241929
-0.0449531 -0.0579611 0.246525
0.107044 0.0283086 0.222195
0.0825829 -0.0650019 0.24511
0.0821883 -0.0639743 0.241891
0.0359732 0.188826 0.742495
0.0919517 -0.024856 0.205125
-0.0451376 -0.0531191 0.272137
0.00346835 0.033647 0.256449
0.108272 -0.0216699 0.236071
0.0285913 0.0705756 0.256322
0.178134 0.00620791 0.241168
-0.0297315 0.205951 0.964124
0.195983 0.0966605 0.336935
-0.0703217 0.0242397 0.224112
0.0458602 -0.0408359 0.251796
0.055916 0.0370777 0.238002
0.13627 0.0217858 0.227936
0.0261427 -0.038052 0.512008
-0.00117508 0.245385 0.952156
-0.0641881 0.210346 0.848193
0.0221891 0.208882 0.775495
0.108982 -0.00960626 0.236114
-0.0195746 0.0276254 0.229406
0.0938394 0.0158454 0.254354
-0.00869737 0.170032 0.71892
-0.0597608 0.0339576 0.244405
-0.0338688 0.180657 0.848686
-0.00697974 -0.015264 0.236674
0.127814 0.0212421 0.190485
-0.00210615 0.0169174 0.232049
0.109504 -0.0398192 0.239991
0.11823 0.0420318 0.168587
0.194363 -0.00743621 0.266988
0.177886 -0.0337917 0.256339
0.163294 -0.0307422 0.225983
0.132183 0.0163017 0.192997
0.165245 -0.0311805 0.227693
0.133587 0.0229498 0.219722
0.138258 -0.0521557 0.178558
0.163616 -0.076433 0.221353
0.12774 -0.0472685 0.162799
0.161588 -0.0332305 0.245391
0.198868 -0.0367079 0.259578
0.196913 -0.0368892 0.269352
0.143793 0.00989959 0.213077
0.180339 0.00888464 0.241459
0.169599 -0.0320822 0.235379
0.159482 0.0104029 0.234125
0.174768 -0.031918 0.206188
0.152964 0.0254691 0.213279
-0.072764 0.0306801 0.216709
-0.158027 0.240715 0.984899
-0.3403 0.20416 0.891136
-0.113251 0.200887 1.16159
-0.383776 0.21939 0.948404
0.0325285 0.0771619 0.284361
-0.114508 0.189708 1.17932
0.065505 0.0260276 0.10432
-0.0673505 0.202099 0.933093
-0.0812506 0.226122 0.879065
0.0274369 0.215532 0.750392
0.148222 0.0518791 0.206691
-0.0934039 0.0224082 0.17767
0.0815282 -0.00410177 0.232185
-0.0629573 -0.0405198 0.141078
0.182919 0.0904401 0.331713
-0.00195802 0.0162832 0.23035
-0.0955884 0.0267267 0.219498
-0.101491 0.0196398 0.204867
-0.0484047 -0.0662326 0.275886
0.0891527 -0.0302085 0.270433
0.0542315 0.0265792 0.14365
0.135783 -0.0480778 0.190931
0.0785439 0.00531262 0.245292
-0.059322 0.000390059 0.25167
0.111093 -0.0165839 0.274781
-0.0862843 0.0280682 0.182816
-0.0672071 0.0425057 0.27905
-0.0767382 0.0352175 0.225884
0.15346 -0.0724652 0.210175
0.115583 0.0546765 0.188316
-0.0381486 0.0355552 0.223508
0.148992 0.0243234 0.203714
-0.0368082 -0.0329847 0.26128
0.10437 -0.06593 0.263951
0.0927351 -1.21635e-05 0.233491
-0.0393564 -0.0320945 0.103335
-0.0497371 -0.0571686 0.290106
0.0837984 0.00618383 0.259225
0.088556 -0.0209169 0.241997
0.140484 -0.0609155 0.188694
0.12282 -0.0811802 0.256261
-0.031725 0.0390022 0.308683
-0.0466049 0.0293979 0.197112
0.11856 0.0591458 0.236618
-0.0242623 0.0331685 0.235842
-0.00669238 -0.00752109 0.205406
0.134829 -0.0209049 0.204988
0.114323 -0.0412245 0.163676
0.099523 -0.000354697 0.211957
-0.0562753 0.035428 0.226166
0.00615834 0.0389356 0.239014
0.0785098 -0.00852228 0.239198
0.145646 0.0207458 0.213313
-0.087893 0.028685 0.205284
0.128702 0.0187436 0.189358
0.110708 -0.0739375 0.231882
0.149723 0.0527908 0.215942
0.0853349 -0.00819517 0.18948
0.134002 -0.0635375 0.183363
-0.0633895 0.0210459 0.218851
-0.00984394 -0.0238195 0.234601
0.126625 0.0329197 0.25821
0.135052 -0.0457467 0.179951
0.155747 -0.0733202 0.209795
0.063933 0.0195506 0.126418
-0.0474403 -0.075271 0.265717
0.130311 0.0467956 0.186839
0.102109 -0.019445 0.272756
-0.0290712 0.0428622 0.229418
0.0705085 0.0422679 0.259205
-0.0131169 0.0304495 0.191886
-0.0220236 0.0461265 0.266986
0.000834931 0.0170697 0.162528
0.123962 -0.0104354 0.187706
-0.0398559 0.042527 0.253236
0.128732 0.0205444 0.216455
0.0723434 0.0044981 0.251499
-0.0355355 -0.021302 0.0756931
0.140719 -0.0464004 0.187377
0.0803635 0.00762298 0.235441
-0.00427088 0.223233 0.935488
-0.0412637 0.101193 0.561182
0.023382 0.165633 0.836922
0.12458 0.0218161 0.205381
0.124481 0.176988 0.624508
0.0817335 -0.0743554 0.254995
0.0839146 0.0103199 0.23089
0.0156873 -0.0176568 0.224757
-0.0167354 0.0168301 0.288456
0.12255 -0.0340111 0.182788
-0.0683726 0.0327224 0.209089
0.160847 -0.0577087 0.200062
-0.0248848 -0.0179551 0.0600701
0.0939499 0.0181006 0.27103
-0.0643226 0.0300908 0.234059
-0.0738027 0.0120272 0.155343
-0.0280873 0.0391487 0.274224
0.0495144 0.0754105 0.312014
-0.0250909 0.0410815 0.297099
-0.0816433 0.0271924 0.266806
-0.0530505 0.0506349 0.322081
0.0548505 -0.0139642 0.269487
-0.00690475 -0.00932443 0.0645958
-0.0826454 0.0347828 0.213569
-0.0848751 0.0161482 0.192473
0.133278 0.0744743 0.269625
0.0617158 -0.00666231 0.257505
0.089548 0.0118445 0.259653
0.0541572 0.0404297 0.250241
0.00451419 0.0349375 0.265837
-0.0721098 -0.0887826 0.266993
0.0660539 -0.0634392 0.209687
0.0835135 0.0200583 0.248974
0.0942655 -0.0020248 0.239532
0.147243 -0.0606888 0.185791
0.157271 -0.0643946 0.197057
0.143282 0.0241266 0.211616
0.0968616 -0.0283646 0.2618
-0.0139581 0.0192697 0.229728
-0.0492133 0.0368054 0.286979
0.116128 0.0606927 0.244393
0.114935 0.0613569 0.220526
0.122027 0.0637892 0.228927
0.0827043 0.0113775 0.241152
-0.0521262 -0.00353785 0.233766
0.0935505 -0.0213303 0.241
-0.00689628 0.0127703 0.243992
0.111732 0.000422477 0.153393
-0.0561743 0.113431 0.653812
0.00903372 0.056195 0.320706
0.0528814 0.0369833 0.238898
-0.0698482 0.0457543 0.260165
0.0798352 -0.0464035 0.198096
-0.0634428 0.0429765 0.252937
-0.368705 0.262587 1.14251
-0.184879 0.209511 0.776741
-0.320972 0.263037 1.02672
-0.092914 0.0381756 0.240969
0.0102395 0.115523 0.415789
-0.00403087 0.118828 0.437843
0.122269 -0.000770532 0.183693
-0.00635991 0.134721 0.502432
-0.630861 0.313369 1.37438
0.115364 0.00216558 0.163811
-0.0435417 0.0966933 0.38631
0.122282 0.0175011 0.170048
0.108409 0.0590767 0.221336
0.000463833 0.101739 0.353979
0.116056 0.0101402 0.164272
-0.0682538 0.113446 0.423046
-0.0840172 0.125811 0.52438
0.0103268 0.0533185 0.324069
0.131196 0.0253053 0.183264
0.132615 0.0041536 0.179326
0.124306 -0.00598695 0.173765
0.112954 -0.00762606 0.170258
0.00407753 0.081857 0.352367
-0.0577114 0.111419 0.574487
0.107009 0.0615756 0.202523
0.00512895 0.0777096 0.393184
0.117468 0.00872678 0.169761
-0.0642551 0.0945957 0.507973
-0.141247 0.194952 0.837838
0.115519 0.00623504 0.164706
0.129096 0.0118804 0.191161
-0.00452326 0.111354 0.430407
0.101526 0.0257943 0.210459
-0.00678849 0.0607413 0.265398
-0.126721 0.160431 0.725101
-0.104098 0.0483144 0.232861
-0.0175681 0.0117234 0.168112
-0.0207292 0.0138315 0.192341
-0.0705865 -0.0432023 0.148511
0.0713895 -0.0538814 0.198798
0.0692639 0.0641882 0.405757
0.117758 -0.0238326 0.192305
0.101777 0.0299105 0.194293
-0.0851134 0.0243099 0.200877
-0.0223404 -0.0167589 0.129238
-0.0924498 0.0174517 0.185517
0.119173 -0.0404474 0.162418
0.115464 0.0232238 0.194742
0.0177836 0.0245885 0.152173
0.141461 -0.0612787 0.184555
0.109986 0.00904228 0.230332
-0.0614742 -0.00020801 0.28248
0.0170987 0.051237 0.320535
-0.0666599 -0.0704081 0.218956
-0.00596122 0.00498724 0.0376793
-0.0754969 0.0367018 0.238265
0.00263171 -0.0149264 0.0353367
0.0407405 0.0195069 0.205394
0.083179 -0.0172948 0.254621
0.0118778 -0.0115776 0.141913
-0.0375708 -0.0363592 0.111802
-0.00609314 -0.000272943 0.259152
0.104394 0.0363489 0.213576
0.00154943 -0.00723359 0.0980848
0.138931 -0.051355 0.187708
0.0595394 0.0322534 0.172226
0.153542 -0.0570646 0.206499
0.138888 0.0171308 0.210609
0.0990507 -0.033541 0.270922
0.0796335 0.0381362 0.203262
0.0484372 -0.0232389 0.262293
-0.0725716 0.0135687 0.145001
-0.0443275 0.0497406 0.329473
-0.0671725 0.018584 0.111189
-0.0936216 0.0211615 0.154897
0.0614884 0.0390275 0.221811
-0.0787487 0.0216778 0.132554
-0.0903792 0.0272384 0.152537
-0.0724736 0.0330868 0.204088
0.0528669 -0.0561482 0.193991
0.110851 0.0498195 0.234447
-0.0798727 0.0161462 0.135967
-0.107736 0.0274609 0.203346
-0.00566576 -0.00943274 0.062715
-0.0589707 0.0228129 0.236585
-0.0496595 0.0291993 0.192775
0.118901 -0.0442352 0.164129
-0.0880328 0.0305248 0.284189
-0.0731498 0.0369773 0.255567
0.141627 -0.0478192 0.189187
0.0849996 0.0192411 0.249567
-0.0470178 -0.0671269 0.264965
-0.038394 -0.0352825 0.110505
0.0677405 0.0347673 0.183806
0.0881839 -0.0468855 0.329327
-0.0837215 0.0159867 0.196989
0.083687 0.050327 0.218993
-0.03249 -0.0177915 0.215379
0.0928183 0.0177677 0.225323
-0.0147 0.0277122 0.23037
-0.117038 0.0276813 0.22181
-0.102927 0.0218585 0.175782
0.0793731 -0.0140654 0.19451
-0.0446684 -0.0324926 0.106359
-0.0897948 0.0204511 0.202513
0.095856 -0.0238324 0.235203
0.00104787 -0.0164843 0.22628
0.0075939 -0.010821 0.145926
-0.0463159 -0.0013684 0.196006
0.00547867 0.0459355 0.332858
0.0909466 -0.0126155 0.271901
0.0762331 0.00465083 0.267901
0.0751182 0.00612817 0.26168
0.0600245 -0.00566714 0.251385
0.0948975 -0.0037733 0.241901
0.0707825 0.0446759 0.255689
-0.0468372 -0.033281 0.107304
-0.0886335 -0.00864448 0.126137
-0.0992263 0.0207372 0.135776
-0.0335065 0.0122982 0.204907
-0.0212955 -0.0264604 0.182429
-0.0176047 0.0124165 0.172728
-0.0294144 0.0377582 0.209298
0.106758 0.0542788 0.220868
-0.00712676 0.11907 0.543258
-0.00740574 0.0561735 0.31974
-0.0143768 0.0422431 0.194568
-0.0850262 0.0505114 0.235297
-0.074699 0.0345856 0.169237
0.0716094 0.0096731 0.109693
-0.0691561 0.0533114 0.282354
-0.0786703 0.0369144 0.227989
0.102035 -0.00648332 0.152881
-0.00737401 0.0654127 0.281384
-0.0741073 0.0311839 0.192958
0.106816 -0.00185324 0.15759
-0.0071812 0.0432688 0.164846
0.105286 0.00540748 0.155391
0.117353 -0.00774013 0.167825
0.115533 -0.0223649 0.251978
0.0906661 -0.0200672 0.246545
0.133884 0.0713331 0.2815
0.116869 0.00957616 0.174478
0.131866 0.00730899 0.194527
-0.0705243 0.0323168 0.157169
0.116327 -0.00525986 0.171607
0.134098 0.00122342 0.196872
0.12234 0.00684346 0.18033
-0.00821825 0.0744265 0.29346
0.00851364 0.113226 0.423177
0.113503 0.00983716 0.163371
0.00768265 0.126319 0.450195
0.126603 0.0221923 0.174248
-0.0172895 0.0124724 0.190465
0.0646538 -0.0025498 0.260873
0.101596 -0.0262125 0.262188
-0.0178788 0.0132557 0.115293
0.0236897 -0.017128 0.054583
-0.0461944 -0.0399451 0.286557
0.0232054 -0.0167647 0.0533191
-0.0812094 -0.00687276 0.135153
-0.0846606 0.0228806 0.136153
-0.090936 0.0212226 0.149154
-0.0596099 -0.00129539 0.266205
0.105746 0.01084 0.221059
-0.0103476 0.032143 0.172809
0.0787656 -0.01128 0.199413
0.0679489 -0.00371646 0.178428
-0.0809916 0.0223956 0.135992
-0.0191014 0.0336519 0.222892
-0.0118588 0.043048 0.251654
-0.0133721 0.0268995 0.155903
0.109745 -0.00744889 0.165462
-0.00351544 0.00363247 0.0207451
0.00570855 0.0494773 0.25074
0.05938 0.00436564 0.210845
0.00526095 0.0390708 0.218427
0.0073558 0.0433747 0.265441
-0.0232014 0.0144951 0.0617673
0.0112182 -0.0169116 0.137449
-0.0257779 0.0168495 0.0717869
-0.018411 0.0209042 0.10617
0.106989 0.0116109 0.267863
0.0598359 0.0304586 0.130775
-0.0106691 0.0196759 0.079464
-0.0174974 0.0211607 0.110585
0.00237655 0.0220525 0.0951735
0.00194881 0.0198587 0.0872113
0.107321 -0.00417529 0.153878
0.117153 0.00863446 0.168884
0.026641 0.0315637 0.108946
0.111214 -0.00567695 0.155327
0.0991923 -0.00217835 0.148107
-0.0172225 0.028469 0.199013
-0.0316575 0.0332813 0.169907
-0.0382407 0.037411 0.195456
0.0960864 0.032618 0.198733
-0.000775308 0.017384 0.0813979
-0.022798 0.0122272 0.0559783
-0.00228955 0.0137416 0.0784217
-0.000355495 -0.0127739 0.108523
0.0144795 -0.0151223 0.187552
-0.0662596 0.0126971 0.107815
-0.028393 -0.0230156 0.161431
0.0530294 0.0242083 0.131368
0.11791 0.0234477 0.169426
0.110001 0.0097732 0.157722
0.103281 0.00105018 0.146362
0.121008 0.0189682 0.178214
-0.0226471 0.03102 0.260542
0.0949184 -0.00626949 0.135927
0.111151 -0.0268132 0.293397
0.150546 0.00628986 0.213536
0.114947 0.00343957 0.163124
0.124777 0.00724974 0.183208
-0.0531 0.0338138 0.129273
0.124927 0.000802953 0.183374
0.116587 0.00121174 0.171262
0.102895 0.0342915 0.216267
0.130672 0.00145374 0.181265
0.103443 -0.00452637 0.144546
0.133326 -0.00491363 0.186453
0.141149 0.0724714 0.289528
-0.00234198 0.00235294 0.0154155
-0.00122136 -0.00248098 0.0360181
-0.00809899 0.0215928 0.112072
-0.00987548 0.0229909 0.111259
-0.0110617 0.0235116 0.138074
-0.00229565 0.0228899 0.099283
-0.0167818 -0.0257338 0.174624
0.0577249 -0.00976869 0.159503
-0.0207014 0.0244529 0.195176
0.0933638 0.0110534 0.257577
0.0715085 -0.0759871 0.268231
-0.0794454 0.0329915 0.243869
-0.0659055 0.0247786 0.203923
-0.031051 -0.0267016 0.0831159
0.0742397 0.056704 0.312823
0.0853006 -0.0146873 0.259945
-0.057928 -0.00318806 0.241674
0.0869394 -0.023196 0.238189
0.0996176 -0.0195708 0.253199
0.0803472 0.00637375 0.23381
-0.0372726 -0.0260047 0.0853919
-0.087039 0.0249122 0.176486
0.00368281 -0.011941 0.171489
-0.097971 0.0287179 0.147707
-0.0713375 0.0155372 0.115901
-0.0980799 0.0313638 0.160129
-0.048466 0.0295444 0.192816
-0.0551375 -0.00330477 0.0888903
0.0597654 -0.0199379 0.178301
-0.0101117 0.0148265 0.0795703
0.0668423 -0.0390523 0.13019
-0.0167731 0.0170254 0.0714725
0.00145283 0.0233256 0.087433
-0.0178072 0.0203375 0.106385
-0.00045427 0.0201741 0.0949521
0.0844252 -0.00913685 0.20502
0.0371084 -0.040719 0.190461
0.089609 -0.0211363 0.229395
-0.0932811 0.0251287 0.151005
-0.0906245 0.0214575 0.145435
0.0797266 0.026844 0.164132
-0.0541988 0.0364372 0.207309
-0.0945763 0.0275026 0.156395
-0.0723825 0.0159358 0.136649
0.0231387 0.00452576 0.0314661
0.0178003 0.00459654 0.0248866
0.107382 -0.0300084 0.234317
0.00599277 0.0356477 0.21841
0.0149791 0.00442953 0.0314743
-0.0790282 0.019136 0.1376
-0.0817787 0.0169663 0.138105
0.140438 -0.0476747 0.196891
0.0590877 -0.00664957 0.245093
-0.0413173 -0.0447356 0.238429
0.013563 -0.00637556 0.0288375
0.103719 -0.0118183 0.226537
-0.00204929 -0.00356087 0.0176963
-0.000689568 0.00104856 0.0110838
-0.0126565 0.00705571 0.0401957
0.0383975 0.0289573 0.185058
-0.0883627 0.0266964 0.201523
0.0847742 -0.0322596 0.273993
0.085512 -0.0194562 0.258204
-0.00874692 -0.0155314 0.220075
0.0719277 -0.0205275 0.18922
0.0935782 -0.0862189 0.293569
-0.0354437 -0.0504397 0.208684
-0.0566024 0.0209908 0.234214
-0.0528739 -0.0961354 0.289417
0.104863 -0.013665 0.263974
0.0715346 0.0428401 0.256571
0.0918779 0.0138068 0.230581
0.0712236 -0.0376618 0.272703
0.106052 -0.0104866 0.231979
0.104616 -0.0108507 0.248736
-0.0909293 0.0308208 0.181335
0.071538 0.00460384 0.236752
-0.0819993 -0.0621718 0.207789
-0.0595082 -0.00311942 0.258006
-0.0602882 0.0185562 0.106816
-0.0692728 0.031243 0.113991
0.0475744 0.0107087 0.242295
0.0908399 -0.0184632 0.228529
-0.0664003 -0.0640408 0.204913
-0.107033 -0.00802355 0.147271
-0.0153059 0.00250508 0.0233317
-0.0155162 0.00818912 0.0441467
0.011606 0.00283648 0.0184571
0.0380862 0.0204322 0.0790287
-0.0225529 -0.0289118 0.127969
-0.0351188 -0.0128219 0.198205
-0.0748269 0.017027 0.136385
-0.0552419 0.0258711 0.160357
0.0120281 0.0367872 0.230464
-0.00289915 0.00083004 0.00574562
-0.00292886 0.0156563 0.0823668
-0.0402355 0.0162824 0.102525
-0.00820009 0.0167814 0.0816478
-0.0254978 0.01546 0.0678683
-0.0117616 0.0163997 0.0770819
-0.0231335 0.01328 0.0617964
-0.0138438 0.0161086 0.0724853
-0.00249981 0.0173622 0.0754702
-0.00687777 0.0177516 0.0809421
-0.0291669 -0.0295667 0.0911947
-0.0267784 0.012645 0.0540427
-0.00654131 0.00267274 0.0125603
-0.0274374 -0.0213243 0.0673872
-0.0278557 -0.0211205 0.067472
-0.0609804 0.00977389 0.12742
-0.0457369 -0.03451 0.110428
-0.0430927 -0.0344031 0.11009
0.0474522 0.0198229 0.104916
0.0414617 -0.00723658 0.0633597
0.00819927 0.00426504 0.0166993
0.017704 0.00232104 0.0277428
-0.00867845 0.00626373 0.053272
0.107664 0.0191582 0.176148
0.076067 -0.0741329 0.250959
-0.0470831 0.0149383 0.161793
0.0339448 -0.00632075 0.0517555
0.129827 -0.0251872 0.210498
0.0389145 -0.0140759 0.0529947
0.0276121 0.00447834 0.0403917
0.026617 0.00432343 0.0390231
0.00952136 0.00313025 0.0193412
0.0425754 -0.0384938 0.236626
-0.0290704 0.00824702 0.0519285
-0.00710127 0.00681564 0.0445188
0.0873312 -0.0289849 0.243776
0.117877 0.033933 0.248017
-0.00230171 -0.00286573 0.00827082
-0.0339131 -0.0279095 0.086653
0.000307261 0.00729641 0.0478216
-0.00783219 0.00506117 0.0244366
0.064699 -0.00178008 0.256109
0.101112 0.000935784 0.214319
0.0482189 -0.0163151 0.136844
-0.0451736 -0.0344107 0.267107
-0.139839 -0.145033 0.460918
0.100896 0.0425484 0.221247
-0.00375822 0.00267868 0.014789
-0.00373282 0.00268038 0.0145463
0.0688764 -0.0408064 0.138092
0.00705698 0.0348919 0.215094
-0.0564707 -0.00285429 0.241265
0.0866965 0.0113898 0.220905
-0.00425021 0.00284395 0.0204165
-0.0430991 0.0143753 0.264981
-0.000810326 -0.00791594 0.0484328
0.062412 0.0437678 0.257165
-0.00321826 0.0170077 0.0948013
0.00222551 0.0259861 0.113251
-0.00674324 0.00462461 0.0265197
0.0897455 -0.0148272 0.233923
-0.0466644 -0.0542851 0.270937
-0.021501 -0.0136651 0.0469279
-0.0027228 0.0181044 0.0741066
0.0907214 -0.056984 0.228172
0.0684526 0.0415536 0.17953
-0.0262074 0.00994414 0.107273
0.0788178 0.0146968 0.197639
0.0969402 -0.0231589 0.245113
0.0658616 -0.0247903 0.215089
-0.0720309 -0.00696716 0.10031
-0.0422439 -0.0482616 0.233281
0.0937033 0.0159794 0.241258
-0.0177932 0.00857209 0.0676672
-0.00995173 0.00296404 0.0153211
-0.0189624 -0.007734 0.0301928
-0.00049211 0.000773545 0.00736034
-0.0002484 0.00291692 0.0159604
0.0479963 0.0367151 0.235136
0.0714158 0.0153594 0.10214
-0.0594382 0.0150505 0.105363
0.0166876 0.0040985 0.0340854
0.107231 -0.0366649 0.294973
0.0247955 0.00451086 0.0364853
0.0128423 -0.0015438 0.0322983
0.026118 0.00456751 0.0429016
0.0040433 0.00211294 0.0147138
0.179505 -0.0627183 0.249636
0.121106 -0.0282758 0.261771
0.123715 -0.0576527 0.170083
-0.0441679 -0.0496599 0.147025
0.0105463 -0.00606085 0.057175
-0.00441275 0.00119581 0.00738179
-0.0382675 0.0131188 0.118184
-0.031755 -0.0436212 0.17811
-0.0783756 0.0234629 0.158447
-0.0782718 -0.0466302 0.162747
-0.00352175 -0.00167777 0.0111367
-0.0791663 -0.00778647 0.0708902
-0.0733867 -0.00717643 0.0661129
-0.0874487 -0.0493803 0.176355
-0.0796556 -0.00778531 0.0713512
-0.0432958 -0.0409981 0.125585
-0.0073574 -0.0103882 0.0319861
-0.0291891 -0.000937475 0.0268017
-0.00298106 -0.00128005 -0.00391019
-0.0257414 0.0032655 0.0275757
-0.000300735 -0.000570226 0.0071797
-0.019084 -0.00458885 0.013733
-0.0176293 0.00121047 0.0209572
-0.0436298 -0.0151955 0.031591
-0.023104 -0.00338912 0.0263501
-0.0201657 -0.00151927 0.0200867
-0.00862771 0.00257853 0.0111036
-0.00114026 -0.00135141 -0.00447481
-0.0264088 0.00430743 0.0288313
-0.027267 -0.00597443 0.0230827
-0.00348569 -0.00492492 0.0102331
-0.0146156 0.00190938 0.0165846
-0.00418101 0.00131768 0.00575914
-0.00204979 0.000981649 0.0100745
-0.0493614 -0.029013 0.28672
0.0974585 0.00441482 0.286141
-0.113219 0.00575601 0.15542
-0.108053 -0.0325664 0.150423
-0.10889 0.0126291 0.145577
-0.0959491 0.0277622 0.144819
-0.107822 0.0139062 0.147745
-0.118303 0.0240128 0.154684
-0.100543 0.0400598 0.160555
-0.114427 -0.00869519 0.158507
-0.110021 0.0238515 0.152581
-0.119337 0.00484355 0.163043
-0.0993795 0.0306246 0.163552
-0.0848881 -0.00536029 0.140417
-0.0677782 0.0309092 0.184295
-0.0204062 0.0177967 0.0719517
-0.00638264 0.011642 0.0461517
-0.100027 0.0326154 0.195051
0.000886219 0.011108 0.0486005
-0.000664343 0.0130576 0.0505268
-0.10003 0.0116495 0.133305
-0.0987005 0.0220657 0.134091
0.0709417 -0.0123441 0.194185
0.111297 -0.029548 0.239627
-0.0590536 0.0211788 0.128898
0.0939224 0.0153481 0.198929
0.0160767 0.00419392 0.0327945
0.0250333 0.00436726 0.0338287
-0.0868973 0.0217229 0.138444
-0.0783977 0.0205604 0.132548
-0.0745684 0.0229755 0.126821
0.102192 -0.0312678 0.263652
0.123297 -0.00225083 0.187066
-0.0475883 -0.0790123 0.263387
0.10744 -0.000226463 0.228211
0.0917832 -0.0105339 0.225837
-0.00263604 -0.00330714 0.00968145
-0.0363659 0.0138328 0.103316
-0.047459 0.0207373 0.141035
-0.0399202 -0.0261136 0.280419
0.0641861 -0.0488328 0.180747
0.0623095 -0.0219863 0.0863361
0.00777145 0.0293321 0.236058
-0.024017 -0.0221884 0.138832
-0.00219265 -0.00262992 0.043868
-0.00554643 -0.015227 0.230922
0.038464 0.0250691 0.142896
0.0874249 -0.0225326 0.239452
0.0237336 0.00413775 0.0321428
0.0162301 0.00426573 0.0260445
-0.00127582 -2.78008e-06 0.00553803
-0.046603 -0.0341016 0.109754
-0.0426088 -0.0484492 0.144366
0.0550191 0.0228237 0.121407
0.0508299 0.00729556 0.258578
0.047553 0.0309483 0.180255
-0.0850844 0.0232892 0.183015
-0.00750118 0.00309519 0.0152021
-0.00760375 -0.000733728 -0.000443849
-0.0590095 -0.0434604 0.142569
-0.0475587 -0.0163896 0.0349462
-0.00796446 -0.000428098 -0.00149578
0.0577495 -0.0108532 0.233497
0.0220743 0.00434151 0.0299753
0.0227009 0.00400071 0.0312895
0.092953 -0.0131274 0.201937
-0.0583786 -0.0404802 0.133439
0.0511421 -0.00170514 0.267248
0.104346 -0.0235134 0.269265
0.0968948 -0.0310156 0.246012
-0.0195136 -0.0344453 0.107462
-0.026491 -0.0465416 0.143966
-0.0899417 0.0247329 0.136508
0.000139319 0.00201941 0.0169395
0.0156734 -0.0132598 0.141738
-0.0048229 0.00823079 0.147042
0.00315425 0.0123886 0.160394
-0.00150042 -0.00210218 0.0134226
0.0711842 -0.0120481 0.195003
-0.0876052 0.00352632 0.1108
-0.00698245 -0.00407718 0.198738
-0.0752377 0.0251849 0.116887
-0.00344431 0.0146544 0.204817
-0.0115452 0.000421214 0.0110326
0.0837754 0.0113129 0.243442
0.0204042 -0.0147878 0.183173
0.02844 -0.0738516 0.67222
-0.070474 0.0136015 0.0895073
0.0146298 -0.00528968 0.0197338
0.0444993 -0.00861511 0.0640008
-0.0789719 0.0172535 0.129971
-0.0740484 0.0224603 0.126576
-0.0812046 0.03713 0.134222
-0.0547765 -0.0390166 0.128149
-0.06606 0.0167566 0.117972
-0.037344 -0.0488447 0.145354
0.105598 0.0186843 0.172485
0.0623191 -0.00203613 0.249037
-0.00824745 0.00125829 0.0113664
-0.00322014 -0.00327114 0.0659973
-0.101254 0.025083 0.160219
-0.0950339 0.0270826 0.149762
-0.0982239 0.0116333 0.130962
-0.0411963 -0.02017 0.235818
-0.104427 0.0131768 0.134462
-0.0882925 0.0285197 0.147279
0.131388 0.0687765 0.265698
0.103769 -0.0085779 0.244806
-0.0093134 -0.0216532 0.218241
-0.0740007 -0.0384161 0.142242
-0.00368231 0.000588919 0.0236241
-0.0831687 0.0222073 0.142077
0.130597 -0.0439971 0.183006
-0.0794486 0.0190219 0.135847
0.0833614 0.0307731 0.177819
-0.0745945 0.0232499 0.123885
-0.0793634 0.0241083 0.126613
-0.0405144 -0.00397376 0.0651505
-0.0579754 0.0189588 0.134174
-0.0527984 -0.0442312 0.144007
-0.0279938 -0.00273766 0.0342135
-0.0829778 0.0264133 0.139385
0.0505746 -0.0518091 0.246828
0.0076335 0.040223 0.23524
-0.00232894 0.00264724 0.0191357
0.0481485 -0.0302905 0.375396
-0.0844895 -0.0572063 0.195643
0.0540246 0.0417376 0.230825
-0.012716 0.0106349 0.175909
-0.00888435 -0.015509 0.20873
-0.00321035 -0.000160721 0.0111056
-0.0321352 0.00984349 0.114534
-0.0368132 -0.0412601 0.124704
0.0111564 -0.000525841 0.0367245
-0.0433718 0.0201258 0.116059
0.0849018 -0.0338075 0.108792
-0.0360609 0.0138647 0.117774
0.106163 -0.0657273 0.26343
0.110561 -0.029677 0.294872
-0.0471519 0.0196253 0.120689
-0.0777564 0.0267119 0.131615
-0.075749 0.02045 0.129365
-0.0729313 0.0156743 0.132671
-0.0807347 0.032924 0.130575
-0.0627867 -0.0409512 0.136522
-0.00265819 0.000902862 0.00493753
0.098437 -0.00251373 0.209549
-0.0758686 0.0205845 0.129598
0.0790206 -0.00692655 0.204388
0.116713 -0.0354952 0.156308
0.0925107 -0.033476 0.207001
-0.054197 -0.0600188 0.180831
0.131854 -0.0329647 0.324112
0.00607389 0.0209316 0.231105
-0.00193246 -0.00325473 0.0257215
-0.00405907 8.12492e-05 0.00862686
0.0541319 -0.0531421 0.186212
-0.0201485 0.00708905 0.0767066
-0.00533591 0.000647889 0.00519988
0.0923523 -0.0145433 0.145277
0.127526 -0.0519968 0.161997
-0.00464885 0.00565959 0.0390398
0.12512 -0.0526278 0.169084
0.0212098 0.00416977 0.0287144
-0.0123064 0.00699843 0.0319163
0.00817307 -0.00185109 0.0202075
0.100947 -0.0596065 0.253195
-0.0172101 0.00415143 0.026689
-0.0828242 0.0216374 0.131429
0.0712071 -0.00440831 0.0870623
-0.00478077 0.0149478 0.263662
-0.0660804 0.02641 0.221791
0.0522545 0.0361997 0.235618
-0.00265174 0.00232669 0.0214542
0.0583607 -0.0237439 0.0764074
0.0645971 0.00126913 0.0968566
0.0490231 -0.0547603 0.190721
0.0235288 -0.00186027 0.035225
-0.012888 -0.00760384 0.0316487
-0.0126248 -0.00740886 0.0310224
0.111024 -0.0296305 0.2424
-0.0734409 0.0306856 0.224577
-0.00148018 -0.00150536 0.00370128
-0.00820893 0.00205575 0.0117724
0.00790638 0.0039488 0.0256463
0.0424899 0.016116 0.0910743
0.0630192 0.011912 0.0957034
0.0373709 0.0161433 0.0863778
0.0533495 0.00548641 0.0795401
0.113984 -0.0356935 0.156512
0.0825718 -0.0330707 0.105744
-0.000979973 -6.20536e-05 0.00412674
0.098346 -0.0610616 0.244568
0.031363 0.0536369 0.215858
0.0951631 0.023185 0.198534
0.0545017 0.0282576 0.119044
-0.038985 -0.0226352 0.255261
-0.0430011 -0.0416549 0.301068
-0.0167197 0.00325254 0.0323511
-0.0375317 0.0184711 0.155417
0.016676 0.00420369 0.0231963
-0.00411611 0.0033218 0.0147066
-0.0575745 0.0232431 0.126015
0.0230403 0.00458172 0.0328569
-0.00601628 0.00215113 0.0134753
0.0146538 -0.00529611 0.0197565
-0.0734512 0.015777 0.12713
-0.0949474 0.0344969 0.145923
-0.0199173 -0.0349974 0.103157
0.0867442 0.0162694 0.249571
0.104711 -0.0191111 0.248949
-0.080306 0.00483104 0.135973
-0.0861826 0.00338237 0.146522
-0.0777877 0.0238053 0.1328
-0.0905194 0.0205858 0.144758
-0.102361 0.0337214 0.158864
-0.0952234 0.0268443 0.150536
-0.0251662 0.00854483 0.100188
-0.0524084 0.0163418 0.181826
0.099877 -0.0321189 0.251903
0.0964172 -0.0610398 0.245076
0.000569193 0.00373692 0.024619
-0.0447787 0.00760349 0.0426402
-0.01713 -0.0240963 0.0859096
-0.0445052 -0.00399114 0.0575151
0.0333293 0.0355335 0.224849
0.0039781 0.0207901 0.209418
-0.14457 -0.131246 0.427559
0.0255894 0.00474193 0.0377289
-0.0557786 -0.0478538 0.150153
0.0436335 0.00228853 0.0654539
0.0885557 -0.0516071 0.222527
-0.00263364 -0.00330012 0.00958633
0.0254293 0.0025045 0.0374533
0.00597617 0.00321839 0.0214477
-0.0125796 0.00874635 0.133963
0.0972848 -0.00204492 0.207489
-0.0584092 0.0117767 0.104338
0.0516221 -0.0571424 0.197983
-0.000694411 0.00076141 0.0244668
-0.107825 -0.0224918 0.172635
0.0005715 5.45663e-05 0.0017786
-0.0955721 -0.0199441 0.152933
0.0382657 -0.0429332 0.146737
0.0152628 -0.0224867 0.179993
-0.0805323 0.0239563 0.132712
-0.02801 -0.0384687 0.109366
-0.0387275 -0.0420342 0.128795
-0.0292522 -0.0361033 0.10638
0.088036 -0.00510542 0.225087
-0.0506115 0.0186623 0.159173
-0.0518099 0.0190899 0.163804
-0.0381229 0.0162661 0.100834
0.0447222 0.0336898 0.211098
0.0820611 0.00566868 0.275597
0.0357345 0.0129061 0.0762077
-0.014546 0.00467502 0.0554958
0.0379283 0.0130977 0.0826103
0.0432231 0.0142418 0.0946104
-0.0850792 0.0211451 0.136879
-0.0797745 0.01755 0.138846
-0.025237 -0.042115 0.123825
0.115479 0.0190343 0.196024
0.11377 0.0186837 0.193191
-0.0385426 0.0141908 0.0778016
-0.00139116 -0.000154247 0.00189616
-0.0821998 0.0256715 0.133236
-0.0162883 -0.00233028 0.0141164
-0.00805109 -6.09082e-05 0.00883011
0.00259578 -0.0054434 0.0467697
-0.0231998 0.00927494 0.0960726
-0.0206992 -0.00486353 0.0236292
-0.039893 -0.0140355 0.028192
-0.00804551 0.00229768 0.00988656
-0.0541492 0.00578145 0.0304104
-0.0201571 -0.00317746 0.0221347
-0.00196604 -0.000102324 0.00355391
-0.00487541 -0.00122913 -0.00220467
-0.000551832 0.00331566 0.0174717
-0.0378585 -0.01648 0.0284629
-0.0051139 -0.00120109 -0.00190984
-0.012223 0.00239027 0.0147601
-0.00297907 -0.000243653 0.00149662
-0.0142296 0.00875292 0.120564
-0.000400153 -0.000569383 0.000808574
-0.00575398 0.00169432 0.00756944
-0.0413292 -0.0629387 0.219908
-0.0716854 -0.0133906 0.0679224
-0.0137658 0.0179048 0.177113
-0.0114714 0.0159284 0.143216
-0.0734132 0.0236883 0.156597
-0.030003 -0.0472099 0.13379
-0.0398467 0.0166723 0.117847
-0.0464734 -0.041656 0.129707
-0.00865334 -0.0125136 0.0389847
-0.0593038 -0.039836 0.136685
-0.0467416 -0.0292674 0.275329
-0.0816468 0.034758 0.128961
-0.0254767 -0.0102629 0.0411272
-0.0456994 -0.0562085 0.249667
3.33701e-05 0.00252945 0.0143565
-0.00566429 -0.00234167 0.0250403
-0.00566166 -0.00235535 0.0251105
0.00789665 0.00506618 0.029362
0.00204675 0.0149529 0.144341
0.00612031 0.0310001 0.191645
-0.00170728 0.000621093 0.00676217
-0.0392992 -0.00458636 0.23524
-0.0174464 -0.003149 0.0198823
-0.00300522 -0.00127399 -0.00388307
-0.00348646 -0.00185681 -0.00292032
-0.0132193 -0.00269285 0.0120391
-0.00963253 2.58625e-05 0.00796335
-0.0287179 0.00197056 0.0125452
-0.0164621 -0.00426293 0.0172368
-0.00613863 0.00334013 0.0166799
-0.0447014 -0.0138366 0.032376
-0.0447883 -0.00224196 0.195723
-0.00135501 -0.00261654 -0.00219459
-0.0405035 -0.00893169 0.0307211
-0.00596069 -0.000634465 0.00526134
-0.00806022 -0.00043527 0.00587833
-0.00327534 -0.0047289 0.00921416
-0.0606833 0.0102613 0.138484
-0.00977925 0.0070287 0.0303187
-0.06961 -0.0385889 0.140417
-0.0161347 -0.000990725 0.0152217
-0.0106049 0.00176156 0.00483442
-0.0140533 0.0056772 0.056578
-0.0685445 0.00645255 0.116401
-0.00315921 -0.00440352 0.00885868
-0.00213678 -0.00376924 0.00247774
-0.000826774 -0.0057533 0.0556479
-0.016815 0.00142764 0.0207738
-0.0810508 -0.0471497 0.165928
0.00121583 0.00602 0.0407032
-0.0823648 -0.0479184 0.168619
0.0187108 -0.03851 0.542783
-0.0024475 -0.00237399 0.00535956
-0.020578 -0.0232128 0.0635878
-0.0443868 0.0204736 0.128356
-0.00791069 0.00374074 0.0135436
-0.00803794 0.00924874 0.191889
-0.00198148 0.00107643 0.00961801
-0.050809 -0.0436891 0.136084
-0.00870076 -0.00957962 0.0398244
-0.00061871 -0.00159414 -0.000496319
-0.00523294 0.000582684 0.0139905
-0.0327372 0.0108994 0.0300797
-0.0659709 0.0168456 0.150174
-0.0260211 0.00823874 0.0954945
-0.0152705 -0.00132591 0.0134387
-0.0127794 -0.00266319 0.011337
-0.0125945 -0.00259966 0.0111895
-0.0132677 -0.0027108 0.0120217
-0.0103078 -0.00310859 0.00794655
