0.742989 -0.123584 1.66119
-0.126961 0.120648 1.36838
0.750909 -0.338784 1.63934
0.053171 0.119297 0.401133
0.0496132 0.110968 0.421127
0.116365 0.0822806 0.411747
-0.0567711 0.110443 1.3099
0.766889 -0.353879 1.66932
0.110802 0.135033 0.418599
0.0290844 0.109567 0.452114
-0.162241 0.146844 0.534396
0.057401 0.105641 0.401903
0.100498 0.128716 0.401087
-0.165017 0.150244 0.544739
0.121849 0.0861642 0.429881
-0.0408328 0.0855271 0.391503
0.14473 0.0886503 0.386023
0.204752 0.0798726 0.32259
-0.125684 0.118838 1.3749
-0.0404251 0.085515 0.391072
0.0444927 0.0848956 0.419824
-0.0094815 0.0620695 0.402965
-0.100426 0.090209 0.488574
-0.0037648 0.0880192 0.402181
-0.210926 0.146162 0.495597
-0.498067 0.058992 1.51361
0.0683774 0.128233 0.401405
-0.181388 0.147477 0.516363
1.03686 0.0749013 6.3451
-0.213363 0.14821 0.50063
0.0363681 0.0821113 0.353821
-0.0897794 0.0764168 0.382008
-0.305473 0.238773 1.52285
0.0244338 0.0629375 0.392858
0.552582 0.0834466 0.966139
0.0275324 0.0728375 0.394225
-0.0644159 0.0989879 0.441084
0.468789 0.0390362 0.800289
-0.128872 0.131578 1.37334
0.00720721 0.0821749 0.357681
0.120803 0.0883141 0.43763
0.211101 0.100746 0.32858
0.13548 0.0812469 0.364741
0.0446413 0.0940335 0.35455
-0.267102 0.0865595 1.33293
0.214431 0.105282 0.329781
-0.0963578 -0.0893739 0.418316
0.106311 0.0978226 0.467626
0.169562 0.116147 0.365624
0.029894 0.0516162 0.502247
0.444736 0.203305 0.538796
0.215878 0.0957008 0.300784
0.0101228 -0.0553033 0.264974
0.0416878 0.0533037 0.403048
0.151776 0.0691076 0.379662
0.151438 0.069164 0.38045
-0.0893867 0.0712187 0.375309
0.175749 0.0812983 0.449739
-0.0829072 0.0686881 0.362512
0.0544771 0.0928909 0.290305
-0.0117718 0.117989 0.298756
0.0475341 0.125795 0.398012
0.10321 0.111478 0.473508
0.192941 0.0862034 0.394162
0.160121 0.120476 0.378915
0.0427016 0.163274 0.4871
0.0770692 0.133824 0.353563
0.0670117 0.126599 0.398882
0.0586464 0.120562 0.384245
0.0888307 0.105423 0.394165
-0.0579109 0.0849924 0.399318
-0.017485 0.092771 0.405484
-0.00678693 0.123108 0.394304
-0.0675656 0.0817945 0.388615
0.0998107 0.0908455 0.287429
0.0267267 -0.0110528 0.251021
0.660199 0.00954429 0.686878
0.678438 0.0123544 0.704357
-0.0270173 0.293594 1.26453
0.0291963 0.0756846 0.409105
0.208776 0.082224 0.328425
0.142062 0.0803003 0.424867
-0.649941 0.322164 1.43679
-0.126528 0.127508 0.379876
-0.165031 0.145334 1.35311
0.194776 0.119779 0.381693
0.145769 0.0666884 0.361621
-0.173739 0.144707 0.582953
-0.536902 0.256829 1.48068
0.69816 -0.439791 2.03122
0.784212 -0.34122 1.62989
0.158969 0.0675585 0.374729
-0.0552136 0.0826767 0.387978
-0.0411244 0.0847093 0.390252
0.861495 -0.0598927 1.66501
0.20973 0.126452 0.353609
0.175328 0.212522 1.96415
0.990047 0.0184128 1.47572
-0.0743158 0.0706644 0.343825
-0.044479 0.163624 1.51859
1.00348 -0.472658 1.12793
0.573544 0.0839757 0.705845
0.509631 0.103377 0.632565
0.0489302 0.0514564 0.487228
0.104084 0.0807581 0.417854
0.214644 0.0527704 0.303213
-0.057068 0.126706 1.27088
-0.0821924 0.0989765 0.376039
-0.00194179 0.0780254 0.378871
0.366694 0.0685147 0.597579
0.00475944 0.0479898 0.42975
0.027066 0.064549 0.396047
0.860395 -0.299574 1.77054
0.0652972 0.128872 0.40927
0.0372183 0.118869 0.483232
-0.0380405 0.163726 0.458358
-0.295855 0.321115 1.51581
-0.0714853 0.0837629 1.46368
0.143467 0.0729693 0.370801
-0.685668 0.155281 1.56419
0.117491 0.148952 0.540152
0.0396166 0.136078 1.24249
0.749929 -0.259452 1.55672
0.134886 0.0743761 0.396755
1.19868 -0.501321 2.21448
-0.0836028 0.091149 0.37371
0.0536117 0.11386 0.427585
-0.00514602 0.143332 0.425335
0.318355 -0.269734 2.356
-0.434386 0.287898 1.27327
0.225006 -0.132607 0.89437
0.117416 0.0826293 0.408635
-0.114169 0.105021 0.453594
-0.0676771 0.0843465 1.38545
-0.523911 0.173255 1.57572
0.476661 0.0480574 2.3888
0.0915241 0.0825382 0.375022
0.154659 0.0765287 0.387227
0.299236 -0.0273545 2.21329
0.193957 0.105189 0.382895
-0.43943 0.21178 1.36811
0.514908 0.186449 2.17105
0.134554 0.0827924 0.37266
0.479686 0.213978 2.24228
0.0399631 0.0283364 1.49696
0.971412 -0.261585 1.7846
0.0231591 0.102371 0.428934
1.49017 -0.48697 2.66249
-0.461312 0.239717 1.42668
0.140149 0.067642 0.350995
-0.0717832 0.0851748 1.44646
0.173924 0.0675335 0.375292
-0.145822 0.127224 0.528892
-0.630022 0.0872914 1.45697
-0.0436109 0.0871688 0.398453
0.0391643 0.0822963 0.406583
0.178178 0.0642234 0.381468
0.102347 0.142902 0.419031
1.33664 -0.557909 2.49974
0.00448018 0.119832 0.450182
0.700419 0.118645 1.72095
0.000992165 0.11771 0.436366
-0.0597811 0.106699 0.425603
-0.518035 0.17753 1.62883
-0.193477 0.153416 0.541296
0.0978485 0.0822956 0.43408
0.114001 0.102431 0.50922
-0.184152 0.173403 1.30421
0.0298905 0.137546 0.458658
-0.0807548 0.131329 0.372744
0.0240578 0.098467 0.429568
-0.176628 0.139812 0.496131
0.388959 -0.440069 1.76055
-0.455343 0.231838 1.45503
-1.02451 0.544551 2.28199
-0.520733 0.312096 1.33375
0.739122 -0.262489 1.53329
-0.0469589 0.0716968 0.388971
-0.58335 0.212781 1.42073
-0.143694 0.104997 0.38954
-0.0521565 0.0975168 0.380965
-0.467645 0.212997 1.32048
-0.0512769 0.0507104 0.365529
0.181912 0.115869 0.281605
0.161374 0.109041 0.344669
0.201951 0.141478 0.419922
-0.00569399 -0.158141 1.3817
0.139615 0.0791886 0.420136
-0.124328 0.124848 0.378584
0.668898 -0.420027 1.96946
-0.0454829 0.0859425 0.395047
-0.529015 -0.0184984 1.24079
0.791207 0.144887 1.69872
-0.0846955 0.134336 0.381353
0.101476 0.177833 0.47796
0.0977784 0.139229 0.399298
-0.110089 0.150206 0.424366
0.0831697 0.137161 0.341549
-0.454967 0.216307 1.44132
1.04183 -0.417923 1.95404
0.256299 0.0781109 0.363013
0.171168 0.0650308 0.367137
1.07811 0.0105615 1.62631
-0.414828 0.154251 1.56503
-0.400898 0.149149 1.51717
0.0500291 0.0868899 0.219023
0.753123 -0.235865 0.84259
0.172144 0.123753 0.284384
-0.369057 0.148756 1.36282
-0.0681953 0.0771629 0.406152
-0.159841 0.15837 1.37949
-0.0652943 -0.465799 1.44239
0.480497 0.107781 0.793468
-0.149118 0.135726 1.23984
-0.49557 0.238019 1.44556
0.0470726 0.0841637 0.512294
0.173759 0.0821042 0.37012
-0.0658222 0.0813382 0.389412
-0.0198829 0.0915799 0.396356
0.0850148 0.0679016 0.362431
-0.21128 0.179826 1.37199
0.65869 -0.328889 1.95207
0.0041718 0.0722228 0.391853
0.0409674 0.103127 0.428148
0.000121685 0.0982106 0.737137
0.0255862 0.0621928 0.397892
0.388575 0.0982937 0.572207
0.232963 0.0686607 0.322938
0.213579 0.0722488 0.307698
0.59278 0.175556 0.704752
0.00566122 0.0715238 0.380542
-0.0666775 0.080907 0.383921
-0.0880477 0.0664754 0.40759
0.849237 -0.106097 1.52663
-0.0343859 0.0697199 0.395598
0.239709 0.252638 2.32663
0.197878 0.0497886 0.309798
-0.327907 0.194882 1.33512
-0.0781887 0.148325 1.22979
0.181407 0.116685 0.367156
0.212991 0.0409208 0.318245
0.154083 0.114168 0.357229
-0.0899067 0.113755 0.412668
0.69023 -0.377575 1.68248
-0.51429 0.172356 1.56564
0.0209139 0.0804239 0.386087
0.0046916 0.102797 0.389836
0.0218121 0.106137 0.416624
-0.179924 0.149249 0.538659
-0.458157 0.244875 1.44935
0.172952 0.0666499 0.37273
0.145718 0.0676997 0.348577
0.148094 0.0666305 0.344848
-0.0473087 0.0707284 0.383471
-0.0175061 0.108732 0.383858
-0.0761549 0.138502 0.381375
-0.183921 0.154208 0.543161
-0.508143 0.299907 1.29521
0.0230724 0.101075 0.434744
0.00230501 0.0567361 0.406142
-0.0907498 0.0721855 0.379915
-0.00237244 0.0961522 0.407512
-0.05269 0.119677 0.479671
0.111365 0.0895023 0.459607
0.648108 -0.0505671 0.834802
0.176079 0.06378 0.379059
2.29464 -2.55033 9.8395
1.38152 -0.411432 2.49011
0.281482 0.0191015 2.42272
0.692406 -0.382585 1.69116
0.0227903 0.111532 0.431948
0.207355 0.0954083 0.312799
0.570976 0.131792 1.71587
0.548207 0.0325926 0.789969
0.691004 0.135849 1.05802
0.0380344 0.0468154 0.411283
-0.0548401 0.0642494 0.409281
0.0874798 0.113526 0.373038
-0.0554481 0.0730247 0.397631
0.104807 0.12452 0.389419
-0.0796159 0.0955597 0.37321
0.221585 0.0776609 0.312685
-0.0721156 0.0850063 0.34783
0.271799 0.0805716 0.382065
-0.112466 0.0800572 0.469712
0.46856 0.156096 0.8436
0.211248 0.0883919 0.322881
0.337717 0.155295 0.639509
0.202851 0.0847321 0.308548
-0.0894459 0.0806071 0.390382
0.0267223 0.121153 0.40313
-0.0741619 0.0668997 0.393148
0.200693 0.127265 0.40505
0.0282122 0.108379 0.444737
0.281677 -0.221837 1.15774
-0.00967042 0.053521 0.402454
0.158672 0.0669204 0.372843
0.217186 0.0751811 0.306136
0.0752298 0.152606 0.355966
0.150385 0.126081 0.3097
0.143951 0.150501 0.363744
0.194341 0.136227 0.341492
0.133712 0.122752 0.275711
0.127985 -0.0239539 0.311091
0.217174 -0.0169587 0.40271
0.752193 -0.435014 0.877881
1.07679 -0.354457 1.35419
0.00194546 0.0723444 0.37175
0.973904 -0.0748414 1.70131
0.83563 -0.364788 1.7442
0.0307459 0.075632 0.444489
0.0337404 0.0773395 0.38741
0.225615 0.0839247 0.318281
0.140094 0.0680762 0.372852
0.0588374 0.119417 0.429133
0.0386828 0.0546424 0.470029
0.479265 0.0689563 0.826854
0.173431 0.0881096 0.482139
0.043064 0.15423 0.628679
0.0499396 0.126604 0.404394
0.0944047 0.0861707 0.403377
-0.0177765 0.0923895 0.402654
-0.0176191 0.108493 0.388654
0.0894052 0.107002 0.402302
-0.083861 0.0781557 0.373404
-0.173515 0.140241 0.570173
-0.0826921 0.0956036 0.383877
0.00306683 0.0656503 0.448859
-0.0127025 0.0617864 0.401783
0.154852 0.114761 0.36041
-0.0757386 0.0746529 0.363469
-0.40362 0.223867 1.64544
0.222642 0.0340603 2.19927
0.447337 0.0368565 0.761853
0.368742 -0.0177392 2.58943
0.19067 0.071302 0.413547
0.242456 0.111887 0.506309
0.000709667 0.116527 0.426674
-0.0806231 0.108674 0.379692
0.203302 0.0847709 0.30952
0.0139107 0.130074 0.426962
0.98234 -0.183263 1.52496
1.23131 -0.424765 2.21978
0.842045 -0.0574386 1.63356
0.0309399 0.115872 0.460492
0.244496 0.0369141 2.51606
-0.0406498 0.0808623 0.713291
0.117883 0.0869943 0.433597
-0.0570908 0.0781577 0.424932
0.0502994 0.109332 0.413409
0.262394 0.0392667 2.36032
-0.0579634 0.0752911 0.378749
0.180488 0.117149 0.367708
0.143216 0.130622 0.357036
0.104388 0.134644 0.420038
-0.0563673 0.136157 0.391317
-0.180846 0.14085 0.468931
-0.160393 0.148792 1.35033
-0.0820893 0.13381 0.380867
-0.169149 0.133463 0.462858
0.067136 0.121431 0.390006
-0.09498 0.138303 1.0512
0.112932 0.0833116 0.416681
0.0258757 0.120344 0.403217
0.158784 0.102053 0.452008
0.0170553 0.0986444 0.374851
-0.00303367 0.0875917 0.40832
0.956686 -0.067368 1.84507
-0.00322625 0.0834538 0.403104
0.793621 -0.126826 1.63644
-0.466056 0.183547 1.6133
-0.0188287 0.111695 0.400625
0.0258254 0.105457 0.352384
-0.454773 0.229085 1.02359
0.208804 0.09991 0.323085
0.0287508 0.108822 0.448688
-0.0655091 0.0645994 0.403771
-0.165294 0.126289 0.540158
0.0459144 0.0817745 0.531798
-0.138118 0.111757 0.387449
0.211782 0.044235 0.317719
-0.562888 0.31243 1.62255
-0.437766 0.263642 1.12721
0.218475 0.0525241 0.34336
-0.28534 0.163882 0.579529
-0.00449997 0.0567456 0.377456
-0.329285 0.145974 0.555151
-0.021956 0.148178 0.427094
-0.0615024 0.0632311 0.388856
0.0410468 0.0433632 0.428982
-0.29924 0.180417 0.659486
0.0124718 0.0741689 0.498993
-0.0383295 0.132754 0.397368
-0.0798392 0.070626 0.382107
-0.119042 0.119757 0.360546
-0.197066 0.137684 0.468037
0.00586329 0.149482 0.443827
0.0626263 0.128336 0.408015
0.138272 0.0831192 0.363438
0.0447542 0.0989883 0.443124
0.045468 0.158992 0.469735
0.144133 0.0718394 0.370346
0.0436369 0.0850926 0.422373
0.0708824 0.132898 0.429033
-0.0841555 0.112009 0.39229
-0.0598099 0.0888689 0.37445
0.0244513 0.0543224 0.290577
0.110355 0.142863 0.451878
0.189809 0.125918 0.38381
0.0332955 0.165106 0.506428
0.157048 0.0662936 0.341262
-0.0814094 0.102594 0.376493
-0.0323579 0.0687985 0.392985
-0.0887086 0.0799556 0.388
0.03771 0.0411424 0.400253
-0.122228 0.108051 0.317599
-0.0530361 0.0842899 0.358786
-0.122118 0.107481 0.315993
-0.0786744 0.0699688 0.379054
0.204904 0.0933659 0.319062
0.0481874 0.11346 0.462581
0.036609 0.115997 0.472773
-0.000763021 0.0960412 0.399708
-0.019999 0.144533 0.4179
0.194618 0.0529113 0.312216
-0.0310147 0.0683566 0.389044
0.0418962 0.0428802 0.418586
-0.0666473 0.073817 0.382378
-0.06599 0.0783646 0.373188
0.152169 0.101837 0.321312
-0.198971 0.151362 0.52246
-0.622116 0.216036 1.48307
-0.243541 0.163793 0.570325
-0.330063 0.176989 0.834059
-0.596221 0.210384 1.42835
-0.220543 -0.07535 0.812952
-0.0499222 0.0755704 0.336166
0.0415639 0.0967076 0.407424
0.935161 -0.362485 1.50424
0.0959715 0.137204 0.393797
0.0228405 0.0903781 0.391748
0.161374 0.0686136 0.380474
0.0307101 0.0844512 0.413087
0.00308788 0.102354 0.376319
0.102161 0.0797309 0.408114
0.118324 0.12752 0.336676
-0.0865414 0.113212 0.405957
0.220125 0.123625 0.300073
0.0452191 0.131325 0.329512
0.142146 0.143947 0.345034
0.546089 0.0252668 0.910596
0.199704 0.11821 0.292305
0.180398 0.0785616 0.247237
0.0942568 0.2132 0.487949
0.0756608 0.154412 0.353974
0.191443 0.126359 0.370037
0.0691577 0.14325 0.368048
0.0235821 0.0361758 1.22899
-0.0340192 0.121739 0.365045
0.482197 0.0422095 0.808167
-0.0543035 0.0820421 0.385379
0.73221 -0.0940506 1.62021
0.136149 0.0748015 0.399586
-0.208468 0.171582 0.60686
0.118059 0.0823457 0.407676
-0.0652774 0.0951867 0.401907
-0.232566 0.15492 0.701472
-0.0676149 0.0927289 0.382097
0.0173108 0.0746029 0.306858
0.0315439 0.112169 0.449821
0.137423 0.083869 0.378877
0.0114339 0.090082 0.401141
-0.603253 0.305853 1.34849
-0.223063 0.156011 0.526604
1.68711 -0.540541 2.76136
-1.3402 0.709687 2.97417
-0.0735033 0.0758587 0.368312
-0.087037 0.133396 0.393777
0.00136012 0.0669645 0.423571
-0.4812 0.264158 1.20507
0.140034 0.0900128 0.396562
0.0425244 0.0973366 0.418969
-0.422573 0.167359 1.48925
0.97658 -0.244213 1.77649
-0.171476 0.140713 0.577248
-0.259141 0.159032 0.565695
-0.480107 0.261826 1.50694
0.167132 0.10261 0.340068
0.251486 0.105077 0.347872
0.314476 0.0799683 0.45882
0.258294 0.107152 0.356589
0.141813 0.110566 0.347963
0.227801 0.0764807 0.325602
0.0258653 0.139898 0.374314
0.210742 0.0834555 0.331579
-0.0208949 0.14706 0.425131
-0.232511 0.178128 0.477716
-0.346943 0.155701 0.641353
0.303093 0.109678 0.525516
0.289191 0.0711121 0.418801
0.0577334 0.136466 0.396287
0.0490347 0.135303 0.371533
-0.680662 0.0813814 1.55603
-2.48395 -0.0357325 3.44593
-0.975256 -0.0377001 1.76228
-0.0688097 0.0933905 0.3733
-0.056054 0.0798025 0.367812
-0.0718263 0.101767 0.37946
-0.136795 0.138141 0.744768
-0.177397 0.135474 0.504566
-0.200195 0.157824 0.519211
-0.197885 0.147482 0.546547
-0.0813906 0.0700915 0.368329
-0.159531 0.146323 0.537383
-0.492033 0.198393 1.48418
-0.29591 0.235945 0.741543
-0.198187 0.156876 0.515898
-0.170743 0.14566 0.517676
-0.17348 0.135011 0.526078
-0.0168021 0.128096 0.397833
0.180025 0.109559 0.370422
0.181406 0.126593 0.341948
0.120909 0.101955 0.274528
0.181925 0.10682 0.264069
0.136102 0.105365 0.331937
0.0611284 0.14248 0.414435
0.0542916 0.125613 0.436109
-0.0211526 0.141342 0.438647
-0.321131 -0.348741 1.3445
0.171283 0.0599842 0.360595
-0.636914 0.0838693 1.47948
-0.443101 0.17331 1.46581
0.535074 0.0720435 0.91819
0.699607 -0.229598 1.79445
0.572364 -0.536108 1.43113
-0.00213518 -0.18102 1.51496
-0.00647115 0.0580478 0.40478
-0.213801 -0.0221352 0.362615
-0.214011 -0.0220418 0.362884
0.0326273 0.061802 0.391419
0.597457 0.0348375 0.740751
0.585342 0.0857426 0.72571
0.784693 -0.402938 0.851658
0.917837 -0.102074 1.62022
0.0212908 0.0665555 0.555879
0.676237 0.0837367 0.672094
0.0266379 0.0468808 0.456752
-0.10039 0.0983995 0.681796
0.152928 0.0693641 0.382595
-0.294154 0.096073 1.4066
0.73153 -0.388595 0.855966
1.07118 -0.503908 1.21527
0.197919 0.0780108 0.301978
0.445432 0.203214 0.507893
-0.103882 0.0822343 0.432963
0.0979348 0.136616 0.350714
0.141683 0.099075 0.277054
0.227499 0.0755013 0.323294
-0.00128168 0.147512 0.4319
0.023589 0.151582 0.403658
-0.0542394 0.0824341 0.386508
-0.0737883 0.0678329 0.385266
-0.0712806 0.136077 0.329852
-0.0758022 -0.0445366 1.38472
1.09933 -0.510242 1.8252
0.68621 -0.163804 1.68815
0.846432 -0.541559 1.56731
0.669054 0.0855163 0.673783
0.653106 0.00635612 0.776132
0.491788 0.0469807 0.813307
0.572868 -0.537914 1.44532
-0.173062 0.174999 1.43296
0.826739 -0.261065 0.929807
-0.414292 0.161779 1.46562
-0.514318 0.19842 1.54871
0.749927 -0.41783 0.789908
-0.0595511 -0.0329796 1.25497
-0.377631 0.142559 1.3967
0.299233 0.247723 2.36515
0.880573 -0.373897 1.6448
0.740756 0.136045 1.74532
1.07079 -0.198953 1.66629
1.11096 -0.367424 1.3992
-0.38449 0.226272 1.5727
0.0116538 0.0896997 0.410694
0.0396505 0.0646757 0.406735
0.65534 -0.00334608 0.788072
0.00166386 0.0784785 0.397062
0.318449 0.0800165 0.468473
0.60932 -0.195268 0.814955
0.591 0.027835 0.741675
0.676772 0.0831885 0.672292
0.700522 -0.376651 1.6811
0.785977 -0.147274 1.48902
0.58521 -0.538129 1.4187
0.609276 -0.190972 0.809478
-0.0682911 -0.0367308 1.32636
0.739895 -0.113765 1.64347
-0.465955 0.214396 1.41007
0.16657 0.117806 0.24378
0.180324 0.138194 0.325927
0.112402 0.118373 0.419773
0.174053 0.118331 0.281731
-0.0746462 0.0691227 0.386124
-0.0181467 0.163625 0.424825
0.0166415 0.108509 0.529139
-0.088321 0.103282 0.407349
0.178451 0.121605 0.322644
0.0052866 0.155579 0.461727
-0.0750977 0.103527 0.377312
0.197797 0.147638 0.418139
0.0211391 0.155278 0.452857
0.0721827 0.135721 0.426029
0.162612 0.0688759 0.382656
0.596976 -0.532456 1.3851
-0.202955 0.167192 1.29915
0.916615 -0.584627 1.69031
0.285498 -0.364476 2.41837
-0.0342771 0.0605155 0.336885
0.476296 0.0388824 0.809342
-0.0477021 0.0695884 0.383147
0.604206 0.084884 0.727391
0.00586251 0.0687848 0.399581
0.0410274 0.0525563 0.404809
0.0403921 0.077452 0.48344
-0.0286129 0.162213 0.766544
0.184189 0.132764 0.300395
-0.05487 0.154645 0.292074
0.339682 0.186364 0.422953
0.247882 0.108924 0.345277
0.192244 0.112054 0.256426
-0.115612 0.156128 0.439237
-0.0663625 0.0774208 0.364419
-0.0802629 0.0922007 0.375375
0.208262 0.125775 0.350563
-0.089461 0.125206 0.405281
-0.393244 0.162697 1.45229
0.1246 0.0924806 0.256068
0.0619683 0.145796 0.415044
0.166853 0.0725678 0.349203
0.0997143 0.121236 0.433642
0.799156 -0.274461 1.66291
0.263017 0.0814181 0.373773
-0.06052 0.142186 0.410891
0.0420521 0.0530737 0.398697
0.00229941 0.0763896 0.500042
-0.000222403 0.164431 0.435603
0.0362317 0.0758761 0.314981
0.109879 0.166698 0.481684
-0.0570732 0.136086 0.393225
0.044611 0.165237 0.491094
0.758202 0.0742733 0.709383
-0.0827643 0.118543 0.383209
0.183123 0.122482 0.35292
-0.00692215 0.0756172 0.411964
-0.015596 0.0900505 0.393453
0.0594906 0.122338 0.39095
-0.159369 0.186499 0.540857
0.245801 0.0756026 0.345992
0.0929473 0.172206 0.448556
0.159163 0.10751 0.339318
0.228648 0.101137 0.317402
-0.126899 0.140538 1.36358
0.313037 0.173409 0.662873
-0.0337095 0.16965 0.365914
0.167164 0.141228 0.318684
0.664586 -0.482505 2.00712
-0.433014 0.29338 1.27497
-0.499858 0.267172 1.53531
-0.642969 0.126845 1.43462
0.598833 -0.0706064 1.16169
0.820497 -0.0580999 1.59036
-0.0701809 0.0669109 0.368508
-0.0660809 0.0766382 0.370066
-0.204048 0.191902 0.504086
-0.756828 -0.0271854 1.39062
0.109186 0.131698 0.411299
-0.0655341 0.0905908 0.374075
0.0257352 0.0544326 0.39548
-0.0800292 0.0699812 0.415158
-0.00693142 0.0694178 0.412787
0.1709 0.0700728 0.364102
0.983043 -0.326042 1.24466
0.0399064 0.0682081 0.398025
-0.0890275 0.0656489 0.386404
0.734983 -0.428967 0.873113
0.634108 -0.00695244 0.798086
0.589797 0.0356072 0.734705
0.428858 -0.236896 0.438706
0.450227 0.206742 0.517064
0.213416 0.132443 0.326048
-0.483073 0.359567 1.5203
-0.0795607 0.0727274 0.367319
-0.0793239 0.0728334 0.367014
-0.197358 0.12969 0.484441
-0.0798608 0.0735965 0.368719
-0.378649 0.198129 1.34386
-0.285785 0.190131 1.39458
-0.188542 0.247325 1.35123
-0.582263 0.444973 1.82078
-0.144674 0.234402 1.29813
-0.0343268 0.275609 1.32198
-0.28396 0.32871 1.53835
0.735045 -0.13754 1.20013
-0.170991 0.145955 0.51883
-0.170833 0.145836 0.519309
-0.771793 -0.113407 1.44031
-0.443736 0.234784 1.54158
-0.645651 0.154036 1.51502
-0.959599 -0.0353727 1.73002
-0.200852 0.152544 0.524882
-0.199833 0.148047 0.532944
-0.692236 -0.104775 1.3166
-0.992677 0.267636 1.55055
-0.998238 0.264939 1.56248
-0.199601 0.154038 0.517507
-0.235035 0.169914 0.533362
-0.188851 0.151714 0.523733
0.00238096 0.0625141 0.402431
0.713506 -0.166283 1.73723
-0.538457 0.262547 1.48328
-0.166365 0.171923 1.36765
-0.280759 0.104639 1.46639
-0.0761195 0.138508 0.381314
-0.223966 0.156328 0.528605
-0.196298 0.144683 0.539205
-0.627553 -0.0233928 1.43482
-0.189026 0.334399 1.41836
-0.31249 0.188545 0.673176
-0.211861 0.145993 0.507902
-0.70026 0.419963 1.41598
-0.192922 0.142052 0.533318
-0.145433 0.0889186 0.434391
-0.236306 0.142453 0.528962
-0.242015 0.190314 0.484457
-0.262453 0.200777 0.53923
0.289317 0.197372 2.30763
0.150334 0.132778 0.284376
0.169213 0.119363 0.250945
0.00363325 0.0454548 0.348106
0.742743 0.0736782 0.699025
0.118229 0.11333 0.276522
0.0733037 0.0885359 0.188214
0.150211 0.142265 0.304566
0.238523 0.150804 0.322643
-0.0502608 0.155377 0.396535
-0.0892148 0.171429 0.439369
0.142323 0.11844 0.28972
1.07587 -0.351323 1.35067
0.969078 -0.303106 1.09924
0.0429673 0.0545696 0.411177
0.287818 0.0242008 2.47272
0.700606 -0.373522 0.788138
1.19747 -0.506073 2.39354
1.68974 -0.345626 3.40064
0.759462 -0.417701 0.79507
-0.398793 0.165891 1.47397
0.837745 -0.0864921 1.63303
0.335233 -0.173289 2.38113
0.810177 -0.0878718 1.58069
0.226006 0.189504 2.19479
0.782341 -0.0627394 1.40459
0.47148 0.0460455 2.38324
0.0943659 0.0243791 2.46346
0.00847386 0.077699 0.391739
0.42844 -0.19341 0.678361
0.092387 0.0757593 0.403521
0.576578 0.120841 0.731267
1.08107 -0.354547 1.35785
0.583494 -0.497668 1.72316
-0.441429 0.135291 1.41227
0.789011 -0.332526 2.16825
-0.270663 0.292693 1.19818
-0.0800949 0.179405 1.34768
-0.367142 0.219897 1.4818
-0.708481 0.163392 1.614
-0.646296 0.0818249 1.39296
-0.184348 0.17189 1.29801
0.759731 0.137411 1.94779
1.14524 -0.011706 1.44054
-0.176877 0.24739 1.33709
-0.053724 0.106157 1.30699
0.0377302 0.0413266 0.39577
-0.0866155 0.112927 0.412748
-0.00172302 0.089825 0.425076
0.0318047 0.0696435 0.390272
-0.016575 0.0916937 0.400409
0.111519 0.0794161 0.394512
-0.0808708 0.0831772 0.568545
-0.22658 0.156032 0.531608
-0.554478 0.210414 1.34988
-0.446683 0.204483 1.30122
0.757186 -0.123139 1.63822
2.0294 -0.60151 3.31777
-0.191537 0.238998 1.50497
0.697308 -0.50356 2.10373
0.1596 0.0671913 0.348631
0.932887 -0.356082 1.50066
0.0246981 0.0620153 0.396777
-0.000162063 0.0665307 0.390019
-0.0787335 0.0821246 0.377702
-0.0383827 0.0877012 0.350944
0.0167968 0.124269 0.362481
-0.0444756 0.068699 0.317189
0.192304 0.120563 0.378924
0.246016 0.130648 0.380368
-0.0637829 0.0869531 0.355276
-0.0657351 -0.0423163 0.381313
0.0378331 0.0515463 0.404149
0.361332 0.131275 0.615306
0.589489 -0.532995 1.68929
0.962602 -0.440481 1.59118
0.646162 0.00433478 0.770381
0.410479 -0.384307 1.02939
-0.126446 0.238723 1.31642
-0.206862 0.443214 2.0913
-0.679713 0.162881 1.49686
0.703999 0.151188 1.69742
-0.574511 -0.0228441 1.33617
-0.717447 0.154591 1.61581
-0.320697 0.203746 0.52071
-0.268377 0.186121 0.485703
1.05764 -0.390329 1.93222
-0.140363 0.129332 1.2005
-0.0773324 -0.181482 0.568202
0.309419 -0.261761 2.28897
0.513414 -0.406398 1.13997
0.758528 -0.121082 1.62688
0.272986 0.236522 2.22364
0.728569 0.185972 2.30126
0.687906 -0.192344 1.69329
0.557544 0.0956213 0.742491
-0.280598 0.323316 1.52294
0.200229 -0.117206 1.58608
-0.0823566 0.271127 1.31499
-0.816934 -0.116125 1.50496
-0.329002 0.207792 0.947734
0.783054 -0.105877 1.53295
-0.120882 0.213127 1.40029
0.85643 -0.323375 1.58923
-0.0929488 -0.331317 0.809304
-0.048198 0.135248 1.00394
-0.0991411 0.0760497 1.34067
0.130499 0.446255 2.21914
0.0419288 0.113291 1.1462
-0.0819205 0.296084 1.45247
1.13403 -0.322509 1.96529
-0.0957933 0.0763551 0.40468
-0.0952456 0.147051 0.359211
0.888805 -0.0636716 1.70406
-0.0740313 0.0677805 0.511946
-0.0376719 0.0715301 0.400336
0.126293 0.219962 1.99627
-0.692889 0.243273 1.56619
1.23379 -0.418857 2.32129
-0.185827 0.247556 1.35577
-0.0529412 0.284843 1.35932
0.761052 -0.331951 1.59418
1.44801 -0.686621 1.53653
-0.067909 0.19045 1.36678
0.0334622 0.11131 1.14126
-0.295045 0.23362 1.47058
-0.0560802 0.115112 1.27268
-0.27432 0.143105 1.43061
-0.697518 0.143743 1.35618
-0.63454 0.0786958 1.37714
0.605135 0.0884404 0.732085
0.17146 -0.321873 1.40701
0.497843 -0.183973 1.45622
0.262599 0.237452 2.18292
0.226225 0.0505219 2.43358
0.0621947 0.142986 1.38026
0.626624 -0.0115044 0.787598
0.0316964 0.00541995 0.270552
0.982779 -0.176906 1.52684
-0.187171 0.176037 1.32219
0.766622 -0.419395 2.61873
0.514908 0.198267 2.1827
-0.0687301 -0.0259915 1.26304
-0.0526351 -0.0300675 1.26482
-0.185831 0.180914 1.32351
0.834415 -0.400047 0.976469
-0.688667 -0.0578949 1.63437
-0.0487281 0.163938 1.67861
-0.523562 -0.0320957 1.50345
0.605199 -0.505279 1.76265
-0.0176063 -0.206761 1.30102
-0.0528493 0.143288 0.842475
0.409772 -0.260962 1.82508
0.227716 0.242099 2.22189
0.252724 0.249447 2.3541
-0.469891 0.253602 1.45429
1.95164 0.418201 2.50955
0.654597 -0.00249161 0.791759
-0.00074819 -0.146399 1.31184
-0.0183689 0.167183 0.435864
0.314227 -0.091474 0.751823
0.344798 0.190703 0.431037
0.316233 0.175138 0.39295
0.131231 0.0897682 0.188994
-0.482162 0.174788 1.50814
0.145731 0.146234 0.357174
0.293456 0.0585785 0.441988
0.178892 0.143675 0.302206
0.0745173 0.150638 0.343602
-0.0551981 0.0836498 0.390117
0.112993 0.114048 0.242921
0.170112 0.121041 0.276039
0.443621 0.303047 0.835314
0.18423 0.138038 0.298415
0.172808 0.127972 0.277254
0.202467 0.117283 0.279744
0.241428 0.197079 0.550224
-0.0731207 0.163004 0.385087
0.141833 0.132144 0.296202
0.0406841 0.114891 0.246009
-0.00101512 0.162604 0.431171
0.219143 0.114078 0.327646
0.0680149 0.140854 0.36268
0.110385 0.141795 0.534474
-0.504157 0.231204 1.50368
0.0154999 0.159764 0.466849
0.0964383 0.138005 0.370469
-0.0509773 0.0716736 0.390905
0.0556916 -0.00466932 0.0567552
0.212715 0.122005 0.288851
0.642035 -0.0687342 0.816398
0.664335 0.0141945 0.726797
0.512966 0.115629 0.847381
0.694232 -0.341943 2.01692
-0.15292 0.122197 0.497278
-0.177324 0.149184 0.537947
0.0301887 0.084647 0.409547
-0.340776 0.14867 0.576774
0.129843 0.0720694 0.376577
0.601046 -0.548965 1.73424
0.78727 -0.274333 1.63969
-0.224507 0.157199 0.530158
-0.0391919 0.151476 0.41552
0.13121 0.0719978 0.380511
0.189387 0.111132 0.275187
-0.0395626 0.0842279 0.384531
0.573271 0.0345337 0.734804
0.14677 0.122173 0.298977
0.168687 0.0784626 0.334401
0.137044 0.126766 0.349028
-0.039298 0.0828741 0.330253
0.0351042 0.0607126 0.406974
0.0462573 0.0981018 0.387587
0.17198 0.12616 0.324032
-0.0739365 0.135848 0.374062
-0.0725115 0.108872 0.376603
0.205702 0.117172 0.278606
0.224754 0.0873121 0.358785
-0.0280907 0.115139 0.505395
0.252417 0.0839793 0.359646
-0.0547463 0.0780095 0.604055
0.373711 -0.0426623 0.692324
-0.0563995 0.136336 0.391781
-0.0566932 0.0699888 0.372045
0.176787 0.0752515 0.391295
0.464824 0.00119361 0.449949
0.347425 0.110356 0.608259
-0.0579058 0.0868061 0.379762
0.586948 0.0848908 0.731493
-0.0830888 0.106059 0.382741
0.0235691 0.135919 0.356288
0.179216 0.126151 0.339077
-0.0639495 0.0989268 0.382921
0.021805 0.0817186 0.880901
-0.0133165 -0.00757765 0.227366
0.0376242 0.145634 0.32689
0.159814 0.13922 0.340509
0.808299 -0.121334 1.65842
0.164028 0.115481 0.240604
0.155357 0.146376 0.329184
-0.286153 0.383257 1.57471
0.152856 0.142043 0.321083
0.715398 0.109341 1.72791
0.777481 -0.250693 1.61198
-0.0824921 -0.0365402 0.487472
-0.133733 0.185377 0.539433
-0.0528519 0.0609284 0.391459
0.0251221 0.163331 0.341347
0.155781 0.0978531 0.227346
0.1541 0.115779 0.28692
-0.010608 0.0546385 0.411797
0.066604 0.278018 1.4146
2.15918 0.211357 2.73285
0.802222 -0.160665 1.45788
1.26604 -0.426572 2.35661
0.712613 -0.0565511 1.29399
1.10532 -0.394746 1.9423
-0.227457 0.421419 1.59969
0.932845 -0.172452 1.46524
1.06386 -0.310502 1.86287
0.00765905 0.0794025 0.392044
-0.54416 0.139596 1.22246
0.907248 -0.0613611 1.67441
-0.612809 0.0903377 1.40162
-0.436767 0.188236 1.39504
0.761191 0.108789 1.90838
1.37808 -0.444484 2.25868
1.55654 -0.657155 2.95359
-0.352438 -0.308927 1.28601
0.351435 -0.0121039 2.35
0.831598 -0.189324 1.51266
0.305304 -0.19258 2.23256
-0.087264 0.650271 2.77659
-0.12159 0.204122 1.55132
0.966459 -0.107141 1.67889
1.01862 -0.109599 1.89678
-0.0650758 0.0788837 1.25218
0.0621755 0.139984 1.37177
-0.300072 0.17035 1.57067
1.23417 -0.375828 2.12304
0.83332 -0.291578 1.71644
-0.234145 0.225174 2.16446
-0.104147 1.27534 5.12773
-0.0967033 0.246936 1.75348
0.781249 -1.12183 4.76914
-0.0533067 0.144874 1.49995
-0.0235968 -0.222323 1.16535
-0.0602068 0.145022 1.2585
-0.0583145 0.297322 1.41661
1.75916 -0.547164 3.17007
-0.0406671 -0.335138 1.33532
0.6418 0.00808786 0.763558
0.152082 0.271658 2.43678
-0.054287 0.135452 1.34655
-0.0496465 -0.0289178 1.26507
0.650172 -0.0532387 0.829125
0.808411 -0.0587462 1.55134
-0.083478 0.0738673 0.378475
-0.674219 0.160277 1.48763
0.167208 0.0734887 0.235639
0.225772 0.111036 0.350613
0.134125 0.147251 0.390665
0.0371642 0.140742 0.35917
0.0251429 0.0156472 0.345978
0.0693182 0.0185474 0.0866105
-0.0524933 0.0763173 0.38701
0.0302824 0.00421811 0.0314554
0.917667 -0.0651845 1.75501
0.0669036 0.140175 0.392573
0.000731569 0.0586905 0.414953
-0.0629937 0.074994 0.401247
0.56235 0.169818 0.66585
0.146279 0.1217 0.299015
0.202225 0.0950835 0.296742
0.189208 0.127913 0.307383
0.177636 0.112921 0.274616
0.244557 0.121692 0.38012
0.181629 0.120117 0.322576
0.193983 0.136654 0.368808
0.0631651 0.115297 0.247435
0.176414 0.112012 0.261236
0.206336 0.0954033 0.476418
0.100468 0.124463 0.463848
0.0295616 0.0593868 0.383351
-0.0501108 0.0720207 0.393228
-0.00267191 0.0492365 0.368251
0.402654 0.183194 0.458851
0.000451853 0.051317 0.40206
0.176858 0.135812 0.336766
0.193972 0.0529573 0.311987
-0.0296959 0.130964 0.372074
-0.00419886 0.0822965 0.420963
0.753472 -0.119872 1.68276
-0.0325285 0.0696717 0.396315
0.123449 0.109328 0.299412
0.218027 0.106907 0.333392
-0.00569415 -0.23421 2.05455
-0.0330367 0.0943975 0.398211
-0.550924 0.254073 1.52879
-0.542317 0.251159 1.50606
-0.143376 0.109022 1.40319
-0.483291 0.204308 1.43076
0.240902 0.0612749 2.0485
0.10469 -0.0377335 0.251805
0.636448 0.102282 0.706196
0.736316 -0.0198706 0.732638
0.674282 -0.319696 0.814569
0.622989 -0.0195815 0.703005
0.0309716 0.136835 0.336563
0.110819 0.120389 0.330202
0.114707 0.0793721 0.394697
0.121556 0.0925482 0.381397
0.0456608 0.158025 0.46647
0.020355 0.099546 0.397712
-0.0734107 0.199751 0.552199
0.203298 0.041477 0.310182
0.24495 0.0902015 0.391898
0.122454 0.0844074 0.369682
0.213882 0.10106 0.315337
0.0621507 0.147386 0.365984
0.218261 0.096549 0.301131
0.113505 0.0802098 0.403886
0.136242 0.100554 0.314442
0.207338 0.0778551 0.306781
0.12086 0.0958601 0.387577
-0.163222 0.147863 0.538262
-0.0670731 0.0928953 0.382803
0.325119 0.0608316 0.389733
0.205492 0.125283 0.350005
0.201895 0.0987956 0.309444
0.0555381 0.126471 0.307992
0.028059 0.000504161 0.0124088
0.0492383 0.0761539 0.409527
0.054681 0.127755 0.428709
0.142852 0.103801 0.326513
0.195561 0.0680432 0.318699
-0.49054 0.176495 1.55454
0.22975 0.134521 0.322883
0.216869 0.134536 0.37592
0.164671 0.0698263 0.389104
0.181307 0.134645 0.300128
-0.113143 0.158603 0.460451
-0.0236576 0.152993 0.435093
-0.0804476 0.0755661 0.360659
0.119174 0.0878775 0.199403
-0.0979346 0.151607 0.367411
0.194966 0.144303 0.323753
-0.0846879 0.161864 0.420741
-0.0726672 0.15776 0.357946
0.0936433 0.117322 0.260678
0.183538 0.12935 0.270927
0.193225 0.110036 0.261545
-0.0780674 0.090146 0.364816
-0.0873516 0.150475 0.338511
0.00176842 0.113532 0.401945
0.00590121 0.108509 0.414768
-0.0754966 0.137141 0.380008
0.017657 0.0939916 0.362207
0.0301373 0.111861 0.418807
0.0350749 0.093818 0.41237
0.0292316 0.108471 0.403072
0.111297 0.078321 0.386705
0.0243061 0.140212 0.365501
0.109019 0.0921724 0.423893
0.112464 0.0781619 0.385044
0.113181 0.0789488 0.390622
0.0559151 0.127657 0.442914
0.016941 0.0966966 0.387793
0.131809 0.123964 0.308078
0.157694 0.120457 0.295507
0.230566 0.0817671 0.331411
0.120981 0.116696 0.36509
0.0223648 0.163022 0.476844
0.0368795 0.150666 0.396648
0.0426422 0.0621349 0.407505
0.624182 0.220214 0.725627
0.0757373 0.143179 0.388117
0.444165 0.00634521 0.418282
0.690081 0.00673802 0.657029
0.0383757 0.137847 0.353025
-0.00827494 0.163877 0.434165
0.185816 0.124807 0.297514
0.195439 0.108821 0.262368
0.00335685 0.0803396 0.386687
0.108892 0.135498 0.379276
-0.0200805 0.153313 0.425369
0.0816217 0.141649 0.365731
0.125838 0.113011 0.305615
0.496301 0.105137 0.81952
0.205521 0.0690188 0.22369
-0.00851117 0.13852 0.346458
-0.00416483 0.146725 0.43514
0.196926 0.0783685 0.302708
0.0852885 0.140399 0.349316
0.21178 0.0760136 0.300062
0.160434 0.1642 0.397947
-0.0254938 0.15579 0.481988
0.536079 0.158737 0.634868
-0.122014 -0.0756904 0.640828
-0.0056898 0.168574 0.540773
0.74736 -0.109001 1.66458
0.0195123 0.0105798 0.0358666
0.738667 -0.130442 1.52673
0.0606307 0.139886 0.408931
-0.0300966 0.132694 0.375981
0.0250873 0.149028 0.396917
0.057678 0.123906 0.391
0.0943759 0.107487 0.338068
0.0997239 0.143621 0.387672
0.326909 0.117901 0.572604
0.182411 0.121841 0.351806
0.00760889 0.0754936 0.362766
0.0650406 0.156004 0.399861
-0.0701246 0.0939697 0.377068
0.0551918 0.129267 0.440664
0.125398 0.189307 0.616517
0.199707 0.120468 0.336704
-0.0039301 0.156429 0.436781
0.505839 0.210097 2.2606
0.494321 0.0895516 0.680009
1.55366 -0.392068 2.67561
0.797483 -0.0606529 1.55071
-0.0579315 -0.337752 0.805455
-0.504205 -0.0350584 1.4604
-0.20093 0.168119 1.29342
-0.193069 0.230936 1.41137
0.0323546 0.0605032 0.399577
-0.125778 0.208162 1.38704
0.844774 -0.0597738 1.62454
0.0366696 0.400152 1.80904
0.73765 -0.257204 2.02543
0.0322944 0.332963 1.54263
0.777976 -0.0896107 1.53536
1.01713 0.0590446 1.46184
0.391558 0.0245232 2.3212
0.892172 -0.371118 1.62832
-0.0351458 0.343573 1.4581
-0.205665 0.284815 1.33498
1.09855 -0.0483342 1.39954
-0.186986 0.274172 1.35616
-0.0719639 0.276064 1.43767
-0.0348607 0.307857 1.45651
1.32112 -0.444277 2.22195
0.938806 0.0207961 1.41954
0.340416 -0.146224 0.70857
-0.155449 0.248231 1.35526
0.0646543 0.276658 1.4131
-0.212282 0.290111 1.39962
-0.127607 0.296838 1.41556
1.75519 0.383204 2.27317
1.08002 -0.372717 1.9056
0.752967 -0.247721 2.05126
1.34739 -0.0409438 1.63112
0.780634 -0.271595 1.44393
-0.177537 0.229932 1.28207
0.795332 -0.606596 1.66746
-0.170673 0.180138 1.22594
0.752398 -0.240407 2.04449
1.10252 -0.223803 2.28716
0.620664 -0.0888167 1.18264
0.948843 -0.114674 1.66884
0.568651 -0.508037 1.33464
1.19923 -0.547224 1.33742
1.18417 -0.130874 2.00335
1.93629 -0.453953 2.04488
0.554758 -0.520472 1.43166
0.600504 -0.546049 1.39004
1.03772 -0.577523 1.05346
0.0473506 0.0829379 1.42962
0.769946 -0.0548548 1.43593
0.857884 -0.215149 1.55316
0.750941 -0.141234 1.22527
1.11473 -0.513935 1.24576
-0.0163225 -0.204009 1.24035
0.87239 -0.25961 1.75875
-0.236982 0.327732 1.50093
-0.067753 0.227624 1.52623
-0.261402 0.194271 1.28935
-0.0393727 0.463959 1.89762
1.18788 -0.326324 2.04209
1.00414 -0.196514 1.55134
-0.51383 0.0902167 1.59655
-0.176117 0.180562 1.40125
-0.319369 0.164791 1.2012
-0.494979 0.200466 1.46943
-0.704259 0.252913 1.57958
-0.799044 0.102103 1.72668
-0.972582 -0.0390892 1.76862
0.345126 0.00637586 2.30154
0.752496 -0.129935 1.5701
0.785036 0.0781338 1.22752
-0.00560056 -0.016093 0.237739
0.272488 0.246935 2.25553
0.687709 -0.808688 3.4789
0.584596 -0.157851 1.42529
0.286564 -0.369113 2.43229
0.311048 -0.298745 2.42344
-0.116804 0.0831994 1.29484
-0.0380197 -0.318943 1.49499
0.248122 0.0133504 2.10771
1.0606 -0.399887 1.95112
0.894649 -0.299118 1.06109
-0.0686375 0.191836 1.13595
0.957425 0.0193486 1.44634
0.469253 0.0902013 2.26385
0.813336 -0.540419 1.51294
0.803684 0.123497 1.75616
1.43139 0.123988 1.99791
0.835936 -0.540904 1.54939
0.237731 0.121166 2.09015
-0.306473 0.302913 1.44389
-0.531452 0.173645 1.28062
-0.575282 0.295049 1.28322
-0.624116 -0.0227392 1.42472
-0.220528 0.17349 0.519844
-0.121052 0.0919156 1.32893
0.882419 -0.116888 1.70511
0.968447 -0.351229 1.86243
-0.0740208 0.221435 1.6671
0.521049 0.0434622 0.84859
0.763986 -0.355474 1.66333
0.724076 -0.399841 1.7635
0.960798 -0.445064 1.56989
-0.062021 0.132901 1.16265
0.762164 -0.0621203 1.37097
0.704162 -0.159852 1.73135
0.72613 -0.487756 3.75243
0.334184 -0.176694 2.3395
-0.00211617 -0.104775 1.2388
0.396177 0.0046362 2.47103
0.55973 -0.509782 1.3355
-0.0634926 0.218307 1.35002
0.672712 0.00503407 0.813399
0.663394 -0.00587591 0.778816
-0.124969 0.0942102 1.3889
1.01922 -0.453391 1.12179
0.739869 0.118755 1.64583
0.0114533 -0.02149 1.35105
0.542564 0.112716 2.62178
0.0485983 0.0139413 1.04271
-0.0687591 -0.0278292 1.2499
0.518239 0.103921 0.844274
-0.630747 -0.0150852 1.42464
2.06968 -0.0563208 1.57329
0.437522 -0.205556 0.572835
-0.739667 0.381195 1.56509
-0.824167 0.25495 1.3801
-0.618247 0.321707 1.38013
-0.430212 0.324516 1.5398
0.0614185 -0.145034 0.830768
-0.801119 0.306604 1.33045
-0.613884 -0.0137905 0.996354
-0.885887 -0.0684329 1.63808
-0.797491 0.251078 1.3532
-0.695772 0.0198989 1.43503
-0.648645 0.0842881 1.39577
-0.0549394 -0.0430787 1.23473
0.213355 0.0481245 1.8634
-0.917099 -0.13282 1.67089
-0.688677 0.16509 1.51193
-1.29887 -0.106623 1.42966
-0.177399 0.188108 1.48862
-0.694459 0.387903 2.21031
0.762229 -0.121801 1.63332
-0.454716 0.172922 1.39753
0.30505 0.0224694 1.87641
1.08211 -0.322982 1.88776
-0.133342 0.118299 1.23222
0.388525 0.0200974 0.728212
0.636926 0.0313922 0.833123
0.0068952 0.210125 1.30255
-0.206725 0.174768 1.30152
1.15105 -0.410745 2.16766
0.924867 -0.422551 1.03689
1.19134 0.119863 1.72462
-0.456326 0.430889 2.92569
0.160014 0.226085 3.14179
0.246556 0.094973 2.20844
0.465409 -0.203411 1.39193
0.778832 0.138521 1.69856
2.28914 0.54323 2.86698
-0.3518 0.221398 1.77557
-0.394869 0.561004 3.19479
1.24206 -0.534084 1.32942
-0.06563 0.209972 1.29131
-0.336014 -0.0729086 1.11837
-0.293462 0.255609 1.43867
-0.319339 0.153895 1.35538
0.450398 0.0335932 2.19724
-0.4269 0.154757 1.6036
0.567044 -0.503559 1.40718
0.831977 -0.0478986 1.62087
0.549342 0.206165 2.29034
0.357955 -0.187288 2.55436
-0.337481 0.20035 1.372
-0.465043 0.219683 1.4796
1.26373 -0.56399 1.34585
1.18398 -0.23659 1.34025
0.446029 0.0379224 2.20005
1.21306 -0.638598 1.20567
0.988881 -0.151262 1.97829
-0.807543 -0.0632177 1.52151
0.957747 -0.267966 1.94188
0.556107 -0.067631 1.07835
1.17235 -0.22314 2.00837
0.935745 -0.220315 1.12377
-0.184582 0.191692 1.32851
-0.0699724 0.190342 1.32135
0.852471 -0.320648 1.58076
0.635128 -0.276273 1.22012
0.169875 0.0359872 1.51245
0.756064 -0.35325 1.6529
0.51014 0.211054 2.28679
0.480874 -0.0495901 0.966165
-0.0848255 0.199688 1.39716
0.687709 0.121859 1.75861
0.0904213 -0.0620146 0.505655
0.0907255 0.0239298 2.48885
0.729135 -0.393283 1.74719
-0.973164 0.260351 1.52602
0.311644 -0.0476803 0.765267
0.196495 0.345194 1.66943
0.863083 -0.143175 1.88337
0.926722 -0.398924 1.88606
-0.0631256 0.158404 1.36124
-0.351136 -0.381214 1.46526
-0.0511152 -0.030727 1.31249
-0.141804 0.310397 1.49236
-0.360211 0.103839 1.49896
-0.341894 0.397558 1.52987
0.853947 -0.567627 1.57864
-0.396169 0.176886 1.37075
0.621266 0.0569279 0.965565
-0.286365 0.158292 1.48921
-0.128043 0.125086 1.37606
-0.308471 0.303379 1.45297
-0.771726 0.0313871 1.57695
0.387037 0.177773 1.77866
-0.296552 0.121803 1.47097
-0.176358 0.216738 1.37049
-0.24252 0.333645 1.51342
-0.0747614 0.208646 1.24408
-0.320413 0.353192 2.03816
0.328013 0.157312 1.06528
0.0211949 0.378618 1.6935
1.18644 -0.0518887 1.4957
-0.162889 0.0436263 0.395224
-0.0486122 0.33835 1.44694
0.5773 -0.0911396 1.20696
0.919181 -0.0982866 1.76702
0.821188 -0.273708 1.69355
0.726126 -0.0535581 1.30957
0.838128 -0.337347 1.5641
1.00566 -0.343692 1.74894
1.42202 -0.662235 1.37246
-0.00377401 -0.0879506 1.16792
1.19498 0.006185 1.23281
1.20639 -0.573772 1.33471
0.608829 -0.387916 1.1987
0.961386 -0.221269 1.71594
0.646349 -0.115195 1.37965
0.821678 -0.316329 1.47592
1.53979 -0.547421 2.60804
0.142461 -0.0681543 0.509045
0.677372 -0.0504253 1.27676
-0.190419 0.226336 1.31217
0.480589 -0.375027 1.08197
0.501556 -0.44832 1.18087
0.878689 -0.328088 1.6243
0.927983 -0.713435 1.94493
0.603404 -0.403054 2.95864
-0.944104 -0.0200091 1.40589
0.716092 0.129527 1.8454
-1.00445 -0.0187874 1.47879
-0.458937 0.0572905 1.05566
-0.065087 0.122127 1.17228
-0.0045918 -0.00881096 0.262786
0.705045 -0.16275 1.71618
-0.27482 0.129555 1.19728
0.509326 0.141363 2.34752
0.585667 0.160619 2.64816
0.932243 -0.104259 1.74616
0.421342 0.0278485 2.48382
0.0230293 0.334631 1.52596
-0.0112985 -0.166138 1.41747
-0.303494 -0.103729 1.25771
0.117908 -0.103081 0.883383
0.273327 0.0649381 0.845816
0.685779 0.0549371 0.994118
0.0189125 -0.0202517 0.295076
-0.375711 0.18828 1.53341
-0.0886176 0.0697238 1.24255
-0.0636407 0.199194 1.34976
-0.0620643 0.163947 1.2247
-0.273822 0.29562 1.39058
0.0400188 0.147729 1.0176
-0.325085 0.154898 1.37419
0.140053 -0.113811 0.667033
-0.0260543 -0.20544 1.03445
0.183101 -0.109514 0.874001
-0.0149532 -0.0170532 0.235529
-0.0248916 -0.00506427 0.226419
-0.028033 -0.0113607 0.235288
0.651092 0.0998503 0.687674
0.104539 -0.0385826 0.251847
0.271708 -0.143425 0.473147
0.11383 -0.0311084 0.32073
0.692904 -0.343806 0.844604
0.323712 -0.00553003 0.520074
0.12263 -0.0142277 0.235383
0.763608 0.0373592 1.16586
0.833759 -0.599313 1.36477
-0.26223 0.168905 1.30957
0.0277328 0.0709139 1.38485
-0.323801 0.359468 1.45624
-0.0590207 0.136282 1.31119
-0.476558 0.0909239 0.758001
-0.534809 -0.175115 1.21804
-0.0454733 -0.000797919 0.255087
-0.863141 -0.219035 1.12065
-0.0199414 -0.000558534 0.252613
0.731572 -0.528864 2.20722
-1.02189 -0.122657 1.28125
-0.0213094 -0.00503272 0.231349
-0.421757 0.29657 1.3337
-0.0284306 -0.00574118 0.233595
-0.441319 0.32267 1.37028
-0.505819 -0.167825 1.16741
-0.979251 0.0594392 1.64495
-0.0275893 -0.0109417 0.232045
-0.775166 0.0478284 1.33628
-0.025001 -0.0084351 0.223387
0.000294859 -0.191198 1.65535
-0.88319 0.0718379 1.50622
-0.0313953 -0.278539 1.29767
-0.0252051 -0.00842498 0.223513
-0.718994 0.0217023 1.47536
-1.2566 0.00957082 1.44682
-0.675875 0.084688 1.20037
-1.2536 0.164376 1.10392
-0.349755 0.172062 0.858855
-0.608229 0.206648 0.900933
-0.570052 -0.0300657 1.61155
-0.738181 0.394444 1.46779
-0.42068 0.273467 1.21915
-0.577147 0.0173194 1.21351
-1.06056 0.120504 1.30126
-0.352872 0.170155 1.41111
-0.40143 0.216574 1.31342
-0.647246 -0.0196212 1.46326
-0.382505 0.306456 1.46042
-1.51703 0.207956 1.38488
-0.340908 0.150307 0.855196
-0.0825644 -0.00542859 0.26696
-0.0260077 -0.0118187 0.230424
-0.0533833 0.0061587 0.268169
-0.338359 0.198464 1.69233
-0.0261425 -0.012846 0.223686
-0.118086 0.0147303 0.276555
-0.118202 0.0146579 0.276768
-0.272644 0.40482 1.84479
-0.606531 -0.0703704 0.846992
-0.00728358 -0.00656526 0.265456
-0.720357 0.362776 1.24098
-0.443232 -0.107484 1.22055
-0.584104 0.383237 1.51933
0.679463 -0.184228 1.70734
-0.861265 -0.207058 1.12093
-0.859608 0.0624586 1.46392
-0.78794 0.30881 1.27948
-0.652673 0.0388987 1.14476
-0.627958 0.100378 1.20916
-0.581896 0.0318598 1.03846
-0.466534 0.137556 0.909763
-0.640265 0.160697 1.06968
-0.0371616 0.000697948 0.230769
-0.237789 0.0788093 0.448914
-0.353079 -0.0900845 0.682607
-0.029943 -0.00588456 0.226292
-0.0282363 -0.005795 0.233414
-0.0284239 -0.00575207 0.233646
-0.0300083 -0.0101806 0.226029
-0.071173 0.004774 0.268295
-0.679913 0.0855683 1.45754
-0.564856 0.172721 0.997504
-0.895673 0.231576 1.24979
-0.549963 0.302064 1.09901
-0.49841 0.293347 1.06038
-0.0251357 -0.00307179 0.229871
-0.0903762 0.0438849 0.334902
-0.211958 0.00432765 0.327831
-0.059906 0.151938 1.18884
-0.295152 0.234368 1.44637
-0.0538717 -0.0431382 1.25289
0.0599915 0.18477 1.22083
0.283399 -0.141054 0.927178
0.0610291 -0.00626246 1.35414
-0.20097 0.166357 1.30068
-0.141161 0.172655 1.18136
-0.346806 0.201776 1.42077
-0.174495 0.179905 1.24965
-0.0665769 0.295269 1.57935
-0.436064 -0.462263 1.73809
0.933811 -0.013576 1.05252
1.83832 -1.08107 1.37853
-0.0794935 0.171233 1.36922
1.55842 -0.100948 1.6585
0.961164 0.0775714 1.41247
0.992573 -0.174454 1.5308
-0.0117294 -0.142546 1.17096
0.0833359 0.023804 2.34236
0.173751 0.0569308 2.3671
-0.286357 0.250186 1.39811
-0.0587371 0.109079 1.44574
0.684234 -0.0201703 0.90609
0.0679131 0.308675 1.42966
-0.306197 0.0959991 1.46485
-0.00486771 -0.0212471 0.302767
0.571478 -0.536323 1.46857
0.228489 -0.102876 1.709
0.546314 0.0320976 0.764083
0.568427 0.0311564 0.768088
-0.298978 0.238451 1.42874
-0.080092 0.172852 1.2022
0.0284077 0.264846 1.22723
-0.0902253 0.17749 1.3356
-0.0314289 0.351575 1.47338
-0.111246 0.272258 1.74203
0.378177 0.152047 2.03712
-0.351101 0.102982 1.46617
-0.194751 0.370248 1.40887
-0.396571 0.300377 1.43807
0.00546471 -0.181252 1.16588
-0.446323 0.245231 1.59107
0.510727 0.0356431 0.77825
-0.0875963 0.179503 1.27794
-0.304971 0.232123 1.50429
0.707017 -0.0411835 1.41294
-0.420983 0.254675 0.929721
-0.0951456 0.153907 1.30182
-0.563029 -0.0501231 0.736662
-1.67921 -0.373513 2.06246
-1.54224 -0.263543 1.82306
-0.537769 0.482509 1.83063
-0.559911 0.38997 1.72181
-0.208618 0.068037 0.420186
-1.25715 0.278541 1.43225
-0.699655 0.246657 0.902573
-0.218131 0.0718629 0.430402
-0.54296 0.336819 1.38974
0.885374 -0.559718 1.63055
1.40455 -0.41116 1.32697
-0.364876 0.111437 0.665762
-0.554533 0.20788 1.05665
-0.492049 0.113548 1.13747
-0.862108 0.18276 1.1175
-0.561975 0.298549 1.29615
-0.644879 0.352785 1.24435
-0.0261185 -0.00282924 0.230125
-0.450736 0.32207 1.63744
-0.597702 0.162594 1.09607
-0.473627 0.313457 1.44138
-0.79659 0.308495 1.29087
0.220621 0.244484 2.21982
1.23539 -0.0414764 1.51061
-0.0821149 0.172219 1.30727
-0.188902 0.324777 1.38558
-0.163922 0.152113 1.42256
0.00466103 -0.0105466 0.266849
1.37254 -0.555548 2.54796
0.0225738 0.0490925 1.25125
-0.157216 0.14408 1.28932
-0.0600997 0.149419 1.26653
-0.0974679 0.164265 1.36701
0.816205 -0.0592433 1.53606
0.186295 0.0638547 2.41024
0.968675 -0.0487444 1.63406
-0.74688 0.357651 1.46135
-0.413373 0.255762 1.25678
-0.542056 0.257226 1.19598
-0.0478839 -0.0406601 1.13489
-0.0134465 -0.164166 1.32098
-0.303769 0.148136 1.48936
-0.625815 -0.020976 1.4263
-0.890974 0.116883 1.55077
-0.289135 0.37662 1.56568
-0.456577 0.317971 1.39969
-0.444587 0.0499266 0.819242
-1.06264 0.00593634 1.25124
-0.680287 0.339673 1.4811
-0.49246 0.126459 0.992402
-0.556943 0.367025 1.45766
-0.654666 0.0935436 1.49943
-0.256429 0.144309 1.35387
-0.153352 0.12061 1.42163
-0.0528963 0.141156 1.30915
-0.969828 0.208539 1.69982
-0.704816 -0.0405687 1.66417
-0.0403338 -0.311005 1.47437
-0.0642549 0.170014 1.39802
-0.189139 0.328952 1.39832
0.0195924 0.0122958 1.25075
1.39032 0.130122 1.95083
-0.318068 0.163524 1.32017
-0.283858 0.160438 1.46261
-0.0314827 -0.00150222 0.246932
-0.0225255 0.00430112 0.346932
-0.211705 -0.194003 0.869481
0.110672 -0.0817978 0.604656
-0.359868 -0.0142316 0.663437
-0.629699 0.223341 1.4145
-0.588724 0.14649 1.33187
-0.688719 0.173735 1.13387
-0.960629 0.312618 1.52091
0.063449 0.0570977 1.4484
0.065068 0.106737 1.45336
0.638088 -0.587592 1.86971
-0.877756 -0.328344 1.16695
-0.0424794 -0.326427 1.32426
-0.706552 -0.267212 0.980724
-0.817952 -0.111025 1.14833
-0.840263 -0.235213 1.07814
-0.0520176 0.150886 1.40943
-0.196732 0.270104 1.44631
-0.322467 0.190038 1.32404
-0.445255 0.340423 1.46065
-0.0414869 -0.00505743 0.235863
-0.477744 0.339395 1.45486
-0.297144 0.191485 1.35481
-0.606007 0.145186 1.35474
-0.733028 -0.0464864 2.12562
-0.251423 -0.0263365 0.481623
-0.422673 0.227182 1.35682
-0.527958 0.201682 0.919557
-0.0246382 -0.011344 0.222974
-0.606693 0.02789 1.27676
-0.532232 0.267436 1.48915
-0.834076 -0.0154719 1.25868
-0.0438754 0.00437568 0.23737
-0.419958 0.160708 1.30146
-0.38928 0.19391 1.56502
-0.538052 0.343359 1.39834
-0.285063 0.155242 1.41626
-0.53279 0.124516 1.20523
-0.741991 0.098099 1.34049
-0.0166164 0.0013798 0.36001
-0.870015 0.495448 1.62351
-0.700906 0.20313 1.26635
-0.590179 0.32034 1.36336
-0.511254 0.113415 1.2048
-0.0252748 -0.00911445 0.223452
-0.181886 0.0583183 0.437083
-0.0300067 -0.0101822 0.226104
-0.0511377 0.0800368 1.31082
-0.584034 0.218184 1.10605
-0.0246249 -0.0113515 0.223041
-0.428021 0.219148 1.32321
-0.32841 0.216166 1.05893
-0.0301751 -0.00458083 0.226553
-0.528911 0.182157 1.22002
-0.0861578 0.307679 1.44517
-0.383286 0.307707 1.4683
-0.0498755 0.00118334 0.237694
-0.484518 0.199873 1.42319
-0.121827 0.198287 1.34013
-0.0596214 0.115889 0.982735
0.248994 -0.076189 0.784953
0.223207 -0.0384754 0.621651
0.0121358 -0.045368 0.300539
0.513618 0.0472603 0.879105
0.0967917 -0.0713703 0.257287
0.826965 -0.0843219 1.6123
0.777425 -0.123159 1.60649
0.635115 0.108604 1.43839
0.524934 0.109462 0.891661
0.317101 -0.0281232 0.387497
0.811926 -0.0820994 1.58689
0.00249899 -0.0189736 0.229616
0.00248384 -0.0189563 0.229601
0.753739 -0.126029 1.68527
0.797907 -0.513653 1.48206
0.0921684 -0.0445192 0.273007
0.20363 -0.0228188 0.449234
0.892026 -0.163797 1.39021
0.570611 -0.477502 1.67483
0.0837215 -0.0486369 0.251976
-0.466127 -0.0370121 1.39935
-0.563872 0.364271 1.45979
-0.172731 0.0405082 0.811781
-0.381538 0.203203 1.25885
0.198897 0.0330198 1.93769
-0.0241777 -0.00809353 0.224406
-0.627335 0.339168 1.26053
0.156985 0.165543 1.63044
-0.47492 0.364632 1.52865
-0.412402 0.161485 1.43928
0.195534 0.184812 1.7308
-0.0524756 0.00676157 0.278153
-0.0253933 -0.0103715 0.223606
-0.903694 -0.107497 1.16561
0.274773 -0.0382784 0.656495
1.05839 -0.431114 2.07027
-0.461886 0.18829 1.36632
-0.417135 0.192021 1.37071
0.243824 0.243638 2.29902
0.192508 0.0452852 1.71632
0.780272 -0.0981651 1.70579
-0.11832 0.228302 1.40165
-0.205355 0.171147 1.32457
-0.412006 0.160074 1.46035
0.274722 0.0106867 1.74562
-0.169029 0.175215 1.39428
-0.505913 0.196082 1.51841
-0.409033 0.181609 1.40958
-0.29448 0.175676 1.44202
-0.3919 0.217823 1.33238
-0.211663 0.0755365 1.14843
-0.804222 -0.124097 1.5104
-0.377836 0.283757 1.25602
-0.479577 -0.0126191 1.17596
-0.625749 -0.0924992 1.19822
-0.0584165 0.00927534 0.243155
-0.66347 0.231737 1.47972
-0.512509 0.287443 1.48826
-0.0708956 0.0699487 0.472162
-0.192585 -0.0199226 0.420129
-0.510588 0.208618 1.50392
-0.570861 -0.0261271 1.60032
-0.195019 0.0138985 0.359888
0.110959 0.0175157 1.15675
-0.0685622 0.268173 1.42274
-0.062844 0.153406 1.31914
-0.089432 0.140682 1.04042
0.0422094 0.0822936 1.44774
-0.0539002 -0.421216 1.30882
-0.302078 0.122173 1.50213
-0.0132144 -0.152377 1.17344
-0.0525745 0.0850483 1.40355
0.883269 0.215453 2.71443
-0.470404 0.179261 1.5352
0.0772371 0.11685 1.50985
-0.186754 0.275809 1.34158
-0.279284 0.333338 1.55142
1.2704 -0.374333 1.25051
0.761517 0.139593 1.89864
0.73873 -0.474333 1.06094
0.0833776 -0.046212 0.287269
0.659662 0.0942993 0.687699
0.160102 -0.0119157 0.346462
0.487846 0.0709956 0.642856
0.636795 0.0993654 0.678851
0.465299 0.0859213 0.599204
0.694706 0.00320193 0.661161
0.294139 -0.15031 0.425898
0.296274 -0.0887492 0.356849
0.109254 -0.0558787 0.258347
0.113173 -0.0323717 0.255891
0.310509 -0.135013 0.42249
-0.00380539 -0.0205973 0.227415
0.611207 0.089341 0.667315
0.700879 0.0651018 0.644183
0.0954969 -0.0305109 0.2196
0.637196 0.0956513 0.68482
0.593286 0.0816435 0.678527
0.592752 -0.27592 0.74848
0.600452 0.029342 0.731816
0.720181 -0.343156 0.858749
0.648595 -0.297686 0.80321
1.27745 -0.556287 1.35589
0.599025 -0.302292 0.780731
0.0509902 -0.0284558 0.234601
0.0673213 -0.0542325 0.209724
0.066953 -0.0549912 0.21712
0.0659925 -0.0435264 0.21967
0.0484292 -0.0212831 0.214262
0.0339178 -0.0205811 0.222795
0.0528414 -0.0301077 0.222224
0.0546733 -0.03151 0.212253
0.720665 -0.07293 0.727917
0.053646 -0.0270995 0.221077
0.0522484 -0.0320831 0.221224
0.0539162 -0.0397367 0.221106
0.0495845 -0.0189171 0.262033
0.695317 0.00584834 0.652368
0.680011 0.0881457 0.687006
-0.818291 0.318915 1.48089
-0.590093 0.319087 1.36002
-0.801945 0.154273 1.4836
-1.23998 0.0082024 1.42877
-0.778969 0.213885 1.14244
-0.356334 0.189581 0.761323
0.253419 0.0945278 3.05099
-0.0323283 -0.012351 0.236321
0.0738734 -0.0240304 0.265733
0.734951 0.105589 1.63813
0.830292 -0.122419 1.62981
0.710595 0.133298 1.81239
0.844304 -0.129182 1.65382
0.671257 0.126081 1.60891
0.192719 -0.0733068 0.317978
0.742165 -0.196078 1.37155
0.788441 -0.127177 1.55796
0.119054 -0.0543245 0.286894
0.0362073 -0.043357 0.242002
0.735523 -0.604507 1.74142
0.54309 0.0044551 0.689764
0.758492 -0.126385 1.69521
0.554502 0.134044 0.914671
0.58729 0.146971 0.953948
-0.0382111 0.0163491 0.305627
-0.32941 0.325571 1.53016
-0.341114 0.337476 1.58042
-0.0328759 -0.00798169 0.220721
-0.429141 0.315144 1.56325
-0.0233743 -0.00528852 0.22664
-0.0380015 -0.00851878 0.232138
-0.596597 -0.0135033 1.3607
-0.442832 -0.384209 1.57232
-0.197415 -0.00703792 0.408688
-0.167229 -0.00556846 0.30878
-0.258137 0.327603 1.40812
0.197847 0.0789417 1.03418
-0.613687 -0.0948727 1.1903
-0.759497 0.0504683 1.31819
-0.0366884 0.00885911 0.277185
-0.395486 0.0487799 0.789174
-0.687597 0.0908978 1.25821
-0.354033 0.17149 1.13425
-0.364777 0.332891 1.29963
-0.626508 0.340895 1.43053
-0.50044 0.277671 1.46902
-0.402669 0.0780348 0.630915
-0.782371 -0.0322115 1.45554
-0.0516298 -0.0310487 1.46034
0.0787641 0.0288509 1.29272
-0.726929 0.225446 1.23739
-0.618078 0.0783187 1.10939
-0.0353101 -6.17727e-05 0.229725
-0.0293378 -0.00661056 0.223696
-0.934097 0.320879 1.27289
-0.359824 0.266408 1.31296
-0.0350366 -0.000187558 0.229554
-0.0566329 0.0101403 0.24688
-0.283333 0.096178 1.44039
-0.138136 0.289472 1.55743
-0.329691 0.200527 0.746013
-0.434042 0.176621 0.849897
-0.133113 0.032422 0.358687
-0.0501932 0.00476085 0.249827
-0.962706 0.277888 1.26701
-0.0177894 -0.0186045 0.242749
-0.31222 -0.215633 1.02749
-0.348363 0.248763 1.31181
-0.377661 0.211703 1.44493
-0.0560731 0.00687095 0.253177
-0.449875 0.309464 1.32667
-0.840457 -0.0176443 1.2655
-0.0583144 0.00927747 0.243021
-0.516732 -0.130514 0.874018
-0.960448 0.214363 1.72412
-0.382348 0.142093 1.35839
0.132224 0.0983633 1.28531
-0.757791 -0.0259967 1.39007
-0.544359 0.0635905 1.26584
-0.747408 0.0955301 1.33768
-0.827847 0.257748 1.4737
-0.661345 0.0747796 1.4356
-0.56868 -0.0115202 1.35166
-0.895005 -0.126335 1.2266
-0.50013 0.244723 1.25862
-0.782212 0.101373 1.39608
-0.702225 0.361391 1.49078
-0.79121 0.341394 1.41374
-0.672852 0.35309 1.50117
-0.263714 0.166249 1.20129
-0.309914 -0.0433756 0.533921
-0.11716 0.22305 1.38446
-0.760799 0.410217 1.50684
-0.695416 0.345248 1.39094
-0.428829 0.3985 1.49929
-0.624542 0.145927 1.39394
-0.869461 0.231274 1.47146
-0.73631 0.0174925 1.51446
-0.0791268 0.274313 1.30683
-0.632266 0.328509 1.41687
0.0574391 -0.247652 1.41826
-0.593447 0.257028 1.19566
-0.0534693 -0.295129 0.96084
-0.566939 -0.187445 1.2895
-0.530705 0.413175 1.72984
-0.58212 -0.195329 1.33667
0.0876083 0.133288 1.89371
0.242643 0.206664 2.86104
-0.00653635 -0.220049 1.37077
-0.299443 0.201536 1.44909
-0.275837 0.133979 1.17877
-0.421253 0.376467 1.70111
-0.678717 -0.551333 2.26023
-0.405839 0.360449 1.65464
-0.575842 0.28666 1.43883
-0.511939 0.273777 1.52789
-0.517246 0.403765 1.69597
-0.546351 0.268664 1.36602
-0.0529324 -0.346829 1.11438
-0.452541 0.2115 1.35892
-0.642404 -0.0454073 1.53166
0.127935 -0.0988955 1.18393
0.197272 0.1341 1.65856
-0.998185 0.00567678 1.17812
0.00912691 0.0477154 0.535768
-0.295392 0.223721 1.44366
-0.668136 -0.018074 1.50841
-0.072056 0.296724 1.5357
-0.267286 0.285231 1.35423
-0.699072 0.166476 1.62716
-0.185309 0.217484 1.41976
-0.488017 0.235044 1.09416
-0.180236 0.24747 1.33346
-0.182265 0.238583 1.31759
-0.319895 0.189873 1.61765
0.157673 -0.151051 1.36855
0.959613 -0.355708 1.91278
0.355833 0.0219364 0.683251
-0.192895 0.191904 1.22143
0.497181 0.0416633 0.819446
-0.0706311 0.211202 1.29217
-0.0359176 0.287373 1.36232
0.386933 -0.000236749 0.730653
0.671171 0.117548 1.46462
-0.0502427 0.142989 1.34042
-0.42171 0.375307 1.69046
0.649349 0.00558422 0.796694
0.564726 0.040704 0.939998
0.540963 -0.252217 0.729888
-0.131599 0.296596 1.41932
0.680077 0.0371401 1.06268
-0.186395 0.288353 1.3826
-0.174284 0.136461 1.10837
-0.167291 0.201811 1.29244
0.815374 -0.378587 0.871438
0.598119 -0.0291601 0.870351
0.594133 -0.0282252 0.865302
1.17927 -0.537103 1.32155
1.13377 -0.531621 1.27327
-0.201083 0.255192 1.39918
0.53026 0.0257964 0.889819
-0.240318 0.0791692 1.25626
-0.265843 0.153314 1.39731
0.0882415 0.153837 1.69153
1.85399 -0.588969 3.38328
0.859938 -0.0558023 1.65118
1.01333 -0.012639 1.30415
0.74718 0.121618 1.85389
0.957337 -0.167342 1.48944
0.628146 0.00616076 1.03176
-0.0845206 0.150012 1.22163
0.918445 -0.426931 1.50686
-0.382508 -0.399984 1.53257
-0.0570367 0.188141 1.17545
0.672549 -0.0042953 0.781999
-0.119413 0.20189 1.36541
0.128136 -0.0259801 0.216762
0.274385 -0.145505 0.409714
0.109289 -0.00296042 0.303618
0.58913 0.0925643 0.728517
0.116807 -0.0537548 0.286183
0.174532 -0.0607157 0.294571
0.106322 -0.0357746 0.254844
0.302519 -0.153816 0.432443
0.653718 -0.314736 0.799409
0.611271 0.0131095 0.670342
0.0320111 -0.0207656 0.257057
0.618776 0.098421 0.681539
0.0360004 -0.0430977 0.241687
0.0560995 -0.0273832 0.223053
0.616869 0.0572244 0.603285
0.0545395 -0.050478 0.283945
0.884369 -0.509704 0.988894
0.0466814 -0.0262734 0.221831
0.00599758 -0.0216727 0.226691
0.0661312 -0.0613643 0.198796
0.0695331 -0.0216238 0.268306
0.689634 -0.0785306 0.743935
0.173321 -0.0124805 0.353247
1.01763 -0.305735 0.977724
0.248569 -0.0885489 0.382583
0.728192 -0.38681 0.819808
0.119091 -0.0546075 0.286018
0.33792 0.13928 1.60747
0.108136 -0.0464165 0.272469
0.0675114 -0.0616894 0.441641
0.53127 0.127156 1.67467
0.48414 0.118161 1.55047
0.728281 0.154093 0.668557
0.728123 0.16011 1.75365
0.707296 0.14866 0.645019
0.126818 -0.00389603 0.280808
0.13377 -0.0830213 0.324477
0.187278 -0.0502356 0.31125
0.268736 -0.0234426 0.402295
0.249473 -0.0770361 0.322534
1.39828 -0.502169 2.51919
2.24287 -0.0612266 2.47621
0.623273 0.0325599 0.793534
0.636006 0.0203639 0.756643
0.488498 0.0342124 0.737642
0.689429 0.0958344 0.750728
1.14673 -0.359397 1.30111
0.575183 0.0958173 0.735969
0.683743 -0.23005 1.21747
0.539647 0.120758 0.911884
-0.000625667 -0.0179493 0.22914
-0.41229 0.17115 1.36317
-0.498138 0.0648389 1.52552
-0.266044 0.346996 1.45495
0.533357 -0.0954408 1.27283
-0.250118 0.276534 1.35558
0.0347864 -0.0224567 0.22272
0.0664835 -0.0443914 0.216838
0.527881 0.101902 0.656601
0.0640722 -0.0537986 0.217472
0.0278247 -0.0226549 0.223916
0.0642374 -0.045998 0.215525
0.0522878 -0.0321103 0.221171
0.343581 -0.177293 0.499923
0.704781 -0.289255 0.908694
0.542154 -0.0377062 0.727363
0.0570624 -0.0361709 0.220573
0.497391 -0.255878 0.685616
0.0600029 -0.0367998 0.220316
0.103922 -0.0518806 0.294402
0.0767887 -0.0604457 0.20886
0.69018 0.0140915 0.734496
0.0559835 -0.0358528 0.22065
0.0708566 -0.0585017 0.294503
0.187983 0.0321241 2.65881
0.492705 -0.152201 0.530335
0.581213 0.120724 0.736304
0.254453 0.232006 2.17235
1.03652 -0.341904 1.31917
0.733745 0.14292 0.678121
0.607311 0.0953203 0.670789
0.211296 -0.00262095 0.278448
0.203309 -0.0260631 0.293725
0.204826 -0.0307311 0.293532
0.499133 0.108959 0.80459
0.67708 -0.214662 0.713129
0.749274 -0.404296 0.837633
0.234599 -0.0852117 0.375298
0.668327 -0.206972 0.708107
0.653387 0.0982454 0.691591
1.28604 -0.412914 2.10693
0.239705 -0.0993969 0.640634
0.759068 -0.247369 0.778254
0.0265609 -0.0215493 0.244695
0.00920207 -0.0165775 0.237389
-0.270047 0.0815311 1.36596
1.53758 -0.1088 1.65269
-0.0039983 -0.0767223 0.893266
0.647233 -0.180611 1.62437
0.629168 0.138392 0.853935
-0.296551 0.100534 1.53115
-0.15057 0.239659 1.31945
-0.155551 0.159512 1.38582
0.487822 -0.289789 1.91284
0.920144 -0.1226 1.95501
0.679805 -0.193278 1.66369
0.59908 0.0347482 0.742348
0.105367 -0.0171792 0.184723
0.0372015 -0.0417237 0.23473
0.0409398 -0.0239091 0.222476
0.0389359 -0.0142491 0.252542
0.0606677 -0.0214452 0.260784
0.0693337 -0.0570258 0.21149
0.0958669 -0.0689852 0.217453
1.7221 -0.567344 3.27442
0.726044 -0.593315 1.71521
0.956772 -0.441545 1.56753
0.22272 0.0540337 2.5835
0.398751 -0.00509454 2.53608
1.44017 -0.470791 2.58849
0.0924375 -0.00986576 0.254027
0.646653 0.0187779 0.728562
-0.193355 0.230579 1.30009
-0.313174 0.16401 1.60463
-0.344207 0.211074 1.67438
-0.0692836 0.196004 1.34316
-0.0468541 0.0739462 1.10564
-0.163752 0.129686 1.06978
-0.168323 0.166623 1.30087
-0.053894 0.105333 1.32047
-0.117403 0.113582 1.06067
-0.0537634 0.133534 1.08817
0.874135 -0.264104 1.04375
1.34352 -0.0449981 1.63749
0.610457 -0.360882 2.40744
0.674821 -0.115426 1.52029
0.712303 -0.223577 0.731413
0.596691 0.121488 0.732544
0.0343722 -0.0405316 0.261503
0.0784967 -0.0219618 0.272359
0.693341 0.00387905 0.655441
0.657694 0.100496 0.692517
0.228981 -0.0414626 0.409277
0.0335933 -0.0200869 0.258825
1.27074 -0.371615 1.20307
0.0651317 -0.0531072 0.241772
0.131896 -0.0212846 0.213355
0.133601 -0.0757473 0.371912
0.608585 -0.194849 0.81263
0.117282 -0.0125494 0.268046
0.133286 -0.0182638 0.181922
0.00234505 -0.0181983 0.234151
0.0176628 -0.0274103 0.235873
