-0.291215 0.0808271 0.900615
0.282142 0.198209 1.17611
0.619247 0.116219 1.27111
-0.105216 -0.0269675 0.832106
0.926387 0.1365 1.92533
0.225989 0.166436 0.480814
0.0100406 -0.00585436 0.048949
-0.0551756 0.034195 0.174536
-0.0607128 0.0339126 0.17698
-0.432092 0.114502 0.91383
-0.058794 0.0290816 0.125544
-0.12706 0.0531006 0.199554
-0.448612 0.0865389 0.903942
-0.173337 0.0676782 0.279742
0.00323115 0.0487585 0.178388
-0.378952 0.0758511 0.91683
-0.183125 0.0687521 0.270862
0.343601 -0.0138777 0.949956
-0.0642118 0.0272992 0.149914
-0.0647505 0.0279643 0.129498
-0.0658909 0.0220908 0.134519
-0.0511188 0.0184362 0.110367
-0.0608481 0.0199512 0.115538
-0.0881096 0.0315301 0.170742
0.304507 0.195489 0.543958
-0.0941251 0.0612564 0.466581
0.117244 -0.00781167 1.62988
0.468105 -0.0989421 1.04027
0.10417 0.0763513 1.53982
-0.297856 0.0742087 0.89002
-0.0913715 0.0449255 0.264249
1.02218 0.6303 1.74808
0.752133 0.436574 1.24676
0.035073 0.0924469 1.46761
0.0108385 0.0424884 0.309544
-0.476851 -0.0611343 1.03331
-0.758038 0.24999 1.95736
-0.0652233 0.0385563 0.119329
0.526651 -0.212618 0.969527
0.074044 0.0573814 0.168916
-0.116672 0.0596733 0.788123
0.383222 -0.158459 1.25708
0.333229 -0.0964259 1.12938
0.861697 -0.075936 1.56149
0.432312 -0.1004 1.00753
0.374365 -0.242572 1.16853
-0.594498 0.0345124 0.997067
0.207917 -0.0891164 1.03309
-0.274229 -0.331102 1.0445
0.627884 0.0901128 1.271
0.553609 -0.0634524 1.10761
-0.100665 0.0252203 0.209331
-0.381387 0.103984 0.856422
0.00271531 0.0941499 1.50577
-0.296048 0.0919439 0.871542
-0.48821 -0.0946304 1.03991
-0.212405 0.0890465 0.861419
-0.182608 0.124128 0.822592
0.0218498 0.0404635 0.244387
0.0269001 0.0456665 0.275909
-0.225883 0.0954883 0.767032
-0.0619002 0.0282595 0.171673
-0.11703 0.0718914 0.154261
-0.4042 0.200892 0.858332
-0.0209159 0.0306602 0.18217
-0.303442 0.128975 0.89198
-0.0617856 0.0300227 0.178524
-0.0403349 0.0352835 0.182438
0.3491 -0.0422408 0.440185
0.401381 -0.25571 0.890976
-0.796702 -0.0754177 0.686217
0.0815693 0.188948 0.620082
1.00633 -0.0853399 1.82687
-0.763996 0.00416791 1.07811
-0.0569105 0.0382757 0.178622
-0.0801525 0.0308182 0.169906
0.0410206 0.0668211 0.178877
0.00212029 0.0404374 0.181482
-0.388451 0.125768 0.989788
-0.223911 0.0933798 0.766102
-0.0988884 0.0788134 0.189066
0.0615236 0.0695082 0.170825
0.0697398 0.0546419 0.160855
-0.000157557 0.0665469 0.174059
-0.0465604 0.00880865 0.104253
0.00466348 -0.00337236 0.0288256
0.0133103 0.0075637 0.0320717
-0.0334044 0.0126503 0.0525284
-0.0601213 -0.0910756 0.269247
-0.0196157 0.01147 0.0875904
-0.0420617 0.019208 0.0654633
0.850679 0.0519193 1.6547
0.377767 -0.197713 1.26084
-0.181281 0.0658313 0.26832
0.370685 -0.010618 1.06341
-0.164309 0.072716 0.288832
0.369164 0.194008 1.11775
0.414008 0.0369502 1.0539
-0.177541 0.0735419 0.268459
-0.596498 0.0407195 0.963749
-0.0964745 0.0510621 0.320005
-0.531887 0.0354071 0.915716
-0.0802593 0.0327869 0.173397
0.0194098 0.169745 0.920094
-0.0919167 0.0252218 0.169828
-0.111602 0.046417 0.711295
-0.00176922 0.000267793 0.00277455
0.150006 0.0996452 1.24287
-0.00460043 0.0643001 0.307679
0.00835993 0.162521 1.45239
-0.124354 0.0565935 0.785872
0.00589709 0.0503191 0.270416
-0.0546621 0.0149477 0.100309
-0.184163 0.0653418 0.313935
-0.250631 0.0674824 0.50636
-0.882099 0.454178 2.25645
-0.457409 0.133605 0.962345
-0.0897819 0.0451432 0.175425
-0.17804 0.0783863 0.866937
-0.156242 0.0710856 0.535021
1.05311 0.721025 2.05409
-0.175899 0.0685764 0.274799
-0.062854 0.0228992 0.123652
0.0843081 0.124059 0.369248
-0.0486975 0.0824694 0.630099
0.197513 0.235753 1.42243
0.00559879 0.0675346 0.279512
-0.433713 0.0996816 0.873926
0.461322 0.0464617 1.17129
-0.587013 -0.257943 1.05288
-0.596883 -0.117949 1.09786
-0.180907 0.082597 0.866518
0.174693 0.227207 1.39513
0.276947 0.141142 0.487139
0.533511 -0.25931 0.847267
-0.578821 0.0851895 0.936737
0.362276 0.191445 0.990703
0.386569 -0.1042 1.29536
-0.666855 -0.0758849 1.03668
-0.106313 -0.0189854 0.811004
0.420318 0.00735679 1.16723
-0.0305841 0.0333043 0.181795
0.199966 0.224726 0.878526
-0.398874 0.0898569 0.854581
-0.132758 0.10724 0.803815
-0.47728 0.19728 0.942963
0.222893 0.256887 1.56981
-0.0615359 0.115313 0.837872
0.0370346 0.0574553 0.191835
0.011573 0.0326998 0.234661
0.00158858 0.0406927 0.181146
-0.0702272 0.0345628 0.17538
-0.0228315 0.0109199 0.0551853
-0.0888871 0.0427613 0.170922
-0.00422211 -0.00242257 0.00902638
0.00653832 -0.00300931 0.0370526
-0.00291534 -0.00181244 0.00652304
-0.02039 0.0545044 0.215353
-0.021935 0.00767155 0.0417834
-0.0394102 0.0351137 0.180775
-0.00548095 0.0360169 0.182925
-0.100262 0.0403585 0.25984
-0.0751613 0.0264198 0.173045
0.00277883 0.0471312 0.184795
-0.0856102 0.0344495 0.171647
-0.0677786 0.0341953 0.175534
-0.0934064 0.0361343 0.170595
-0.00797856 0.00255559 0.0135282
-0.631678 0.262315 1.12669
-0.075719 0.0273933 0.165712
-0.0619649 0.0379747 0.930094
0.0188857 0.132158 0.931121
-0.0949769 0.0329554 0.172145
-0.0763315 0.0275359 0.165428
-0.0209439 0.033792 0.212025
-0.0494649 0.0229773 0.100845
-0.0426282 0.0153613 0.0822627
-0.0879532 0.0457179 0.171432
0.00376497 -0.00200662 0.0250595
-0.0789864 0.0328656 0.17245
-0.167712 0.0793993 0.292487
-0.28638 0.0392563 0.865783
0.16023 0.115009 1.38071
-0.507915 -0.0805564 0.911476
-0.0041539 0.0424446 0.182658
-0.0121769 0.0357758 0.180138
-0.660909 0.037145 1.11043
-0.64757 -0.0725275 1.00455
-0.013477 0.0424896 0.180934
-0.612934 -0.0136873 0.981274
-0.00541973 0.0329529 0.181858
0.397455 0.0541727 0.867732
-0.744613 0.0411129 1.05736
0.404757 -0.136091 1.05993
1.08147 0.0356894 2.38885
-0.174175 0.0765466 0.276364
-0.0826858 0.040823 0.172436
-0.70054 0.0605205 0.983315
0.0025759 0.0404491 0.181524
-0.685702 -0.190398 1.02083
-0.741873 -0.203436 1.10905
-0.38616 0.105572 0.886785
-0.0703966 -0.300589 1.0876
0.38828 -0.200606 1.29685
0.613151 -0.10536 1.02551
-0.0450085 0.0219259 0.0869837
0.0045811 -0.00943915 0.058495
-0.0135918 0.0430967 0.182403
-0.0865501 0.0314025 0.170586
-0.0639935 -0.110869 1.07592
-0.378657 0.0943216 1.0188
-0.329732 -0.220975 0.786042
0.0492142 0.081908 1.49174
-0.604021 -0.0866743 0.956665
0.359996 -0.223309 1.09404
-0.083565 0.0391129 0.171992
-0.0901764 0.0400575 0.171173
0.00227065 0.0518227 0.194973
-0.0686691 -0.225292 1.06485
-0.0899822 -0.0753553 1.26333
-0.1744 0.0764449 0.277279
0.37776 -0.0148681 1.0637
0.544089 -0.132798 0.91828
0.380006 -0.247153 0.851856
-0.451512 0.0668314 0.981616
0.404739 0.0546089 1.02161
-0.523702 -0.0878054 0.912574
-0.123601 0.0787767 0.81372
-0.297254 0.0717731 0.891368
-0.395945 0.0740073 0.92789
0.380504 -0.26428 1.13251
-0.627258 -0.0771692 0.986317
-0.0609471 0.0339865 0.177371
-0.591344 0.0896199 0.95959
0.403859 -0.0413592 1.29234
0.113084 -0.173299 1.64689
0.509529 -0.214396 0.952553
0.0183967 0.0845982 1.43692
0.577728 0.0543473 1.26808
-0.517965 0.135784 0.885965
-0.0130007 0.0372473 0.18306
0.197749 0.221144 0.859293
0.523903 -0.230495 0.968719
0.361562 -0.257974 0.90933
0.659333 -0.10545 1.10857
-0.00342141 0.0384018 0.182466
0.253333 0.115326 0.448656
0.0792 0.059151 0.170748
-0.613404 0.0979096 0.965567
-0.0138356 0.175653 1.1628
-0.291883 0.0534417 0.896836
-0.0157116 0.0454668 0.181757
-0.0805519 0.0400367 0.173364
-0.0304946 0.0404021 0.268788
-0.0143457 0.0305649 0.205157
0.49304 -0.099577 1.02482
0.276384 0.126155 0.50202
-0.285208 0.0364062 0.858632
0.46303 -0.0967688 0.975231
0.721264 -0.0969612 1.39549
-0.178235 0.0788765 0.857494
0.910654 0.0047459 1.79611
0.406932 -0.03696 1.29987
0.485569 0.0462698 1.12851
0.32124 0.0969163 0.562558
-0.558735 -0.105417 1.01734
-0.58585 0.0376603 0.941176
0.19828 -0.0937236 1.14972
0.681729 0.037367 1.13903
0.0283111 0.089293 1.46444
-0.0664748 0.134496 1.30532
-0.683305 0.179867 1.03617
0.395733 -0.278285 0.979048
0.399872 0.232263 1.29713
0.021811 0.0815568 0.460403
-0.428611 0.104664 0.903873
0.438885 0.04469 1.02062
0.502474 -0.210524 0.941452
-0.0216998 0.047498 0.186675
0.796712 0.0436582 1.54931
0.0399716 0.0926418 1.24803
0.367979 0.223266 0.800509
-0.0292436 0.0386094 0.18211
0.449872 -0.0888661 1.43588
-0.176856 0.0831745 0.838738
0.41148 -0.0335316 1.31143
0.390894 0.00754467 1.07984
-0.0691857 0.0545164 1.39342
0.524926 -0.230186 0.968461
0.0427369 0.0765762 1.40088
-0.540979 -0.0180119 0.926572
-0.544181 -0.0207022 0.862597
-0.518034 -0.0884457 0.90138
0.504845 0.0761502 1.10805
-0.0249704 0.0348112 0.182239
-0.281269 0.040086 0.878696
-0.456236 0.0733773 0.985079
-0.517679 0.132085 1.10898
0.384982 0.222781 1.27187
0.151447 -0.0439204 1.95972
0.228888 -0.121785 1.52615
0.380502 0.209163 1.11979
-0.458026 -0.0807151 0.977446
0.240783 -0.0499107 0.533083
0.416 -0.171903 1.35177
-0.590071 0.0308208 0.984828
-0.393844 0.073935 0.913121
0.112471 -0.0989887 1.46926
0.357441 -0.254926 0.888498
0.738186 -0.0436202 1.4292
0.504518 0.099031 1.10656
-0.55471 -0.0105395 0.95139
0.453614 -0.10908 1.05514
-0.445856 0.103157 0.905293
0.487976 -0.0902897 0.955923
-0.0583106 -0.289235 0.844163
0.36768 0.205567 1.09064
-0.378521 0.063459 0.945214
-0.555804 0.0375113 0.9512
-0.546421 0.0962747 0.922946
0.405479 0.218542 1.06481
-0.707678 -0.20281 1.06588
-0.124562 0.0789329 0.836646
0.409214 0.0361929 1.04533
-0.277526 0.0806429 0.86778
-0.595252 0.0374826 0.959723
0.145459 0.210444 1.26972
0.414379 -0.136777 1.07959
0.0593303 0.200369 0.573888
-0.694268 -0.125921 1.00817
-0.0791725 0.0449341 0.174466
-0.0284879 0.0376762 0.181802
-0.188917 0.074892 0.267457
0.0357102 0.0569038 0.182596
-0.287784 0.0839648 0.887838
-0.51248 0.0764888 1.08852
0.00351887 0.0442631 0.182596
-0.279805 -0.292317 0.960591
-0.00599384 0.026391 0.181229
-0.739938 -0.129703 1.06631
0.100725 -0.164915 1.51399
-0.583088 0.0916219 0.932463
0.37562 0.00491112 1.04822
0.403367 0.0287496 0.928696
-0.54176 0.0819653 0.915782
-0.192505 0.0612307 0.291657
-0.191309 0.0778771 0.268184
-0.020156 0.0438179 0.181151
-0.00322497 0.0379707 0.181344
-0.526827 0.0846699 0.898213
-0.0291592 0.0467149 0.178594
-0.0514201 -0.173967 1.04737
-0.0291788 0.0450002 0.180416
0.0770199 0.181368 0.5967
-0.584102 -0.193257 1.22591
0.291058 0.146509 0.51224
0.50981 0.14319 0.849977
0.00510855 0.0272603 0.1822
-0.0182413 0.0324806 0.182783
-0.61331 0.135773 0.963544
0.56886 0.0332016 0.946242
0.375497 -0.251434 0.890765
-0.460884 0.0286529 0.989199
-0.556801 0.0776543 0.937867
-0.12008 -0.520425 2.13509
-0.741042 -0.0726965 1.17082
-0.490382 -0.0772445 0.843059
-0.112458 -0.0215564 0.81939
-0.240373 -0.35461 1.09306
-0.0355221 0.042929 0.182267
-0.61773 0.103904 0.970059
-0.0248767 0.0345998 0.182087
0.621944 0.0782388 1.34392
-0.056931 0.0376439 0.178698
0.00413513 0.0586963 0.196991
0.442922 0.0419714 1.07429
-0.0201865 0.0445642 0.181935
-0.289558 0.0327455 0.7477
-0.00179249 0.04138 0.165717
-0.0230958 0.0478832 0.18173
0.00256807 0.0543853 0.183852
-0.167465 0.0790695 0.290339
-0.0537853 0.026607 0.176215
0.441494 0.12292 0.740565
-0.00847946 0.047949 0.192051
-0.201072 0.0904475 0.821766
-0.41543 0.116595 0.859071
-0.450797 0.114748 0.666875
-0.43216 0.108082 0.890039
-0.028079 0.0449761 0.182268
0.146574 0.151764 1.43364
0.435224 0.0390083 1.06244
0.525288 -0.0953612 1.02801
-0.512492 -0.00693431 1.12028
-0.0287586 0.0302652 0.180667
0.501208 0.11746 1.13091
-0.217686 0.107362 0.789112
-0.0217531 0.0523812 0.195592
1.19709 -0.111923 2.57911
-0.0895045 -0.313986 0.866457
-0.480054 0.120013 0.895817
-0.539526 0.132108 1.03919
-0.149397 0.120744 0.816767
-0.772198 0.0317382 1.02707
-0.0868225 -0.291379 0.814339
-0.734598 0.0368962 1.05484
-0.0613498 0.0292786 0.177463
-0.0580662 -0.186512 1.12866
-0.0397097 0.0352454 0.181637
-0.679329 0.179368 1.03196
-0.0148314 0.0247558 0.183795
-0.215476 0.0722228 0.287788
-0.303757 0.123319 0.868119
0.370479 0.103655 0.616718
-0.381412 0.111663 0.826753
-0.167776 0.0697435 0.301316
-0.0705072 0.191927 0.826828
0.365073 0.190236 1.09811
-0.794914 -0.12748 0.721136
-0.788113 -0.194268 0.695727
-0.891604 -0.0462409 0.580961
-0.272606 0.0847175 0.223174
-0.609531 -0.203602 0.61659
-0.483236 -0.0789145 1.02495
-0.0496418 0.0217225 0.164085
-0.401761 0.125176 1.04575
-0.382177 0.113543 0.931857
-0.591357 -0.0275084 0.946173
-0.571907 0.124308 0.894827
-0.24203 0.0706735 0.372609
-0.579668 -0.106102 1.05524
-0.953383 -0.0784273 1.25061
-0.56665 -0.128527 0.835886
0.187791 -0.151436 1.32296
-0.0287438 0.0305058 0.180767
-0.0553346 0.0295912 0.177444
-0.270792 0.0966935 0.515515
0.508137 0.097967 1.10293
-0.33504 0.0818027 0.885956
0.350613 -0.127388 1.65052
0.306566 0.153432 0.471459
-0.818783 0.032927 1.09738
-0.0180539 0.0321643 0.182077
-0.806577 0.00767089 1.1388
-0.362313 0.0963458 0.8157
-0.649423 -0.11625 0.927086
-0.203007 0.102515 0.821348
-0.0245271 0.0414479 0.182367
-0.0495059 0.0353791 0.180391
-0.0188746 0.0356205 0.182391
-0.742036 0.0366287 1.07487
-0.156509 0.0514006 0.800811
-0.119434 0.0611517 0.844462
-0.298886 0.0853868 0.458495
-0.449354 0.0832063 0.929302
-0.546877 0.0793509 0.856767
0.462259 0.0715559 1.01979
-0.590187 0.130988 0.924712
0.274999 0.154885 0.447028
0.309816 0.165172 0.511033
-0.0288751 0.0459203 0.183275
0.145764 -0.236114 1.41612
-0.224609 0.059439 0.319422
-0.0918048 0.0475845 0.17504
-0.0874808 0.025152 0.175303
-0.085205 0.049605 0.172974
-0.370185 0.0416808 0.396014
-0.0699213 0.0401661 0.179864
0.00389185 0.0590509 0.197414
0.00202911 0.033882 0.181696
0.480493 -0.26238 1.03755
0.148237 0.207448 1.20274
-0.183718 0.0701339 0.28616
-0.200124 -0.257833 0.779354
-0.0166231 0.0835195 1.32579
0.0946876 -0.323039 2.11821
-0.138119 0.189728 0.796106
-0.0678738 -0.223206 1.00961
-0.403442 0.118339 0.938018
-0.0190696 0.043953 0.182324
0.375552 0.0570584 1.25009
0.333136 -0.246257 0.848553
-0.255754 -0.298849 0.919132
-0.399156 0.0735197 0.940313
-0.0877956 0.0305767 0.169612
-0.432917 0.118794 0.88693
-0.0132008 0.0424901 0.180788
-0.613314 0.0432833 1.04805
-0.0717265 0.0398854 0.174745
-0.0132968 0.0371584 0.182189
0.0455782 -0.243809 1.55708
0.466668 -0.0991966 1.03646
-0.705452 -0.151663 1.05243
-0.00690962 0.0363693 0.181675
0.275461 0.0947335 0.478801
-0.0515291 0.0351623 0.179833
-0.47945 0.0227328 1.03596
-0.00628192 0.0262922 0.178823
0.434126 -0.259709 1.05413
-0.453422 0.227369 1.11824
-0.102793 0.0355255 0.198412
0.197624 0.181158 0.654529
-0.029702 0.0266838 0.182505
0.655104 -0.0695476 1.47944
-0.136996 0.0597175 0.899372
-0.0805238 0.0398737 0.172193
0.00450279 0.0543601 0.182795
-0.0929099 0.0291267 0.189565
-0.092089 0.0256018 0.17329
0.267932 0.0934554 0.459029
0.0767304 0.0573228 0.166805
-0.216389 0.102108 0.782467
-0.0212958 0.0521709 0.191043
-0.0720404 0.0395954 0.174392
-0.294041 0.0411781 0.879883
0.00306987 0.0338182 0.181966
-0.0998652 -0.0166916 0.795007
-0.0150957 0.0249524 0.183124
0.000886125 0.0407023 0.178982
0.529343 0.0774977 1.10392
-0.088516 0.0428566 0.171609
-0.220111 0.104148 0.915711
-0.0838712 -0.299958 0.822768
-0.024156 0.0438946 0.182332
0.362261 -0.0152207 1.00326
0.692489 0.133582 1.34482
0.476963 -0.257183 1.00752
-0.00190778 0.0440036 0.182661
0.388897 -0.2019 1.39906
0.447805 -0.265665 1.07315
-0.0129202 0.0366889 0.181154
0.421133 0.172486 0.773994
-0.59702 0.229692 1.05161
0.00180391 0.0407499 0.180671
-0.0332357 0.03099 0.179936
0.1283 0.0983351 1.6305
-0.00722588 0.0321282 0.181983
-0.085323 0.0367972 0.170771
-0.180492 0.131193 0.821604
-0.458308 0.138205 0.88782
-0.129533 0.0945542 0.810958
-0.471362 0.190359 0.93356
-0.319888 -0.29953 0.957669
-0.264857 -0.294647 0.915538
-0.299623 -0.10812 0.882963
-0.0909963 0.0470533 0.173205
0.293352 0.167216 0.478218
-0.0648241 0.0270383 0.171061
0.125615 0.0959464 1.0536
-0.0611822 0.0349383 0.120982
-0.0293449 0.027094 0.18338
-0.0325316 0.0269588 0.181695
-0.0227714 0.0271087 0.185428
-0.227232 0.0978307 0.777176
-0.201123 0.0736855 1.0187
-0.0677309 0.0341995 0.176289
0.491765 0.115785 1.11401
-0.0224506 0.0303648 0.181286
0.0034121 0.0335592 0.180353
-0.113521 -0.0261295 0.829146
-0.11915 -0.0160881 0.837596
0.632416 -0.0858245 1.29169
-0.00381385 0.0467762 0.183605
-0.0604848 0.0263301 0.175838
0.555728 -0.135685 0.936767
-0.0533006 0.151773 1.25756
-0.0604023 0.0262891 0.176026
0.545753 -0.133259 0.918126
0.116548 0.183913 0.655754
0.389268 -0.123534 1.49937
0.192544 0.0766328 0.26002
0.00408594 0.0298996 0.181378
0.112276 0.092368 1.33492
-0.068157 0.037908 0.177195
0.17694 0.20252 0.781528
-0.60606 0.176586 0.942223
-0.402167 -0.087193 0.600382
0.00332259 0.0467145 0.182148
-0.134867 -0.140798 2.47162
-0.367136 0.0621698 0.915964
-0.350306 -0.293249 0.969263
-0.061647 0.0292076 0.177947
-0.486793 0.215864 1.00748
-0.547284 0.151967 1.11683
0.469921 -0.250303 0.956502
0.36501 0.115346 0.642458
0.51231 0.232853 1.06179
0.128811 0.188995 1.35948
0.205231 0.239566 1.45574
-0.289076 0.051454 0.29803
0.115733 0.177211 0.63642
0.124847 0.198277 0.726756
-0.218848 0.141199 0.769761
-0.13587 0.136985 0.765929
-0.302343 0.106541 0.867172
-0.0223866 0.0262672 0.181134
0.29413 0.154429 0.48155
0.169869 0.180508 0.717397
0.898304 -0.121183 1.7483
-0.674991 -0.0964471 1.07102
0.913982 -0.0777565 1.79349
-0.252832 0.0689981 0.305334
-0.384928 0.122011 0.983703
0.365736 -0.272448 0.951116
0.731969 -0.0316961 1.37705
-0.0564107 0.0349997 0.177664
0.746894 -0.0969408 1.39775
0.258941 0.193786 1.1545
-0.424734 0.101972 0.902592
-0.339518 -0.332256 1.05757
-0.163492 0.0699283 0.293503
-0.0114441 0.0408219 0.181881
0.515131 0.0973618 0.996786
-0.197393 0.0818246 0.874272
-0.534936 -0.183324 1.12289
0.424617 0.226391 1.14009
0.695224 -0.112443 1.41555
-0.0638262 0.0291436 0.177206
0.299774 0.143637 0.474793
0.112861 0.17987 0.660732
-0.0149655 0.0250198 0.183767
-0.478481 0.189803 0.908688
0.488171 0.0945671 1.06456
0.53888 0.098957 1.08153
0.501938 -0.335634 1.21793
-0.206339 0.188882 1.17692
0.0374976 0.0902681 1.19888
0.477586 -0.205177 0.892197
-0.117851 0.0588462 0.247932
0.499165 -0.262714 1.02241
-0.374299 0.0976731 0.9729
-0.125997 0.0914732 0.668049
-0.151534 0.11707 0.840028
-0.299349 0.0990715 0.809546
0.660597 -0.0695199 1.50132
0.321065 -0.164636 1.26984
0.00407768 0.0263613 0.185583
-0.285636 0.0674336 0.324963
-0.303004 0.0562977 0.35127
-0.0599826 0.127995 0.898103
-0.218511 0.140314 0.768851
-0.00334127 0.0390523 0.183831
-0.081352 0.0720689 0.407415
0.493504 0.103444 1.09561
-0.378273 0.102024 0.852602
-0.0532996 -0.144862 1.44192
-0.459497 0.204497 0.946449
0.172213 0.188203 0.601147
0.335175 0.262145 1.00453
0.499248 -0.244674 0.789654
-0.594236 0.167695 0.915447
-0.0177312 0.0244996 0.170134
-0.297592 0.078482 0.801773
-0.271778 0.0740582 0.339867
0.24784 -0.108688 1.42682
0.375739 0.110246 0.479588
-0.3849 0.103364 0.823013
0.335989 0.167659 0.473228
0.384899 0.0828945 0.457718
-0.307353 0.179574 0.875236
0.609974 -0.104704 1.03393
-0.0150374 0.0414218 0.175537
-0.00490376 0.0444904 0.177579
-0.00426412 0.028281 0.188393
0.00393481 0.0284354 0.180746
0.400543 -0.167712 1.29288
0.398228 -0.164968 1.26678
0.189314 0.193865 0.743071
0.271261 0.138865 0.476045
-0.472684 0.105577 0.941963
-0.0777116 0.0310907 0.173829
0.00357175 0.0262621 0.170222
-0.00728543 0.0318972 0.180923
0.12294 0.133527 1.33727
-0.230261 0.101949 0.800969
-0.44805 0.166281 0.883019
-0.384089 0.108155 1.00981
0.316981 0.0511166 0.526922
-0.0747151 -0.123688 1.20142
0.0162881 0.0779433 0.865307
0.187326 -0.108367 1.4073
-0.133886 0.127835 0.775412
0.415182 0.254421 1.2448
-0.29788 0.126132 0.871241
0.291524 0.149411 0.505202
0.0847326 -0.131337 1.24254
-0.509994 0.203637 0.972884
0.405366 0.205445 1.27769
-0.0628669 0.0265967 0.1775
-0.0669671 0.0274324 0.179881
-0.673066 -0.0907899 1.0605
-0.0676092 0.0260975 0.175379
-0.369686 0.0948231 0.959641
-0.237287 0.165125 0.786906
-0.308865 0.146329 0.870962
0.50332 -0.265796 1.03276
0.375466 -0.0434535 0.473308
-0.284694 0.0789993 0.838089
0.325311 0.104071 0.567553
-0.152725 0.178174 0.791519
0.121458 -0.102193 1.55718
-0.18643 0.138994 0.741219
-0.365919 0.183088 0.901939
0.198524 0.219731 0.854509
-0.347047 0.191458 0.942649
-0.223844 0.1664 0.776979
-0.29955 0.110429 0.796369
-0.392055 0.177619 0.919123
0.209819 0.24558 0.926234
-0.666105 0.0255802 1.10297
0.109575 0.0932727 1.30918
-0.254986 0.137715 1.01689
0.371743 0.0615301 0.465358
0.35532 0.10244 0.437584
0.385709 0.0909088 0.454433
0.403017 0.0865216 0.469662
0.316828 0.0901139 0.432367
1.08887 -0.00464023 2.19176
0.423828 -0.25337 1.03183
-0.411927 0.166431 0.949623
-0.221233 0.144701 0.781106
0.358604 0.0765149 0.448694
-0.0666827 0.141017 1.32956
-0.382507 0.197126 0.815597
-0.389763 0.125811 0.994867
0.660703 0.137667 0.892008
0.350341 -0.0424436 0.441009
-0.217598 0.127385 0.745413
-0.285402 0.0896425 0.872581
-0.3677 0.0807949 0.835778
-0.419749 0.100565 0.892062
0.660631 0.137895 0.888482
0.654806 0.136209 0.88182
-0.291011 0.107498 0.842342
-0.105259 0.103185 1.46255
0.766732 -0.0437717 1.2877
-0.217903 0.111823 0.873771
-0.279129 0.149856 0.937677
-0.433967 0.1894 0.890752
-0.193109 0.164165 0.829731
-0.295893 0.183255 0.879657
-0.294343 0.182562 0.875717
0.413975 0.221162 1.0804
0.576807 0.159512 0.960416
-0.147247 0.162832 0.718121
-0.309496 0.184295 0.783671
-0.41413 0.178273 0.934749
0.353175 0.137765 0.4293
-0.200097 0.0903601 0.852601
0.610704 -0.0520251 1.36598
0.27087 0.073528 0.899955
-0.115659 0.0599132 0.790678
0.374783 0.0794345 0.470263
0.392551 -0.0444108 0.494684
0.284876 0.144366 0.485336
-0.211408 0.150826 0.733231
0.0818291 0.304279 2.63204
-0.232116 0.142997 0.876019
-0.385597 0.196198 0.962295
-0.285905 0.0836167 0.764407
-0.316968 0.1525 0.891803
-0.181627 -0.256666 0.764554
0.623229 0.104291 0.816957
0.134091 0.202762 0.726416
0.345579 -0.234705 0.777773
-0.0449713 -0.0157543 0.597407
0.530776 -0.255976 0.836695
-0.468511 0.0806502 1.00877
0.438261 0.0592348 1.11523
-0.0593852 -0.146813 0.826458
-0.11954 0.099027 0.672021
-0.00603673 0.0325487 0.18213
-0.0476229 0.0665385 0.39387
0.0298474 -0.0222292 0.0166125
0.495572 0.0916091 0.965131
-0.219645 0.145553 0.780274
-0.18351 0.0701376 0.259806
0.471402 0.0937437 1.03827
0.43938 -0.166515 0.464241
-0.147405 0.123737 0.790888
0.587791 0.0280902 0.98462
-0.138857 0.0956863 0.731073
0.489333 0.0639081 1.0701
-0.146683 0.190302 0.813372
-0.384831 0.133653 0.837173
0.476401 0.0923801 1.03909
0.725048 0.0385566 1.60999
1.05139 0.362349 1.8048
0.440724 -0.10866 1.02562
0.572437 0.027999 0.958072
0.685458 0.134327 0.947571
-0.127849 0.185847 0.785361
-0.352662 0.0436084 0.938021
-0.212954 0.159597 0.834659
-0.283913 -0.252516 0.808361
-0.212563 0.0758913 0.281046
-0.59523 0.169991 0.806969
0.169602 0.23376 1.35842
-0.182962 0.172675 0.773622
-0.30026 0.0604902 0.311986
-0.461121 -0.190195 0.480102
-0.0603764 -0.124653 0.832849
0.305839 0.151382 0.53742
0.401399 0.161571 0.727619
0.288019 0.149706 0.494615
0.016944 0.107353 0.767014
-0.119853 0.0959542 0.789844
0.0846358 0.163379 0.667003
0.179376 0.209279 0.967235
0.373794 0.0720882 0.464995
0.377346 -0.26645 0.959007
0.539871 -0.131662 0.908409
-0.0596631 -0.0998188 0.899337
0.354696 0.141219 0.444013
0.146849 0.146234 1.23913
-0.151745 -0.35565 1.02886
0.39294 -0.262202 0.874673
0.15737 0.162399 1.27259
-0.316322 0.0813399 0.909952
0.412677 -0.133095 1.374
0.388224 0.0902646 0.457789
0.755494 -0.0884504 1.46593
0.102505 0.0751899 1.67462
0.790574 -0.0504374 1.53272
0.0898686 0.206339 0.682094
0.0966243 -0.112498 1.47616
-0.0579388 -0.223592 1.49765
-0.0801216 -0.161593 1.07536
-0.141331 -0.154194 0.43907
0.0804347 -0.00207214 0.136018
-0.0117739 0.108774 1.04094
-0.0626443 0.217845 1.44646
-0.176188 -0.297524 0.873846
-0.0154145 -0.203526 1.26158
-0.0296178 0.0391158 0.252138
-0.134543 0.0615645 0.163836
-0.320422 0.0606057 0.950213
-0.090484 0.18995 0.765653
-0.195677 0.115362 0.751801
-0.0221177 0.0416349 0.847973
0.218461 0.232154 0.739698
0.171009 -0.113326 0.37845
0.372827 -0.248839 0.909042
0.156741 0.176457 0.700369
0.381779 -0.0157041 1.06403
0.51259 -0.213289 0.955783
0.142554 0.143563 1.21571
0.256694 -0.125731 1.5623
0.363226 -0.121762 1.6978
-0.390258 0.0531559 0.428057
-0.686627 -0.122757 0.993339
0.377278 -0.0365819 1.08186
0.218517 0.232182 0.743357
0.872402 -0.101367 1.4791
0.305348 0.138029 0.451068
0.649043 0.0864586 1.654
-0.603192 0.040807 0.974445
-0.190437 0.0603392 0.304749
0.141188 -0.0404817 0.245395
0.0199684 0.137102 1.2699
0.445194 0.234516 0.935335
-0.619521 -0.271885 1.12418
-0.464596 0.108389 0.878925
-0.334131 0.0661997 0.623541
-0.0857191 -0.193172 1.91903
-0.188673 0.0823232 0.844605
0.0120959 -0.0531588 0.0788801
0.386273 -0.12049 0.413522
0.392145 0.00874995 1.11917
0.0570064 -0.0523918 0.243699
0.403898 -0.204672 1.3229
0.454155 0.00908042 1.25741
0.0303546 -0.0500724 0.146237
-0.29522 -0.30418 0.969416
-0.064847 -0.00893364 0.866128
0.433425 0.0354203 1.00914
0.337563 0.193186 0.614072
-0.00118296 0.154371 1.03678
0.785911 0.215149 0.780485
0.0223648 0.11266 1.11738
-0.0537789 0.172215 1.18913
0.27539 0.155524 0.448439
0.201047 0.170813 0.484443
-0.271472 0.0628452 0.306665
-0.0134081 0.036889 0.181365
-0.0776176 0.0426408 0.17348
0.0075735 0.00645881 0.223477
0.33105 0.164791 0.466738
-0.0497402 0.0351406 0.180034
-0.612311 0.0485805 0.994262
0.231767 -0.118936 1.60434
-0.0572026 0.0376287 0.178461
-0.269176 0.0548401 0.390644
-0.185565 0.125896 0.661283
-0.183863 0.0545439 0.284846
-0.318215 0.054097 0.364982
-0.297428 0.0646351 0.376009
-0.191948 0.0589088 0.301849
-0.0380847 0.0181178 0.158332
-0.758589 0.0185004 1.10153
-0.705273 0.0613761 0.992685
-0.265032 0.101572 0.274258
-0.250139 0.0931688 0.198714
-0.869616 -0.0817246 0.753252
0.557504 -0.157987 0.603977
0.0091571 -0.134635 0.740328
0.026597 0.132112 1.02402
-0.0396247 0.0680593 1.47575
-0.262121 0.0810883 0.276548
-0.17263 0.0722406 0.309137
-0.10723 0.0934233 0.619818
-0.286917 0.0550113 0.139863
-0.260472 0.0550617 0.124071
-0.267588 0.0883865 0.205934
-0.264949 0.0503801 0.096374
-0.130013 0.081768 0.175374
-0.0105067 0.0641893 0.17993
-0.0370645 0.02149 0.174591
-0.0108835 0.050822 0.181824
-0.177531 0.0859279 0.313214
-0.0600271 0.0875881 0.261514
-0.0107188 0.0443118 0.157248
-0.119427 0.06919 0.151832
-0.0367583 0.0667884 0.182863
-0.126594 0.0764114 0.166486
-0.030255 0.066198 0.177806
-0.109701 0.0913324 0.173129
-0.104355 0.08201 0.201268
-0.13953 0.0988814 0.163557
-0.0362084 0.0669174 0.182305
-0.12193 0.0739271 0.156277
-0.0407152 0.0884548 0.191441
-0.0988453 0.0976061 0.197666
-0.107601 0.0913937 0.178157
-0.0898637 0.077705 0.171122
-0.0229526 0.0525887 0.180915
-0.0898455 0.0784381 0.172812
-0.278437 0.0977234 0.197738
-0.368319 0.0533081 0.229312
-0.551355 0.0310865 0.654773
-0.246824 0.0679726 0.243679
0.123481 -0.0403332 1.65872
0.0463834 0.0626651 0.256836
0.416462 0.0337174 1.04479
-0.614013 0.18921 1.19806
-0.406815 0.126889 0.852294
-0.0252083 0.0397799 0.230881
-0.517375 0.194682 0.898729
-0.162979 0.0564908 0.775143
0.540934 0.076767 1.10409
0.44705 0.129439 0.555737
-0.263764 0.0808832 0.303273
-0.313238 0.0459359 0.254333
-0.256969 0.0758058 0.305404
-0.285652 0.0497683 0.291573
-0.366112 0.187973 0.778024
-0.347265 0.199947 0.979837
0.391571 0.22399 1.25287
0.191261 -0.0827807 0.827407
-0.303642 0.191178 0.934038
-0.0884992 0.0316335 0.172263
-0.235788 0.0734886 0.294135
0.313537 0.208889 1.2408
0.472941 0.204302 1.57926
0.584009 -0.100377 0.975884
0.323198 0.139254 0.442389
0.258824 0.175727 0.432328
0.340857 0.234825 0.557219
0.114004 -0.101629 1.50826
0.0050724 0.115809 1.10403
0.324067 0.156045 0.561965
0.0067436 0.204923 1.34658
0.380511 0.180038 0.48396
0.38297 -0.249672 0.837741
-0.273377 0.0675434 0.31321
-0.281866 0.0812874 0.311455
0.0533866 0.177617 0.515951
-0.744417 0.19489 1.03694
-0.302833 0.0570835 0.351028
-0.214148 0.0726525 0.2847
-0.0588524 -0.27242 0.900081
-0.0834969 0.033038 0.171841
-0.192995 0.0789309 0.271671
-0.173195 0.0749252 0.276486
-0.278781 0.0734441 0.316595
-0.768404 -0.133106 0.896733
-0.378476 0.0411735 0.237713
-0.376072 0.0189375 0.269821
-0.417498 0.167702 0.955398
-0.2938 0.0632752 0.524494
-0.0902573 0.0461003 0.171332
-0.106085 0.0601715 0.761922
-0.043289 0.036127 0.183983
-0.0202792 0.0349765 0.179583
0.00110414 0.0987752 1.57867
-0.785425 -0.0444742 0.794369
-0.335558 0.142647 0.958086
-0.529328 -0.0717613 0.532049
-0.267103 0.0837331 0.217665
-0.170817 -0.0294724 0.112992
-0.279787 0.0552497 0.132316
-0.249396 0.0687978 0.147248
-0.0256465 0.0225015 0.166523
-0.258209 0.0951502 0.277157
-0.0266327 0.0240672 0.178916
-0.26573 0.0816525 0.215009
-0.342747 0.0583035 0.215738
-0.347444 0.0243476 0.272315
-0.340678 0.0555078 0.236028
-0.268445 0.0834655 0.256445
-0.343966 0.0565581 0.238546
-0.320518 0.0445223 0.236071
-0.292857 0.0453455 0.258521
-0.335206 0.061191 0.230672
-0.314567 0.0127214 0.269964
-0.361641 0.03295 0.278679
-0.214888 0.0804394 0.266232
-1.35671 0.608147 2.81627
-0.17268 0.0740132 0.274376
-0.315543 0.046869 0.255881
-0.181287 0.0820139 0.264253
-0.339435 0.0163928 0.273619
-0.239107 0.0899345 0.237631
-0.601627 -0.202933 0.604736
-0.632922 -0.178496 0.635345
-0.269179 0.0547954 0.159947
-0.81519 -0.12909 0.742995
-0.813113 -0.127578 0.741194
-0.515322 -0.148213 0.505652
-0.551731 -0.187254 0.551303
-0.255286 0.0757434 0.242565
-0.280807 0.0594706 0.26301
-0.0666307 0.0278702 0.176196
-0.55474 -0.0877511 0.957043
0.370709 -0.240204 0.825935
0.628318 -0.172961 0.684754
-0.0556046 0.104507 1.02944
0.281096 0.141516 0.476939
-0.0679817 0.0374808 0.175301
0.0537632 0.178758 0.471477
-0.587673 0.142039 0.921176
0.0857925 0.20517 0.666445
-0.0599188 -0.183073 0.85167
-0.22303 0.0848408 0.289711
-0.088974 0.0427253 0.170697
-0.0854942 0.0342293 0.171797
-0.502709 0.184594 0.868891
-0.383117 0.0562695 0.199073
-0.265551 0.0764364 0.155615
-0.217792 0.0895062 0.240112
-0.247278 0.0552492 0.135201
-0.438877 0.0559126 0.418777
-0.251611 0.0973684 0.172577
-0.238269 0.0740012 0.234824
-0.519975 0.181317 0.885701
0.364453 -0.259382 0.913776
-0.565147 -0.0108846 0.923955
-0.279986 0.0573817 0.727299
-0.0525595 -0.160043 0.793714
0.0248691 0.214213 1.3484
-0.0564721 -0.282463 0.816908
-0.618832 0.169937 0.914304
-0.523299 0.204852 0.993859
-0.706265 0.157433 0.988861
-0.58756 0.181611 0.922495
-0.273684 0.0812873 0.237011
-0.270966 0.0839857 0.216048
-0.11541 0.057304 0.151675
-0.0507809 0.0519915 0.141917
-0.115599 0.0572032 0.15158
-0.259479 0.0886853 0.237258
-0.360109 0.0286122 0.252384
-0.0580736 0.0621241 0.176767
-0.301773 0.0482485 0.112132
-0.342579 0.0222276 0.267814
-0.216194 0.0865943 0.23908
-0.246925 0.0796279 0.21488
-0.212395 0.0939148 0.230297
-0.0352896 0.0558303 0.185025
-0.311725 0.0962548 0.229562
-0.114957 0.0571596 0.151019
-0.276696 0.0511267 0.131568
-0.935307 -0.159832 0.513013
-0.687681 -0.188902 0.697003
-0.835022 0.0372005 0.555497
-0.813652 -0.0420873 0.432404
-0.960207 -0.0531135 0.534694
-0.725864 -0.0276152 0.88024
-0.711612 -0.112092 0.752452
-0.819476 0.00933017 0.507654
-0.720329 -0.0800879 0.765696
-0.837503 -0.0185739 0.492548
-0.168714 0.0813864 0.2854
-0.286662 0.0777128 0.209365
-0.354776 0.030677 0.269274
-0.940648 -0.152478 0.514941
-0.427484 0.0389662 0.468818
-0.590317 -0.104856 0.822986
-0.78164 -0.119214 0.721142
-0.593789 -0.200262 0.594943
-0.383481 0.0544378 0.201163
-0.274443 0.08685 0.222256
-0.630121 -0.15545 0.327835
-0.846113 -0.0483375 0.54621
-0.923093 -0.0555243 0.597206
-0.285982 0.0559479 0.247689
-0.616217 -0.0213798 0.230235
-0.786659 0.0183903 0.413831
-0.806072 -0.00594851 0.535263
-0.621493 -0.0257374 0.737878
-0.299191 0.0495528 0.269855
-0.29665 0.0534459 0.306512
-0.770048 -0.17869 0.415876
-0.296057 0.046583 0.262742
-0.536911 -0.0297353 0.519939
-0.667119 -0.0351425 0.659045
-0.471553 -0.0847269 1.02193
-0.727 0.0135666 1.00745
-0.0704834 0.0395597 0.174893
-0.268042 0.0871152 0.242739
-0.0296179 0.0656431 0.177179
-0.0137509 0.0934314 0.225068
-0.0415862 0.0277205 0.205244
-0.185003 0.119136 0.244296
-0.157969 0.109995 0.168705
-0.0409805 0.0915539 0.198142
-0.0840978 0.0975543 0.196729
0.00320919 0.0833898 0.186961
-0.158849 0.110504 0.17055
-0.0792233 0.0689093 0.18297
-0.0109539 0.0818978 0.192105
-0.109283 0.0975206 0.169516
-0.0398977 0.0842752 0.157912
-0.140807 0.0989977 0.163549
-0.112629 0.100697 0.177462
-0.0519472 0.0900964 0.192864
-0.227272 0.0672764 0.17566
0.000268426 0.0739958 0.161183
0.000211418 0.0685234 0.190765
-0.0806285 0.102421 0.195902
-0.0408723 0.101076 0.1956
-0.0129822 0.0739766 0.172129
-0.13914 0.0984431 0.16354
-0.134207 0.0590612 0.158404
-0.0405485 0.0931346 0.177909
-0.0606106 0.0799361 0.166306
-0.0125254 0.0569555 0.183901
-0.168878 0.119604 0.187515
-0.0500783 0.0859476 0.18341
0.0063133 0.0746412 0.150761
-0.12545 0.095251 0.227054
-0.0499007 0.085381 0.18209
-0.0520819 0.0991604 0.200428
-0.0821868 0.0857956 0.196114
-0.133896 0.0629799 0.173148
-0.125611 0.100982 0.154274
-0.141029 0.0721659 0.165836
-0.0897128 0.101127 0.144484
-0.345005 0.0144261 0.276417
-0.302802 0.0602734 0.149433
-0.586925 -0.236235 0.594068
-0.759915 -0.186298 0.670433
-0.315497 0.200176 0.805453
-0.0882293 0.193187 0.781393
-0.0650291 0.193276 0.82231
-0.522031 -0.183556 0.565662
-0.37107 0.0889616 0.258957
-0.293743 0.0540747 0.161151
-0.310912 0.103406 0.253787
-0.287303 0.0508689 0.29391
-0.580503 -0.169538 0.638088
-0.283902 0.055569 0.24452
-0.535614 -0.187162 0.581563
-0.398548 0.0964109 0.522282
-0.503109 0.135847 0.683097
-0.491957 0.136763 0.665479
-0.366591 0.0173205 0.261061
-0.454895 0.0158486 0.3364
-0.344024 0.0549152 0.175052
-0.27358 0.0780821 0.302516
-0.459393 -0.0838667 0.480477
-0.358296 0.0176264 0.290562
-0.387637 0.0568891 0.202504
-0.250737 0.0810098 0.224184
-0.347181 0.0614504 0.219572
-0.34028 0.0196488 0.265516
-0.0428896 0.0353915 0.180704
-0.681584 -0.276897 0.961379
-0.026544 0.0271148 0.18249
-0.0910044 0.0281284 0.183207
-0.0851393 0.0490789 0.171878
-0.215166 0.0773769 0.283779
-0.290422 0.0526405 0.296339
-0.247402 0.0738681 0.245829
-0.13076 0.102643 0.785462
-0.383865 0.0632237 0.956881
-0.192521 0.10216 0.257087
-0.254562 0.0755627 0.265251
-0.242409 0.0738238 0.309959
-0.106655 -0.0266773 0.834295
-0.0863425 0.0287853 0.165941
-0.169649 0.10791 0.292858
-0.279637 0.0538361 0.237382
-0.366823 0.0315454 0.257609
-0.285086 0.0677562 0.207718
-0.332167 0.0499886 0.233927
-0.224212 0.0850589 0.250657
-0.356656 0.0311811 0.248636
-0.315892 0.0030001 0.229879
-0.32772 0.0498672 0.232005
-0.362044 -0.00465038 0.241645
-0.291934 0.0118603 0.196347
-0.31022 0.0267659 0.29082
-0.169169 0.0815474 0.292137
-0.308086 0.0600259 0.2376
-0.279447 0.0467034 0.269668
-0.362593 0.011482 0.271113
-0.218488 0.0822316 0.243963
-0.424822 0.104244 0.552676
-0.397559 0.0544242 0.248678
-0.296216 0.0707267 0.194053
-0.338754 0.0203383 0.264135
-0.265382 0.100022 0.288839
-0.126869 0.116143 0.651762
-0.185019 0.177534 0.791034
-0.0692882 0.0381799 0.17388
-0.0713713 0.134198 0.578047
-0.0761641 0.0212279 0.170782
-0.241396 0.0635924 0.287287
-0.0770656 0.0287413 0.174511
-0.165312 0.0965267 0.289552
-0.0907312 0.0610068 0.170763
-0.166739 0.092294 0.290715
-0.28726 0.0510004 0.292837
-0.286295 0.0654884 0.295097
-0.0542978 0.0279453 0.175444
-0.214974 0.0615899 0.301333
-0.660586 -0.0748977 1.02932
-0.331532 0.0441025 0.860275
0.0474299 0.163631 0.481926
0.11912 -0.185738 1.81185
-0.0179144 0.0299713 0.181337
0.600278 0.112627 1.21396
0.355508 0.100385 0.474892
0.0709233 0.0806725 0.159244
0.0302501 0.0188876 0.0522335
0.0771718 0.0942247 0.235021
-0.0192838 0.034876 0.154719
-0.037485 0.0290523 0.197503
-0.0104319 0.0808564 0.1898
0.573175 0.025438 0.965827
-0.0329005 0.0222848 0.177748
0.00418841 0.0545718 0.182947
-0.195889 0.0799586 0.261227
-0.0525622 0.0238132 0.176509
0.0655989 0.0623078 0.13452
0.0719058 0.0622106 0.161517
0.0200581 0.0562195 0.131589
-0.0361265 0.0586685 0.176967
0.0202109 0.0563975 0.132109
-0.0771164 0.0418053 0.171097
0.131484 0.0841016 0.22956
0.111222 0.0678505 0.12703
-0.0296493 0.0499392 0.180875
-0.0245096 0.04592 0.182782
0.890545 -0.201923 0.998187
0.53195 -0.132074 0.542269
0.730373 -0.175577 0.815617
0.753393 -0.182666 0.846098
-0.165021 0.124768 0.360079
-0.0801249 0.0590071 0.212163
-0.202199 0.0779024 0.303352
-0.253467 0.0743614 0.23954
-0.340918 0.0550475 0.212913
-0.375982 -0.000626474 0.268234
-0.139956 -0.0062323 0.0370277
-0.255995 0.0755507 0.243207
-0.176778 0.0709332 0.264328
-0.298511 0.0705851 0.19598
-0.328667 0.00164784 0.267126
-0.253895 0.0762564 0.205618
0.00264038 0.0557391 0.183159
0.00398809 0.0576309 0.190172
0.00107187 0.0758561 0.17634
-0.0411946 0.0885755 0.192289
-0.119875 0.0796188 0.14874
-0.0877222 0.0944126 0.168405
-0.111256 0.0996641 0.175098
0.00131369 0.0475905 0.183762
-0.109675 0.0782896 0.150646
-0.107484 0.0946028 0.164008
-0.0404925 0.0249567 0.188634
-0.179129 0.0979194 0.237146
-0.0115122 0.0358978 0.182406
-0.284737 0.0549222 0.243748
-0.365598 0.0570541 0.229474
-0.198545 0.0820946 0.267368
-0.235 0.0704283 0.297808
-0.348287 -0.0129165 0.234159
-0.614264 0.0116092 0.517281
-0.393105 0.16798 0.817603
-0.11839 -0.0176138 0.835951
-0.00757782 0.0514649 0.184631
-0.339991 0.0654602 0.216951
-0.320278 0.0720811 0.21388
-0.014125 0.0551973 0.184505
-0.168914 0.124952 0.552391
-0.225464 0.189169 0.776424
-0.217971 0.147817 0.777015
-0.296933 0.0877982 0.327611
-0.411231 -0.00968033 0.289355
-0.205064 0.0875022 0.265621
-0.326881 0.049977 0.222355
-0.262269 0.0903806 0.233929
-0.313963 0.0461761 0.255718
-0.243993 0.0763519 0.244272
-0.232421 0.0700569 0.22596
-0.365227 -0.00142066 0.257036
-0.225596 0.0863342 0.253669
-0.329136 0.0460762 0.232995
-0.32529 -0.115096 0.968904
-0.512726 -0.0854868 0.88777
-0.287663 0.198222 0.834155
-0.111569 0.0751737 0.179787
-0.241738 0.0704938 0.273412
-0.0593307 0.079512 0.18116
-0.261324 0.0821938 0.266177
-0.276499 0.0514414 0.147442
-0.371964 -0.00129831 0.258369
-0.295708 0.0607572 0.216102
-0.209907 0.0899341 0.264261
-0.34134 -0.00366517 0.26452
0.34326 0.135146 0.425314
-0.0593415 -0.0996735 0.845913
-0.0543244 -0.26792 0.768028
-0.0607108 0.0306741 0.180134
0.492766 0.219883 0.989304
0.164181 0.018129 0.548094
-0.0568498 0.0351697 0.17849
-0.047554 -0.148763 0.675749
-0.0231831 0.045114 0.152349
-0.107291 0.103993 0.143456
-0.109463 0.100636 0.147563
0.00489619 0.0792398 0.16321
0.47046 -0.0896879 0.90924
-0.022505 0.0471209 0.179719
-0.083713 0.0390013 0.171721
-0.533278 -0.181885 1.11697
-1.01089 -0.0525062 0.661104
-0.85908 -0.19624 0.47033
-0.307976 0.0510182 0.277641
-0.670332 -0.00313801 0.255462
-0.754237 0.0617742 0.761768
-0.763853 0.13186 0.391562
-0.764341 -0.12897 0.49305
-0.804369 -0.132066 0.519211
-0.60874 -0.180602 0.255885
-0.837177 -0.136527 0.543804
-0.348286 0.0324622 0.271109
-0.624335 -0.185019 0.26426
-0.99113 -0.0501691 0.559009
-0.787866 -0.043645 0.414761
-0.521221 0.0787393 0.200043
-0.212106 0.0931137 0.227738
-0.874367 -0.19943 0.481067
-0.804164 0.149192 0.33892
-0.637253 -0.188434 0.270717
-0.299128 0.0705491 0.197142
-0.282866 0.0636118 0.182943
-0.762308 0.131169 0.390264
-0.0661231 0.0265152 0.170438
-0.231031 0.0475717 0.0788897
-0.0774549 0.0438338 0.17525
-0.224611 0.0448332 0.0749872
-0.792633 -0.132301 0.514534
-0.245333 0.0893783 0.244867
-0.849555 -0.136823 0.473692
-0.661445 -0.0508547 0.662999
-0.26779 0.070068 0.127874
-0.271696 0.0811329 0.211655
-0.365511 0.00216401 0.286561
-0.0794078 0.048082 0.175158
-0.265737 0.0689751 0.125895
-0.269947 0.070691 0.128863
-0.304935 0.0576919 0.235982
-0.0355856 0.0577278 0.191494
-0.17606 0.115983 0.232978
-0.257471 0.0957001 0.202493
-0.234173 0.0489812 0.0816026
-0.385121 0.0374324 0.357449
-0.278803 0.0559016 0.16323
-0.352348 0.060077 0.848683
-0.407529 -0.0780921 0.410806
-0.632076 -0.0113582 0.262662
-0.29522 0.0915293 0.221529
-0.274431 0.0853145 0.202815
-0.258089 0.0871171 0.230539
-0.257367 0.0706789 0.138507
-0.234604 0.0482956 0.0822518
-0.876622 -0.138811 0.559851
-0.899712 -0.152627 0.491944
-0.794184 0.139786 0.413063
-0.741062 0.0158671 0.385639
-0.800508 0.140145 0.412935
-0.685484 -0.00227279 0.26159
-0.253483 0.0695263 0.305811
-0.725995 0.0146638 0.375006
-1.00182 -0.0622094 0.651608
-0.897429 -0.0378896 0.4825
-0.711461 -0.171527 0.47095
-0.627726 -0.0768851 0.656462
-0.867098 -0.13734 0.502893
-0.619191 -0.0113048 0.255631
-0.822096 -0.138592 0.443842
-0.757222 0.0167481 0.394358
-0.790868 0.00744319 0.551712
-0.807872 -0.0868848 0.429949
-0.598735 0.0351839 0.586065
-0.320697 0.0103876 0.276425
-0.839401 -0.142568 0.455197
-0.619246 -0.0366954 0.608813
-0.254669 0.070057 0.14078
-0.894535 0.0197224 0.92295
-0.740849 -0.0716595 0.762977
-0.6992 -0.0361028 0.69483
-0.340928 0.0112178 0.24855
-0.711792 -0.00711083 0.302971
-0.515699 -0.00773641 0.866256
-0.731596 0.0223484 1.06165
-0.270123 0.0508181 0.143706
-0.29651 0.0686325 0.216409
0.647735 0.121813 1.32013
0.0361116 0.0569882 0.182982
-0.146581 0.116386 0.796413
0.282619 -0.0186234 0.546939
0.5014 -0.224422 0.943655
0.602047 0.0183703 1.00469
0.353096 0.0775503 0.418609
0.0666962 0.0543174 0.158414
-0.0658031 0.0623685 0.0930265
0.0336401 0.0839579 0.173982
-0.0114312 0.0838232 0.126917
-0.104219 0.0700335 0.216821
-0.0713398 0.0701549 0.108642
0.0555262 0.0667841 0.122365
0.0375727 0.0596028 0.186618
0.0504691 0.0671705 0.118265
0.0699834 0.0555804 0.162808
-0.00553592 0.044963 0.0766114
-0.0403031 0.0932254 0.122296
-0.0468078 0.0882745 0.100716
0.0500917 0.0620025 0.11161
0.0097013 0.0827109 0.105796
0.105241 0.0887652 0.19574
-0.0516374 0.10731 0.132983
0.0667824 0.0627089 0.1126
-0.0502538 0.100869 0.122805
0.0314478 0.0830488 0.170951
-0.0292785 0.0915161 0.113152
0.06831 0.0840921 0.155228
-0.00708578 0.103655 0.148878
0.0677769 0.0838539 0.154299
0.0408144 0.100611 0.204654
-0.0963595 0.083842 0.139272
-0.111609 0.100152 0.175869
0.0224398 0.0942555 0.15724
-0.107599 0.0763556 0.146316
-0.0017606 0.0891436 0.139894
-0.0231937 0.100103 0.1792
-0.0131514 0.0758108 0.177713
0.0296266 0.0943323 0.15418
0.0461238 0.132663 0.253039
-0.166254 0.0791535 0.287309
-0.0408661 0.107404 0.210283
0.00744508 0.0962336 0.149423
-0.0740737 0.0907865 0.127386
-0.0105051 0.0907292 0.141245
-0.0383194 0.112318 0.180068
-0.0569255 0.0997094 0.140011
0.0252275 0.0943292 0.17607
-0.0399864 0.0902457 0.117051
-0.0762383 0.0771178 0.17229
-0.028835 0.102116 0.151401
-0.0107549 0.10198 0.213505
-0.1113 0.0803094 0.154949
0.0399212 0.0858451 0.162101
-0.0931601 0.0932694 0.180205
-0.0684139 0.090747 0.10386
-0.00989144 0.105404 0.221789
0.0320857 0.0851016 0.174032
0.0224222 0.149837 1.3624
-0.559499 -0.168177 0.612145
-1.16382 0.063128 1.03115
-0.557575 -0.167224 0.606216
-0.288529 0.0484426 0.27818
-0.634288 0.234734 1.09846
-0.210776 0.0715942 0.279305
-0.0610145 -0.11429 0.85887
0.0146157 -0.203652 1.19791
-0.236914 0.0669227 0.298524
-0.0183561 0.0471375 0.18449
-0.0497839 0.0352968 0.179581
-0.263913 0.0537728 0.123092
-0.2383 0.088495 0.172046
-0.255646 0.0699473 0.135414
-0.258076 0.0861671 0.235839
-0.122638 0.0742936 0.158461
-0.256177 0.0479585 0.0916918
-0.269742 0.0639713 0.146258
-0.0780527 0.0677459 0.175238
-0.214688 0.0961882 0.235061
-0.817814 -0.127903 0.748562
-0.376864 0.0548533 0.222057
-0.237273 0.106769 0.159738
-0.221557 0.109989 0.284471
-0.259919 0.0716983 0.140314
-0.343522 0.0561018 0.238194
-0.925235 -0.0504476 0.516144
-0.924361 -0.145215 0.603627
-0.382765 0.0536972 0.223453
0.676264 -0.0691695 1.52332
-0.0496764 0.0712861 0.381237
0.118642 0.22608 0.570161
-0.00781418 0.0555606 0.186706
-0.0295328 0.0582404 0.187127
0.062249 0.0777035 0.143073
0.0721866 0.0579113 0.161246
-0.0301445 0.0687365 0.183327
-0.0694494 0.113511 0.208929
0.0835325 0.0581862 0.166534
0.398017 0.0848252 0.460869
0.0041185 0.0558163 0.187028
0.190759 -0.0228028 0.225937
0.160891 -0.00389166 0.189092
0.279176 0.186605 0.499695
0.1024 -0.00587596 0.0995198
0.33927 0.146247 0.460441
0.333587 0.0573001 0.412679
0.22928 -0.0215088 0.277111
0.312107 0.13741 0.442623
0.351749 0.0580286 0.688808
0.357137 0.102607 0.438722
0.41433 -0.170197 1.34875
-0.0587391 -0.32865 0.996967
0.00530927 -0.0265943 -0.00684185
0.171527 0.187154 0.743833
-0.179686 0.0776599 0.279258
-0.0606832 -0.244692 0.930956
-0.109431 0.0620718 0.152
-0.148779 0.0786346 0.181574
-0.106776 0.0753172 0.143593
-0.333191 0.115845 0.612172
-0.0216981 0.0520103 0.189875
-0.827589 0.0487462 1.00293
-0.052049 0.024778 0.180119
-0.0774455 0.0804732 0.179081
0.364487 0.0832272 0.428758
0.645261 0.133601 0.864473
0.0827027 0.057964 0.165415
-0.427267 0.13585 1.07388
0.0558531 0.0720139 0.169343
-0.00585831 0.0487451 0.157236
0.197018 -0.0208296 0.233747
0.214096 -0.0196206 0.25696
-0.0615174 0.0298234 0.178247
-0.183764 0.0660446 0.892697
0.0049614 0.0270988 0.180917
-0.0222785 0.0265806 0.182142
-0.0132001 0.0372097 0.182217
0.577697 -0.0370747 1.11699
0.0431014 0.0943076 0.229159
0.371172 -0.0119645 1.06979
-0.36534 0.0331932 0.25574
-0.324771 0.0494059 0.265493
-0.515165 0.0215438 0.709568
0.623831 -0.0240297 1.26259
-0.0650297 0.029061 0.176445
0.347035 0.0970398 0.572057
-0.0212059 0.0479158 0.182087
-0.0301584 0.0786707 0.183685
-0.0964737 0.0998737 0.148286
-0.0658298 0.0356713 0.175477
-0.0772268 0.0716477 0.397003
0.0699277 0.0446165 0.117863
-0.0319898 0.0485332 0.291756
-0.142866 0.115159 1.00836
0.607633 -0.145933 0.632857
0.486999 0.130878 0.809193
0.575414 0.0283352 0.965296
-0.0407248 -0.145078 0.907752
0.100967 -0.155042 1.45021
0.582076 -0.14574 0.649883
0.0647735 -0.0297517 0.104181
0.407395 0.157289 0.466906
0.536461 0.292114 1.00033
-0.0882114 0.0498572 0.174093
-0.000534117 0.0468244 0.187706
0.15523 0.0771739 0.27613
-0.037281 0.05866 0.187373
-0.0253667 0.0200164 0.15458
-0.0999485 0.0638452 0.516118
0.565603 -0.275801 0.912606
-0.215874 -0.315342 0.970092
-0.0226173 0.0266082 0.18093
0.0472441 0.0595945 0.105469
0.0263142 0.102116 0.1742
0.00630029 0.101866 0.226224
0.00704744 0.0805006 0.166777
-0.000431631 0.0600878 0.115998
0.00229782 0.0985439 0.180689
0.049762 0.087686 0.161555
0.0698325 0.0939551 0.172647
0.0651173 0.093578 0.170948
-0.0101248 0.0628803 0.178286
0.032583 0.0841403 0.172391
-0.0160415 0.103022 0.183132
-0.105601 0.101075 0.212281
-0.00642865 0.08972 0.145452
-0.00281984 0.0849993 0.132247
-0.0186707 0.0905091 0.148088
0.0325631 0.108768 0.208498
-0.0481188 0.0786937 0.181677
0.254336 0.183107 1.08814
0.00135936 0.0336986 0.181338
-0.0773733 0.0285904 0.166876
0.516751 0.269906 1.38577
-0.0120066 0.0323486 0.182859
-0.517865 0.187414 0.895869
-0.224814 0.190224 0.777342
-0.424696 0.0887076 0.905121
0.00834545 0.0368456 0.184637
-0.227889 0.0961479 0.237604
-0.269974 0.083377 0.209571
-0.248009 0.0956577 0.205135
-0.227481 0.0944776 0.299874
-0.261184 0.0983867 0.284974
-0.0795753 0.0444545 0.173307
-0.244117 0.0725708 0.270525
-0.254832 0.0781466 0.292307
-0.184176 0.112483 0.254718
-0.282645 0.0900687 0.21288
-0.228503 0.109671 0.178052
-0.00250091 0.0283598 0.192939
-0.0809476 0.0317869 0.174758
-0.27584 0.0848458 0.235059
-0.0353088 0.0431507 0.182501
-0.246545 0.0734148 0.208183
-0.19268 0.0808255 0.262474
-0.0858189 0.0409124 0.172822
-0.176491 0.106127 0.323395
-0.337202 0.185203 0.90681
-0.304478 0.0897281 0.830127
0.0035415 0.0580127 0.194034
0.0227143 -0.0811831 0.186971
-0.0207689 0.050878 0.197002
-0.185128 0.0817321 0.353047
0.00466068 0.078682 0.162324
0.455401 -0.0500165 1.01963
-0.12689 0.0598535 0.162807
-0.0566636 0.0323871 0.195811
-0.0894903 0.0498358 0.185255
-0.0784211 0.0805971 0.181308
-0.0476663 0.0322506 0.239807
-0.116719 0.0614828 0.151127
-0.206191 0.101193 0.222807
-0.0651549 0.0276842 0.111323
-0.0323783 0.033597 0.179844
-0.0872967 0.0515377 0.289232
0.557122 -0.0111194 0.953168
-0.0145707 0.0841231 1.30433
0.374179 -0.255528 0.85238
-0.018244 0.0322798 0.182094
0.17409 0.116541 1.42942
-0.0610384 0.0258334 0.174249
-0.356102 0.0607472 0.179921
-0.288436 0.0586178 0.138106
-0.304802 0.0557247 0.165868
-0.251864 0.0696873 0.142869
-0.0337094 0.0252407 0.191745
-0.0808562 0.0486566 0.172117
-0.0115389 0.0735035 0.200504
-0.10403 0.0825551 0.20255
-0.0511513 0.0443013 0.148633
0.0625509 0.0449188 0.11051
0.056906 0.0473558 0.106694
-0.0276656 0.0430699 0.182616
-0.032311 0.0208642 0.168113
-0.0363911 0.0549255 0.183447
0.00154656 0.0482566 0.187255
0.0862533 0.0558897 1.10395
-0.0903733 0.0507966 0.176013
-0.0315315 0.0354639 0.185037
-0.00205886 0.0576694 0.19689
-0.0269594 0.0269605 0.189693
0.0506868 0.0685764 0.167868
0.609484 -0.103692 1.01876
0.309551 0.105868 0.543397
-0.0887923 0.0426364 0.1704
-0.293914 0.0927411 0.4669
0.373214 0.100946 0.619877
0.13562 0.045432 0.243101
-0.0905634 0.0622878 0.170598
0.090357 0.061778 0.156702
0.152563 0.213343 1.28049
0.0830655 0.0564807 0.143608
0.539708 -0.0936982 0.90821
0.0335582 0.0728852 0.188156
-0.194533 0.0746146 0.291488
-0.1149 0.0569694 0.150965
-0.329196 0.202747 0.824283
-0.0297822 0.0534433 0.184627
-0.130525 0.0604336 0.164211
-0.193511 0.0971586 0.245385
0.0018054 0.0786081 0.184399
-0.0300012 0.0784351 0.18255
0.00406183 0.0808271 0.179042
-0.0262137 0.0627691 0.203073
0.810412 -0.174402 0.881202
0.791664 -0.18785 0.884565
0.00602769 0.0248815 0.182174
-0.365145 0.177396 0.792898
-0.0116632 0.0353138 0.180651
0.223206 0.198651 0.717494
0.298114 0.090542 0.44552
0.325523 -0.233795 0.786367
0.408822 -0.132058 1.05297
-0.204623 0.184303 1.08703
0.840563 0.00883423 1.65244
0.294587 -0.0337285 0.563347
0.0240729 0.123117 0.976452
-0.0375477 0.0264025 0.195594
0.00698392 0.0394996 0.173144
-0.0257057 0.0781823 0.183254
0.0776199 0.0580635 0.168988
0.513221 -0.0777034 0.943168
-0.018087 0.0322521 0.183868
0.604504 -0.10071 1.01605
-0.0221243 0.0484695 0.162097
0.725677 0.0918252 1.55109
-0.0638612 0.0799495 0.181912
0.369934 0.202958 1.12357
0.109402 0.0672904 0.124992
0.0322978 -0.186518 1.15084
0.40951 0.0536225 1.03016
-0.0776633 0.0760399 0.22437
-0.0303745 0.0329357 0.182132
-0.214316 0.0844657 0.27558
-0.0903548 0.0458295 0.171103
-0.0907213 0.0795692 0.17432
0.390974 0.117322 0.680034
0.320887 0.218046 1.27322
-0.713621 -0.130711 1.04011
-0.0883313 0.0318865 0.17396
-0.407355 0.0705829 0.959566
0.497681 -0.267468 1.05977
-0.0637302 0.0297822 0.177668
-0.0144361 0.0443128 0.247143
0.361489 0.173121 0.468493
0.360758 0.163806 0.519665
-0.091551 0.0666525 0.162249
-0.0990396 0.0672712 0.200809
-0.323279 0.0406413 0.98432
-0.925109 -0.023349 1.21123
-0.784812 -0.1369 0.91584
-1.04174 0.145957 1.27684
0.110738 -0.0421964 1.50271
-0.185825 0.0708088 0.262806
-0.23402 0.0824328 0.180593
-0.247959 0.0696142 0.366802
-0.0622554 0.053225 0.170544
-0.21 0.114563 0.214014
-0.27031 0.0549268 0.246519
-0.089377 0.0438136 0.166671
-0.0731764 0.0570748 0.172486
-0.448799 -0.0225037 0.983388
0.580329 -0.151283 0.642764
-0.00662991 0.0368292 0.183865
-0.0982876 0.0783016 0.18818
-0.0230248 0.0477321 0.159568
-0.0648637 0.0466072 0.180952
-0.0608484 0.0481715 0.149004
-0.0786888 0.0858622 0.22983
-0.331472 0.180837 0.8907
-0.0626515 0.0666361 0.184114
-0.528522 -0.0259684 0.910848
-0.0876792 0.0455746 0.170805
-0.277405 -0.298219 0.929086
-0.0273473 0.027087 0.179132
-0.00804546 0.0402123 0.182874
-0.0642036 0.0299801 0.178858
0.0823117 0.0574707 0.164638
-0.0316247 0.0344416 0.183659
0.0737592 0.0448145 0.127156
-0.00466155 0.052307 0.180368
-0.00869156 0.0519683 0.190123
0.425739 -0.0965372 0.993838
-0.0224143 0.0566615 0.181956
0.748056 -0.0166887 1.27904
0.447703 0.0998349 0.522371
-0.127542 0.0620293 0.146794
-0.222453 0.082729 0.2978
-0.0806261 0.0401447 0.174575
-0.243753 0.0741096 0.316652
-0.216858 0.0949248 0.223722
-0.78712 -0.14534 0.899067
-0.339312 0.145826 0.78108
-0.909101 0.119224 1.10572
-0.242091 0.0885393 0.193311
-0.395724 0.124534 0.831098
-0.242513 0.0898389 0.286324
-0.115304 0.0589034 0.159792
-0.247357 0.0737471 0.318678
0.102388 0.13769 0.872836
-0.184733 0.0911345 0.234086
-0.0769434 0.0621617 0.165068
-0.116975 0.0584316 0.158084
-0.0278253 0.0484067 0.182836
-0.275187 0.0719004 0.310322
-0.118156 0.0717715 0.145029
-0.117027 0.0622758 0.152892
-0.125176 0.0588155 0.161598
-0.103196 0.0831316 0.203568
-0.217171 0.0866339 0.238906
-0.961389 0.0683891 1.00159
-0.801802 -0.136773 0.947162
-0.74947 -0.137652 0.856255
-0.243516 0.0832374 0.251092
-0.0407414 0.0378555 0.28925
0.0542643 0.0706556 0.165821
0.0427269 0.0644085 0.203923
0.547373 -0.348956 1.2667
1.09423 0.172175 1.18784
0.368285 -0.043521 0.464839
-0.304519 0.0912555 0.818954
0.479595 -0.152938 0.494922
-0.0409881 0.0270845 0.177422
0.0410433 0.0801058 0.23081
0.0662963 0.0922036 0.691593
0.730488 -0.17719 0.809942
0.631988 -0.148563 0.67887
0.7803 -0.184852 0.870752
0.00435554 0.0815208 0.179091
0.676153 -0.170375 0.755454
0.083051 0.0915119 0.181523
0.697909 -0.154389 0.762167
-0.0403106 0.0379361 0.128418
-0.0300581 0.0711994 0.1639
-0.0507875 0.046152 0.14147
-0.0631509 0.0413178 0.162455
-0.0488273 0.044374 0.116629
-0.0413418 0.0433616 0.138117
-0.0617954 0.0417737 0.159866
-0.0507043 0.0459712 0.139088
-0.0626021 0.0408431 0.160058
-0.0573466 0.048971 0.146618
-0.0274202 0.0575162 0.164547
-0.0645995 0.0433034 0.172463
-0.0435638 0.0786063 0.181849
0.0924848 0.039112 0.0978707
-0.0778879 0.031488 0.172761
-0.063262 0.0788068 0.179586
0.0926994 0.0352782 0.0951682
0.0894552 0.0563686 0.15784
-0.0170812 0.0781411 0.182585
0.373249 0.0712411 0.462176
0.121397 0.0336777 0.208708
-0.0300452 0.0504805 0.182085
-0.0362859 0.0250385 0.189833
-0.0561496 -0.164903 0.783943
0.388047 -0.257518 0.882653
0.0455108 0.0720801 0.542044
-0.845849 0.164814 1.01054
0.376 -0.102661 1.24876
-0.0852137 0.0332709 0.169776
-0.184176 0.0668117 0.246263
0.127471 0.101264 1.46433
-0.0139981 0.0353237 0.18148
-0.249954 0.0878724 0.230134
-0.0901911 0.0459684 0.171875
-0.290188 0.0524345 0.331589
-0.0776372 0.0425805 0.173005
-0.247875 0.0660602 0.297036
-0.273246 0.0424262 0.859125
0.273792 0.152417 0.916754
-0.177724 0.0900963 0.346965
-0.260087 0.146944 0.689497
-0.13422 0.127063 0.70789
-0.240202 0.084249 0.280533
-0.268751 0.0209259 0.224172
-0.157714 0.184478 0.534587
-0.87417 -0.0400269 0.998084
-0.737622 0.0471913 0.850908
-0.21859 0.162912 0.766695
-0.106834 0.00995732 0.134634
-0.331369 0.0817575 0.255148
-0.270516 0.0696546 0.162276
-0.16645 0.0682521 0.299096
-0.268144 0.0577434 0.122153
-0.0918065 0.208631 0.795639
-0.26936 0.0554052 0.122392
-0.388992 0.072538 0.892062
-0.191567 0.0598268 0.287188
-0.151425 -0.00829637 0.0985379
0.00542413 0.208183 1.36934
-0.0822802 -0.0272437 0.0124373
-0.485305 0.157177 0.955617
-0.329915 0.0229045 0.265227
-0.304477 0.0992416 0.216579
-0.197554 0.101464 0.257081
-0.269738 0.0533952 0.190969
-0.256288 0.093794 0.153372
-0.233935 0.065732 0.15895
-0.272809 0.0905741 0.19971
-0.354853 0.0482938 0.207352
-0.146704 0.0731252 0.28438
-0.246267 0.0574386 0.263221
-0.0357946 0.0686294 0.185216
-0.223843 0.117854 0.91193
-0.0784962 0.0322398 0.171215
-0.19011 0.0832954 0.249305
0.137556 -0.0752005 1.93857
-0.832295 0.00927706 1.17198
-0.484173 0.130183 0.733408
-0.928738 0.0811613 1.31762
-0.0581614 0.0372701 0.178226
-0.110674 0.0621617 0.15132
-0.525177 0.132067 0.893517
0.597376 0.0776534 1.51686
-0.0201758 0.085914 0.187482
0.626727 -0.0661931 1.40884
0.401443 0.0538288 1.03015
-0.0553007 0.0414627 0.12059
0.112682 0.0732146 0.121534
0.0122068 0.0429303 0.190949
0.0324594 0.055846 0.342419
0.050026 0.0873493 0.16123
0.11215 0.0790921 0.120535
0.000180781 0.0848137 0.185775
-0.0120282 0.0635433 0.174275
0.0341595 0.0829902 0.191009
-0.00565788 0.0679211 0.209882
0.383849 0.098909 0.458101
0.0906601 0.057313 0.159901
-0.0569665 0.0405841 0.124523
-0.0481459 0.0800094 0.184137
-0.141085 0.0520292 0.818746
-0.0099541 0.0567862 0.17847
-0.0272023 0.0601462 0.172292
-0.0549142 0.0419753 0.194243
-0.0206586 0.0515866 0.195686
-0.0507508 0.0495805 0.132781
-0.0108499 0.0808588 0.191681
0.00348704 0.0727575 0.188565
-0.0189511 0.0705472 0.163267
-0.0566608 0.0435152 0.163112
0.0549517 0.0721407 0.176035
-0.366806 0.0977958 0.958942
-0.0902113 0.0612604 0.170576
-0.0819701 0.0359816 0.18554
0.40207 0.077685 0.498473
0.0326457 0.086164 0.17622
-0.0124158 0.037552 0.18562
0.384204 -0.0445735 1.23674
0.377369 -0.0438814 0.476485
0.377186 0.0717784 0.465112
-0.2455 0.0613778 0.333096
-0.178202 0.133619 0.82394
-0.251164 0.0817918 0.204375
-0.72751 0.0159562 0.81949
-0.202403 0.106637 0.203203
-0.0502158 0.0399758 0.164066
-0.214864 0.107514 0.187708
-0.540238 0.0298384 0.893469
-1.077 -0.12499 1.38957
-0.0856841 0.0395672 0.173108
-0.259865 0.101025 0.29046
-0.454363 0.201905 0.93877
-0.0206401 0.0289665 0.173125
-0.221989 0.0917129 0.232553
0.001875 0.0301936 0.180983
-0.278649 0.181073 0.792515
-0.191107 0.073719 0.279487
-0.258662 0.090392 0.216537
-0.25854 0.0953143 0.183822
-0.258161 0.0803653 0.271151
-0.300638 0.0540233 0.307168
-0.390759 0.0249801 0.422626
-0.854738 0.0635423 0.999755
-0.78728 0.00135965 1.11879
-0.138551 0.0482892 0.100327
-0.259113 0.0771582 0.308088
-0.112431 0.0646385 0.828849
0.00313562 0.199095 1.31005
-0.719273 0.176154 1.07618
-0.68599 0.0404495 0.782137
-0.00625371 0.0354761 0.182575
-0.188721 0.07819 0.258494
-0.25813 0.076779 0.306674
0.0624793 0.0701838 0.172419
-0.194843 0.119607 0.239079
-0.416281 0.0845138 0.884394
0.382561 0.194653 1.02525
-0.29689 0.053554 0.341916
-0.0622523 -0.221839 0.961531
-0.0292626 0.0411442 0.165788
0.653665 -0.117498 1.27397
-0.14007 0.0651103 0.333469
-0.685574 0.193227 1.01574
-0.601777 0.177184 0.932289
-0.185224 0.0950943 0.238667
0.115519 -0.030985 1.57079
-0.788927 -0.136038 0.925858
-0.283215 0.191135 0.815019
0.16874 0.122777 1.47017
-0.637917 0.0948347 1.03463
-0.678142 -0.0191412 0.863348
-0.958746 0.0840441 1.19379
-0.922344 0.0968186 0.987292
0.330001 0.174763 0.898004
-0.276028 0.0638946 0.311695
-0.241457 0.0934303 0.258296
-0.244682 0.090611 0.226779
-0.211788 0.0921921 0.225749
-0.278341 0.111695 0.314218
-0.553787 0.196836 0.944269
-0.262455 0.0968594 0.242464
-0.0351289 0.071985 0.191743
-0.523147 -0.0877831 0.910065
-0.292219 0.0608007 0.301804
-0.233102 0.0783251 0.227826
-0.0271126 0.0664398 0.182329
-0.190936 0.0905189 0.263274
-0.26025 0.0795335 0.208782
-0.0840188 0.0359811 0.16793
-0.259391 0.0715739 0.680089
-0.0639905 0.0267683 0.1694
-0.238288 0.0776287 0.298741
-0.5463 0.242309 1.11418
-1.07781 0.213986 1.40275
0.388493 -0.205921 1.30203
-0.220978 0.0926065 0.281313
-0.115534 -0.0270801 0.840817
-0.42838 -0.0405 0.907813
-0.093332 0.048973 0.170194
0.439593 0.196031 0.883641
0.319029 -0.106568 1.27282
-0.169247 0.0978324 0.302343
0.45642 0.0930579 1.00433
0.442405 -0.110215 1.03283
-0.45021 0.16893 0.88467
-0.187381 0.0677361 0.847703
-0.165563 0.0975386 0.287893
-0.266507 0.0625773 0.268234
-0.117996 0.07186 0.151429
-0.0879085 0.0314322 0.170192
-0.258359 0.0749034 0.252143
0.376379 0.216955 1.25286
-0.391443 0.124873 0.820751
-0.0617478 0.0309611 0.869111
-0.183131 0.0833573 0.267661
-0.126766 0.0610742 0.144731
-0.0654797 0.0305253 0.241735
-0.065985 0.0908219 0.635263
-0.137146 0.0631271 0.166912
-0.194629 0.0783595 0.238064
-0.0919588 0.0256396 0.170366
-0.166293 0.0697697 0.261435
0.223599 0.113265 0.396099
-0.000828154 0.0672515 0.185443
-0.167144 0.0749797 0.30879
-0.215302 0.0779167 0.285668
-0.366361 0.0974951 0.520653
-0.132505 0.0581749 0.156308
-0.12537 0.0596001 0.163528
-0.0864819 0.0307705 0.17266
-0.274604 0.0720365 0.306241
-0.44305 0.125356 0.887414
-0.235559 0.0726806 0.292468
-0.230598 0.0954694 0.202348
-0.26665 0.0749529 0.280558
0.104129 -0.170823 1.58284
-0.224357 0.0908176 0.204558
-0.251958 0.0769568 0.28607
-0.0547878 0.0297993 0.180625
-0.084874 0.0495701 0.172918
-0.189361 0.0713708 0.276884
-0.268337 0.088429 0.204026
-0.08297 0.0328018 0.171368
-0.216428 0.101949 0.782362
-0.0628251 0.0322824 0.170634
-0.0906538 0.0612957 0.173077
-0.0508821 0.043073 0.172046
-0.205306 0.0747072 0.270037
-0.468342 0.0443693 1.00891
-0.175322 0.13932 0.739791
-0.00743258 0.0516916 0.184398
-0.238818 0.058249 0.336008
-0.501071 0.202363 0.961609
0.334825 -0.0173074 0.959894
-0.44728 0.0785296 0.92246
0.412944 0.0684535 1.35251
-0.614337 -0.0270614 0.976325
0.304093 -0.105538 1.3014
-0.030752 0.0498982 0.178003
-0.227464 0.0903933 0.219673
-0.00723726 0.0263247 0.183917
0.32236 -0.11057 1.37461
-0.0302712 0.00712964 0.117102
-0.0554718 0.0202747 0.116925
-0.0718936 0.0307753 0.115547
-0.0230514 0.0486599 0.183421
-0.092164 0.0510719 0.141937
-0.0500902 0.0241955 0.179699
-0.235187 0.114557 0.185256
0.299719 0.135227 0.647154
-0.148655 0.165462 0.72473
0.451283 0.0475381 1.04291
-0.178427 0.0754336 0.272676
-0.516185 0.195569 0.900629
-0.216941 0.0697324 0.285485
-0.513799 0.158197 0.784068
-0.616508 -0.0889755 0.976994
-0.216179 0.08131 0.271858
-0.172829 0.115312 0.300882
-0.248015 0.0672289 0.228584
-0.141525 0.196745 0.828409
-0.223939 0.113761 0.193003
-0.183926 0.123118 0.254834
-0.187576 0.078394 0.27393
-0.248007 0.0832549 0.203827
-0.102758 -0.0218377 0.795279
-0.123016 0.176579 0.758755
-0.326592 0.0449925 0.230313
-1.00199 -0.0516542 0.928501
-0.931172 0.114307 1.01674
-0.302116 0.0862459 0.491669
-0.192971 0.115853 0.270809
-0.254665 0.0786129 0.1813
-0.226481 0.113501 0.613277
-0.276612 0.0894278 0.212362
-0.439233 -0.0709719 0.765759
-0.256334 0.0707613 0.153788
-0.178788 0.0949336 0.272941
-0.131611 -0.0028178 0.0339494
-0.182089 0.0824629 0.27003
-0.281524 0.0810542 0.310901
-0.868309 -0.106421 0.568587
-0.195792 0.0767401 0.278852
-0.419502 -0.0279401 0.256938
-0.761381 0.272208 1.22823
-0.738988 0.262812 1.19101
-0.73332 -0.0416096 0.38268
-0.319313 0.0555882 0.18152
-0.302286 0.0634412 0.222352
-0.21389 0.0323438 0.115927
0.00734996 0.141314 1.29793
-0.285974 0.0351217 0.204405
-0.990496 -0.0432611 0.911416
-0.372501 0.0446137 0.236137
-0.358491 0.0594319 0.226468
-1.14078 -0.15332 1.10089
-0.251788 0.0693164 0.140896
-0.199942 -0.0664337 0.430614
-0.316277 0.0427654 0.231239
-0.476841 0.000463186 1.02888
-0.0858249 -0.133561 0.85815
-0.190672 0.0905411 0.803157
-0.0658396 0.183282 0.779589
-0.410128 0.0704077 0.955534
-0.213025 0.161978 0.845607
-0.489653 0.0169142 1.04998
-0.505992 0.194477 0.876183
-0.434359 0.122833 0.900476
-0.482877 -0.0271384 1.04109
-0.137923 0.0644881 0.1674
-0.250723 0.084516 0.207488
-0.574621 -0.00743694 0.917619
-0.962438 0.129321 1.17714
-0.660834 0.0557637 0.89667
-0.0872117 0.0484237 0.169206
-0.180597 0.126517 0.812455
0.426882 0.0434529 0.99464
-0.277918 0.0931341 0.199264
-0.25934 0.0839444 0.169387
-0.387174 0.0767607 0.933268
-0.198942 0.0836386 0.291618
-0.077359 0.0320758 0.176278
-0.23508 0.0748385 0.295028
-0.154872 0.186284 0.432799
-1.08175 -0.0554817 1.00891
-0.242649 0.0621664 0.13913
-0.250747 0.0661786 0.233074
-0.272446 0.0779601 0.183043
-0.230935 0.09298 0.254658
-0.346708 0.0572763 0.174087
-0.264444 0.0571244 0.126677
-0.251751 0.0691003 0.152371
-0.286857 0.0626017 0.136507
-0.222583 0.0934496 0.206493
-0.296185 0.0827651 0.199082
-0.256845 0.0933662 0.181444
-0.395414 -0.00875567 0.275032
-0.202757 0.200698 0.559841
-0.175437 0.116438 0.310586
-0.349486 0.0564913 0.217481
-0.0973511 0.0649494 0.19901
-0.58014 0.113651 0.698859
-0.247248 0.0857214 0.169558
-0.392728 -0.00987833 0.272528
-0.27014 0.0896885 0.20786
-0.282807 0.0774242 0.210551
-0.0563566 0.0263771 0.167514
-0.25138 0.0689557 0.16188
-0.0657508 0.108824 0.695654
-0.274167 0.0463371 0.203678
-0.770789 0.00377697 0.531261
-0.138685 0.0516359 0.821265
-0.185597 0.126627 0.262438
-0.256418 0.0743563 0.171331
-0.225214 0.0970754 0.2473
-0.242179 0.0881114 0.211906
-0.219305 0.0793173 0.26973
-0.28872 0.0792804 0.170398
-0.183009 0.0837994 0.269476
-0.0660917 0.0899243 0.692377
-0.837213 0.0671126 0.986967
-0.219902 0.113408 0.875147
-0.571212 0.169111 0.893773
0.171628 0.223461 1.36911
-0.0675264 0.187026 0.797473
-0.349674 0.0419317 0.218268
-0.398169 0.00721713 0.28768
-0.152729 0.17847 0.778013
-0.214758 0.0938433 0.221932
-0.0607617 -0.195073 0.832405
-0.258163 0.0880544 0.234355
-0.249398 0.0660297 0.141958
-0.0613563 -0.212333 0.84074
-0.242741 0.0862347 0.182151
-0.24177 0.106972 0.159793
-0.208649 0.090972 0.272483
-1.04922 0.0821721 1.11108
0.0020487 0.194925 1.29285
-0.324478 0.0474348 0.242506
-0.26599 0.0657457 0.13477
-0.279515 0.0885233 0.210249
-0.316073 -0.105222 0.854746
-0.280541 0.0445544 0.136244
-0.150996 -0.00863112 0.0976293
-0.545151 -0.000756319 0.311897
-0.248719 0.0654242 0.197056
-0.344402 0.0265923 0.280343
-0.134871 0.115889 0.811277
-0.262184 0.0642682 0.152132
-0.751994 -0.199095 0.941277
-0.900481 -0.0454673 0.588541
-0.0776395 0.061775 0.251847
-0.185701 0.0313578 0.0837323
-0.085648 -0.10346 0.790891
-0.724164 0.0199543 0.372732
-0.206338 0.106702 0.265359
-0.245796 0.0848887 0.171666
-0.290019 0.0795883 0.213088
-0.213346 0.116651 0.217196
-0.252648 0.107029 0.335492
-0.245045 0.0927892 0.180168
-1.00985 0.1296 1.10425
-0.268511 0.0708671 0.128924
-0.459258 0.0485689 0.323933
-0.750596 -0.0431286 0.392017
-0.21551 0.0580699 0.348455
-0.942726 -0.04926 0.54426
-0.349221 0.0647078 0.257553
-0.229052 0.0911424 0.251133
-0.226309 0.0863896 0.289631
-0.259368 0.0668487 0.123345
-0.233354 0.0996735 0.151201
-0.304964 0.0308887 0.181988
-0.851643 0.0132418 0.576146
-0.735204 0.046905 0.841405
-0.273314 0.101526 0.169938
-0.822518 0.0123538 0.577493
-0.0673765 0.0259758 0.17451
0.574342 -0.187821 2.43455
-0.767073 0.0546218 1.11176
-0.224848 0.0626212 0.294076
-0.190852 0.115133 0.247693
-0.414686 0.0257952 0.375024
-0.225005 0.218249 0.603593
0.102725 -0.116512 1.53779
-0.209332 0.0624356 0.279475
-0.0805586 0.0318425 0.17277
-0.0789647 0.05906 0.186957
-0.200392 0.113767 0.227343
-0.0769773 0.054697 0.157635
-0.241225 0.0871508 0.188364
-0.25071 0.0768603 0.207284
-0.285379 0.090687 0.250388
-0.116641 0.048792 0.144255
-0.268468 0.0870412 0.195365
-0.244717 0.0948639 0.246532
-0.25411 0.078868 0.232647
-0.184784 0.0994878 0.253767
-0.0245805 0.0354889 0.18417
-0.281094 0.0886439 0.209083
-0.0244124 0.0410367 0.182839
-0.29352 0.0521223 0.30409
-0.126128 0.0830337 0.806882
-0.000753805 0.205436 1.33175
-0.302272 0.0482493 0.269444
-0.204805 0.0935129 0.250287
-0.131411 0.0989341 0.822952
-0.176409 0.0662679 0.277909
0.324225 -0.124037 1.56835
-0.428585 0.116928 0.644245
-0.174244 0.071691 0.262989
-0.0201789 0.0448293 0.18337
-0.202288 0.0633012 0.288189
-0.22638 0.115269 0.195144
-0.0931028 0.0641373 0.172116
-0.210573 0.111117 0.203807
-0.245482 0.0903813 0.29087
-0.254015 0.0488986 0.229118
-0.0919053 0.0681108 0.164796
-0.215465 0.075015 0.286902
-0.481472 0.128198 0.72318
-0.604816 0.164202 0.882851
-0.676681 0.180259 0.937724
-0.23512 0.209264 0.78216
-0.265423 0.10008 0.289973
-0.655548 0.0373486 0.951704
-0.18017 0.087484 0.283858
-0.200646 0.119999 0.248041
-0.257508 0.206574 0.63449
-0.209459 0.146403 0.76158
-0.433945 0.12379 0.884729
-0.20825 0.0624763 0.27868
-0.176652 0.193674 0.773792
-0.0604382 -0.213862 0.856562
-0.282285 0.0944558 0.190086
-0.126813 0.0601355 0.164264
-0.917244 -0.108824 1.16888
-0.0859066 0.0497715 0.17369
-0.30212 0.179563 0.766257
-0.509281 0.081779 0.566511
-0.115253 0.0884214 0.193622
-0.241551 0.0793051 0.289239
-0.251546 0.0780717 0.15345
-0.0332163 0.0311387 0.180236
-0.393762 0.12541 1.0007
-0.283886 0.0975488 0.220449
-0.245021 0.0562101 0.140469
-0.250063 0.0565748 0.138079
-0.523614 0.0463849 0.398754
-0.818847 -0.00745377 0.544726
-0.385801 0.0206497 0.342772
-0.364483 -0.0105862 0.247786
-0.273094 0.0933944 0.210157
-0.827641 -0.0370142 0.57997
-0.749549 0.0677116 1.03278
-0.273585 0.0184664 0.260519
-0.287899 0.0452135 0.324686
-0.396897 0.0541459 0.249084
-0.244279 0.0757006 0.148348
-1.03894 -0.0507704 0.966767
-0.145532 0.224517 0.857194
-0.287495 0.0661938 0.209314
-0.249672 0.0771282 0.238452
-0.0713578 0.0407838 0.161644
-0.192807 0.0618896 0.15632
-0.170709 0.0888556 0.217972
-0.00433143 0.0338452 0.181371
-1.09951 -0.148332 1.05588
-0.812515 -0.0686611 1.0518
-0.771729 -0.136785 0.874736
-0.84781 -0.0146839 1.21688
-0.253161 0.0514399 0.236063
-0.0545117 0.0708346 0.195763
-0.0666565 0.0247778 0.163271
-0.430982 0.124311 0.917194
-0.382751 0.120333 0.980344
-0.526298 0.0870769 0.903567
0.390994 -0.205856 1.30939
-0.202823 0.0631472 0.284187
0.000636959 0.0267962 0.180164
-0.0126746 0.0316314 0.202341
-0.0645301 0.0833294 0.241155
-0.0702813 0.0745764 0.401411
-0.149685 0.0863463 0.236359
-0.0328768 0.0266571 0.181239
-0.666918 0.00745295 0.954125
-0.194102 0.0808409 0.266855
-1.0051 0.0900789 1.25711
-0.312341 0.0626609 0.434914
-0.942036 -0.113419 1.20063
-0.263648 0.0930992 0.220811
-0.172519 0.0664355 0.2643
-0.226242 0.142976 0.707999
0.165554 0.169589 1.34255
-0.0591402 0.0296437 0.121983
-0.0589174 0.0297115 0.122619
-0.216651 0.111726 0.197689
-0.262364 0.0780635 0.314477
0.127948 -0.102081 1.56147
0.00224238 0.041831 0.183497
0.223666 0.195531 0.546304
-0.414018 0.211859 1.05208
-0.600769 0.088753 0.944314
-0.584137 0.142288 0.915512
-0.127611 0.0619198 0.146615
-0.0378457 0.0405216 0.174421
-0.238523 0.0881067 0.235855
-0.489009 0.0733723 0.77133
-0.575313 0.209161 0.993888
-0.168818 0.0718772 0.278128
-0.13584 0.138411 0.772088
-0.115892 0.0724682 0.156513
-0.0676755 0.0360162 0.142519
-0.241002 0.0981575 0.25081
-0.0633705 -0.0668848 0.809905
-0.0842884 0.0340903 0.170251
-0.0637889 -0.0672404 0.820979
-0.0825735 -0.0187753 0.0375129
-0.477047 -0.0272614 1.02884
-0.0408826 0.0417117 0.877184
-0.0848156 0.0350534 0.170132
-0.456421 0.0810621 0.949999
-0.351961 0.152366 0.763219
-0.177868 0.0865095 0.318619
-0.262716 0.0799894 0.217728
-0.237019 0.0665503 0.299157
-0.535378 0.141125 0.903541
-0.831044 0.111503 1.009
-0.182021 0.0714022 0.872665
-0.735545 0.0928228 0.87584
-0.306772 0.144029 0.841413
-0.324805 0.0751392 0.217555
-0.287242 0.0516408 0.156472
-0.338656 0.0108691 0.247296
-0.252717 0.0910439 0.230797
-0.223201 0.0657562 0.213744
-0.22896 0.0703182 0.331778
-0.362988 -0.00167596 0.251133
-0.284894 0.0770085 0.207538
-0.276525 0.0861075 0.223211
-0.799815 0.126358 0.936722
-0.252647 0.0795332 0.152267
-0.270144 0.0643842 0.146741
-0.185886 0.171911 0.781503
-0.308821 0.0427997 0.236393
-0.74131 -0.126432 0.866501
-0.125153 0.182517 0.775011
-0.21143 0.146164 0.76666
-0.269005 0.052026 0.156315
-0.24211 0.0886764 0.193161
-0.211751 0.215964 0.598327
-0.170151 0.091856 0.317169
-0.225192 0.195609 0.73376
-0.20646 0.11613 0.224948
-0.064905 -0.0512922 0.791874
-0.348008 0.035642 0.271661
-0.0703534 0.029835 0.174179
-0.0780277 0.0352883 0.173127
-0.182816 0.110747 0.251584
-0.180445 0.0970111 0.271948
-0.269479 0.0660683 0.220569
-0.377186 0.254999 1.0019
-0.12782 0.0911436 0.816969
-0.479097 0.050529 0.338979
-0.246135 0.103075 0.206891
-0.774707 -0.130418 0.915509
-0.250762 0.0793143 0.150382
-0.308402 -0.00197793 0.293835
-0.394162 0.0678151 0.896382
-0.215664 0.07175 0.297998
-0.0594187 -0.0799182 0.849123
-0.244662 0.0759604 0.149227
-0.25106 0.0806417 0.166266
-0.185176 -0.0243858 0.160064
0.226822 0.666131 2.61931
-0.244956 0.0941266 0.180365
-0.294906 0.059985 0.895767
-0.278863 0.085407 0.208758
-0.241467 0.0850014 0.244098
-0.227395 0.0808544 0.179762
-0.050013 0.0356711 0.179727
-0.598641 -0.0132764 0.951503
-0.444084 0.166042 0.824115
-0.102293 -0.0200108 0.0358478
-0.00178796 0.040461 0.185531
-0.203244 0.0924205 0.828318
-0.116873 -0.0152635 0.823841
-0.275011 0.107815 0.315827
-0.401456 0.17127 0.900096
-0.266522 0.0626718 0.268427
0.344195 0.293563 1.71863
-0.353131 0.0834469 0.486938
-0.0141965 0.0547944 0.183222
-0.19237 0.11515 0.24545
0.00113101 0.0318586 0.175187
-0.00614923 0.0270422 0.181299
-0.0602661 0.0341739 0.116628
-0.097268 0.063774 0.19784
0.0127931 0.0378031 0.209299
-0.0558219 0.0182798 0.111252
-0.0238328 0.0352992 0.183709
-0.393921 0.0478631 0.371601
-0.238625 0.0886917 0.215454
0.322519 0.173254 0.99737
-0.190251 0.112493 0.264004
-0.604464 0.164015 0.883199
-0.76236 0.172967 1.075
-0.123461 0.179664 0.765135
-0.290685 0.091076 0.203052
-0.301364 0.116344 0.489922
-0.237118 0.0755594 0.295714
-0.539794 -0.013354 0.933882
0.112861 -0.162739 1.55589
-0.463111 -0.0785835 0.984911
-0.0279953 0.0255632 0.184955
-0.286019 0.0546497 0.293982
-0.195594 0.0733807 0.271505
-0.865132 0.0646397 1.01064
-0.230492 0.0880993 0.183445
-0.393351 0.106108 0.83987
0.386628 0.206217 1.21895
-0.300803 0.0672365 0.287283
-0.522779 0.070662 0.512344
-0.18118 0.0666874 0.272417
-0.0133935 0.0370298 0.182212
-0.276477 0.0700303 0.317702
-0.196522 0.121117 0.24233
-0.310075 0.0950626 0.225591
-0.0512705 0.0352838 0.180009
-0.244779 0.0927529 0.156326
-0.545421 0.076028 0.919092
-0.219286 0.190442 0.759852
-0.897226 -0.0208915 0.8339
-0.0589714 0.0336855 0.175057
-0.0680419 0.0350734 0.175176
-0.381761 0.0816101 0.194957
-0.315982 0.0334916 0.159013
-0.656376 -0.183477 0.981427
-0.279939 0.0567011 0.204965
-0.252347 0.0890416 0.174385
-0.738418 -0.201809 0.916202
-0.0983186 0.0118111 0.0834486
-0.445047 0.129946 0.863421
-0.327487 0.0579358 0.205521
-0.218992 0.0122061 0.572342
-0.337642 0.0554362 0.208608
-0.239724 0.111354 0.839437
-0.0617307 -0.119199 0.768387
-0.0586628 -0.190772 0.912792
-0.294808 0.0563832 0.152843
-0.256859 0.105508 0.300063
-0.192943 0.103929 0.260309
-0.190547 0.113621 0.24151
-0.423492 0.122992 0.890893
-0.175123 0.196152 0.466374
-0.246995 0.0866763 0.182949
-0.206441 0.105415 0.268668
-0.342286 0.0591889 0.17509
-0.362385 -0.00281479 0.245103
0.0888302 0.16895 1.37049
-0.543338 0.0154378 1.19248
-0.356629 0.0336697 0.272854
-0.310245 -0.0939493 0.779884
-0.0636002 0.0192388 0.682989
-0.0698526 0.0278848 0.6109
-0.163152 0.0534836 0.187278
-0.18872 0.184183 0.435401
-0.250275 0.0882568 0.185486
-0.0627618 -0.197518 0.79584
-0.193324 0.0864868 0.27037
0.0108207 0.192921 1.20987
-0.0627411 -0.195634 0.787765
-0.223073 0.212491 0.682261
-0.136629 0.134028 0.734974
-0.316921 0.116227 0.384349
-0.202418 0.0868642 0.274272
-0.0790108 0.14967 0.644327
-0.680649 0.0325381 0.784085
-0.112871 -0.0185776 0.723872
-0.879753 0.145063 1.04673
-0.260822 0.0780089 0.205807
-0.454936 0.0748979 0.278166
-0.224587 0.0951018 0.25172
-0.304306 0.0405327 0.179146
-0.248871 0.100431 0.160235
-0.836975 0.0139417 0.589577
-0.244461 0.0983119 0.156509
-0.19315 0.168885 0.783825
-0.40387 0.114596 0.919978
-0.306989 0.127309 0.881732
-0.242539 0.0876224 0.188479
-0.243362 0.0850067 0.185356
-0.246745 0.083443 0.146276
-0.270662 0.0590649 0.130658
-0.199079 0.180773 0.471507
-0.194136 0.0621397 0.295543
-0.191351 0.161594 0.834036
-0.290139 0.0491907 0.28198
-0.235764 0.0861116 0.168449
-0.0636117 0.162881 0.811141
-0.276634 0.049343 0.283288
-0.523279 0.133437 0.890821
-0.13693 0.104277 0.700087
-0.131522 0.118797 0.549476
