-0.00640708 0.00363193 0.0159757
0.13925 0.1205 0.509339
0.0901697 0.0107747 0.341734
-0.00173992 0.00912473 0.0371333
0.109605 0.119104 0.459158
0.028751 0.0307791 0.100241
0.0908215 -0.0187393 0.478175
0.0964296 0.0789666 0.321535
0.249858 -0.131418 0.932342
0.0911383 0.0709458 0.268042
0.0126277 0.012677 0.048673
-0.00663468 0.0042937 0.0184762
-0.0140158 0.0174208 0.0773184
0.111805 0.0208875 0.230991
-0.00419535 0.00736763 0.0326902
0.00973284 0.0114282 0.0377179
0.066262 0.0720777 0.243921
0.513204 0.207503 0.777612
0.53262 0.145133 0.798587
0.237932 -0.0402491 1.27641
0.291292 -0.0190061 0.848568
0.537664 0.105395 0.862524
0.441013 -0.0148406 0.811669
0.323067 -0.0428576 1.07609
0.257577 0.306465 0.990789
0.488919 -0.0201157 0.949382
0.422307 0.0986759 0.892086
0.578056 0.133245 0.929843
0.648312 0.00364347 0.960784
0.528287 0.455846 1.26311
0.377132 0.195344 0.880455
0.581472 0.23019 0.908621
0.58851 0.275995 0.915597
0.439879 0.304469 0.829913
-0.00962711 0.00454557 0.0204107
0.431662 0.0937872 0.866852
-0.122368 0.0491831 0.189402
0.352834 0.152754 0.563849
0.154533 -0.058433 0.590659
0.389321 -0.0843518 1.11168
0.366105 0.169816 0.743681
0.135353 -0.0752408 0.471931
0.454731 0.0983865 0.792102
0.099246 -0.0165919 0.448349
0.213705 -0.0482053 0.802699
0.401329 -0.0249099 0.704121
0.108778 0.14584 0.658874
0.156219 0.172239 0.57844
0.197018 -0.0736301 0.745023
0.109249 0.147427 0.655638
0.0138914 0.0149878 0.0581699
0.32715 0.0231634 0.518873
0.300616 0.17344 0.607784
-0.0734116 0.0539784 0.231539
-0.0117536 0.18106 0.705603
0.63543 0.123507 1.0163
0.301258 0.165775 0.617031
0.414508 0.0856854 0.695137
0.302323 0.0566395 0.499107
0.476138 -0.0877957 0.767075
0.318292 -0.0100197 0.563958
0.445585 -0.0319962 1.00136
0.313567 -0.0181413 0.855095
0.229846 -0.0756323 0.894976
0.376182 -0.0507577 1.0958
0.462639 -0.274037 1.42496
0.18105 0.129784 0.986952
-0.316726 0.115735 0.523748
0.171233 -0.0709647 0.506737
0.18646 -0.0253416 0.546115
0.445734 0.381193 1.43813
0.409502 0.0658644 1.20925
0.450159 0.121972 1.1255
0.1991 -0.0996358 0.596207
0.0777858 -0.0255368 0.357516
0.187175 0.126774 0.495312
0.407676 -0.0184528 0.775226
0.10319 -0.0281831 0.330622
1.04143 0.614641 2.30762
0.228664 -0.125782 0.773088
0.0805161 0.0655122 0.256864
0.11752 -0.0411679 0.520204
0.276619 -0.0124268 0.59547
0.102277 0.0576954 0.264192
0.173738 -0.063483 0.637579
-0.0963711 0.0365622 0.152293
0.261025 0.162029 0.63322
0.144832 0.0389256 0.313324
0.794855 0.369411 1.36633
0.28065 0.0523244 0.478161
0.167853 0.1031 0.391403
0.155737 0.106266 0.415148
0.0848484 0.0718946 0.239543
0.0898782 0.0899317 0.347187
0.274013 0.231393 0.897186
0.0782108 0.0774457 0.317457
-0.0510989 0.058136 0.261181
0.163471 0.115968 0.38661
0.486954 0.159496 0.725125
0.465961 0.175638 0.761817
0.556201 0.157144 0.834331
0.260355 -0.0387101 1.04086
0.25087 -0.0312614 0.710215
0.249962 -0.0544509 0.937349
0.543148 0.0395465 0.850866
0.529998 0.144967 0.841327
0.696991 0.167704 1.21494
0.639747 0.165081 1.29808
0.448146 0.062146 0.930299
0.36992 0.036633 0.784221
0.463239 0.199102 0.774306
0.846289 -0.0586069 1.4566
0.538046 0.300723 0.927765
0.490837 0.263775 0.820386
0.551008 0.120055 0.952447
0.533562 0.244053 1.07718
0.248682 0.115547 0.674207
0.696332 0.552428 1.55887
0.417375 0.247331 0.74755
0.404886 0.119501 1.01726
0.402554 0.322451 0.951732
0.233229 -0.0380719 1.0524
-0.300262 0.11092 0.481857
0.633872 -0.0134897 1.03827
0.758178 0.0853089 1.23282
0.478364 0.265092 0.976182
0.425072 0.313968 0.927578
0.561176 0.279764 0.954067
0.535917 0.0691506 0.85758
0.257289 -0.103771 1.02362
0.499011 -0.018327 1.0142
0.305121 -0.0708334 1.05121
0.472016 0.161947 0.969904
0.317804 -0.0824077 0.983148
0.226552 -0.0777017 0.950779
0.312654 -0.0823177 0.90672
0.477194 -0.0260327 0.944633
0.340978 -0.0676942 0.974739
0.644028 0.2239 0.9734
0.539112 0.224412 0.893267
0.54909 -0.029168 0.957596
0.988392 0.514975 1.79175
0.467594 -0.0365845 1.02746
0.450175 -0.0391044 0.85996
0.576086 0.177305 0.939843
0.453327 -0.0501329 0.87745
0.542334 -0.0741086 1.07415
0.465237 0.31267 1.23504
0.359419 0.0803685 0.721158
0.311768 0.239067 0.698644
0.38458 0.226445 0.900347
0.282927 -0.113375 0.477511
0.235351 -0.0698012 0.706592
0.124872 0.128944 0.516805
0.0839395 0.0842164 0.32797
0.350436 0.0850669 0.697607
0.201387 0.255637 0.985642
-0.253304 0.100967 0.414889
0.318626 -0.0201892 0.902218
0.0740566 0.0626066 0.243901
-0.0103526 0.0067068 0.028547
0.0908147 0.0623129 0.235876
0.0380967 0.0413632 0.140239
0.207415 -0.0468595 0.757333
0.0708588 0.0570821 0.265994
0.294211 -0.0698066 0.510531
0.26288 -0.0118028 0.495874
0.0515789 0.0407514 0.161939
0.000527407 0.0179578 0.0790477
0.260711 0.0872104 0.425866
0.103049 0.0695245 0.266074
-0.00612588 0.00755503 0.0334106
-0.0130607 0.00606064 0.0273033
0.251724 -0.0146309 0.532714
0.109268 0.092706 0.426222
-0.00913479 0.00696301 0.0283875
0.0985239 0.0458164 0.380768
-0.203982 0.100737 0.434933
0.0554319 -0.0204176 0.178077
-0.0120047 0.00702914 0.0288225
0.0611533 0.0639368 0.242973
-0.122775 0.0427515 0.195315
0.369317 0.158217 0.802035
0.227241 -0.0237043 0.557777
-0.00527825 0.00926993 0.0410921
0.231473 0.121566 0.622496
-0.00682799 0.00307106 0.0128364
0.258732 0.144001 0.526865
0.262059 -0.155738 0.831768
0.333946 0.0586353 0.537486
0.520181 0.102154 0.884113
0.230813 -0.133831 0.729062
0.28768 0.0679206 0.61857
0.276245 -0.161715 0.875994
0.0916549 0.0766312 0.294552
0.163501 0.123716 0.413304
0.337478 -0.0395778 0.681248
0.310549 0.227983 0.858662
0.159336 -0.0875011 0.511507
0.172943 -0.0930952 0.652248
0.161005 0.173189 0.781598
0.259615 -0.116754 0.478705
0.261152 -0.138711 0.982537
0.249135 -0.0962685 0.437145
0.261761 0.0874477 0.456913
-0.0802398 0.0351903 0.159942
-0.0626612 0.0449132 0.198513
0.220372 0.110624 0.812846
0.271973 -0.0349327 1.03372
0.20862 0.0571813 0.760026
0.0644223 0.0611231 0.233279
0.0571823 0.0657482 0.225295
0.63613 -0.0381111 1.12503
0.197759 -0.0760195 0.317907
-0.0684593 -0.0304824 0.160208
-0.0131214 0.0144684 0.0639231
0.264125 -0.0188437 0.467899
0.143492 0.0267322 0.325754
0.191074 0.0719892 0.367788
-0.020028 0.0143544 0.0638501
0.203378 0.0865151 0.735533
0.0341902 -0.0225956 0.122887
0.0354484 0.0379568 0.129348
-0.0362906 0.0826753 0.255866
-0.11289 0.0426679 0.184362
0.0987216 -0.0284739 0.295179
-0.107736 0.0367646 0.171386
0.171969 0.0807119 0.357573
-0.204743 0.155528 0.671747
-0.0171367 0.0202424 0.0860913
0.208533 0.0859688 0.480736
0.28144 -0.101474 0.455699
0.0782381 0.0668927 0.253743
0.0222744 0.0237523 0.0772203
0.265663 0.0426393 0.470056
-0.00592949 0.00428586 0.0188206
0.0343587 0.0289524 0.0991193
0.135532 0.0283905 0.292873
0.187561 0.0472647 0.40022
0.0322305 0.0274237 0.103858
-0.00596298 0.00358031 0.0152256
0.130663 0.0357973 0.281995
0.100068 0.0595209 0.275416
-0.00652712 0.00382029 0.0164282
0.157821 0.118064 0.396889
0.210454 0.0892637 0.343261
-0.00449847 0.00585715 0.0220834
-0.00743779 0.00347024 0.0156585
0.0463644 0.0342378 0.157991
0.286243 -0.0658805 1.03185
0.0138347 -0.0069153 0.0409917
0.105614 0.0829499 0.378461
-0.0146291 0.0161429 0.0745832
0.131871 0.106788 0.346579
0.0215123 0.0221719 0.0769598
-0.00849958 0.0039565 0.0177494
-0.08644 -0.0398719 0.204521
-0.0137434 0.00637618 0.0286996
0.029162 0.031093 0.101082
0.0905118 0.0617491 0.234776
0.0729712 0.0645053 0.257242
-0.0301073 0.0137613 0.0566225
0.170227 0.069544 0.392643
0.0157986 0.0165642 0.0631477
-0.00867956 0.00356161 0.0156211
0.0116558 0.01212 0.0464755
-0.0044869 -0.000211474 0.00929098
0.0448257 0.0380609 0.145625
-0.00647477 0.00381793 0.016965
0.0414779 0.0408353 0.136404
0.0734393 0.0630901 0.240684
0.033527 0.0249169 0.114022
0.022764 0.0260954 0.085482
