0.285215 0.0986903 0.495823
-0.291552 0.0769997 0.908049
0.311146 0.220914 1.3019
0.626492 0.118862 1.27571
-0.42224 0.119228 1.00232
0.408218 -0.109343 1.35892
-0.106719 -0.0267972 0.842903
0.88146 0.129703 1.83085
0.129295 0.0952812 0.275777
0.0119061 -0.00693356 0.0580149
-0.0572307 0.0356426 0.180708
-0.059572 0.0334583 0.17411
-0.0822695 0.0327271 0.169041
-0.438686 0.117579 0.930322
-0.0744189 0.0377026 0.140253
-0.0662923 0.0328367 0.141638
-0.16789 0.0703858 0.263874
-0.451153 0.0870344 0.908846
-0.170286 0.0666162 0.274761
0.00317229 0.0477106 0.174661
-0.390353 0.0784762 0.947124
-0.178702 0.067048 0.264379
0.346373 -0.0143144 0.954824
-0.0672839 0.028602 0.157073
-0.0705466 0.0304741 0.141088
-0.0728313 0.0244327 0.148685
-0.061151 0.0220806 0.132154
-0.0690232 0.0279465 0.152966
-0.0540736 0.0237192 0.158101
-0.0691945 0.0226768 0.131427
-0.0864705 0.0310713 0.167412
0.27862 0.178887 0.497779
-0.073573 0.047508 0.36319
0.142829 0.0861211 0.285176
0.161779 -0.0113319 2.22063
-0.469169 0.109314 0.888692
0.478937 -0.101731 1.0643
0.106123 0.0766758 1.57153
-0.305313 0.0764205 0.912754
-0.0899085 0.0441797 0.259939
0.960515 0.59202 1.64175
0.190841 0.24768 1.51518
0.689284 0.399977 1.14226
0.036663 0.0941951 1.50717
0.00789638 0.0317731 0.231947
-0.220445 0.0699499 0.560092
-0.448264 -0.0572595 0.970763
-0.709712 0.233947 1.83405
-0.0714829 0.0422601 0.130784
-0.457991 0.136072 0.708545
0.536914 -0.216841 0.988221
0.392638 0.134646 0.681584
0.0751934 0.0584338 0.170998
-0.532296 -0.0872136 1.14553
-0.111592 0.0560199 0.75487
0.395207 -0.163996 1.29707
0.386926 -0.107062 1.32149
0.918208 -0.0813598 1.65885
0.435126 -0.10135 1.01371
0.401973 -0.261933 1.26402
-0.594766 0.0339507 0.998864
0.00960352 0.0594257 0.221696
0.230083 -0.0987535 1.15641
-0.266187 -0.321844 1.01435
-0.0787984 0.039349 0.170238
-0.658928 -0.0243534 1.04906
0.669638 0.0969124 1.35293
-0.0168582 0.0324542 0.804067
0.646116 -0.0840006 1.30291
0.351053 0.139365 0.434759
-0.105657 0.0259224 0.219612
-0.14739 0.0539503 0.870595
-0.414748 0.1182 0.940529
0.00422458 0.100496 1.59833
-0.284617 0.0881408 0.838004
-0.621743 -0.124451 1.32283
-0.211528 0.0893795 0.870306
-0.488041 0.13527 1.00379
-0.176021 0.119618 0.794672
-0.233581 -0.297185 0.900575
0.300851 0.239396 1.42581
-0.577892 0.307221 1.26273
-0.0205415 0.0301884 0.179103
-0.352631 0.158397 1.04994
-1.01104 0.0517603 1.46554
-0.0603329 0.0291808 0.174238
-0.513258 0.131482 1.08282
-0.0389696 0.0336469 0.175291
-0.0985235 0.038858 0.210966
0.316193 -0.0420816 0.398058
-0.24536 0.165588 0.781491
0.421351 -0.268674 0.935139
-0.066087 0.0255883 0.171523
0.0961803 0.225355 0.732633
1.07097 -0.0920176 1.94167
-0.80232 0.0046473 1.13469
0.0736286 0.0564909 0.166012
-0.0557678 0.0374756 0.174641
0.347428 -0.135355 1.63062
-0.227245 0.0968868 0.779698
-0.688889 0.272829 1.2175
-0.0781624 0.0301584 0.165119
0.00173759 0.0380818 0.173314
-0.397439 0.129456 1.01462
-0.229708 0.0977829 0.792056
-0.0859723 0.0361767 0.179965
-0.0032583 0.0394459 0.182906
-0.0462105 0.00872922 0.103369
0.00525431 -0.00379186 0.0324794
0.0150845 0.00856654 0.0363523
-0.0386445 0.0146535 0.0608161
-0.217185 -0.332858 0.986889
-0.0225254 0.0131914 0.10068
-0.044535 0.0203255 0.0693072
0.761777 0.0492704 1.48172
0.41056 -0.212925 1.36493
0.282897 0.145408 0.491879
-0.178901 0.0655599 0.265867
-0.0489655 0.0344548 0.177695
0.410164 -0.00904501 1.17704
-0.162415 0.0723011 0.285614
0.423287 0.223294 1.28343
0.441251 0.0407369 1.12422
-0.179471 0.075356 0.272539
-0.616544 0.0419224 0.998016
-0.0956103 0.0506434 0.319161
-0.558049 0.0367267 0.961232
-0.122945 0.0816821 0.790845
-0.0782501 0.0322549 0.169283
0.0197702 0.171432 0.929232
-0.076199 0.020952 0.140415
-0.126349 0.0537881 0.816499
0.0157605 0.0138863 0.0416598
-0.00196781 0.00029741 0.00308598
-0.167527 0.0652229 0.270405
0.161628 0.106739 1.33206
-0.00363103 0.0482379 0.231088
0.00851452 0.155516 1.41043
-0.128936 0.0592518 0.818763
0.00428642 0.0383881 0.206592
-0.0711502 0.0195536 0.130805
-0.29131 0.103635 0.49695
-0.236875 0.0637898 0.478561
-0.833649 0.429615 2.13403
-0.236838 0.0687364 0.497346
-0.0861896 0.0432386 0.168276
-0.172259 0.0751046 0.840816
-0.0933095 0.0420687 0.31847
0.990228 0.677774 1.93083
-0.171886 0.0669676 0.268364
-0.0767973 0.0280619 0.151307
1.00585 -0.0652616 1.94245
0.0873741 0.128591 0.382691
0.215296 -0.0434814 2.93016
-0.0483301 0.0812128 0.623905
0.193972 0.227609 1.38933
0.423852 0.0541396 1.06625
0.00386799 0.0492414 0.204094
-0.457348 0.106401 0.923898
0.460563 0.0441892 1.16736
-0.594322 -0.261713 1.06656
-0.58626 -0.117668 1.0802
-0.185192 0.0849412 0.891624
0.188679 0.241768 1.4913
0.277335 0.141263 0.487186
0.549021 -0.26742 0.872286
-0.575126 0.083656 0.931624
0.435492 0.234451 1.18936
0.415011 -0.11066 1.39548
-0.640917 -0.0742141 0.997032
-0.105482 -0.0184563 0.80863
0.424491 0.00696861 1.17897
-0.0296913 0.0319041 0.175862
0.205997 0.231603 0.905711
-0.20673 0.127146 0.815898
-0.413116 0.0936197 0.887933
-0.131342 0.10624 0.795123
-0.580949 0.248031 1.16056
0.190661 0.209904 1.31344
-0.0602492 0.111302 0.836763
0.0622487 0.0958827 0.31957
0.0169101 0.0476808 0.339446
0.00156936 0.0406685 0.181047
-0.0689192 0.0338459 0.171649
-0.0263291 0.0126046 0.063672
-0.087488 0.0423134 0.168466
-0.00533684 -0.0030631 0.0114091
0.00804901 -0.00370067 0.04561
-0.00373462 -0.00232717 0.00836454
-0.0199794 0.0497642 0.201784
-0.0267675 0.00923262 0.0510664
-0.0384887 0.0340451 0.175909
-0.00593315 0.0356888 0.181832
-0.0612742 0.0477478 0.296007
-0.10987 0.044532 0.290372
-0.0736791 0.0259416 0.169661
-0.0880126 0.0430328 0.170546
0.00222945 0.0451458 0.177675
-0.0842041 0.0340712 0.168997
-0.0664016 0.0334934 0.172228
-0.0922011 0.0356948 0.168446
-0.0346923 0.0417313 0.177464
-0.0322817 0.0113812 0.061222
0.0033484 0.0367648 0.206192
-0.601521 0.250186 1.07203
-0.0788918 0.0289809 0.173194
-0.0900001 0.0634093 1.36305
0.0191051 0.108515 0.78664
-0.0940492 0.0330169 0.170419
-0.0793371 0.029086 0.171922
-0.0198543 0.0309903 0.200653
-0.0554735 0.0257791 0.113122
-0.0457147 0.0164712 0.0881472
-0.0856599 0.0445328 0.166759
0.00452054 -0.00239723 0.0299953
-0.0779403 0.0325907 0.17037
-0.164531 0.0779464 0.286628
-0.320884 0.0445054 0.975752
0.168168 0.120407 1.46369
-0.534887 -0.0819615 0.961142
-0.00414617 0.0408809 0.177263
-0.0120289 0.0349933 0.176272
-0.641901 0.0364726 1.07889
-0.643473 -0.073238 0.998825
-0.013263 0.0417298 0.177928
-0.577551 -0.0180569 0.928576
-0.00534872 0.0314859 0.175593
-0.532783 -0.00712605 0.901465
-0.530671 -0.0204302 0.846654
0.424337 0.0568516 0.928834
-0.747065 0.0414512 1.06069
0.430951 -0.144449 1.13035
0.727763 0.00878 1.59417
-0.173024 0.0766893 0.274858
-0.0813002 0.0403865 0.16984
-0.728188 0.0639431 1.02367
0.0024293 0.0390829 0.176482
-0.706343 -0.198326 1.05391
-0.685442 -0.193641 1.02175
-0.372502 0.101266 0.854944
-0.0753771 -0.310131 1.1324
0.400751 -0.207185 1.34085
0.592229 -0.102776 0.98735
-0.14806 0.111413 0.770197
-0.0615368 0.0300852 0.11927
0.00533257 -0.0109501 0.0679289
-0.0133025 0.0411393 0.175364
-0.0851037 0.0311157 0.168199
-0.0781021 -0.129219 1.31327
-0.0404849 0.018606 0.116418
-0.389511 0.0958621 1.05202
-0.438982 -0.295626 1.05143
-0.0445065 0.0315822 0.161062
0.0508991 0.0828703 1.53298
-0.0748268 0.0303979 0.17558
-0.584231 -0.0837551 0.925284
0.0395479 0.136492 1.45775
0.415343 -0.254548 1.2673
-0.0821653 0.0383337 0.168127
-0.0887838 0.0395563 0.168587
-0.104563 -0.244731 1.62399
0.00212058 0.0496406 0.187047
-0.0825857 -0.270721 1.26767
-0.118347 -0.100761 1.70264
-0.171995 0.0756359 0.273589
0.391745 -0.0152857 1.09971
0.588052 -0.142994 0.993099
0.386317 -0.25156 0.864055
-0.477559 0.0716227 1.04275
0.447321 0.0619965 1.13228
-0.525702 -0.0892979 0.914513
-0.119075 0.0743879 0.778968
-0.29714 0.0709768 0.890566
-0.396175 0.0734805 0.931602
0.393194 -0.272284 1.17329
-0.636751 -0.0786401 1.00196
-0.0595137 0.0332325 0.173081
-0.596086 0.0897002 0.968518
-0.333535 0.0370652 0.929474
0.489911 -0.0490203 1.57597
0.121672 -0.186525 1.80335
0.537323 -0.226342 1.00413
0.0217552 0.112729 1.86086
0.657575 0.0648927 1.44919
-0.542141 0.143547 0.9274
-0.0126524 0.0355054 0.176665
0.208109 0.231808 0.898615
0.539369 -0.237936 0.997317
0.36839 -0.262423 0.924611
0.68946 -0.109867 1.16103
-0.00340382 0.0364319 0.175686
-0.611987 -0.00671251 0.965093
0.252623 0.115292 0.447487
0.0781125 0.0583265 0.168204
0.00477879 0.0560223 0.187111
-0.60813 0.0971284 0.957195
-0.0119073 0.0343146 0.390957
-0.279635 0.0499825 0.859385
-0.0154571 0.0440734 0.176673
-0.0791273 0.0395525 0.170012
-0.0337427 0.051803 0.318069
-0.0141865 0.0291282 0.197503
0.521724 -0.105709 1.0862
0.304855 0.139888 0.551274
-0.290481 0.0350398 0.876328
0.504539 -0.103315 1.05772
0.8288 -0.108708 1.61093
-0.173033 0.075171 0.831538
1.06353 0.0108924 2.10099
0.520026 -0.0447247 1.66961
0.494966 0.0471108 1.15081
0.32247 0.0967568 0.564737
-0.510885 -0.0987696 0.928585
-0.585906 0.0376099 0.943191
0.260704 -0.112158 1.45795
0.596916 0.0271546 0.994464
0.0282646 0.10845 1.73536
-0.0685141 0.139936 1.36755
0.159026 0.150299 1.41611
-0.377908 0.0727877 0.912065
-0.737042 0.197002 1.12395
0.402188 -0.28342 0.99735
-0.282343 0.054464 0.862535
0.453259 0.264457 1.47312
0.137689 0.109287 1.15263
0.0218861 0.0818777 0.462168
-0.414974 0.0993537 0.873587
0.467241 0.0492954 1.08333
0.523905 -0.219628 0.980834
-0.0214367 0.0480005 0.187426
0.95875 0.0540564 1.87983
0.0449256 0.0998912 1.34543
-0.546874 -0.094397 0.954729
0.347716 0.210397 0.754898
-0.0285357 0.0376132 0.177123
0.451317 -0.0901884 1.44053
-0.0758489 0.0620215 1.27709
-0.447709 0.0788202 0.923392
-0.18153 0.0856748 0.865876
0.504363 -0.039207 1.6154
0.408292 0.00820747 1.12838
-0.0738579 0.0583801 1.49562
0.530631 -0.233214 0.978958
0.044638 0.0812476 1.46683
-0.532689 -0.0194463 0.91195
-0.0795111 0.0634696 1.57505
-0.625 -0.0262608 0.992766
-0.523479 -0.0901018 0.911732
0.47686 0.0712467 1.0468
-0.0243992 0.0334401 0.176247
-0.316132 0.0505695 1.00365
-0.455179 0.0733058 0.984764
-0.433407 0.120553 0.869921
-0.436904 0.101642 0.930487
0.412799 0.239185 1.36569
0.581785 0.0381425 1.42681
-0.540487 -0.086658 1.15063
0.180419 -0.0536016 2.40176
-0.587787 -0.0181332 0.941187
0.206157 -0.108835 1.3502
0.404433 0.221993 1.18977
-0.50757 -0.0862417 1.09465
0.247672 -0.0520938 0.547853
0.435091 -0.180511 1.4209
-0.578651 0.0292369 0.967132
-0.40381 0.0761223 0.938982
0.129374 -0.110502 1.70227
0.373861 -0.265954 0.931939
0.791825 -0.0486504 1.53648
0.513862 0.100276 1.12582
-0.514325 -0.0125938 0.880856
0.45917 -0.111095 1.06831
-0.461698 0.107065 0.939869
0.523488 -0.0957624 1.02726
-0.057467 -0.287271 0.839163
0.417937 0.235207 1.23853
-0.0859528 0.0529424 1.24128
-0.390226 0.065542 0.976562
-0.529032 0.0339949 0.906822
-0.561512 0.0994974 0.950634
0.449124 0.242283 1.17663
-0.720978 -0.207301 1.08623
-0.121595 0.0762512 0.813586
0.451239 0.0412894 1.15401
-0.538816 0.0878843 0.925108
-0.104245 -0.0162463 0.820321
-0.26742 0.0768825 0.834893
-0.435096 0.0756339 0.907196
-0.593282 0.036613 0.956877
0.148582 0.212618 1.29181
0.410199 -0.13515 1.06823
0.559113 -0.116447 1.06209
0.31225 -0.164262 1.24965
-0.303392 -0.298838 0.962013
0.0573156 0.193047 0.555228
-0.497369 -0.0223783 0.793542
-0.674386 -0.122785 0.981088
-0.0776131 0.0442006 0.171022
-0.0277392 0.0364581 0.176609
-0.186466 0.074329 0.264266
0.215936 0.22311 1.78474
0.0364527 0.0580562 0.185131
-0.282728 0.0830025 0.870307
-0.472995 0.0649666 0.995202
0.00335102 0.0425875 0.176389
-0.285036 -0.300067 0.983231
-0.00591894 0.0256476 0.176625
-0.75596 -0.131805 1.08987
0.114921 -0.183618 1.75885
0.0910187 0.061692 1.58063
-0.605727 0.0951402 0.969686
-0.386834 0.0767553 0.937389
0.412821 0.00683207 1.1525
0.397149 0.0237767 0.914287
-0.582514 0.0884839 0.987506
0.454727 0.243086 1.21466
-0.190128 0.0607035 0.288113
-0.164609 0.0868941 0.621328
-0.105867 -0.0269362 0.828723
-0.188681 0.0769048 0.264331
-0.0199287 0.0442402 0.181008
-0.00314959 0.0359876 0.173819
-0.535222 0.0853096 0.914236
-0.027779 0.0430599 0.16548
-0.0750256 -0.263458 1.81226
-0.0284338 0.0439547 0.175531
0.0850662 0.19839 0.650496
-0.548051 -0.182934 1.15189
0.293496 0.148345 0.516797
0.582311 0.163239 0.968771
0.00486128 0.0265362 0.178183
-8.64618e-05 0.0504089 0.200632
-0.0178962 0.0313272 0.178037
-0.600554 0.134747 0.941835
0.591256 0.0345322 0.984945
0.385473 -0.257791 0.9155
-0.487633 0.0297842 1.04884
-0.0944119 -0.097669 1.42071
-0.566869 0.079149 0.957654
-0.113125 -0.538047 1.99537
-0.708342 -0.074763 1.11396
-0.592374 -0.0885628 1.02089
-0.113225 -0.020842 0.825565
0.00171459 0.0422609 0.187217
-0.193694 -0.289358 0.889105
-0.035006 0.0410224 0.1762
-0.630439 0.10608 0.991265
-0.024186 0.0333142 0.176292
-0.179504 0.0728076 0.264014
0.653124 0.0787636 1.4144
-0.108371 -0.0266089 0.844587
-0.0557467 0.0365048 0.173674
0.00366196 0.0551784 0.185338
0.455057 0.0429878 1.10267
-0.0196309 0.0424684 0.173756
-0.360788 0.0499329 0.935526
-0.00176991 0.0438787 0.175843
-0.0221732 0.0457269 0.174568
0.0023815 0.051966 0.175772
-0.16907 0.0811675 0.295481
-0.0526113 0.0264307 0.171619
0.396575 0.110001 0.66308
-0.00733368 0.0506792 0.199565
-0.202571 0.0913896 0.830304
-0.470472 0.13852 0.969088
-0.761681 0.226256 1.17543
-0.522753 0.13464 0.984276
-0.492957 0.133139 1.02807
-0.0273405 0.0435192 0.176902
0.154434 0.161263 1.51657
0.419223 0.0388051 1.02651
0.537 -0.0981531 1.0502
-0.5003 -0.00715933 1.09645
-0.027942 0.0292671 0.175675
0.516638 0.121549 1.16255
-0.213402 0.105893 0.776777
-0.0216379 0.0534986 0.197112
0.829867 -0.0888896 1.75144
-0.0885837 -0.307782 0.849967
-0.501777 0.126458 0.943813
-0.628541 0.158502 1.21692
-0.140548 0.110966 0.766333
-0.887548 0.0396032 1.1886
-0.0932983 -0.311679 0.877091
-0.846663 0.0418457 1.22038
-0.0718912 0.0412269 0.222703
-0.0998832 -0.294683 1.82169
-0.593344 0.22046 1.03852
-0.0387166 0.0337048 0.175515
-0.704739 0.186744 1.07134
-0.023867 0.0336534 0.177998
-0.030529 0.032705 0.176705
-0.0147441 0.0233128 0.177067
-0.198117 0.0646565 0.261402
-0.555099 0.211521 0.994089
-0.290534 0.115719 0.827576
0.365326 0.102734 0.60668
-0.396148 0.118295 0.865922
-0.164581 0.0683286 0.295798
-0.036134 0.0613553 0.353978
0.438749 0.230475 1.32253
-0.0967499 0.0548837 0.660902
-0.471732 0.151592 1.2458
-0.869133 0.0108547 1.22923
-0.394883 0.120962 0.977997
-0.198434 0.068647 0.430559
-0.560096 -0.0276507 0.898214
-0.555514 0.121007 0.868276
-0.449473 -0.0755197 0.786526
-0.239587 0.0698172 0.368597
-0.580616 -0.107386 1.05681
-1.13191 -0.0878229 1.49456
-0.672389 -0.145742 0.996127
0.215187 -0.172761 1.50994
-0.0281356 0.029595 0.175874
-0.0542826 0.0292718 0.174789
-0.253574 0.0868086 0.477506
0.519814 0.101127 1.12644
-0.33317 0.0814085 0.884137
0.313569 -0.117202 1.49469
0.303622 0.15192 0.467604
-0.175778 0.0881153 0.829811
-0.888587 0.0366864 1.19668
-0.446608 0.12283 0.905508
-0.0173716 0.031004 0.177025
-0.850474 0.00639752 1.20134
-0.459252 0.133302 1.056
-0.805527 -0.136331 1.16092
-1.13173 0.301872 1.72076
-0.214635 0.111169 0.874467
-0.0242027 0.0406526 0.179244
-0.0485409 0.0347544 0.176645
-0.0183719 0.0342006 0.176465
-0.764557 0.0376933 1.10937
-0.084057 0.0340326 0.168652
-0.167865 0.057499 0.858946
-0.11092 0.0538784 0.780331
0.0349683 0.0548021 0.183078
-0.442522 0.0816114 0.918608
-0.594953 0.0860753 0.932713
-0.00594884 0.024815 0.169808
0.485123 0.0745925 1.06908
-0.577046 0.129537 0.903228
0.191087 0.0944321 0.30264
0.302337 0.159723 0.497307
-0.027734 0.04242 0.169969
0.183424 -0.286167 1.75275
-0.0898967 0.0416832 0.192999
-0.211373 0.0563654 0.300396
-0.0228754 -0.266792 1.78994
-0.0901548 0.0469683 0.171753
-0.0856362 0.024707 0.171365
-0.0833007 0.0486284 0.168931
-0.0353113 0.0410574 0.175307
-0.0698155 0.0392119 0.179132
0.00346067 0.0552472 0.184908
0.00188929 0.0327619 0.177123
0.474269 -0.261573 1.03185
-0.196816 0.0723449 0.312435
0.165166 0.232505 1.34593
-0.179159 0.0694721 0.280109
-0.611985 0.146784 0.96959
-0.208849 -0.268843 0.816559
0.551858 0.151328 0.918476
0.695615 -0.318153 1.17676
-0.0159173 0.0592973 1.09724
-0.165297 0.0686108 0.299622
-0.136879 0.121002 0.808199
0.0769988 -0.246872 1.55316
-0.134626 0.182684 0.775758
-0.089656 -0.285218 1.33744
-0.411582 0.12118 0.960459
-0.018462 0.0420636 0.175521
0.411307 0.062353 1.36738
0.343551 -0.256908 0.881266
-0.249819 -0.291673 0.896289
-0.0217611 0.0246688 0.173653
-0.555692 0.141049 0.946444
-0.388508 0.0699465 0.916804
-0.0372156 0.0151147 0.0733563
0.200767 -0.0537321 2.72136
-0.114924 0.0523148 0.2451
-0.478806 0.115827 0.927376
-0.451098 0.125192 0.92919
-0.077416 0.0469666 0.170892
-0.0126586 0.0410205 0.175738
-0.598002 0.0413711 1.02134
0.46928 0.258893 1.44152
-0.0703381 0.0392751 0.171471
-0.0129678 0.0354088 0.175327
0.0540663 -0.289638 1.87921
0.475325 -0.10204 1.05519
-0.67206 -0.144012 1.00219
-0.00683193 0.0345301 0.174601
-0.623986 -0.0904789 0.990399
0.283038 0.0981121 0.492844
-0.0741063 0.0806775 0.417127
-0.0506115 0.0345357 0.176628
-0.390051 0.0196065 0.841671
-0.00646945 0.0268222 0.178526
0.457597 -0.273968 1.11116
-0.329958 0.159107 0.792415
-0.0969313 0.0323246 0.18562
0.21356 0.195814 0.706849
-0.0291615 0.0273486 0.185874
0.806318 -0.0828305 1.82572
-0.122069 0.0524025 0.812303
-0.0792696 0.0394965 0.169917
0.0047889 0.0554191 0.185784
-0.0888034 0.0270622 0.179225
-0.0768132 0.0281364 0.170047
-0.0890011 0.0240898 0.165929
0.277734 0.0994848 0.477553
-0.139766 0.0373845 0.244152
0.0891326 0.0691751 0.194401
-0.217082 0.103743 0.787938
-0.0194434 0.0475555 0.174389
-0.0709612 0.0393301 0.172069
-0.0468375 0.0332827 0.221966
-0.211333 -0.305467 0.922747
0.00350619 0.031947 0.174054
-0.0425998 0.0303558 0.209599
-0.296215 0.0409975 0.889457
0.00273563 0.0310112 0.171404
-0.102039 -0.0152897 0.820044
-0.0356982 0.0288851 0.192625
-0.0148536 0.0240114 0.178177
-0.162594 0.0672122 0.289652
0.0146228 0.068854 0.309242
-0.43643 0.104983 0.846982
0.834087 0.122644 1.73692
-0.173664 0.0652213 0.89393
-0.0867762 0.0425367 0.169159
-0.216635 0.102353 0.904428
-0.08787 -0.314072 0.863731
-0.0235646 0.0422026 0.176679
0.387434 -0.015843 1.07155
0.00341582 0.0420663 0.175726
0.603334 0.116105 1.17255
-0.294332 0.071813 0.766044
-0.00583235 0.0348676 0.178945
-0.0238712 0.0396002 0.178254
0.501094 -0.269992 1.05897
-0.00168279 0.0425992 0.177525
0.549214 -0.275534 1.94723
0.450434 -0.266892 1.07818
-0.0121452 0.0359633 0.177298
0.446377 0.183209 0.82859
-0.458414 0.133129 0.961292
-0.801201 0.321839 1.42985
0.00157241 0.0397803 0.177116
-0.0322689 0.0298466 0.173982
0.129756 0.104041 1.52148
-0.581024 -0.0225163 1.27237
-0.458335 -0.0839485 0.990656
0.695188 0.223457 1.11414
-0.00708088 0.033323 0.183975
0.607969 -0.0370472 1.14296
-0.0840011 0.0364296 0.168411
-0.167422 0.117255 0.756675
-0.489843 0.1511 0.953409
-0.123441 0.088482 0.775463
-0.55658 0.231851 1.11218
-0.320476 -0.299071 0.954737
-0.268851 -0.298671 0.930978
-0.30142 -0.110235 0.889564
-0.176022 0.0723289 0.253758
-0.172068 0.0652182 0.27118
-0.0887294 0.0455966 0.168458
0.31478 0.180124 0.512862
-0.0646994 0.0269472 0.170951
0.160887 0.133653 1.34978
-0.0671589 0.0383543 0.132778
-0.0286659 0.0264389 0.18032
-0.0329406 0.0281719 0.185412
-0.0220305 0.0264729 0.181573
-0.047656 0.0770779 0.334667
-0.0841623 0.0385062 0.170057
-0.0318797 0.0346326 0.180834
-0.234735 0.103313 0.808537
-0.164782 0.0555616 0.843532
-0.0664208 0.0336687 0.172952
0.511203 0.120563 1.15572
-0.111755 0.0550621 0.781052
-0.0217099 0.0291375 0.175667
0.116401 -0.184199 1.75301
-0.119701 -0.026518 0.875583
-0.111001 -0.0181663 0.770927
0.663989 -0.090835 1.3585
-0.0034752 0.044524 0.176275
-0.0608504 0.0272128 0.178758
0.560989 -0.137897 0.945435
-0.0455649 0.117913 1.02936
-0.0595168 0.0261773 0.173755
0.558061 -0.136637 0.939013
0.119292 0.187219 0.667358
-0.0233649 0.0396025 0.16897
0.00305481 0.0340238 0.181786
0.117399 -0.107199 1.59957
0.357211 -0.113171 1.36703
-0.0308184 0.0310315 0.180652
0.189966 0.0754668 0.257215
-0.175487 0.0782132 0.276076
0.00548484 0.0333229 0.194251
0.125874 0.1047 1.50057
-0.179704 0.103917 0.678335
-0.0672622 0.037724 0.174357
0.185061 0.211941 0.817335
-0.589149 0.170725 0.917273
-0.341498 -0.0739496 0.509772
-0.728775 0.207583 1.08434
0.00344087 0.0450618 0.175899
-0.158328 -0.163784 2.9182
-0.382058 0.0646975 0.956238
-0.0722742 0.0399333 0.174387
-0.298173 -0.255388 0.815474
0.00364591 0.0332652 0.178171
-0.0596341 0.0276404 0.171371
-0.0804081 0.17989 1.18677
-0.510702 0.227385 1.0626
-0.453693 0.121818 0.907098
0.474696 -0.252331 0.964356
0.329161 0.100493 0.578899
0.259962 0.146737 0.465004
-0.180765 0.0705051 0.320517
0.48695 0.221756 1.006
0.123906 0.179001 1.30444
0.21899 0.254417 1.5443
0.00508493 0.0273047 0.180107
-0.618506 -0.0247351 0.982769
-0.294492 0.0535963 0.30534
0.12213 0.188115 0.672741
0.00562439 0.0249648 0.180267
0.120236 0.191396 0.700407
-0.240322 0.0704005 0.317261
-0.219613 0.14217 0.775424
-0.212323 0.0593229 0.293969
-0.115029 0.0762156 0.719132
-0.12903 0.128602 0.729616
0.155965 0.176419 0.566618
-0.318802 0.115659 0.920168
-0.0222239 0.0254605 0.176161
0.299769 0.157767 0.491596
0.00205861 0.029146 0.175974
0.160547 0.16591 0.671268
0.0941015 -0.0226646 1.31205
0.965612 -0.129989 1.88435
-0.00227179 0.0380534 0.176546
-0.0653811 -0.274058 1.03127
-0.645154 -0.0924816 1.02354
0.959512 -0.0825567 1.88113
0.00253207 0.0291875 0.17916
-0.213553 0.0699633 0.302514
-0.269366 0.0770575 0.33059
-0.445265 0.147929 1.15218
0.372415 -0.277813 0.968853
0.873868 -0.0393429 1.64192
-0.0621745 0.0286931 0.171957
-0.0554236 0.0344974 0.174708
0.827818 -0.109578 1.55104
0.386144 -0.0138723 1.10854
0.282869 0.212981 1.26693
-0.442218 0.106798 0.940582
-0.327905 -0.320657 1.01953
-0.161691 0.0704211 0.292663
-0.0112044 0.0392485 0.175609
0.523644 0.0988253 1.01417
-0.0961519 0.0642082 0.66228
-0.193013 0.0793284 0.851705
-0.466263 -0.163759 0.971254
0.445252 0.237748 1.19921
0.775907 -0.126595 1.58059
-0.0634955 0.0293533 0.176039
0.3037 0.146861 0.483321
-0.258785 0.0657899 0.527916
-0.558561 0.208818 1.03871
-0.0547959 0.0364458 0.174387
0.119715 0.192935 0.703506
-0.0147921 0.0233483 0.176887
-0.579764 0.237882 1.1149
-0.171972 0.127226 0.794889
0.514096 0.10038 1.12059
0.559494 0.103096 1.12213
-0.44169 0.0839933 0.908714
0.478038 -0.319388 1.16148
-0.127294 0.0998055 0.650608
0.0436771 0.104708 1.36766
-0.0149109 0.108954 1.64394
0.49386 -0.212503 0.923847
-0.0812969 0.0404099 0.170127
0.50354 -0.263655 1.02741
-0.390373 0.104456 1.03055
-0.142867 0.110859 0.771576
-0.146106 0.111604 0.810157
-0.309243 0.104552 0.840312
0.710686 -0.0771357 1.62128
0.331382 -0.170016 1.3094
0.00415301 0.0282429 0.194401
-0.289941 0.0697007 0.331194
-0.268704 0.0775788 0.329664
-0.285083 0.0498335 0.328418
-0.0588601 0.123657 0.89866
-0.207947 0.131377 0.728955
-0.365877 0.0605127 0.838257
-0.00385402 0.0380524 0.180193
-0.0393532 0.0145432 0.149613
0.509621 0.107455 1.13018
-0.0129979 0.036058 0.177785
-0.153115 0.166723 0.900378
1.33757 -0.168609 2.69585
0.41398 0.235852 1.23054
0.110342 0.199992 0.640773
-0.486319 0.215405 1.1078
-0.435308 0.124738 0.998126
-0.394983 0.129045 1.00171
-0.0578787 -0.151904 1.51506
-0.494442 0.223827 1.02418
0.187646 0.206661 0.657279
0.260349 0.205557 0.781601
-0.182319 -0.279558 0.80632
0.276458 0.141514 0.438931
0.494251 -0.243531 0.783046
-0.318177 -0.25202 0.822574
-0.702906 0.206416 1.09475
-0.335874 0.0935865 0.719226
-0.322401 0.116473 0.92612
-0.0484225 0.0221501 0.133088
-0.0175362 0.0275145 0.179016
-0.275194 0.0697791 0.74272
-0.51066 0.23146 1.06127
-0.594932 0.0341644 0.997459
-0.259024 0.0680549 0.322005
-0.221763 0.0660453 0.381529
0.257928 -0.112354 1.47634
0.383223 0.112148 0.488152
-0.440595 0.124048 0.954438
-0.158971 0.146189 0.788368
0.329272 0.162498 0.462606
0.413288 0.0917974 0.493203
-0.311613 0.182196 0.888135
0.653817 -0.110795 1.10496
-0.0152461 0.0420063 0.175757
-0.004992 0.0447971 0.178313
-0.00394753 0.0274754 0.188464
0.0037489 0.0289817 0.179692
0.407126 -0.171688 1.31077
0.411521 -0.172414 1.31488
0.20172 0.208981 0.798331
0.272175 0.139474 0.477503
-0.476693 0.106204 0.950418
-0.0761874 0.0305268 0.170468
0.286921 0.0897549 0.447146
0.00423332 0.0285345 0.174508
-0.00697416 0.0316099 0.17931
-0.0266446 0.0500461 0.236645
0.130169 0.140098 1.40544
-0.21945 0.0960591 0.76063
-0.492762 0.186855 0.977676
-0.455803 0.13212 1.20854
0.517542 0.0834273 0.858718
-0.365708 0.0714783 0.933006
-0.373993 0.0815072 0.847541
-0.0794887 -0.126337 1.26107
-0.0630575 0.173222 0.749543
0.0145544 0.0773661 0.857476
0.294837 0.0853016 0.419284
0.235848 -0.133452 1.81137
-0.126571 0.120696 0.731829
-0.0191136 0.153918 2.13312
-0.0583134 -0.180585 0.851392
0.433562 0.265764 1.29992
-0.430461 0.107052 0.880266
-0.297997 0.123828 0.871716
-0.164077 0.128282 0.692089
0.286974 0.147039 0.497254
-0.355031 0.0552255 0.744384
-0.0919579 0.0568647 1.27169
-0.628505 -0.279294 1.14078
-0.192977 0.0721765 0.909071
0.115327 -0.172521 1.66424
0.317955 -0.211697 0.821476
-0.589009 0.241483 1.1321
0.560022 0.292404 1.53214
0.547817 0.282451 1.74492
-0.0618076 0.0260703 0.174156
-0.0652813 0.0260961 0.174044
-0.67012 -0.0910414 1.05782
-0.635179 -0.0811352 0.995567
-0.0667506 0.0269817 0.177126
-0.360165 0.0921294 0.93673
-0.232825 0.161943 0.773147
-0.297633 0.139195 0.839047
0.373427 0.0713659 0.462648
0.505446 -0.26607 1.03581
0.420923 0.0716065 0.564665
0.388872 -0.0434077 0.492703
0.390951 0.0934463 0.461637
-0.33668 0.102467 1.00883
0.272427 0.0800413 0.470432
0.370296 0.107697 0.455955
0.108854 -0.183591 1.72029
-0.15159 0.175136 0.826475
0.145195 -0.112166 1.83498
-0.195922 0.147402 0.77889
-0.369285 0.184087 0.913812
0.186292 0.201763 0.794983
-0.368614 0.20361 1.0037
-0.428266 0.175356 0.990124
0.186594 0.0142374 0.213259
-0.219383 0.159803 0.76102
-0.279777 0.100552 0.744188
-0.407358 0.186388 0.959168
0.213412 0.248334 0.939061
-0.133753 -0.294961 0.840411
0.195365 -0.301765 1.85931
-0.605611 0.0196306 0.995744
0.119282 0.101911 1.4259
-0.194366 0.0946935 0.766454
-0.299332 0.125017 0.87533
0.372093 0.0627916 0.465662
0.343764 0.0980923 0.423551
-0.0482419 -0.109194 0.991853
0.398097 0.0958289 0.469355
0.415588 0.0903226 0.485503
0.302671 0.0934406 0.459313
0.34884 0.101089 0.476452
0.784484 -0.0131879 1.57187
0.426091 -0.255919 1.03843
0.388276 0.186206 0.702538
-0.451644 0.188059 1.03646
-0.210048 0.135012 0.739537
0.381184 0.0835472 0.479063
-0.078031 0.169025 1.56577
-0.421209 0.22232 0.906695
-0.343361 0.106253 0.869455
0.62896 0.128642 0.845028
0.333079 -0.0421956 0.420372
-0.212384 0.124143 0.730164
-0.2782 0.085623 0.850635
-0.380038 0.0835888 0.864499
-0.361571 0.0905164 0.924762
-0.418408 0.0988596 0.901171
0.700255 0.147466 0.944899
0.619541 0.125649 0.832734
-0.295294 0.109193 0.856208
-0.11022 0.1055 1.50259
0.969566 -0.0578871 1.63226
-0.205277 0.102948 0.818582
0.304959 0.185123 0.543151
0.50862 0.100433 1.11864
0.272271 0.0787164 0.410116
-0.149203 -0.273634 0.794217
-0.19385 0.0956654 0.631914
-0.48315 0.214994 0.999894
-0.131932 0.0464585 0.773587
-0.532388 0.176461 1.10471
-0.359468 0.178944 0.879394
-0.1795 0.144644 0.756107
-0.292105 0.179579 0.866632
-0.287209 0.175449 0.852176
-0.318945 0.193356 0.817078
-0.383395 0.106934 0.804679
0.450885 0.242112 1.17607
0.725755 0.208036 1.21401
-0.138523 0.149585 0.672745
-0.318102 0.19109 0.809945
-0.491016 0.219047 1.12156
0.358882 0.140649 0.436927
0.358213 0.188834 0.534247
-0.189952 0.0838427 0.814333
1.07712 -0.0907149 2.40491
0.340234 0.0924621 1.13208
-0.104612 0.0493953 0.704256
0.382339 0.0817972 0.481481
0.353929 -0.0421895 0.445018
0.279929 0.141265 0.475314
-0.214338 0.15333 0.744713
-0.26478 0.132502 1.12444
0.0602896 0.229824 2.08577
-0.268194 0.133711 1.13492
-0.406981 0.212913 0.873303
-0.193635 0.113124 0.733235
-0.192214 0.0710314 0.881887
-0.33001 0.16043 0.812555
-0.335817 0.105447 0.910725
-0.309694 0.148369 0.871152
-0.212505 -0.297394 0.908872
0.47419 0.0675307 0.619233
-0.121137 0.102805 0.733693
0.147032 0.225093 0.800609
0.250031 0.1964 0.675463
0.408706 -0.257983 1.26083
0.443569 0.329336 1.03696
0.353048 -0.239422 0.798325
-0.011699 -0.00368991 0.144126
0.217754 -0.10536 0.344651
-0.282876 0.0342992 0.868688
-0.449979 0.0754611 0.976725
0.448345 0.0609061 1.14107
-0.0683598 -0.161549 0.927429
-0.124594 0.106589 0.712045
-0.369286 0.184281 0.915421
0.279278 0.211045 0.652984
-0.224135 0.148054 0.794628
-0.203724 0.132305 0.718076
0.440317 -0.11639 0.457186
-0.120746 0.173258 0.738532
0.381062 -0.1496 0.400779
-0.137443 0.112354 0.736114
0.600921 0.028833 1.0086
-0.129859 0.0859796 0.672267
0.470668 0.0586505 1.03389
-0.135324 0.171429 0.747234
-0.458611 -0.106737 1.0485
-0.435503 0.156345 0.959706
0.51287 0.100287 1.11911
1.13434 0.0599237 2.51922
0.306428 0.000792155 0.631712
0.770498 0.268702 1.32191
0.450788 -0.111413 1.05031
0.581296 0.0280566 0.97228
-0.131518 0.0705481 0.790158
-0.0566848 -0.208854 0.813214
0.69756 0.136124 0.964953
-0.198299 0.114613 0.744621
-0.121169 0.173556 0.741405
-0.335246 0.0392318 0.892004
-0.197046 0.143889 0.761103
0.414402 -0.139733 1.08425
0.446337 -0.101702 1.03844
-0.324909 -0.284373 0.927089
-0.227588 0.0855754 0.306368
-0.0984038 0.0250536 0.248559
0.219605 0.0877163 0.295939
-0.186559 0.0625305 0.241525
-0.189897 0.0775798 0.267324
-0.0121911 0.0392347 0.171304
-0.130306 0.10467 0.80568
-0.0174248 0.0264494 0.189036
-0.289203 0.0929932 0.35432
-0.464674 0.122906 0.616342
-0.0177252 0.0273006 0.165183
0.174483 0.204492 1.37611
0.166259 0.228706 1.32667
0.1314 0.0923087 1.78915
-0.22268 0.105937 0.807446
-0.218645 0.210266 0.931409
-0.272524 0.0517382 0.280174
-0.468283 -0.192565 0.490739
-0.0734096 -0.152449 1.07209
0.339506 0.171553 0.5986
0.275934 0.100509 0.339708
0.0109882 -0.0202778 0.19479
-0.14508 -0.215464 2.05444
-0.063928 0.0449847 0.862491
0.459058 0.186821 0.839808
-0.121534 -0.0154224 0.851901
-0.188153 -0.310044 0.904043
0.313948 0.167051 0.544088
0.0202055 0.125836 0.870223
-0.125387 0.104123 0.842972
-0.0646214 -0.214775 1.38967
0.103503 0.203747 0.825706
-0.0390433 -0.195438 0.56971
-0.186955 0.104648 0.696178
0.185704 0.203301 0.647924
-0.102008 -0.0161047 0.811616
0.206411 0.241958 1.1175
0.250801 0.0815011 0.44704
0.495278 0.0721763 1.08507
0.376537 0.073141 0.469707
0.0228999 0.143999 0.98683
0.383322 -0.27097 0.975708
0.54695 -0.133699 0.920702
-0.061877 -0.103125 0.92574
0.00431169 -0.0783891 0.292984
0.348817 0.13779 0.437138
0.176155 0.174253 1.46698
-0.149447 -0.347687 0.997331
0.372969 -0.265649 0.946571
0.404207 -0.270197 0.900134
-0.138447 -0.141313 0.379817
0.80212 0.00545665 1.57807
0.168556 0.175207 1.36415
-0.328306 0.0855118 0.947089
0.387364 -0.124571 1.28966
0.407549 0.096656 0.48354
0.791133 -0.0921199 1.5374
-0.0550277 -0.155869 1.45229
0.102516 0.0748131 1.68662
0.817245 -0.052317 1.59059
0.12022 0.0436293 0.179414
0.0703633 -0.0442384 0.0914569
0.174376 0.00745679 0.175657
-0.0668986 -0.158004 0.377624
-0.12949 0.0410295 0.578549
-0.18231 0.0875043 0.764606
0.0929258 0.207242 0.692803
0.00753672 -0.0910293 0.393638
0.00401489 0.023026 0.166571
-0.0795595 -0.263351 1.07366
0.0954766 -0.111365 1.45758
-0.0627258 -0.24306 1.62251
-0.107532 -0.218042 1.45101
0.616854 -0.103084 1.16133
-0.136187 -0.149171 0.421143
-0.208366 -0.203954 0.605131
0.0767634 -0.00195707 0.130252
-0.0135189 0.132663 1.23083
-0.0726784 0.152081 1.44501
-0.0679221 0.246595 1.62182
-0.278872 0.109784 0.792046
-0.174059 -0.295245 0.866524
-0.0139245 -0.186724 1.12812
-0.322256 0.0607699 0.954321
0.0895579 -0.00221041 0.101221
-0.0730517 0.140598 0.600664
0.391482 0.185237 0.48901
0.776263 -0.0913492 1.48826
-0.0644671 -0.104333 0.890663
-0.242786 0.152574 0.930374
0.210664 -0.0503606 0.378622
-0.039792 -0.223096 0.640301
-0.0222941 0.0350498 0.566166
-0.233291 -0.297153 0.896531
-0.386818 -0.366465 1.19881
0.196742 0.200411 0.657788
0.362276 -0.239428 0.79931
0.38112 -0.254019 0.930142
0.444233 0.206498 0.537633
0.154254 0.173696 0.690334
0.393215 -0.0150011 1.09166
0.510958 -0.212603 0.951221
0.154585 0.157173 1.31454
0.251733 -0.125983 1.54173
0.42489 -0.140532 1.99243
0.026884 -0.0287397 0.00162397
-0.435675 0.0641596 0.48306
-0.640074 -0.117895 0.923441
0.483743 -0.0394719 1.39394
0.18861 0.191577 0.633738
0.440517 0.0599691 1.12848
0.0994211 -0.205719 1.19523
0.552985 -0.108885 1.07791
0.954128 -0.111842 1.61526
0.30331 0.135537 0.448176
0.423566 0.0413199 1.06963
-0.602594 0.040362 0.974811
-0.210136 0.0721479 0.342322
-0.278448 0.168556 0.818331
-0.0346804 0.0408225 0.174726
-0.288649 0.0512443 0.29926
-0.331152 0.212718 0.851884
0.0718921 -0.0382888 0.110048
0.00649099 -0.0332394 0.0128158
0.451052 0.237506 0.948768
-0.595813 -0.263941 1.08139
-0.512194 0.12276 0.977821
-0.454792 0.104994 0.861992
0.328528 0.0901347 0.538267
-0.522286 0.187369 1.03421
0.463556 0.0957444 1.02836
-0.0881687 -0.199993 1.99215
-0.187817 0.080448 0.840978
0.567443 -0.0923938 1.12506
-0.190988 -0.226809 0.691239
0.013279 -0.0535386 0.0939085
-0.031878 -0.0106653 0.0908329
0.338256 -0.110203 0.360509
0.404752 -0.181685 0.750999
0.46371 0.0122539 1.3283
0.084172 -0.0590128 0.384668
0.414628 -0.211603 1.35809
0.318352 0.23779 0.886833
0.432048 0.00641955 1.19253
0.0324652 -0.04943 0.160511
0.0557488 -0.0501424 0.205024
-0.298052 -0.307119 0.977478
-0.0233664 -0.00280027 0.301424
-0.12009 -0.0156605 0.848781
-0.123801 0.0755241 0.626959
0.404716 0.206221 1.27153
0.444704 0.0351108 1.03578
0.375526 0.218281 0.688577
0.227155 0.196121 0.550888
-0.00126575 0.218172 1.4119
0.620989 0.161211 0.61168
0.459214 0.251097 1.43966
0.0260073 0.132514 1.29213
-0.0606521 0.199921 1.36064
0.317536 0.183471 0.519543
0.162098 0.242974 0.855209
0.213571 0.183517 0.517807
0.0825708 0.0709492 1.46029
-0.250976 0.0540706 0.280572
0.0352364 0.0541746 0.180543
-0.0129962 0.0352803 0.174774
-0.0768722 0.0428864 0.17256
-0.0368844 -0.137499 0.581777
0.00660105 -0.0275269 0.035274
0.328825 0.162869 0.464729
-0.0478384 0.0319536 0.168511
-0.617662 0.0472552 1.00392
0.232761 -0.118224 1.56785
0.441708 0.239228 1.16173
-0.055926 0.0363486 0.173065
-0.398475 0.0988494 0.601664
-0.123811 0.0709429 0.443462
0.00223559 0.0375842 0.172419
-0.19634 0.0613799 0.309295
-0.28842 0.0523017 0.331102
-0.279945 0.0429579 0.316479
-0.288829 0.0619805 0.364482
-0.201958 0.0648127 0.319988
-0.0410562 0.0247989 0.174409
0.386186 -0.261379 0.885207
0.045511 0.184469 1.36495
-0.369967 0.0613711 0.864317
-0.361412 0.103386 0.781039
0.415437 -0.136993 1.08507
0.386235 0.0836411 0.462133
0.499559 -0.147205 0.54103
0.313274 -0.0210776 0.878422
0.00980158 -0.160956 0.874964
0.414145 0.099658 0.49005
0.0400409 0.202547 1.49134
0.158516 -0.0517172 2.16796
0.0484592 0.0677342 0.269277
0.430552 0.0366229 1.07782
-0.605554 0.186644 1.18131
-0.532129 0.164933 1.13037
-0.0278483 0.081588 0.367675
-0.55634 0.212482 0.972541
0.324349 0.221498 0.576174
-0.273472 0.0402685 0.240866
-0.258257 0.0650913 0.290283
-0.323689 0.140532 0.952137
-0.253723 0.0695229 0.308279
-0.273906 0.0884117 0.318936
-0.337925 0.0548393 0.283466
-0.249348 0.0729044 0.296478
-0.253731 0.03998 0.255125
-0.0991581 0.0320382 0.190507
-0.461388 0.145335 1.21191
-0.0388052 0.0349142 0.17836
-0.068748 -0.0325395 0.9556
-0.40447 0.214131 0.867913
-0.318827 0.181264 0.881505
0.443916 0.254215 1.42192
0.294635 -0.105982 1.30253
0.424219 0.0729927 0.562616
0.343821 0.106182 0.605729
-0.0364538 -0.179182 0.491689
-0.188857 -0.149113 0.426921
0.473215 0.159237 0.832239
0.114684 0.0955275 1.63466
0.46176 -0.157012 1.21782
-0.497092 -0.022367 1.07594
-0.447887 0.0669207 0.497079
0.00776724 -0.0362995 -0.00375317
-0.282308 0.175817 0.874434
-0.082441 0.0274396 0.158693
-0.241178 0.0769404 0.302788
0.480713 0.113061 1.08049
0.385407 0.263183 1.53008
0.51742 0.224994 1.72951
0.587257 -0.10192 0.982203
0.38634 0.173435 0.539654
0.273049 0.18704 0.4588
-0.0183109 -0.122278 0.621581
0.085624 0.0732757 1.49168
0.343664 0.236011 0.563146
0.126295 -0.112833 1.72326
0.00458583 0.112205 1.08517
0.253248 0.116667 0.442125
0.00673049 0.213963 1.40805
0.375182 0.197822 0.688256
0.332418 0.151556 0.419654
0.388316 -0.253156 0.849286
-0.0637437 0.0247799 0.167915
-0.293646 0.0713557 0.335797
-0.29489 0.0734034 0.342042
-0.284684 0.08301 0.316464
0.0552385 0.186329 0.538023
-0.73033 0.189941 1.01867
-0.256766 0.0764565 0.305615
-0.436131 0.223689 0.934927
-0.303887 0.0574111 0.352685
-0.213284 0.0733515 0.284377
0.00847688 -0.0355066 0.000278485
-0.0555708 0.135582 1.0357
-0.0615977 -0.284158 0.935327
0.00419982 0.227223 1.48454
-0.0821365 0.0329739 0.169801
0.00237797 0.026886 0.188612
-0.180932 0.0710987 0.253429
0.115379 0.0862415 1.55875
-0.540754 0.118311 0.845248
-0.17374 0.0760138 0.277521
0.128487 0.209269 0.656587
-0.278408 0.0742076 0.317321
-0.895358 -0.152455 1.05115
-0.225919 0.0682683 0.277619
-0.262171 0.0481336 0.267999
-0.239 0.0753836 0.300005
-0.292823 0.0115912 0.223548
-0.031828 -0.0351368 0.0439712
-0.0283239 -0.033862 -0.00061032
-0.346841 0.0345036 0.215375
-0.20963 0.0976286 0.760557
-0.496709 -0.0997406 0.70468
-0.16243 0.0679561 0.291916
-0.326279 0.0106907 0.228912
-0.260376 0.0902514 0.278873
-0.0546242 0.0790895 0.665981
-0.0481191 0.061211 0.545099
-0.453431 0.141853 1.12362
-0.0493016 0.0355372 0.179463
-0.377325 0.150971 0.86103
-0.247249 0.0446377 0.430309
-0.0887573 0.0458608 0.168134
-0.104449 0.0591318 0.749592
-0.439787 0.162399 0.86392
-0.0265009 0.0422002 0.166307
-0.161558 0.0823682 1.08284
-0.0420577 0.0348049 0.178285
-0.063327 -0.220922 0.921547
-0.0200141 0.0338784 0.17457
0.00037413 0.0953533 1.53073
-0.282595 0.0496426 0.871712
-0.0391643 0.0408966 0.17118
-0.307777 0.128012 0.87197
-0.293659 0.179346 0.870121
-0.258544 0.0796386 0.210196
-0.29753 0.0443838 0.181956
-0.302364 0.016251 0.232367
-0.277265 0.0357775 0.183275
-0.212436 0.056268 0.189466
-0.320148 0.0211874 0.221259
-0.283251 0.0333193 0.196494
-0.258074 0.0386699 0.244787
-0.281125 0.0381428 0.187213
-0.217492 0.0887558 0.240924
-0.237318 0.0351057 0.172783
-0.284369 0.0391818 0.135417
-0.257316 0.0270988 0.181551
-0.241287 0.0289008 0.204237
-0.246735 0.0798469 0.311118
-0.304025 0.0517847 0.206259
-0.0782854 0.0444138 0.171779
-0.322939 0.0203514 0.259121
-0.248311 0.000939491 0.204557
-0.403989 -0.172296 0.42652
-0.284868 0.0167123 0.210103
-0.212663 0.0794083 0.263632
-0.484273 0.19376 0.967673
-0.028367 0.0459595 0.175269
-0.622397 0.091776 1.05303
-0.168142 0.0719049 0.266827
-0.290453 0.0415436 0.235851
-0.238507 0.0902953 0.239523
-0.176686 0.0799893 0.257717
-0.306323 0.0109879 0.24311
-0.030042 -0.0333409 -0.00115188
-0.239664 0.0828912 0.286824
-0.221599 0.0808992 0.218687
-0.197799 0.096598 0.275747
-0.45596 -0.163089 0.446487
-0.452936 -0.138949 0.440312
-0.329562 0.0816268 0.213002
-0.301039 0.0708132 0.190685
-0.468528 -0.0924033 0.405864
-0.317447 0.0391949 0.180342
-0.20598 0.0952689 0.253699
-0.113121 0.114444 0.558331
-0.283687 0.0677016 0.18581
-0.520591 -0.0977988 0.457871
-0.43726 -0.132714 0.422432
-0.456282 -0.161974 0.448905
-0.2378 0.0693251 0.221964
-0.02642 -0.0364993 -0.0105507
-0.290328 0.0277617 0.183571
-0.24819 0.0476804 0.22802
-0.288838 0.0249176 0.174357
-0.273743 0.0108882 0.211997
-0.0663013 0.0284262 0.177009
-0.139199 0.107597 0.543134
0.104207 0.0740705 1.61781
0.377201 -0.244652 0.841255
0.525675 0.101889 1.14593
0.347543 -0.113436 0.372708
0.0525659 -0.0822631 0.302765
-0.0731054 0.166035 1.46592
0.284999 0.144511 0.481925
0.331173 -0.103816 0.350696
0.500864 0.125264 0.58424
0.140874 0.216404 1.31955
-0.066174 0.0362378 0.170148
0.0498314 0.166848 0.445416
-0.5771 0.139607 0.905055
0.0840298 0.200057 0.649925
-0.00604435 -0.0229741 0.0689254
-0.0872303 -0.275631 1.28656
-0.405453 -0.0197566 0.884848
0.245478 -0.109844 1.54027
-0.744671 -0.203099 1.12544
-0.616901 0.224331 1.06332
0.372839 -0.265053 0.932572
-0.573039 -0.0102579 0.938586
-0.255756 0.0508729 0.658784
0.290841 0.157223 0.4672
-0.0509979 -0.152853 0.758402
0.0215978 -0.0388002 0.0142687
0.0217495 -0.0387776 0.0144509
0.0233789 0.19351 1.23697
-0.0329189 -0.149537 0.347357
-0.053768 -0.251648 0.704709
-0.546617 0.159697 0.855433
-0.679668 0.190066 1.01083
-0.500156 0.191482 0.946546
-0.931375 0.223655 1.31957
-0.640004 0.201395 1.0119
-0.0868968 0.188295 0.764067
-0.0588982 0.165089 0.732525
-0.441878 -0.161216 0.469947
-0.270006 0.0505056 0.141155
-0.297317 0.0614555 0.196906
-0.300811 0.0643171 0.200038
-0.0342027 -0.0341495 0.0538364
-0.316382 0.0568031 0.199706
-0.0287894 -0.036923 0.0239733
-0.271197 0.0699016 0.29148
-0.200252 0.0834159 0.289461
-0.267207 0.0455844 0.143929
-0.0289535 -0.0368376 0.0247891
-0.284625 0.0739198 0.332308
-0.271294 0.0729743 0.376887
-0.251446 0.0754199 0.194128
-0.0341874 -0.047089 -0.0199205
-0.493767 0.0082049 0.417933
-0.252988 0.0387377 0.252116
-0.247437 0.0479398 0.227618
-0.0244002 -0.043101 -0.00627917
-0.198243 -0.0842794 0.516238
-0.481677 -0.1492 0.523113
-0.0815967 -0.0431771 0.0375485
-0.251448 0.0445858 0.212235
-0.470534 -0.167639 0.507234
-0.270272 0.0701972 0.274296
-0.602681 0.10117 0.767447
-0.0584413 -0.0635598 0.701282
-0.243187 0.0661416 0.291936
-0.0233271 -0.0537754 0.0133325
-0.0233214 -0.0537398 0.0132718
-0.455103 0.117154 0.604943
-0.505116 0.13685 0.688853
-0.199695 0.065616 0.305798
-0.421946 -0.0793975 0.72687
-0.223923 -0.175237 0.506365
-0.132479 0.134868 0.758678
-0.413523 0.0698597 0.552344
-0.0562858 0.0742559 0.649814
-0.272206 0.0535038 0.343146
-0.319577 0.0283159 0.193654
-0.292745 0.0362624 0.202775
-0.342151 0.0406434 0.209469
-0.05105 0.039272 0.554948
-0.239198 0.0659383 0.229459
-0.0243896 0.033366 0.176435
-0.0901303 -0.0963279 0.461335
-0.285532 0.0843789 0.889567
-0.391904 0.00536058 0.591553
-0.191458 -0.0746347 0.497561
-0.315707 0.00863685 0.219555
-0.210613 0.0594304 0.180629
-0.159964 -0.0716524 0.11221
-0.0151731 0.115756 1.62143
-0.0861538 0.0493378 0.170253
-0.835478 0.139154 1.39316
-0.595645 -0.0155637 0.944738
-0.0244343 0.0361373 0.175918
-0.606373 0.0327706 0.878565
-0.0814718 0.0355178 0.169182
-0.1835 0.061745 0.85973
-0.438098 -0.355412 1.37013
-0.0661409 -0.135589 0.968787
-0.0645658 0.185705 0.813344
-0.073587 -0.209439 1.22419
-0.0669171 0.0688729 0.939911
-0.0660318 0.0657525 0.922247
-0.0829921 0.131514 0.709566
-0.0315355 -0.00542303 0.044198
-0.344475 0.0460301 0.176063
-0.0607397 0.0270586 0.167885
-0.314693 -0.0124152 0.20445
-0.239891 0.0767045 0.214607
-0.312794 0.0517818 0.19499
-0.301026 0.0129611 0.231192
-0.314755 -0.00729486 0.212837
-0.0417512 0.0341122 0.175195
-0.0243194 0.0337516 0.177255
-0.686703 -0.279591 0.969987
0.17219 -0.0850963 0.996696
-0.0259698 0.0244985 0.171886
-0.085425 0.0242834 0.169314
-0.0385774 0.0338048 0.175524
-0.0836675 0.0485412 0.169169
-0.21406 0.0782722 0.282606
-0.275844 0.0404375 0.242599
-0.208407 0.0771002 0.260725
-0.263833 0.0440616 0.265658
-0.230448 0.0612462 0.225746
-0.229031 0.0655262 0.225362
-0.251072 0.0325327 0.215671
-0.0726851 0.0364235 1.06433
-0.120947 0.0905394 0.712178
-0.399701 0.0666737 0.99533
-0.0130127 0.0360634 0.178414
-0.0536769 0.135413 0.609285
-0.0240771 0.0314615 0.170761
-0.0872383 0.0421378 0.167835
-0.238562 0.0854843 0.255601
-0.254956 0.0792627 0.270305
-0.181666 0.0944725 0.240338
-0.0540847 0.0288492 0.173731
-0.255408 0.0801273 0.271151
-0.260105 0.0842008 0.33931
-0.104368 -0.0275384 0.804613
-0.0884929 0.0317925 0.173385
-0.171123 0.109856 0.297457
-0.285749 0.0577253 0.246198
-0.387003 0.125045 0.652792
-0.325149 0.0238607 0.224521
-0.272514 0.0637631 0.198236
-0.300847 0.0409326 0.209208
-0.212239 0.0780274 0.235387
-0.245944 0.0687903 0.253626
-0.310749 0.0221264 0.212229
-0.243094 0.0879122 0.259549
-0.291332 6.45901e-06 0.209667
-0.049584 0.103178 0.497217
-0.279459 0.036089 0.191633
-0.301493 -0.010667 0.194943
-0.278464 0.0107649 0.186437
-0.194432 -0.001882 0.161206
-0.262675 0.0380207 0.231791
-0.159895 0.0745852 0.272114
-0.309604 0.0459036 0.210393
-0.27229 0.0488098 0.205698
-0.16037 0.056347 0.17618
-0.279745 0.0476037 0.273377
-0.302226 0.00157549 0.219423
-0.347862 0.044286 0.199619
-0.189411 0.0638964 0.203848
-0.284477 0.0542651 0.350853
-0.327655 0.0377921 0.198607
-0.301447 0.074385 0.200884
-0.310781 0.0156508 0.240676
-0.326963 0.0388709 0.185072
-0.241649 0.0867853 0.257732
-0.0981858 0.0290472 0.598112
-0.148159 0.144749 0.770391
-0.342235 0.188391 0.925855
-0.18335 0.174117 0.782908
-0.0709059 0.0413857 0.180349
-0.128441 0.0309701 0.542108
-0.0238042 0.0442005 0.176398
-0.0651166 0.114303 0.510194
-0.243827 0.0650623 0.296065
-0.268073 0.045176 0.271358
-0.273236 0.0607226 0.28067
-0.0526772 0.0263885 0.168341
-0.211838 0.0607357 0.297653
-0.638804 -0.0739455 0.99435
0.432516 0.250143 1.43662
-0.38497 0.052937 0.998599
-0.579312 -0.0143831 0.923342
-0.278217 0.0482662 0.284964
0.0464756 0.159375 0.471005
0.119929 -0.195295 1.86941
-0.0175287 0.0294041 0.177941
-0.208345 0.0742739 0.275404
0.0105394 0.116981 0.81832
-0.265725 -0.301678 0.942037
-0.196915 0.0764411 0.298265
-0.334551 0.0407582 0.18999
-0.234244 0.0662177 0.218741
-0.282369 0.038621 0.169884
-0.299721 0.0306629 0.181894
-0.240815 0.0686862 0.227995
-0.338916 0.047611 0.208771
-0.273928 0.0350823 0.217838
-0.328122 -0.00587103 0.228995
-0.252632 0.0752343 0.240641
-0.292099 0.0469719 0.141679
-0.31531 0.0340484 0.193786
-0.236706 0.067047 0.221971
-0.23575 0.090504 0.236919
-0.183423 0.0762983 0.289415
-0.268572 0.0630717 0.195164
-0.0496889 -0.157331 0.621301
-0.217624 0.0830178 0.275763
-0.2088 0.0858062 0.707886
-0.283973 0.0574973 0.245083
-0.296558 0.037901 0.178199
-0.083688 0.037634 0.169636
-0.206249 0.0881428 0.28149
-0.238124 0.0730744 0.304719
-0.320865 -0.0147081 0.213364
-0.332322 0.110056 0.56213
-0.104668 -0.0184088 0.251924
-0.413924 0.0380426 0.292741
-0.477073 -0.00176475 0.39178
-0.436952 0.192821 0.918733
-0.12147 -0.0171763 0.858005
-0.105707 -0.263529 1.73169
-0.300672 0.141447 0.84555
-0.16596 0.078714 0.289381
-0.204398 0.166241 0.698645
-0.204524 0.165909 0.697298
-0.0606817 -0.0841645 0.893743
-0.260398 0.0630951 0.298077
-0.211647 0.143612 0.756385
-0.253257 0.072542 0.277538
-0.297191 -0.0188414 0.196519
-0.213904 0.0943966 0.282904
-0.296312 0.0415122 0.198658
-0.250516 0.0842817 0.222933
-0.271559 0.0346035 0.215964
-0.239898 0.0750737 0.241095
-0.218327 0.0636058 0.210513
-0.303019 -0.00759256 0.206184
-0.214816 0.0801117 0.240118
-0.227795 0.0691275 0.222036
-0.291378 0.0359699 0.202096
-0.325015 -0.116089 0.965807
-0.518088 -0.0867024 0.895928
-0.0221284 0.0461063 0.1757
-0.081021 0.0385359 0.168717
-0.232005 -0.204489 0.622974
-0.381812 -0.140437 0.782722
-0.121659 0.0873106 0.752808
