0.926462 0.0623391 2.17308
0.45304 0.462096 2.4039
0.859059 0.168518 2.08763
0.0342397 -0.490929 1.22267
-0.116006 -0.07593 1.3631
-0.197476 -0.0739224 1.21173
-0.0337595 0.0197348 0.396104
-0.046409 0.0234954 0.384476
-0.0658614 0.00869085 0.363497
0.567733 -0.222272 1.3613
-0.0830656 -0.00108557 0.386297
-0.0531297 0.0512756 0.559362
-0.158051 0.00211439 0.349565
-0.324273 -0.0810336 0.495617
-0.339768 -0.101971 0.732784
-0.0187898 0.0624706 0.415376
-0.162987 -0.0264644 0.481872
0.459166 0.0657904 1.64773
0.236121 -0.261139 4.88785
0.0650386 0.0848229 0.450675
-0.198235 -0.0410855 0.957717
0.379535 0.246167 1.05437
0.0832285 0.0899416 0.425579
0.0369436 0.0798949 0.448346
-0.382299 -0.150602 0.711972
-0.412916 -0.161828 1.08992
-0.0926636 -0.0156943 0.329476
-0.222892 -0.0575778 0.467144
0.22432 -0.358775 2.78276
-0.213659 -0.0340987 0.452981
0.0127966 -0.346664 1.61972
0.659393 0.427147 1.61679
-0.50156 -0.198627 1.14778
-0.153438 0.0437015 0.511249
-0.128956 0.0141551 0.366414
-0.0595157 0.0630553 0.314382
-0.0699295 0.0228876 0.450621
-0.137223 0.0460638 0.39059
-0.293696 -0.0719038 1.35234
-0.0551375 -0.301095 1.78041
0.650922 0.0602142 2.31189
0.295425 0.204478 0.360075
0.283672 0.201368 0.362352
0.67109 -0.071085 2.66033
0.236937 -0.242888 1.35523
0.909613 0.508717 1.52415
0.0634184 0.378653 3.18134
0.603667 -0.247012 1.73235
-0.0718223 -0.0245688 0.537622
-0.479699 -0.135325 1.2862
-0.226088 -0.0576291 0.52129
-0.127422 -0.0307541 0.65179
-0.424714 -0.0859264 1.47022
0.649244 -0.0993919 2.78708
0.171022 -0.220134 2.31074
-0.0320593 -0.222832 1.2174
-0.0731643 -0.00285006 0.471978
-0.557735 -0.226978 1.31697
0.0312948 0.0723765 0.462078
-0.0641364 -0.0179982 0.506819
-0.532071 -0.147385 1.15509
0.0411042 0.0617884 0.375213
0.676067 -0.234408 1.53918
0.460832 0.363049 0.778363
0.392856 0.323774 0.844956
1.26841 0.287914 1.87217
0.849419 -0.0198489 1.00138
-0.204041 0.0183191 0.499048
0.676659 -0.27911 1.97938
0.813841 0.279903 1.80297
-0.0878364 0.00622907 0.388858
-0.177588 -0.0632158 0.645691
-0.140349 -0.0220548 0.811268
0.609988 0.252104 1.40218
-0.29623 -0.151489 1.00734
0.963867 0.132754 2.38684
0.802394 -0.0214876 0.943743
0.0496519 -0.321054 0.573351
0.166126 0.190917 3.72566
0.628929 0.165584 1.9722
-0.105675 0.0649402 0.448453
-0.185155 -0.0481557 0.457056
-0.25824 -0.0467961 0.468862
-0.123108 0.000497861 0.392851
-0.482429 -0.185036 1.23175
-0.0119075 0.0474528 0.35324
-0.0547259 0.0289739 0.423615
-0.023673 0.0929861 0.468749
-0.138001 0.00529132 0.416984
-0.0770231 -0.0255731 0.398023
0.477682 0.285835 0.894869
-0.10656 0.0599613 0.460023
-0.036537 0.0517779 0.420301
-0.0467939 0.0125408 0.415665
-0.0618306 0.018177 0.396627
0.418888 0.272328 0.866285
0.455868 0.18598 0.807296
0.00855905 0.134452 0.536959
0.0148814 0.106942 0.420121
-0.086902 0.0691412 0.429314
-0.0871636 0.0574955 0.464909
-0.0078996 0.054119 0.804534
-0.0480459 0.0479919 0.366814
-0.0731787 0.0651251 0.349299
-0.00982219 0.0201027 0.406958
-0.110369 0.0168893 0.328513
0.12969 0.0852097 0.316272
1.03507 -0.0217661 1.25075
0.697298 -0.23134 1.5676
0.748072 -0.0726131 2.92451
-0.0945525 0.0346383 0.379603
-0.00535215 0.0301051 0.41057
-0.0770302 0.007533 0.370092
-0.654602 -0.176732 1.48499
-0.262859 -0.0567425 0.596105
0.452544 0.255202 0.885867
-0.0306777 -0.0111943 0.324454
-0.0280612 -0.303221 1.40822
-0.0957019 0.02642 0.489096
-0.0565119 0.0424871 0.544914
-0.107377 0.000854028 0.33669
-0.0817718 -0.0285674 0.332488
0.868545 -0.115492 1.75533
0.861799 0.0544551 2.00595
1.88407 0.477827 4.90733
0.928543 0.388561 2.58665
0.668849 -0.065528 1.94451
-0.13066 -0.160914 1.20498
-0.144751 -0.00818171 0.482929
-0.287164 -0.083445 1.36361
-0.0574664 -0.0181493 0.469631
-0.0924146 -0.0253454 0.340945
-0.162121 0.0601923 0.438046
-0.196244 -0.0829148 0.36921
-0.269926 -0.00674125 0.76572
-0.0275265 -0.00740859 0.408018
-0.104593 -0.0338069 0.54624
-0.0574074 0.107019 0.449898
0.753897 -0.00352412 2.05264
-0.0447161 -0.00843396 3.17914
0.698921 -0.258647 2.16887
-0.0098053 0.00575659 0.47267
-0.0830328 -0.0381785 0.300575
-0.0470767 0.0536082 0.301047
0.0672363 0.102768 0.460264
-0.089416 0.010841 0.4054
-0.562119 -0.449919 1.49773
0.667802 0.243194 2.11363
0.0921506 0.0946247 0.435871
-0.0367233 0.0393178 0.409093
-0.086876 0.0656692 0.457129
-0.0877545 0.0329571 0.330321
0.567663 0.306406 0.918874
0.306359 -0.270776 1.73051
0.0369767 -0.506034 1.25811
0.958825 0.102713 1.94128
0.731912 0.37271 2.29971
0.500295 0.180281 0.91061
1.09538 0.00239807 1.41154
0.920401 0.0126027 1.23598
-0.0935526 -0.0322809 0.35322
0.777939 0.209909 1.67104
0.183023 -0.20819 3.67454
0.709677 0.357898 2.20546
-0.0900286 -0.022951 0.406517
-0.00556817 -0.452276 1.97557
-0.121148 0.069238 0.561547
-0.0196155 0.0742274 0.710375
-0.0438381 0.0316785 0.336247
-0.113783 0.0391128 0.381105
-0.0150146 0.0485429 0.454342
0.109402 0.1297 0.591233
-0.076564 0.00461626 0.383585
-0.0669107 -0.233706 1.53683
1.14642 0.219561 2.4651
0.0451049 0.0747515 0.431287
-0.10421 -0.00242395 0.346065
-0.0510367 0.0207356 0.420374
-0.00839402 0.0301596 0.412858
0.0461754 0.0777868 0.444839
0.686494 0.239036 2.16994
0.958193 0.340556 2.16124
0.295032 0.203664 0.358011
-0.0289085 -0.3328 1.57335
1.2147 0.317123 3.13724
-0.374143 -0.0497058 0.591437
-0.0229586 0.0897546 0.457461
0.00105216 0.0137503 0.411542
1.30336 0.0815575 1.63684
2.14088 0.0779135 2.28807
0.0143046 0.0966964 0.487912
0.153288 0.104752 0.379276
0.192238 0.131213 0.478565
-0.213348 -0.0214237 0.499373
-0.146608 0.0264738 0.418505
-0.00340549 -0.0022617 0.450691
-0.158363 0.0820804 0.396888
-0.346633 -0.0844466 0.530381
-0.262796 -0.0545546 0.490967
-0.122812 -0.154921 1.12904
0.700583 0.343903 1.94578
0.739615 0.369208 2.08032
-0.0601424 0.00884697 0.304221
0.830309 0.28461 1.84416
-0.0804078 -0.0254987 0.403399
0.101786 0.0983446 0.414756
0.105463 0.0944195 0.409607
-0.0306991 -0.0128476 0.360625
0.71659 -0.229521 1.58056
-0.284617 0.0797078 0.648183
-0.135027 0.0146574 0.380573
0.531351 0.212958 0.977485
0.0671289 0.0885407 0.46138
-0.114441 -0.0307182 0.42393
-0.0632378 0.0186624 0.412004
0.750629 0.0210654 1.96664
-0.0792912 0.0579115 0.41789
0.682588 0.236495 2.38396
-0.0518532 -0.37587 2.26668
0.722627 0.0191363 1.89305
-0.049657 -0.0229097 1.70831
0.334476 -0.109923 1.72689
0.833772 0.0486927 1.96496
0.82169 0.0992832 2.31013
-0.0112237 0.0414928 0.32328
-0.395489 -0.193254 1.33213
0.763482 0.126152 1.80492
0.582668 0.320512 0.853813
0.570223 0.348647 0.85973
0.727057 0.365407 2.18076
-0.0427433 -0.269529 1.52148
0.948456 -0.286908 2.36871
0.812461 0.235188 2.352
-0.0164743 0.0605359 0.415967
-0.225062 -0.0300604 0.488931
-0.146877 0.0646153 0.41079
0.018256 -0.406766 1.45897
0.69805 0.247182 2.2079
0.73496 -0.16234 2.5847
-0.118065 -0.00401683 0.384219
0.623879 0.209871 2.16628
-0.390995 -0.126311 0.841447
0.383165 -0.12213 2.03433
0.513354 0.30197 0.971157
0.215823 0.168432 0.614644
-0.00743934 -0.311969 0.696554
-0.0566475 -0.231711 1.47984
0.624008 -0.159753 3.35734
-0.124281 -0.152971 1.17623
0.0898707 0.0942856 0.425505
0.628935 0.268493 1.84617
0.20561 -0.261285 4.62868
-0.534271 -0.210524 1.41732
-0.0466153 -0.00147851 0.437342
0.0472937 0.082384 0.461931
-0.310344 -0.0684135 0.542174
-0.0211075 0.0538339 0.40474
0.0692011 0.0814621 0.377976
-0.254224 -0.00727282 0.459211
-0.297826 -0.0701829 0.434235
-0.388883 -0.0796443 1.34831
0.0831363 0.0905276 0.42664
-0.0598391 0.00668842 0.402423
0.00839336 0.104446 0.440827
0.00365903 0.116587 0.449226
0.00441214 0.00693105 0.468926
0.0921271 0.0955684 0.434978
-0.101397 0.0574812 0.446568
-0.119613 -0.00650598 0.429137
-0.0767576 0.0306936 0.380777
-0.289491 -0.00495026 0.524474
-0.316767 -0.0717185 0.462052
-0.00820556 0.0195262 0.435144
-0.124361 0.0420812 0.355446
-0.191961 0.017909 0.467983
-0.112906 0.0883358 0.391648
-0.124002 0.0389755 0.289938
-0.129388 0.060626 0.478702
0.0901944 0.106581 0.460055
-0.119581 0.0458834 0.468061
-0.050998 0.016206 0.433889
-0.00553414 0.0182115 0.412691
0.0572036 0.0989665 0.551331
-0.0671651 -0.0227822 0.483525
-0.062374 0.0906186 0.359659
-0.132595 0.103854 0.458782
-0.047666 0.053425 0.511176
-0.14303 0.0068252 0.428316
-0.0102604 0.0430408 0.433784
-0.0657367 0.09402 0.365541
-0.163121 0.0131964 0.398308
0.00384907 0.00773929 0.448849
-0.036098 0.0424604 0.4329
-0.0501474 0.100467 0.442321
-0.0928044 0.00534374 0.37587
-0.122997 0.00389478 0.39274
-0.0799237 0.0305752 0.327388
-0.0552829 0.103814 0.436433
0.832677 -0.108669 1.67625
-0.0902158 -0.0145279 0.378283
-0.0695259 -0.0167167 0.359427
0.0512608 0.0927964 0.481328
-0.199383 -0.0266918 0.461644
-0.0950369 -0.0297303 0.361782
-0.145872 -0.00653758 0.499463
-0.203167 -0.0749334 1.2924
0.0330891 0.0679403 0.419377
-1.02661 -0.419168 2.43376
-0.0899722 0.00270054 0.89759
0.0524347 0.157606 0.808987
-0.190773 -0.0561703 0.917996
-0.21437 -0.0378795 0.513302
-0.103175 -0.0712227 1.36792
-0.106433 -0.0307431 0.545773
-0.105985 -0.00890441 0.359676
0.0928101 0.0666194 0.304317
0.0681049 0.0512125 0.289548
-0.0307626 -0.0155209 0.289488
-0.120038 -0.00561323 1.00615
0.399983 0.331029 0.873864
0.462508 0.281025 0.785139
-0.449086 -0.144511 1.24933
-0.0742621 0.00407772 0.373239
0.0309917 0.0566793 0.410108
0.552807 0.0884968 1.98001
-0.593476 -0.178647 1.32568
0.720631 0.00325101 1.97741
-0.303287 -0.0815471 1.41609
0.0836117 0.0870224 0.416723
0.13313 1.09747 11.8012
-0.1091 -0.0162527 0.356755
0.00611969 0.00643781 0.43453
-0.0252893 0.0743221 0.435448
-0.362166 -0.111377 1.61948
-0.620945 -0.206389 1.73064
0.654206 0.286266 1.99164
0.555319 -0.167552 1.27373
-0.00661967 0.0057767 0.707251
-0.0800465 -0.000445047 0.407616
-0.0934172 -0.0125826 0.394895
-0.0773291 0.00077926 0.409467
-0.0550609 0.0543343 0.409791
-0.0953291 -0.0303215 0.44015
0.939345 0.256241 2.04974
-0.0377825 0.019528 0.421308
-0.0218474 0.0783836 0.368957
-0.116059 0.0187471 0.344529
-0.0378048 0.0716473 0.337949
0.251197 -0.351033 3.89965
-0.0729673 0.120808 1.805
-0.0299175 -0.0293337 1.54286
0.219908 -0.291539 3.23286
-0.146269 -0.0327296 0.50804
-0.00875786 0.022657 0.457816
0.497304 0.284696 0.906939
-0.105991 -0.00148915 0.348061
0.715239 0.204613 1.94687
0.530252 0.305619 0.969222
-0.117791 -0.0285065 0.408081
0.311164 -0.329572 2.00719
0.372745 -0.0559019 1.3397
-0.116201 0.0116887 1.03217
0.538061 0.401481 0.858416
-0.15419 0.0438603 0.420194
-0.181394 -0.0352486 0.448261
-0.104989 0.0380506 0.344599
-0.12945 0.0140104 0.368109
-0.201174 0.0854886 0.557156
-0.168691 0.0728787 0.516782
-0.00358645 -0.00280238 0.439963
-0.0934576 0.036012 0.384169
-0.168025 -0.0162133 0.397143
-0.0156983 -0.0173231 0.292275
0.00429636 0.0145479 0.38305
-0.184055 -0.0239829 0.437035
-0.0547179 -0.0233333 0.520829
-0.107604 -0.00876976 0.330893
-0.0371661 -0.00061083 0.464018
-0.216537 -0.0598075 0.70258
-0.131436 -0.0466864 0.304452
-0.0946892 0.0242096 0.276976
-0.0738076 -0.00541843 0.249952
-0.0413275 0.00861596 0.281393
-0.058498 0.0402701 0.441803
-0.0496395 0.0330997 0.272614
-0.111127 0.0631231 0.47314
-0.0973015 0.00978458 0.453377
-0.0363391 0.0424363 0.468476
-0.0548706 0.045223 0.363892
-0.140206 0.14564 0.747286
0.113901 0.134172 0.493168
-0.116877 0.0305306 0.396214
-0.0383001 -0.0162958 0.424879
-0.0973521 -0.00291274 0.198972
-0.261102 -0.0735817 0.581096
-0.17802 -0.0176325 0.423368
-0.136912 0.0544684 0.43037
-0.0487747 0.0847823 0.403502
-0.0243646 0.0354813 0.42156
-0.0070889 0.0365192 0.440618
-0.023908 0.0918043 0.341774
-0.0929367 0.0749833 0.454436
-0.100474 0.0924626 0.39549
-0.0942969 0.0702979 0.296427
-0.13593 -0.00144962 0.433538
-0.269312 -0.0777327 0.537032
0.274669 0.258733 1.32151
-0.0336833 -0.0181361 0.45537
-0.125051 0.0325113 0.428506
-0.290664 -0.0638912 0.899908
-0.112372 0.0166939 0.265387
0.000191049 0.0095945 0.462037
-0.0812027 0.0181919 0.31375
-0.0118262 -0.00437327 0.383571
-0.0459371 0.059429 0.437646
0.720659 -0.157387 2.59478
-0.100698 -0.0168121 0.359984
0.0313984 0.0418611 0.260667
-0.209335 -0.0860502 0.745557
0.736253 0.00761997 2.01681
-0.0993901 -0.0186194 0.721329
-0.110284 0.0775555 0.501383
-0.154228 -0.0512788 0.620564
-0.00547898 0.0174916 0.724832
-0.117897 0.0470424 0.378737
-0.234834 -0.0245311 0.565141
-0.145587 0.0353309 0.39125
-0.381539 0.119825 0.86539
-0.137926 0.0315237 0.37195
-0.0956473 0.00432104 0.473267
-0.0903782 0.0505013 0.384374
-0.0624333 0.0304972 0.4705
-0.122732 0.020153 0.36345
-0.0935793 -0.0273397 0.567202
0.783794 0.392605 2.187
0.309524 0.216057 0.880799
0.0568836 -0.00374405 2.99825
1.05694 0.31656 2.97427
0.89283 0.463068 1.51
-0.0557025 -0.0073179 0.417709
-0.0695614 -0.0274878 0.365846
0.661123 0.23879 2.32695
-0.20681 -0.0498163 1.25585
-0.0770443 -0.0247356 0.394229
0.150854 -0.171203 2.92655
-0.24423 -0.0466812 1.41804
0.155806 0.519904 4.12169
0.461429 0.254944 0.900616
0.466394 0.0630843 1.3118
0.216689 -0.290808 3.18976
-0.232268 -0.0780827 0.529308
1.28904 0.114154 1.70694
-0.107254 -0.291104 2.01298
0.436768 0.167558 0.780837
0.0852424 0.105688 0.479265
0.442334 0.237941 0.852411
1.32841 0.128914 1.68754
-0.10268 -0.031277 0.383723
1.12792 0.216546 1.82699
-0.0571539 0.0812074 0.367503
-0.0518414 0.0208922 0.438703
-0.157051 0.0893642 0.429332
-0.151752 -0.0295722 0.376146
-0.141767 0.073549 0.357244
-0.126697 0.0342646 0.426992
0.0141971 0.114876 0.447177
0.00538558 0.00492047 0.408117
-0.136902 0.0564279 0.490644
-0.0376429 0.0532191 0.43123
0.108756 0.0991205 0.425605
0.609318 0.242552 2.1517
0.11802 0.365555 2.90474
0.851475 0.0942622 1.71676
-0.0382348 -0.249554 1.36923
0.529701 0.0928507 0.901237
0.858852 -0.20831 1.90095
0.0663582 0.0861386 0.451593
-0.0816386 0.00584837 0.402292
-0.0920538 0.0473618 0.435363
-0.05673 0.042008 0.43906
0.218682 0.184568 0.568393
-0.128004 0.0119706 1.18897
0.349438 0.262926 1.01334
-0.0392591 0.0268216 0.388497
0.603043 0.288882 1.69119
0.774046 0.0893569 2.16556
-0.0106072 0.0427873 0.43046
-0.0368923 0.019567 0.408942
-0.187445 0.0122042 0.539545
0.420777 0.427732 1.86141
-0.228844 -0.092265 1.4245
0.706054 0.299988 2.13569
0.95671 -0.236741 2.12911
0.063993 0.0628542 1.28229
-0.0347008 0.00567782 0.404882
0.175009 0.188246 3.62664
0.215083 0.225447 4.32806
0.661149 0.333014 2.07223
-0.293569 -0.111069 1.49012
-0.598746 -0.471057 1.57208
-0.0476067 0.0195876 0.422427
-0.0558036 -0.00352785 0.391139
-0.032081 0.0501204 0.59586
0.441487 0.463509 2.28372
-0.067516 0.0195065 0.422819
-0.061916 0.00332627 0.557578
-0.135313 -0.0137777 0.333839
-0.0850141 -0.00193422 0.38312
-0.0329604 -0.0152128 0.406234
0.00775732 0.117721 0.475486
-0.0711826 0.0258059 0.448782
-0.0880169 -0.0126418 0.378366
-0.0719559 0.0185352 0.432999
-0.0668745 0.0196455 0.415145
-0.0606547 0.00559453 0.393844
-0.195292 -0.00550107 0.607892
-0.0977099 -0.0132747 0.412996
0.988926 0.179979 2.12954
0.151632 0.188883 0.854779
-0.0903054 -0.0280698 0.334437
-0.0298192 -0.0113205 0.668815
-0.197001 -0.0371411 0.480555
-0.208703 -0.023719 0.485992
-0.0432627 0.0205373 0.750237
-0.0478113 -0.00158678 0.572122
0.00301366 0.0123774 0.463435
-0.0832449 0.00656406 0.408145
-0.0047397 0.0195569 0.435917
0.159035 -0.173244 3.03846
-0.0969507 -0.0156969 0.409604
0.130212 0.132969 0.391652
-0.451151 -0.204164 1.52821
0.505465 0.293455 0.955443
0.381532 0.247371 1.05686
0.869085 0.293519 1.9438
-0.0827599 0.00918016 0.8867
-0.0977514 -0.0292344 0.440257
-0.0278653 0.0833656 0.306329
-0.160339 0.0977131 0.795817
-0.0407993 0.0450748 0.443387
-0.0339577 -0.00905506 0.414648
-0.105699 0.00642593 0.419457
0.0376728 -0.0550978 0.412639
0.836805 0.104078 2.34789
0.0288908 0.0773801 0.500251
-0.241657 -0.0301673 0.520325
-0.100423 -0.0117729 0.408006
-0.0633251 0.0446411 0.432425
-0.277152 -0.0820753 1.3267
-0.236117 -0.0253778 0.542694
-0.0816232 -0.0129738 0.391924
-0.0545679 -0.0073018 0.416205
-0.213325 -0.0243516 0.496167
-0.0654329 0.046524 0.444298
0.083704 0.0908483 0.430648
-0.0376208 0.0197129 0.414564
0.0458105 -0.0292205 -0.0378219
-0.0743776 0.0121354 0.824333
0.0756491 -0.0169013 0.0410089
0.0382287 -0.196751 0.825036
-0.00400476 -0.0183664 0.217999
-0.0316946 -0.0100887 0.35755
-0.038983 -0.0127003 0.385367
0.703228 -0.152565 0.797319
0.073866 -0.0355007 0.0974026
0.164767 0.120637 0.447762
0.847808 0.12985 2.04843
0.755198 0.311281 2.26758
0.724027 -0.289441 2.28929
0.100861 0.125676 0.552046
-0.0240905 0.0350355 0.41919
-0.0931248 0.0531549 0.416951
-0.0422804 0.046373 0.45509
-0.0971463 0.0365906 0.360741
-0.00961978 0.0274952 0.454411
-0.0810223 -0.0330966 0.424701
-0.0181353 0.0716315 0.52285
-0.155152 0.0327321 0.423284
-0.15483 0.0573284 0.418603
-0.144802 0.107582 0.453367
-0.0924456 0.0690345 0.417712
-0.060086 0.036958 0.47834
-0.107491 0.0161437 0.319813
-0.034953 0.0856439 0.473473
-0.155651 0.00314583 0.486234
-0.0423898 0.0294713 0.339926
-0.0561317 0.0258243 0.458105
-0.0999021 -0.031895 0.395647
-0.0368761 0.135741 0.677215
0.0305833 0.0712709 0.457373
-0.0753769 -0.0165928 0.338526
-0.056807 0.00642831 0.390409
-0.069997 -0.0161225 0.546897
-0.112557 -0.0286308 0.582521
-0.0545593 0.0416292 0.42564
-0.0216874 0.0660673 0.437498
-0.0203872 0.0575152 0.328018
0.100057 0.110294 0.421457
-0.102516 0.0122695 0.440951
-0.0639793 0.0458527 0.438061
-0.0906506 -0.0154089 0.376253
-0.148626 -0.0114921 0.565409
-0.100042 -0.0148631 0.399954
0.347682 0.184228 0.462232
0.766608 -0.134109 0.831461
0.758965 -0.158969 0.85418
0.09705 0.101678 0.421636
0.755443 -0.159405 0.849319
0.194388 -0.327305 2.47516
0.350927 0.28176 0.737331
0.72308 0.400687 1.03398
0.748749 0.349329 1.08518
-0.502982 -0.165429 1.16931
-0.109792 -0.379698 0.810285
-0.484133 -0.186568 1.24231
-0.0994351 -0.0280246 0.400622
0.433319 0.461718 2.25581
0.372334 0.320301 1.20251
0.617577 0.230866 1.80693
-0.251284 -0.0467013 0.459841
0.667957 0.0626844 1.58379
-0.190567 -0.0734192 0.465591
-0.389143 -0.189983 1.18134
-0.260032 -0.0383295 0.396865
0.844528 0.379036 2.31637
0.088883 0.101535 0.467363
0.51675 -0.206922 1.25456
-0.170658 -0.0156798 0.451112
-0.715314 -0.255431 1.62912
-1.12485 -1.27894 2.71505
0.0280864 0.0632487 0.400159
-0.088875 -0.0986359 0.190753
-0.248263 -0.0396195 0.49688
-0.363544 -0.0978282 1.04653
-0.568978 -0.160003 1.23757
-0.242628 -0.039916 0.481686
-0.264045 -0.0471017 0.483955
-0.0792783 -0.00658083 0.510206
-0.55689 -0.1731 1.22037
-2.23029 -1.58858 5.7717
-0.571923 -0.208347 1.2935
-0.0773508 -0.291277 0.609368
0.486816 0.278219 0.673353
0.726169 0.0252464 0.949401
-0.00627604 0.0172347 0.430869
1.0433 0.0653523 1.29127
-0.0444047 -0.0320361 1.06855
-0.427112 -0.0936448 1.69983
0.622094 0.212341 2.15709
0.0316906 -0.393894 0.964802
0.0272467 -0.315507 0.537335
0.545517 0.313156 0.986771
0.830506 0.00838428 0.984614
-0.0620069 -0.0167806 2.46763
-0.200759 -0.0726751 1.31153
0.0713591 -0.569339 1.55862
0.528175 0.314933 1.00119
-0.0177978 0.0290264 0.39719
-0.0828666 -0.00944648 0.368754
-0.0947172 -0.026811 0.352596
-0.108626 -0.0326645 0.386333
0.779955 -0.0840691 2.3186
0.757686 0.00568367 1.00145
0.505933 0.524783 2.39632
0.744753 -0.0798054 2.20404
0.858387 -0.178239 0.987431
0.68746 0.411325 0.958477
-0.042703 -0.0114835 0.306024
-0.056881 -0.00970689 0.364285
0.433073 0.297825 0.55708
0.310054 0.187426 0.356379
-0.0321956 -0.000837643 0.423807
-0.230261 -0.126792 0.832904
-0.00123475 0.00987745 0.439449
-0.0460533 -0.00841447 0.459599
0.751469 0.0231564 0.989375
0.0471354 0.105807 0.569336
0.741094 0.0239137 0.923929
-0.0949784 -0.0143198 0.320709
0.0476235 0.081769 0.45605
-0.0930923 -0.00337122 0.315795
-0.14923 -0.0139913 0.356758
-0.106994 -0.0160435 0.351164
0.2648 0.23689 0.705056
-0.010978 0.0408061 0.430955
0.109599 -0.0416836 0.334332
0.0353088 0.0797015 0.488725
-0.549718 -0.14173 1.42893
0.511079 0.305593 0.943592
-0.045416 -0.00258913 0.427732
-0.473944 -0.157084 1.28517
0.609899 -0.230027 1.42681
-0.12183 -0.00411513 0.371815
-0.101801 -0.00438202 0.574047
-0.415654 -0.165106 1.05537
0.205214 0.171385 0.535259
0.034672 0.0686025 0.439403
-0.16874 0.00384187 0.366162
-0.575873 -0.178272 1.24712
-0.545089 -0.423841 1.41413
-0.415042 -0.093741 0.919928
-0.285108 -0.0592936 0.491088
-0.304871 -0.0618434 0.522122
-0.298163 -0.0633939 0.414582
0.103123 0.0974242 0.416993
-0.00514786 -0.325679 1.48272
0.229116 -0.404686 3.10584
0.314082 0.19027 0.358875
0.535332 0.0985204 0.908398
0.363906 0.230031 0.728252
-0.198557 -0.0726627 1.3177
-0.219233 -0.0780136 1.38272
0.805278 -0.196298 1.75701
0.677919 0.241395 2.25842
0.51627 0.566883 2.9815
0.57491 -0.228239 1.3989
-0.0204829 0.0830955 0.425073
0.23775 -0.0431391 0.267924
0.173356 0.139615 0.446676
0.189833 0.146148 0.512872
0.135674 0.105733 0.373425
0.0662035 0.0819783 0.430759
0.334193 0.23289 0.963267
0.940786 0.469748 2.97346
0.165528 0.288842 4.18963
-0.315936 -1.0052 2.37032
-0.304502 -0.00885369 1.56471
-0.15924 -0.0422756 0.7556
-0.149864 -0.0199332 0.983606
0.071219 -0.587344 1.6283
-0.0370757 -0.0308514 1.13397
0.370703 0.375404 1.96899
0.1826 -0.296817 2.26292
-0.0656837 -0.00871186 0.390397
-0.403928 -0.0781876 1.40084
-0.100916 -0.021672 0.352979
-0.0633647 4.79143e-05 0.378779
0.767832 -0.0384692 0.975658
1.18274 0.0753131 1.47264
-0.295075 -0.0765616 1.1972
-0.0558164 -0.0114361 0.371045
-0.590435 -0.341074 1.19487
1.09107 0.206083 1.76652
0.0841233 0.0928076 0.433723
0.0843162 0.0927443 0.433025
-0.27107 -0.0403478 0.517293
-0.032088 0.0465849 0.336607
-0.289097 -0.0304675 0.510535
-0.295831 -0.0298163 0.469277
-0.0290821 -0.000295336 0.423588
1.13237 0.224883 1.83095
-0.14305 -0.492314 1.09734
-0.000840609 0.116529 0.434189
1.19009 -0.192182 2.04771
0.30191 0.297211 0.960383
0.0364271 -0.0911979 0.396107
0.313625 0.214162 0.903641
-0.0964719 -0.00535319 0.369518
-0.541763 -0.166567 1.48494
0.582754 0.487623 1.13964
-0.147664 -0.127175 2.36724
0.275546 0.174655 0.326229
0.0477454 -0.260297 0.445603
-0.31928 -0.0684948 0.495615
0.69396 -0.184355 1.52579
0.000534529 -0.161282 0.320307
0.00685056 0.0171815 0.437158
0.144223 0.10617 0.378302
0.154483 0.12613 0.432211
-0.285526 -0.108567 0.654537
-0.376592 -0.30597 0.835106
-0.018347 0.0781701 0.406847
-0.333451 -0.170492 1.13529
0.153813 0.119448 0.369146
-0.0999288 -0.0859154 0.175627
-0.313541 -0.0412067 0.446815
-0.192729 -0.0381366 0.392319
-0.639972 -0.177124 1.717
-0.549691 -0.146261 1.17839
-0.00384293 0.0161232 0.42546
-0.247641 -0.0311763 0.438764
-0.634392 -0.232557 1.17868
-0.267174 -0.0409843 0.461164
0.00911897 0.107223 0.431371
0.165668 0.124605 0.458466
0.461168 0.272219 0.727881
0.308699 0.185689 0.351459
0.159731 0.0648925 0.306797
0.291112 0.188146 0.348892
-0.306642 -0.109376 1.53105
0.427739 0.459012 2.48202
0.55658 0.170934 1.79558
0.162346 0.118992 0.455372
0.437289 0.444691 2.00262
0.108715 0.163411 0.715541
0.111147 0.125432 0.487868
-0.0958971 0.0291163 0.473511
-0.108839 -0.000433621 0.33888
-0.134487 -0.0119257 0.337071
-0.271757 -0.0388288 0.415774
-0.351722 -0.0419213 0.543081
0.324009 0.323087 1.02618
0.415939 0.277877 0.8401
0.0948299 0.100444 0.446678
-0.137528 0.0252644 0.400055
-0.114279 0.0526701 0.431284
-0.134119 0.0240382 0.390361
-0.159917 0.00579174 0.351057
-0.54928 -0.203044 1.22675
-0.0757731 0.0298108 0.379674
-0.233467 -0.0464879 0.426692
-0.0574023 0.054858 0.410558
-0.281713 -0.0330165 0.536752
-0.0819881 0.0336657 0.40893
0.0321623 0.0806299 0.498231
0.0394997 0.0603055 0.362152
-0.222909 -0.0222225 0.500124
-0.164515 -0.0118721 0.40141
0.0797894 0.101586 0.440679
-0.0696729 0.0258659 0.354934
-0.0397028 0.0627805 0.414844
-0.128196 0.00602302 0.400752
-0.247131 -0.0113665 0.433979
-0.223354 -0.00911416 0.400149
-0.0397514 0.0621996 0.414397
0.124721 0.12386 0.368264
-0.104457 -0.00399433 0.397688
0.0309906 0.0834198 0.516796
-0.235426 -0.0346002 0.460674
7.50694 3.83806 10.9747
0.893271 0.194987 1.30317
3.92496 1.77206 15.052
0.150002 0.128667 0.440194
-0.237737 -0.029682 0.515811
-0.0910857 -0.0292378 0.332604
-0.244076 -0.0659486 1.03161
-0.322144 -0.0754618 1.29802
0.102419 0.118965 0.436161
-0.0968455 0.0170892 0.385806
0.00410214 0.00626618 0.421942
-0.077479 0.0113262 0.370457
-0.081911 0.0147079 0.386315
-0.204613 -0.0299543 0.451089
-0.216608 -0.0235307 0.497211
-0.209925 -0.0361911 0.511387
-0.0869936 0.00428523 0.326715
-0.397993 -0.0491589 0.916285
-0.386032 -0.123123 0.864592
-0.0733154 0.0150514 0.396564
0.722781 0.245756 1.58718
-0.0622273 0.00934959 0.307901
0.00265514 0.113819 0.426929
-0.0826174 0.0609267 0.431431
0.0622402 0.045513 0.239851
-0.282098 -0.0306767 0.433759
-0.311475 -0.106249 0.449661
1.40919 0.672101 2.7366
-0.155552 -0.0117828 0.380932
-0.167971 -0.0626794 0.657599
0.0676207 0.0880802 0.452091
-0.0398608 0.0642801 0.418143
-0.117989 -0.0229458 0.377464
-0.0569496 -0.0115111 0.373162
-0.468924 -0.19653 1.19971
-0.0252527 0.0722648 0.428956
-0.120795 0.0308707 0.400662
0.154407 0.108043 0.381975
-0.0969487 -0.0232378 0.338937
-0.309385 -0.0378146 0.607793
-0.108444 0.0109832 0.382062
0.0130075 -0.0252323 -0.023109
-0.0412575 -0.00334816 0.405828
-0.178146 -0.0698434 0.487295
-0.247282 -0.0148547 0.7269
0.0283424 0.0788617 0.377341
-0.285927 -0.0224459 0.442556
0.122943 0.123797 0.3609
-0.148609 0.0029516 0.551328
-0.136292 -0.0195136 0.521428
-0.360858 -0.147194 0.931398
-0.237587 -0.0233241 0.36435
-0.354762 -0.0712358 0.529266
-0.0954868 0.00557538 0.338203
0.097917 0.113358 0.418907
-0.269026 -0.0445952 0.469755
-0.467058 -0.137445 1.04325
-0.580003 -0.221625 1.3567
-0.207638 -0.0532133 0.476928
-0.722585 -0.210448 1.50965
-0.0631986 -0.0634903 0.088248
-0.470249 -0.186486 1.24868
-0.0787533 -0.0640436 0.188385
0.404133 0.363884 2.13008
-0.0306193 -0.0372095 0.0518916
-0.0632127 -0.0628914 0.0774014
-0.389816 -0.165716 1.06972
-0.106866 0.0214725 0.545913
-0.27006 -0.0178376 0.458049
-0.141901 -0.00642246 0.343597
-0.247971 -0.0193578 0.421644
-0.268985 -0.0183249 0.456111
-0.64424 -0.360208 1.27756
-0.0514952 0.126638 0.692857
-0.0236725 0.061169 0.425357
-0.130665 0.0235151 0.380375
-0.119373 0.0304424 0.396274
-0.183525 0.480613 2.2605
0.0784728 -0.132202 0.583187
-0.90701 -0.249585 1.47004
0.099222 0.111681 0.489686
-0.150319 -0.0323339 0.904674
-0.0912934 -0.0305257 0.369192
-0.208141 -0.0215378 1.0358
-0.0690334 0.013463 0.377572
-0.0878145 -0.0394008 0.321269
-0.0680225 0.000785472 0.411628
0.331078 0.231696 0.968288
-0.0675292 0.0160475 0.369558
-0.10701 -0.0135476 0.351008
-0.0626257 -0.00804644 0.381608
0.932424 -0.0382102 1.19516
0.411277 0.23401 0.592908
-0.0721268 0.0144488 0.390615
0.0495451 0.0845462 0.455436
-0.198128 -0.0327064 0.778668
-0.0772744 -0.027896 0.318524
-0.0947588 -0.0397159 0.337962
-0.146175 -0.0123313 0.452531
-0.003728 0.0159789 0.419987
-0.134865 -0.0156134 0.568966
-0.0302131 -0.0160056 0.352952
-0.00580696 0.0314036 0.42478
0.0846673 0.0639675 0.28013
0.103881 0.0927378 0.398041
-0.0781803 -0.0156391 0.674757
-0.15809 -0.0161438 1.00698
-0.0250028 0.0666811 0.963624
-0.0771002 -0.00450283 0.580472
-0.087932 0.0863899 2.38213
-0.0628577 -0.00794523 0.382516
-0.122165 -0.363492 0.764232
-0.148277 -0.0315132 0.508584
0.719957 -0.220858 2.50456
0.0676669 0.0922113 0.474279
-0.013807 0.0453228 0.463532
-0.103673 -0.0294537 0.373192
-0.0967629 -0.0228945 0.336127
-0.358667 -0.0826023 0.592039
0.0969721 0.00613973 0.068702
0.0585346 -0.0241769 -0.00913802
0.0618056 -0.0246737 -0.0305159
0.115823 -0.0412622 0.367551
-0.113395 -0.0235857 0.363183
-0.0948164 -0.0314089 0.345425
-0.354342 -0.0642324 1.38827
0.0280313 0.0674748 0.431236
0.561515 -0.123351 0.614389
-0.0768796 -0.0269843 0.372577
-0.221441 -0.0234817 0.510706
-0.0850092 -0.0155554 0.421961
0.215724 0.18656 0.592528
-0.225013 -0.0351631 0.543941
1.36597 0.137814 1.80502
-0.189842 -0.0351824 0.464578
-0.098594 -0.0231287 0.340487
0.0359951 0.0783162 0.435606
-0.0123612 0.0595194 0.469516
-0.107662 -0.455959 1.03035
0.103853 0.111625 0.444628
0.159933 0.141179 0.488013
0.070582 0.100437 0.436912
-0.111488 -0.025614 0.404995
0.0215542 0.0700147 0.418126
-0.106043 -0.0255989 0.381185
0.0818563 0.0886811 0.41317
-0.0882002 -0.0227702 0.43008
-0.523297 -0.120972 1.0507
-0.0777759 -0.278973 1.65053
0.378635 0.0740682 1.37925
-0.587396 -0.207535 1.31333
0.0595051 0.000176143 2.42869
-0.143679 -0.0495125 0.563392
-0.212543 -0.032928 0.440971
-0.512453 -0.15756 1.15364
-0.101253 0.0144705 0.384873
0.0538272 -0.491679 1.56088
-0.162528 -0.0389892 0.355863
0.0993673 -0.31706 0.547497
-0.00904431 0.0114696 0.428495
-0.281575 -0.231785 0.613502
-0.181038 -0.0196547 0.382026
0.0244044 0.11108 0.46138
-0.291293 -0.0668461 0.509386
-0.315035 -0.0424171 0.447828
-0.285442 -0.0223837 0.443955
-0.326551 -0.108329 0.475284
-0.0549009 0.0936056 0.469914
0.0301124 -0.329201 1.17549
0.0680498 -0.107511 0.436341
0.116769 0.103799 0.768398
-0.0496203 -0.201534 1.36099
-0.050326 0.0410326 2.66525
-2.42918 0.419418 13.2215
2.85825 1.40328 8.15595
0.502341 0.558942 2.89612
-0.0928226 0.0127407 0.926368
-0.116471 0.0219497 0.458354
-0.0970992 0.00408399 0.358783
0.173009 0.134422 0.435925
0.198673 0.157008 0.546715
-0.089642 -0.0299261 0.327891
-0.168119 -0.184443 1.52339
-0.212145 -0.0329007 0.520501
-0.0675533 0.00109684 0.705114
-0.154855 -0.0203278 0.321378
-0.118211 -0.0436972 0.421025
0.0368452 0.070406 0.43563
-0.150074 -0.0258117 0.72278
-0.07443 -0.026183 0.369471
-0.0782484 -0.0236376 0.392164
-0.0776475 0.0246639 0.384915
-0.154641 -0.0208955 0.321027
-0.133704 -0.0126724 0.334146
-0.113782 -0.00259804 0.357072
0.0816611 0.102822 0.441671
-0.110717 0.00762176 0.404585
-0.106299 0.0211398 0.437468
-0.0250237 0.0618349 0.436906
0.0351702 0.0802901 0.45749
-0.0725404 0.016388 0.387859
-0.118465 -0.008284 0.29161
-0.0616508 0.0181122 0.329164
-0.112621 0.00767327 0.458217
-0.119028 0.00212364 0.366428
1.05802 0.177516 2.50889
-0.352611 -0.178906 1.20091
-0.211609 -0.0191635 0.611118
-0.0739572 -0.0168499 0.376873
0.97879 0.272668 1.01752
-0.0888402 -0.0387832 0.316657
0.281043 0.187018 0.338559
0.458661 0.498113 2.62468
0.334111 0.20462 0.34432
0.0891456 0.0860404 0.329155
0.741741 0.28949 2.14814
0.311889 0.204041 0.365917
0.968645 0.309025 0.879097
0.841706 0.307078 0.829484
0.150142 0.143591 0.394004
0.755819 0.415578 0.830695
0.085039 0.0785814 0.328035
-0.34649 -0.171637 1.20976
-0.0350721 -0.0113064 0.435612
-0.0790783 -0.305059 0.660512
-0.0887792 -0.00902564 0.471082
-0.0449497 -0.199237 0.38673
-0.0240799 -0.0148585 0.354756
-0.278379 -0.0956315 0.720722
-0.546539 -0.56484 1.49307
0.00302823 0.0123737 0.439097
-0.659661 -0.247816 1.51491
-0.110349 -0.369871 0.802784
-0.0217995 0.000614339 0.371824
-0.463375 -0.173625 1.21795
0.101129 0.0959164 0.406496
-0.324519 -0.0782612 0.532474
-1.11595 -0.600686 2.21473
-0.252611 0.00154781 0.46149
-0.352775 -0.0890961 0.717107
-0.0102011 -0.0189232 0.217971
0.918427 0.30986 0.820354
-0.261293 -0.102344 1.33045
-0.626602 -0.15862 1.35255
-0.209638 -0.0615073 1.38733
-0.175272 0.0228186 1.40212
0.801313 -0.181009 1.67414
0.421119 -0.183405 1.39514
0.768439 0.466532 1.09549
0.264601 -0.168915 0.92698
0.160201 -0.00184709 0.183009
0.853862 0.478195 1.2819
0.579645 -0.182725 1.39734
0.276193 -0.140968 0.403106
-0.139771 -0.00618343 0.339125
-0.180398 -0.0477781 0.301239
-0.185661 -0.00963629 0.427291
0.302786 0.210464 0.313861
0.935893 -0.138753 1.8764
-0.0802376 0.0841931 2.44321
-1.01941 -0.472308 1.90098
-0.522165 -0.207488 1.17466
0.608583 0.0456029 1.32211
-0.0820836 -0.0228938 0.357742
0.0416816 -0.324073 0.974743
-0.368058 -0.168948 1.28182
-0.0939373 -0.0254597 0.340154
0.0374136 -0.452389 1.11362
0.330881 0.195891 0.333481
1.3507 0.124988 1.74336
0.370533 0.24125 0.377122
-0.0415552 0.0306718 0.43082
0.421347 0.291127 0.547295
0.584711 0.152386 1.24888
0.314741 0.208306 0.309408
-0.0155991 0.0422594 0.506469
0.165066 0.142112 0.481119
0.1202 0.122075 0.485169
-0.392312 -0.127348 1.2897
-0.358849 -0.0806309 0.787019
-0.27634 -0.0915748 0.594579
-0.020245 0.0553788 1.08094
-0.0339534 0.00291345 0.468353
0.286278 0.16984 0.311658
-0.0380247 -0.0540208 0.767036
0.0594331 -0.0333973 0.00476437
0.0476967 -0.0259714 0.00332755
0.0322615 -0.0349182 0.106548
0.0860247 -0.00468912 0.013234
0.652382 0.275755 2.36696
0.842836 0.118584 2.00638
0.723742 0.0189008 1.42016
-0.00320634 -0.152984 0.73207
-0.139228 -0.052047 0.965387
-0.463255 -0.163453 1.07398
-0.567073 -0.174735 1.23323
-0.461536 -0.150031 1.07657
0.198302 0.151317 0.551402
-0.214687 -0.0454616 0.505551
-0.562043 -0.163866 1.18071
0.0468785 -0.0266578 -0.0213638
-0.0924971 -0.0676574 1.17128
-0.0126916 -0.171703 0.847799
0.608491 0.38357 1.48515
-0.0631275 0.00217419 0.621836
0.0463032 -0.261398 0.446504
-0.139901 -0.156928 1.18043
-0.0651456 -0.0196053 0.152561
0.0854701 0.115672 0.522454
0.0359039 0.0777291 0.434762
-0.540277 -0.170136 1.17464
-0.350308 -0.117547 1.15221
0.0706748 0.102053 0.448033
-0.395007 -0.0974566 0.783049
-0.0613886 -0.0101703 0.371893
-0.00705703 -0.0498734 0.0430904
0.0980157 -0.135232 0.635298
-0.109346 -0.0213726 0.514558
0.624566 0.738133 3.66666
0.649394 0.225866 2.24148
0.679374 -0.141922 0.741424
0.10981 0.0995781 0.427507
0.216613 0.175201 0.576222
0.339787 0.243627 0.408939
0.327963 0.219072 0.379944
0.309413 0.216346 0.364143
0.481965 0.358048 0.758187
2.36336 0.681235 3.04482
-0.0566197 -0.0295599 0.228657
0.711716 0.388015 0.777573
-0.0312977 0.00112914 0.439326
0.439015 0.290556 0.532829
0.193157 0.158023 0.493129
0.354069 0.22893 0.408635
2.31709 0.66634 2.99793
0.550654 0.430037 0.73601
0.299239 0.192892 0.322725
0.288711 0.202372 0.322154
0.31762 0.222691 0.321399
0.312951 0.199725 0.335478
0.304868 0.21441 0.308943
0.923611 0.246633 0.891555
0.818043 0.452699 0.943425
0.366102 0.266845 0.49061
-0.0698239 0.0226779 0.36916
-0.223986 -0.0459669 0.531284
-0.0772785 -0.0156334 0.411419
-0.0144402 0.0510703 0.465899
-0.0134956 -0.0248089 0.0965326
0.143639 0.156869 0.451471
-0.232272 0.0201911 0.574582
-0.148192 0.0608049 0.464767
-0.394501 -0.153242 1.03978
-0.109183 0.0723708 0.44547
0.16052 0.113312 0.410226
0.146266 0.165589 0.664925
0.889997 -0.124032 1.79078
0.6976 0.349267 2.14268
1.62753 0.705323 5.14276
-0.0677391 -0.0146169 0.391684
0.628837 0.1463 1.32116
-0.0403676 0.0286731 0.427331
-0.483109 -0.372819 1.04081
-0.0969671 -0.0189576 0.400135
0.0399332 -0.0372249 0.0278374
0.273031 0.142762 0.243833
0.0921518 -0.0423017 0.076878
0.297055 0.130662 0.359629
-0.241232 -0.136464 0.456108
-0.527474 -0.196036 0.986871
0.566535 0.10401 0.950178
-0.170275 -0.0115904 0.518716
0.556997 0.0731287 2.05234
0.341928 0.136178 0.378776
0.0897582 0.626572 5.31346
-0.142268 0.0105009 0.428812
-0.335613 -0.136945 0.775766
0.152321 -0.370514 1.91923
0.625039 -0.212789 1.4131
-0.332864 -0.115116 1.09862
-0.0620011 -0.0102836 0.405518
-0.309196 -0.0788284 0.445659
0.0290799 0.078339 0.480953
0.168068 0.15085 0.523584
0.0458458 0.0639507 0.374266
-0.154533 -0.0772229 0.829446
0.258401 0.105596 0.297255
0.471915 0.157717 0.845127
0.547162 0.118936 0.634773
0.0477153 -0.0165374 0.0584365
0.13717 -0.454975 2.35012
0.388313 0.321066 0.729513
0.657171 0.365767 2.16571
0.480275 0.408668 0.898774
0.0890371 0.37588 3.1185
0.586673 0.334982 0.673377
0.694107 0.167237 2.59099
0.500315 0.369625 0.769501
-0.164392 -0.0193522 0.919701
-0.261487 -0.0943081 1.2235
1.0372 0.337785 3.11814
0.933 0.24621 0.968794
0.840735 0.0965383 2.33981
0.409873 0.389696 0.949347
-0.0649564 -0.0221155 0.241978
-0.00666798 -0.407707 1.88148
-0.0174171 0.063378 0.411932
-0.161407 -0.171765 1.33161
-0.0629171 -0.00089372 0.391353
0.0951381 0.101538 0.451373
0.0647016 -0.488052 1.2959
-0.121497 0.0065817 0.380557
-0.473934 -0.182265 1.21016
0.5059 0.271041 0.732421
0.695049 0.162732 0.817245
0.569021 -0.0654297 2.10506
0.0682864 -0.0232223 -0.0243788
0.0683688 -0.0228589 -0.0205829
0.0662372 -0.0223776 -0.0247073
0.0709692 -0.0232838 -0.0311216
0.339282 0.175683 0.635897
0.150718 0.141962 0.392769
0.0145576 0.110618 0.430063
-0.189879 -0.0101041 0.449237
0.152326 0.11653 0.364481
-0.122633 0.0410787 0.387081
0.0884635 0.0148464 0.115545
0.192025 -0.0098661 0.332519
0.840035 0.446998 1.43494
0.244007 -0.164499 1.01961
0.0967921 -0.29424 0.504516
0.463778 0.239291 0.606741
0.0467444 0.0831494 0.461102
0.0871107 0.0994165 0.457257
0.0518627 0.00632361 1.95742
-0.0979328 0.0889921 4.45217
0.826319 0.0337453 1.10058
0.0793605 0.294479 2.49626
0.544672 0.54462 1.30485
0.392934 0.395411 1.01654
0.466253 0.402167 0.914347
0.929009 0.00577228 1.18395
0.431706 0.363041 0.938731
-0.602829 -0.214284 1.55965
0.738309 -0.0397128 0.954686
0.432665 0.365129 0.95156
1.75004 0.0591812 1.87865
0.991903 0.755866 1.40412
0.660354 -0.00301442 0.813692
1.66326 0.430515 1.94428
0.398046 0.332203 0.753671
-0.128999 -0.0262536 2.59973
0.110823 0.109172 0.435325
1.0161 0.567145 0.995274
-0.0350025 0.0253868 0.395031
-0.0899198 -0.373249 0.813
0.0460377 -0.238454 0.398971
0.47169 0.373148 0.806613
0.0958611 -0.295152 0.521689
0.162081 0.113956 0.406576
-0.0887921 -0.289772 0.585847
1.68373 0.817566 2.06667
0.344053 0.252553 0.994873
-0.065214 0.00367568 3.14397
0.499244 0.210792 0.92472
0.0787453 -0.0246487 0.00973012
0.214118 0.131268 0.577032
0.239052 0.128142 0.433483
0.0639539 -0.0244991 -0.0313835
0.0645143 -0.0204047 -0.0129008
0.772257 0.0286549 2.01031
0.0645129 -0.0204328 -0.0129445
0.0597238 -0.0258259 -0.0235019
0.0467118 -0.0289087 0.0132038
0.0855997 -0.0111902 -0.00452631
0.0797859 -0.0194832 -0.0158926
0.0597299 -0.0258155 -0.0235473
0.207284 -0.0060102 0.306521
0.729923 0.176575 1.71363
0.769544 0.0589369 0.994996
0.0645943 -0.026469 -0.0352917
0.485601 0.197107 0.892589
0.270852 0.10502 0.485938
0.230062 -0.356924 2.68665
0.426395 -0.109796 2.03981
0.0877 -0.0244355 -0.0121261
0.071893 -0.00841149 0.0419973
0.0785205 -0.0258197 -0.0146936
0.192387 0.108515 0.498835
0.0628645 -0.0325291 0.0175691
0.0812186 -0.0153827 -0.0249023
0.0615166 -0.0352441 -0.00276701
0.0586701 -0.0307296 -0.0170388
0.164784 -0.0006186 0.189833
0.0878402 -0.0244406 -0.0119699
0.0349678 -0.0197835 0.157044
0.477416 -0.0259634 0.533047
0.437464 -0.032429 0.516816
0.426279 -0.0234725 0.461252
0.0624958 -0.0248909 -0.0326744
0.0824908 -0.247168 0.403398
0.89614 0.467306 1.07878
0.0758576 -0.0122913 -0.00932482
0.499031 0.266433 0.796656
0.139958 0.0590203 0.308084
0.058373 -0.0247075 -0.015221
0.0623587 -0.0238111 -0.0184929
0.0057251 0.00203481 0.286063
0.114135 0.0111869 0.0442411
-0.0941764 -0.0626165 0.57089
0.0652641 -0.0297059 -0.0269976
0.064214 -0.0197476 -0.0135795
0.0873785 -0.0263337 0.0434927
0.0843254 0.0119564 0.10624
0.0611392 -0.027591 -0.0278515
0.0766968 -0.0152083 -0.0153294
0.902683 0.164343 2.6806
0.448256 0.303318 1.04517
0.680351 -0.149702 2.35313
0.0536612 -0.0309988 -0.0270018
-0.00177681 0.0348871 0.392724
-0.189491 -0.0120046 0.340711
-0.148249 0.0141564 0.343065
0.0198344 -0.0261455 -0.0374588
-0.101843 -0.042935 0.49686
-0.223391 -0.046308 0.288272
-0.0827044 -0.031385 0.109565
0.110739 0.102793 0.437598
-0.240911 -0.0332006 0.509891
-0.0865049 0.0630948 0.445929
0.0177976 -0.0282633 0.0223792
-0.123995 0.0210326 0.361961
-0.314854 -0.142388 1.07069
0.832399 0.454358 0.979075
0.973058 0.523178 0.957531
0.768254 0.425784 0.842244
0.177835 0.132842 0.46504
0.655357 0.38842 0.871582
0.314974 0.211972 0.319911
0.293076 0.041235 0.3683
0.718851 0.426102 0.861367
0.190561 0.0140314 0.20781
0.297029 0.21004 0.36803
0.303214 0.194824 0.329629
0.281266 0.21947 0.327255
0.289114 0.217793 0.299684
0.763293 0.408929 0.853523
0.898426 0.239156 0.869018
0.910931 0.325465 0.896815
0.840187 0.437168 0.891321
1.03399 0.330017 0.939752
0.867527 0.451652 0.924413
0.275447 0.206457 0.318793
1.23888 0.318781 1.41915
0.953432 0.299401 0.856008
-0.0322817 0.0023013 0.443173
0.333786 -0.113257 1.07569
0.999909 0.199377 2.14876
0.170631 -0.209187 2.80184
0.301278 -0.495747 2.81554
0.444714 -0.0894123 1.97521
0.294961 0.158875 0.271616
-0.550414 -0.438377 1.46442
0.114231 0.0855705 0.299524
-0.41036 -0.19807 1.23411
0.00431939 0.00731505 0.449454
0.283976 0.148476 0.248905
0.356513 0.0262776 0.912223
0.0281267 -0.24758 0.394494
0.31935 0.170896 0.278526
0.0454613 -0.251074 0.423951
0.683135 0.346976 0.64963
0.0436146 -0.0275591 0.00535846
0.854314 0.0864393 1.72635
-0.197225 0.0134036 0.41516
-0.0637367 -0.0311081 0.0831752
0.0854793 0.110741 0.468381
0.000245083 0.0175693 0.410846
-0.0113957 0.0442205 0.495679
0.294276 0.206998 0.31701
0.327555 0.214968 0.317231
0.322756 0.216789 0.330496
0.719898 0.542595 1.01343
0.348491 0.235195 0.344095
-0.195425 -0.0771228 0.947094
0.430833 0.350648 0.899683
2.01067 0.438514 2.21946
0.127351 0.138821 0.376649
0.32065 0.215403 0.319475
0.0588953 -0.025503 -0.000422028
0.88822 0.309826 0.866416
-0.00901033 0.0421701 0.412389
0.617538 0.178888 0.511769
0.301904 0.207738 0.300712
0.741536 0.367563 2.04136
0.850987 0.332917 0.847529
0.806198 0.423779 0.849415
0.797413 0.247505 0.680955
0.314186 0.194218 0.303775
0.622116 0.35477 0.73924
0.296658 0.199718 0.313752
0.71824 0.424006 0.911959
0.302155 0.212025 0.281146
0.664909 0.406496 0.77582
0.291881 0.213407 0.321289
0.30057 0.211491 0.275963
0.281835 0.222174 0.31813
0.416497 0.309959 0.572843
0.152519 0.147149 0.399754
-0.37451 -0.0849569 1.49738
-0.160911 -0.538184 1.21677
0.205543 0.185968 0.622643
0.14107 -0.00624798 0.144241
0.0823659 0.00990576 0.0988239
0.322274 0.176633 0.518994
0.068762 -0.0278431 0.0034282
0.0461561 -0.239665 0.401404
0.0485626 -0.02884 -0.037561
-0.393134 -0.186189 1.29978
0.0785778 -0.0257357 -0.0146707
0.122522 0.0113058 0.0232518
0.461029 -0.0534515 0.324629
0.0369098 -0.142976 0.402328
0.0712672 -0.0129621 -0.00963236
0.0695535 -0.0210384 -0.0251863
0.0788896 -0.0249642 -0.00869445
0.509072 -0.100063 2.23393
0.587121 -0.234786 1.44796
0.736557 0.00862569 0.734577
-0.107082 -0.0591328 0.697772
0.734423 -0.0520179 0.584407
0.295151 0.169505 0.536687
0.748282 0.23007 0.661273
0.722615 0.389918 0.819703
0.628355 0.40137 1.5362
0.457494 0.236079 0.644717
0.760007 -0.275253 2.35356
0.550057 -0.00892961 0.666793
-0.025629 0.0279783 0.625015
0.0616536 -0.0278138 -0.0299478
0.0687542 -0.0160335 -0.0123704
0.0606959 -0.0280188 -0.0334235
0.0348425 -0.0628711 0.197251
0.423733 0.236604 0.591108
0.0466603 -0.0247918 -0.00754404
0.0856138 -0.0023705 -0.00361562
0.304888 0.0811482 0.507045
0.328238 -0.0148882 0.334307
0.0437333 -0.0280923 -0.0206644
0.0836116 -0.00948012 0.0648304
0.134482 -0.265952 0.464621
0.479331 0.0178226 0.29159
0.0683731 -0.165502 0.248036
0.558329 0.0128817 0.712422
0.27409 0.140851 0.410293
0.0617237 -0.0279453 -0.0293116
0.114829 -1.34924e-06 0.102201
0.0588092 -0.0307549 -0.0167012
0.0349498 -0.024044 0.0538204
0.263555 0.109061 0.299212
0.0607655 -0.0351042 0.00209638
0.26666 0.110977 0.304484
0.0470724 -0.0377484 -0.00024629
0.0546447 -0.0271779 -0.0183918
-0.00353542 0.00210772 0.322679
1.87282 0.188678 2.45809
0.00418977 -0.0225879 0.154393
-0.0397648 0.0377329 0.776999
0.0646546 -0.0200048 -0.0167875
0.0440545 -0.30804 0.541243
0.0136372 -0.015671 0.190775
-0.103421 -0.0831752 1.5543
0.0610875 -0.0269107 -0.032357
0.0877977 -0.0244655 -0.0120182
-0.207631 -0.0936357 1.21357
0.244177 0.113938 0.305424
0.0193809 -0.233578 0.388493
0.456832 0.245492 0.501223
0.876428 0.105843 2.06289
0.427459 0.220665 0.602725
0.496484 -0.045925 0.374187
0.00302052 -0.281693 0.629524
0.0179649 -0.214174 0.450083
-0.0306174 0.00453879 0.454675
0.0563726 -0.0249626 -0.0131187
0.48131 0.270314 0.62427
0.800376 -0.0171287 1.04723
-0.0036184 -0.268092 1.1347
-0.123628 -0.173792 1.68297
0.649203 -0.105284 2.40489
0.108823 -0.0142873 0.202342
0.0147274 -0.292862 1.07239
0.0479661 -0.124802 0.228628
0.0720164 -0.0082848 0.0420211
0.0723355 -0.031629 0.0671585
0.516804 0.0914501 0.878122
0.134333 0.0167107 0.0319496
-0.178369 -0.0704489 1.19545
0.563007 0.130525 0.538472
0.586773 0.371073 0.974287
0.424742 0.249206 0.638458
-0.0235594 -0.00731973 0.375496
-0.0787913 -0.00888773 0.56828
-0.0383299 -0.0897084 0.51497
0.059835 -0.0257065 -0.0234115
0.616322 -0.0215742 0.706883
0.0901854 -0.0488585 0.124147
0.0739676 -0.0681095 0.201623
0.0602208 -0.0319259 0.0366134
0.0699392 -0.0155081 -0.00942931
0.381972 -0.120449 1.32504
0.214541 -0.0058591 0.323543
0.0319344 -0.240139 0.7473
0.511372 -0.214996 1.71963
0.0331067 -0.375097 1.20136
0.509959 -0.216055 1.71741
0.280811 -0.373333 2.13149
0.226737 0.0623502 0.557712
