-0.291204 0.079902 0.900302
0.282042 0.198168 1.17579
0.619738 0.116345 1.27216
-0.106169 -0.0271294 0.840407
0.925144 0.136328 1.9228
0.226339 0.166702 0.481573
0.0100017 -0.00583139 0.0487587
-0.0552229 0.034228 0.174681
-0.0607222 0.0338762 0.176965
-0.433161 0.114842 0.916163
-0.0587865 0.0290765 0.125528
-0.127615 0.0533296 0.200423
-0.444064 0.0851902 0.894802
-0.173325 0.0676754 0.279702
0.00323359 0.0488304 0.178645
-0.378577 0.0757504 0.915854
-0.182957 0.0686647 0.270593
0.343693 -0.0138618 0.95024
-0.0641819 0.0272847 0.149844
-0.0647499 0.0279624 0.129497
-0.0659605 0.0221128 0.134661
-0.0510727 0.0184185 0.110268
-0.0609087 0.0199694 0.115654
-0.0881916 0.0315623 0.170928
0.304609 0.195559 0.54415
-0.0942842 0.0613539 0.467356
0.117364 -0.00782582 1.6317
0.468229 -0.098947 1.04059
0.104291 0.0764927 1.54196
-0.306685 0.0771831 0.916793
-0.0913328 0.0449017 0.264138
1.02096 0.629591 1.74608
0.751602 0.436284 1.24592
0.0351146 0.0926115 1.46966
0.010846 0.0425169 0.309762
-0.399538 0.126908 1.01572
-0.477663 -0.0612542 1.03504
-0.756648 0.249496 1.95369
-0.0652825 0.0385903 0.119438
0.526961 -0.21273 0.970134
0.0742167 0.0575176 0.169342
-0.116804 0.0597524 0.789141
0.383379 -0.158501 1.25767
0.333769 -0.0965925 1.13122
0.862009 -0.0759216 1.56209
0.432546 -0.100425 1.00812
0.374427 -0.242591 1.16879
-0.594019 0.0345 0.996201
0.208022 -0.0891269 1.03367
-0.274105 -0.330938 1.04398
0.628156 0.0901728 1.27155
0.553552 -0.0634261 1.10754
-0.100473 0.0247949 0.208569
-0.380813 0.103984 0.854799
0.00273376 0.0943774 1.50879
-0.295845 0.091876 0.870898
-0.488416 -0.094631 1.04034
-0.210046 0.0878949 0.851127
-0.181364 0.122895 0.816189
0.021866 0.0405183 0.24469
0.0269366 0.0457387 0.276302
-0.222282 0.0932944 0.751864
-0.0619585 0.0282916 0.171845
-0.117115 0.0719393 0.154419
-0.394284 0.195188 0.834919
-0.0209422 0.030698 0.182389
-0.307908 0.131398 0.906756
-0.0615195 0.0297049 0.177243
-0.040378 0.0353229 0.18265
0.349329 -0.0422496 0.440527
0.40159 -0.255835 0.891438
-0.794568 -0.0752243 0.68416
0.0815489 0.188962 0.620079
1.00682 -0.0853469 1.82778
-0.763435 0.00416929 1.07724
-0.0569685 0.0383215 0.178826
-0.0802298 0.0308496 0.170065
0.0410536 0.0668935 0.179104
0.00211724 0.040486 0.18171
-0.387631 0.125371 0.987552
-0.224089 0.0935235 0.766793
-0.0989605 0.0788679 0.189222
0.0615842 0.069591 0.171069
0.0698364 0.0547277 0.161147
-0.0001687 0.0666017 0.174241
-0.0466058 0.00881824 0.104354
0.00464194 -0.00335712 0.0286925
0.013249 0.00752918 0.0319236
-0.0334425 0.0126627 0.0525919
-0.0599998 -0.0908953 0.268703
-0.0195736 0.0114448 0.0874027
-0.0420105 0.0191839 0.0653836
0.851034 0.051989 1.65542
0.377945 -0.197812 1.26153
-0.182135 0.0662979 0.269681
0.37134 -0.0106108 1.06529
-0.164386 0.0727561 0.288976
0.369296 0.194103 1.11819
0.414085 0.0369774 1.05413
-0.177586 0.0735534 0.268519
-0.596079 0.0407002 0.963032
-0.0965204 0.0510877 0.320148
-0.534579 0.0351345 0.920808
-0.08012 0.0326714 0.172916
0.0194027 0.169782 0.92032
-0.0919156 0.0251736 0.169861
-0.113466 0.0479147 0.727786
-0.00176224 0.000266804 0.00276361
0.150045 0.0997027 1.24331
-0.00460564 0.0643749 0.308044
0.00830258 0.162379 1.45098
-0.125409 0.057289 0.792959
0.00590362 0.0503709 0.2707
-0.0547209 0.0149637 0.100419
-0.184238 0.0653635 0.314058
-0.251071 0.0675921 0.507242
-0.880918 0.453522 2.25331
-0.453762 0.132519 0.954625
-0.0898291 0.0451623 0.175519
-0.178802 0.0788693 0.87104
-0.156152 0.0710366 0.534694
1.05152 0.719963 2.05106
-0.176373 0.0688159 0.275518
-0.0628395 0.0228923 0.123624
0.0844989 0.124345 0.370095
-0.0487457 0.0825286 0.630576
0.197519 0.235794 1.4227
0.00561079 0.0676838 0.28013
-0.434337 0.099904 0.875253
0.461421 0.0464919 1.17155
-0.58664 -0.257745 1.05215
-0.596205 -0.117803 1.09656
-0.181162 0.0827813 0.867864
0.174712 0.227269 1.3955
0.277163 0.141268 0.487549
0.533618 -0.259358 0.847475
-0.578589 0.0851728 0.936305
0.362503 0.191581 0.991341
0.386696 -0.104208 1.29585
-0.666539 -0.0758005 1.03613
-0.107236 -0.0189662 0.81926
0.420304 0.00735657 1.16717
-0.0306188 0.0333448 0.182008
0.199809 0.224562 0.877871
-0.398648 0.0898298 0.854062
-0.13229 0.106455 0.800519
-0.474513 0.196001 0.937097
0.222975 0.256998 1.57048
-0.0616567 0.116074 0.839861
0.0371284 0.0575947 0.192309
0.0115445 0.0326224 0.234113
0.00158663 0.040744 0.181381
-0.0701546 0.0345493 0.17517
-0.022783 0.0108965 0.0550681
-0.0889585 0.0427998 0.171073
-0.00420866 -0.00241491 0.0089976
0.006514 -0.00299764 0.0369143
-0.00290548 -0.00180636 0.00650095
-0.020413 0.0545646 0.215584
-0.0219634 0.00767598 0.0418415
-0.0394539 0.0351591 0.180998
-0.00549248 0.0360594 0.183146
-0.100323 0.0403888 0.260011
-0.0752252 0.0263862 0.17326
0.00277731 0.0471828 0.185005
-0.0857787 0.0345591 0.172084
-0.0679281 0.0343338 0.176066
-0.0931545 0.0360637 0.170061
-0.00802491 0.00257403 0.0136262
-0.634669 0.263529 1.132
-0.0757831 0.0274153 0.165859
-0.0621662 0.0381758 0.934737
0.0189006 0.132286 0.93175
-0.0959701 0.0336314 0.174232
-0.076389 0.0275544 0.165555
-0.0209699 0.0338309 0.212264
-0.0494264 0.0229585 0.100767
-0.0425985 0.01535 0.082205
-0.0880132 0.0457447 0.171546
0.00374975 -0.00199829 0.0249575
-0.079175 0.032988 0.172964
-0.167496 0.0792505 0.292001
-0.287563 0.0393755 0.869694
0.160411 0.115193 1.38237
-0.507816 -0.0805098 0.911242
-0.00416681 0.0424852 0.182852
-0.0121966 0.0358191 0.180351
-0.66046 0.0371 1.10965
-0.647 -0.0724382 1.00361
-0.0134951 0.0425381 0.181153
-0.612688 -0.0136456 0.980822
-0.00543556 0.0329893 0.182067
0.397471 0.0542004 0.867797
-0.743266 0.041016 1.05535
0.404897 -0.136116 1.06034
1.07841 0.0355606 2.38208
-0.174202 0.0765364 0.276421
-0.0828634 0.0409475 0.172884
-0.700297 0.0605204 0.982909
0.00257403 0.0404993 0.181757
-0.684962 -0.190157 1.01964
-0.740862 -0.20311 1.10744
-0.382191 0.104007 0.876972
-0.0703953 -0.300484 1.08739
0.388479 -0.200691 1.2976
0.614249 -0.105501 1.02739
-0.0449853 0.021914 0.0869391
0.00456353 -0.00940313 0.0582694
-0.0136093 0.0431423 0.182616
-0.0867687 0.0315503 0.171155
-0.0640078 -0.11083 1.07591
-0.377889 0.0941161 1.01668
-0.33056 -0.221548 0.788008
0.0493707 0.0821591 1.49536
-0.603897 -0.086642 0.956443
0.360264 -0.223455 1.09493
-0.083705 0.0392372 0.172317
-0.0902026 0.0400657 0.171232
0.0022726 0.0518546 0.195095
-0.0687596 -0.22557 1.06635
-0.0802076 -0.0712632 1.13551
-0.174488 0.0765051 0.277415
0.377962 -0.0148411 1.06431
0.544446 -0.132861 0.91891
0.380071 -0.247188 0.852036
-0.451325 0.0668273 0.981175
0.404997 0.0546551 1.02228
-0.523709 -0.0877614 0.912525
-0.123764 0.078866 0.815011
-0.29697 0.0715316 0.890533
-0.395377 0.0738759 0.926448
0.380844 -0.264503 1.13359
-0.6266 -0.0770628 0.985197
-0.0610064 0.0340257 0.177561
-0.591131 0.0896075 0.95918
0.404182 -0.0413525 1.29341
0.113201 -0.173464 1.6491
0.509765 -0.214478 0.953054
0.0183926 0.0846917 1.43744
0.57826 0.05442 1.26929
-0.518561 0.13598 0.887003
-0.0130183 0.0372903 0.183269
0.197802 0.221218 0.859539
0.524095 -0.230564 0.969135
0.361637 -0.258019 0.909568
0.660132 -0.105528 1.10995
-0.00343078 0.0384471 0.182692
0.253375 0.115342 0.448745
0.0793775 0.0592899 0.171159
-0.613686 0.0979441 0.966001
-0.0136216 0.177309 1.17195
-0.292192 0.0532558 0.898858
-0.0157318 0.0455238 0.181989
-0.0806159 0.0400777 0.173507
-0.0305305 0.0404601 0.269095
-0.014368 0.030599 0.20536
0.493003 -0.0995493 1.02475
0.276701 0.126311 0.502603
-0.287109 0.0368171 0.864781
0.463492 -0.0968257 0.976267
0.721653 -0.0969789 1.39628
-0.177918 0.0787231 0.855694
0.911265 0.00479119 1.79733
0.407149 -0.036958 1.3006
0.48579 0.0463123 1.12906
0.321467 0.0970003 0.562989
-0.561283 -0.105765 1.02208
-0.585514 0.0376619 0.940571
0.198491 -0.093787 1.15098
0.682289 0.0374361 1.14
0.0283328 0.0894352 1.46568
-0.0664774 0.134531 1.30536
-0.682866 0.179806 1.03548
0.395812 -0.278325 0.979271
0.400057 0.232389 1.29775
0.0217653 0.0814049 0.459555
-0.428582 0.104702 0.903839
0.439022 0.044705 1.02095
0.502611 -0.21057 0.941761
-0.0217324 0.0475743 0.18698
0.796697 0.0437046 1.54929
0.039945 0.0925826 1.24713
0.368382 0.22349 0.801388
-0.0292752 0.0386565 0.182327
0.449936 -0.0888551 1.43612
-0.17873 0.0843803 0.848909
0.411606 -0.0335172 1.3119
0.391287 0.00757409 1.08098
-0.069249 0.0546109 1.39516
0.525132 -0.230266 0.968863
0.0432977 0.0779213 1.41667
-0.541411 -0.0180774 0.92734
-0.543858 -0.0206765 0.862029
-0.515043 -0.0881444 0.895837
0.505209 0.0762385 1.10888
-0.024999 0.0348521 0.182451
-0.281675 0.0402308 0.880059
-0.46105 0.0740316 0.996732
-0.530554 0.13607 1.1389
0.385199 0.222877 1.27259
0.151562 -0.0438692 1.96151
0.228926 -0.121791 1.52683
0.3809 0.209387 1.12096
-0.456351 -0.0804677 0.973569
0.240841 -0.0499184 0.533227
0.41633 -0.172007 1.3529
-0.589768 0.030826 0.984253
-0.392978 0.0736544 0.911003
0.112585 -0.0990382 1.47097
0.357529 -0.254976 0.888746
0.738586 -0.0436102 1.43002
0.504974 0.0991559 1.10759
-0.555393 -0.0104381 0.952554
0.45388 -0.109113 1.05581
-0.446192 0.103348 0.905964
0.488291 -0.0903265 0.956579
-0.0582706 -0.288964 0.843403
0.368 0.205766 1.09161
-0.379118 0.0636396 0.946716
-0.555349 0.0374857 0.950345
-0.547683 0.096581 0.925136
0.405657 0.218658 1.0653
-0.707373 -0.202673 1.06536
-0.124589 0.0789409 0.836892
0.409484 0.0362391 1.04605
-0.268045 0.0778903 0.835742
-0.594988 0.0374772 0.959248
0.145475 0.210521 1.27005
0.414721 -0.13685 1.08054
0.0593293 0.200428 0.574073
-0.694072 -0.125829 1.00783
-0.0792453 0.0449886 0.17467
-0.0285203 0.0377223 0.182022
-0.188695 0.074775 0.267043
0.0357619 0.0569944 0.182898
-0.287763 0.0839784 0.887764
-0.511693 0.0763515 1.08666
0.00351483 0.0443186 0.182838
-0.279453 -0.291868 0.959194
-0.00600091 0.0264286 0.181466
-0.739411 -0.129589 1.06549
0.100797 -0.164972 1.5152
-0.58257 0.0915521 0.931567
0.375873 0.00491577 1.04896
0.403578 0.0287904 0.929207
-0.534186 0.0808103 0.90224
-0.192266 0.0611139 0.291249
-0.191195 0.0777998 0.267988
-0.0201747 0.0438593 0.181324
-0.00323459 0.0380142 0.181564
-0.529144 0.0852279 0.90234
-0.0291945 0.0467654 0.17881
-0.0630543 -0.221701 1.459
-0.0292121 0.0450533 0.180636
0.0769743 0.181303 0.596477
-0.583509 -0.19306 1.22463
0.291206 0.146597 0.512531
0.510238 0.143331 0.850729
0.00510592 0.0272948 0.182423
-0.0182642 0.0325243 0.183007
-0.612852 0.135676 0.962773
0.569204 0.033239 0.946835
0.375664 -0.251542 0.891152
-0.460545 0.0286308 0.988414
-0.556526 0.077641 0.937364
-0.120102 -0.520555 2.13555
-0.740876 -0.0726046 1.17052
-0.581731 -0.0876299 1.00216
-0.112872 -0.0215248 0.822842
-0.239846 -0.353792 1.09052
-0.0355604 0.0429773 0.182481
-0.617179 0.103811 0.96917
-0.0249052 0.0346423 0.182303
0.622009 0.0782724 1.34407
-0.104767 -0.025429 0.820676
-0.0569875 0.0376898 0.178907
0.00414275 0.0587787 0.197269
0.443236 0.0420286 1.07509
-0.0202121 0.0446188 0.182172
-0.289615 0.0327727 0.747825
-0.00179216 0.041369 0.165672
-0.0231223 0.0479358 0.181943
0.00257091 0.0544219 0.183977
-0.167565 0.0791056 0.290571
-0.0538378 0.0266396 0.17641
0.441988 0.123085 0.741428
-0.00849198 0.0479982 0.192277
-0.201029 0.0904317 0.821555
-0.416221 0.117063 0.860877
-0.475769 0.123609 0.707266
-0.438263 0.110194 0.903703
-0.0281108 0.0450271 0.182482
0.146797 0.152017 1.43602
0.435736 0.0390781 1.06371
0.525617 -0.0953908 1.0287
-0.511843 -0.00693479 1.11878
-0.0287937 0.0303083 0.180894
0.501337 0.117509 1.13123
-0.215146 0.105792 0.778613
-0.0217713 0.0524333 0.195781
1.18551 -0.110908 2.55417
-0.0893929 -0.313527 0.865189
-0.482639 0.121029 0.900944
-0.520655 0.125693 1.00028
-0.150252 0.121802 0.822257
-0.772536 0.0318092 1.0275
-0.0869212 -0.291605 0.81521
-0.733097 0.036793 1.05254
-0.0614149 0.0293217 0.177669
-0.0581511 -0.186646 1.12967
-0.0397518 0.035289 0.181854
-0.678833 0.179262 1.03116
-0.0148531 0.0247889 0.184014
-0.215693 0.0723266 0.288126
-0.303278 0.12306 0.86658
0.370737 0.103745 0.617182
-0.37186 0.10821 0.803504
-0.168253 0.0700207 0.302453
-0.0709331 0.194085 0.837187
0.365313 0.190381 1.09885
-0.793646 -0.127216 0.720295
-0.785219 -0.193561 0.692907
-0.895633 -0.0460125 0.583998
-0.272229 0.0845539 0.222766
-0.608295 -0.203161 0.615175
-0.480453 -0.0784791 1.01862
-0.0496861 0.0217442 0.164235
-0.399993 0.124385 1.04046
-0.384526 0.114492 0.938258
-0.591212 -0.0274847 0.945895
-0.571161 0.124135 0.893618
-0.242013 0.0706627 0.372574
-0.557723 -0.101977 1.01372
-0.950531 -0.0781886 1.24666
-0.570121 -0.129098 0.841118
0.187975 -0.151584 1.32431
-0.028778 0.030553 0.181024
-0.0553949 0.0296404 0.177695
-0.256229 0.0887611 0.484092
0.508706 0.0981141 1.1042
-0.334953 0.0817689 0.885696
0.351428 -0.127636 1.65447
0.306837 0.153574 0.471874
-0.811772 0.0324456 1.08724
-0.0180762 0.0322043 0.182313
-0.806633 0.00776486 1.13886
-0.36463 0.0972544 0.821415
-0.649391 -0.116165 0.927007
-0.203339 0.102779 0.822835
-0.0245563 0.0414977 0.182588
-0.0495562 0.0354232 0.180609
-0.0188964 0.0356575 0.182598
-0.741279 0.0366182 1.07369
-0.156556 0.0514436 0.801015
-0.120638 0.0621038 0.854802
-0.298879 0.08539 0.458456
-0.445627 0.0824453 0.921183
-0.546258 0.0792436 0.855777
0.462256 0.0715805 1.01981
-0.590358 0.131072 0.925003
0.275118 0.154967 0.447259
0.310019 0.165296 0.511379
-0.0289067 0.045978 0.183515
0.145607 -0.235909 1.41506
-0.224667 0.0594529 0.319492
-0.0918689 0.0476149 0.175171
-0.0874415 0.0250953 0.175148
-0.0852751 0.04965 0.173139
-0.369614 0.0415822 0.395295
-0.0699823 0.040205 0.18005
0.0038989 0.059132 0.197691
0.00202962 0.0339245 0.181924
0.480506 -0.26238 1.03764
0.147954 0.207181 1.20108
-0.183553 0.0700798 0.285822
-0.199847 -0.257439 0.778164
-0.0166042 0.0835824 1.32649
0.0946538 -0.322841 2.11724
-0.138333 0.190129 0.797718
-0.0680841 -0.223866 1.01319
-0.403493 0.118385 0.938146
-0.0190922 0.0440026 0.182545
0.375757 0.0571012 1.25085
0.3332 -0.246305 0.848831
-0.255239 -0.298182 0.917106
-0.396907 0.0731197 0.934559
-0.0878814 0.0306241 0.169823
-0.433738 0.119028 0.888828
-0.0132201 0.0425394 0.181009
-0.612917 0.0432624 1.0473
-0.0717865 0.0399221 0.174909
-0.0133175 0.037202 0.182408
0.0455127 -0.2436 1.55613
0.466911 -0.0992179 1.03704
-0.704903 -0.15152 1.05158
-0.00692267 0.0364131 0.181894
0.275585 0.0947838 0.479041
-0.0515916 0.0352232 0.18008
-0.481358 0.0228676 1.04012
-0.00629043 0.0263311 0.179064
0.434128 -0.259696 1.05421
-0.44146 0.221569 1.08508
-0.103566 0.0359282 0.200529
0.19768 0.181221 0.654755
-0.0297348 0.026729 0.182745
0.655453 -0.0695452 1.48027
-0.137123 0.0598246 0.900177
-0.0806979 0.0400165 0.172696
0.00450726 0.0544269 0.18304
-0.0929285 0.0291155 0.189574
-0.0921718 0.0256331 0.173468
0.26815 0.0935412 0.459423
0.0768161 0.0573982 0.167067
-0.215432 0.101355 0.778534
-0.0213248 0.0522442 0.191317
-0.0721054 0.0396381 0.174578
-0.294215 0.041236 0.880397
0.0030664 0.0338622 0.182196
-0.100165 -0.0166133 0.800513
-0.0151161 0.0249891 0.183351
0.000883064 0.0407556 0.179226
0.528662 0.0774195 1.10254
-0.0885793 0.0428866 0.171742
-0.2176 0.102649 0.904266
-0.0837668 -0.299531 0.821593
-0.0241832 0.0439415 0.18256
0.362261 -0.0152126 1.00328
0.692565 0.133623 1.345
0.477137 -0.257259 1.00793
-0.00191257 0.044067 0.182921
0.389687 -0.202276 1.4019
0.44767 -0.265576 1.07288
-0.0129388 0.0367364 0.18138
0.42134 0.172582 0.774399
-0.596499 0.22949 1.0507
0.00180087 0.0408059 0.180912
-0.0332793 0.0310427 0.180181
0.128374 0.0984533 1.6316
-0.00724152 0.0321658 0.182199
-0.085535 0.0369162 0.171398
-0.180537 0.131301 0.821851
-0.458525 0.13835 0.888282
-0.129704 0.0947151 0.812227
-0.45863 0.183586 0.906153
-0.31976 -0.299342 0.957222
-0.264773 -0.294487 0.915118
-0.299515 -0.10806 0.882582
-0.0910479 0.0470812 0.173315
0.293809 0.167497 0.478993
-0.0648849 0.0270702 0.171246
0.12567 0.0960322 1.05425
-0.0612326 0.0349663 0.121081
-0.0293788 0.0271341 0.183613
-0.032569 0.0269946 0.181901
-0.0227958 0.027143 0.185634
-0.223556 0.0955318 0.762836
-0.201276 0.0737802 1.01955
-0.0677879 0.0342322 0.176458
0.491509 0.11574 1.11346
-0.0224782 0.030402 0.181512
0.00340903 0.0335988 0.180572
-0.113607 -0.0261123 0.829786
-0.119306 -0.0158012 0.838816
0.632624 -0.0858427 1.29212
-0.00381666 0.0468265 0.183823
-0.0605561 0.0263926 0.176083
0.556002 -0.13573 0.937257
-0.0536243 0.153126 1.26685
-0.0605103 0.026388 0.176422
0.545744 -0.13325 0.918139
0.116579 0.183986 0.655961
0.389504 -0.12359 1.50036
0.192416 0.0765518 0.259849
0.00408951 0.0299376 0.181616
0.112238 0.0923989 1.33483
-0.0682186 0.0379457 0.177389
0.176952 0.202541 0.781594
-0.605826 0.176559 0.941816
-0.402433 -0.0872623 0.600768
0.00332084 0.0467639 0.182363
-0.135108 -0.141017 2.47606
-0.36746 0.062229 0.916762
-0.350501 -0.293335 0.969828
-0.0617068 0.0292453 0.178148
-0.491913 0.218516 1.0191
-0.549088 0.152647 1.12083
0.469809 -0.250239 0.956306
0.365304 0.115463 0.643011
0.512089 0.232785 1.06138
0.128834 0.189065 1.35977
0.205184 0.239541 1.45557
-0.289579 0.0516446 0.298623
0.115926 0.177601 0.637637
0.124976 0.198525 0.727615
-0.219126 0.141456 0.770892
-0.136117 0.137446 0.767618
-0.302756 0.106752 0.868491
-0.0224151 0.0263031 0.181354
0.294309 0.154538 0.481849
0.170204 0.180942 0.718898
0.898326 -0.12115 1.74838
-0.674974 -0.0964698 1.07095
0.913047 -0.0776318 1.79167
-0.252913 0.0689102 0.305556
-0.384547 0.121892 0.982614
0.365863 -0.272542 0.951453
0.731934 -0.031686 1.377
-0.0564677 0.0350427 0.177854
0.746514 -0.096868 1.3971
0.259105 0.193937 1.15535
-0.424384 0.101899 0.901771
-0.3387 -0.331427 1.05493
-0.16282 0.069474 0.292136
-0.0114626 0.0408613 0.182077
0.515173 0.097389 0.99689
-0.194264 0.0804566 0.86016
-0.549328 -0.187669 1.15551
0.425134 0.226713 1.1415
0.694966 -0.112391 1.41505
-0.0638837 0.0291709 0.177364
0.300291 0.143907 0.475637
0.113085 0.180315 0.662183
-0.0149885 0.0250525 0.183984
-0.478331 0.189816 0.908414
0.488597 0.0946814 1.06553
0.539339 0.0990698 1.08249
0.501805 -0.335542 1.21761
-0.206343 0.188952 1.17693
0.0374882 0.090275 1.19883
0.477711 -0.205219 0.892489
-0.118092 0.0589614 0.248436
0.499072 -0.262666 1.02232
-0.392908 0.105754 1.03398
-0.126149 0.0916508 0.668958
-0.149723 0.115576 0.829673
-0.299305 0.0990937 0.809397
0.660977 -0.0695056 1.50221
0.321175 -0.164712 1.27044
0.00407412 0.0263963 0.185809
-0.285921 0.0675656 0.325383
-0.303154 0.0563564 0.351474
-0.0600988 0.128575 0.901635
-0.219427 0.14108 0.772496
-0.00335103 0.0390974 0.184056
-0.0814985 0.0722654 0.408306
0.493319 0.103423 1.09525
-0.378194 0.102038 0.852394
-0.0533318 -0.144813 1.44192
-0.461782 0.205974 0.951547
0.172753 0.188888 0.603147
0.334969 0.261997 1.00398
0.499178 -0.244653 0.78962
-0.5933 0.16741 0.913917
-0.0177585 0.0245784 0.170481
-0.298561 0.0788217 0.80457
-0.277482 0.0757069 0.34874
0.247381 -0.108436 1.42435
0.375675 0.110218 0.479513
-0.38491 0.103383 0.823043
0.336274 0.167833 0.473666
0.385054 0.0829348 0.457947
-0.307404 0.179696 0.87537
0.609663 -0.104641 1.03342
-0.0150642 0.0414617 0.175742
-0.00491091 0.0445614 0.177868
-0.00427494 0.0283199 0.188628
0.00393294 0.0284724 0.180974
0.400552 -0.167708 1.29299
0.398286 -0.164975 1.26702
0.189276 0.19384 0.742951
0.271402 0.138947 0.476318
-0.472416 0.105519 0.941366
-0.0777799 0.031125 0.173998
0.00356369 0.0262997 0.170442
-0.00730119 0.0319356 0.181142
0.122957 0.133549 1.3374
-0.229516 0.101213 0.798094
-0.443216 0.164191 0.872529
-0.384594 0.108354 1.01131
0.319227 0.0514835 0.530657
-0.0747932 -0.123799 1.20282
0.0162771 0.0779487 0.865236
0.187215 -0.108303 1.40664
-0.131505 0.12577 0.759485
0.415229 0.254466 1.24494
-0.298273 0.126384 0.872515
0.291647 0.149479 0.505428
0.0854643 -0.132259 1.2526
-0.510458 0.203943 0.973839
0.405522 0.205537 1.2782
-0.062917 0.0266194 0.177645
-0.0670332 0.02747 0.180101
-0.672665 -0.0907489 1.05986
-0.0676386 0.0261025 0.175425
-0.369683 0.0948479 0.95964
-0.238116 0.165817 0.790017
-0.309015 0.146373 0.871444
0.503558 -0.265906 1.03328
0.375575 -0.0434647 0.473512
-0.285147 0.0791808 0.839653
0.325603 0.104187 0.568105
-0.153014 0.178918 0.793179
0.121574 -0.102232 1.55877
-0.186568 0.13914 0.741795
-0.366041 0.183208 0.902335
0.198653 0.2199 0.855052
-0.346563 0.191188 0.941191
-0.224917 0.167375 0.781192
-0.299462 0.110418 0.79614
-0.393095 0.178265 0.921828
0.210198 0.246135 0.928042
-0.663324 0.0254074 1.09809
0.109761 0.093474 1.31155
-0.250265 0.133573 0.998778
0.37192 0.0615699 0.465621
0.355436 0.102479 0.43776
0.385849 0.090944 0.454631
0.403139 0.0865379 0.469831
0.31711 0.0902225 0.432823
1.08874 -0.00462153 2.19152
0.423692 -0.253277 1.03156
-0.403666 0.162119 0.928923
-0.221399 0.144775 0.781783
0.358843 0.0765785 0.449038
-0.0666904 0.141061 1.32956
-0.383276 0.197639 0.817432
-0.392078 0.126814 1.00136
0.661407 0.137845 0.893005
0.350498 -0.0424522 0.441261
-0.217692 0.127496 0.745814
-0.284258 0.089185 0.868743
-0.367635 0.080789 0.835539
-0.358864 0.0913071 0.918957
-0.419655 0.100549 0.891895
0.661083 0.138011 0.889127
0.655192 0.136309 0.882376
-0.291142 0.107572 0.8427
-0.105256 0.103215 1.46262
0.765671 -0.043718 1.28598
-0.21825 0.112097 0.875295
-0.279246 0.149961 0.938147
-0.43437 0.189651 0.89168
-0.193291 0.164383 0.830547
-0.296066 0.183367 0.880203
-0.295729 0.183658 0.880401
-0.435146 0.125968 0.924886
0.41418 0.221263 1.08093
0.577364 0.159695 0.961359
-0.147929 0.163702 0.721952
-0.310191 0.184849 0.785837
-0.414676 0.178601 0.936104
0.353208 0.137765 0.429355
-0.203094 0.0925381 0.866398
0.610769 -0.0520174 1.36615
0.271193 0.0736222 0.901042
-0.116574 0.0606933 0.797947
0.375113 0.0795292 0.470734
0.392754 -0.0444192 0.494996
0.285053 0.144465 0.485658
-0.217462 0.156656 0.75674
0.0801308 0.298916 2.58802
-0.232253 0.143107 0.876568
-0.385374 0.196093 0.96166
-0.285795 0.0835834 0.764032
-0.315834 0.151735 0.888341
-0.181382 -0.256197 0.76321
0.623557 0.104366 0.817419
0.134102 0.202785 0.726472
0.34556 -0.234698 0.777788
-0.0446372 -0.0156376 0.592779
0.530001 -0.255593 0.835483
-0.475193 0.0820411 1.02454
0.438623 0.0592936 1.11619
-0.0595117 -0.146656 0.828942
-0.119658 0.0991919 0.672809
-0.00604726 0.032593 0.182368
-0.0477224 0.0667739 0.394999
0.0298372 -0.0222569 0.0166658
0.49565 0.091648 0.965326
-0.221767 0.147435 0.789011
-0.183582 0.0701732 0.259935
0.471319 0.093743 1.03811
0.440017 -0.166705 0.464986
-0.147517 0.123888 0.791408
0.588323 0.0281462 0.985547
-0.138748 0.0961129 0.730976
0.489447 0.0639469 1.07037
-0.146852 0.190524 0.814226
-0.385346 0.133892 0.838402
0.476766 0.0924853 1.03991
0.724975 0.0385782 1.60983
1.0436 0.359703 1.79152
0.441016 -0.108705 1.02634
0.572888 0.0280507 0.958864
0.686647 0.134633 0.949268
-0.12795 0.185147 0.782794
-0.350194 0.0432331 0.931066
-0.212939 0.159599 0.834549
-0.284255 -0.2527 0.809361
-0.212332 0.0757447 0.280671
-0.129854 0.105875 0.811536
-0.592233 0.16895 0.802494
0.167864 0.231389 1.34466
-0.183355 0.173246 0.775891
-0.30059 0.0606377 0.312426
-0.460265 -0.189827 0.479071
-0.0613669 -0.12757 0.853306
0.305983 0.151471 0.537722
0.401766 0.161736 0.728311
0.288316 0.149875 0.495144
0.018169 0.112243 0.796372
-0.119934 0.0960911 0.790514
0.084703 0.163488 0.66752
0.179322 0.209234 0.96695
0.374067 0.0721599 0.465386
0.377341 -0.266441 0.959018
0.540066 -0.131707 0.908758
-0.059797 -0.0999719 0.901386
0.354845 0.141293 0.444236
0.14711 0.146564 1.24163
-0.15165 -0.355288 1.02794
0.392852 -0.262146 0.874511
0.157297 0.16236 1.27198
-0.316732 0.0815503 0.911158
0.412719 -0.13311 1.37417
0.38846 0.0903293 0.458108
0.75562 -0.0884323 1.46622
0.102617 0.0753353 1.67657
0.791016 -0.0504364 1.53359
0.0898385 0.206248 0.681815
0.0967645 -0.112609 1.47827
-0.0578594 -0.223129 1.49455
-0.0808294 -0.163031 1.08487
-0.141486 -0.154287 0.439553
0.0804695 -0.00207095 0.136069
-0.0117747 0.108818 1.04089
-0.0605637 0.205683 1.37453
-0.176123 -0.297413 0.873486
-0.015549 -0.204071 1.26648
-0.0296429 0.0391452 0.25232
-0.134739 0.0617283 0.164209
-0.31935 0.0604088 0.946942
-0.0910017 0.18725 0.756017
-0.195955 0.115634 0.752992
-0.0221301 0.0416755 0.848158
0.218461 0.232154 0.739698
0.173009 -0.114643 0.382847
0.372827 -0.248839 0.909042
0.156763 0.176495 0.700486
0.381795 -0.0156751 1.06412
0.512952 -0.213413 0.956525
0.142698 0.143762 1.21706
0.256817 -0.12577 1.56304
0.363111 -0.121699 1.69724
-0.389838 0.0530819 0.427579
-0.686633 -0.122675 0.993299
0.377481 -0.036567 1.0825
0.218517 0.232182 0.743357
0.872389 -0.101366 1.47908
0.305504 0.138116 0.451334
0.648946 0.0864791 1.65382
-0.6029 0.0407989 0.973925
-0.19055 0.0603998 0.304955
0.141816 -0.0404864 0.246633
0.0198755 0.136725 1.26131
0.445572 0.234742 0.936167
-0.619033 -0.272062 1.12296
-0.467191 0.109165 0.884061
-0.334421 0.0663975 0.624086
-0.0858069 -0.19299 1.91813
-0.188744 0.0823856 0.84493
0.0120695 -0.0531002 0.0784585
0.386781 -0.120597 0.414122
0.392648 0.00876372 1.12066
0.0571203 -0.052426 0.244295
0.403905 -0.204664 1.32299
0.45441 0.00912455 1.25816
0.0302883 -0.050044 0.145781
-0.295056 -0.303969 0.968753
-0.0648523 -0.00893155 0.866006
0.433671 0.0354614 1.00973
0.337685 0.193272 0.614318
-0.00115507 0.156364 1.04887
0.783293 0.214283 0.777802
0.0223743 0.112825 1.11851
-0.0544665 0.17614 1.20963
0.275339 0.155489 0.448367
0.201047 0.170813 0.484443
-0.271792 0.0629839 0.307125
-0.0134279 0.0369305 0.181585
-0.0776916 0.0426949 0.173692
0.00757207 0.00648414 0.223634
0.331171 0.164864 0.466926
-0.0497916 0.0351833 0.180251
-0.612406 0.048631 0.994395
0.231423 -0.118772 1.60239
-0.0572583 0.037671 0.178661
-0.269185 0.0548439 0.390673
-0.185776 0.126087 0.662137
-0.183889 0.0545464 0.284844
-0.318209 0.0541123 0.364978
-0.297693 0.0647592 0.37643
-0.192138 0.0590113 0.302203
-0.0381172 0.0181293 0.158478
-0.757671 0.0185106 1.10008
-0.704406 0.0613177 0.991349
-0.269318 0.103794 0.280449
-0.255356 0.095948 0.203951
-0.867604 -0.0815115 0.75136
0.55782 -0.158072 0.604388
0.00914039 -0.134646 0.740596
0.0266219 0.132275 1.02487
-0.0396289 0.0681795 1.47662
-0.259053 0.0797459 0.272284
-0.171194 0.0713706 0.305758
-0.107306 0.0935194 0.620267
-0.285539 0.0547566 0.139099
-0.259376 0.0546623 0.123453
-0.267763 0.0885047 0.206101
-0.263457 0.04988 0.0954759
-0.130102 0.0818277 0.175554
-0.0105542 0.0641433 0.1798
-0.0370996 0.0215069 0.174708
-0.0108966 0.0508873 0.182074
-0.178827 0.0869016 0.315365
-0.0600428 0.0875303 0.261351
-0.0107378 0.0443476 0.157395
-0.119461 0.0691953 0.151878
-0.0367949 0.0668504 0.183063
-0.126613 0.0764033 0.166501
-0.0302855 0.0662363 0.177935
-0.10967 0.0912508 0.172981
-0.104432 0.0820696 0.201448
-0.139474 0.0987908 0.163417
-0.267706 0.0629107 0.144195
-0.0362444 0.0669869 0.182521
-0.122002 0.0739647 0.156398
-0.0407496 0.0884883 0.191541
-0.0988709 0.0976051 0.197681
-0.107643 0.0914125 0.178221
-0.0899269 0.0777517 0.171274
-0.0229745 0.0526485 0.181143
-0.0898943 0.0784648 0.172912
-0.277827 0.097421 0.197142
-0.367732 0.0531819 0.228814
-0.550849 0.0310826 0.654098
-0.246583 0.0678642 0.243409
0.123598 -0.0403233 1.66052
0.0462736 0.0624968 0.25647
0.417042 0.0337632 1.04625
-0.6034 0.185317 1.17613
-0.407431 0.127157 0.853759
-0.025239 0.0398324 0.231149
-0.519568 0.195849 0.902828
-0.162648 0.0563362 0.773284
0.540574 0.076731 1.10336
0.447276 0.129515 0.556055
-0.259288 0.0789296 0.297022
-0.312733 0.0458234 0.253838
-0.257227 0.0759437 0.305768
-0.284596 0.0494484 0.290275
-0.36648 0.188223 0.77891
-0.347831 0.200358 0.9816
0.391648 0.22404 1.25312
0.191302 -0.0827745 0.827692
-0.289177 0.1795 0.884132
-0.0887788 0.0318737 0.173049
-0.236004 0.0735922 0.294467
0.313973 0.209209 1.24255
0.472941 0.204287 1.57922
0.584389 -0.10042 0.976591
0.323322 0.139321 0.442603
0.258836 0.175742 0.432381
0.340857 0.234825 0.557219
0.114114 -0.101695 1.50994
0.00506536 0.116079 1.10555
0.324279 0.156169 0.562382
0.00582257 0.203789 1.33758
0.38101 0.180329 0.484645
0.38279 -0.249559 0.837377
-0.273582 0.0677194 0.313493
-0.281954 0.0813352 0.311587
0.053482 0.178079 0.517172
-0.745221 0.195264 1.03819
-0.304081 0.0574888 0.352755
-0.214137 0.0726392 0.284677
-0.0588594 -0.272356 0.899959
-0.0835056 0.0330251 0.171831
-0.192923 0.0787985 0.271615
-0.1745 0.075667 0.279033
-0.278756 0.0734756 0.316544
-0.784933 -0.135825 0.916597
-0.336132 0.0189829 0.260976
-0.376718 0.0409395 0.236363
-0.375119 0.018861 0.269052
-0.417292 0.16763 0.954861
-0.302018 0.0662829 0.544372
-0.0903336 0.0461396 0.171489
-0.10617 0.0602516 0.762591
-0.0433327 0.0361692 0.184185
-0.0203038 0.0350219 0.179809
0.00116113 0.0994257 1.58732
-0.783807 -0.0443482 0.792589
-0.335273 0.142527 0.957202
-0.528316 -0.0716203 0.530887
-0.271319 0.0856655 0.222397
-0.166401 -0.0291977 0.109202
-0.27964 0.0552396 0.132281
-0.253194 0.0705381 0.151046
-0.0256799 0.0225187 0.166689
-0.257048 0.0944997 0.27548
-0.0266607 0.0241103 0.179167
-0.262671 0.0801582 0.211666
-0.342372 0.0582185 0.215468
-0.348101 0.0244323 0.272907
-0.339945 0.0553523 0.235385
-0.264072 0.081385 0.25082
-0.343258 0.056372 0.238012
-0.319646 0.0443128 0.235371
-0.293374 0.0455211 0.259073
-0.334792 0.0610805 0.230357
-0.314687 0.0127614 0.2701
-0.35867 0.0325686 0.275994
-0.215986 0.0810197 0.26798
-1.35279 0.604076 2.80894
-0.17282 0.0740952 0.274659
-0.315339 0.0468232 0.255702
-0.180343 0.081388 0.262804
-0.339308 0.0164016 0.273506
-0.23935 0.0900811 0.23795
-0.600257 -0.20245 0.603171
-0.631157 -0.177997 0.633356
-0.269021 0.0547354 0.15984
-0.80992 -0.128413 0.737693
-0.805389 -0.126531 0.733749
-0.515039 -0.148071 0.505302
-0.550757 -0.186894 0.550179
-0.256353 0.0762813 0.243817
-0.281248 0.059649 0.263542
-0.0666877 0.0278989 0.176364
-0.554395 -0.0876353 0.95637
0.370742 -0.240225 0.82602
0.628498 -0.173021 0.685019
-0.0565595 0.108095 1.05349
0.281398 0.141674 0.47747
-0.0680508 0.0375359 0.175515
0.0537679 0.178848 0.471726
-0.586453 0.141714 0.919232
0.0856234 0.204787 0.665209
-0.060108 -0.186966 0.867591
-0.219225 0.0819367 0.282534
-0.0887622 0.0399536 0.16388
-0.0855682 0.0340939 0.171702
-0.455576 0.163591 0.775619
-0.368151 0.0522221 0.189056
-0.274574 0.0806948 0.162883
-0.255192 0.0926681 0.191867
-0.218943 0.0902848 0.242002
-0.243712 0.0537519 0.13241
-0.389586 0.0453391 0.362806
-0.251215 0.097141 0.172317
-0.232404 0.0706956 0.226624
-0.51968 0.181261 0.88517
0.364536 -0.259429 0.914047
-0.565247 -0.0108483 0.924118
-0.279466 0.0572089 0.725793
-0.0525761 -0.160081 0.794278
0.024941 0.213984 1.34934
-0.0566061 -0.283072 0.819148
-0.617023 0.169376 0.911514
-0.523655 0.205077 0.994607
-0.706668 0.157612 0.989436
-0.587599 0.181651 0.922557
-0.273396 0.0811661 0.236668
-0.26905 0.083099 0.213933
-0.115485 0.0573378 0.151792
-0.0508513 0.0520997 0.142228
-0.115673 0.0572381 0.151699
-0.255887 0.086888 0.232699
-0.359778 0.0285778 0.252109
-0.0581413 0.0622137 0.177035
-0.300347 0.0478556 0.111321
-0.342888 0.0222423 0.268105
-0.215916 0.0864239 0.238592
-0.248244 0.0803485 0.216648
-0.212417 0.0939164 0.230321
-0.0353279 0.055877 0.185185
-0.310686 0.0957205 0.22801
-0.115033 0.0571962 0.151144
-0.278587 0.0516574 0.13291
-0.933504 -0.159406 0.51192
-0.685594 -0.1883 0.694647
-0.827648 0.0366155 0.550069
-0.829329 -0.0422906 0.441779
-0.962401 -0.0531518 0.536207
-0.724649 -0.0275216 0.878647
-0.694242 -0.109834 0.732089
-0.823555 0.00973427 0.510654
-0.717895 -0.0798365 0.762869
-0.818026 -0.0186538 0.479879
-0.169281 0.0818186 0.286611
-0.28541 0.0772319 0.208152
-0.354503 0.0306432 0.269002
-0.935441 -0.15167 0.511767
-0.42723 0.0389659 0.468483
-0.589827 -0.10472 0.822215
-0.890741 -0.0454489 0.581493
-0.781092 -0.119058 0.720605
-0.592586 -0.199829 0.593552
-0.382131 0.0541432 0.200209
-0.274383 0.086817 0.222195
-0.628981 -0.155112 0.32713
-0.839221 -0.0482894 0.541346
-0.92048 -0.0553347 0.595365
-0.286049 0.0559848 0.247761
-0.61404 -0.0213491 0.229244
-0.747173 0.0158686 0.389524
-0.802624 -0.00597094 0.532654
-0.620462 -0.0256728 0.736538
-0.300001 0.0497513 0.270778
-0.293445 0.0525219 0.302455
-0.766263 -0.177845 0.41355
-0.296802 0.0467888 0.263541
-0.536361 -0.0296906 0.519357
-0.665251 -0.0350583 0.657041
-0.470735 -0.0846825 1.01969
-0.726442 0.0136178 1.00662
-0.0705498 0.0396014 0.175077
-0.264303 0.0854637 0.238363
-0.0296506 0.0656953 0.177353
-0.0137736 0.0935156 0.225302
-0.0416282 0.0277501 0.20544
-0.184916 0.119037 0.24412
-0.157754 0.109765 0.16834
-0.0410185 0.0916078 0.198292
-0.0841361 0.0975716 0.196796
0.00320313 0.0834831 0.18721
-0.158665 0.110304 0.170237
-0.079293 0.0689689 0.183164
-0.0109775 0.0819373 0.192221
-0.109318 0.0975308 0.169568
-0.0399303 0.0842612 0.157912
-0.140685 0.0988478 0.163306
-0.112657 0.100699 0.177498
-0.0519787 0.0901075 0.192908
-0.227289 0.0672684 0.175672
0.000256397 0.074069 0.161384
0.00020974 0.0686218 0.191068
-0.080661 0.102428 0.195944
-0.0409106 0.101118 0.195717
-0.0130086 0.0739974 0.1722
-0.139034 0.0983079 0.163325
-0.134255 0.0590673 0.158465
-0.0405809 0.0931115 0.177885
-0.0606436 0.0799378 0.166339
-0.0125448 0.0570099 0.184105
-0.168695 0.119403 0.187199
-0.0501202 0.0859945 0.18355
0.00630878 0.0747223 0.150971
-0.125371 0.0951348 0.22678
-0.0499413 0.0854235 0.18222
-0.0521048 0.0991082 0.200333
-0.082213 0.0857936 0.196134
-0.133855 0.0629369 0.173049
-0.125632 0.100977 0.154297
-0.140925 0.0720701 0.165631
-0.0897498 0.101138 0.14454
-0.34487 0.0144321 0.276284
-0.302285 0.0601802 0.14919
-0.585638 -0.23568 0.592569
-0.757893 -0.185781 0.668448
-0.315838 0.200449 0.806475
-0.0884852 0.194109 0.784809
-0.0650797 0.193325 0.823002
-0.521132 -0.183211 0.564514
-0.367981 0.0879403 0.256357
-0.293757 0.0541464 0.161217
-0.31076 0.103352 0.253683
-0.289014 0.0513634 0.29607
-0.579335 -0.169186 0.636624
-0.283993 0.0556125 0.244618
-0.536632 -0.187366 0.582763
-0.398238 0.0963429 0.521871
-0.503366 0.135982 0.683472
-0.492964 0.137214 0.666991
-0.367366 0.0174371 0.261677
-0.454112 0.0158065 0.335719
-0.343309 0.0547742 0.174581
-0.275711 0.0790627 0.305446
-0.458801 -0.0837459 0.479727
-0.359086 0.0177394 0.291331
-0.255484 0.058736 0.140222
-0.38627 0.0565717 0.20155
-0.250127 0.0807008 0.223468
-0.346895 0.0613909 0.219374
-0.340892 0.0196516 0.265837
-0.0429332 0.0354316 0.180901
-0.681054 -0.276685 0.960573
-0.026576 0.0271496 0.182706
-0.092294 0.029443 0.186928
-0.0852094 0.0491206 0.172035
-0.215048 0.0773021 0.283581
-0.289405 0.0523227 0.295073
-0.247524 0.0739339 0.24599
-0.130366 0.102044 0.782892
-0.383234 0.0631453 0.955138
-0.192988 0.102498 0.257912
-0.254493 0.0755294 0.265152
-0.242405 0.0738242 0.309952
-0.10674 -0.026693 0.835022
-0.0864149 0.02882 0.166113
-0.169096 0.107282 0.291673
-0.28057 0.0541619 0.238354
-0.366458 0.0315169 0.257304
-0.284011 0.0672974 0.206812
-0.332358 0.0500358 0.234112
-0.226795 0.086673 0.254477
-0.356493 0.0311746 0.248507
-0.316438 0.00311084 0.230365
-0.328244 0.0500003 0.232464
-0.353829 -0.00532957 0.235318
-0.291086 0.0117075 0.195636
-0.310229 0.0267846 0.290825
-0.169323 0.0816413 0.292478
-0.308687 0.0603284 0.238096
-0.279739 0.0467139 0.270092
-0.358709 0.0108 0.267649
-0.218607 0.0823009 0.244134
-0.38415 0.0897298 0.492979
-0.395764 0.0540009 0.247327
-0.295007 0.0703133 0.193037
-0.33982 0.0205644 0.265132
-0.265638 0.100195 0.289137
-0.126684 0.116318 0.650762
-0.185655 0.178234 0.79419
-0.0693484 0.0382142 0.174043
-0.0713888 0.134208 0.578168
-0.0762306 0.0212508 0.17093
-0.248504 0.0667988 0.298054
-0.077152 0.0287895 0.17476
-0.165381 0.0965569 0.289662
-0.090794 0.0610422 0.17089
-0.166945 0.0924587 0.290932
-0.286774 0.0508409 0.292271
-0.285156 0.0653303 0.293719
-0.0543496 0.0279825 0.175659
-0.214422 0.0612555 0.30037
-0.659971 -0.0747962 1.02827
-0.331264 0.0440751 0.859508
0.0475297 0.16409 0.483124
0.118931 -0.185536 1.81046
-0.0179354 0.0300018 0.181509
0.600572 0.112722 1.21458
0.355581 0.100402 0.475025
0.0710268 0.0807919 0.159543
0.030349 0.0189434 0.0524872
0.0772467 0.0943296 0.235317
-0.0193118 0.034902 0.154842
-0.0375107 0.0291218 0.197862
-0.0104507 0.0809194 0.18998
0.573621 0.0254886 0.966651
-0.0329312 0.0222943 0.177793
0.00418891 0.0546389 0.183197
-0.195706 0.0798143 0.260884
-0.0526109 0.0238464 0.176708
0.0656129 0.0623261 0.13462
0.0719764 0.0622822 0.16175
0.0200643 0.0562626 0.131741
-0.0361624 0.0587159 0.177138
0.0202149 0.0564368 0.132251
-0.0771871 0.0418532 0.171289
0.131638 0.0842107 0.229897
0.111348 0.0679348 0.127246
-0.0296831 0.0499943 0.181078
-0.0245376 0.0459686 0.18297
0.891722 -0.202177 0.999615
0.532358 -0.132196 0.542794
0.731049 -0.175736 0.816465
0.753386 -0.182702 0.846208
-0.0699764 0.201789 0.867626
-0.165073 0.124775 0.360139
-0.080204 0.059088 0.212447
-0.202142 0.0785123 0.305367
-0.253491 0.074376 0.239547
-0.344678 0.0560521 0.215726
-0.375708 -0.000616789 0.268005
-0.120176 -0.0129397 0.0238271
-0.255931 0.0755383 0.243096
-0.176875 0.0709847 0.264494
-0.296526 0.0699094 0.194295
-0.328578 0.00166658 0.26705
-0.252081 0.075335 0.203704
0.00263235 0.0557949 0.183366
0.00398006 0.0576839 0.19037
0.00106612 0.0759339 0.17656
-0.0412309 0.0886098 0.192392
-0.119791 0.0795083 0.148543
-0.0876977 0.0943101 0.168224
-0.111303 0.0996884 0.175181
0.0013102 0.0476513 0.184015
-0.109686 0.0782735 0.150643
-0.107486 0.0945649 0.16396
-0.040531 0.0249742 0.188738
-0.177906 0.0968997 0.234832
-0.011532 0.035942 0.182619
-0.284779 0.0549553 0.243803
-0.363365 0.0566146 0.227793
-0.198389 0.0819723 0.26708
-0.234575 0.0701823 0.297211
-0.348813 -0.0128246 0.234597
-0.613011 0.0115868 0.516122
-0.394532 0.16891 0.820993
-0.118551 -0.0175406 0.83716
-0.00759337 0.0515156 0.184836
-0.340065 0.0655119 0.217019
-0.320042 0.0720122 0.213696
-0.0141427 0.0552521 0.184712
-0.169679 0.125817 0.55553
-0.225576 0.189178 0.776979
-0.217335 0.147155 0.774339
-0.297317 0.0878732 0.328294
-0.410169 -0.0096602 0.288578
-0.205329 0.0876969 0.266009
-0.326523 0.0499494 0.222034
-0.262413 0.0904502 0.234084
-0.313123 0.0460816 0.254983
-0.244 0.0763488 0.244277
-0.231658 0.0696526 0.224986
-0.364967 -0.00141915 0.256811
-0.225678 0.0863824 0.253791
-0.328872 0.0460129 0.232804
-0.325268 -0.115074 0.96876
-0.512703 -0.0854407 0.887692
-0.288469 0.198893 0.836713
-0.111758 0.0754255 0.180341
-0.242559 0.0709167 0.274664
-0.0593863 0.0795814 0.181355
-0.259891 0.0813624 0.263841
-0.283643 0.0539443 0.152636
-0.371852 -0.00125714 0.25829
-0.295656 0.0607678 0.216098
-0.210121 0.0900734 0.264597
-0.483006 0.00999556 0.407154
0.343461 0.135241 0.4256
-0.0594849 -0.0995551 0.848399
-0.0544585 -0.26839 0.769905
-0.060766 0.0307499 0.180255
0.492904 0.219965 0.989592
0.162833 0.0179836 0.543646
-0.0569047 0.0352066 0.178669
-0.0475696 -0.148678 0.675538
-0.0232119 0.0451623 0.152539
-0.107337 0.104021 0.143527
-0.109511 0.100666 0.147643
0.00489245 0.0793284 0.163442
0.471283 -0.0898063 0.910898
-0.022532 0.0471883 0.179995
-0.083787 0.0390446 0.171902
-0.535753 -0.182579 1.12263
-0.973941 -0.0516908 0.634496
-0.854838 -0.195295 0.467723
-0.307756 0.0509711 0.277398
-0.66734 -0.00320699 0.254105
-0.752592 0.0616513 0.759979
-0.767648 0.132929 0.393976
-0.761388 -0.128488 0.490906
-0.801278 -0.131568 0.516979
-0.606226 -0.179881 0.2546
-0.833811 -0.135986 0.54137
-0.34796 0.0323607 0.270961
-0.621428 -0.184195 0.262771
-0.975602 -0.0497244 0.54915
-0.782467 -0.0435519 0.41158
-0.518363 0.0781259 0.198697
-0.211796 0.0928915 0.227288
-0.869397 -0.198348 0.478015
-0.800888 0.148491 0.337333
-0.634018 -0.187532 0.269072
-0.297717 0.0700431 0.195992
-0.282602 0.0635261 0.182717
-0.762095 0.131374 0.390273
-0.0661653 0.0265194 0.170494
-0.230112 0.0472219 0.0782952
-0.0775215 0.0438762 0.175428
-0.223833 0.0445385 0.0744863
-0.789003 -0.131725 0.511893
-0.247034 0.0902779 0.247052
-0.846218 -0.136307 0.471617
-0.660351 -0.0507404 0.66179
-0.268064 0.0702053 0.12814
-0.271352 0.0809993 0.21125
-0.364846 0.00208931 0.286205
-0.0794748 0.0481316 0.175341
-0.265409 0.0688744 0.125717
-0.270127 0.0707889 0.129049
-0.303259 0.0571965 0.234349
-0.0356223 0.0577647 0.19162
-0.176076 0.115971 0.232986
-0.257884 0.0959477 0.203257
-0.233352 0.0486678 0.0810778
-0.384805 0.0374052 0.357111
-0.279252 0.0560415 0.163572
-0.353042 0.0602739 0.850533
-0.406846 -0.077973 0.409974
-0.628997 -0.011405 0.261128
-0.292692 0.0903994 0.218699
-0.274305 0.0852584 0.202708
-0.258278 0.0871944 0.230864
-0.258885 0.0712501 0.139572
-0.235145 0.0484663 0.0825985
-0.874947 -0.138478 0.558679
-0.895383 -0.151913 0.489307
-0.778182 0.136183 0.403444
-0.749423 0.0166584 0.390834
-0.787006 0.137199 0.404871
-0.682293 -0.00234778 0.260143
-0.253466 0.0695134 0.30578
-0.720671 0.0143614 0.371813
-1.00009 -0.0620217 0.650411
-0.894357 -0.0377514 0.48068
-0.708246 -0.170794 0.468549
-0.626014 -0.0766804 0.654473
-0.864065 -0.136859 0.500938
-0.616431 -0.0113409 0.254251
-0.817602 -0.137881 0.441093
-0.771246 0.0177511 0.403043
-0.756717 0.0059699 0.525985
-0.804283 -0.0865498 0.427781
-0.599221 0.0352718 0.586617
-0.32059 0.0103942 0.276316
-0.834986 -0.141864 0.452496
-0.617964 -0.0366108 0.60741
-0.254711 0.0700656 0.140822
-0.893317 0.0197586 0.921674
-0.73938 -0.0714936 0.761326
-0.697004 -0.0360089 0.69246
-0.340979 0.0112233 0.248586
-0.707077 -0.0072102 0.300621
-0.515502 -0.0076794 0.86589
-0.732277 0.022476 1.06273
-0.270846 0.0511687 0.144543
-0.297331 0.0689528 0.217096
0.647914 0.121901 1.32056
0.036168 0.057079 0.183294
-0.146687 0.116528 0.797031
0.282642 -0.0186229 0.546999
0.501056 -0.224262 0.943067
0.602332 0.0183866 1.00515
0.353074 0.0775336 0.418615
0.0667801 0.0543968 0.158686
-0.0658875 0.0624596 0.0932376
0.0336704 0.084065 0.17425
-0.0114385 0.0839972 0.12728
-0.1043 0.0700859 0.217018
-0.0714488 0.0702832 0.10893
0.0555525 0.066843 0.12251
0.0376076 0.0596795 0.186886
0.0504968 0.0672346 0.118419
0.070058 0.0556515 0.163057
-0.00555869 0.0449867 0.0766824
-0.0403608 0.0933923 0.122604
-0.0468737 0.088423 0.100985
0.0501143 0.0620585 0.111748
0.00970619 0.0828088 0.105982
0.105378 0.088894 0.196071
-0.0517251 0.107544 0.133379
0.0668193 0.0627673 0.112743
-0.0503357 0.101078 0.123161
0.0314708 0.083144 0.171191
-0.0293188 0.0917079 0.113501
0.0683728 0.0841893 0.155454
-0.0070901 0.10383 0.149209
0.0678281 0.0839375 0.154497
0.0408564 0.100744 0.204968
-0.096436 0.0839021 0.139431
-0.11165 0.100173 0.175939
0.0225433 0.0945547 0.157874
-0.10765 0.0763805 0.146399
-0.00174853 0.0893335 0.14029
-0.0232232 0.100251 0.179536
-0.0131735 0.075877 0.177905
0.0297538 0.0946368 0.154815
0.0462322 0.132951 0.25367
-0.16598 0.0789582 0.286636
-0.040918 0.107563 0.210662
0.00748687 0.0964768 0.149916
-0.0741747 0.0909273 0.127681
-0.0105099 0.0909225 0.141645
-0.0383771 0.112548 0.180534
-0.0570079 0.0998802 0.140342
0.0253041 0.0945566 0.176591
-0.0400458 0.090422 0.117382
-0.0763042 0.0771809 0.17248
-0.0288745 0.102317 0.151796
-0.0107753 0.102067 0.213722
-0.111366 0.0803477 0.15507
0.0399667 0.0859706 0.162393
-0.0931897 0.0932732 0.180245
-0.0685021 0.0908742 0.104093
-0.00990764 0.105518 0.222074
0.0321128 0.0852004 0.174277
0.0224386 0.15024 1.36541
-0.558349 -0.167822 0.610713
-1.14439 0.0615013 1.0128
-0.556119 -0.16679 0.604418
-0.289289 0.0487174 0.27909
-0.63495 0.2351 1.09965
-0.211729 0.072137 0.280892
-0.0616896 -0.114016 0.858363
0.0146425 -0.203912 1.20058
-0.2372 0.0670698 0.298999
-0.0183764 0.0472003 0.184728
-0.0498374 0.0353454 0.179798
-0.266373 0.0549064 0.125315
-0.23863 0.0886612 0.172332
-0.255531 0.0698037 0.135146
-0.257976 0.0861147 0.235729
-0.122718 0.0743425 0.158615
-0.256729 0.0481157 0.0920321
-0.269271 0.0637998 0.145899
-0.0781191 0.0678052 0.17542
-0.214568 0.0961141 0.234864
-0.815833 -0.127574 0.746585
-0.376768 0.0548614 0.222035
-0.237248 0.10674 0.159743
-0.220916 0.109405 0.283142
-0.261613 0.0724121 0.141683
-0.345554 0.0566296 0.239785
-0.93742 -0.0502778 0.523807
-0.920547 -0.144616 0.600892
-0.38175 0.0535444 0.222771
0.675978 -0.0690905 1.52274
-0.0497152 0.0713426 0.381484
0.1187 0.226219 0.570509
-0.00782988 0.0556174 0.186922
-0.0295647 0.0582901 0.18732
0.062308 0.0777971 0.143292
0.0722665 0.0579884 0.161502
-0.0301757 0.0687983 0.183519
-0.0694964 0.113561 0.209057
0.083631 0.0582672 0.166807
0.398229 0.0848764 0.461157
0.00411247 0.0558748 0.187244
0.190694 -0.0228102 0.225866
0.160951 -0.00389051 0.189195
0.279199 0.186625 0.499748
0.10234 -0.00589914 0.0994823
0.339091 0.146154 0.460211
0.333969 0.0573978 0.41321
0.229391 -0.0215195 0.277295
0.312147 0.13743 0.442708
0.351695 0.058024 0.688739
0.357343 0.102677 0.439014
0.414214 -0.17014 1.34837
-0.0587787 -0.328655 0.997258
0.00529697 -0.02662 -0.00677935
0.171523 0.187171 0.74386
-0.178174 0.0765567 0.276489
-0.0607568 -0.244835 0.931745
-0.109486 0.062098 0.152099
-0.148843 0.0786572 0.181674
-0.106778 0.0752901 0.143571
-0.325315 0.112365 0.594679
-0.0217239 0.0520601 0.190074
-0.82569 0.0486394 1.00053
-0.0521009 0.0248142 0.180301
-0.0775013 0.0805204 0.179223
0.364764 0.0833011 0.429134
0.645438 0.133653 0.864743
0.0827832 0.0580326 0.165652
-0.426722 0.135664 1.07235
0.0559114 0.0721019 0.169594
-0.00587131 0.0488007 0.157442
0.196992 -0.0208375 0.23374
0.21411 -0.0196245 0.257002
-0.0615737 0.0298541 0.17843
-0.18385 0.0660902 0.893123
0.00495711 0.0271321 0.181143
-0.0223059 0.0266141 0.182346
-0.0132218 0.0372501 0.182431
0.577822 -0.0370663 1.11727
0.0431809 0.0944746 0.229604
0.371749 -0.0119686 1.07146
-0.363871 0.0329985 0.254384
-0.324687 0.0494055 0.265412
-0.514068 0.0214752 0.707866
0.623528 -0.0239927 1.26203
-0.0650962 0.0291034 0.176653
0.347128 0.0970761 0.572234
-0.0212303 0.0479683 0.182301
-0.0301907 0.0787386 0.183872
-0.0965225 0.0999051 0.148369
-0.0661897 0.0359387 0.176846
-0.076278 0.06914 0.391538
0.070011 0.0446826 0.118082
-0.031973 0.048399 0.291199
-0.142109 0.114356 1.00228
0.607848 -0.145998 0.633164
0.487324 0.130977 0.809736
0.575671 0.0283803 0.965792
-0.0407342 -0.14501 0.90755
0.100936 -0.154977 1.45023
0.582498 -0.145824 0.650406
0.064778 -0.0297579 0.104225
0.407235 0.157211 0.466724
0.536376 0.292076 1.00019
-0.0882688 0.0498865 0.174205
-0.000537685 0.0468799 0.187948
0.150474 0.0748188 0.26774
-0.0373174 0.0587189 0.187582
-0.0253957 0.0200355 0.15474
-0.100002 0.0639269 0.516457
0.564953 -0.275485 0.911599
-0.215664 -0.314993 0.968993
-0.0226462 0.0266453 0.181145
0.0472614 0.059645 0.105596
0.0263555 0.102275 0.17454
0.00629456 0.101953 0.22645
0.0070438 0.0805896 0.167007
-0.000425457 0.0601958 0.116284
0.00230795 0.0987088 0.181064
0.0498315 0.0878288 0.161879
0.0699006 0.0940676 0.172898
0.0651798 0.0936892 0.171197
-0.0101419 0.0629518 0.178516
0.0326083 0.0842388 0.172637
-0.0160598 0.103208 0.183543
-0.105692 0.101159 0.212515
-0.00642544 0.0899154 0.145868
-0.00282457 0.0851135 0.132489
-0.0186932 0.0906764 0.14845
0.0325969 0.108914 0.208825
-0.0481622 0.0787494 0.181839
0.254722 0.183424 1.08995
0.00135626 0.0337427 0.181575
-0.0778346 0.0287648 0.167912
0.517073 0.270125 1.38665
-0.0120216 0.0323891 0.183082
-0.517394 0.187237 0.894953
-0.22498 0.190372 0.777942
-0.441343 0.0964986 0.942756
0.00832896 0.0368595 0.184793
-0.227752 0.0960298 0.237381
-0.269771 0.0832723 0.209371
-0.247842 0.0955414 0.204966
-0.222313 0.090759 0.290143
-0.262579 0.0992707 0.286932
-0.0796506 0.0445242 0.173551
-0.243892 0.0724487 0.270161
-0.254669 0.07805 0.292034
-0.184388 0.112689 0.25517
-0.2822 0.0898431 0.212444
-0.228208 0.109415 0.177674
-0.00250473 0.0283965 0.19319
-0.0810218 0.0318016 0.17485
-0.276066 0.0849811 0.235323
-0.0353459 0.0432074 0.182732
-0.512558 0.195731 0.958651
-0.248059 0.0740837 0.210064
-0.193699 0.0814808 0.264422
-0.0858048 0.0408296 0.172751
-0.168778 0.0955786 0.298634
-0.335422 0.184056 0.901057
-0.304277 0.0896708 0.829479
0.00353182 0.0580698 0.194241
0.022771 -0.0813069 0.187419
-0.0207957 0.0509258 0.197198
-0.1844 0.0814153 0.351682
0.00465476 0.0787544 0.162515
0.453898 -0.0498555 1.01635
-0.126986 0.0598971 0.162984
-0.0567234 0.0324309 0.196054
-0.0895615 0.0498768 0.185423
-0.0784564 0.0806067 0.181363
-0.0476977 0.0322627 0.239866
-0.116796 0.0615254 0.151231
-0.206169 0.101141 0.22274
-0.0652153 0.0272047 0.110346
-0.0324115 0.0336421 0.180069
-0.0874156 0.0517088 0.289978
0.557082 -0.0110917 0.953132
-0.0145753 0.084153 1.30414
0.374508 -0.255744 0.853158
-0.0182672 0.0323227 0.182334
0.17423 0.116654 1.43069
-0.0611288 0.0257428 0.174089
-0.363381 0.0630257 0.184893
-0.291592 0.0599319 0.140352
-0.306994 0.0565568 0.16753
-0.252589 0.0701194 0.143595
-0.0337378 0.0252443 0.19174
-0.080929 0.0487037 0.172297
-0.0115575 0.0735625 0.200695
-0.104086 0.0825828 0.202657
-0.0511989 0.0443378 0.148794
0.0626416 0.0449933 0.110743
0.0569959 0.0474374 0.106933
-0.0276959 0.0431295 0.18286
-0.032342 0.0208736 0.168165
-0.0364215 0.0550073 0.183713
0.00153684 0.0482995 0.187446
0.0861889 0.0558887 1.10326
-0.0903261 0.0507644 0.175922
-0.0315651 0.0355086 0.185262
-0.00205948 0.0577606 0.19721
-0.0269875 0.0269896 0.189882
0.0507486 0.0686707 0.168142
0.61112 -0.103918 1.02153
0.310395 0.106199 0.54496
-0.180625 0.125959 0.808881
-0.0888481 0.0426634 0.170519
-0.293606 0.0926343 0.466404
0.373105 0.10092 0.619729
0.135745 0.0454859 0.243401
-0.0906379 0.0623405 0.170767
0.090422 0.0618323 0.156886
0.152639 0.213476 1.28124
0.0831769 0.0565668 0.143874
0.5397 -0.0936785 0.908257
0.0335895 0.072969 0.18841
-0.194695 0.074697 0.291791
-0.114957 0.056991 0.151055
-0.334531 0.206221 0.839971
-0.0298149 0.0535143 0.184886
-0.130567 0.0604422 0.164276
-0.193233 0.0969279 0.244875
0.00179805 0.0786799 0.184607
-0.0300305 0.0784709 0.182655
0.00405859 0.080906 0.179258
-0.026245 0.062797 0.203194
0.811241 -0.174573 0.882189
0.791774 -0.187902 0.884779
0.00601888 0.0249111 0.182388
-0.365167 0.177458 0.792958
-0.0116868 0.0353527 0.180841
0.223314 0.198759 0.71782
0.298332 0.0906286 0.445909
0.325812 -0.233973 0.7871
0.408989 -0.132076 1.05347
-0.204643 0.184358 1.08713
0.84108 0.00886891 1.65346
0.294978 -0.0337254 0.564157
0.0241206 0.123535 0.978825
-0.0375843 0.0264268 0.19575
0.00699866 0.0395743 0.173474
-0.0257353 0.0782409 0.183425
0.0777027 0.0581375 0.169245
0.513472 -0.077717 0.943673
-0.0181116 0.0322771 0.184029
0.605753 -0.100854 1.01822
-0.0221533 0.0484974 0.16222
0.72445 0.0916925 1.5485
-0.0639021 0.0799772 0.182003
0.370216 0.203133 1.12444
0.109523 0.0673796 0.125204
0.0322656 -0.186436 1.15077
0.409736 0.0536696 1.03077
-0.0777333 0.0761158 0.224623
-0.0304086 0.0329715 0.182331
-0.213775 0.0840559 0.27464
-0.0901596 0.0458001 0.170623
-0.0907824 0.0796098 0.174455
0.391309 0.117451 0.680647
0.32104 0.218152 1.27389
-0.713495 -0.130632 1.03988
-0.0884144 0.0319242 0.174149
-0.407948 0.0707432 0.961061
0.49825 -0.267739 1.06105
-0.0637876 0.02981 0.177834
-0.0144562 0.0443615 0.247414
0.361175 0.172935 0.468057
0.360993 0.163938 0.520045
-0.0916347 0.0667122 0.162424
-0.0991377 0.0673582 0.201077
-0.323395 0.0406755 0.984752
-0.928713 -0.0223086 1.21612
-0.785223 -0.13686 0.916269
-0.25891 0.0819518 0.29419
-1.03963 0.145715 1.27407
0.110535 -0.0421458 1.50123
-0.18586 0.0708134 0.262845
-0.23937 0.0856956 0.185955
-0.248023 0.069634 0.366896
-0.0623144 0.0532787 0.170744
-0.209999 0.11454 0.214
-0.276732 0.0573955 0.254125
-0.0894636 0.0438716 0.166885
-0.0732529 0.0571477 0.17272
-0.449276 -0.0224579 0.984474
0.580682 -0.151374 0.643227
-0.00663963 0.036874 0.184088
-0.0983698 0.0783694 0.188373
-0.0230522 0.047774 0.15974
-0.0649136 0.0466365 0.181096
-0.060892 0.0481915 0.149087
-0.0787577 0.085938 0.230056
-0.33447 0.182841 0.899644
-0.0627015 0.0666699 0.184261
-0.528488 -0.0259338 0.910813
-0.0877301 0.0455956 0.170912
-0.276597 -0.297312 0.92628
-0.027379 0.0271251 0.17936
-0.00806167 0.0402543 0.183077
-0.0642654 0.0300168 0.179052
0.082468 0.057583 0.165013
-0.0316593 0.0344849 0.183883
0.0739847 0.0449495 0.127611
-0.00466734 0.0523837 0.180648
-0.00870081 0.0520531 0.190438
0.426139 -0.0965834 0.994819
-0.0224402 0.0567586 0.182277
0.74788 -0.016663 1.27872
0.448037 0.0999249 0.522806
-0.127617 0.0620557 0.14689
-0.221161 0.0818445 0.295231
-0.0806983 0.0401892 0.174748
-0.244627 0.0744908 0.318228
-0.216427 0.0946394 0.223068
-0.787161 -0.145243 0.899098
-0.33985 0.146171 0.782535
-0.915458 0.120225 1.11396
-0.242873 0.0890385 0.194066
-0.396036 0.12468 0.831858
-0.241642 0.0893276 0.284873
-0.115394 0.0589424 0.159926
-0.247568 0.0738493 0.319016
0.102524 0.137877 0.873923
-0.184781 0.0911458 0.23414
-0.0770202 0.0622692 0.165355
-0.117008 0.058392 0.158065
-0.0278571 0.0484507 0.183037
-0.275354 0.0719807 0.310562
-0.118296 0.0719016 0.145316
-0.117087 0.0622875 0.152972
-0.125167 0.0587259 0.161474
-0.103238 0.0831282 0.203623
-0.215674 0.0857862 0.236554
-1.00195 0.0715821 1.04624
-0.789626 -0.134823 0.931023
-0.755327 -0.138954 0.86314
-0.24345 0.0831989 0.251013
-0.0407765 0.0378847 0.289455
0.0543277 0.0707478 0.166085
0.0427662 0.0644875 0.2042
0.544055 -0.347063 1.25889
1.09437 0.17221 1.18801
0.368577 -0.0435385 0.465268
-0.304385 0.0912117 0.818531
0.479637 -0.15297 0.495032
-0.0410381 0.0271247 0.177638
0.041087 0.0802047 0.231125
0.0662911 0.0922497 0.691768
0.730591 -0.177208 0.81012
0.631662 -0.148495 0.678574
0.780363 -0.184861 0.870886
0.00434655 0.0815927 0.179289
0.676594 -0.170469 0.756002
0.0831195 0.0916102 0.181754
0.697474 -0.154305 0.761751
-0.0403484 0.0379603 0.128536
-0.0300933 0.071201 0.163925
-0.0508276 0.0461703 0.141559
-0.0631935 0.0413335 0.162534
-0.0488644 0.0443803 0.116679
-0.0413883 0.0434183 0.138322
-0.0618361 0.041785 0.159942
-0.0507451 0.0459919 0.139182
-0.0626564 0.0408771 0.160219
-0.0573872 0.0489853 0.146694
-0.0274525 0.0575434 0.164661
-0.0646438 0.0433223 0.172554
-0.0436055 0.0786753 0.182041
0.0923554 0.0390783 0.0977883
-0.0780051 0.0315406 0.173051
-0.0633092 0.0788499 0.179731
0.0929565 0.0353821 0.0955225
0.0896994 0.0565216 0.158333
-0.0171035 0.0782214 0.182805
0.373629 0.0713391 0.462703
0.121548 0.0337342 0.209041
-0.0300787 0.0505343 0.182307
-0.0363292 0.0250714 0.190075
-0.0561489 -0.164827 0.783635
0.388037 -0.257498 0.882676
0.0455729 0.0722017 0.542763
-0.859053 0.167998 1.02727
0.376252 -0.102724 1.24969
-0.0853049 0.0333637 0.170005
-0.183097 0.0659739 0.244168
0.12767 0.101461 1.4665
-0.0140136 0.0353688 0.181708
-0.249957 0.0878619 0.230125
-0.0899696 0.0451715 0.169539
-0.199501 0.184423 0.839067
-0.290704 0.0526408 0.332307
-0.0777186 0.0426423 0.17324
-0.248143 0.0661945 0.297448
-0.273551 0.0425285 0.860168
0.274018 0.152545 0.917531
-0.180504 0.0928242 0.3563
-0.35015 0.0349293 0.215079
-0.245337 0.135136 0.635042
-0.14304 0.0856904 0.319903
-0.134841 0.128392 0.713939
-0.327539 0.0333286 0.202238
-0.239588 0.0838069 0.279693
-0.260084 0.0186242 0.214373
-0.156875 0.18262 0.530483
0.0231001 0.108995 1.26877
-0.35916 0.0464952 0.206583
-0.920563 -0.0439175 1.05291
-0.776458 0.0539514 0.898073
-0.26519 0.0619547 0.141299
-0.218809 0.161274 0.767467
-0.255875 0.0816921 0.141496
-0.25594 0.0817245 0.141558
-0.0658482 0.182929 0.778711
-0.641425 -0.282263 1.52932
-0.106387 0.0092445 0.131825
-0.327772 0.0809868 0.251775
-0.268498 0.0687627 0.160649
-0.168627 0.0704095 0.305604
-0.269763 0.0584338 0.123263
-0.0920272 0.209396 0.798187
-0.270369 0.0558252 0.123102
-0.177683 0.0677377 0.281337
-0.379065 0.0692565 0.867772
-0.19153 0.0598791 0.287091
-0.148831 -0.00888156 0.0953857
0.00572226 0.210076 1.38239
-0.250905 0.0663354 0.14789
-0.057288 0.023719 0.168538
-0.177573 0.0927955 0.26362
-0.08172 -0.0273163 0.0112888
-0.0638563 -0.112642 0.813418
-0.463438 0.150162 0.908644
-0.391928 0.000877553 0.270615
-0.244592 0.103552 0.276276
-0.880764 -0.0479008 0.571939
-0.241774 0.0588813 0.138464
-0.206719 0.0489177 0.36139
-0.333071 0.0233066 0.268172
-0.302916 0.0985038 0.215124
-0.305331 -0.00712307 0.228241
-0.253247 0.0597255 0.144455
-0.269138 0.059103 0.249352
-0.333507 0.0401541 1.01176
-0.241047 0.0866088 0.170022
-0.182098 0.0893513 0.289915
0.00758092 0.18172 1.15058
-0.218105 0.123905 0.301813
-0.268934 0.053089 0.190242
-0.276329 0.0343122 0.214759
-0.235645 0.107745 0.822818
-0.256786 0.0941801 0.154171
-0.234192 0.0658807 0.159437
-0.272223 0.0903482 0.199335
-0.361813 0.0501526 0.213139
-0.281608 0.0640406 0.203599
-0.241578 0.0819356 0.250411
-0.203822 0.104105 0.262816
-0.48495 -0.0869858 0.862486
-0.143885 0.0693921 0.274171
-0.160917 0.0122325 0.164353
-0.251315 0.0598778 0.269986
-0.0358253 0.0687314 0.185496
-0.224205 0.118136 0.913585
-0.0786831 0.0324205 0.171926
-0.190356 0.0834831 0.249759
0.137418 -0.0750731 1.93885
-0.832214 0.00935385 1.1718
-0.48416 0.130207 0.733384
-0.931585 0.0815815 1.32184
-0.0582196 0.0373182 0.178441
-0.46904 0.00307614 1.01037
-0.110828 0.0623202 0.151652
-0.522839 0.131181 0.889404
0.583082 0.0756413 1.4812
-0.0202033 0.085991 0.18769
0.626589 -0.0661398 1.40854
0.401723 0.0538617 1.03088
-0.0553518 0.0415005 0.12075
0.112749 0.0732762 0.121677
0.0122125 0.0429818 0.191193
0.0323948 0.0558166 0.342246
0.0500585 0.087436 0.161431
0.112217 0.0791579 0.120678
0.000172067 0.0849006 0.186004
-0.012047 0.0635937 0.174454
0.0341887 0.0830794 0.191259
-0.00566966 0.067985 0.210114
0.384593 0.0991378 0.459054
0.0907603 0.0573871 0.160153
-0.057008 0.0405988 0.124605
-0.0481893 0.080075 0.18432
-0.141268 0.0521487 0.819882
-0.0099698 0.0568375 0.178674
-0.0272323 0.0602169 0.172534
-0.0549658 0.0420203 0.194462
-0.0206854 0.0516224 0.195849
-0.0507923 0.0496053 0.132886
-0.0108696 0.0809237 0.191876
0.00347699 0.0728141 0.188748
-0.0189726 0.070618 0.163483
-0.0567017 0.0435333 0.163192
0.0549962 0.0722193 0.176263
-0.36699 0.0978735 0.959531
-0.0902778 0.0613017 0.170721
-0.0820196 0.0359955 0.185647
0.402549 0.0777986 0.499122
0.0326704 0.0862647 0.176471
-0.0124284 0.0376026 0.18587
0.384386 -0.0445893 1.23738
0.377668 -0.0438994 0.476922
0.377496 0.0718529 0.465545
-0.245665 0.0614434 0.333352
-0.1789 0.134346 0.827696
-0.25107 0.0817405 0.204284
-0.73409 0.0165485 0.82747
-0.20255 0.106732 0.203255
-0.0502631 0.0400218 0.164273
-0.21465 0.107326 0.18757
-0.540123 0.0298441 0.893226
-0.856015 -0.0315219 0.982307
-1.0771 -0.124654 1.38897
-0.0857444 0.0395947 0.173234
-0.261318 0.102086 0.2922
-0.461064 0.205589 0.954239
-0.0206673 0.0290048 0.17334
-0.221482 0.0913209 0.231787
0.00187326 0.0302328 0.181229
-0.279088 0.181486 0.794042
-0.191417 0.0739006 0.280082
-0.258757 0.0904575 0.21666
-0.257944 0.0949916 0.183255
-0.253682 0.0777704 0.265024
-0.300666 0.0540383 0.307214
-0.419364 0.0301572 0.459362
-0.854682 0.063642 0.999662
-0.785113 0.00138514 1.11546
-0.138568 0.0482825 0.100373
-0.259234 0.0772117 0.308248
-0.113143 0.0653104 0.832009
0.00313678 0.199655 1.31194
-0.710116 0.173729 1.06115
-0.707665 0.0430502 0.807966
-0.00626499 0.0355169 0.182799
-0.188842 0.0782676 0.258706
-0.257586 0.0765148 0.305783
0.0625944 0.0703145 0.172788
-0.19545 0.120229 0.240211
-0.417726 0.0849914 0.887783
0.382872 0.19481 1.02607
-0.297177 0.0536612 0.342316
-0.0624576 -0.222336 0.964497
-0.029294 0.0411769 0.16595
0.655213 -0.117735 1.277
-0.139498 0.0644279 0.331278
-0.68534 0.193178 1.01537
-0.601103 0.176975 0.931207
-0.182183 0.0926186 0.232203
0.115744 -0.0310466 1.57373
-0.789217 -0.135989 0.926142
-0.289287 0.196413 0.83471
0.168797 0.122861 1.47085
-0.607985 0.0898574 0.983959
-0.682754 -0.0197189 0.869256
-0.960333 0.0843778 1.19592
-0.932876 0.0980786 0.999126
0.330243 0.174876 0.898679
-0.276122 0.0639427 0.311818
-0.241532 0.0934856 0.258426
-0.244382 0.0904115 0.226421
-0.213716 0.093484 0.22828
-0.275281 0.10979 0.309821
-0.553688 0.196819 0.944058
-0.260181 0.0955023 0.239748
-0.035168 0.0720608 0.191972
-0.519978 -0.0874289 0.904095
-0.292647 0.0609846 0.302353
-0.22168 0.0721694 0.212264
-0.0271424 0.0665105 0.182554
-0.191033 0.09056 0.263458
-0.260201 0.0795231 0.20874
-0.0840997 0.0360269 0.168131
-0.259994 0.071874 0.682097
-0.0640574 0.0268592 0.169799
-0.177313 0.0678673 0.216976
-0.238666 0.0778243 0.299361
-0.501501 0.220721 1.01229
-1.07749 0.214001 1.40236
0.388565 -0.205943 1.30225
-0.221296 0.0928183 0.281846
-0.114475 -0.0268747 0.831755
-0.430176 -0.0405257 0.912046
-0.0934033 0.0490314 0.170372
0.440215 0.196311 0.884887
0.319028 -0.106615 1.27302
-0.170379 0.0990074 0.305278
0.456612 0.0931069 1.00479
0.442728 -0.110288 1.0336
-0.450682 0.169425 0.885609
-0.18755 0.067845 0.848459
-0.166033 0.0979948 0.288691
-0.265692 0.0621991 0.267043
-0.118116 0.0719655 0.151655
-0.0880078 0.0315719 0.171001
-0.259007 0.0752526 0.252938
0.376829 0.217177 1.2543
-0.383262 0.121155 0.801531
-0.0624023 0.0315528 0.877258
-0.184265 0.0842129 0.270096
-0.126799 0.0610463 0.14473
-0.0655007 0.030513 0.241672
-0.0660623 0.0910105 0.636283
-0.137177 0.0631089 0.166915
-0.194833 0.0784667 0.238366
-0.0919981 0.0256454 0.170438
-0.166411 0.0698387 0.261668
0.223514 0.113254 0.396034
-0.000835203 0.0673157 0.185666
-0.167222 0.075016 0.308955
-0.214737 0.0775974 0.28466
-0.364206 0.0969974 0.517423
-0.132579 0.0582008 0.156413
-0.125565 0.059791 0.163895
-0.0865651 0.0308208 0.172886
-0.274816 0.0721473 0.30656
-0.443053 0.125376 0.887456
-0.235406 0.0726638 0.292145
-0.230607 0.0954527 0.202372
-0.274325 0.0782712 0.291676
0.104046 -0.170807 1.58282
-0.227708 0.0929105 0.209734
-0.256425 0.0790276 0.293391
-0.0548289 0.0299369 0.181092
-0.0849493 0.049611 0.17307
-0.189443 0.0714105 0.277032
-0.267124 0.0877925 0.202876
-0.303977 0.124318 0.252984
-0.0830438 0.0328489 0.171605
-0.216648 0.102066 0.783252
-0.0628956 0.0323509 0.170886
-0.0907478 0.0613962 0.173354
-0.050929 0.0431441 0.172308
-0.205359 0.074727 0.270126
-0.470087 0.190406 0.937408
-0.44996 0.0412827 0.968032
-0.175265 0.139344 0.739486
-0.00745005 0.0517318 0.184585
-0.239158 0.0584094 0.336626
-0.500206 0.20198 0.959793
0.33481 -0.0172671 0.959904
-0.443537 0.0774823 0.914634
0.413489 0.0685121 1.35427
-0.614078 -0.0270311 0.975859
0.304434 -0.105663 1.30294
-0.0307828 0.0499455 0.178202
-0.227831 0.0905369 0.221314
-0.00724687 0.0263601 0.184145
0.322507 -0.11066 1.37542
-0.030338 0.00712316 0.117185
-0.0555413 0.0202495 0.116931
-0.0719571 0.0307361 0.115523
-0.0230877 0.0486971 0.1836
-0.0920514 0.0505637 0.141019
-0.0501384 0.0242459 0.179962
-0.0586482 -0.153069 0.86538
-0.235023 0.11443 0.1851
0.30082 0.135806 0.649591
-0.148032 0.164222 0.720392
0.451803 0.0475563 1.0441
-0.178473 0.0754401 0.272722
-0.515871 0.195385 0.899994
-0.217084 0.0698013 0.28571
-0.514408 0.15849 0.785177
-0.61653 -0.0889421 0.976991
-0.216164 0.0812816 0.271798
-0.171666 0.113809 0.297315
-0.25222 0.0693581 0.233696
-0.14179 0.197282 0.830593
-0.219829 0.110224 0.188285
-0.183818 0.122908 0.254541
-0.186844 0.0780348 0.272872
-0.247805 0.0831843 0.203476
-0.101582 -0.0188495 0.752325
-0.122111 0.174357 0.751836
-0.32532 0.0446889 0.229279
-0.99271 -0.0522605 0.918704
-0.938667 0.115691 1.02516
-0.309905 0.0895843 0.506259
-0.076578 0.0338918 0.170615
-0.192172 0.114889 0.269001
-0.253763 0.0781292 0.180385
-0.171638 0.0605677 0.383914
-0.222234 0.0659021 0.316793
-0.281176 0.0917517 0.217336
-0.423328 -0.0688182 0.734239
-0.254472 0.0701199 0.152539
-0.182339 0.0986849 0.281421
-0.131296 -0.00287016 0.0337673
-0.180997 0.0808249 0.26836
-0.281107 0.0810982 0.310229
-0.32277 0.202526 0.81587
-0.905424 -0.108884 0.595448
-0.19347 0.075435 0.274647
-0.422153 -0.0280316 0.258964
-0.377864 0.1457 0.771904
-0.779751 0.279449 1.26187
-0.761405 0.27375 1.23252
-0.72452 -0.041164 0.37714
-0.31734 0.055059 0.180038
-0.302274 0.063472 0.222381
-0.210375 0.0308624 0.113056
-0.20931 0.0982176 0.259934
-0.195812 0.105915 0.264657
-0.138383 0.0650259 0.168318
-0.250515 0.0844227 0.207287
-0.576123 -0.0073712 0.920136
-0.973341 0.13121 1.19117
-0.663314 0.0561144 0.900348
-0.0872842 0.0484636 0.169343
-0.182645 0.128885 0.824391
0.42707 0.0434766 0.99506
-0.279215 0.0937643 0.200702
-0.253676 0.0810044 0.164311
-0.21503 0.118348 0.219335
-0.385136 0.0762114 0.928037
-0.196305 0.0815218 0.285634
-0.0774478 0.0321556 0.176605
-0.234784 0.0746519 0.294608
-0.15783 0.193287 0.447411
-1.05135 -0.0539442 0.978611
-0.242697 0.0623256 0.139533
-0.249608 0.0657906 0.231121
-0.269215 0.0763884 0.180268
-0.232872 0.0944033 0.257641
-0.348044 0.0577884 0.175051
-0.2645 0.0572561 0.126801
-0.253046 0.0697851 0.153494
-0.28766 0.0630293 0.137139
-0.221277 0.0924752 0.204942
-0.296126 0.0827673 0.199089
-0.256413 0.0931628 0.181137
-0.391829 -0.00901479 0.272095
-0.195949 0.189197 0.532005
-0.0916121 0.21166 0.842337
-0.175874 0.116956 0.311718
-0.349051 0.0564954 0.217496
-0.0973219 0.064679 0.198465
-0.552392 0.10613 0.660779
-0.247544 0.0858732 0.169906
-0.395844 -0.009434 0.27517
-0.270443 0.0899049 0.208157
-0.282789 0.0774287 0.210646
-0.0564042 0.0264926 0.167914
-0.238102 0.0614334 0.149615
-0.0658263 0.109453 0.699103
-0.273751 0.0463039 0.203202
-0.747752 0.00232713 0.513706
-0.138883 0.0517397 0.822424
-0.186082 0.127187 0.263505
-0.256225 0.0742751 0.171216
-0.226502 0.0981223 0.249279
-0.241721 0.0877977 0.211324
-0.22052 0.0805193 0.271617
-0.286398 0.0782171 0.168667
-0.183129 0.0838307 0.269694
-0.0659802 0.0924685 0.706366
-0.855934 0.0688008 1.01036
-0.220139 0.113535 0.875901
-0.571808 0.169368 0.894653
0.171825 0.223778 1.37098
-0.0675699 0.186918 0.798154
-0.350663 0.0422194 0.219044
-0.391947 0.00669813 0.282225
-0.152939 0.178567 0.77929
-0.214803 0.0938757 0.222008
-0.0610143 -0.196367 0.836836
-0.261934 0.0899575 0.239561
-0.246903 0.0650627 0.139862
-0.0619374 -0.21407 0.847205
-0.250949 0.0907823 0.191216
-0.241552 0.106836 0.159719
-0.207611 0.0900208 0.270937
-1.01548 0.0789805 1.0742
0.00206308 0.195484 1.29613
-0.324328 0.0474159 0.242393
-0.247337 0.0939327 0.182361
-1.0284 0.132424 1.12531
-0.268264 0.0707894 0.128787
-0.456044 0.0480978 0.321354
-0.762963 -0.0433552 0.399769
-0.214369 0.0573935 0.345642
-0.907427 -0.0492676 0.52264
-0.35223 0.0655792 0.260733
-0.226664 0.0894289 0.24725
-0.226098 0.0862362 0.289244
-0.259421 0.0668969 0.123457
-0.233559 0.0999591 0.151941
-0.30345 0.0305739 0.180885
-0.840425 0.0126306 0.567552
-0.735034 0.0469669 0.841205
-0.274116 0.102007 0.170906
-0.818103 0.0125819 0.574195
-0.0668377 0.0288917 0.183847
0.575043 -0.188199 2.43771
-0.767952 0.0548059 1.11315
-0.225105 0.0627586 0.294529
-0.189565 0.113848 0.245663
-0.41065 0.0253072 0.370527
-0.223516 0.216008 0.597837
0.102854 -0.116605 1.53966
-0.212223 0.0642392 0.284798
-0.0803661 0.0317704 0.172542
-0.0790273 0.0590796 0.187058
-0.200057 0.113395 0.226753
-0.077042 0.0547194 0.157736
-0.239726 0.0862001 0.186652
-0.250441 0.0767072 0.206961
-0.280453 0.088468 0.243987
-0.116468 0.0484369 0.143599
-0.279656 0.0930485 0.206237
-0.244959 0.0950233 0.246828
-0.254096 0.0788647 0.232612
-0.184819 0.0994879 0.253808
-0.0246096 0.0355361 0.184403
-0.282019 0.0891787 0.210002
-0.0244412 0.0410844 0.183052
-0.290086 0.0512103 0.299916
-0.127434 0.084803 0.816575
-0.000781493 0.205777 1.33399
-0.305953 0.0491636 0.273271
-0.204162 0.092842 0.24857
-0.131795 0.0992618 0.825917
-0.173369 0.0648646 0.273107
0.325569 -0.124555 1.57466
-0.428863 0.117046 0.644681
-0.17432 0.0717285 0.263099
-0.0202043 0.0448683 0.183559
-0.201723 0.0626198 0.28702
-0.226337 0.115195 0.195075
-0.0932122 0.0642701 0.172451
-0.210394 0.11091 0.203539
-0.245883 0.0904491 0.291602
-0.253782 0.0488034 0.228815
-0.0918034 0.0675376 0.163814
-0.215699 0.0746602 0.287455
-0.480826 0.127997 0.722061
-0.604571 0.164146 0.882441
-0.675266 0.179834 0.935586
-0.233476 0.20723 0.775506
-0.265425 0.100071 0.289979
-0.656377 0.0375021 0.953019
-0.177088 0.0848867 0.276867
-0.200993 0.120333 0.24865
-0.258189 0.207394 0.636764
-0.210011 0.146933 0.763872
-0.41169 0.115441 0.834186
-0.208528 0.0626308 0.279168
-0.478358 -0.0925835 1.05903
-0.173977 0.189873 0.759512
-0.115683 -0.0289297 0.773923
-0.0593304 -0.209811 0.839967
-0.293964 0.100554 0.200704
-0.12692 0.0602094 0.164429
-0.933253 -0.110213 1.19037
-0.0859819 0.0498204 0.173871
-0.302926 0.180238 0.768819
-0.509007 0.0815998 0.56618
-0.115368 0.0885447 0.193899
-0.241934 0.0795202 0.289834
-0.25016 0.0774592 0.15234
-0.0332646 0.0311954 0.180484
-0.335548 0.0960573 0.814919
-0.283222 0.0972206 0.219953
-0.244053 0.0557863 0.139724
-0.244539 0.0541482 0.133876
-0.538653 0.048982 0.41203
-0.791751 -0.0084221 0.524815
-0.373652 0.019136 0.329304
-0.361215 -0.0108292 0.245034
-0.283835 0.100065 0.221674
-0.825588 -0.0368721 0.578283
-0.755628 0.0686759 1.04175
-0.270991 0.0177414 0.257528
-0.288082 0.0452878 0.324922
-0.396397 0.0540514 0.248723
-0.294391 0.0886096 0.210413
-0.245861 0.0764713 0.149682
-1.05686 -0.0506227 0.983875
-0.145708 0.224722 0.857967
-0.292057 0.0678694 0.213563
-0.249768 0.0771798 0.238589
-0.071429 0.0408126 0.161785
-0.192828 0.0618804 0.156333
-0.170755 0.0888596 0.218014
-0.00433756 0.0338923 0.181621
-1.0835 -0.148169 1.03789
-0.811771 -0.0685274 1.05066
-0.771729 -0.136685 0.874674
-0.846642 -0.0146231 1.21502
-0.252838 0.0513095 0.235729
-0.0545585 0.0709432 0.196076
-0.0667251 0.0248352 0.163539
-0.446632 0.130285 0.953366
-0.383184 0.1205 0.981534
-0.52581 0.0870043 0.902687
0.391077 -0.205926 1.30978
-0.203064 0.063271 0.284637
0.000639021 0.0268429 0.180429
-0.0126887 0.0316724 0.202596
-0.0645865 0.0834785 0.241573
-0.0703412 0.0746605 0.401825
-0.149713 0.0863163 0.236335
-0.0329112 0.0266943 0.181446
-0.666369 0.00748038 0.953257
-0.193505 0.0804514 0.265364
-1.01255 0.0911185 1.26714
-0.312561 0.0627679 0.435304
-0.940362 -0.112556 1.1987
-0.263974 0.0932937 0.221191
-0.172594 0.0664614 0.264413
-0.222636 0.139839 0.694325
0.165965 0.17001 1.34586
-0.0592472 0.0291834 0.121001
-0.0590245 0.029267 0.121669
-0.214234 0.10979 0.194598
-0.262595 0.0781824 0.314834
0.127895 -0.102079 1.56143
0.00222497 0.0418614 0.183686
0.223893 0.195735 0.546828
-0.418957 0.215086 1.06657
-0.600154 0.0886542 0.943334
-0.583952 0.14228 0.915198
-0.127715 0.0619772 0.146772
-0.0378869 0.0405663 0.174624
-0.238376 0.0879967 0.235634
-0.488808 0.073368 0.771014
-0.584573 0.213149 1.01078
-0.168986 0.0719735 0.278452
-0.135671 0.137904 0.770971
-0.11596 0.0724756 0.156587
-0.0677478 0.0361166 0.142848
-0.238157 0.0961601 0.246671
-0.450697 0.080104 0.936085
-0.196101 0.120077 0.242908
-0.344665 0.148582 0.744011
-0.178068 0.0867324 0.319384
-0.261823 0.0795126 0.216651
-0.236473 0.0659909 0.298472
-0.540438 0.142806 0.91187
-0.821177 0.1101 0.996387
-0.181692 0.0712796 0.87104
-0.099323 -0.0188809 0.776008
-0.214682 0.107104 0.189007
-0.2015 0.0644294 0.303578
-0.717406 0.0870158 0.85578
-0.506948 -0.11811 1.15692
-0.304031 0.142681 0.832562
-0.188 0.174356 0.791529
-0.171904 0.113321 0.295311
-0.0854887 0.0406551 0.171508
-0.33406 0.0506583 0.262133
-0.0749385 0.0312228 0.188657
-0.785566 -0.131094 0.923663
-0.466702 -0.037952 0.998869
-0.125969 0.185387 0.78729
-0.21542 0.1511 0.784343
-0.275885 0.0778467 0.196766
-0.312707 0.148653 0.879771
-0.459473 -0.0379168 0.98223
-0.0672761 -0.0561871 0.714624
-0.252127 0.100764 0.176433
-0.177836 0.101781 0.330152
-0.261263 0.0846736 0.126605
-0.0619429 -0.186036 0.858852
-0.232474 0.0848848 0.205728
-0.258119 0.0826489 0.185088
-0.527197 0.191424 0.914598
-0.131283 0.0401586 0.713774
-0.0652744 -0.0606238 0.673389
-0.268603 0.0520357 0.156314
-0.232728 0.126239 0.226165
-0.269199 0.0583168 0.125745
-0.268768 0.0582159 0.125512
-0.0642891 0.0890846 0.678922
-0.240867 0.087913 0.191406
-0.257471 0.0940281 0.276304
-0.0988942 -0.0181594 0.670159
-0.238552 0.0890914 0.242107
-0.295839 0.0439415 0.253536
-0.112139 0.0639819 0.207079
-0.150283 0.146819 0.392101
-0.210088 0.105635 0.307495
-0.222771 0.124239 0.223323
-0.209286 0.211848 0.589139
-0.0692486 0.0252366 0.149927
-0.175659 0.0976889 0.334146
-0.229053 0.199515 0.744972
-0.258212 0.101536 0.150373
-0.198048 0.0978503 0.837464
-0.202956 0.112503 0.219282
-0.259838 0.0581194 0.136479
-0.103699 0.0150947 0.432641
-0.065022 -0.0508143 0.793135
-0.106953 0.0356844 0.143163
-0.656673 0.120564 0.745624
-0.373937 0.0485905 0.231756
-0.342118 0.0342018 0.266427
-0.306047 0.0418644 0.233454
-0.333127 0.0593356 0.209767
-0.389837 -0.117845 1.02306
-0.0705039 0.0298824 0.174575
-0.16456 0.102315 0.287068
-0.104784 0.0429384 0.647266
-0.335488 -0.109475 0.86116
-0.166881 0.0733558 0.301917
-0.108801 0.0506916 0.73676
-0.0780892 0.0352974 0.173279
-0.340047 0.0428835 1.06222
-0.553562 0.147818 0.951109
-0.135681 0.00680635 0.139318
-0.544343 -0.0676771 0.969842
-0.182647 0.110491 0.251262
-0.182463 0.0989299 0.277178
-0.275543 0.0691838 0.227229
-0.36387 0.242983 0.95949
-0.126888 0.0894676 0.809086
-0.329402 0.147792 0.407908
-0.469891 0.0489143 0.331075
-0.2404 0.0987601 0.200273
-0.783119 -0.131677 0.925464
-0.251295 0.079576 0.150906
-0.418755 -0.00315905 0.279069
-0.308368 -0.00195796 0.293808
-0.395421 0.0681423 0.899679
-0.705225 0.0363013 0.814368
-0.212501 0.0699673 0.292742
-0.0592692 -0.0799045 0.848307
-0.247169 0.0768313 0.150969
-0.246954 0.0791007 0.163054
-0.184548 -0.02367 0.159664
0.22379 0.654393 2.57463
-0.248819 0.0877499 0.184907
-0.203522 0.0909421 0.167914
-0.244885 0.0940966 0.180381
-0.294604 0.0601955 0.89468
-0.395712 -0.0764917 0.658701
-0.270707 0.0861366 0.151647
-0.789352 -0.133193 0.931065
-0.310594 0.0489299 0.153337
-0.274869 0.0834505 0.204751
-0.376529 0.116153 0.250931
-0.240998 0.0847173 0.243449
-0.226355 0.0801942 0.178673
-0.0500551 0.0357429 0.180015
-0.598611 -0.013248 0.951427
-0.444887 0.166434 0.825801
-0.102335 -0.0200077 0.0358761
-0.00180621 0.04049 0.185714
-0.204383 0.0930771 0.833935
-0.116977 -0.0152621 0.824554
-0.275248 0.107956 0.316163
-0.40207 0.171629 0.901694
-0.26615 0.0625788 0.267905
0.343541 0.293016 1.71559
-0.367595 0.0879873 0.511073
-0.0142229 0.0548416 0.183417
-0.192351 0.115076 0.245366
0.00113434 0.0319 0.175426
-0.00615631 0.0270772 0.181539
-0.0603669 0.0336271 0.115583
-0.0973243 0.0637457 0.197833
0.0125154 0.0375949 0.20873
-0.055956 0.0179104 0.11036
-0.0238611 0.0353433 0.183923
-0.399814 0.0493627 0.378214
-0.238712 0.0887775 0.215387
-0.233968 0.0934194 0.242487
0.322814 0.173414 0.998264
-0.182433 0.103008 0.246179
-0.604622 0.164074 0.883421
-1.01785 -0.0133888 1.35168
-0.76157 0.172822 1.07377
-0.123233 0.179069 0.76326
-0.78895 -0.018256 0.461831
-0.296356 0.0941028 0.208256
-0.313668 0.122601 0.513193
-0.234553 0.0742624 0.291426
-0.537054 -0.0132289 0.928818
0.112686 -0.16255 1.55426
-0.462959 -0.0787433 0.984474
-0.0280236 0.0256065 0.185212
-0.286258 0.054762 0.294289
-0.195544 0.0733154 0.271415
-0.864672 0.06471 1.01
-0.230509 0.0880966 0.183445
-0.377185 0.100263 0.800917
0.387148 0.206485 1.22056
-0.300599 0.0671754 0.287008
-0.522513 0.0706582 0.512033
-0.179817 0.0658532 0.270217
-0.0134098 0.0370779 0.182444
-0.276918 0.0703386 0.318294
-0.20296 0.112581 0.276007
-0.196434 0.120971 0.242125
-0.216789 0.0975301 0.237287
-0.310263 0.0951634 0.22576
-0.0513304 0.0353258 0.180242
-0.244574 0.0926612 0.156245
-0.533432 0.0749486 0.895972
-0.223678 0.195813 0.776526
-0.926721 -0.01988 0.863023
-0.0590141 0.0337079 0.175185
-0.0679367 0.0349853 0.174941
-0.386364 0.0833858 0.198176
-0.316315 0.0336294 0.15929
-0.653647 -0.182765 0.976829
-0.189884 0.0778179 0.26495
-0.112977 -0.0186146 0.724448
-0.255543 0.138893 0.351462
-0.164171 0.209002 0.480334
-0.881658 0.144065 1.0472
-0.669179 0.0169629 0.751545
-0.810247 -0.0233148 0.733792
-0.259717 0.0774333 0.20458
-0.423193 0.0669131 0.255582
-0.225058 0.0953953 0.252622
-0.299526 0.039103 0.175656
-0.247902 0.0999439 0.159427
-0.837231 0.0138734 0.589659
-0.245961 0.0990124 0.157771
-0.331209 0.051415 0.235457
-0.193374 0.168273 0.787473
-0.406334 0.11529 0.925945
-0.444396 0.106296 0.866307
-0.0599253 0.0999909 0.939299
-0.307282 0.127509 0.882627
-0.242962 0.087884 0.188997
-0.19011 0.112142 0.2631
-0.245869 0.0866918 0.188017
-0.244351 0.0820302 0.144594
-0.256559 0.0530762 0.122047
-0.198086 0.179129 0.468093
-0.191853 0.0606961 0.290879
-0.191257 0.159162 0.827472
-0.28953 0.0492251 0.281603
-0.236849 0.0866801 0.16954
-0.0561248 -0.00679593 0.290806
-0.0639028 0.163531 0.815955
-0.230762 0.0975467 0.2627
-0.276488 0.0492866 0.283094
-0.524572 0.133794 0.893035
-0.257386 0.0803798 0.216878
-0.129291 0.0935522 0.63064
-0.0705666 0.0288618 0.171904
-0.131737 0.119039 0.550995
