0.931859 0.0634753 2.18576
0.461827 0.471821 2.45258
0.862048 0.169416 2.09527
0.0345245 -0.494609 1.23316
-0.120585 -0.0772629 1.4062
-0.198888 -0.0742579 1.21935
-0.0335937 0.0196478 0.394425
-0.0461636 0.0233812 0.382643
-0.0654561 0.00861706 0.361572
0.571196 -0.223836 1.37045
-0.0826758 -0.00109662 0.384642
-0.0530969 0.051252 0.558918
-0.157955 0.0020492 0.349391
-0.324318 -0.0811648 0.495799
-0.339248 -0.101985 0.731788
-0.0188004 0.0623419 0.414751
-0.163186 -0.0265044 0.482474
0.457135 0.0657458 1.64019
0.250501 -0.277385 5.20343
0.0646781 0.0843366 0.448018
-0.200984 -0.0415229 0.970206
0.37306 0.241913 1.03623
0.0832113 0.091507 0.431474
0.0368991 0.0801927 0.449517
-0.384121 -0.151291 0.715437
-0.415262 -0.162682 1.09611
-0.0924369 -0.0156526 0.328724
-0.22286 -0.0575548 0.467104
0.225203 -0.35915 2.78619
-0.212685 -0.0340819 0.451105
0.013293 -0.357267 1.67782
0.648376 0.420898 1.58882
-0.505644 -0.200151 1.15704
-0.155346 0.0443574 0.517302
-0.129069 0.0141673 0.366711
-0.059363 0.0628947 0.313627
-0.0698247 0.0228564 0.449943
-0.137187 0.0460614 0.390504
-0.296197 -0.0723665 1.3631
-0.0554821 -0.302751 1.79162
0.67172 0.0624128 2.38855
0.290993 0.200974 0.353988
0.275683 0.194294 0.349797
0.662318 -0.0696684 2.62613
0.236877 -0.242518 1.35421
0.869626 0.48736 1.4567
0.0632429 0.381444 3.20372
0.618359 -0.254547 1.78037
-0.0714616 -0.0245021 0.535019
-0.482407 -0.136052 1.29343
-0.225498 -0.0575318 0.520068
-0.128992 -0.0307888 0.658643
-0.428195 -0.086548 1.48188
0.658298 -0.100316 2.82693
0.172835 -0.221313 2.3301
-0.0322382 -0.2237 1.22299
-0.07285 -0.00285529 0.470252
-0.561082 -0.228332 1.32498
0.0311682 0.071551 0.457413
-0.0637113 -0.0179293 0.504244
-0.534362 -0.148087 1.16018
0.0410077 0.0618777 0.375117
0.680497 -0.235142 1.54863
0.455376 0.35868 0.768676
0.393216 0.325203 0.846274
1.30573 0.299029 1.92677
0.8818 -0.0184054 1.04346
-0.207273 0.0188205 0.506638
0.667464 -0.27541 1.95175
0.800885 0.2756 1.77375
-0.0883274 0.00639995 0.390937
-0.178032 -0.0633224 0.647252
-0.141199 -0.0220519 0.815489
0.600223 0.249907 1.38038
-0.297875 -0.152174 1.01268
0.946396 0.12984 2.34338
0.805966 -0.0210197 0.948108
0.0496903 -0.319656 0.571006
0.165839 0.19052 3.71162
0.608566 0.158304 1.9092
-0.106565 0.0655151 0.451874
-0.185329 -0.0481894 0.457426
-0.258102 -0.0468793 0.468696
-0.121553 0.000293107 0.388604
-0.48616 -0.186391 1.24126
-0.0116413 0.0468845 0.349965
-0.0545394 0.0288691 0.422237
-0.0236361 0.0928135 0.467883
-0.137944 0.00530409 0.416829
-0.0767931 -0.0254753 0.396945
0.470893 0.281555 0.881947
-0.106525 0.059949 0.45986
-0.036438 0.0516381 0.419181
-0.0465086 0.0124581 0.413639
-0.0616412 0.0181213 0.395484
0.396711 0.257277 0.820224
0.450942 0.185684 0.797558
0.00852924 0.134191 0.535928
0.0148399 0.107283 0.421372
-0.0877014 0.0697916 0.43284
-0.0870512 0.0574135 0.464274
-0.0079289 0.0541522 0.804622
-0.0479284 0.0478765 0.365951
-0.073029 0.0649935 0.348617
-0.00976166 0.0200195 0.405084
-0.110153 0.0168614 0.327921
0.128991 0.0847386 0.314595
0.951141 -0.0216918 1.14201
0.679475 -0.226685 1.52702
0.722081 -0.071877 2.82254
-0.0943588 0.0345717 0.378861
-0.00563054 0.0305016 0.413494
-0.077257 0.00764605 0.371064
-0.662817 -0.178848 1.50338
-0.260771 -0.0565373 0.591823
0.447892 0.252619 0.876536
-0.0304023 -0.0112346 0.320074
-0.0280386 -0.303771 1.41124
-0.0957953 0.0264298 0.489448
-0.056638 0.0425455 0.545547
-0.107262 0.000808346 0.336366
-0.0811099 -0.0286189 0.330334
0.880346 -0.116339 1.77959
0.859985 0.0541821 2.00222
1.85669 0.468944 4.8305
0.934897 0.391289 2.60484
0.662501 -0.0653784 1.92638
-0.13156 -0.161621 1.21188
-0.143462 -0.00825019 0.479181
-0.289745 -0.0840143 1.37517
-0.0571553 -0.0180731 0.467682
-0.0919825 -0.0253875 0.339526
-0.162011 0.0601606 0.437767
-0.196203 -0.0828822 0.369168
-0.270202 -0.00674001 0.766431
-0.0273144 -0.00744314 0.405726
-0.104558 -0.0337737 0.546046
-0.0573061 0.106822 0.449086
0.775547 -0.00337653 2.11412
-0.046584 -0.00766463 3.28545
0.689667 -0.255324 2.13961
-0.010015 0.0058394 0.472878
-0.0830759 -0.0381813 0.300764
-0.0469533 0.0534695 0.300309
0.0670542 0.102483 0.459042
-0.0890233 0.0107836 0.403756
-0.565315 -0.452519 1.50657
0.658924 0.240267 2.08527
0.0916209 0.0940514 0.43328
-0.0365927 0.039179 0.407752
-0.0867267 0.0655392 0.456316
-0.0875853 0.0328974 0.329727
0.542273 0.290955 0.873623
0.307008 -0.271089 1.73401
0.0372272 -0.507462 1.26246
0.951428 0.102705 1.92404
0.71563 0.364769 2.24764
0.491183 0.176445 0.892346
1.17802 0.00551589 1.52249
0.928009 0.0114265 1.24813
-0.093274 -0.03219 0.352257
0.774708 0.208903 1.66435
0.188017 -0.213159 3.77945
0.703788 0.355172 2.18718
-0.0895311 -0.0228781 0.404641
-0.00580659 -0.458121 2.00346
-0.121012 0.069142 0.560858
-0.0196212 0.0741743 0.709728
-0.0437846 0.0316326 0.335804
-0.113679 0.0390849 0.380779
-0.0151179 0.0486483 0.454771
0.109086 0.129351 0.589611
-0.0762125 0.00459345 0.381931
-0.0677805 -0.235605 1.55161
1.11812 0.214283 2.40312
0.04487 0.0743537 0.428856
-0.10362 -0.00242046 0.344261
-0.0508542 0.0206794 0.41893
-0.00833193 0.030035 0.411006
0.0459342 0.0773204 0.442158
0.683925 0.238563 2.16218
0.964253 0.343398 2.17506
0.290793 0.200498 0.352627
-0.0289047 -0.334002 1.57959
1.23593 0.324395 3.19332
-0.373875 -0.0498312 0.591079
-0.022956 0.0896244 0.456873
0.00103977 0.01373 0.410946
1.29467 0.0824409 1.62258
2.12178 0.0789533 2.26614
0.0142558 0.0963642 0.486314
0.152528 0.104223 0.377285
0.191251 0.130536 0.476147
-0.21378 -0.0214474 0.500383
-0.146647 0.026483 0.418602
-0.00340301 -0.0022472 0.449811
-0.158265 0.0820337 0.396662
-0.346527 -0.0845657 0.530324
-0.262965 -0.0546608 0.491388
-0.123749 -0.155676 1.13631
0.681445 0.334405 1.89031
0.734317 0.36657 2.06262
-0.060288 0.00901053 0.30512
0.814098 0.278999 1.80816
-0.0802126 -0.0253962 0.402454
0.101459 0.0980691 0.413518
0.105124 0.0941312 0.408183
-0.0354305 -0.0118682 0.382836
0.713005 -0.227975 1.57295
-0.285248 0.0799041 0.649597
-0.135099 0.0146645 0.380766
0.525586 0.210701 0.966415
0.0667092 0.0878123 0.45771
-0.113926 -0.0306195 0.422302
-0.062418 0.0183522 0.407946
0.74757 0.0210978 1.95859
-0.0798396 0.0583241 0.420345
0.666077 0.230395 2.32515
-0.0517877 -0.376559 2.27239
0.713599 0.0187904 1.86871
-0.0515611 -0.0223823 1.76338
0.335716 -0.109943 1.73424
0.863206 0.0517553 2.0356
0.810131 0.0970856 2.27782
-0.0112174 0.0414178 0.322755
-0.398457 -0.194616 1.342
1.60801 0.110508 4.2893
0.765311 0.126468 1.80839
0.58179 0.320362 0.852706
0.558042 0.340772 0.840223
0.789132 0.40256 2.37102
-0.0431463 -0.272946 1.54822
0.942463 -0.284636 2.35244
0.820872 0.238635 2.3777
-0.016438 0.0603798 0.414982
-0.224678 -0.0300241 0.488159
-0.146799 0.0645895 0.410591
0.0184787 -0.407825 1.46475
0.681512 0.241749 2.15437
0.737073 -0.162245 2.59091
-0.117603 -0.00401102 0.38277
0.610415 0.205018 2.11908
-0.39282 -0.126855 0.845277
0.385565 -0.122481 2.0478
0.500413 0.294493 0.946261
0.21431 0.167144 0.60988
-0.00780659 -0.315882 0.707386
-0.0573109 -0.233439 1.49331
0.620806 -0.159427 3.34753
-0.124821 -0.153396 1.18054
0.0895849 0.0939836 0.424227
0.548129 0.234856 1.60467
0.206521 -0.260735 4.61831
-0.538193 -0.212006 1.42786
-0.0466691 -0.00140505 0.437482
0.0469556 0.0816045 0.457968
-0.310074 -0.0684929 0.541792
-0.0210776 0.0536795 0.403891
0.068976 0.0812012 0.376865
-0.254126 -0.00737418 0.459079
-0.297965 -0.0703109 0.434565
-0.390401 -0.0799644 1.35352
0.082948 0.0904625 0.425937
-0.0595607 0.00665554 0.400715
0.00836093 0.104586 0.441341
0.00364076 0.116467 0.448789
0.00439893 0.00692582 0.46801
0.091332 0.0946191 0.431044
-0.101393 0.0574531 0.446463
-0.119285 -0.0064968 0.427982
-0.0763197 0.0303862 0.378763
-0.289247 -0.00507739 0.524068
-0.316874 -0.071855 0.462323
-0.00815466 0.0194631 0.433249
-0.124208 0.0420357 0.355042
-0.192052 0.017938 0.468214
-0.112814 0.0882667 0.391342
-0.12387 0.0389414 0.289668
-0.129519 0.0606863 0.47912
0.0900431 0.106419 0.459374
-0.119553 0.0458773 0.467934
-0.0507975 0.0161485 0.432342
-0.00550138 0.0179874 0.409106
0.0570258 0.0986805 0.54974
-0.0671425 -0.0227558 0.483325
-0.0622535 0.0904423 0.358987
-0.132552 0.103823 0.45863
-0.0476109 0.0533636 0.510511
-0.144711 0.00704699 0.433222
-0.0102522 0.0429696 0.433089
-0.0656202 0.093851 0.364909
-0.163106 0.0132086 0.398292
0.00389306 0.00769745 0.453687
-0.0359258 0.0422757 0.431021
-0.0500501 0.100265 0.441448
-0.0926728 0.00534402 0.375363
-0.122887 0.00390235 0.392414
-0.0797589 0.0305162 0.326755
-0.055201 0.103654 0.435765
0.830852 -0.107438 1.67167
-0.0898953 -0.0144829 0.37706
-0.0691576 -0.0167773 0.357872
0.0511752 0.0929593 0.481853
-0.198415 -0.0267778 0.459482
-0.0946191 -0.0297491 0.360398
-0.145061 -0.00657802 0.496998
-0.205283 -0.0754276 1.30442
0.0330164 0.0680577 0.41964
-1.03159 -0.42144 2.44594
-0.0900067 0.00270991 0.897364
0.0522595 0.157097 0.806322
-0.19172 -0.056306 0.922357
-0.214115 -0.03789 0.512738
-0.103718 -0.0713825 1.37347
-0.110266 -0.0307971 0.560924
-0.10468 -0.00899225 0.35594
0.0933162 0.0682095 0.309348
0.0684168 0.0558929 0.309033
-0.0321662 -0.0150841 0.296198
-0.12031 -0.00557966 1.00783
0.394944 0.326704 0.862293
0.458435 0.278978 0.778054
-0.451016 -0.14517 1.25458
-0.0738404 0.00403821 0.371342
0.0308773 0.0561397 0.4067
0.544622 0.0877833 1.94982
-0.598 -0.179976 1.33581
0.72919 0.00294419 2.00215
-0.30591 -0.0821081 1.42757
0.0833739 0.0875707 0.418507
0.132202 1.09841 11.7899
-0.108796 -0.0163847 0.355718
0.00603092 0.0065989 0.435489
-0.025665 0.07494 0.438232
-0.366685 -0.112587 1.63864
-0.627776 -0.208714 1.74947
0.649434 0.284794 1.97698
0.553086 -0.166537 1.26825
-0.00664882 0.00581192 0.706955
-0.0796446 -0.000465405 0.405806
-0.0929653 -0.0125473 0.393184
-0.0772998 0.0008446 0.409239
-0.0557106 0.0549596 0.413371
-0.0954182 -0.0302035 0.440164
0.962913 0.26555 2.10272
-0.0375944 0.0194416 0.419486
-0.0217969 0.0781944 0.368094
-0.116097 0.0187459 0.344619
-0.037738 0.0715177 0.337357
0.256334 -0.359185 3.98757
-0.0740624 0.122074 1.82017
-0.0295305 -0.0292701 1.53368
0.221602 -0.29422 3.26322
-0.14489 -0.0326135 0.503904
-0.0085908 0.0224926 0.45513
0.491979 0.281708 0.897009
-0.105711 -0.00149893 0.347203
0.695697 0.198492 1.89204
0.521676 0.300727 0.953314
-0.117904 -0.0285262 0.40847
0.313692 -0.331712 2.02378
0.373027 -0.055832 1.3409
-0.108873 0.0102676 0.979436
0.528233 0.393747 0.841842
-0.154513 0.0439491 0.420982
-0.180937 -0.0351688 0.447192
-0.104784 0.0379804 0.343968
-0.129655 0.0140372 0.368654
-0.201532 0.0856584 0.55812
-0.169125 0.0730654 0.51804
-0.00358437 -0.00278685 0.439088
-0.0933506 0.0359685 0.383728
-0.169833 -0.0161808 0.401385
-0.0185223 -0.0166615 0.304678
0.00450019 0.014189 0.379171
-0.183876 -0.0239621 0.436629
-0.0547301 -0.0233127 0.520857
-0.107713 -0.00876835 0.331238
-0.0371647 -0.000579532 0.463786
-0.216651 -0.0598315 0.702912
-0.131232 -0.0466067 0.304025
-0.0944746 0.0241575 0.276401
-0.0737944 -0.00541082 0.249926
-0.0412272 0.00860059 0.280768
-0.0584426 0.0402275 0.441309
-0.0495444 0.0330389 0.272139
-0.111042 0.0630804 0.472773
-0.098161 0.0100005 0.457091
-0.0362875 0.0423738 0.467749
-0.0547374 0.0451166 0.363047
-0.140577 0.146019 0.749122
0.113423 0.133613 0.491157
-0.117045 0.0305806 0.396748
-0.0386909 -0.016214 0.428299
-0.0970833 -0.00290423 0.19849
-0.261434 -0.0736477 0.581844
-0.177912 -0.0176747 0.423111
-0.137313 0.0546339 0.431579
-0.0486838 0.0846199 0.402744
-0.0242241 0.0352984 0.419476
-0.00705049 0.036375 0.438801
-0.0238407 0.0915429 0.340845
-0.0928461 0.0749135 0.453988
-0.100335 0.0923354 0.394959
-0.0941176 0.070166 0.295905
-0.135987 -0.00144082 0.433709
-0.269906 -0.0778701 0.538219
0.273555 0.257881 1.31657
-0.0335686 -0.0180697 0.454033
-0.124903 0.0324809 0.428018
-0.291649 -0.0640604 0.902906
-0.112279 0.0166882 0.265206
0.00021351 0.00956562 0.460744
-0.0810514 0.0181644 0.31321
-0.0118133 -0.00436378 0.383051
-0.0458786 0.0593524 0.437051
0.721822 -0.157695 2.59973
-0.100692 -0.0168085 0.359957
0.0312491 0.041635 0.259372
-0.210995 -0.0865024 0.751199
0.730019 0.00779834 1.99921
-0.0992986 -0.0185734 0.720624
-0.110213 0.0775104 0.501046
-0.15399 -0.051205 0.619702
-0.00563939 0.0177125 0.727702
-0.117714 0.0469746 0.378183
-0.234681 -0.0245516 0.564804
-0.145606 0.0353478 0.391314
-0.382374 0.120106 0.867242
-0.137812 0.0315061 0.371669
-0.0954076 0.00431524 0.472131
-0.0903093 0.0504692 0.384089
-0.0622471 0.0304077 0.469159
-0.122692 0.0201395 0.363324
-0.0933342 -0.0272855 0.565815
0.770819 0.386664 2.14911
0.306211 0.213805 0.871051
0.0573414 -0.00395249 3.03396
1.04299 0.313621 2.93676
0.840232 0.436389 1.41572
-0.0553361 -0.00730037 0.415657
-0.0691352 -0.0274391 0.363979
0.668121 0.241003 2.35245
-0.20883 -0.0500875 1.26665
-0.076462 -0.0246601 0.391853
0.152633 -0.173238 2.96427
-0.246679 -0.0469798 1.43079
0.158306 0.530859 4.20522
0.454216 0.251266 0.886383
0.463974 0.0629084 1.30474
0.218419 -0.29297 3.21598
-0.232762 -0.0782364 0.530438
1.27701 0.114664 1.69114
-0.108198 -0.293749 2.03298
0.431222 0.165402 0.77007
0.084756 0.10506 0.476354
0.437474 0.235524 0.843102
1.41144 0.140167 1.79692
-0.102298 -0.0311886 0.382533
1.14617 0.221485 1.85749
-0.0570466 0.081053 0.366826
-0.0516801 0.0208254 0.437385
-0.157036 0.0893618 0.4293
-0.151889 -0.0295777 0.376492
-0.141622 0.0734781 0.356909
-0.12666 0.0342506 0.42685
0.0141964 0.115095 0.448049
0.00532249 0.00465803 0.401801
-0.13693 0.0564498 0.49073
-0.0375765 0.053109 0.430396
0.108388 0.0987878 0.42423
0.599918 0.23891 2.11839
0.124191 0.389806 3.08812
0.860548 0.0958537 1.7357
-0.0384906 -0.250647 1.37667
0.52981 0.0934509 0.90134
0.858355 -0.207181 1.89847
0.0659541 0.085455 0.448126
-0.0812038 0.0057983 0.400452
-0.0919815 0.0473212 0.435001
-0.0564528 0.0418063 0.437108
0.220602 0.18712 0.575392
-0.126745 0.0116607 1.17835
0.347524 0.261575 1.00776
-0.0388867 0.0265895 0.385914
0.588609 0.281879 1.64876
0.782551 0.0909834 2.1909
-0.0105441 0.0426017 0.428628
-0.0365191 0.0193903 0.406162
-0.18524 0.0118332 0.533893
0.412143 0.419076 1.82462
-0.230186 -0.0926682 1.43215
0.673238 0.285913 2.03416
0.918047 -0.22797 2.04246
0.0632514 0.0616985 1.27511
-0.0344603 0.00563428 0.402837
0.176214 0.189911 3.65248
0.219404 0.231556 4.4321
0.652202 0.328665 2.04399
-0.296868 -0.112016 1.50584
-0.601548 -0.473354 1.57978
-0.0473681 0.0195147 0.420592
-0.0553031 -0.00355538 0.388592
-0.0320538 0.0500904 0.595116
0.437671 0.45976 2.26456
-0.0672329 0.0194299 0.421149
-0.0624212 0.00351428 0.561712
-0.135559 -0.0137856 0.334431
-0.0849272 -0.00192857 0.382744
-0.033688 -0.0150386 0.411926
0.00772445 0.117308 0.47389
-0.0709704 0.0257268 0.447475
-0.0880168 -0.0126249 0.378343
-0.0719239 0.0185337 0.432737
-0.0667809 0.0196163 0.414561
-0.0604545 0.00557159 0.392667
-0.195117 -0.0055162 0.60737
-0.0974437 -0.0132429 0.411944
0.97357 0.177438 2.09651
0.151467 0.188746 0.854079
-0.0901095 -0.0280038 0.333762
-0.0297482 -0.0112432 0.666447
-0.196726 -0.0371333 0.479914
-0.208191 -0.0237882 0.484864
-0.0463869 0.0220888 0.774867
-0.0483012 -0.00154476 0.572325
0.00302141 0.0123271 0.461814
-0.0827335 0.00648343 0.406056
-0.00464081 0.0194271 0.433895
0.161018 -0.174977 3.07872
-0.0964476 -0.0156549 0.407837
0.129214 0.131768 0.388201
-0.453757 -0.205303 1.53705
0.503214 0.292342 0.951276
0.379408 0.24615 1.051
0.85415 0.290126 1.90964
-0.0837616 0.00947158 0.893632
-0.0963796 -0.0290985 0.435325
-0.027785 0.0831252 0.305487
-0.16082 0.0980246 0.798047
-0.040607 0.0448762 0.441479
-0.0337881 -0.00901303 0.412958
-0.105218 0.00639729 0.41765
0.0375451 -0.0549083 0.411297
0.815996 0.102109 2.28795
0.0288047 0.0767628 0.49667
-0.239659 -0.030122 0.51642
-0.0997943 -0.0117602 0.405881
-0.0624707 0.0440377 0.427972
-0.281274 -0.0828999 1.34478
-0.234318 -0.0253696 0.538947
-0.0816864 -0.012863 0.391838
-0.0545471 -0.00719003 0.415582
-0.212018 -0.0244171 0.493324
-0.0647134 0.0459901 0.440454
0.0835951 0.09108 0.430992
-0.0372093 0.0194916 0.411504
0.0446009 -0.0288685 -0.0360669
-0.0785209 0.0133652 0.852003
0.0719661 -0.0178475 0.0335232
0.0374107 -0.187719 0.777155
-0.00172988 -0.0189308 0.201963
-0.0329314 -0.00984308 0.36179
-0.035635 -0.0134238 0.365189
0.687845 -0.150516 0.779061
0.075355 -0.0357469 0.110996
0.16276 0.118572 0.440689
0.786367 0.118129 1.88503
0.773587 0.31917 2.32464
0.717561 -0.286351 2.26817
0.100572 0.125369 0.550622
-0.0239463 0.0348625 0.417171
-0.0938053 0.0535755 0.419615
-0.0421373 0.0462212 0.453604
-0.0969661 0.0365278 0.36011
-0.00957144 0.0273926 0.45261
-0.080907 -0.0330358 0.424122
-0.0181135 0.0714918 0.521862
-0.155241 0.0327428 0.423494
-0.154689 0.0572828 0.418244
-0.144728 0.10753 0.45314
-0.0924515 0.0690172 0.41766
-0.0599864 0.0369019 0.477533
-0.109019 0.016537 0.324305
-0.0349043 0.0855098 0.472724
-0.155641 0.00316208 0.486209
-0.0421222 0.0293053 0.338024
-0.056039 0.0257825 0.457347
-0.0997331 -0.0318313 0.395013
-0.0368571 0.135618 0.676556
0.0304771 0.0701801 0.451577
-0.0749401 -0.0166153 0.336888
-0.0563901 0.00637507 0.388039
-0.0699981 -0.0160139 0.546436
-0.112666 -0.0285461 0.582733
-0.0541196 0.0413073 0.422855
-0.0214835 0.0656236 0.434643
-0.0203083 0.0573009 0.326861
0.0997632 0.110068 0.42047
-0.101 0.0119107 0.435636
-0.0631346 0.0452465 0.433624
-0.0898386 -0.0153847 0.373541
-0.147118 -0.0115661 0.560473
-0.10023 -0.0147476 0.400282
0.345703 0.183311 0.459426
0.773435 -0.133699 0.839171
0.758999 -0.158695 0.854248
0.0962954 0.100625 0.41749
0.749871 -0.158046 0.84266
0.196321 -0.330479 2.50207
0.347299 0.278795 0.729474
0.724054 0.402225 1.03643
0.7482 0.349763 1.08498
-0.50311 -0.165598 1.16967
-0.109876 -0.38023 0.811376
-0.48678 -0.187612 1.2492
-0.0990334 -0.0279701 0.399245
0.440672 0.470518 2.29707
0.366827 0.315193 1.18356
0.618372 0.231733 1.81053
1.4458 0.147023 1.86564
-0.251307 -0.0467919 0.459967
0.671402 0.0636956 1.59299
-0.190004 -0.0733527 0.464347
-0.390392 -0.190576 1.18518
-0.260712 -0.0384546 0.398039
0.846111 0.37994 2.32149
0.0889866 0.101997 0.468994
0.515322 -0.205485 1.25017
-0.170028 -0.0157511 0.449531
-0.719695 -0.257048 1.6393
-1.1278 -1.28314 2.7234
0.0279876 0.063039 0.399093
-0.0899235 -0.0994048 0.193246
-0.248028 -0.0396926 0.496493
-0.363535 -0.0979462 1.04653
-0.569942 -0.160441 1.23979
-0.242025 -0.0399636 0.480589
-0.263901 -0.0471853 0.483769
-0.0792755 -0.00659509 0.510107
-0.559828 -0.174027 1.2269
-2.22531 -1.58636 5.76019
-0.568943 -0.207646 1.28698
-0.0775785 -0.291996 0.611085
0.468504 0.266944 0.646071
0.709042 0.0244185 0.925783
-0.00634841 0.0172556 0.430395
1.04027 0.0656951 1.287
-0.0447961 -0.0320128 1.0733
-0.43156 -0.0945793 1.71631
0.607513 0.207071 2.10535
0.0318044 -0.392965 0.962627
0.0271318 -0.322118 0.550803
0.534318 0.30772 0.966314
0.812636 0.00850843 0.962146
-0.0638622 -0.0167698 2.52091
-0.20188 -0.0729606 1.31816
0.0718356 -0.5633 1.55011
0.466788 0.27383 0.866327
-0.0179975 0.0291875 0.397265
-0.0841839 -0.00912415 0.372368
-0.0965657 -0.0266338 0.357234
-0.109785 -0.0325879 0.389614
0.775918 -0.0835269 2.3061
0.757859 0.00603341 1.00182
0.5049 0.524424 2.39321
0.741093 -0.0799035 2.19349
0.863409 -0.179007 0.993677
0.690297 0.413872 0.963125
-0.0431994 -0.0112185 0.308192
-0.0702735 -0.00776232 0.410112
0.421461 0.288741 0.540147
0.306867 0.185507 0.35281
-0.0394108 0.0012197 0.459328
-0.230322 -0.126817 0.833238
-0.00121512 0.00979815 0.438369
-0.0502809 -0.0074806 0.480509
0.749299 0.0220548 0.986916
0.0470202 0.107845 0.578583
0.74473 0.0247608 0.9293
-0.0950736 -0.014422 0.320688
0.0475385 0.0819193 0.456574
-0.0927297 -0.00352805 0.314599
-0.148841 -0.0140706 0.355887
-0.106687 -0.0161789 0.350129
0.264219 0.236617 0.703915
-0.0114119 0.0416871 0.43758
0.111598 -0.0422405 0.346195
0.0351999 0.0787376 0.483807
-0.556999 -0.143358 1.44728
0.507967 0.303907 0.937844
-0.0450299 -0.00260363 0.425141
-0.479764 -0.158883 1.30055
0.609556 -0.229457 1.42584
-0.121271 -0.00427249 0.370223
-0.10152 -0.0044756 0.572454
-0.414488 -0.164879 1.05259
0.204525 0.170888 0.533476
0.034555 0.0683846 0.43813
-0.168632 0.00377079 0.365962
-0.578083 -0.17907 1.25205
-0.548371 -0.426408 1.423
-0.415652 -0.0939763 0.921365
-0.285073 -0.0593927 0.491113
-0.304846 -0.0619576 0.52217
-0.298081 -0.0635011 0.414576
0.102437 0.0965702 0.413441
-0.00510659 -0.325632 1.48306
0.231148 -0.406859 3.1344
0.312299 0.189465 0.357351
0.535171 0.0993236 0.907722
0.369213 0.233692 0.739239
-0.201328 -0.0732999 1.33408
-0.220872 -0.07843 1.39217
0.82091 0.0936803 1.65182
0.727875 -0.179571 1.58205
0.662987 0.236222 2.2071
0.521196 0.572795 3.01366
0.573661 -0.227352 1.39559
-0.0206276 0.0832947 0.425893
0.236903 -0.0429148 0.267015
0.171745 0.138009 0.441543
0.188283 0.144781 0.508165
0.134707 0.104737 0.370118
0.0659884 0.0827609 0.433469
0.332391 0.231747 0.958101
0.971225 0.488125 3.06742
0.168398 0.293849 4.25493
-0.322608 -1.02474 2.41855
-0.304037 -0.00887404 1.56191
-0.158762 -0.0422695 0.753402
-0.150486 -0.0199183 0.986933
0.0719499 -0.593268 1.64642
-0.0371873 -0.0307849 1.13512
0.369334 0.374339 1.9624
0.186977 -0.304545 2.3306
-0.0655431 -0.00876572 0.389676
-0.403607 -0.0782299 1.39928
-0.100487 -0.0217266 0.351607
-0.063168 -4.90486e-05 0.377696
0.795804 -0.0380835 1.0136
1.19463 0.0769428 1.48757
-0.29421 -0.0764626 1.19363
-0.0574607 -0.0111321 0.379078
-0.590881 -0.341553 1.19605
1.1089 0.210933 1.79531
0.0843211 0.0933739 0.435862
0.0842578 0.0928265 0.433211
-0.271174 -0.0404483 0.517571
-0.0323314 0.0468765 0.338261
-0.288816 -0.03057 0.510097
-0.295526 -0.0299258 0.468867
-0.028961 -0.000371277 0.422322
1.13729 0.226762 1.83848
-0.143827 -0.494877 1.10409
-0.000875165 0.116635 0.434641
1.23857 -0.198445 2.13295
0.299459 0.294766 0.952512
0.0364137 -0.0908496 0.395519
0.312844 0.213974 0.901562
-0.0958436 -0.00550688 0.367438
-0.541516 -0.166728 1.48443
0.567163 0.47378 1.10739
-0.1497 -0.128766 2.39635
0.272092 0.172062 0.321425
0.0480005 -0.263272 0.452168
-0.318912 -0.0685722 0.495147
0.711919 -0.188006 1.56602
0.00056711 -0.16136 0.320727
0.00686475 0.0170615 0.435782
0.143819 0.105915 0.377298
0.153281 0.124958 0.428292
-0.28636 -0.108885 0.656532
-0.377126 -0.306552 0.836609
-0.0183363 0.0780606 0.40635
-0.338116 -0.172433 1.15088
0.153461 0.119251 0.36845
-0.100068 -0.0860166 0.17605
-0.313571 -0.0413279 0.446943
-0.192954 -0.0382133 0.392864
-0.643517 -0.178167 1.72637
-0.551087 -0.146749 1.18148
-0.00382687 0.0160458 0.42435
-0.247635 -0.0312671 0.43883
-0.633254 -0.232458 1.17675
-0.26681 -0.0410591 0.460625
0.00906033 0.107121 0.430984
0.166207 0.126171 0.463226
0.43975 0.256295 0.688851
0.306304 0.184461 0.349189
0.166972 0.0701694 0.326286
0.288091 0.186182 0.345272
-0.309673 -0.110248 1.54516
0.425504 0.456437 2.46963
0.56751 0.174952 1.83224
0.161877 0.119024 0.454823
0.432467 0.44109 1.98337
0.109416 0.166084 0.725756
0.111095 0.125646 0.488418
-0.0960313 0.0290621 0.473572
-0.108298 -0.00061417 0.337295
-0.134399 -0.0119683 0.336922
-0.271844 -0.0389296 0.416011
-0.352457 -0.042085 0.544335
0.320797 0.319843 1.01605
0.412015 0.275371 0.832157
0.0948137 0.100599 0.447104
-0.137347 0.0251516 0.399523
-0.114196 0.0525686 0.430896
-0.133966 0.0239377 0.389913
-0.1601 0.00578631 0.35148
0.709145 -0.169162 1.50542
-0.546483 -0.20239 1.22072
-0.0753806 0.0295349 0.377842
-0.233429 -0.0465672 0.426711
-0.0572451 0.0546396 0.409423
-0.282216 -0.0331136 0.537779
-0.0815262 0.0333507 0.406785
0.0320498 0.0802845 0.496414
0.0393401 0.0599058 0.360217
-0.223392 -0.0222853 0.501246
-0.164752 -0.0118955 0.401997
0.0798673 0.101981 0.442053
-0.0696058 0.0257929 0.354555
-0.0400373 0.0632 0.417067
-0.128151 0.00596967 0.400616
-0.24703 -0.0114641 0.433851
-0.223357 -0.00919626 0.400213
-0.0400945 0.0626259 0.416657
0.124567 0.123848 0.368114
-0.103978 -0.00411302 0.395988
0.0308707 0.08294 0.514237
-0.235211 -0.0346724 0.460322
7.49789 3.83931 10.96
0.977734 0.217811 1.43663
3.92953 1.7715 15.0558
0.149721 0.128644 0.43984
-0.236762 -0.0297217 0.513793
-0.090562 -0.0292712 0.330961
-0.241859 -0.0656479 1.02317
-0.321047 -0.075367 1.29365
0.101841 0.118172 0.433506
-0.0963519 0.0168803 0.383967
0.00392548 0.00641663 0.422889
-0.0770742 0.0111261 0.368678
-0.0815876 0.0145195 0.384912
-0.204546 -0.0299866 0.450979
-0.215986 -0.0236137 0.49584
-0.209009 -0.0362339 0.509222
-0.0867362 0.00413382 0.325711
-0.385673 -0.048577 0.889695
-0.372187 -0.120057 0.835659
-0.0739328 0.0151507 0.398388
0.716878 0.244501 1.57376
-0.0625352 0.00955005 0.309716
0.00261153 0.113919 0.427408
-0.0832291 0.0613895 0.434127
0.0620218 0.0566455 0.283262
-0.281875 -0.0307753 0.433512
-0.311415 -0.10636 0.449714
1.41451 0.67623 2.74796
-0.155724 -0.0118041 0.381377
-0.167692 -0.0626584 0.65659
0.0675401 0.088197 0.452427
-0.0396928 0.0639481 0.416512
-0.117425 -0.0229825 0.37579
-0.0566877 -0.0115895 0.371804
-0.469743 -0.196983 1.20196
-0.0254197 0.0724812 0.429981
-0.120624 0.0307531 0.400082
0.153439 0.107254 0.379294
-0.0965899 -0.0232868 0.337777
-0.310388 -0.0379639 0.60986
-0.107959 0.0107939 0.380406
0.0129878 -0.0252279 -0.0228944
-0.0409382 -0.00348617 0.403523
-0.178007 -0.069853 0.486964
-0.246245 -0.0149885 0.723953
0.0282372 0.0785008 0.375852
-0.286035 -0.0225542 0.442798
0.122585 0.123503 0.360036
-0.148264 0.0028595 0.550089
-0.135603 -0.0196068 0.519026
-0.357459 -0.146267 0.923108
-0.237724 -0.0234099 0.364646
-0.354507 -0.0713424 0.528977
-0.0954564 0.00553618 0.338098
0.097212 0.112319 0.415424
-0.268693 -0.0446717 0.469252
-0.467267 -0.137664 1.04388
-0.582908 -0.222791 1.36355
-0.207133 -0.053227 0.475843
-0.728048 -0.212048 1.52118
-0.0633591 -0.0635944 0.0886606
-0.472435 -0.187351 1.25459
-0.0786279 -0.0640167 0.188206
0.405154 0.365808 2.13845
-0.0307182 -0.0372429 0.0522239
-0.063285 -0.062952 0.07765
-0.390208 -0.165995 1.071
-0.106493 0.0212931 0.54401
-0.269952 -0.0179419 0.45792
-0.141793 -0.00647142 0.343393
-0.247967 -0.0194494 0.421702
-0.268888 -0.0184302 0.456003
-0.644991 -0.360888 1.27938
-0.0513647 0.126128 0.690459
-0.0235748 0.0608665 0.423766
-0.130581 0.0234364 0.380125
-0.119283 0.0303577 0.395944
-0.183811 0.480527 2.2602
0.078246 -0.131693 0.580679
-0.908022 -0.250185 1.47186
0.0991373 0.111819 0.490028
-0.171828 -0.0329116 1.00783
-0.0907209 -0.0305727 0.367258
-0.207001 -0.0215883 1.03053
-0.068731 0.0132749 0.376103
-0.0881036 -0.0395257 0.321809
-0.0678402 0.00068101 0.410563
0.30789 0.213589 0.896723
-0.0672308 0.0158582 0.368098
-0.106928 -0.013658 0.350532
-0.0624817 -0.00810479 0.380818
0.888546 -0.0369789 1.13414
0.399421 0.226153 0.573867
-0.0717637 0.0142489 0.388902
0.0494474 0.0845051 0.455136
-0.195294 -0.0326524 0.768921
-0.0768759 -0.0279444 0.317133
-0.0939241 -0.0396699 0.335444
-0.145601 -0.0124215 0.450811
-0.00382852 0.0160969 0.421155
-0.134835 -0.0156939 0.568537
-0.0301002 -0.0160454 0.351976
-0.00585887 0.0313934 0.424519
0.0847554 0.0643031 0.281226
0.102935 0.0913491 0.392787
-0.0782723 -0.0156381 0.675175
-0.158574 -0.0161485 1.00939
-0.0251294 0.0667106 0.963362
-0.0806906 -0.00391044 0.596755
-0.0871238 0.0858816 2.37879
-0.0627036 -0.00800226 0.381701
-0.121421 -0.362206 0.761306
-0.148422 -0.0315531 0.508981
0.708972 -0.217452 2.46606
0.0675693 0.0922163 0.474159
-0.013649 0.0449489 0.460848
-0.103119 -0.0294877 0.371428
-0.096715 -0.0229207 0.336017
-0.359416 -0.0828495 0.59341
0.0932089 0.00445887 0.0633438
0.0560472 -0.0247351 -0.0132433
0.0604865 -0.0245112 -0.0297412
0.116359 -0.0413587 0.370832
-0.11334 -0.0236956 0.362805
-0.0941382 -0.0314723 0.34335
-0.352465 -0.0640621 1.38121
0.0279591 0.0671812 0.429559
0.56755 -0.124053 0.621724
-0.0766268 -0.0270159 0.37151
-0.220519 -0.0235576 0.508662
-0.0844951 -0.0156563 0.419805
0.216719 0.188153 0.596685
-0.224297 -0.0352122 0.542295
1.39379 0.144315 1.83901
-0.189259 -0.0352196 0.46323
-0.0981958 -0.0231841 0.339245
0.0359653 0.0788295 0.437855
-0.0121682 0.0589435 0.466052
-0.109022 -0.460277 1.04098
0.102911 0.11013 0.439172
0.158338 0.139366 0.482066
0.0701539 0.0995024 0.433398
-0.110672 -0.0256917 0.402467
0.0216519 0.0686747 0.411724
-0.105281 -0.0256687 0.378848
0.0810295 0.0869288 0.406163
-0.0871363 -0.0228472 0.425918
-0.522829 -0.121089 1.04987
-0.0781928 -0.280243 1.6593
0.378831 0.0744238 1.38045
-0.586686 -0.207537 1.31199
0.0596784 0.000522314 2.42937
-0.143096 -0.0494445 0.561311
-0.211976 -0.0329838 0.439863
-0.513991 -0.158114 1.15724
-0.100727 0.0142568 0.383014
0.0542912 -0.49771 1.58202
-0.16257 -0.0390344 0.356053
0.0987248 -0.313959 0.541746
-0.00904412 0.011484 0.428074
-0.281069 -0.231577 0.612669
-0.180934 -0.0197185 0.381867
0.0243051 0.11099 0.461008
-0.291148 -0.0669335 0.509224
-0.315073 -0.0425396 0.447969
-0.285367 -0.0224925 0.443906
-0.326612 -0.108472 0.475511
-0.0548173 0.0933348 0.468853
0.0302646 -0.330658 1.18203
0.0680478 -0.10752 0.436585
0.115695 0.102396 0.757287
-0.0500284 -0.20242 1.36874
-0.0526318 0.0429875 2.73767
-2.42559 0.42021 13.1988
2.90755 1.42587 8.28893
0.501963 0.559445 2.89647
-0.131383 0.0219436 1.19351
-0.116473 0.0218423 0.457999
-0.0966704 0.00392415 0.357315
0.173614 0.135335 0.438405
0.199454 0.158181 0.550069
-0.0891657 -0.0299699 0.326394
-0.170035 -0.18586 1.53761
-0.209635 -0.0329167 0.514853
-0.0816594 0.00596994 0.799429
-0.154363 -0.0204092 0.320415
-0.11809 -0.0437095 0.420655
0.0367385 0.0703974 0.435551
-0.148822 -0.0258538 0.717133
-0.07434 -0.0262054 0.369107
-0.078007 -0.0236748 0.391143
-0.0771848 0.0243704 0.382827
-0.154082 -0.0209704 0.31996
-0.133451 -0.0127254 0.333546
-0.113247 -0.00274161 0.355535
0.0816154 0.102993 0.442146
-0.110232 0.00746614 0.402854
-0.105759 0.0209057 0.435389
-0.0248751 0.0614038 0.43461
0.0350553 0.0799884 0.45602
-0.0720825 0.0161395 0.38566
-0.117649 -0.0084408 0.289771
-0.061291 0.0178761 0.327445
-0.112072 0.00749502 0.456132
-0.118922 0.00206389 0.366122
1.08241 0.183271 2.56653
-0.354569 -0.179825 1.20757
-0.211044 -0.0192483 0.609539
-0.0735461 -0.0169336 0.375168
0.950663 0.263992 0.987618
-0.0889246 -0.0388498 0.317006
0.277581 0.184249 0.333367
0.460632 0.500724 2.63746
0.325879 0.198528 0.334025
0.0892145 0.0863434 0.330088
0.724551 0.281987 2.10387
0.307551 0.200702 0.359699
0.94662 0.301312 0.857475
0.803557 0.292086 0.789102
0.150262 0.144005 0.394853
0.739092 0.40635 0.811456
0.0844212 0.0776805 0.324833
-0.347671 -0.172153 1.21362
-0.0353266 -0.0112385 0.43739
-0.0786795 -0.304267 0.658682
-0.0882289 -0.00913763 0.468513
-0.0444982 -0.198224 0.384373
-0.0242915 -0.0147978 0.356306
-0.27753 -0.0955023 0.718753
-0.550742 -0.568905 1.50455
0.00313953 0.0120449 0.434751
-0.657964 -0.24746 1.51126
-0.11012 -0.369632 0.802257
-0.0196969 -0.000448058 0.356069
-0.46433 -0.174113 1.22054
0.100541 0.0951094 0.403363
-0.324529 -0.0783862 0.532601
-1.11923 -0.602891 2.22168
-0.25248 0.00144245 0.461291
-0.352392 -0.0891613 0.71644
-0.011119 -0.018746 0.224053
0.869098 0.291619 0.772945
-0.264285 -0.103231 1.34484
-0.624676 -0.158466 1.34848
-0.217105 -0.0625298 1.42948
-0.178926 0.0236507 1.42671
0.81303 -0.183365 1.69869
-0.139797 -0.00621307 0.339221
-0.180134 -0.0478117 0.300879
-0.185639 -0.0096972 0.427277
0.288113 0.197705 0.294857
0.949237 -0.139797 1.90344
-0.081183 0.0850097 2.45913
-1.02558 -0.475446 1.91287
-0.523411 -0.208092 1.17764
0.56476 0.0425935 1.22555
-0.081652 -0.0229454 0.356076
0.0417452 -0.324554 0.977019
-0.371621 -0.170417 1.2938
-0.0933483 -0.0255405 0.338391
0.0374648 -0.44926 1.10592
0.321819 0.189484 0.322616
1.41371 0.133157 1.82503
0.353539 0.227951 0.356343
-0.0408572 0.0300707 0.426139
0.410766 0.282823 0.531662
0.585263 0.153037 1.25081
0.305465 0.20069 0.29806
-0.0156171 0.0421817 0.505846
0.164416 0.141556 0.479175
0.118557 0.11956 0.476064
-0.393475 -0.127742 1.29353
-0.358916 -0.0807721 0.787261
-0.277301 -0.0918717 0.596721
-0.0212371 0.0575733 1.10404
-0.0317358 0.001868 0.450599
0.296228 0.17951 0.329178
-0.0394427 -0.0543035 0.779652
0.0594148 -0.0335069 0.00968649
0.0464115 -0.0261006 0.000320455
0.0317675 -0.0345236 0.101507
0.0814939 -0.00654989 0.00901397
0.666509 0.282734 2.41697
0.872572 0.127401 2.08098
0.700555 0.0179144 1.37233
-0.00189864 -0.14731 0.701382
-0.138467 -0.051924 0.960136
-0.462265 -0.163351 1.0718
-0.569106 -0.175434 1.23778
-0.462382 -0.150406 1.07865
0.196612 0.149869 0.546219
-0.214108 -0.0454824 0.504278
-0.564655 -0.16465 1.18634
0.0456884 -0.0267206 -0.0229151
-0.0950486 -0.0684631 1.20009
-0.011615 -0.167987 0.825201
0.594278 0.373218 1.44707
-0.0628794 0.00208343 0.619802
0.0461502 -0.259138 0.442219
-0.142732 -0.158939 1.19953
-0.0661144 -0.0195506 0.154982
0.0853224 0.115637 0.522088
0.0357896 0.0774428 0.433377
-0.542189 -0.170806 1.17889
-0.352061 -0.118101 1.15783
0.070346 0.101413 0.445535
-0.39704 -0.0979545 0.787236
-0.0611581 -0.0102562 0.370784
-0.00709471 -0.0499013 0.0432819
0.0978623 -0.134901 0.633926
-0.108607 -0.0214487 0.511539
0.623549 0.739132 3.66763
0.651132 0.227544 2.24749
0.741287 -0.152971 0.816662
0.108713 0.0980404 0.421611
0.216 0.174873 0.574831
0.332874 0.23787 0.399104
0.320247 0.21292 0.369311
0.303449 0.211394 0.355668
0.444642 0.326496 0.692787
2.37349 0.687593 3.04695
-0.0562145 -0.029603 0.227527
0.693975 0.377933 0.757336
-0.0309636 0.000942682 0.436419
0.41972 0.275724 0.505862
0.192867 0.157999 0.492666
0.345878 0.222733 0.397734
2.30759 0.66712 2.9937
0.538183 0.419595 0.717944
0.290214 0.185624 0.310877
0.276925 0.192041 0.305943
0.302703 0.209828 0.302728
0.302274 0.191196 0.321448
0.29558 0.206351 0.297333
0.895893 0.23887 0.86327
0.793976 0.438876 0.914261
0.353123 0.255738 0.470325
-0.0694656 0.0224178 0.367367
-0.222691 -0.0459563 0.528358
-0.0769603 -0.0157338 0.410091
-0.0146691 0.0512799 0.467235
-0.0134091 -0.0248393 0.0962303
0.141486 0.153781 0.443005
-0.233908 0.0204007 0.578547
-0.148636 0.0609882 0.466108
-0.396786 -0.154078 1.04576
-0.109429 0.0725258 0.446356
0.159749 0.112721 0.408034
0.146188 0.165763 0.665269
0.906814 -0.125231 1.82521
0.64104 0.318595 1.96423
1.60133 0.698743 5.07239
-0.0676035 -0.0146673 0.391009
0.633596 0.148249 1.33258
-0.0401831 0.0284589 0.425679
-0.483814 -0.373529 1.04264
-0.0964215 -0.0190457 0.398199
0.0394699 -0.03627 0.0213184
0.257514 0.132055 0.225588
0.101455 -0.0448494 0.104069
0.284714 0.124342 0.342312
-0.24183 -0.136757 0.457312
-0.53153 -0.197479 0.994565
0.565322 0.103899 0.948216
-0.1707 -0.011587 0.519959
0.550568 0.0699753 2.02425
0.324687 0.126441 0.35653
0.0886162 0.622344 5.27532
-0.141386 0.0102308 0.426322
-0.33438 -0.136696 0.773225
0.153078 -0.371826 1.92748
0.622456 -0.211493 1.40695
-0.333019 -0.115231 1.09916
-0.0618725 -0.0103275 0.404779
-0.30921 -0.0789514 0.445801
0.0290355 0.0773558 0.475944
0.166426 0.149002 0.517437
0.0456289 0.063102 0.370428
-0.15581 -0.077541 0.834935
0.270395 0.11424 0.31918
0.465204 0.15657 0.833725
0.534836 0.115999 0.61933
0.0465303 -0.0169057 0.0552528
0.144733 -0.470334 2.44675
0.383321 0.31671 0.719475
0.559218 0.307313 1.82889
0.477991 0.407151 0.894873
0.0914084 0.391466 3.24402
0.568531 0.323714 0.65059
0.702559 0.170088 2.62853
0.49232 0.363391 0.756275
-0.165554 -0.0193386 0.924999
-0.265971 -0.0954325 1.24258
1.0612 0.345461 3.19231
0.901927 0.237607 0.934392
0.843868 0.0971409 2.35033
0.401098 0.380395 0.926953
-0.0648939 -0.0221091 0.241833
-0.00681921 -0.409616 1.89168
-0.017299 0.0629415 0.409781
-0.168818 -0.177069 1.3824
-0.0626031 -0.00105377 0.389726
0.0947746 0.101077 0.449437
0.0644024 -0.481569 1.27883
-0.120864 0.00638439 0.378697
-0.473874 -0.182402 1.21022
0.501786 0.269115 0.726219
0.678359 0.158553 0.796153
0.648172 -0.0747617 2.40383
0.0585326 -0.0299697 0.0115486
0.0693623 -0.0222901 -0.0216621
0.0694485 -0.0218966 -0.0175201
0.0666602 -0.0215399 -0.0224547
0.0709988 -0.0226964 -0.029766
0.313704 0.159456 0.581145
0.150422 0.141775 0.392166
0.0145059 0.110198 0.428573
-0.19077 -0.0100966 0.451325
0.152091 0.116459 0.364127
-0.122673 0.0410463 0.387145
0.0844307 0.0119823 0.105034
0.0854885 -0.00268173 0.0093603
0.184068 -0.010542 0.314216
0.849934 0.454377 1.45116
0.244807 -0.164886 1.02386
0.0968462 -0.293761 0.503744
0.442609 0.226194 0.575583
0.0466623 0.0832174 0.461292
0.0867431 0.0988918 0.455099
0.0524985 0.00727201 1.93319
-0.0967408 0.0885559 4.4328
0.84969 0.0362028 1.13395
0.080314 0.301365 2.5524
0.543627 0.544335 1.30342
0.390837 0.393651 1.01141
0.462018 0.398615 0.905924
0.956127 0.0070757 1.22116
0.428278 0.360333 0.931135
-0.613791 -0.217857 1.5872
0.755777 -0.0391836 0.979244
0.421389 0.355714 0.926473
1.70798 0.0577137 1.83395
0.996387 0.760679 1.41185
0.730484 -0.000675981 0.90949
1.70532 0.445588 1.99534
0.392321 0.32707 0.741999
-0.128349 -0.0274343 2.57714
0.109754 0.107581 0.429591
0.972556 0.541607 0.949786
-0.0349395 0.0252966 0.394472
-0.0922439 -0.379902 0.829474
0.045695 -0.230691 0.383299
0.457984 0.360988 0.780533
0.0959563 -0.295043 0.52175
0.159585 0.111537 0.398621
-0.0901831 -0.292966 0.594167
1.67605 0.815997 2.05734
0.340364 0.249633 0.983196
-0.0668399 0.00452051 3.22048
0.492469 0.20789 0.911362
0.0649066 -0.0259477 -0.0337045
0.0790168 -0.0240476 0.0123862
0.154979 0.07566 0.363363
0.218888 0.112653 0.38791
0.45998 0.0254181 0.510771
0.0637329 -0.0239485 -0.0298144
0.064824 -0.0194931 -0.0100109
0.566365 0.0108133 1.43804
0.0648312 -0.0195287 -0.00993055
0.172773 0.0926652 0.435192
0.0799841 -0.23603 0.381386
0.641452 0.311634 0.734228
0.0775073 -0.0103957 -0.0053335
0.490578 0.261593 0.783293
0.14103 0.0608511 0.31598
0.132761 0.0534148 0.285814
0.317639 0.165863 0.564338
0.0583363 -0.0240786 -0.0124607
0.0629531 -0.0229993 -0.0152212
0.136166 -0.0067197 0.137191
0.00693903 0.000533979 0.269338
0.107354 0.00808082 0.0375498
-0.0908912 -0.0616642 0.554514
0.0804247 -0.00284957 0.051629
0.0656285 -0.0293349 -0.0249154
0.0629385 -0.0197443 -0.0132627
0.061882 -0.0252104 -0.0104495
0.0899519 -0.0257124 0.0517147
0.283936 0.0832201 0.47008
0.228215 0.118413 0.39961
0.0814755 0.00999234 0.0991077
0.263138 0.125361 0.46869
0.0612606 -0.027174 -0.0256983
0.0769545 -0.0142775 -0.013293
0.889264 0.164488 2.64429
0.402878 0.268445 0.929836
0.660548 -0.145614 2.2835
0.22786 0.0956327 0.228416
0.0534244 -0.0307216 -0.0246756
-0.00182373 0.0348995 0.392769
-0.189571 -0.0120609 0.340914
-0.148162 0.0140914 0.342885
0.0198211 -0.0261268 -0.0373788
-0.101288 -0.0428911 0.494497
-0.223162 -0.0463678 0.288054
-0.0825406 -0.0313995 0.109402
0.109885 0.101701 0.433368
-0.240313 -0.0332698 0.508687
-0.0869948 0.0634453 0.44805
0.0177679 -0.0282457 0.0224795
-0.123857 0.0209621 0.361571
-0.316707 -0.143092 1.07669
0.807277 0.440138 0.947809
0.931009 0.499311 0.912884
0.0774335 -0.0168972 -0.0155658
0.0673368 -0.0276019 0.0188222
0.0583769 -0.0239924 -0.0123549
0.906428 0.0984518 1.82673
0.752552 0.41709 0.824351
0.173899 0.128756 0.451923
0.625193 0.369087 0.828
0.301173 0.200508 0.30277
0.293465 0.0415759 0.369065
0.700222 0.414038 0.836552
0.183878 0.0123753 0.19734
0.291838 0.205584 0.360178
0.295876 0.189001 0.319786
0.276876 0.21536 0.321194
0.283765 0.212907 0.292992
0.742137 0.397732 0.827958
0.879146 0.233785 0.849454
0.878873 0.313603 0.863491
0.813612 0.422402 0.861558
1.00616 0.320846 0.913214
0.84321 0.438797 0.896864
0.271229 0.202664 0.312896
1.26607 0.327771 1.45237
0.936348 0.294246 0.839837
-0.0324089 0.00232984 0.444124
0.333462 -0.112934 1.07485
0.995464 0.198983 2.13938
0.168643 -0.206444 2.75423
0.300711 -0.494728 2.81149
0.457543 -0.0929588 2.03511
0.281809 0.149912 0.255608
-0.554809 -0.441827 1.47637
0.113515 0.0848197 0.297245
-0.408837 -0.197613 1.2298
0.00434393 0.0071989 0.447407
0.266831 0.136682 0.229404
0.165046 -0.00459659 0.338435
0.0282345 -0.243618 0.386966
0.283803 0.146673 0.239231
0.0448905 -0.251235 0.425395
0.641902 0.324787 0.605673
0.0433489 -0.028145 -0.0117388
0.859694 0.0878498 1.73691
-0.198134 0.0135001 0.417067
-0.0634399 -0.0311066 0.082817
0.085417 0.110996 0.469158
0.000552582 0.0171447 0.406191
-0.011377 0.0441105 0.494828
0.283442 0.197364 0.302385
0.318086 0.207352 0.305943
0.307453 0.204087 0.311128
0.70965 0.53479 0.998349
0.331297 0.221068 0.323349
-0.197505 -0.0776351 0.956137
0.426187 0.346843 0.889554
1.96214 0.428483 2.16363
0.126957 0.138467 0.375627
0.839922 0.433199 1.00071
0.31431 0.210301 0.311813
0.0600131 -0.0253334 0.000612434
0.837836 0.291049 0.814054
-0.00989792 0.0435238 0.421185
0.596096 0.17167 0.491866
0.296556 0.203181 0.293951
0.717032 0.35487 1.97008
0.816667 0.318654 0.810779
0.775029 0.405515 0.813759
0.767211 0.237361 0.6529
0.305278 0.187419 0.292893
0.610987 0.34788 0.724803
0.290519 0.194664 0.305815
0.698087 0.411489 0.884533
0.29304 0.204071 0.270198
0.652174 0.397406 0.760938
0.284436 0.206692 0.310943
0.294856 0.206576 0.269464
0.275935 0.21646 0.309999
0.405882 0.301025 0.556214
0.151577 0.146152 0.396981
-0.385737 -0.0866233 1.54142
-0.162621 -0.54314 1.22964
0.203008 0.183223 0.613806
0.137517 -0.00647429 0.139745
0.0789387 0.00739411 0.090117
0.317762 0.174653 0.51123
0.0687471 -0.0274097 0.00597934
0.0458053 -0.234576 0.391181
0.0496689 -0.0276616 -0.0303079
-0.395232 -0.187143 1.30658
0.0552516 -0.236616 0.564914
0.0695082 -0.0263243 -0.0211657
0.222993 0.0659123 0.112664
0.400863 -0.0491035 0.273199
0.0367179 -0.139083 0.388482
0.072048 -0.0114233 -0.00624144
0.0701394 -0.0201543 -0.0230352
0.0805711 -0.0242486 -0.0049128
0.510791 -0.0999862 2.2402
0.0765341 -0.0247843 -0.00958422
0.600718 -0.236392 1.47788
0.164577 0.0607012 0.169102
0.695608 -0.252047 1.69264
0.736304 0.00888769 0.733856
-0.107198 -0.0591758 0.698469
0.703767 -0.0503425 0.557246
0.292193 0.167646 0.530705
0.727143 0.223266 0.64109
0.702916 0.378917 0.7961
0.609008 0.388468 1.48547
0.448318 0.231139 0.630912
0.780877 -0.281751 2.41922
0.524155 -0.00944401 0.631489
-0.0296779 0.0307623 0.657391
0.191132 0.00147231 0.284627
0.082479 -0.00704077 0.00932768
0.060418 -0.0274699 -0.0290815
0.0687933 -0.0151472 -0.00966511
0.0608134 -0.0275853 -0.0317555
0.0330215 -0.0653788 0.217357
0.417692 0.233085 0.581994
0.0455256 -0.0248344 -0.00924242
0.0871986 -0.000205165 -9.59714e-05
0.0657551 -0.0319293 -0.00601149
0.178326 0.0343631 0.342751
0.734607 0.421421 1.338
0.0788951 -0.00945245 -0.00978994
0.892995 0.144115 2.68366
0.323795 0.180836 0.529385
0.767505 0.442311 1.39846
0.0458793 -0.0368237 -0.0035124
0.0524483 -0.0272737 -0.0211246
-0.00198387 0.000698606 0.305423
0.45297 0.263802 0.864713
1.8299 0.186228 2.39109
0.00115848 -0.0220537 0.164684
-0.0423723 0.0393701 0.797054
0.0649983 -0.018965 -0.0138574
0.0434863 -0.326823 0.581753
0.0132553 -0.0156364 0.187538
-0.0996369 -0.0809821 1.50521
-0.209794 -0.0944522 1.22506
0.239983 0.111594 0.299195
0.0194579 -0.228331 0.378305
0.424117 0.223847 0.45715
0.864547 0.10644 2.03177
0.396209 0.201452 0.55251
0.457609 -0.0440518 0.339253
0.00439717 -0.273721 0.610196
0.0183273 -0.215016 0.452899
-0.0299956 0.00420841 0.449557
0.054191 -0.0251927 -0.0156505
0.441554 0.244327 0.565966
0.798039 -0.0165972 1.04453
-0.00445766 -0.276742 1.17257
-0.12751 -0.17695 1.73911
0.657868 -0.106098 2.4376
0.107211 -0.0145521 0.199739
0.0147852 -0.291233 1.06624
0.0474435 -0.126602 0.234637
0.0701905 -0.00876971 0.0396823
0.0740278 -0.0326155 0.0792465
0.514293 0.0911077 0.87387
0.135947 0.0184163 0.0349478
-0.180046 -0.0708521 1.20512
0.549902 0.127233 0.524677
0.578864 0.36607 0.960509
0.410163 0.24023 0.615068
0.0691434 -0.0224073 -0.0261794
-0.0216568 -0.00801574 0.361123
-0.0816251 -0.00842515 0.581012
-0.0356699 -0.0873209 0.493891
0.0598811 -0.0251202 -0.0210971
0.631078 -0.0189869 0.72492
