0.425125 -0.33001 1.48799
0.283414 -0.3635 1.65345
0.435937 0.0181294 1.27692
0.0873776 0.101932 0.470314
-0.138707 0.0875163 0.558772
-0.0631993 0.116901 0.478427
0.454906 0.0215587 1.17104
-0.0542046 0.132754 0.476275
-0.065199 0.127469 0.457296
0.00211631 0.078214 0.587532
0.515499 0.0225485 1.18649
-0.133457 -0.0191256 0.524125
0.482296 -0.174536 1.35086
0.449114 -0.139685 1.3153
0.477223 -0.0416197 1.27437
-0.100523 -0.062998 0.547308
0.482781 -0.0406973 1.29487
0.5733 -0.151484 1.43911
0.3044 -0.482078 1.61939
-0.0934973 0.0720387 0.506928
-0.0444109 0.095172 0.50031
0.512336 -0.151919 1.23614
-0.0555048 0.00591117 0.526844
0.352306 -0.294917 1.54635
0.495104 -0.072656 1.29996
-0.0599985 0.0132425 0.527471
0.38214 -0.072547 1.11039
0.442984 -0.2834 1.38977
0.562381 -0.296553 1.20778
0.0598879 0.1425 0.442703
0.449895 -0.140481 1.48586
0.499846 -0.142531 1.28314
0.590047 -0.100748 1.13225
0.321668 -0.0118513 1.49311
-0.108012 0.0570493 0.489207
-0.0539354 0.132536 0.474036
-0.094576 -0.0630121 0.547367
0.416102 -0.172327 1.44468
0.54676 -0.0965869 1.20478
0.443709 -0.113224 1.25274
0.414409 -0.233293 1.44321
0.256175 -0.496772 1.74094
0.339329 -0.00985067 1.56159
0.360969 0.0143668 0.928523
0.0273532 -0.106642 0.788244
-0.0227128 0.0917098 0.572037
0.00613984 0.0702286 0.62228
0.00728835 0.0269956 0.543314
0.596962 -0.234645 1.16399
-0.12504 0.228815 0.90964
-0.12173 0.10854 0.181332
-0.0906273 0.0827467 0.39494
0.576168 -0.13555 1.10433
-0.145012 0.113138 0.251343
-0.130134 -0.0958407 0.561961
-0.0570742 0.0851523 0.502911
0.734396 -0.463465 1.16219
-0.109487 0.14736 0.448457
0.125825 0.146632 0.459571
0.0651105 0.10888 0.391986
0.153694 0.121436 0.543377
-0.0500185 0.156998 0.472014
-0.0492854 0.0879337 0.110059
-0.106723 0.1751 0.620291
0.0281141 0.107146 0.503238
-0.0432351 0.0936677 0.52394
0.0894129 0.186132 0.995005
-0.122335 0.228984 0.91304
-0.171262 0.283142 0.94622
-0.0690105 0.0574237 0.480899
0.0903121 0.103763 0.477326
0.0943818 -0.680772 2.12054
-0.0617399 0.0140304 0.51868
0.319076 -0.466966 1.63303
0.45981 -0.33389 1.38713
0.428759 -0.241591 1.48699
0.220014 0.117689 0.432709
-0.0509628 0.122926 0.477049
-0.0638891 0.0648794 0.488637
0.28047 -0.403998 1.6807
-0.046819 0.0936522 0.485739
-0.706298 -1.64452 4.73209
0.468586 -0.0942168 1.31883
0.175194 -0.644277 1.99652
0.470126 -0.0922149 1.31827
0.511028 -0.0652343 1.20693
-0.13153 0.0191564 0.550522
-0.0598404 0.0847848 0.502314
-0.124448 -0.0875496 0.565149
-0.0420989 0.135382 0.502079
-0.02401 0.0692995 0.512847
-0.13154 0.0132429 0.543506
0.307549 -0.467524 1.68911
0.474568 -0.041165 1.27229
0.283857 -0.463847 1.58475
0.487681 -0.285435 1.35507
0.473765 -0.0407636 1.2705
0.422006 -0.116597 1.35945
-0.116702 0.128466 0.502776
0.207782 -0.366047 1.49216
0.544891 -0.0932254 1.19974
-0.0391311 0.0950267 0.503515
-0.0846121 0.0134638 0.552845
-0.0309756 0.153205 0.520711
0.578709 -0.483659 1.37118
-0.102454 -0.0388142 0.479881
-0.110465 0.0654306 0.527445
-0.0841302 0.0139666 0.551433
-0.0600419 0.0845608 0.471956
0.294436 -0.41482 1.7404
-0.083952 0.0141438 0.551747
-0.0705653 0.0700394 0.146412
0.343736 -0.508732 1.52042
0.311499 0.0457111 0.824933
-0.134029 -0.00996242 0.573868
0.217489 0.117237 1.34764
-0.00141436 0.0174369 0.549419
0.436138 0.116429 0.684704
0.424208 -0.110301 1.08512
-0.00562184 0.0454277 0.530856
-0.124328 -0.0824567 0.569271
-0.0477527 -0.0688899 0.524556
-0.0870293 0.0116156 0.495387
0.343956 -0.0789702 0.97171
-0.0609391 -0.0177187 0.556081
-0.0609278 0.0170605 0.509815
-0.00893158 0.143681 0.4897
0.587579 -0.355045 1.14908
-0.130352 -0.0633745 0.4966
0.654245 -0.287324 1.10407
-0.143868 -0.00350135 0.885407
0.462076 -0.347812 1.33179
-0.763556 -0.351827 1.31587
0.62279 -0.106805 1.07683
0.484202 -0.0651501 1.26289
0.646139 -0.322683 1.07887
-0.245863 -0.25055 0.809863
0.554155 -0.214152 1.2227
0.581313 -0.315221 1.18055
-0.15444 0.141154 0.631673
0.584419 -0.316263 1.18258
-0.206828 -0.00996892 1.05179
0.475561 -0.127027 1.33303
0.37736 -0.330645 1.22665
0.428071 -0.245874 1.42331
0.623586 -0.313682 1.14008
0.465231 -0.122278 1.32832
0.452314 -0.0873703 1.28519
0.641165 -0.18999 1.04378
0.490085 -0.348214 1.31594
0.655177 -0.327524 1.08665
0.134948 0.136976 0.43286
-0.104049 0.122289 0.272841
-0.286179 0.343702 1.24077
0.372785 0.0158634 1.04678
0.601705 -0.177628 0.982277
0.598075 -0.141679 1.14228
0.0161472 0.0420768 0.619434
-0.112022 -0.094414 0.570341
0.658491 -0.361665 1.14475
0.531547 -0.380838 1.27579
0.620088 -0.313959 1.16591
0.445912 -0.301488 1.41973
0.486356 -0.374662 1.34159
-0.0949399 0.00448254 0.506288
0.573789 -0.167864 1.13095
0.679059 -0.208589 1.09082
0.417366 -0.283367 1.3317
-0.0396123 0.115043 0.501493
0.466174 -0.256025 1.37393
0.364271 -0.0708545 1.45848
-0.0168161 0.118102 0.4877
-0.108346 -0.0327415 0.40956
0.66889 -0.160423 1.09678
0.461325 -0.404777 1.44111
0.623481 -0.229713 1.11639
-0.10477 0.0549861 0.272935
-0.0946106 0.00729745 0.479986
-0.110651 0.0458913 0.313984
-0.043396 -0.0132828 0.382185
-0.120409 0.243887 0.954904
-0.140347 -0.0263634 0.561041
-0.053865 0.133389 0.389387
0.486063 -0.177389 1.35989
-0.26317 -0.235955 0.951963
-0.128707 0.119797 0.583357
0.482246 -0.319636 1.52787
0.448037 -0.224788 1.3425
-0.796523 -0.321587 1.6031
0.54927 -0.541455 1.4611
0.0208069 0.0596675 0.619847
-0.0485683 0.0598599 0.427845
0.118274 -0.385799 2.20298
0.532509 -0.382721 1.16391
0.517213 -0.373824 1.27982
0.138311 -0.588181 2.03823
0.106267 -0.589685 2.19404
0.372356 -0.445892 1.59571
0.28179 -0.519797 1.73185
0.192255 -0.726488 2.26251
0.247798 -0.60378 1.82336
-0.142987 0.0813171 0.5862
0.0225642 0.0477793 0.639162
-0.0876554 0.00989092 0.508659
0.0498722 0.123785 0.628178
0.295517 -0.471313 1.59133
0.075336 0.0880973 0.313053
-0.0649769 0.0425096 0.346786
-0.210432 0.23346 0.726046
0.264667 0.0373717 0.838752
0.349706 0.0261191 1.0217
-0.0488987 0.0822083 0.594457
0.325118 0.125092 0.542354
-0.189748 0.146352 0.422909
0.206876 0.0664838 0.706209
-0.0410726 0.119383 0.653165
-0.0726751 0.100821 0.495673
0.320798 0.125232 0.537461
0.113775 0.116656 0.453109
0.134786 0.0179984 0.589369
0.0426972 0.0530685 0.24476
0.617707 -0.295836 1.16856
-0.730101 -0.437093 1.95899
-0.0414922 0.136885 0.518063
0.0590489 0.0458495 0.731417
-0.222304 0.179331 0.745021
-0.0425377 0.0335432 0.541532
0.465484 -0.344665 1.37626
0.0836333 0.10167 0.469666
0.4295 -0.148761 1.33809
-0.11588 0.109776 0.136922
0.253134 -0.00316858 0.557088
-0.153007 0.12924 0.663277
0.146576 0.0254241 0.713634
0.307021 -0.268922 1.43995
0.263631 -0.00586584 0.57109
0.387155 -0.206622 1.46853
-0.946213 -0.360669 1.94194
0.959451 -0.679443 1.39651
0.00220816 0.0187679 0.555415
-0.0792361 0.033708 0.660082
-0.0088243 -0.0837322 0.593765
-0.0496087 0.0504664 0.270385
-0.0696139 0.110378 0.199493
-0.148258 0.139275 0.623476
-0.10941 0.0495809 0.237784
-0.0495955 0.0156306 0.449377
-0.0660608 0.095071 0.310698
0.444544 -0.360958 1.44026
-0.168884 0.0150284 0.530601
0.567434 -0.189678 1.17839
-0.0600487 0.0614592 0.523662
0.35587 -0.314568 1.62672
0.291165 -0.39977 1.77128
-0.0821811 0.0468776 0.495667
0.285424 -0.538786 1.86714
-0.0316004 -0.0155872 0.537632
-0.100304 0.1663 0.572267
0.0530406 0.141101 0.435859
-0.0638477 0.11586 0.472766
-0.0967416 0.00483813 0.509618
-0.662046 -0.0252604 1.96222
-0.110965 0.0665968 0.538486
-0.092767 0.100419 0.478931
-0.557948 -0.133803 2.17533
-0.117518 0.100685 0.524739
-0.256491 -0.164115 1.15999
-0.116043 -0.00696867 0.528888
-0.151545 0.0176047 0.574471
-0.0721083 0.0319591 0.456375
0.0765031 -0.108337 0.749256
-0.159036 0.0285654 0.480527
-0.116169 0.132597 0.525561
0.663771 -0.202328 1.0703
0.129661 0.106755 0.876582
0.101451 0.0435396 0.861526
0.266526 0.0371732 0.836545
-0.0345343 0.0078541 0.530834
0.0695468 -0.0830813 1.14088
0.465168 0.0227678 1.10652
0.446868 0.0254864 1.06918
-0.0784237 0.173773 0.604462
-0.0465883 0.140172 0.559792
-0.111263 0.19047 0.606803
-0.0575121 0.0272898 0.430975
0.297247 -0.397233 1.71366
-0.0447533 0.160669 0.498615
-0.0376808 0.0810301 0.505729
0.0333302 -0.0704229 0.599827
-0.101426 0.00641264 0.524814
-0.0350807 0.144516 0.703236
-0.0800952 0.118704 0.489643
0.35855 -0.432516 1.84301
0.0743056 0.142676 0.394696
-0.0792233 0.0198071 0.505124
-0.0423413 0.131027 0.49499
0.312965 -0.486604 1.63226
0.692978 -0.293126 1.18114
0.332487 -0.289767 1.51898
-0.0360336 0.0211841 0.546731
0.554631 -0.166175 1.2101
0.51568 -0.414252 1.30218
0.483402 -0.127529 1.29744
-0.0935425 0.0110708 0.529132
0.488922 -0.193378 1.32617
0.689179 -0.799556 1.98047
0.131563 0.126073 0.944596
-0.123812 -0.0853505 0.546773
-0.134735 -0.0240572 0.541758
0.248073 -0.685308 1.74185
0.525423 -0.469619 1.37511
0.54455 -0.488957 1.41291
-0.0634279 0.0412197 0.503949
0.844936 -0.420047 1.26712
-0.0667943 0.020092 0.528735
0.0975263 0.141105 0.408163
-0.301383 0.240326 0.766375
-0.305126 0.192125 0.821399
-0.210234 0.153554 0.493965
-0.0961802 0.115122 0.270437
0.0685901 -0.0177636 0.843613
-0.159671 0.091615 0.544551
-0.0858886 0.0965944 0.06863
0.262612 -0.500348 1.76922
-0.0236519 0.0108314 0.417409
0.428699 0.0145619 1.13454
-0.0321403 0.0692257 0.528927
0.248097 0.18825 0.751332
-0.172686 0.233102 1.12715
0.278711 -0.522747 1.73705
0.585362 -0.145182 1.14342
-0.295981 -0.0118366 0.488714
0.384101 -0.207777 1.45222
0.205923 -0.640487 1.86933
-0.0860764 0.0930775 0.09581
0.322293 0.0256517 0.56942
0.216717 -0.0705292 1.70934
0.240561 0.0253079 1.65492
0.567054 -0.19321 1.20225
0.529559 -0.271193 1.17523
0.243299 -0.291515 1.77687
0.240109 -0.281294 1.69006
0.0598084 -0.595808 2.45829
0.353749 -0.292087 1.53956
0.303315 0.131494 1.7014
0.280144 0.117338 0.47264
0.478128 -0.475497 1.53623
-0.133724 0.0823202 0.521686
-0.108876 0.0614812 0.528126
-0.0719746 -0.0916465 0.54896
0.26543 -0.295933 1.62687
0.277561 0.116527 0.469082
-0.0646472 0.0438729 0.5255
-0.106607 0.0593848 0.51592
-0.0405596 0.134575 0.596612
-0.114306 0.129264 0.602947
0.215502 0.0840884 0.530024
0.487885 -0.156457 1.29645
0.49131 -0.287605 1.36525
-0.0943164 0.027178 0.510542
0.612778 -0.293049 1.16186
-0.0814313 -0.0298092 0.537432
-0.0904295 0.0862333 0.289835
-1.40799 -0.68176 2.85144
-0.169768 0.0232119 0.761992
-0.117454 0.116267 0.181399
-0.117219 0.0987477 0.291876
-0.793738 -0.372104 2.23908
0.241981 0.0938218 0.535698
-0.0227693 0.175762 0.649964
-0.0920279 0.172748 0.521621
0.179815 0.0805022 0.444717
0.0478455 0.133496 0.488982
-0.106993 0.0368486 0.457673
-0.110966 0.00999859 0.293294
-0.107601 0.0130231 0.292108
-0.106683 0.0159533 0.284189
-0.060278 0.0628229 0.514328
0.104911 0.076195 0.699304
0.43799 -0.139034 1.75451
0.349972 -0.539176 1.60839
-0.136688 0.0857243 0.535338
0.441575 -0.135097 1.47268
-0.149344 0.0516411 0.565137
-0.153962 0.149516 0.680165
-0.0581346 0.00757064 0.556037
0.387351 -0.463506 1.6025
-0.302299 0.272234 0.903165
0.441944 -0.359842 1.43304
-0.191637 0.175417 0.915465
0.122017 0.138247 0.427312
-0.098158 0.0912286 0.442413
-0.108551 0.0914831 0.521179
-0.192898 0.179872 0.96295
-0.0237552 -0.0513306 0.526292
-0.160743 0.00106636 0.553202
-0.0575627 0.0215411 0.44617
-0.0382262 0.0820038 0.481627
0.490358 -0.284288 1.3768
0.559502 -0.123491 1.12538
0.279562 -0.45352 1.55985
0.174267 0.113058 1.17512
0.448241 -0.213388 1.40595
0.408305 -0.194666 1.45798
-0.0597407 -0.100903 0.553016
0.120275 -0.152309 0.756633
0.468272 -0.0936476 1.31826
0.604372 -0.222607 1.13855
0.547417 -0.0849289 1.19076
0.585555 -0.17123 1.14203
-0.0975662 -0.00446779 0.323928
0.6154 -0.359033 1.16244
0.501077 -0.488626 1.34574
-0.0631526 -0.00920934 0.520346
0.581651 -0.171564 1.14762
-0.1172 -0.0804197 0.536202
-0.0769031 0.000133873 0.312586
-0.0672821 -0.085168 0.519892
0.0118614 0.065372 0.58051
0.242415 -0.410285 1.66966
0.047447 0.11615 0.609117
0.241324 -0.121115 1.20733
-0.133327 -0.0244174 0.544742
-0.0960103 0.00519126 0.501219
0.338456 -0.325728 1.5491
-0.101312 0.0191705 0.4979
0.306044 -0.463498 1.67688
0.347707 -0.402475 1.59112
-0.121252 -0.0578623 0.52957
0.54832 -0.166469 1.20051
0.304962 0.13002 1.71388
0.448238 -0.449039 1.46644
-0.0537503 0.134099 0.48083
0.486023 -0.280381 1.20334
-0.0481685 0.0115439 0.518706
0.493225 0.0181652 1.15812
0.0786433 0.144342 0.449229
0.216264 0.0877401 0.521562
-0.0460808 0.0126657 0.52491
0.465883 -0.402977 1.3761
0.466942 -0.257784 1.38246
0.434604 -0.350217 1.4073
-0.102989 0.0239138 0.49642
-0.127915 0.0770052 0.542647
0.452948 -0.228669 1.36021
0.470014 -0.167127 1.31408
0.346318 -0.403731 1.59211
-0.0786448 -0.0340566 0.398967
0.54612 -0.129631 1.11569
-0.100518 -0.0330833 0.462894
0.588763 -0.217001 1.40442
-0.0461072 -0.000619493 0.522904
-0.139517 0.138768 0.252811
0.314243 -0.165058 1.58641
-0.0874157 -0.00322251 0.524001
0.000668571 -0.0247995 0.584628
0.417419 -0.32415 1.46786
-0.0420365 0.0595573 0.138904
0.00251892 -0.49465 2.27872
0.141399 -0.386346 1.96746
0.235416 -0.457336 1.77289
0.300985 -0.407801 1.80301
0.320797 -0.455845 1.66844
0.0381476 -0.735845 3.20696
0.169739 -0.639073 1.98574
-0.0903989 0.026719 0.494115
-0.0933829 0.0993389 0.474975
-0.0231296 0.0263255 0.543508
-0.0584949 0.0845641 0.495861
-0.0720233 0.0420846 0.52761
-0.0235266 0.0693072 0.507651
-0.0501246 0.0698004 0.497662
-0.105354 0.00573349 0.493658
-0.0787107 0.0983896 0.470195
-0.0368502 0.0808738 0.497794
-0.102143 -0.0138377 0.514368
-0.114557 0.0447444 0.497452
0.0213055 0.129471 0.644606
-0.143048 0.0773212 0.593605
-0.106981 0.00987181 0.512334
-0.0792534 -0.0702311 0.485979
-0.0784723 0.0204241 0.505759
0.287135 0.122916 0.477486
-0.123034 0.0758549 0.622776
0.0720054 0.0926452 0.587176
0.00197825 0.0795622 0.581114
0.504936 -0.290075 1.79976
-0.0563276 0.0902879 0.502312
0.49133 -0.35328 1.43013
0.455972 -0.14876 1.35658
-0.0495918 0.115377 0.470611
0.346328 -0.182326 1.53154
0.448095 -0.130737 1.48865
-0.116126 0.100205 0.520867
0.384994 -0.367204 1.49225
-0.0616445 0.0647745 0.510428
0.340454 -0.184449 1.53536
0.467442 -0.0845691 1.30076
-0.0983742 0.00560661 0.525485
0.478814 -0.275686 1.35776
-0.0874959 -0.00457746 0.52639
0.301557 -0.081503 1.56039
0.538798 -0.247534 1.43229
-0.0466724 0.0956344 0.497056
-0.14006 0.084024 0.562952
0.0230355 -0.0924211 0.767939
0.0254669 -0.14017 0.744465
-0.061859 0.0642154 0.500062
0.00316257 0.0769189 0.596966
0.038482 -0.0958108 0.746522
0.19752 -0.274621 1.7258
0.179597 -0.416955 1.92002
0.434031 -0.311255 1.30709
-0.051084 0.124524 0.481332
0.284756 0.112425 1.6123
0.545058 -0.0924715 1.19591
-0.066465 0.0507103 0.536414
0.482578 -0.351091 1.43966
-0.0418248 0.131228 0.490284
0.235026 0.120436 0.436806
0.476588 -0.267759 1.35587
0.475393 -0.166792 1.31823
-0.0940308 -0.060539 0.535954
0.186058 -0.260301 1.62048
0.453432 -0.392964 1.42028
-0.0928416 0.100231 0.475411
0.543642 -0.393858 1.30328
-0.0508434 0.124051 0.481648
-0.0810421 0.0440047 0.48852
0.488899 -0.193932 1.32998
0.466572 -0.142501 1.33826
0.372241 -0.136082 1.48703
0.326357 -0.0143384 1.49585
-0.080274 0.0984351 0.477394
0.548104 -0.25983 1.39939
-0.0718094 -0.00506462 0.503031
-0.162296 0.0081194 0.56715
0.512592 -0.181124 1.25337
0.222337 -0.565499 1.72392
0.0998382 0.108329 0.50624
0.381946 -0.0516816 1.38512
0.0198257 0.137532 0.619097
-0.129601 0.0135729 0.534676
0.38244 -0.205243 1.45115
0.281969 0.00287666 1.53998
0.468152 -0.160711 1.29423
-0.128183 0.184291 0.607994
0.556301 -0.296737 1.20551
0.533279 -0.3339 1.26565
0.195357 0.037129 0.820036
0.370722 -0.525419 1.59263
0.313379 -0.0103861 1.45692
0.147095 0.131625 0.533962
0.34299 -0.00755378 1.35042
-0.129396 0.0128389 0.537156
0.522448 0.0247444 1.19719
-0.110692 0.0650581 0.524464
0.517491 -0.301691 1.26584
0.498004 -0.0407561 1.21404
0.413606 -0.264655 1.35212
0.343232 -0.0130117 1.5693
-0.0847885 0.0743924 0.490785
-0.0592912 0.013067 0.522166
0.231805 -0.103814 1.67998
-0.0646983 -0.0931267 0.543083
0.397174 -0.0919105 1.58309
0.318834 -0.152015 1.81017
0.141561 -0.390602 2.01195
0.206662 -0.284251 1.74395
0.22921 -0.192672 1.80301
0.43209 -0.120556 1.38123
0.0213763 -0.147925 0.868624
-0.0418832 0.133051 0.49764
0.219644 0.117583 0.430154
0.400038 -0.191309 1.44464
0.211887 -0.455257 1.85004
0.232711 -0.59188 1.80539
-0.0391253 -0.0215591 0.535473
0.40637 -0.0855904 1.43326
-0.0339957 0.0686926 0.519961
-0.0128678 0.153284 0.521821
0.378637 0.0396871 1.52938
0.175914 -0.540766 2.18535
-0.00430765 -0.0935514 0.653478
-0.147283 0.0399726 0.55923
0.354122 -0.0860154 1.44584
-0.0990201 0.0107321 0.504694
0.0522872 0.146362 0.439881
0.0773375 0.14707 0.447927
-0.0423833 0.130982 0.487145
0.273182 -0.667212 2.00797
0.094252 -0.673882 2.10068
0.487149 0.0220458 1.2374
-0.0274909 0.103342 0.511575
0.227324 -0.191121 1.7708
-0.0538874 0.00658386 0.516839
-0.0845546 0.0741123 0.492418
0.471468 -0.258854 1.38739
-0.0384103 -0.0212302 0.529495
0.488723 -0.149518 1.2375
0.161806 -0.37508 1.80413
0.215413 -0.675613 1.95409
-0.0848921 0.131737 0.46037
0.317372 -0.294393 1.75764
-0.0795363 0.0445679 0.472565
0.478935 -0.349766 1.37198
0.347613 -0.549485 1.60585
0.413467 -0.0907345 1.4224
0.316213 -0.381239 1.63599
-0.0301823 0.00101196 0.487113
0.22999 -0.195977 1.80451
-0.113247 -0.00478706 0.530832
0.236073 0.122249 0.441334
-0.110321 -0.00346843 0.524768
0.479914 -0.407426 1.35236
-0.0825612 0.0517067 0.195753
-0.072496 -0.030216 0.522677
0.450244 -0.247889 1.34603
-0.0867106 0.0754595 0.492856
0.587067 -0.300745 1.12832
0.534991 -0.172625 1.24222
0.594671 -0.157555 1.12677
0.0814547 0.140162 0.392527
0.507372 -0.0626437 1.1929
-0.0302495 0.0148239 0.187846
0.432161 -0.172239 1.44875
-0.0559577 -1.29636 4.45639
0.099014 -0.566138 2.11556
0.709731 -0.275747 1.05377
0.565081 -0.390372 1.22009
0.518091 -0.0971168 1.17853
0.2455 0.0251022 1.74224
0.663546 -0.333202 1.10314
-0.0815715 -0.641814 2.39401
0.401762 -0.0866865 1.43069
0.201946 -0.287457 1.79601
0.456494 -0.309877 1.4184
0.338176 -0.39775 1.62985
0.492248 -0.135164 1.31695
0.2481 -0.418426 1.72781
0.495304 -0.362496 1.29956
-0.287763 -0.923579 2.91347
0.430898 -0.234048 1.38338
0.623892 -0.417723 1.14044
0.284692 0.00395832 1.54719
-0.0167306 -0.659703 2.31192
0.479174 -0.306442 1.35054
0.21421 0.0842906 0.542007
0.418139 -0.0493279 1.38163
0.478797 -0.307359 1.34873
0.441038 -0.150733 1.32396
0.123144 -0.5491 2.02208
0.50564 -0.14407 1.2507
0.548547 -0.127535 1.23017
0.419389 -0.128541 1.4147
0.46195 -0.143742 1.34059
0.438468 -0.208028 1.4011
0.434993 -0.127246 1.40506
-0.103458 0.0379587 0.443885
0.569551 -0.194786 1.21232
-0.119928 -0.00817375 0.512865
0.606766 -0.223246 1.13837
0.705863 -0.347153 1.10187
0.582374 -0.0978583 1.11545
-0.0748769 0.0203431 0.39444
-0.161388 0.0164207 0.522166
-0.170392 0.0879795 0.690075
0.0882597 0.138345 0.398305
-0.12594 0.149423 0.55255
-0.142565 0.0395912 0.398427
-0.0151706 0.106691 0.198708
-0.212272 0.216421 0.562324
-0.0988522 0.0389653 0.224834
0.0485276 0.150611 0.792313
-0.161663 0.0909059 0.557375
-1.44251 -0.629331 3.01594
0.5167 -0.590416 1.52006
-0.435094 -0.136314 1.1302
-0.0428723 -0.000949453 0.362098
-0.080102 0.0398179 0.312789
-0.0798571 0.103386 0.277441
0.0423686 -0.224592 0.992264
-0.794158 -0.272768 1.59212
-0.361465 -0.164647 1.57015
-0.0998742 0.0165954 0.269861
0.670288 -0.281054 1.14207
-0.177429 -0.0714199 0.517839
-0.152046 -0.0448697 0.563766
-0.102778 0.0733705 0.21898
-0.0711965 0.0997075 0.572219
-0.114188 0.036766 0.243727
-0.123184 0.0232647 0.430212
-0.123358 0.017972 0.552575
-0.106218 0.0253205 0.509263
-0.130395 0.0193399 0.541563
0.166166 -0.622329 1.92723
-0.0708356 -0.0870583 0.522808
0.211469 -0.6332 2.49008
-0.0622439 0.0641006 0.507514
0.379406 -0.45301 1.58688
-0.132806 0.183591 0.608106
-0.11523 0.155715 0.515504
0.00353868 0.0767953 0.600782
0.513423 -0.301571 1.26571
0.548591 -0.166016 1.20012
0.217959 -0.464733 1.87376
0.266388 -0.369373 1.66473
0.572275 -0.267857 1.43583
-0.0648543 0.132417 0.484766
-0.109874 0.0417646 0.47973
0.487487 -0.354565 1.22044
-0.104517 0.0284387 0.509822
-0.10767 0.0299599 0.530903
0.536791 -0.445391 1.28147
0.375598 -0.460021 1.58602
0.523368 -0.153257 1.25391
0.5118 -0.457583 1.34989
0.265737 0.119012 0.498114
0.533935 -0.391264 1.52023
0.527865 -0.225567 1.25893
0.24455 0.0257592 1.67271
-0.104622 0.0298467 0.51232
0.483501 -0.475907 1.30689
-0.113086 -0.0987561 0.556403
0.00439416 0.0770644 0.599504
-0.11603 0.0200205 0.514876
-0.0917843 0.00589457 0.50575
-0.119023 0.09563 0.528599
-0.0918942 0.00449749 0.516447
0.286 -0.394142 1.74704
-0.0998845 -0.0132115 0.50037
0.283212 -0.0708763 1.46527
-0.0929431 0.0721801 0.514746
0.134456 -0.311296 1.57019
-0.0923975 0.0722655 0.495028
-0.120543 0.0941041 0.575508
-0.122354 0.0212389 0.427964
-0.779776 -0.203597 1.69879
0.277351 -0.410177 1.67724
0.46963 -0.336144 1.37813
-0.269669 0.322455 1.12989
-0.196538 0.0303003 0.778673
-0.0023317 -0.0519336 0.682476
-0.124966 0.21249 0.826262
-0.160044 0.0291393 0.48482
-0.106361 0.0723594 0.4423
-0.0869304 0.0789113 0.444772
0.106549 0.103639 0.872656
-0.23919 0.288233 0.971658
-0.287108 0.120256 1.01086
0.516499 0.0979203 0.912129
-0.0971575 0.179199 0.6294
0.221862 0.121688 0.452234
-0.188453 0.0321492 0.720581
-0.347865 0.333357 0.877156
-0.200415 0.0973545 0.87442
-0.201159 0.0970005 0.881558
-0.249488 0.424544 1.59097
0.179492 0.227712 0.812316
-0.0128172 0.0247173 0.503696
-0.0960471 0.171014 0.563128
-0.0962621 0.172854 0.582569
-0.0694766 0.0578369 0.470266
-0.111507 0.0664716 0.529122
-0.0381648 0.0713234 0.514018
0.122664 0.107318 0.830365
-0.094213 -0.013026 0.477777
-0.115394 0.0995335 0.501632
-0.0795073 0.170328 0.581594
0.258127 0.119914 0.483118
0.0411328 -0.00593232 0.231396
-0.0723934 0.0981989 0.0728639
0.552971 -0.165719 1.20819
0.503548 -0.121376 1.30642
0.457409 -0.143446 1.33796
0.515176 -0.12533 1.32212
0.321244 -0.474056 1.64948
0.673682 -0.205101 1.08704
0.260176 -0.48045 1.72243
-0.0514122 -0.331557 1.24371
-0.0553239 0.0136575 0.656767
0.24687 0.109329 0.47891
-0.111031 0.0198205 0.640736
0.0199406 0.102156 0.493346
0.211242 0.0880955 0.510078
-0.0724867 -0.0497048 0.521541
-0.134577 0.0823926 0.516597
-0.140783 0.0689099 0.547045
-0.0465224 0.0962964 0.500848
-0.0964093 -0.0608388 0.539234
-0.10546 -0.0893485 0.539275
-0.0808939 0.0979202 0.471018
-0.030812 0.000608725 0.48398
0.0246412 0.142369 0.653224
-0.0656576 0.134738 0.490012
-0.0926832 0.0999116 0.473265
0.0449802 0.118054 0.596141
-0.0628497 0.0450264 0.480485
-0.0972927 0.0174419 0.522493
0.133399 0.0647536 0.851931
-0.0604492 0.0122083 0.490864
-0.0626205 0.106378 0.479033
0.233009 0.0987376 0.534689
-0.068237 0.0420098 0.510464
0.02885 0.0316492 0.623053
-0.0642539 0.115633 0.472074
-0.0591493 -0.0794618 0.525914
-0.106648 0.0247216 0.520117
-0.0626021 -0.0766549 0.507661
-0.0872635 0.073991 0.489072
0.300902 -0.388275 1.75655
0.264711 -0.345209 2.12832
-0.0593091 0.0133184 0.523415
0.267119 -0.371989 1.67439
0.299415 0.0041532 1.62956
0.348349 0.0545615 1.33847
0.0257245 0.152782 0.689083
-0.0604604 0.107033 0.473402
-0.0666849 0.0417441 0.493217
-0.0616335 -0.0788547 0.515856
-0.0321586 0.106781 0.480538
-0.0737954 -0.0523699 0.530808
-0.110386 0.022165 0.522749
-0.0568201 0.090844 0.500304
-0.0523335 0.0176519 0.4855
-0.095054 0.0429191 0.474831
-0.0387775 0.0753501 0.509884
-0.0726851 -0.0987029 0.539719
-0.128064 0.113172 0.532992
-0.0478469 0.00980618 0.535051
0.0210331 0.0187923 0.610063
-0.118147 0.0675122 0.534701
-0.053369 0.114384 0.446048
-0.0529888 -0.0935503 0.523062
0.220409 0.0991987 0.431226
-0.0360713 -0.0194004 0.527553
-0.168726 0.160204 0.836775
-0.0548866 0.0897691 0.511726
-0.0380978 0.078061 0.505389
0.0306927 -0.12634 0.621179
-0.105837 0.0580303 0.511671
-0.045567 0.0134305 0.683747
0.0201879 0.0881947 0.451047
-0.0909725 0.134046 0.545444
-0.111048 -0.0895293 0.536212
0.147825 0.0757529 0.507326
0.0147833 0.00738097 0.619978
0.481568 -0.127217 1.29475
0.478891 -0.0437545 1.28354
0.588304 -0.218729 1.12074
0.477655 -0.0330833 1.31388
0.601479 -0.0670152 1.09126
0.64446 -0.19169 1.09133
0.528868 -0.171703 1.23797
0.479912 -0.353729 1.37295
0.51539 -0.14843 1.26904
0.585648 -0.146828 1.14651
0.41629 -0.323795 1.46108
-0.0285832 0.0933888 0.532349
0.297201 -0.265919 1.57912
0.614808 -0.290095 1.15536
0.660886 -0.321891 1.11326
0.644321 -0.164847 1.09369
0.592553 -0.150881 1.15556
0.554773 -0.184183 1.19802
0.529368 -0.27835 1.27026
0.437216 -0.464945 1.45854
0.531745 -0.279566 1.27525
0.471282 -0.0420319 1.26641
0.204398 0.0778573 0.543088
0.60416 -0.216749 1.09486
0.566154 -0.230501 1.21438
0.00356878 0.238678 1.05687
0.544556 -0.125925 1.21672
0.469552 -0.349423 1.39432
-0.0818474 0.0630475 0.554079
0.638342 -0.264917 1.09754
-0.0373308 0.0425195 0.311148
-0.0788042 0.0639056 0.548014
0.634657 -0.349121 1.15441
0.648039 -0.323882 1.17071
-0.127386 -0.0997503 0.571424
0.00345307 0.240158 1.06185
0.629971 -0.196772 1.11798
-0.172293 0.0150917 0.558138
0.115136 0.115836 0.456121
0.530403 -0.602241 1.54812
-0.156345 0.0926354 0.53284
0.113446 0.115746 0.451231
-0.924344 -0.386982 1.89668
0.303462 -0.457099 1.66311
-0.915122 -0.400829 1.8654
-0.155586 0.00563464 0.531458
-0.031148 0.119378 0.363051
0.251204 -0.11926 1.40593
-0.0927032 -0.0796804 0.542576
0.00195657 0.125929 0.302617
-0.0443091 0.0912775 0.115326
0.00389375 0.126299 0.308654
-0.110408 0.110657 0.109872
-0.00436547 0.134363 0.303303
-0.0723054 0.104104 0.0953793
-0.150258 0.0273321 0.477857
0.17968 -0.212579 0.95464
0.501635 -0.0898436 1.23137
0.450414 -0.308176 1.41002
0.260669 -0.0115844 1.6923
0.136416 -0.410746 1.89634
0.166981 -0.266831 1.89749
0.409428 -0.165175 1.39226
0.228348 -0.0664942 1.79713
-0.29029 -0.0115321 0.477291
0.498575 -0.358685 1.46354
0.239963 -0.5993 1.81685
0.553253 -0.0777468 1.20848
-0.0865865 0.0906267 0.122618
-0.0663761 0.0946238 0.0817724
0.130941 0.0803523 0.557802
-0.121533 0.115708 0.227026
-1.04956 -0.108119 1.88124
0.00619085 0.037965 0.600839
-0.118544 0.116785 0.185012
-0.127698 0.0937851 0.202122
-0.124808 0.0262775 1.24874
-0.0850824 0.108619 0.240906
-0.11789 0.116648 0.182749
0.513623 -0.415469 1.30493
-0.126567 0.0649392 0.390088
-0.0918479 0.0764087 0.297937
-0.122693 0.109371 0.18431
0.640092 -0.163493 1.09178
-0.132219 0.123257 0.236821
-0.116943 0.107951 0.166332
-0.0907789 0.07782 0.283974
-0.0999572 0.119399 0.359723
-0.117526 0.108837 0.1765
-0.0608495 0.0641951 0.509175
-0.944309 -0.0926739 1.90899
0.428214 -0.17782 1.44649
0.0590989 0.142487 0.437573
0.444108 -0.503656 1.50048
-0.10131 0.0410415 0.359842
0.208242 0.0828792 0.52675
-0.0866245 0.097583 0.0940577
-0.0866715 0.0976161 0.0941518
-0.115955 0.0978903 0.285363
0.647177 -0.149808 1.06881
-0.185926 0.486898 2.61586
0.797013 -0.498094 1.21362
0.29098 -0.564712 1.69259
0.02831 -0.0529058 0.35101
0.501603 -0.160306 1.32108
0.55018 -0.212166 1.21253
-0.176793 0.0144692 0.807261
0.00714664 -0.0957929 0.555129
0.583389 -0.218193 1.18297
0.661579 -0.267928 1.11537
-0.128056 0.114889 0.197757
-0.10829 0.0805042 0.244154
-0.121389 0.0983432 0.156898
-0.0871266 0.0927007 0.209712
-0.93851 -0.196673 1.7034
0.270794 -0.0192004 0.836804
0.107174 0.0218647 0.317423
-0.0844175 -0.0174396 0.487414
-0.130713 -0.0163772 0.496818
-0.0925983 0.0503175 0.211402
-0.0802738 -0.0564114 0.554254
-0.0904921 0.104879 0.135066
0.112442 0.115887 0.428508
0.196657 0.0727217 0.381037
0.570657 -0.116524 1.09718
0.48561 -0.0705767 1.27714
0.443264 -0.121533 1.17783
-0.0441569 0.0926763 0.125457
0.21693 -0.16134 0.594795
0.422835 0.0283321 0.647332
0.298409 -0.285265 1.67496
0.210732 -0.245017 1.42955
-0.0783275 0.103022 0.0723089
0.579912 -0.568704 1.42083
0.556723 -0.408413 1.33361
-0.0299244 0.103979 0.523307
0.30765 -0.58485 1.75455
0.561334 -0.446841 1.38688
-0.812353 -0.441675 2.15927
-0.83623 -0.460382 2.23151
0.398779 -0.185927 1.42377
-0.251866 0.160843 0.454717
-0.105732 0.0137206 0.512436
-0.120072 0.175665 0.571395
0.373208 -0.0490227 1.36538
0.343988 -0.29785 1.54984
-0.0984897 0.0746188 0.116888
0.0198529 0.119567 0.562594
-0.102775 -0.00434028 0.305777
0.0137033 0.128487 0.583328
0.597132 -0.276171 1.15395
0.571155 -0.479665 1.3705
-0.0536678 0.0746261 0.431058
0.315397 -0.0702431 1.32808
-0.090344 0.0771901 0.195462
-0.0851765 0.0566079 0.232334
0.417499 0.0302506 1.02359
-0.0869338 0.107125 0.258557
-0.0228999 0.0823446 0.401989
0.130281 0.108818 0.30729
0.231966 0.0886059 0.536595
0.151691 0.109903 0.330888
-0.0919572 0.0997937 0.0817507
-0.807709 -0.998794 3.95216
0.180045 -0.40411 1.83122
0.289459 -0.436229 1.74058
0.313839 -0.507816 1.69515
0.494469 -0.152695 1.25927
0.153467 -0.219487 1.69049
0.209417 0.0808928 0.553135
0.209873 0.0794904 0.543496
-0.00723072 -0.445535 2.09085
0.391646 -0.487281 1.65977
0.588127 -0.207802 1.15294
0.040552 -0.727419 3.14651
0.55597 -0.389449 1.21465
0.281986 -0.137066 1.59986
0.325125 -0.598073 1.72783
-0.197085 0.280487 0.926189
0.137225 -0.371758 1.93357
-0.0632857 -0.0302602 0.377957
0.56101 -0.105724 1.13319
0.536887 -0.120558 1.1899
0.418769 -0.325984 1.45076
0.431368 -0.0859183 1.40335
0.272287 -0.331734 1.74331
0.503049 -0.157495 1.28121
0.541797 -0.0646921 1.15646
0.163497 -0.282169 1.93031
0.606716 -0.307057 1.14087
0.264199 -0.307644 1.6695
0.154786 0.10077 0.503801
0.229751 0.0245602 1.63121
-0.25249 -0.762363 2.61277
0.601458 -0.326955 1.29687
-0.813587 -1.39475 4.00891
-1.77315 -1.69186 5.05662
0.381473 -0.208224 1.43532
-0.786036 -0.919321 3.71722
0.262188 -0.356789 1.57243
0.106877 -0.700942 2.11654
0.570496 -0.149865 1.13563
0.172814 -0.400256 1.82442
0.227631 -0.254172 1.49715
0.261653 -0.287899 1.62014
0.357195 -0.553957 1.62755
0.59622 -0.164841 1.1613
-0.111377 0.0165126 0.497633
0.613049 -0.295024 1.16442
0.4149 -0.485745 1.73376
0.556749 -0.0928024 1.1202
0.206609 -0.0582432 1.70275
0.49195 -0.138593 1.25126
0.132733 -0.307856 1.52198
0.21581 -0.285885 1.81201
-0.119359 0.029331 0.744845
0.206523 -0.231747 1.37946
0.0996863 -0.687922 2.08146
0.371952 -0.526472 1.59558
0.574371 -0.0906144 1.14417
0.60605 -0.362796 1.15297
0.223017 -0.0528784 1.71889
0.245584 0.0233359 1.73809
0.251635 -0.668799 1.79113
0.532786 -0.383074 1.2795
0.548961 -0.344102 1.28991
0.106861 0.110705 0.486414
0.180916 0.115331 0.391095
-0.149744 0.157734 0.540358
