-0.026883 -0.0935786 0.734052
-0.0242613 0.10482 0.94209
0.193961 -0.0109645 1.14346
-1.03925 -0.166556 1.8245
0.237182 -0.0427996 1.15472
0.169106 -0.0781208 1.21095
-0.509679 0.210263 1.00944
0.332932 -0.0263201 1.06787
0.0566675 0.0711329 1.05315
0.303891 -0.0694143 1.14207
-0.0576026 -0.0578459 0.812787
-0.495427 0.168048 0.910405
-0.0276332 0.0670031 0.895909
0.311774 0.054598 1.03541
0.113902 0.0792886 1.02568
-1.01818 -0.172892 1.80069
0.271424 -0.0873671 1.17001
0.215792 -0.10847 1.29052
-0.812188 0.00615761 1.39655
0.147613 -0.0185116 1.00073
0.172734 -0.0796773 1.26562
-0.522434 0.244353 0.840858
-0.0166209 0.103968 0.95889
0.096836 0.104447 0.956981
0.0819864 0.0728155 0.920577
-0.803613 0.0783614 1.37136
0.290166 0.0236832 1.085
-0.427281 -0.215936 1.36001
-0.358013 -0.183937 1.42463
-0.888706 -0.0859489 1.35507
0.28636 0.0408804 0.98112
-0.625927 0.217026 0.992708
-0.0384187 -0.0714442 0.333384
-0.0357379 0.0346685 0.91462
0.30601 -0.0697808 1.14942
0.0656791 -0.0651335 0.958445
-0.447301 -0.214064 1.7052
-0.053537 -0.101554 0.794842
-0.0134757 0.0985977 0.926113
-0.813057 -0.10577 1.42793
0.105684 -0.11587 0.36476
0.29207 0.0196066 1.1049
-0.455857 -0.0572382 1.23664
0.0657632 -0.0636436 0.971062
0.226903 -0.0669058 1.17919
-0.0542161 -0.0294854 0.926397
-0.013732 -0.0496374 0.916232
-0.0827691 -0.107368 0.757197
-0.247914 0.0496639 1.01487
0.041511 -0.0504244 0.905278
0.206158 -0.114348 1.28264
-0.10682 0.134396 0.998485
0.117112 -0.0457367 1.06031
-0.149236 0.0606176 0.776452
-0.150001 0.0610156 0.780743
-0.0594065 -0.0583293 0.831709
-0.0199877 -0.0230052 0.226242
0.0979999 0.0836794 0.925328
-0.0545601 0.0352832 0.938671
0.251536 -0.0822176 1.10219
-0.579634 0.205708 1.01349
-0.0335717 -0.0320831 0.221472
-0.0463177 -0.121568 0.787794
-1.0183 -0.131845 1.67827
-0.065646 -0.12396 0.790196
0.221107 0.0602829 1.0333
-0.0641336 -0.0598921 0.841542
0.0949832 -0.0237638 0.917685
-0.0200755 0.108731 0.946409
-0.371629 0.184736 0.931083
-0.596142 0.133424 1.00601
-0.0118906 -0.0561281 0.191552
-0.577136 0.204986 1.00928
0.206679 -0.0525364 1.1832
-0.0799606 -0.0743916 0.799973
-0.0599286 -0.138378 0.745206
-0.482365 0.202457 0.89178
-0.205368 -0.0147728 0.354372
-0.423282 -0.161814 0.830859
-0.149295 -0.0833484 0.747874
0.168162 0.00313186 1.17219
-0.0842234 -0.0519756 0.81618
-0.0385765 0.034925 0.927467
-0.536498 0.23859 0.788967
0.188327 0.0527628 1.04441
0.0392597 0.122879 0.847199
0.0113122 -0.0223357 0.813249
0.191374 -0.0868538 1.09363
0.0385888 0.123133 0.847519
-0.438941 -0.159802 1.3913
-0.435967 -0.17333 1.16695
-1.03679 -0.0378757 1.39594
-0.74245 -0.650021 2.16252
0.0144377 -0.168329 0.706439
-0.0958149 -0.151331 0.764261
-0.423631 0.258282 0.996715
-0.028091 -0.0451602 0.54868
0.00320798 0.0709527 0.795061
-0.025368 0.047064 0.935607
0.0353547 -0.0910965 0.997192
-0.436232 -0.173773 1.16557
0.155598 -0.000515407 1.0571
-0.496405 0.16375 1.26416
-0.522851 -0.121199 1.35433
-0.457174 -0.177753 1.21001
-0.465641 0.150052 1.23235
0.356994 -0.0298536 1.2365
-0.375839 0.218902 1.50997
0.00564807 -0.178563 1.15844
0.0032317 -0.185991 1.20792
0.0339226 0.0784071 0.923796
0.214594 -0.103444 1.26386
0.0840904 0.138072 0.978935
0.356746 -0.0336917 1.22909
-0.811893 -0.179877 1.05637
0.169585 -0.00984554 1.15719
0.156958 -0.0677091 1.34239
0.314622 -0.0581492 1.16325
-0.419528 0.193035 1.32922
-0.388844 0.229661 1.56227
-0.045559 -0.136826 0.757273
0.0336814 0.0783755 0.923628
0.179559 0.0608205 1.07707
-0.547796 0.0251456 1.32635
-0.00179976 -0.0624908 0.285533
-0.546732 -0.133654 1.51864
-0.782224 0.0603711 1.08259
0.0249997 -0.13132 0.565734
-0.255393 0.0616079 1.06775
0.057642 0.0589748 0.772128
0.0567706 -0.18276 0.932132
-0.281784 0.108623 0.716609
0.0755859 -0.0627143 1.00779
0.100484 0.0133907 0.831487
0.269487 0.0834591 0.661789
-0.26029 0.122787 0.79772
0.111337 0.0779193 0.878068
-0.298235 0.207317 1.05948
0.259183 0.0759245 0.77788
0.258318 0.165656 0.943534
0.240216 0.105008 0.898117
-0.46363 -0.103406 1.53882
-0.629324 -0.185265 1.44621
-0.523799 -0.19097 1.34654
-1.02192 -0.140223 1.62177
-0.0441635 -0.0670521 0.807547
-0.433511 -0.160564 1.44234
-0.616452 -0.15625 1.4962
-0.613918 -0.128062 1.50878
-0.0609489 -0.0814358 0.78516
-0.0724834 -0.110057 0.775972
-0.518265 -0.125827 1.44082
-0.0479433 -0.101726 0.831061
-0.595077 -0.226989 1.46269
-0.956665 -0.14281 1.68065
-0.0335285 -0.139218 0.75056
-0.382826 -0.213221 1.53896
-0.0872722 -0.237351 0.871619
-0.456108 -0.252484 1.49676
-0.199478 -0.0368316 1.00196
-0.360526 -0.127694 1.49208
-0.411189 0.190209 0.916946
-0.420806 0.181281 0.902917
-0.46836 0.263239 0.773019
-0.479516 0.275548 0.772906
-0.0121907 0.254589 0.947056
-0.53344 0.232516 0.828054
-0.385636 0.273953 1.18839
0.0189075 0.184935 0.975754
-0.036696 0.0721532 0.935857
0.052465 0.162718 1.02853
-0.196311 0.0887856 1.05653
-0.172296 -0.0740913 1.27425
-0.0883675 -0.0426722 0.878831
-0.0986385 -0.177221 0.778086
-0.0224033 0.0190571 0.747846
-0.224676 0.194191 1.00916
-0.366615 0.0806035 1.11709
-0.023536 0.0982688 0.952657
-0.642573 -0.16454 1.38379
-0.413639 0.180587 0.903051
0.000179408 -0.142613 0.85581
0.00858126 -0.0685346 0.68025
-0.0497872 -0.0316467 0.912729
-0.173122 0.0784741 0.969167
0.170237 0.0190846 0.669827
0.118491 0.0753724 1.13697
-0.0744032 0.161954 0.903008
-0.0824672 -0.0420154 0.83635
-0.155013 0.123483 1.05419
0.0292538 0.169517 1.11135
-0.371146 0.0562625 1.29649
-0.0899327 -0.0701479 0.814287
0.169116 0.158776 0.997453
-0.42551 0.153585 0.969088
-0.393335 -0.187879 0.714812
-0.198228 0.171279 1.00381
-0.253687 0.0611841 1.05335
-0.0631387 -0.106777 0.741595
-0.365309 0.160092 1.00266
-0.0925693 -0.0725893 0.820566
-0.0139633 0.0458783 0.912598
-0.254883 0.233276 1.06148
0.00280475 0.218607 0.972507
-0.145707 0.117388 1.0086
0.0414928 -0.0510954 0.966697
-0.0372528 0.0759979 0.927143
-0.18963 -0.0317529 0.952942
-0.303556 0.0662414 0.958189
-0.20424 0.175582 1.01601
-0.443485 0.175347 0.897403
-0.204689 0.044139 1.00473
0.248112 0.0203162 1.15021
-0.240519 0.224702 0.911486
0.00909235 0.0805391 0.957223
-0.359598 0.215371 0.860646
-0.39687 0.149593 0.936235
-0.0904836 -0.0450799 0.830312
-0.110184 -0.170321 0.837215
0.187214 0.133168 0.608515
0.0029591 -0.123539 0.777348
-0.0692857 -0.110125 0.787305
-0.0112452 0.0533789 0.974779
-0.496428 0.181176 0.803584
-0.0719689 -0.145 0.765247
-0.0487747 0.0528336 0.908805
-0.00204526 -0.132711 0.85631
-0.065077 -0.0282742 0.814781
0.048468 0.0139232 0.790936
-0.294058 0.128852 0.984642
-0.403498 0.312499 1.43846
-0.208072 0.152994 1.03121
0.00386999 -0.0772044 0.76123
-0.177602 0.133862 0.942184
0.0282043 0.239032 1.09201
0.00628089 -0.0748933 0.772597
-0.00623981 -0.0864298 0.936714
-0.0338697 0.0140115 0.793686
-0.469099 0.199614 0.996909
-0.526736 0.199076 0.912445
-0.34272 0.218679 0.790501
-0.436502 0.234514 0.841377
0.000439224 0.0503666 0.914628
0.011258 0.158654 1.01269
-0.442755 0.190038 0.842576
-0.362242 0.221718 0.853785
-0.0883609 -0.0718636 0.80325
-0.228695 0.169515 1.13054
0.00334691 0.0994876 1.07966
-0.0164786 0.0457266 0.91922
0.0192271 0.216441 1.21912
-0.409521 0.181352 0.900388
0.13078 0.128635 0.872367
-0.522286 0.208076 0.822534
-0.537751 0.1579 0.849541
-0.207987 0.180814 1.02306
-0.0892025 0.181579 0.986279
-0.380112 0.213723 0.851432
-0.0429073 0.013182 0.909563
0.00623853 0.219588 0.971335
0.0768685 -0.0507819 0.910511
-0.191962 -0.0333909 0.957071
-0.429238 0.217142 0.832703
0.218074 0.137208 0.97167
-0.0903245 -0.0734826 0.811613
-0.524511 0.2008 0.81116
0.0300744 0.225093 1.05236
-0.205598 0.177779 1.00868
0.206958 -0.0062674 0.804692
-0.276468 0.253668 1.0354
-0.0610755 -0.0956264 0.770115
-0.0491809 0.156284 1.09546
-0.354614 0.216087 0.839391
-0.382681 0.210475 0.880594
-0.0111152 0.0876692 0.915284
-0.275529 0.211397 1.01135
-0.45985 0.195091 0.871354
-0.184415 0.0874128 1.02922
-0.470975 0.225998 0.828657
-0.307691 -0.211336 1.4464
-0.534782 0.152907 0.841033
-0.0314048 -0.12982 0.696125
-0.0725495 0.0702065 1.12986
-0.0883397 0.181466 0.98278
-0.246829 0.0283653 0.937244
-0.408479 0.180604 0.89941
-0.0670903 -0.107705 0.755496
-0.228005 0.0449877 1.09895
0.00349881 -0.0816423 0.792604
-0.514429 0.119292 0.79451
0.0513792 0.0644859 0.814202
-0.414749 0.225324 0.806734
-0.381965 0.142938 0.910939
0.0775744 0.0891552 0.890599
0.0215217 0.178856 1.03081
-0.0758791 -0.135553 0.678907
0.0503863 0.0321398 0.827311
0.0195752 0.116989 1.17502
0.104603 0.0919877 0.923784
-0.394428 0.236788 0.779163
-0.429546 0.30747 1.33298
0.142505 -0.188379 1.4377
-0.00148304 -0.0935607 0.965162
-0.225684 0.173993 1.13364
-0.240398 0.224744 1.0354
-0.361242 0.216341 1.47484
0.172629 -0.0847801 1.43407
0.0554981 0.00697946 0.864823
0.0315418 0.213645 1.01943
0.232177 0.0825669 1.07183
0.139 0.140911 0.926068
0.0406329 0.121944 0.977226
0.268624 0.053504 1.0998
0.450879 0.24217 0.923079
0.10444 0.0921467 0.919503
0.208582 -0.0352774 1.23149
0.32386 0.0843341 0.970624
0.296414 0.011271 1.17217
0.221242 -0.00521478 1.32257
0.442614 0.20343 0.882883
0.289052 -0.0888961 1.38898
0.397004 0.00364889 1.1524
0.141347 0.0220283 1.09354
0.0942665 0.0650502 0.900548
-0.522771 0.207149 0.818962
-0.021326 0.0508433 0.938822
0.242474 0.224025 0.863106
-0.519996 0.155046 0.798097
0.373059 0.10996 0.903109
-0.455839 0.185789 0.872395
-0.130924 0.182887 0.926688
0.314055 0.000457615 1.07161
0.0820213 0.0949493 0.910597
0.356491 -0.102311 1.54055
0.204556 -0.00951622 1.01427
-0.501819 0.217487 0.947383
0.0107486 0.220673 0.960974
0.203362 0.0726304 1.12562
-0.0146433 0.0946539 0.964888
0.167894 0.0632234 1.00888
-0.487193 0.229617 0.858736
0.167267 -0.0780895 1.24889
0.322571 -0.0706019 1.36275
0.296686 0.139203 0.913507
0.107823 0.0603962 0.919054
0.105106 0.0548873 0.869726
0.464945 0.220562 0.854705
0.467352 0.0667468 0.930473
0.319374 0.0302671 1.11869
0.312294 0.0731011 1.04819
0.218192 0.138933 0.98091
0.0608313 0.0767029 0.957492
-0.079437 0.146362 1.00414
0.07827 -0.0474938 0.930781
-0.513779 0.195912 0.830806
0.493961 0.206377 1.07551
0.41577 0.15261 0.926704
0.472652 0.144945 0.959757
-0.481115 0.223774 1.58909
-0.223229 -0.0045266 0.923643
-0.196203 0.0373677 0.996301
-0.477029 0.227116 1.51582
-0.522857 0.123507 0.801122
0.426854 0.18022 0.910146
0.204271 0.0796943 1.02244
0.0509591 0.0437492 0.913371
0.31822 0.101529 0.971575
-0.0671965 0.158379 0.949222
-0.44945 0.253871 1.52813
-0.129624 0.113591 0.953998
-0.417248 0.315938 1.32882
-0.481831 -0.303846 1.65696
0.45951 0.197503 0.83967
-0.419157 -0.155624 1.32168
-0.912897 -0.162479 1.43652
-0.188942 0.161394 0.984316
-0.393093 -0.18374 1.45561
-0.445283 -0.161692 1.46236
0.257797 0.115814 0.978371
-0.980596 -0.146638 1.54447
0.41064 0.0110633 0.936522
0.133737 0.133554 0.886783
-0.0711088 -0.0574462 0.800319
0.282917 0.117607 0.930307
-0.0595031 -0.072923 0.78923
0.206501 0.0815532 1.03878
0.244543 0.157298 0.886416
0.144868 -0.176821 1.40465
-0.828659 -0.149091 1.566
0.238825 -0.0320214 1.20354
-0.275893 0.0392199 1.04836
-0.703071 0.0616496 1.29902
-0.434326 0.179502 1.56919
0.306179 0.0882034 1.03969
-0.335671 -0.242697 1.59803
-0.435797 -0.16183 1.44525
-0.424254 0.321671 1.34761
-0.274863 0.0305092 1.0363
-0.796419 -0.143737 1.51318
-1.05117 -0.252178 1.60216
0.068578 0.294312 0.996311
-0.551279 -0.157373 1.49387
0.313237 -0.0650459 1.20268
0.181939 -0.0576748 0.966448
-0.280989 -0.0181892 1.08199
0.167573 -0.204842 1.61802
0.253945 -0.0441772 1.11895
-1.09201 -0.438412 1.74859
-0.592906 -0.13323 1.47574
-0.0244095 -0.0925006 0.902071
-0.237487 0.0256192 0.95885
-0.978261 -0.323873 1.60305
0.32909 0.0748025 1.07101
0.0758248 -0.383393 1.97644
0.259638 0.00765396 1.07678
-0.405073 -0.212496 1.5203
0.102202 0.0553839 0.839829
-0.872514 -0.154298 1.61603
-0.525772 -0.484825 1.78586
0.341279 0.00970674 0.921336
0.141847 -0.176448 1.35263
0.289595 0.0274189 1.04036
0.278969 0.102224 1.30197
-0.430805 0.209509 0.905403
0.0176047 0.150886 0.99327
0.118216 -0.0481483 1.0709
-0.279946 0.026877 1.05325
0.199952 0.0782799 1.01182
-0.0701846 -0.142984 0.761916
0.30351 0.012751 0.890696
0.212663 0.0249381 1.1025
-0.857189 -0.15407 1.60965
-0.443713 0.215973 0.92245
-0.155623 0.127611 1.04704
0.29769 0.0847061 1.00094
0.353955 -0.00681825 1.10039
0.357946 0.0557284 0.849878
0.297667 0.026962 1.05523
-0.962204 -0.326088 1.57154
-0.0254326 -0.138142 0.731264
0.356366 0.0635284 0.965133
-0.452517 0.221641 0.881221
0.397713 0.095767 0.921248
0.207103 0.0821674 1.04963
0.378983 0.0688555 0.86074
0.012121 0.072064 0.917369
0.375913 0.029067 0.901709
0.203378 0.0795735 1.02658
-0.401375 -0.198636 1.49144
0.166341 -0.0724127 1.43872
-0.0844701 -0.051026 0.811717
0.377254 0.0569566 0.87687
0.0873134 0.0227753 0.955677
0.0115702 0.0706084 0.907157
0.394168 0.033047 1.00619
-0.909713 -0.15903 1.69998
-0.133943 0.055615 0.643704
-0.878681 -0.115508 1.44519
-0.652284 -0.36873 1.43873
-0.279089 -0.520883 1.83686
0.315856 -0.00210193 1.086
0.237882 -0.0732713 1.12226
0.301347 -0.0249144 1.12066
-0.063704 0.160624 0.954836
-0.0895532 0.178983 0.963756
0.109721 0.156879 0.920387
-1.06398 -0.295988 1.4664
-0.519644 0.324361 1.3743
-0.536555 0.158464 0.817787
-0.517849 0.243947 1.347
-0.853569 0.268212 1.41916
-0.906545 0.0750633 1.23565
0.32701 -6.3438e-05 1.12231
-0.516567 0.249485 1.64384
-0.870332 0.272364 1.44317
-0.420771 0.13693 1.11486
-0.892009 -0.0379119 1.21521
-0.403263 0.224882 0.864448
-0.66249 0.22106 1.407
-1.07268 -0.296699 1.4763
-0.424334 0.30869 1.30977
0.0779442 0.0662263 0.879029
-0.953642 -0.215021 1.35884
-0.653165 0.0550125 1.21976
-0.191231 0.0377013 0.987393
-0.693692 0.0253203 1.2924
-0.910142 0.0748259 1.24785
-1.02677 -0.286007 1.42521
-0.469067 0.264453 0.775884
-0.695566 0.157242 1.41859
-1.10468 0.188362 1.51338
-0.535142 0.33372 1.40906
-1.05374 -0.29359 1.45041
-0.807002 -0.0438201 1.26496
-0.858887 0.0618264 1.23315
-0.323516 -0.587026 2.06666
-0.0217478 0.0516605 0.961404
0.0202146 0.142721 0.957445
0.244105 0.0033168 1.1137
0.339717 0.0243203 0.942791
-0.0506631 -0.0293079 0.90954
0.20112 0.0834871 0.930306
0.293336 0.1456 0.927615
0.391263 0.0597752 0.910736
0.384239 0.0750086 0.911297
-0.446986 0.173386 0.903366
0.329988 0.0868367 0.991204
-0.908149 -0.120602 1.4955
0.356546 0.108174 0.9172
0.320879 0.116168 0.963164
0.372633 0.0851665 0.856238
-0.732324 0.0776668 1.19352
-0.707351 0.163863 1.5326
0.189003 0.0235556 1.16105
-0.188938 0.125928 0.878524
0.357346 -0.218804 1.13076
0.384986 0.0701693 0.871074
-0.517999 -0.140002 1.43725
0.265363 0.175353 0.973279
-0.852128 0.197207 1.44334
-0.824263 0.191265 1.39626
-0.722888 0.0753677 1.17779
-0.0880042 -0.153485 0.774821
-0.723193 0.167418 1.5654
-0.506462 0.260654 0.806486
0.338009 0.0726959 0.895009
-0.616585 -0.75741 2.32804
0.373774 -0.0350108 1.14066
-0.431124 0.217552 0.836174
0.403111 0.0664648 0.957121
0.289052 -0.31744 0.996528
0.258826 -0.246981 1.57314
0.0851853 -0.573963 2.19541
0.245457 0.00665699 1.10364
0.165114 -0.0378455 0.71839
0.110064 0.142025 0.855147
0.298545 0.0323987 1.09132
-0.452716 0.179536 0.954047
0.31345 -0.00264527 1.08143
-0.827242 -0.122581 1.70628
0.245279 -0.231169 1.49023
0.214346 0.134549 0.96045
0.337834 -0.0680479 1.24348
0.261296 0.0586386 1.1286
-1.05012 -0.418093 1.68067
0.191006 0.103904 1.05203
-0.0644061 -0.053235 0.740603
0.197168 0.0578056 1.07493
-0.412133 0.18133 0.907447
0.259963 0.0519853 1.0819
0.128824 -0.046348 1.02565
0.292797 -0.0264067 1.09221
0.255028 0.164698 0.930708
0.0237064 0.149242 1.007
-0.327095 -0.00874967 0.844745
-0.911962 -0.12077 1.50044
0.0512435 -0.0766912 0.960014
-0.0407831 -0.0878089 0.759904
-0.0264061 -0.140808 0.752356
-0.00102201 0.179872 0.979042
-0.363746 0.191047 0.912216
0.142648 -0.304097 1.58447
-0.188971 0.0276205 0.964651
-0.0757963 -0.0558588 0.837062
0.340464 0.0208802 1.04012
-0.932085 -0.154207 1.65864
-0.0435062 0.0455876 0.879415
-0.391563 0.313088 1.34224
0.050391 -0.0758539 0.952647
0.254885 0.0489169 1.04183
0.193179 -0.0339497 1.19702
0.145405 -0.306818 1.60516
-0.140098 -0.106237 0.831501
-0.528219 0.203519 0.90902
-0.368752 -0.00887935 0.930215
-0.484896 0.180865 0.857149
-0.354773 0.21785 0.930596
0.17411 0.0901522 0.747839
-0.536581 0.174211 0.812953
-0.922667 -0.455963 1.70006
-0.985993 -0.153899 1.55077
0.0749866 0.0672002 0.897785
-0.020567 0.0431891 0.957869
-0.410733 0.29691 1.26945
-0.986541 -0.0734267 1.45237
-0.977313 -0.269153 1.36467
-0.573017 0.143299 0.848365
-0.535246 -0.312653 1.73264
-0.507306 0.200748 0.798805
-0.388265 0.148755 0.809111
-0.415587 0.178165 0.893418
-0.354258 0.218448 0.846744
0.222308 0.222775 0.838205
-0.0543827 0.0358674 0.930953
0.232371 0.22214 0.853744
-0.263103 0.0288666 0.983007
-0.0426741 0.146253 0.988635
0.0787846 -0.0596197 0.936991
-0.0151079 0.0508934 0.961501
-0.036642 -0.0960068 0.786511
-0.0948071 -0.0744803 0.881038
0.0623763 0.120812 0.970498
0.0494064 -0.0852951 1.00779
-0.0549943 -0.12271 0.601073
0.079359 0.112254 0.943878
-0.510888 -0.453876 1.78479
0.0120299 0.078455 0.941763
-0.47438 -0.42396 1.67511
-0.0432571 -0.0274572 0.796706
0.148623 -0.0327617 0.961
-0.0842769 -0.0365294 0.857644
-0.0992664 -0.180149 0.768084
-0.255122 -0.0180456 1.00889
0.247006 0.0550585 1.05057
0.222296 -0.0197586 1.14091
0.102435 -0.0256756 0.916952
0.174601 0.0461319 0.825776
-0.0532889 -0.145485 0.814304
0.214023 0.0566151 0.989985
0.0771421 0.0733043 0.953812
-0.300879 0.0656993 0.942971
-0.617228 -0.140108 1.51018
0.257731 -0.0786974 1.19768
0.312165 0.0230518 0.969391
0.17323 -0.0788216 1.21409
0.0814015 0.111717 0.973091
0.0685988 -0.0608424 0.925242
-0.443295 -0.16254 1.42741
0.308127 0.0686099 1.04798
0.337297 0.0261021 0.928553
-0.961645 -0.323258 1.57451
-0.719509 0.0623206 1.32505
0.0219663 0.161903 1.01942
0.138795 -0.169082 1.34754
0.302864 0.0648048 1.0139
0.203734 -0.0917675 1.19064
0.1256 0.0909906 0.923724
0.324564 0.0556054 0.875923
0.332646 0.0232764 1.02609
0.0123622 0.129959 0.971567
-0.101941 -0.162084 0.81168
-0.278192 0.0552646 1.10891
-0.0113627 0.09916 0.933999
-0.43647 0.223392 0.852039
0.280043 -0.00205593 1.06744
0.443774 0.0973448 0.905294
0.217906 -0.0623049 1.22192
0.396436 -0.0194967 1.01622
-0.95817 -0.326072 1.56819
-0.913199 -0.0714834 1.36279
0.290824 0.0280835 1.03433
0.419434 0.142185 0.916594
0.145429 0.138995 0.973949
0.237194 -0.0751707 1.15277
0.201734 0.0600074 1.1147
-0.603454 -0.131524 1.53283
-0.0848063 -0.108808 0.768897
-0.0709573 -0.0762555 0.811677
-0.0359576 -0.200738 0.712968
0.218755 -0.0772947 1.27062
0.368037 0.0947343 0.906923
0.347891 0.1252 0.863864
0.167402 -0.031704 1.16757
-0.0461026 -0.102209 0.817765
-0.086108 0.152858 1.05169
-0.0606105 -0.145161 0.748646
0.433374 0.160521 0.966149
-0.370437 -0.209159 1.51653
-0.892746 -0.555558 1.84347
-0.725057 0.10157 1.35747
-0.266779 0.0304149 0.993915
0.192195 0.0547301 1.06079
0.212462 -0.0788132 1.22744
-0.104881 -0.125176 0.775248
-0.0774496 -0.108987 0.805725
-0.656539 -0.179865 1.47563
0.371066 0.135125 0.924193
-0.980731 -0.239886 1.62751
-0.350681 0.212725 0.920168
-0.432165 -0.126938 1.51479
0.13686 0.100384 0.995259
-0.509187 0.261742 0.808619
-0.472983 0.230695 0.834318
0.252704 0.106368 0.933094
-0.0450652 -0.0678654 0.812866
-0.507104 -0.171637 1.62299
-0.547842 0.13227 0.807231
0.0229197 0.156571 0.977214
0.02674 0.0789045 0.927715
-0.506705 0.18181 0.823531
-0.970598 -0.161401 1.47603
-0.349912 0.212924 0.918846
0.0914623 -0.0319682 0.844354
-0.551232 -0.120261 1.44207
-0.402672 -0.214351 1.58814
-0.0727921 -0.0311936 0.822052
-0.646253 -0.187385 1.47771
-0.389166 0.196085 0.96581
-0.955546 -0.0548552 1.35158
-0.968769 -0.218573 1.37865
-0.362063 0.191379 1.45791
-0.725177 0.100532 1.3634
-0.510016 -0.18287 1.37017
-0.444497 -0.140902 1.37701
-0.294096 -0.543729 1.90692
-0.103817 0.135597 1.00114
-0.0479397 0.0334949 0.929455
-0.0206203 -0.0901731 0.706843
-0.0445335 -0.0694978 0.80296
-0.519766 0.122554 0.774901
-0.494433 0.177313 0.807195
0.106196 0.0573603 0.890768
0.234607 -0.0429121 1.24788
-0.0494782 -0.0100826 1.00708
0.0781514 0.0110545 0.982828
0.3049 -0.00930784 1.16401
0.248283 -0.12429 1.54611
0.119104 0.0698697 0.942747
-0.769965 0.0647249 1.42097
0.274457 0.0296638 1.07483
-0.249804 0.0286385 0.969443
0.359416 -0.227764 1.16952
0.343519 -0.217724 1.11943
0.263806 -0.00691272 1.0695
-0.0333603 -0.0946102 0.768787
0.0271579 0.157535 0.993386
-0.249252 -0.0186139 0.988193
-0.894452 -0.266461 1.54219
0.433003 0.0696528 1.04535
-0.241324 0.0240223 0.933161
-0.359259 0.0925492 1.03786
0.412237 -0.0219663 0.923808
0.288401 0.0284942 1.16009
-0.0512244 0.0139894 0.92894
-0.67665 0.0535294 1.26042
-0.493812 -0.124552 1.36066
-0.772348 0.0630266 1.35538
-0.0915379 -0.0452142 0.85314
0.29728 -0.0718004 1.21197
0.325753 0.0215014 0.994255
0.318986 -0.329316 1.84331
0.217723 -0.101307 1.29224
0.00896398 0.218187 0.959986
0.420563 -0.0292587 1.36186
0.282071 -0.0354654 1.14382
-1.50703 -0.239015 2.65599
-0.0455095 -0.0680774 0.809253
0.0268441 0.144055 1.02018
-0.0900942 -0.0744384 0.805721
0.15283 -0.0329473 1.00471
0.384986 -0.0792198 1.39791
-0.200623 0.0292054 1.01124
-0.432762 0.20455 1.16005
0.318942 -0.327867 1.83876
-0.442364 0.20634 1.48556
0.23192 0.0816178 1.07581
0.310491 -0.318861 1.77849
0.0193398 0.213349 1.01326
0.0990505 -0.0252988 0.949598
0.20835 -0.171302 1.6226
0.337242 0.000323995 1.18483
0.0437525 0.0390694 0.871997
-0.478491 0.212351 0.878824
0.201173 -0.0230795 1.07174
-0.444473 0.170725 0.895978
0.100034 -0.0251656 0.958107
-0.0364416 0.0725874 0.932452
0.269537 0.0448283 1.07405
-0.649877 0.0593192 1.78409
0.105271 0.0454262 0.9057
0.0102843 0.0521876 0.86862
-0.103535 -0.088939 0.797697
-0.0720251 -0.148964 0.773159
0.148097 0.00563131 0.871524
-0.0268733 -0.092174 0.717905
0.269015 -0.0684481 1.19112
0.25675 -0.262853 1.46642
-0.219274 0.0495343 1.05344
0.218107 0.135821 0.955153
-0.243903 -0.0751216 1.0341
-0.0961888 -0.151466 0.790557
0.0533887 0.0102373 0.865473
-0.0547425 -0.104713 0.736751
-0.886271 -0.146243 1.40532
-0.199747 0.0434269 0.993795
-0.919059 -0.161074 1.44635
0.0756726 -0.0507775 0.87437
0.00664391 0.166659 1.04824
0.333089 0.0977563 0.85013
-0.654432 -0.170356 1.47621
0.103398 0.0887748 0.918426
-0.181784 0.0844137 1.01327
0.11063 0.159311 0.942221
-0.388628 0.216431 0.895397
-0.356665 0.0786796 1.11753
-0.341323 0.159798 1.14617
-0.507931 0.160941 0.784913
-0.0480389 0.0322727 0.921022
0.078669 -0.0498576 0.929595
-0.183118 0.0351125 0.937865
0.425766 0.175581 0.811246
0.0164784 -0.155593 0.871983
-0.982572 -0.0721619 1.45539
-0.017483 -0.193803 0.701972
-0.848408 -0.115566 1.39837
-0.519447 0.125093 0.774607
-0.476741 0.171437 0.776193
-0.513318 0.204675 0.809081
-0.9697 -0.220122 1.38086
0.0779659 -0.0494654 0.936605
-0.555058 0.25121 0.861934
-0.574324 0.286438 1.53679
0.256077 0.165261 0.92684
0.0215003 0.185488 1.06464
-0.0555527 0.0358725 0.955895
0.143414 0.154942 0.983808
0.0555408 0.0156358 0.957797
-0.482443 0.157211 0.73447
-0.0634554 -0.0312333 0.90867
-0.421939 0.179539 0.903447
0.0165809 -0.151998 0.846663
-0.523551 0.122724 0.799655
-0.514055 0.192065 0.802495
-0.416752 0.190558 0.92516
-0.382062 0.30886 1.32263
0.142576 0.153124 0.965235
0.0220304 0.178601 1.04248
-0.455547 -0.145104 1.3562
-0.461334 0.198154 0.871677
-0.0614164 -0.074866 0.80262
0.0185012 0.2088 1.00635
-0.291838 -0.00036687 1.14036
-0.440189 0.251517 0.793468
-0.0999215 -0.154987 0.783366
-0.467636 0.246021 0.815863
-0.523342 0.245424 0.764019
-0.392268 0.263201 1.3318
-0.550989 0.247508 0.809186
-0.551367 0.260098 0.80011
0.14292 0.154079 0.969437
-0.0625535 -0.0305087 0.90399
-0.956824 -0.141718 1.50935
-0.785435 -0.131136 1.47966
-0.122426 -0.112984 0.852667
-0.495137 -0.156342 1.46625
-0.266552 -0.0290496 1.08832
-0.183246 0.0887305 1.03151
-0.118331 -0.110104 0.824449
0.396217 0.0098988 0.898448
0.353061 0.0492118 0.9446
0.163276 -0.0257742 1.04225
0.0756706 -0.16195 1.33843
0.522751 0.10626 1.11869
-0.112363 0.138697 1.0178
-0.382341 -0.227824 1.68147
0.207162 -0.0639835 1.15999
0.264215 0.0088749 1.09175
0.565183 0.0465718 1.57765
-0.371174 0.0875726 1.16062
0.220065 0.0131932 1.02116
0.26866 0.123861 1.01454
0.258959 0.1198 0.992684
0.395522 0.0749283 0.903777
-0.643044 -0.168007 1.45867
0.379525 0.012808 1.03043
0.0491587 0.0171616 0.868786
0.183131 -0.0577784 0.972303
-0.874038 -0.0871773 1.35156
-0.391961 0.18306 1.25071
-0.813658 -0.0697468 1.39168
-0.42476 -0.157243 1.39607
0.335271 0.101449 0.90873
0.287558 -0.0114995 1.10241
-0.92282 -0.170179 1.6454
-0.440653 -0.263998 1.45455
0.22321 -0.0345324 1.15505
0.0907966 0.150267 0.929548
0.199336 0.00994356 1.20985
0.311414 0.0754889 0.926868
0.00229654 -0.129376 0.822638
0.323261 0.0124796 1.07069
0.361732 0.0548311 0.915555
0.229396 -0.0349192 1.17867
-0.304669 -0.22023 1.4425
0.351502 0.121617 0.770256
-0.509251 -0.191516 1.32037
-0.633069 -0.148656 1.68772
0.410141 0.0794693 0.859925
-0.438267 0.203746 1.37939
-0.538196 -0.196838 1.38649
0.185278 0.00852232 1.10773
0.321261 0.0721745 1.08372
-0.642065 -0.183874 1.46379
0.143064 -0.179691 1.40064
0.194723 0.010782 1.1639
0.350306 0.103388 0.852262
0.228959 -0.0349232 1.17593
0.408358 0.0193201 0.963872
0.24737 0.0475592 1.02175
-0.488535 -0.121437 1.35152
0.293327 0.0839422 0.99629
-0.25572 0.214417 1.09945
-0.209863 0.183213 1.02261
-0.13337 0.151605 0.967405
-0.0644044 0.160104 0.954473
-0.244918 0.0554711 1.021
6.61037e-05 -0.0855762 0.888944
-0.224859 0.173983 1.1352
0.00172876 -0.129903 0.826216
0.0723734 0.361165 1.19932
0.0621073 0.00444711 0.924562
0.0507235 0.0415102 0.891562
0.0831444 0.0786473 0.961815
0.0600285 0.0727976 0.922595
0.216593 0.216685 0.812578
-0.478985 0.212784 0.87859
-0.529296 0.171641 0.804404
0.00938753 0.071783 0.929983
-0.0986246 -0.0481254 0.88528
-0.187676 -0.0341319 0.940252
-0.0163896 0.0430378 0.908077
0.00370973 0.0465444 0.864823
-0.0871474 -0.0729604 0.793292
-0.07094 -0.108919 0.771897
-0.0766047 -0.0331891 0.845116
-0.360067 0.0808104 1.12686
-0.0587855 -0.058101 0.818438
-0.438788 0.169292 0.885599
-0.092864 -0.149479 0.755553
-0.370511 0.185767 0.927302
-0.0340355 -0.138894 0.745532
-0.421469 0.177925 0.900635
-0.534611 0.229253 0.985082
-0.0710267 -0.14333 0.773892
-0.425441 0.208648 0.892957
-0.309082 0.23797 0.778717
-0.459052 0.196222 0.87072
-0.521516 0.194175 0.911709
-0.407794 0.221598 0.78867
-0.462448 0.252595 0.814754
0.00885726 -0.121653 0.863138
-0.0896738 0.18092 0.972498
-0.283449 0.215741 1.03749
-0.0481733 0.0159959 1.01739
-0.272427 -0.00199524 1.06946
-0.177306 0.0843566 1.00078
-0.0428915 0.0882178 1.01979
-0.213351 0.185507 1.03502
-0.232597 0.192337 0.991677
-0.228834 0.172021 1.13914
-0.00956882 0.0899725 0.911032
0.106726 0.0582959 0.90677
0.00509991 0.0934202 0.931963
-0.497928 0.174036 0.818656
0.0500484 0.0396175 0.883714
0.0564477 0.0725653 0.905612
0.0149524 -0.122212 0.774812
0.0890362 0.226331 0.926443
-0.383945 0.220623 0.896628
-0.0688193 -0.14139 0.760215
-0.033564 -0.138798 0.743361
-0.0012583 -0.0854755 0.909069
-0.0118731 0.251688 0.941516
-0.411315 0.150613 0.961284
-0.0223102 0.205601 0.937334
-0.342178 0.210491 0.816596
-0.448415 0.18098 0.860084
-0.496667 0.237712 0.871298
-0.1862 0.0901568 1.04909
0.0729032 0.373431 1.24606
-0.1906 0.100491 1.08195
0.0150088 -0.159244 0.898161
-0.066046 0.194167 1.04844
-0.256922 0.24381 0.912772
-0.236097 0.176521 1.17286
-0.164098 0.106529 1.02884
0.0965524 -0.0241172 0.930573
0.00634945 0.256914 0.917166
-0.404233 0.25473 0.856352
0.00148106 0.0522638 0.926396
0.00317472 0.101302 0.991254
0.326609 0.17307 0.884933
0.104235 0.0893508 0.913452
-0.556 0.199494 0.887097
-0.353919 0.0793631 1.11186
-0.196208 0.0378925 0.994896
-0.431603 0.23715 0.834932
-0.0717015 -0.110113 0.776351
-0.350482 0.214636 0.834059
-0.460548 0.252618 0.811752
