-0.297105 0.0802899 0.918886
0.281016 0.197517 1.1715
0.616928 0.115607 1.26628
-0.107094 -0.0263999 0.846856
0.909493 0.133868 1.89027
0.221062 0.162798 0.470383
0.0100277 -0.0058495 0.0488864
-0.0544485 0.0339081 0.171937
-0.0609537 0.0341632 0.178173
-0.419689 0.110828 0.886898
-0.0590164 0.0291898 0.126021
-0.128475 0.053694 0.201775
-0.442006 0.0848138 0.8906
-0.174263 0.0682054 0.281287
0.00330969 0.0501425 0.182758
-0.367982 0.0727453 0.889064
-0.18226 0.0683539 0.269566
0.358177 -0.0133936 0.991356
-0.0644023 0.0273756 0.15036
-0.0650266 0.0280816 0.130052
-0.0664506 0.0222786 0.135663
-0.0512202 0.0184702 0.110588
-0.0605918 0.0266516 0.177678
-0.0610244 0.0199842 0.115888
-0.0882839 0.0316048 0.171061
0.296476 0.190302 0.529647
-0.0936323 0.0609122 0.464089
0.118866 -0.00800771 1.65242
0.468851 -0.0991575 1.04196
0.100287 0.0733429 1.48869
-0.292982 0.072425 0.875709
-0.0912503 0.0448436 0.263935
1.00505 0.619645 1.71888
0.74267 0.430987 1.2311
0.0352154 0.093888 1.48449
0.0108233 0.0424189 0.309157
-0.33323 0.106296 0.846303
-0.458079 -0.0587547 0.992474
-0.738305 0.243413 1.9063
-0.065588 0.0387727 0.119999
0.523282 -0.211173 0.962649
0.0732806 0.0568451 0.167409
-0.117044 0.0605936 0.791656
0.397244 -0.16401 1.30312
0.298505 -0.0893869 1.02692
0.860364 -0.076 1.55876
0.426888 -0.0997809 0.994621
0.341851 -0.224321 1.06587
-0.599432 0.035041 1.00531
0.209971 -0.0888142 1.04309
-0.273907 -0.330708 1.04303
-0.0804797 0.0399543 0.174117
-0.581152 -0.0180684 0.924534
0.627072 0.0898373 1.26935
0.566842 -0.0640175 1.13373
-0.10593 0.0259413 0.220698
-0.157762 0.0587321 0.930716
-0.403415 0.111217 0.91245
0.00217298 0.100002 1.57817
-0.295375 0.0916493 0.86946
-0.508989 -0.100826 1.08381
-0.221813 0.08524 0.281689
-0.20937 0.0880675 0.849539
-0.181819 0.124081 0.818285
0.0186364 0.0385804 0.231455
0.0268041 0.0455151 0.276505
-0.222329 0.0939515 0.759072
-0.0620791 0.0283279 0.172631
0.0240759 0.0418263 0.276998
-0.1026 0.0499774 0.136421
-0.117032 0.0720595 0.154649
-0.391012 0.192998 0.828067
-0.0209701 0.0305927 0.182214
-0.30423 0.12811 0.896136
-0.0617467 0.0298688 0.17815
-0.0404197 0.0352517 0.182532
0.351642 -0.0425248 0.443965
0.402613 -0.256581 0.893824
-0.782852 -0.074849 0.674165
0.0819125 0.189771 0.622951
0.951673 -0.0821113 1.72495
-0.771999 0.00435904 1.08972
-0.0571298 0.0383925 0.1793
-0.0807039 0.0310698 0.17118
0.0415466 0.0676038 0.18122
0.00209282 0.0407249 0.182384
-0.363781 0.11545 0.921287
-0.219124 0.0911293 0.747146
-0.0990439 0.078834 0.189302
0.0617032 0.069803 0.171744
0.0682142 0.0536521 0.158003
-0.0904256 0.0609401 0.1708
-0.000448889 0.0658278 0.172605
-0.0468448 0.00886388 0.104887
0.00463819 -0.00335744 0.0286695
0.0132157 0.00750882 0.0318419
-0.0335308 0.012693 0.0527274
-0.0610208 -0.0924596 0.273289
-0.0196356 0.0114788 0.087681
-0.0422469 0.0192927 0.065752
0.886451 0.0537038 1.72439
0.378158 -0.198275 1.2623
-0.181463 0.066101 0.268332
0.373563 -0.0109988 1.07179
-0.164162 0.0727855 0.288712
0.381902 0.201031 1.15665
0.426375 0.0385012 1.08665
-0.177704 0.073851 0.269118
-0.596249 0.0404641 0.963282
-0.0984736 0.0536088 0.326971
-0.535404 0.0352813 0.922062
-0.0799571 0.0324301 0.172712
0.0194269 0.169858 0.92101
-0.0903497 0.0247811 0.166845
-0.116565 0.0496484 0.752268
-0.00176709 0.000267566 0.00277122
0.146531 0.0966561 1.21208
-0.00458535 0.0640695 0.306653
0.00823649 0.165983 1.47454
-0.128498 0.0591452 0.81379
0.00590321 0.0503498 0.270655
-0.0556091 0.0152201 0.102055
-0.188021 0.0667041 0.320545
-0.247191 0.0665342 0.499377
-0.865226 0.445432 2.21312
-0.436612 0.127597 0.918387
-0.0899295 0.0452012 0.175728
-0.176919 0.0779262 0.861303
-0.156561 0.0712007 0.536168
1.03121 0.705898 2.01144
-0.176154 0.0687116 0.275204
-0.0631454 0.0230031 0.124228
0.0834809 0.122842 0.365672
-0.0489724 0.0828492 0.633166
0.185317 0.219331 1.33402
0.00560285 0.0676004 0.279818
-0.429882 0.0981639 0.865486
0.472427 0.0478842 1.20146
-0.581049 -0.254402 1.04323
-0.592501 -0.117476 1.08921
-0.18064 0.0822214 0.867296
0.182865 0.23906 1.4619
0.282669 0.144521 0.497871
0.534462 -0.259866 0.848827
-0.584536 0.0864428 0.946096
0.366491 0.19404 1.00243
0.367486 -0.101215 1.23067
-0.660237 -0.0743718 1.0261
-0.106842 -0.0187286 0.815519
0.420964 0.00725826 1.16903
-0.0307848 0.0336521 0.183598
0.200326 0.225068 0.880147
-0.180433 0.103521 0.690311
-0.414278 0.0938293 0.889578
-0.133571 0.10783 0.80997
-0.477624 0.197098 0.943699
0.179483 0.201049 1.26054
-0.0636357 0.122937 0.880475
0.0364582 0.0568248 0.189539
0.0159812 0.0450631 0.320935
0.00162983 0.0413204 0.183537
-0.0702373 0.0345467 0.175524
-0.022877 0.0109414 0.0552962
-0.0892299 0.0429053 0.17176
-0.00423159 -0.00242816 0.00904657
0.00654178 -0.00301164 0.0370726
-0.0029205 -0.00181581 0.00653448
-0.0200866 0.053434 0.212255
-0.0221048 0.00773194 0.0421123
-0.0396457 0.0354816 0.182343
-0.00543193 0.0364249 0.184754
-0.100573 0.0405109 0.260782
-0.0755315 0.0265238 0.174082
0.00261123 0.0468764 0.183831
-0.0855064 0.0342017 0.171463
-0.0682002 0.0344988 0.176949
-0.0925241 0.0356057 0.168974
-0.0355556 0.0434278 0.184003
-0.00825502 0.0026575 0.0140685
-0.643063 0.263563 1.14913
-0.0767692 0.0276409 0.168794
-0.0646076 0.0413923 0.988592
0.0188682 0.131893 0.930174
-0.0979094 0.0347941 0.178123
-0.0756174 0.027157 0.163952
-0.0213446 0.0351115 0.214666
-0.049104 0.0229561 0.0999546
-0.0429024 0.015461 0.0827917
-0.0881849 0.0458231 0.171914
0.00375995 -0.00200491 0.0250242
-0.0793148 0.0330163 0.17337
-0.165722 0.0780967 0.288439
-0.292374 0.0401002 0.885499
0.159078 0.113666 1.37128
-0.520383 -0.0804952 0.933738
-0.00419067 0.042391 0.183004
-0.0122662 0.0360766 0.181442
-0.657856 0.0370726 1.10525
-0.649505 -0.0730035 1.0073
-0.0135322 0.0432003 0.183566
-0.613367 -0.0129954 0.981948
-0.00546793 0.0332334 0.183075
-0.544084 -0.00780779 0.920308
-0.533785 -0.0187399 0.848451
0.40334 0.0546656 0.880958
-0.726248 0.0413842 1.03054
0.405086 -0.13623 1.06085
1.02215 0.0357999 2.25804
-0.172535 0.0755275 0.273243
-0.0835377 0.0414635 0.1745
-0.71218 0.0615563 0.999805
0.00251077 0.040643 0.182515
-0.669461 -0.186294 0.996045
-0.629144 -0.177244 0.928979
-0.388885 0.106354 0.89454
-0.0705081 -0.301091 1.0894
0.386288 -0.19947 1.29002
0.61308 -0.105487 1.02545
-0.0452196 0.0220291 0.0873934
0.00457381 -0.00942824 0.0583987
-0.0135618 0.0430541 0.18247
-0.0866356 0.0313528 0.170809
-0.0645922 -0.112285 1.08842
-0.0431482 0.0198196 0.124217
-0.37869 0.0942443 1.01905
-0.339769 -0.227747 0.809947
0.0497629 0.0825809 1.50276
-0.623527 -0.0896355 0.988283
0.366092 -0.227216 1.11291
-0.083452 0.0389557 0.171397
-0.0899407 0.0397363 0.170824
0.00229046 0.0521283 0.19615
-0.0652149 -0.211397 0.996769
-0.10258 -0.087821 1.45858
-0.173412 0.0759556 0.275366
0.378491 -0.0155078 1.06548
0.534333 -0.13095 0.899974
0.380889 -0.247824 0.853995
-0.449053 0.0670124 0.975562
0.414233 0.0565365 1.04621
-0.513614 -0.0864941 0.892566
-0.122483 0.0775797 0.805793
-0.289275 0.0687397 0.865573
-0.385901 0.0711085 0.90325
0.375099 -0.261061 1.11662
-0.623809 -0.0768465 0.980438
-0.0610073 0.0340255 0.177841
-0.596401 0.0905573 0.967861
0.409048 -0.0424044 1.30914
0.120997 -0.18442 1.76118
0.512092 -0.215396 0.957288
0.0199038 0.090927 1.52402
0.579361 0.054488 1.27189
-0.529202 0.138885 0.906368
-0.0130727 0.0374469 0.183984
0.198213 0.221616 0.861379
0.52401 -0.230627 0.968984
0.36169 -0.258152 0.909692
0.660091 -0.105667 1.1098
-0.00348108 0.0387426 0.183702
0.253576 0.115396 0.449241
0.0770325 0.057486 0.16613
-0.602478 0.0974379 0.947268
-0.0120551 0.110555 0.805101
-0.282014 0.0507896 0.866377
-0.0158575 0.0459799 0.183575
-0.0807029 0.0401384 0.173439
-0.0331421 0.0470473 0.303268
-0.0144579 0.0309917 0.206748
0.519995 -0.104398 1.0855
0.277764 0.126785 0.50468
-0.287281 0.0360896 0.866306
0.481088 -0.0996494 1.01652
0.690621 -0.0934775 1.33453
-0.176745 0.0780542 0.850687
0.903375 0.0039732 1.78162
0.411889 -0.0379915 1.31529
0.445153 0.0404956 1.03283
0.322438 0.097248 0.564971
-0.524695 -0.101023 0.953059
-0.589938 0.0379608 0.948121
0.209361 -0.0978991 1.21105
0.661835 0.0356645 1.10475
0.027589 0.0879889 1.44529
-0.0666815 0.13539 1.31576
-0.425781 0.0857588 1.02843
-0.702894 0.186343 1.0679
0.39214 -0.275947 0.968794
0.39513 0.228388 1.2788
0.0205575 0.077048 0.435072
-0.43131 0.105189 0.910266
0.426062 0.0427661 0.989459
0.503382 -0.210618 0.942919
-0.0218054 0.0477309 0.187623
0.81485 0.0437046 1.58331
0.0392563 0.0900848 1.21614
0.367744 0.223637 0.801055
-0.0293837 0.0388163 0.18335
0.450331 -0.0890272 1.4374
-0.177959 0.0837031 0.844709
0.41634 -0.0336859 1.32593
0.391568 0.00741454 1.08174
-0.0689109 0.0541911 1.38711
0.525348 -0.230501 0.969334
0.0453228 0.0843482 1.49022
-0.543423 -0.0183373 0.93081
-0.607688 -0.0243923 0.963764
-0.512431 -0.0880674 0.890575
0.46707 0.0697989 1.02496
-0.0251453 0.0349101 0.182934
-0.282082 0.0404783 0.88248
-0.450902 0.0718335 0.974234
-0.482674 0.120822 1.03033
0.385244 0.222788 1.27264
0.16107 -0.0454386 2.07584
0.230333 -0.122729 1.53706
0.373587 0.204841 1.09962
-0.458646 -0.0807976 0.978406
0.241624 -0.0501285 0.535069
0.390101 -0.163821 1.26643
-0.584789 0.030221 0.975486
-0.386517 0.0719318 0.895007
0.112867 -0.098727 1.47532
0.355566 -0.253668 0.883092
0.737964 -0.0437541 1.42863
0.473121 0.0920162 1.03764
-0.55397 -0.0108367 0.950033
0.450489 -0.108869 1.04776
-0.434679 0.0995529 0.881748
0.487727 -0.0903775 0.955197
-0.0583467 -0.289153 0.843778
0.370349 0.207023 1.09881
-0.374079 0.0623748 0.934287
-0.561681 0.03728 0.961486
-0.548872 0.096359 0.927368
0.415087 0.223873 1.09033
-0.717049 -0.206054 1.08028
-0.124313 0.0789815 0.834428
0.41455 0.0364922 1.05893
-0.106696 -0.0157213 0.842548
-0.26387 0.0763389 0.821016
-0.600751 0.0378851 0.968783
0.150908 0.219618 1.32014
0.402448 -0.133621 1.04696
0.0577368 0.194047 0.557779
-0.512737 -0.0220296 0.817332
-0.686224 -0.124325 0.9959
-0.0790381 0.0446409 0.173945
-0.0286986 0.0379309 0.183023
-0.188165 0.0747024 0.266478
0.0357918 0.057149 0.18338
-0.286345 0.0833467 0.883226
-0.520896 0.0770224 1.10792
0.00346946 0.0445271 0.18365
-0.27992 -0.292275 0.960573
-0.00600515 0.0263689 0.181137
-0.741219 -0.129689 1.06803
0.0987983 -0.161961 1.48801
-0.588051 0.0927836 0.940518
0.380436 0.0051456 1.06223
0.410933 0.029713 0.946696
-0.562932 0.0856926 0.953672
-0.191122 0.0607302 0.289352
-0.190812 0.0776747 0.26735
-0.0203303 0.0449063 0.184892
-0.00328318 0.038246 0.182453
-0.542144 0.0875331 0.925907
-0.0296138 0.0479458 0.182571
-0.0643017 -0.228784 1.51527
-0.0294205 0.0454217 0.181726
0.0774707 0.18243 0.600295
-0.580988 -0.192155 1.21922
0.292825 0.147568 0.515939
0.506013 0.142118 0.843567
0.0050508 0.0272923 0.182426
-0.0183316 0.0326146 0.183709
-0.6164 0.136957 0.968175
0.573589 0.0331863 0.953807
0.376913 -0.25245 0.894285
-0.459539 0.0285293 0.986258
-0.0721083 -0.0797443 1.10632
-0.543021 0.0757056 0.914001
-0.120401 -0.522013 2.14109
-0.736257 -0.0709799 1.16238
-0.510577 -0.0788148 0.878971
-0.116446 -0.0211198 0.855338
-0.23944 -0.353222 1.08857
-0.0357911 0.0431949 0.183668
-0.610689 0.102954 0.958876
-0.0250532 0.0348993 0.183439
-0.180502 0.0725608 0.264864
0.613588 0.0767803 1.32462
-0.104378 -0.0272524 0.816261
-0.0571493 0.0378087 0.179508
0.00415418 0.0589361 0.197911
0.437023 0.0405178 1.05947
-0.0202984 0.0449551 0.18328
-0.296067 0.0335465 0.767202
-0.00179314 0.041352 0.16562
-0.023264 0.0483267 0.183353
0.00276356 0.0570397 0.192408
-0.165783 0.0778857 0.28664
-0.0522766 0.0241661 0.17084
0.442945 0.123281 0.743255
-0.00867622 0.0544734 0.215228
-0.200662 0.0899466 0.819433
-0.39912 0.109994 0.822214
-0.622454 0.174354 0.943103
-0.434452 0.110404 0.894892
-0.0282832 0.0452307 0.183451
0.169471 0.181511 1.6674
0.434556 0.0387821 1.06082
0.524816 -0.0955183 1.02675
-0.510987 -0.00694426 1.1169
-0.0289854 0.0306495 0.182567
0.501278 0.117325 1.131
-0.21128 0.103042 0.764155
-0.0218497 0.0526432 0.19667
1.10861 -0.0965348 2.37628
-0.0894216 -0.313652 0.865425
-0.481805 0.120488 0.899733
-0.555097 0.13547 1.07097
-0.147851 0.118935 0.806912
-0.760492 0.0316198 1.01131
-0.0859922 -0.28837 0.804091
-0.702279 0.0345842 1.00642
-0.0622712 0.0299325 0.181351
-0.055484 -0.17699 1.05478
-0.506864 0.180185 0.874686
-0.0398801 0.0353871 0.182714
-0.686933 0.181738 1.04354
-0.0246284 0.0347767 0.183327
-0.0149754 0.0247039 0.183815
-0.220903 0.0744455 0.296228
-0.290521 0.116132 0.826494
0.372444 0.104097 0.620028
-0.366817 0.106183 0.792488
-0.162686 0.0663082 0.28941
-0.033887 0.0523928 0.317191
0.368555 0.191936 1.10849
-0.770151 -0.124179 0.698518
-0.792953 -0.1948 0.700794
-0.907676 -0.0459011 0.593137
-0.270524 0.0840086 0.221118
-0.299035 0.0475978 0.266435
-0.611084 -0.203581 0.61845
-0.490174 -0.0803989 1.04301
-0.0499824 0.0218458 0.165374
-0.367958 0.110896 0.950392
-0.378314 0.112086 0.921999
-0.313171 0.132585 0.720852
-0.591213 -0.029845 0.946546
-0.569861 0.123802 0.891625
-0.242017 0.07065 0.3726
-0.572791 -0.105354 1.04225
-0.956574 -0.0786299 1.25482
-0.653304 -0.141635 0.966531
0.197384 -0.157703 1.39386
-0.0288884 0.0306848 0.181876
-0.0557199 0.0301556 0.179867
-0.314668 0.118918 0.610848
0.50657 0.0976082 1.09949
-0.333718 0.0814102 0.88233
0.301604 -0.112787 1.42297
0.307492 0.153845 0.472992
-0.173864 0.0865433 0.819128
-0.764538 0.0309181 1.01901
-0.0182516 0.0325772 0.184096
-0.808474 0.00660899 1.14068
-0.35978 0.0954663 0.809095
-0.641679 -0.115489 0.914837
-0.204808 0.103813 0.829227
-0.0246876 0.0418057 0.183601
-0.0496871 0.0354812 0.181059
-0.0189485 0.0357196 0.183326
-0.744021 0.0368864 1.07771
-0.0854542 0.0339682 0.17161
-0.158316 0.051503 0.809227
-0.118817 0.0608867 0.83772
-0.298067 0.0851101 0.457208
-0.455075 0.0843394 0.941701
-0.542976 0.0787576 0.850638
0.438243 0.0665685 0.966873
-0.61033 0.136181 0.956891
0.276569 0.155819 0.449817
0.311226 0.165931 0.513548
-0.0286558 0.0452836 0.181312
0.164767 -0.26325 1.59914
-0.0791369 0.0299418 0.157591
-0.225556 0.0597951 0.320741
-0.092019 0.0476822 0.17548
-0.0881271 0.0252133 0.177121
-0.0851503 0.0494735 0.172774
-0.40343 0.04647 0.438979
-0.070254 0.0403277 0.181426
0.00398508 0.0594932 0.199279
0.00220344 0.0343979 0.184871
0.481345 -0.262901 1.03944
0.148903 0.208532 1.20938
-0.185653 0.0710284 0.289763
-0.20028 -0.258009 0.779907
-0.0160978 0.0796591 1.27895
0.0942548 -0.321321 2.10456
-0.127395 0.170259 0.728907
-0.0759103 -0.249767 1.15508
-0.401641 0.117548 0.933418
-0.0191938 0.0440191 0.183071
0.378501 0.0573068 1.25983
0.333511 -0.246557 0.849561
-0.255628 -0.298556 0.918255
-0.391117 0.0715397 0.920659
-0.126467 0.0600571 0.275463
-0.423936 0.115301 0.866489
-0.0133078 0.0429869 0.182596
-0.611196 0.0430158 1.04454
-0.0720651 0.0401712 0.17598
-0.0133789 0.037409 0.183374
0.0436357 -0.236502 1.49763
0.464786 -0.0993588 1.0316
-0.700611 -0.150721 1.04516
-0.00698028 0.0366987 0.182925
0.275941 0.0948313 0.479688
-0.0704628 0.0736098 0.391393
-0.0520396 0.0356149 0.182151
-0.396067 0.0198071 0.854102
-0.00621881 0.0265122 0.180443
0.434105 -0.2598 1.05415
-0.341354 0.168184 0.823114
-0.10197 0.0351441 0.196048
0.2049 0.187953 0.678708
-0.0298237 0.0268531 0.183507
0.609036 -0.0660911 1.37376
-0.140921 0.0627942 0.929291
-0.0806327 0.0398308 0.172521
0.00451429 0.0546477 0.183736
-0.0930621 0.0291355 0.189919
-0.0945562 0.0272555 0.18019
0.269162 0.0939419 0.461308
0.0759883 0.0568869 0.165453
-0.210424 0.0982481 0.757853
-0.0214302 0.0525156 0.192352
-0.0720201 0.0394904 0.174358
-0.286264 0.0394622 0.854982
0.00298695 0.033914 0.182418
-0.105361 -0.0149097 0.847567
-0.015247 0.025205 0.184523
0.000849035 0.0408305 0.180557
0.526835 0.0770523 1.09877
-0.0882608 0.04253 0.170904
-0.219434 0.103683 0.912443
-0.0839074 -0.299885 0.822451
-0.0243185 0.0441074 0.183458
0.371836 -0.0163561 1.03011
0.690336 0.133353 1.34059
0.477219 -0.257412 1.00809
-0.00186729 0.0432232 0.179816
0.424537 -0.218457 1.52894
0.445278 -0.263929 1.06414
-0.0130347 0.0372652 0.183549
0.42744 0.175635 0.786274
-0.517618 0.193583 0.90471
0.00136827 0.0404737 0.180502
-0.0334023 0.031141 0.181028
0.103707 0.0761568 1.2997
-0.00728508 0.0325333 0.183738
-0.0855287 0.0368289 0.171324
-0.178662 0.129152 0.812657
-0.444774 0.132035 0.859729
-0.128242 0.0925344 0.800634
-0.481566 0.196046 0.954426
-0.319516 -0.299105 0.956137
-0.263785 -0.293364 0.91148
-0.321889 -0.11433 0.948875
-0.0906797 0.0467235 0.17251
0.294219 0.167642 0.479831
-0.0657221 0.0274273 0.17356
0.125792 0.0960238 1.05582
-0.061548 0.0351487 0.121705
-0.0295394 0.0273286 0.184765
-0.0327707 0.0273962 0.18357
-0.0227465 0.026615 0.18319
-0.0372332 0.0439082 0.184616
-0.218867 0.0931553 0.743512
-0.200504 0.0729612 1.01636
-0.06808 0.0343962 0.177409
0.463721 0.108363 1.04984
-0.022616 0.0307793 0.183565
0.00336238 0.0336996 0.181193
-0.108865 -0.0264307 0.789398
-0.122855 -0.0149496 0.868088
0.633396 -0.0860917 1.29371
-0.0036778 0.0482473 0.18879
-0.0614553 0.027391 0.181041
0.568534 -0.138293 0.958854
-0.051759 0.145019 1.21012
-0.0608546 0.0267177 0.177801
0.54698 -0.133665 0.920182
0.116799 0.184348 0.657482
0.393644 -0.125012 1.51573
-0.0310121 0.0307891 0.179509
0.194499 0.0775847 0.262986
0.00455506 0.0304954 0.184538
0.114716 0.094849 1.36406
-0.19798 0.118338 0.750891
-0.0683422 0.0380509 0.177709
0.177526 0.203154 0.784222
-0.644044 0.187822 1.00186
-0.396294 -0.0859231 0.591561
0.00337643 0.0470405 0.183609
-0.132354 -0.139489 2.43201
-0.364454 0.0611081 0.909592
-0.0725939 0.0397511 0.175326
-0.345372 -0.289427 0.954527
-0.061481 0.0288634 0.177089
-0.476375 0.210789 0.987345
-0.544838 0.151238 1.11177
0.471093 -0.251011 0.958912
0.366472 0.115794 0.645174
0.551982 0.252155 1.14468
0.116516 0.167201 1.22254
0.211005 0.246535 1.49746
-0.299735 0.0545289 0.311255
0.116691 0.178989 0.642514
0.122717 0.193653 0.713865
-0.214548 0.137356 0.753215
-0.13771 0.139576 0.777395
-0.30029 0.105981 0.860421
-0.0225602 0.0266783 0.182837
0.294235 0.15435 0.481766
0.170798 0.181587 0.721562
0.888771 -0.121187 1.7288
-0.645826 -0.0930008 1.0247
0.911557 -0.0777881 1.78842
-0.250976 0.0681186 0.303102
-0.367512 0.114117 0.93638
0.367186 -0.273618 0.955083
0.730916 -0.0318309 1.37486
-0.0567571 0.0354174 0.179334
0.799362 -0.102667 1.49779
0.252505 0.187801 1.12607
-0.431918 0.1039 0.918363
-0.338001 -0.330704 1.05253
-0.165305 0.0713603 0.29814
-0.0115482 0.0410261 0.182758
0.516308 0.0974905 0.999058
-0.201095 0.0831446 0.891748
-0.526459 -0.180671 1.10389
0.422619 0.224994 1.13473
0.69646 -0.112802 1.41791
-0.0638452 0.0290761 0.177312
0.301237 0.144344 0.477298
-0.0562168 0.0377217 0.180166
0.120887 0.195271 0.712584
-0.0150758 0.0254781 0.186005
-0.520028 0.210008 0.992759
0.487979 0.0943141 1.06422
0.543781 0.0999866 1.09231
0.499446 -0.334082 1.21196
-0.174588 0.153597 0.981277
0.0375105 0.0901818 1.19959
0.477425 -0.205088 0.891642
-0.114644 0.0572207 0.241111
0.507562 -0.26693 1.03801
-0.367002 0.0974621 0.960988
-0.130139 0.0965417 0.694309
-0.141399 0.106132 0.782074
-0.297708 0.0982855 0.804695
0.659323 -0.0695744 1.49819
0.321357 -0.165017 1.27201
0.00375899 0.0258271 0.18248
-0.293353 0.070338 0.335509
-0.309432 0.0583207 0.360121
-0.0606549 0.133874 0.925997
-0.209904 0.132876 0.734576
-0.37734 0.0670178 0.865634
-0.00349166 0.0392276 0.183983
-0.0764016 0.0648937 0.375141
0.493829 0.103443 1.09631
-0.429472 0.120957 0.977376
-0.0532886 -0.144995 1.44301
-0.503797 0.22919 1.04343
0.174393 0.190982 0.609687
0.338755 0.266133 1.01638
0.499991 -0.245127 0.790805
-0.580613 0.163098 0.893848
-0.0178521 0.0246563 0.171118
-0.280197 0.0716803 0.751875
-0.485908 0.21828 1.0051
-0.280685 0.0773451 0.354051
0.247254 -0.10849 1.42362
0.375539 0.110018 0.479332
-0.384378 0.102644 0.822679
0.337821 0.168611 0.476013
0.386521 0.0832612 0.459809
-0.296686 0.171906 0.842418
0.592253 -0.101286 0.999125
-0.0152493 0.0423786 0.178363
-0.00487904 0.0447481 0.178931
-0.00449976 0.0283946 0.190715
0.00395148 0.0287186 0.182285
0.394731 -0.166285 1.27344
0.398617 -0.16556 1.26773
0.189666 0.194151 0.744472
0.273086 0.139936 0.479428
-0.471463 0.105239 0.939493
-0.0778593 0.0311154 0.174262
0.00354151 0.0264108 0.171081
-0.00732294 0.033138 0.184841
0.121308 0.13091 1.31727
-0.217002 0.0932227 0.746521
-0.439379 0.162493 0.864223
-0.406569 0.118099 1.07266
0.381497 0.0614488 0.633918
-0.0733111 -0.123411 1.19231
0.0163378 0.077923 0.866221
0.204107 -0.116702 1.53797
-0.130712 0.123711 0.753194
0.411188 0.251743 1.23263
-0.313277 0.133396 0.919643
-0.168015 0.131233 0.704391
0.296987 0.152267 0.514613
0.0835822 -0.129912 1.22729
-0.520898 0.208829 0.994891
0.409793 0.208002 1.29313
-0.0630596 0.0266683 0.178026
-0.0671751 0.0275699 0.180649
-0.627069 -0.086255 0.98818
-0.0676934 0.0261312 0.175682
-0.370465 0.0950415 0.96189
-0.234085 0.162289 0.775178
-0.297206 0.139034 0.835331
0.51415 -0.271128 1.0529
0.37747 -0.0436303 0.476097
-0.277321 0.0762754 0.814502
0.329402 0.106014 0.57547
-0.159561 0.190117 0.869233
0.120744 -0.102047 1.54674
-0.185236 0.137746 0.735814
-0.386438 0.19444 0.957415
0.198611 0.219727 0.855044
-0.340072 0.186809 0.922406
-0.214856 0.156992 0.742546
-0.296514 0.108793 0.787541
-0.393119 0.178519 0.92144
0.208186 0.24329 0.919229
-0.627705 0.0223257 1.03522
0.108249 0.0917337 1.29315
-0.213033 0.107437 0.840099
0.376068 0.0628205 0.470621
0.356828 0.102884 0.43961
0.387541 0.091357 0.456779
0.405298 0.0870343 0.472573
0.319368 0.0912247 0.436607
1.06011 -0.00592649 2.13375
0.421242 -0.252229 1.0254
-0.390183 0.155308 0.893636
-0.213482 0.137804 0.750617
0.360755 0.0770648 0.451726
-0.0673397 0.142074 1.34278
-0.364781 0.186123 0.77398
-0.354881 0.111585 0.899009
0.661967 0.138114 0.894345
0.352196 -0.0426143 0.443225
-0.215124 0.125345 0.73601
-0.292056 0.0916543 0.894309
-0.368526 0.0809952 0.837628
-0.34027 0.0852549 0.869614
-0.436743 0.106339 0.933597
0.662847 0.138317 0.891562
0.656332 0.136456 0.883916
-0.298412 0.111551 0.863556
-0.105061 0.103064 1.46118
0.759507 -0.0434479 1.27565
-0.208661 0.105237 0.831664
-0.241268 0.124843 0.799574
-0.450539 0.198347 0.92639
-0.162959 0.130487 0.686623
-0.286049 0.175923 0.847677
-0.285547 0.176579 0.84661
-0.40861 0.116939 0.863221
0.469121 0.251973 1.22676
0.574039 0.158425 0.955648
-0.137033 0.147472 0.663267
-0.297859 0.175052 0.749104
-0.400889 0.171716 0.902104
0.351891 0.137053 0.427739
-0.207749 0.0950546 0.889034
0.817432 -0.0690512 1.82354
0.272052 0.0738069 0.903999
-0.115335 0.0597724 0.786524
0.377002 0.0799519 0.473241
0.395322 -0.0445411 0.498176
0.28579 0.144825 0.487284
-0.206439 0.145922 0.71311
0.0665417 0.233768 2.03564
-0.245872 0.117235 1.03011
-0.392957 0.203201 0.839453
-0.219656 0.132126 0.825235
-0.201281 0.0751795 0.917861
-0.382775 0.194059 0.955049
-0.291779 0.0860489 0.78206
-0.299322 0.141218 0.837712
-0.181428 -0.25618 0.763103
0.622958 0.104081 0.816564
0.133245 0.201205 0.722033
0.346089 -0.235115 0.779047
-0.0397951 -0.0139102 0.52656
0.520916 -0.251337 0.821225
-0.475632 0.0817748 1.02965
0.436323 0.0588731 1.10973
-0.060506 -0.152682 0.898094
-0.119251 0.0986181 0.670049
-0.00638547 0.0312949 0.177793
-0.0486522 0.0679871 0.403049
0.0300093 -0.0222444 0.0171306
0.480643 0.0883333 0.938627
-0.209668 0.136315 0.739511
-0.120747 0.172004 0.732835
0.436196 -0.165842 0.460679
-0.146301 0.122266 0.783734
0.587151 0.0278834 0.983178
-0.130619 0.0873951 0.680291
0.49012 0.0639042 1.0717
-0.150624 0.196477 0.836478
-0.397793 0.138935 0.868557
0.479861 0.0929734 1.04668
0.745071 0.0398473 1.65432
0.906313 0.31236 1.55636
0.440349 -0.108975 1.02452
0.572489 0.0276461 0.957646
-0.131014 0.0695726 0.78224
0.677656 0.132237 0.936397
-0.121045 0.172271 0.734777
-0.347776 0.0421768 0.924411
-0.208753 0.155371 0.815829
-0.242412 -0.219376 0.68709
-0.215934 0.0777229 0.286656
-0.124426 0.0988032 0.769155
-0.439612 0.113614 0.579101
0.172311 0.239843 1.38553
-0.186444 0.175413 0.78915
-0.299807 0.06045 0.311591
-0.450907 -0.186653 0.468476
-0.0631158 -0.134694 0.937984
0.307509 0.152217 0.540758
-0.122757 -0.179986 1.73301
-0.0567954 0.0373116 0.778866
0.401109 0.16137 0.727275
-0.122252 -0.0144226 0.857899
0.301242 0.157822 0.519096
0.0161907 0.100117 0.731583
-0.114538 0.0889005 0.745225
0.0876372 0.169593 0.691744
0.179395 0.208173 0.967397
0.375724 0.0725012 0.467629
0.378014 -0.266972 0.960883
0.524559 -0.129215 0.881657
-0.0640006 -0.106354 0.967812
0.355952 0.141745 0.44579
0.147588 0.147225 1.24735
-0.150265 -0.352338 1.01762
0.394366 -0.26321 0.877884
0.156646 0.161433 1.26634
-0.319888 0.0826882 0.919919
0.388271 -0.126054 1.29109
0.390139 0.0907197 0.460596
0.695384 -0.0834704 1.34664
0.103745 0.0759584 1.69427
0.78867 -0.0505154 1.529
0.0899328 0.206368 0.682732
0.100587 -0.115595 1.53307
-0.0577697 -0.223069 1.49318
-0.0888766 -0.179453 1.19377
-0.139586 -0.1525 0.432326
0.0805982 -0.00210183 0.13636
-0.0124872 0.138884 1.25562
-0.0719699 0.263136 1.71939
-0.176404 -0.297775 0.874426
-0.015893 -0.199613 1.21996
-0.0296185 0.0388667 0.251391
-0.318637 0.0602645 0.944791
-0.0723692 0.136824 0.587026
-0.213006 0.128674 0.82172
-0.0192647 0.037746 0.788465
0.196856 0.203809 0.663441
0.252389 -0.167036 0.557555
0.374409 -0.24991 0.912932
0.157499 0.177346 0.703888
0.381386 -0.0153589 1.06308
0.51453 -0.214195 0.959681
0.155241 0.159655 1.32908
0.256525 -0.125792 1.56114
0.384567 -0.128898 1.80082
-0.387663 0.0525202 0.425133
-0.663445 -0.120123 0.95674
0.3776 -0.036685 1.08265
0.193101 0.199372 0.652389
0.870125 -0.101211 1.47517
0.307136 0.13887 0.453917
0.553588 0.0698666 1.40961
-0.605974 0.040751 0.978859
-0.191012 0.0606285 0.305801
0.133591 -0.040718 0.230256
0.0161589 0.101384 0.999909
0.445823 0.234746 0.936686
-0.605813 -0.266659 1.09839
-0.464488 0.107825 0.879217
-0.363286 0.0773807 0.682777
-0.0860514 -0.193334 1.91899
-0.188271 0.0820898 0.842506
0.0126509 -0.0546891 0.0875098
0.385887 -0.120678 0.41306
0.3956 0.00907122 1.12894
0.0576373 -0.052798 0.246806
0.402761 -0.204503 1.31906
0.45444 0.00900449 1.25828
0.0319885 -0.0510764 0.157341
-0.293778 -0.302703 0.964536
-0.0692825 -0.0077386 0.913291
0.439563 0.0359545 1.02382
0.326172 0.185197 0.594239
-0.00107803 0.173079 1.15126
0.752358 0.204013 0.74585
0.0233996 0.118472 1.15793
-0.0603287 0.204291 1.37802
0.28019 0.158666 0.456441
0.206827 0.17685 0.499466
-0.272878 0.0637344 0.308892
-0.0134858 0.0370568 0.182111
-0.0774295 0.0423384 0.17272
0.00759087 0.00651675 0.225306
0.332773 0.165678 0.469343
-0.0497427 0.0349173 0.179541
-0.630851 0.0508787 1.02639
0.229621 -0.118459 1.60241
-0.0576025 0.0380276 0.18019
-0.269181 0.0547992 0.390809
-0.177256 0.117518 0.628779
-0.183991 0.0546244 0.285253
-0.294623 0.046775 0.334374
-0.27655 0.0568077 0.346439
-0.195174 0.0610426 0.307935
-0.0359024 0.0137352 0.143231
-0.777009 0.0205521 1.12968
-0.699219 0.0615843 0.983549
-0.246016 0.0918742 0.248054
-0.258295 0.0971691 0.205608
-0.29156 0.0675362 0.190204
-0.258375 0.0838565 0.18543
-0.322695 0.048242 0.263186
-0.888025 -0.0823331 0.771172
0.557762 -0.158241 0.604256
0.00976587 -0.147278 0.827351
0.0266539 0.132306 1.02726
-0.0393664 0.067567 1.46833
-0.258222 0.0795636 0.271371
-0.173975 0.0730624 0.31232
-0.110228 0.0976539 0.639661
-0.293107 0.0570597 0.144584
-0.270327 0.0589096 0.131464
-0.267642 0.0887311 0.205873
-0.267329 0.0513438 0.0980536
-0.130107 0.0818114 0.175572
-0.0105545 0.0644736 0.180924
-0.0376986 0.0226212 0.183121
-0.0111012 0.0509991 0.18252
-0.173363 0.0836129 0.302133
-0.060234 0.0880949 0.263308
-0.0109701 0.044071 0.155273
-0.119207 0.0689743 0.151289
-0.0369673 0.0664527 0.182416
-0.125996 0.075875 0.165165
-0.0303977 0.0664657 0.178756
-0.109683 0.0912711 0.173027
-0.102568 0.0797655 0.196261
-0.0106617 0.0446771 0.158185
-0.139463 0.0988443 0.163496
-0.26725 0.0631007 0.144154
-0.0365063 0.0672093 0.18329
-0.118406 0.070758 0.148278
-0.0407556 0.0875436 0.189213
-0.0314929 0.0333963 0.182324
-0.0987229 0.0973239 0.197109
-0.107531 0.0911992 0.177841
-0.0898951 0.0776475 0.171186
-0.0230585 0.0530698 0.182711
-0.0899934 0.078512 0.173203
-0.31902 0.0629437 0.280839
-0.272536 0.0852796 0.240106
-0.274685 0.0961951 0.194442
-0.368196 0.0536133 0.229379
-0.579518 0.0325286 0.693443
-0.249884 0.0694543 0.24762
0.127556 -0.0399156 1.71035
0.046915 0.0638525 0.260597
0.418241 0.0340473 1.04862
-0.522353 0.155972 1.01125
-0.489765 0.155378 1.04458
-0.025167 0.034626 0.210176
-0.507812 0.190415 0.881538
-0.146691 0.0484564 0.692288
-0.27212 0.0445288 0.860119
0.521411 0.0734544 1.06054
0.448747 0.129925 0.558017
-0.318465 0.136874 0.934368
-0.258068 0.0793531 0.295012
-0.312378 0.0459437 0.254031
-0.257836 0.0763522 0.306832
-0.283685 0.0497835 0.289399
-0.0915404 0.0254473 0.17032
-0.343129 0.172227 0.719819
-0.313468 0.179213 0.876471
0.367143 0.205959 1.17047
0.193087 -0.0832342 0.835568
-0.417746 0.0599952 0.460742
-0.281498 0.173219 0.865694
-0.0875556 0.0306973 0.169279
-0.243243 0.0776784 0.305626
0.298435 0.198073 1.17703
0.472909 0.204168 1.57935
0.584182 -0.100498 0.976183
0.325256 0.140236 0.445481
0.260674 0.177112 0.435696
0.345982 0.238862 0.5661
0.114113 -0.101444 1.51409
0.00531586 0.116626 1.10792
0.325482 0.156685 0.564785
0.00207794 0.162933 1.10517
0.38322 0.181436 0.487648
0.383886 -0.250358 0.839819
-0.276212 0.0685647 0.317576
-0.283203 0.0808162 0.314313
0.0539425 0.180004 0.522616
-0.739584 0.193556 1.03033
-0.311107 0.0597507 0.362393
-0.214491 0.0728449 0.285431
-0.0585847 -0.271261 0.895237
-0.0833824 0.0329083 0.171591
-0.1895 0.0767221 0.265017
-0.173925 0.0755055 0.277648
-0.282821 0.0752817 0.322225
-0.806765 -0.140761 0.941886
-0.338998 0.0198125 0.26505
-0.0294161 -0.0352303 -0.000735696
-0.377061 0.041452 0.237112
-0.374003 0.0186422 0.268623
-0.418987 0.167129 0.956608
-0.299424 0.0664568 0.540286
-0.0901762 0.0459712 0.171029
-0.106764 0.0594585 0.762358
-0.043244 0.0357432 0.183033
-0.0660348 -0.233927 0.974445
-0.020468 0.0357077 0.18239
0.0017297 0.107967 1.68253
-0.801528 -0.0445923 0.812173
-0.350318 0.150388 1.00323
-0.285742 0.0554624 0.243841
-0.540289 -0.0725909 0.545117
-0.276263 0.0879108 0.228345
-0.191479 -0.0264024 0.135159
-0.284872 0.053312 0.13671
-0.280543 0.0556706 0.133194
-0.215871 0.0786298 0.286456
-0.279355 0.0574252 0.166317
-0.251952 0.0702142 0.150112
-0.0259088 0.0225341 0.166575
-0.265466 0.0996857 0.287338
-0.262769 0.0920366 0.237115
-0.0265307 0.0242178 0.175229
-0.289448 0.09412 0.240539
-0.345576 0.0591802 0.218423
-0.287884 0.0119872 0.216786
-0.350395 0.0581414 0.244925
-0.25595 0.0781703 0.240436
-0.364331 0.0299636 0.256507
-0.335276 0.0472865 0.240158
-0.344148 0.0568837 0.239423
-0.215788 0.0867537 0.237392
-0.355337 0.0603954 0.180145
-0.307012 0.0410098 0.224552
-0.300341 0.0475525 0.266586
-0.234193 0.0724773 0.290462
-0.327431 0.0587056 0.224682
-0.313213 0.0130121 0.269154
-0.367029 0.0340789 0.283834
-0.218036 0.0824827 0.271206
-0.864669 0.372143 1.75383
-0.171338 0.0734054 0.271739
-0.317226 0.0490886 0.259878
-0.181432 0.0821752 0.264357
-0.345811 0.0176505 0.280016
-0.241412 0.0918493 0.241248
-0.599339 -0.201762 0.602577
-0.633954 -0.178089 0.636743
-0.279558 0.0597367 0.169943
-0.771926 -0.123946 0.701366
-0.35417 0.0485046 0.205122
-0.212511 0.0989195 0.261883
-0.761275 -0.121158 0.692526
-0.515975 -0.148071 0.50647
-0.555668 -0.188008 0.555784
-0.256096 0.0765424 0.243566
-0.291685 0.0639052 0.276996
-0.0669475 0.028357 0.177319
-0.558576 -0.0879219 0.96389
0.372268 -0.24132 0.829672
0.617173 -0.170816 0.672181
-0.0655864 0.142207 1.29749
0.284907 0.143881 0.484976
-0.0677649 0.0362592 0.17427
0.0538346 0.179087 0.472623
-0.594812 0.144564 0.932205
0.0859536 0.205472 0.667576
-0.0848115 -0.265996 1.24028
-0.640073 -0.17897 0.957878
-0.513597 0.17839 0.874269
0.376112 -0.267332 0.943715
-0.577931 -0.0108046 0.945651
-0.276848 0.0562242 0.718389
-0.0524666 -0.159854 0.791258
0.0261384 0.22082 1.38584
-0.0568283 -0.283828 0.821478
-0.622669 0.188366 0.979551
-0.610586 0.167187 0.901725
-0.517947 0.202269 0.983213
-0.73732 0.165702 1.03377
-0.622651 0.19482 0.981524
-0.275189 0.0821251 0.238982
-0.272923 0.0850695 0.218423
-0.115003 0.0569236 0.150479
-0.0510482 0.0523842 0.143135
-0.115186 0.0567369 0.150629
-0.25242 0.0853123 0.228654
-0.377353 0.0314229 0.267977
-0.057803 0.0609242 0.173378
-0.304659 0.0492777 0.114079
-0.344725 0.0225074 0.270756
-0.221364 0.090265 0.248474
-0.247267 0.0802611 0.215822
-0.212905 0.0944537 0.231463
-0.0355168 0.0574205 0.190521
-0.294952 0.0890397 0.21142
-0.382987 0.0343397 0.272269
-0.114471 0.0567523 0.149913
-0.294041 0.0565541 0.144588
-0.961169 -0.162102 0.529488
-0.694163 -0.189876 0.704732
-0.988412 0.0537948 0.668879
-0.96072 -0.0438483 0.523657
-0.93082 -0.0525795 0.516792
-0.708183 -0.0271317 0.855655
-0.674127 -0.10612 0.70916
-0.813474 0.0092782 0.503707
-0.728759 -0.0801466 0.775684
-0.89989 -0.0161066 0.535467
-0.168504 0.0809756 0.285734
-0.289404 0.0790777 0.212112
-0.359136 0.031677 0.273847
-0.969705 -0.155664 0.533264
-0.395121 0.0358458 0.428243
-0.59931 -0.104637 0.839079
-0.938271 -0.0452144 0.617368
-0.75655 -0.114877 0.696792
-0.593398 -0.200103 0.595005
-0.371111 0.0522254 0.192903
-0.245609 0.0744088 0.188606
-0.645954 -0.158047 0.337974
-0.344595 0.0556307 0.213947
-0.907722 -0.049186 0.591638
-0.951904 -0.0555083 0.618539
-0.288676 0.0570522 0.251088
-0.629584 -0.0205751 0.237028
-0.829264 -0.0374111 0.583799
-0.887708 0.025124 0.476405
-0.811967 -0.00515619 0.539903
-0.625659 -0.0254066 0.743599
-0.316813 0.054543 0.291254
-0.306635 0.0564351 0.319646
-0.788168 -0.181606 0.427609
-0.297971 0.0474341 0.26543
-0.538877 -0.0294014 0.522426
-0.669271 -0.0347713 0.66183
-0.469132 -0.0847263 1.016
-0.731462 0.0135805 1.01336
-0.0702681 0.0390975 0.173549
-0.298789 0.0519508 0.292476
-0.268712 0.0876389 0.243925
-0.0298415 0.066597 0.17997
-0.0138727 0.0933997 0.225146
-0.0417566 0.0278234 0.206115
-0.183695 0.118145 0.242002
-0.157071 0.109229 0.167338
-0.0410951 0.0915677 0.198313
-0.0838773 0.0970163 0.195557
0.00308939 0.0834308 0.18721
-0.158052 0.109835 0.169351
-0.0786851 0.0678388 0.180041
-0.0116575 0.0785829 0.183756
-0.108492 0.0964307 0.167363
-0.0399579 0.0838523 0.157061
-0.14014 0.0983969 0.162387
-0.111796 0.0995717 0.175217
-0.0520662 0.0901537 0.193141
-0.239293 0.0721472 0.188756
0.000151335 0.0740638 0.161483
-0.00145904 0.0646364 0.178895
-0.0802508 0.101458 0.193884
-0.0409171 0.100548 0.194546
-0.0131851 0.0732958 0.170679
-0.138363 0.0977265 0.162145
-0.132587 0.0578517 0.155031
-0.040609 0.0927735 0.177206
-0.0606048 0.079652 0.165726
-0.0129494 0.0555948 0.179302
-0.167898 0.118772 0.18602
-0.0501501 0.0857675 0.183152
0.00620087 0.074723 0.151072
-0.125875 0.0957792 0.228711
-0.0503074 0.086353 0.18457
-0.0521076 0.0988844 0.199883
-0.0818085 0.0850102 0.194145
-0.132022 0.0617548 0.169206
-0.124507 0.0997103 0.152019
-0.140644 0.0718886 0.164695
-0.089304 0.100301 0.143128
-0.351663 0.0162819 0.285086
-0.305513 0.0614062 0.151802
-0.0553236 0.16782 1.16557
-0.591176 -0.237274 0.599179
-0.760422 -0.186038 0.671248
-0.826155 -0.00652912 0.55079
-0.30234 0.19005 0.768551
-0.0883411 0.193838 0.78305
-0.058297 0.160437 0.713716
-0.518314 -0.182049 0.561635
-0.412439 0.103523 0.296677
-0.295615 0.0548482 0.16299
-0.306174 0.101418 0.248667
-0.293257 0.0526847 0.301772
-0.582743 -0.169576 0.640846
-0.278735 0.054129 0.239767
-0.537885 -0.18724 0.584429
-0.404788 0.0990178 0.531607
-0.557984 0.156192 0.763806
-0.191221 0.060687 0.289539
-0.475578 0.130621 0.64146
-0.39479 0.0543235 0.247861
-0.366979 0.0172051 0.261958
-0.459285 0.0166752 0.340877
-0.346736 0.0560536 0.177438
-0.285699 0.0842058 0.318863
-0.462588 -0.0839044 0.484653
-0.370056 0.0643971 0.237359
-0.369614 0.020452 0.303508
-0.239889 0.0520515 0.128281
-0.390044 0.0576288 0.204558
-0.0652892 0.0300516 0.180082
-0.25537 0.0837601 0.229842
-0.336722 0.0585539 0.212216
-0.344064 0.0208342 0.270417
-0.313491 -0.00844414 0.210411
-0.04324 0.0358091 0.182715
-0.682684 -0.277299 0.962758
-0.0267118 0.0271992 0.183324
-0.0912543 0.0283221 0.18407
-0.0852619 0.0490659 0.172175
-0.214282 0.0765592 0.28158
-0.270524 0.0379052 0.235548
-0.292345 0.0536057 0.298811
-0.251619 0.0761202 0.251324
-0.12991 0.101844 0.781545
-0.377354 0.0624015 0.93998
-0.0250061 0.0354687 0.184748
-0.190288 0.100461 0.252864
-0.0554873 0.0299414 0.17984
-0.247899 0.07315 0.255889
-0.243477 0.0746344 0.311656
-0.106496 -0.0266799 0.832696
-0.0867724 0.028936 0.16601
-0.171513 0.110239 0.297191
-0.281471 0.0545894 0.240046
-0.367582 0.0320678 0.2587
-0.295199 0.0720621 0.217496
-0.331873 0.0502637 0.234069
-0.228527 0.088126 0.257012
-0.358656 0.0317586 0.250715
-0.311749 0.00246708 0.226619
-0.0369676 0.0305329 0.229961
-0.328657 0.0503721 0.233325
-0.35098 -0.00547355 0.233402
-0.287637 0.011098 0.193088
-0.311818 0.0264719 0.293256
-0.293838 0.0481776 0.264625
-0.1659 0.0790297 0.284762
-0.321681 0.0668873 0.249884
-0.289113 0.049603 0.281967
-0.350266 0.0092247 0.260708
-0.387186 0.0547149 0.226479
-0.216332 0.0806108 0.240092
-0.33193 0.0721133 0.418505
-0.387154 0.0524615 0.241658
-0.296111 0.0710959 0.194559
-0.337299 0.0203911 0.263581
-0.370054 0.0496166 0.214484
-0.269037 0.102635 0.293693
-0.128669 0.119006 0.656307
-0.185197 0.17733 0.79222
-0.0692627 0.0378169 0.173068
-0.0709548 0.132518 0.572424
-0.0760313 0.0208511 0.170215
-0.250125 0.0676225 0.300445
-0.0775487 0.0290768 0.175581
-0.135689 0.07015 0.20976
-0.0904745 0.0606299 0.170144
-0.166663 0.0956089 0.291291
-0.290182 0.0520198 0.296703
-0.281442 0.0633964 0.289143
-0.0552027 0.0293978 0.179931
-0.211848 0.0602473 0.295927
-0.650613 -0.0744596 1.01344
-0.334223 0.0455398 0.866189
0.0479119 0.165679 0.487714
0.108685 -0.173481 1.66496
-0.0179765 0.0303254 0.182706
0.59507 0.111645 1.20315
0.357366 0.100924 0.477626
0.0707868 0.080688 0.159417
0.0305989 0.019187 0.0532622
0.0770334 0.0942122 0.235166
-0.0181368 0.0398656 0.180418
-0.0337479 0.0383452 0.235846
-0.0108701 0.0790614 0.185221
0.575788 0.025524 0.970229
-0.0328133 0.0219 0.175102
0.00414959 0.0549341 0.18396
-0.076117 0.0284949 0.173922
-0.172209 0.0851914 0.170063
-0.0557031 0.028581 0.175052
-0.180476 0.0685353 0.231531
-0.184287 0.127002 0.251137
-0.201774 0.0776043 0.179642
-0.173723 0.0400134 0.18594
-0.0523697 0.023397 0.17553
-0.0356296 0.032808 0.238629
0.0656721 0.0624874 0.135077
0.0720895 0.0624697 0.162323
0.0200126 0.05636 0.132085
-0.0363246 0.0589159 0.178421
0.0201701 0.0565454 0.132623
0.0177558 0.0158307 0.272098
-0.076832 0.0413935 0.170029
-0.00689264 0.0422131 0.187011
-0.0343949 0.0218899 0.183623
0.131598 0.0842503 0.230127
0.111433 0.0680744 0.127636
-0.0296347 0.0493208 0.179121
-0.0246331 0.0461315 0.183688
0.895474 -0.203003 1.00373
0.535161 -0.13282 0.545792
0.733353 -0.176286 0.818991
0.753157 -0.182719 0.845858
-0.158521 0.0625783 0.209637
-0.0638602 0.0401808 0.252001
-0.0267873 0.0707151 0.202277
-0.1763 0.0630825 0.201702
-0.123076 0.059227 0.145119
-0.0897472 0.0449924 0.169267
-0.0181878 0.0538189 0.220718
-0.148378 0.0451571 0.176788
-0.158107 0.115298 0.325025
0.0144474 0.10371 0.299997
-0.0789623 0.0514448 0.19354
-0.19891 0.110558 0.215198
-0.204282 0.1152 0.223361
-0.229706 0.0911728 0.251652
-0.0149015 0.0354989 0.187173
-0.122304 0.05921 0.14456
-0.369653 -0.0974261 0.84229
-0.192391 0.0728303 0.287839
-0.298718 0.0306574 0.162461
-0.254572 0.0750704 0.240998
-0.336343 0.0539888 0.210275
-0.375199 -0.000948279 0.267556
-0.166386 0.00280946 0.0552466
-0.374915 0.0492546 0.239153
-0.258905 0.0770546 0.246755
-0.177127 0.0716001 0.264911
-0.262158 0.097019 0.26768
-0.29661 0.0702267 0.194768
-0.336516 0.00213387 0.274797
-0.239075 0.0695681 0.190109
0.00250541 0.0557088 0.183251
0.0037372 0.0575304 0.190068
0.000612358 0.0747957 0.173705
-0.0412535 0.0881489 0.191327
-0.119441 0.0792174 0.147836
-0.0878551 0.0945614 0.168779
-0.11046 0.0985757 0.172932
0.0011021 0.047897 0.1845
-0.108965 0.0775054 0.148888
-0.107137 0.0940623 0.162994
-0.0406921 0.0251305 0.189779
-0.175908 0.0953932 0.23124
-0.0115882 0.0359432 0.183123
-0.284757 0.0564183 0.244341
-0.37234 0.0591109 0.235586
-0.197175 0.0810802 0.265325
-0.237597 0.0714677 0.302201
-0.348672 -0.0126513 0.234924
-0.325432 0.107261 0.564041
-0.627547 0.013249 0.529994
-0.426194 0.187999 0.893247
-0.12921 -0.0150371 0.934335
-0.00762918 0.0519066 0.186852
-0.350195 0.0683918 0.225268
-0.303961 0.0666328 0.19971
-0.0141833 0.0550687 0.184391
-0.167988 0.123945 0.548893
-0.217848 0.180653 0.746394
-0.211584 0.142544 0.752444
-0.311336 0.0966274 0.35054
-0.40928 -0.00966814 0.288564
-0.203299 0.0864778 0.261098
-0.325856 0.0499638 0.221975
-0.267604 0.0930645 0.240386
-0.311469 0.0461193 0.254015
-0.244491 0.0766468 0.245254
-0.232446 0.0702934 0.226211
-0.345607 -0.00271044 0.241322
-0.227614 0.0881709 0.256557
-0.331816 0.0469968 0.235844
-0.320419 -0.113317 0.951424
-0.509136 -0.0845732 0.879413
-0.269563 0.182208 0.774458
-0.110574 0.0733671 0.17638
-0.288142 0.0917033 0.341133
-0.0592596 0.0792718 0.181052
-0.239748 0.105682 0.287883
-1.06441 0.14725 1.30421
-0.225737 0.0666991 0.217433
-0.269575 0.0495097 0.143561
-0.373123 -0.00103572 0.25968
-0.291996 0.0596609 0.213205
-0.213221 0.0926935 0.269971
-0.62264 0.022955 0.537791
0.344965 0.135855 0.427634
-0.0618315 -0.100344 0.876587
-0.0543205 -0.267635 0.766906
-0.0597039 0.0296939 0.176861
0.527687 0.235845 1.06058
0.142956 0.0157721 0.477818
-0.0570058 0.0351802 0.179061
-0.0461578 -0.146449 0.659681
-0.0233184 0.0452959 0.153069
-0.106629 0.10297 0.141814
-0.108696 0.099526 0.145664
0.00440351 0.0783366 0.161093
0.469121 -0.0895896 0.906739
-0.0226491 0.0473927 0.180754
-0.0826973 0.0380844 0.168943
-0.470503 -0.161092 0.97334
-0.91336 -0.0527234 0.591181
-0.259078 0.0814723 0.23684
-0.886909 -0.201019 0.488036
-0.312609 0.051994 0.281853
-0.685146 -0.00189227 0.262954
-0.783274 0.0657853 0.794991
-0.843054 0.15107 0.440074
-0.78016 -0.130432 0.50525
-0.826007 -0.134222 0.535488
-0.619536 -0.182761 0.261887
-0.862975 -0.139248 0.563412
-0.345709 0.0325065 0.269307
-0.636186 -0.187448 0.270806
-1.00152 -0.0499158 0.565984
-0.883883 -0.0449174 0.47505
-0.531615 0.0815287 0.205776
-0.210165 0.0921495 0.225165
-0.896066 -0.20294 0.495062
-0.825767 0.15493 0.350314
-0.650295 -0.191128 0.277958
-0.288783 0.0674005 0.188519
-0.290551 0.0665998 0.190574
-0.814791 0.144855 0.42325
-0.0670896 0.0274662 0.175025
-0.233837 0.0487708 0.0808338
-0.0777102 0.043968 0.176215
-0.227495 0.0460505 0.0769778
-0.813522 -0.134498 0.53037
-0.383992 0.0585127 0.241012
-0.250858 0.092613 0.252329
-0.87067 -0.138797 0.487565
-0.630197 -0.0486063 0.627443
-0.274795 0.073054 0.133313
-0.235541 0.0648701 0.172327
-0.36235 0.00345103 0.287932
-0.0795895 0.0482184 0.175831
-0.267186 0.0698505 0.127342
-0.269926 0.0710946 0.129249
-0.263271 0.056766 0.124487
-0.290857 0.0540555 0.222495
-0.238551 0.0904491 0.174057
-0.0354177 0.0547619 0.181712
-0.178611 0.117994 0.239379
-0.243806 0.0890348 0.188716
-0.278673 0.0811338 0.173778
-0.237019 0.0501969 0.0835886
-0.386501 0.0381605 0.359743
-0.282071 0.0557576 0.164661
-0.215552 0.0808039 0.271001
-0.281429 0.0657851 0.181733
-0.352063 0.0609118 0.847082
-0.409603 -0.0780284 0.413608
-0.645098 -0.0103857 0.269817
-0.277109 0.0859215 0.206256
-0.349139 0.0158232 0.281656
-0.274867 0.086032 0.204721
-0.258656 0.0879 0.231719
-0.26752 0.0767192 0.192407
-0.262723 0.0728795 0.142528
-0.241705 0.051062 0.08707
-0.905526 -0.141647 0.581011
-0.914609 -0.153694 0.502019
-0.741247 0.128531 0.381228
-0.84535 0.0237893 0.450321
-0.884579 0.16096 0.465037
-0.702202 -0.000911126 0.269954
-0.249204 0.067392 0.299962
-0.82777 0.0225043 0.437822
-1.03744 -0.0625006 0.67776
-0.928035 -0.0374583 0.501336
-0.727096 -0.174027 0.48327
-0.639729 -0.0774741 0.671001
-0.914776 -0.142883 0.534826
-0.633489 -0.0102833 0.263406
-0.837588 -0.13996 0.453896
-0.873127 0.0253745 0.465856
-0.791227 0.00879028 0.554214
-0.237089 0.0735873 0.295668
-0.276892 0.205557 0.562441
-0.827237 -0.0875858 0.442313
-0.600802 0.0358179 0.588697
-0.323856 0.0110709 0.280176
-0.877089 -0.14755 0.478588
-0.617692 -0.0361846 0.607081
-0.258206 0.0717288 0.143977
-0.280054 0.0779396 0.209207
-0.922432 0.0221954 0.954913
-0.723868 -0.0699149 0.74362
-0.703546 -0.0357737 0.699928
-0.507324 0.0869244 0.278982
-0.349905 0.0125858 0.257831
-0.733321 -0.00570428 0.314463
-0.484436 -0.00883801 0.812029
-0.795885 0.0279339 1.16147
-0.275285 0.0530882 0.148912
-0.299484 0.0699197 0.218911
-0.836717 -0.204742 0.745481
-0.671697 0.0397267 0.766341
-0.149386 0.17252 0.771129
0.650361 0.122246 1.32475
0.0362745 0.057455 0.184218
-0.145484 0.115146 0.789883
0.283254 -0.0187128 0.548203
0.502496 -0.224947 0.945744
0.603585 0.0183192 1.00732
0.354022 0.0777227 0.419866
0.0667718 0.0544884 0.159054
-0.0657752 0.0621162 0.0926071
0.0335605 0.0840691 0.174387
-0.0115929 0.0837602 0.126931
-0.104168 0.0698396 0.216498
-0.0711492 0.0696516 0.107714
0.0556863 0.0671126 0.123208
0.0364044 0.0583691 0.18324
0.0505253 0.067419 0.118915
0.0692496 0.0551589 0.161504
-0.00560493 0.0452652 0.0774176
-0.0403822 0.0928157 0.121723
-0.046757 0.087423 0.0995242
0.0503122 0.0623874 0.112591
0.00963642 0.0830032 0.106409
0.105416 0.0890063 0.196477
-0.0515894 0.106536 0.13189
0.0670269 0.0630558 0.113475
-0.0502074 0.100105 0.121718
0.0313726 0.0831612 0.171375
-0.029406 0.0909958 0.112448
0.0682951 0.0842479 0.155672
-0.00726893 0.10348 0.148696
0.0677974 0.0840485 0.154811
0.0407647 0.100755 0.205142
-0.0953707 0.0824839 0.136566
-0.11079 0.0990252 0.173643
0.0223287 0.0943549 0.157595
-0.10736 0.0760164 0.14565
-0.00191696 0.0891365 0.140017
-0.0233394 0.0994171 0.177874
-0.0132763 0.0758641 0.17801
0.0295596 0.0945116 0.154685
0.0457057 0.132107 0.25201
-0.165416 0.07844 0.286243
-0.0408411 0.10639 0.208136
0.00724276 0.0960929 0.149287
-0.0735342 0.0894806 0.125175
-0.0106746 0.0905884 0.141112
-0.0383334 0.111312 0.178285
-0.0568138 0.0989337 0.138785
0.0251304 0.0944416 0.176464
-0.0400392 0.0896989 0.116257
-0.0765096 0.0774016 0.173228
-0.0289514 0.101496 0.150409
-0.0108782 0.10193 0.213583
-0.109882 0.078821 0.151558
0.0398999 0.0860454 0.162666
-0.0931741 0.0931029 0.180045
-0.0681014 0.0897965 0.102517
-0.0100469 0.105169 0.221432
0.0314657 0.0842959 0.172264
-0.255118 0.0569658 0.135678
0.0255634 0.158162 1.42385
-0.55855 -0.168061 0.61187
-1.0162 0.0486156 0.893082
-0.557512 -0.167046 0.607955
-0.277105 0.167133 0.824818
-0.294105 0.0503865 0.28502
-0.628173 0.232061 1.0875
-0.213077 0.0726601 0.284087
-0.064136 -0.117283 0.884187
-0.525988 -0.0856624 0.905217
0.014698 -0.204263 1.20242
-0.245215 0.070585 0.312523
-0.0184016 0.0476011 0.186176
-0.0500388 0.0355695 0.181096
-0.275321 0.0732926 0.134834
-0.293148 0.0639943 0.145024
-0.233193 0.0857003 0.167389
-0.271095 0.0761568 0.147673
-0.255449 0.0857226 0.23162
-0.123256 0.0748863 0.159811
-0.229709 0.0834761 0.162905
-0.343482 0.0290512 0.235822
-0.114023 0.0569086 0.149683
-0.271337 0.0585356 0.130071
-0.261319 0.0498133 0.0950545
-0.262239 0.0615326 0.1401
-0.0777657 0.0670435 0.173694
-0.216612 0.0975734 0.238618
-0.245463 0.112226 0.167917
-0.822316 -0.127994 0.75326
-0.390342 0.0582341 0.232805
-0.525143 0.0876138 0.299692
-0.238961 0.10778 0.161252
-0.222678 0.110782 0.286579
-0.26711 0.0748577 0.14622
-0.347279 0.057431 0.241674
-0.945143 -0.0501387 0.528832
-0.959989 -0.149031 0.63002
-0.272857 0.0899465 0.200273
-0.37667 0.0540328 0.221582
-0.966895 -0.0459263 0.527143
-0.826345 -0.036848 0.568855
-0.0632492 0.0344438 0.178354
0.637702 -0.0664027 1.43565
-0.059576 0.0481962 1.01173
-0.0499122 0.0717179 0.383394
0.130347 0.245715 0.622564
-0.00789922 0.0557655 0.187577
-0.0295891 0.05791 0.186223
0.062248 0.0778756 0.14355
0.0720024 0.0579422 0.161287
-0.0303996 0.0691356 0.18435
-0.0695786 0.113482 0.209082
0.0838071 0.0584642 0.16749
0.399586 0.0851882 0.462841
0.00396946 0.0560219 0.187351
0.194346 -0.0227649 0.230702
0.162662 -0.00371549 0.191578
0.266977 0.176415 0.4769
0.104184 -0.00556255 0.101829
0.341012 0.147049 0.463045
0.334775 0.0572669 0.414133
0.231274 -0.0215281 0.279925
0.313914 0.138247 0.445403
0.349462 0.0576016 0.684427
0.357798 0.102781 0.439674
-0.0382627 0.110897 0.825769
0.415191 -0.170625 1.35164
-0.0583108 -0.325843 0.986851
0.00534935 -0.0266298 -0.006412
0.17119 0.186574 0.742442
-0.181449 0.0781275 0.280455
-0.0605301 -0.243933 0.927571
-0.108929 0.0615655 0.150645
-0.152235 0.0811908 0.188269
-0.240966 0.089478 0.172915
-0.106074 0.0745375 0.141836
-0.313652 0.108196 0.574717
-0.0218891 0.0508064 0.18612
-0.788156 0.0461064 0.950193
-0.0525117 0.0253 0.183148
-0.0769665 0.0794239 0.17704
0.367018 0.0839387 0.432661
0.667971 0.139245 0.897137
0.0826186 0.0581018 0.165866
-0.41054 0.129533 1.02851
0.0557528 0.072015 0.169397
-0.00593114 0.0489175 0.15791
0.200676 -0.0207749 0.238635
0.217655 -0.0195692 0.261695
-0.0608316 0.0290701 0.175295
-0.177102 0.062827 0.85954
0.00494886 0.0276892 0.183388
-0.0224042 0.027088 0.184382
-0.0131066 0.0373191 0.18303
0.563761 -0.0366133 1.08901
0.0427926 0.0941463 0.228692
0.375632 -0.0125979 1.08198
-0.368414 0.0344594 0.25911
-0.320696 0.0489248 0.262851
-0.513042 0.0230146 0.708819
0.603672 -0.0225313 1.22028
-0.0672489 0.0310029 0.186477
0.34815 0.0973466 0.574044
-0.021496 0.0477934 0.182318
-0.0303831 0.0797086 0.186251
-0.0959355 0.0989141 0.14664
-0.0662146 0.0360112 0.176666
-0.0777852 0.0698563 0.397889
0.0703705 0.0451032 0.119202
-0.0315686 0.0466313 0.283712
-0.138728 0.115189 0.983508
0.610137 -0.14657 0.63553
0.489158 0.131425 0.812894
0.576674 0.0282265 0.966557
-0.0406863 -0.144984 0.906659
0.109668 -0.166407 1.56974
0.58647 -0.146742 0.654872
0.0660669 -0.0298613 0.106839
0.385998 0.146754 0.439982
0.507775 0.274521 0.944507
-0.0888435 0.0502368 0.175319
-0.00035627 0.0473178 0.190455
0.15295 0.0760582 0.272216
-0.037417 0.0587728 0.187875
-0.0261361 0.0234986 0.167775
-0.110017 0.0755581 0.581247
0.561641 -0.273987 0.906247
-0.215397 -0.314614 0.967595
-0.0227085 0.0269656 0.182299
0.0475079 0.060024 0.106545
0.0261022 0.102004 0.174093
0.00621053 0.102013 0.22675
0.00693416 0.0805849 0.167126
-0.000522165 0.0602955 0.116611
0.0020923 0.098322 0.180334
0.04974 0.0878663 0.162087
0.0697582 0.0940402 0.17297
0.0650924 0.0937351 0.171401
-0.0102254 0.0630499 0.178934
0.0325179 0.0842791 0.172852
-0.0162047 0.102628 0.182447
-0.104436 0.0994382 0.208401
-0.00660573 0.0895579 0.145279
-0.0029793 0.0850072 0.132378
-0.0188236 0.0902823 0.147777
0.0324341 0.108775 0.208694
-0.0482454 0.0787021 0.181982
0.25592 0.184325 1.09588
0.00116522 0.0332422 0.179832
-0.0798352 0.029497 0.172701
0.487018 0.252691 1.30431
-0.0651223 0.033881 0.175763
-0.012078 0.0325411 0.183995
-0.620361 0.0781449 0.792967
0.00319205 0.0448047 0.184129
-0.526254 0.190711 0.91254
-0.524938 0.199582 0.914486
-0.25969 0.0812218 0.299451
-0.215494 0.179763 0.738666
-0.0536819 -0.0272437 0.00559926
-0.235871 0.0735146 0.294195
-0.431512 0.0900732 0.920976
0.00818028 0.0371376 0.184992
-0.173377 0.158689 0.719115
-0.038231 -0.0203535 0.057359
0.403871 -0.029114 1.28765
-0.330872 0.180814 0.888263
-0.345218 0.104439 0.956134
0.00340126 0.0580046 0.194131
0.022791 -0.0814686 0.188158
-0.0196352 0.0474476 0.190324
-0.184644 0.0813297 0.352205
0.00453846 0.0787442 0.162635
0.419443 -0.0472653 0.939125
-0.126156 0.0592473 0.161227
0.0515021 0.0587095 0.182482
-0.0569152 0.0326538 0.197876
-0.0872031 0.0480681 0.175225
-0.0771437 0.0783633 0.175909
-0.0471857 0.0297538 0.223158
-0.119194 0.063706 0.156217
-0.201339 0.0978313 0.215995
-0.0663071 0.0749282 0.216368
-0.0357617 0.0262179 0.154302
-0.0647703 -0.022053 -0.00337577
-0.0783427 0.0287928 0.197411
-0.127666 0.0618424 0.147041
-0.0288583 0.0575826 0.174988
-0.0111812 0.0624831 0.223026
-0.0257418 0.0656998 0.193276
-0.55063 0.114812 1.12866
0.5559 -0.0112392 0.951061
-0.0144767 0.0838095 1.30153
0.373961 -0.25543 0.851995
-0.0184129 0.0325587 0.182647
0.178896 0.120042 1.47084
-0.0613215 0.0343175 0.178966
-0.033412 0.0243923 0.186151
-0.0810101 0.0486337 0.173165
-0.0132363 0.0660477 0.179046
0.0367109 0.0771796 0.195771
-0.103151 0.0815495 0.20069
-0.0265741 0.0671678 0.18515
-0.0513599 0.0444215 0.149706
-0.201494 0.0955663 0.834811
0.062707 0.0451464 0.111221
0.0570376 0.0475857 0.107381
-0.0275487 0.0435425 0.185867
-0.0328948 0.0221118 0.177393
-0.0364843 0.0542268 0.184212
0.00130326 0.0481563 0.187426
0.0390718 0.0558648 0.170712
0.0883217 0.0568634 1.12695
-0.0892042 0.0499805 0.173737
-0.193022 0.0856377 0.30608
-0.441867 0.0898769 0.867543
-0.0889136 0.049826 0.172472
-0.031734 0.0360868 0.187608
-0.0432695 -0.073488 0.610646
-0.00261311 0.0569197 0.194446
-0.0270286 0.0269706 0.191502
0.0499157 0.0680219 0.166625
0.609741 -0.103893 1.01922
0.428159 -0.141952 1.1156
0.314761 0.107746 0.553458
-0.180668 0.125877 0.808062
-0.0879418 0.0416714 0.168102
0.00400152 0.0297568 0.181289
-0.2931 0.0924448 0.465634
-0.0404299 0.0595381 0.203826
0.373424 0.101014 0.620397
0.136331 0.0444603 0.244116
-0.0906617 0.0625203 0.171073
0.0906142 0.06205 0.157533
0.151812 0.211462 1.27558
0.0862776 0.0583618 0.149366
-0.0546578 0.0255791 0.193619
0.582622 -0.0999278 0.977538
0.0321697 0.0708309 0.183098
-0.196507 0.0759714 0.295381
-0.114424 0.0563189 0.149208
-0.262705 0.15078 0.630277
-0.029892 0.0533338 0.183233
-0.130171 0.0601102 0.163454
-0.190157 0.0948804 0.239242
0.00164712 0.0785329 0.184382
-0.0301746 0.078904 0.183956
0.00391214 0.0807945 0.17912
-0.0270385 0.0509903 0.160563
0.812478 -0.174878 0.883453
0.794272 -0.18851 0.887541
0.00577203 0.0248512 0.182298
-0.0405783 -0.127407 0.507469
-0.363104 0.17681 0.790514
-0.0714357 0.0652059 0.34863
-0.0117151 0.0353158 0.180758
0.248647 0.222289 0.799402
0.29955 0.0909745 0.447985
0.328191 -0.235616 0.793265
0.389147 -0.127581 1.0013
-0.198174 0.179862 1.05823
0.83323 0.00774158 1.63726
0.298344 -0.0338658 0.57089
0.0240615 0.123307 0.978793
-0.0377853 0.0273839 0.201399
0.00710798 0.0395074 0.174125
-0.0258746 0.0790393 0.185507
0.0778402 0.0583134 0.169876
0.520387 -0.0799063 0.956763
-0.018185 0.0322891 0.184209
0.604113 -0.100801 1.01539
-0.0222581 0.0484042 0.162008
0.669813 0.0837166 1.43021
-0.0635888 0.0790769 0.180229
0.326584 0.178887 0.991005
0.109597 0.0675086 0.125589
0.0324619 -0.186663 1.15097
0.41396 0.0544231 1.04121
0.0683132 0.0671785 0.151186
-0.0761951 0.0698442 0.20561
-0.0305899 0.0332694 0.183593
0.252537 -0.0345781 0.47989
-0.207756 0.0800543 0.263894
-0.0898857 0.0455176 0.170259
-0.0904523 0.0789092 0.172893
0.334572 0.100351 0.582694
0.316016 0.213991 1.25282
-0.722013 -0.132776 1.05245
0.0447257 0.0888865 1.53408
-0.086953 0.0299502 0.166664
-0.408305 0.0705708 0.961355
0.508341 -0.272984 1.08354
-0.0635445 0.0296287 0.176831
-0.0145609 0.0426505 0.240679
-0.10605 -0.0157579 0.819118
0.362513 0.173547 0.469909
0.359443 0.162697 0.518665
-0.0930358 0.0718012 0.171365
-0.214036 0.0745672 0.284754
-0.184767 0.109697 0.240913
-0.091723 0.0576842 0.173176
-0.312081 0.038508 0.948452
-0.945906 -0.0229113 1.23969
-0.993254 -0.0219584 1.30643
-0.79276 -0.138311 0.924998
-0.277172 0.0922992 0.318495
-1.08757 0.153343 1.3342
-0.228177 0.153483 0.742835
0.111254 -0.0416015 1.51471
-0.186891 0.0711052 0.265759
-0.248171 0.0912379 0.195821
-0.248002 0.0698498 0.366745
-0.0632977 0.0541995 0.173467
-0.208313 0.11293 0.210481
-0.285932 0.0609259 0.265229
-0.00517954 0.0378818 0.181117
-0.0893836 0.0438236 0.166417
-0.569019 0.207827 0.983383
0.583877 -0.152143 0.646852
-0.00670406 0.0372224 0.188212
-0.0984527 0.0783367 0.188463
-0.0231633 0.0476716 0.159512
-0.0649808 0.0466325 0.181229
-0.0639424 0.053891 0.16873
-0.0789985 0.0862101 0.231005
-0.329763 0.179756 0.885907
-0.0638336 0.068682 0.18846
-0.23545 0.0951728 0.231539
-0.163311 0.0950822 0.280747
-0.537136 -0.0252172 0.925674
-0.0878246 0.0456206 0.171123
-0.27606 -0.296678 0.924282
-0.0284487 0.0327914 0.209486
-0.0082442 0.0396772 0.181522
-0.0625838 0.0281051 0.170603
0.0811077 0.0568679 0.163105
-0.0318961 0.0349288 0.185331
0.123383 0.0715284 0.209352
-0.00525052 0.0508107 0.175353
-0.00928848 0.0496687 0.182377
0.426629 -0.0969294 0.996269
-0.0225366 0.0566935 0.182209
0.728368 -0.0171236 1.24181
0.445855 0.0990612 0.520071
-0.0756413 0.0717576 0.163085
-0.0565144 0.0573796 0.187026
-0.0625052 0.0805673 0.175286
-0.128283 0.0625353 0.148049
-0.21371 0.076889 0.280576
-0.080498 0.0398717 0.173964
-0.242482 0.0725181 0.314147
-0.213493 0.0922754 0.217873
-0.759217 0.0072646 1.06384
-0.799593 -0.146904 0.914011
-0.358655 0.157903 0.833306
-1.09396 0.148903 1.33999
-0.799278 0.0207109 0.905613
-0.259005 0.0988555 0.212204
-0.382439 0.118846 0.801253
-0.257262 0.0985889 0.309514
-0.120439 0.0640043 0.17162
-0.177398 0.0645142 0.797175
-0.244056 0.0713356 0.313794
0.115058 0.149496 0.956956
-0.753085 0.0693038 1.03831
-0.170311 0.0792511 0.205799
-1.0389 -0.025833 1.36982
-0.0774067 0.0638589 0.169539
-0.0914202 0.080911 0.167269
-0.202373 0.0797277 0.297604
-0.11334 0.0535056 0.147327
-0.0226251 0.0462726 0.17752
-0.0279207 0.0486203 0.183888
-0.286484 0.0525258 0.296052
0.000860739 0.052493 0.188531
-0.28023 0.0740667 0.317643
-0.118757 0.0611636 0.16436
-0.118074 0.0717228 0.144571
-0.117295 0.062573 0.153533
-0.124868 0.0586125 0.160934
-0.103534 0.0843904 0.206959
-0.20908 0.0824765 0.226347
-0.25047 0.0805292 0.222431
-1.04681 0.0769676 1.09519
-0.880654 -0.149629 1.04143
-0.788736 -0.146619 0.902421
-0.253633 0.0942952 0.201941
-0.275354 0.185129 0.792382
-0.251625 0.0876963 0.262217
0.539528 0.00403439 1.05341
-0.0407797 0.037652 0.287917
0.0534216 0.0700322 0.164164
0.042869 0.0644625 0.204988
0.487541 -0.315043 1.12488
1.08383 0.170326 1.17629
0.368436 -0.0435744 0.465235
-0.303707 0.0908386 0.816884
0.483217 -0.154018 0.498904
-0.0421619 0.0283548 0.183282
0.0409902 0.0801994 0.23125
0.0536843 0.0791036 0.597341
0.73694 -0.178652 0.817052
0.640196 -0.150308 0.687757
0.78815 -0.18658 0.879441
0.00424231 0.081693 0.179546
0.679026 -0.171076 0.758657
0.0826217 0.0912695 0.181146
0.706437 -0.156099 0.771457
-0.0390139 0.0325862 0.111842
-0.0301837 0.0711237 0.163864
-0.0508177 0.0458998 0.140794
-0.0631268 0.041091 0.161675
-0.0488463 0.0440208 0.115731
-0.0415222 0.0434918 0.138686
-0.0616918 0.0413991 0.158535
-0.0507431 0.045743 0.1385
-0.0615582 0.0388906 0.152639
-0.0572931 0.0485714 0.145479
-0.0273042 0.0632672 0.181781
-0.0645692 0.0430657 0.17163
-0.043701 0.078632 0.182089
0.0921372 0.0390717 0.0978605
-0.0849642 0.0494437 0.172733
-0.0788066 0.031943 0.175041
-0.0634306 0.0790864 0.180639
0.0938783 0.0357937 0.0968347
0.0900335 0.0567993 0.159238
-0.017227 0.0789738 0.184421
0.374929 0.0715953 0.464498
0.121897 0.0338683 0.209927
-0.0300916 0.0505921 0.183238
-0.0365736 0.0251253 0.192898
-0.0588857 -0.170813 0.815186
0.389052 -0.258197 0.884913
0.0551381 0.0844009 0.617535
-0.101438 -0.0165155 0.816379
-0.0361716 0.0687186 0.185483
-0.295485 0.0935246 0.251602
-0.223825 0.118167 0.911105
-0.0786494 0.0322624 0.1721
-0.191042 0.0844959 0.251181
-0.274365 0.0797922 0.261107
0.126459 -0.0724332 1.80802
-0.815588 0.00845799 1.14648
-0.49987 0.135824 0.759509
-0.845482 0.0700223 1.19652
-0.0583573 0.0235988 0.13602
-0.0640784 0.0352276 0.230339
-0.133298 0.0685961 0.190558
-0.455902 0.00321677 0.982321
-0.0248562 0.0358562 0.185439
-0.152605 -0.0242232 0.100112
0.162555 0.169559 1.34121
-0.0203079 0.0858543 0.187499
0.636265 -0.0671218 1.42976
0.397686 0.0529885 1.02158
-0.0558465 0.0429187 0.126339
0.112601 0.0733106 0.121767
0.0148912 0.0454993 0.202895
0.0287035 0.053102 0.32214
-0.010042 0.102234 0.212449
0.0497765 0.0872471 0.161138
0.111983 0.0791341 0.120672
2.9859e-05 0.0847481 0.185789
-0.0121674 0.0634454 0.174186
0.0340159 0.0829602 0.191127
0.37719 -0.259784 1.11393
-0.00481476 0.0686837 0.214608
0.385298 0.0993296 0.460112
0.0907405 0.0574392 0.160421
0.294654 0.0937785 0.470544
-0.0569785 0.0403861 0.124015
-0.000500017 0.0702273 0.186299
-0.0483217 0.0801748 0.184852
-0.0150318 0.0636855 0.172661
-0.147195 0.0549767 0.844422
-0.00976147 0.0575157 0.181452
-0.0273538 0.0611239 0.175121
-0.0538487 0.039539 0.18588
-0.0207684 0.0520019 0.197324
-0.0508011 0.049371 0.132321
-0.0109963 0.0807527 0.191576
0.00310834 0.0718007 0.186397
-0.0191028 0.0704002 0.163038
-0.0549733 0.0404018 0.153783
0.054936 0.0722601 0.17652
-0.339524 0.0887317 0.880744
-0.0908651 0.0619207 0.17267
0.0525641 0.0688762 0.163033
-0.0811187 0.0351121 0.181542
0.402977 0.0778088 0.499787
0.0325623 0.0862626 0.176615
-0.012827 0.0374036 0.183944
0.373113 -0.0450229 1.20019
0.378806 -0.044074 0.478507
0.378348 0.0719853 0.466735
-0.25058 0.0633411 0.3416
-0.179167 0.134318 0.829772
-0.254693 0.083789 0.208278
-0.807667 0.0213535 0.915492
-0.197742 0.102999 0.195431
-0.206021 0.10611 0.265177
-0.0507282 0.0408561 0.166467
-0.208175 0.102948 0.179463
-0.542265 0.0297656 0.897393
-0.834838 -0.0388317 0.951148
-1.03101 -0.122704 1.32601
-0.0852126 0.0382683 0.170734
-0.273672 0.109495 0.309846
-0.426533 0.186998 0.872755
-0.334845 0.0561799 0.298878
-0.0208739 0.0307724 0.183267
-0.205531 0.0805264 0.208363
0.00190351 0.0302789 0.181928
-0.285039 0.18815 0.814618
-0.19229 0.0755887 0.285821
-0.284829 0.105178 0.245922
-0.264185 0.0982596 0.189149
-0.241136 0.0717613 0.247087
-0.302614 0.0545904 0.309413
-0.490829 0.0459039 0.549103
-0.889532 0.0668444 1.04267
-0.788945 0.00273143 1.12205
-0.138219 0.0479448 0.0997169
0.000755383 0.0514542 0.185353
-0.26003 0.0776397 0.309749
-0.115975 0.0684828 0.854658
0.00512836 0.242097 1.54639
-0.275773 0.0848789 0.837937
-0.659037 0.160522 0.97803
-0.0531237 0.0410769 0.138322
-0.82842 0.0581032 0.955071
-0.00619609 0.0358564 0.18573
-0.195126 0.0828472 0.269843
-0.257395 0.0765511 0.304833
0.0568874 0.0657336 0.160009
-0.118535 0.0648871 0.173044
-0.196446 0.121355 0.24188
-0.403008 0.0834929 0.854904
0.376446 0.191482 1.00816
-0.298771 0.0544894 0.343504
-0.0607168 -0.216245 0.931273
-0.0296753 0.0437241 0.176081
0.629956 -0.114054 1.22702
-0.182979 0.104931 0.247902
-0.00107461 0.0673567 0.180297
-0.153117 0.0782553 0.398327
-0.69563 0.196012 1.03109
-0.617204 0.182058 0.955177
-0.184243 0.0956613 0.237832
0.118783 -0.0313349 1.60399
-0.232681 0.100513 0.270743
-0.827095 -0.142401 0.971754
-0.274809 0.182904 0.786955
-0.224467 0.063041 0.277636
0.179604 0.132648 1.56922
-0.594788 0.0879038 0.960728
-0.060919 0.0269077 0.179577
-0.815793 -0.0199482 1.05466
-0.997376 0.0891848 1.24407
-1.10161 0.120843 1.18707
0.344908 0.182948 0.935499
-0.288641 0.0695562 0.330491
-0.23957 0.0925715 0.254618
-0.266531 0.104121 0.253997
-0.211764 0.092494 0.225095
-0.240739 0.0891655 0.259807
-0.0305253 0.0788248 0.183807
-0.21083 0.0898685 0.297749
-0.0351365 0.0783283 0.182756
-0.543179 0.193243 0.925762
-0.261666 0.0964427 0.241366
-0.0352477 0.0726272 0.193653
-0.515182 -0.0877867 0.894479
-0.293454 0.0607956 0.303446
-0.226529 0.0750513 0.218608
-0.027223 0.0672325 0.184353
-0.413507 0.178487 0.842986
-0.189133 0.0898646 0.260691
-0.270909 0.0847279 0.220255
-0.1061 0.0643614 0.14992
-0.084104 0.0352776 0.168517
-0.310353 0.0962199 0.856733
-0.0652753 0.0348965 0.19987
-0.180847 0.0718824 0.223748
-0.231493 0.0738905 0.286721
-0.160824 0.0895429 0.279958
-0.211009 0.0997657 0.875224
0.481587 0.0985937 1.06009
0.442175 -0.111651 1.03121
-0.313352 0.0855489 0.753828
-0.214784 0.0617178 0.301704
-0.0147487 0.176017 1.15513
0.412814 -0.174902 1.31437
-0.440603 0.165212 0.864831
-0.0104712 0.0499854 0.171884
-0.0693554 -0.000154395 0.912553
-0.0707019 0.033998 0.174994
0.382964 0.00779809 1.05988
-0.506372 0.137339 0.870782
-0.186747 0.0675558 0.845253
-0.166022 0.0974357 0.288566
-0.197969 0.0895594 0.80684
-0.663516 0.163165 1.06893
-0.531597 -0.0874045 0.920869
-0.388277 0.0619732 0.875641
-0.282124 0.161954 0.795067
-0.161472 0.0347975 0.184347
-0.0316128 -0.00435762 0.113562
-0.0418913 -0.0356712 0.0349773
-0.269778 0.0640939 0.272176
-0.196072 0.0885141 0.260212
-0.208783 0.0751674 0.275518
0.0113463 -0.0142016 0.112645
-0.184859 0.0694846 0.266232
-0.183383 0.12713 0.81651
-0.0904869 0.0610554 0.170685
0.205327 -0.126251 1.3842
-0.409593 0.111383 0.833558
-0.211574 0.0859058 0.223755
-0.196588 0.108939 0.209474
-0.133557 0.0650948 0.174902
-0.0018727 0.0406298 0.185937
-0.178014 0.0715431 0.254832
-0.128277 0.0627401 0.147904
-0.0656752 0.0306402 0.242713
-0.0613961 0.0786558 0.558797
-0.128614 0.0669495 0.190944
-0.131321 0.0565932 0.152981
0.00510449 0.0240135 0.257353
-0.181209 0.0703531 0.216782
-0.0594361 -0.0562804 0.197438
-0.0910819 0.0253118 0.168741
-0.165852 0.0694979 0.260143
0.224852 0.113957 0.398594
-0.00100511 0.0671089 0.185529
-0.16543 0.0738522 0.304372
-0.212287 0.076286 0.280465
-0.362713 0.0958051 0.51585
-0.131686 0.0576061 0.15462
-0.241127 0.0762949 0.301738
-0.124138 0.0582841 0.160699
-0.0776531 0.0230522 0.136233
-0.34586 0.0821967 0.480529
-0.484395 0.1508 1.07844
-0.767535 0.0582426 1.10906
-0.513495 0.195085 0.891552
-0.283563 0.0756462 0.317797
-0.446951 0.126566 0.896315
-0.243646 0.0767188 0.305156
-0.346515 0.0140456 0.276113
-0.230042 0.0953164 0.202035
-0.217723 0.053752 0.211742
-0.248159 0.06599 0.297903
-0.427128 0.157503 0.59452
-0.277885 0.0721845 0.282261
-0.250581 0.0943737 0.29771
0.102292 -0.167203 1.54754
-0.22694 0.0926744 0.208842
-0.0611122 0.0267524 0.178238
-0.54711 0.14437 0.936352
-0.188238 0.061817 0.278677
-0.242364 0.0807799 0.291554
0.0913024 -0.396043 1.772
-0.177961 0.0751133 0.271184
0.422315 -0.160301 2.35583
-0.303983 0.177932 0.867638
-0.265325 0.161587 0.785133
-0.287852 0.0781883 0.322686
0.244673 0.111701 0.558301
-0.175473 0.0676946 0.268696
0.00381908 0.0434513 0.1839
-0.241134 0.0822683 0.239058
0.0364249 -0.141622 0.76322
-0.430321 0.151058 0.72747
-0.0619929 -0.125537 0.958118
-0.048302 0.0770916 0.268995
0.0580475 -0.143337 0.773191
-0.0284233 -0.0342227 0.0512037
-0.028414 -0.0342113 0.0511034
-0.158757 0.0678094 0.274797
-0.286768 0.114255 0.322006
0.0599611 -0.146821 0.792962
0.401103 -0.137188 1.05669
-0.469785 -0.163892 0.96554
-0.565997 -0.0216632 0.95729
-0.0674634 0.230317 0.968053
-0.0519484 -0.0196315 0.0152185
-0.0485098 0.0806946 0.279108
0.501553 0.233812 1.06867
-0.24623 0.0589362 0.756085
-0.226051 0.0954262 0.789689
0.592332 0.277949 1.26357
-0.0668997 0.142881 0.922627
0.198419 -0.119731 1.66977
-0.00751181 -0.0379466 0.109973
-0.0745911 0.0344207 0.176186
-0.0489576 0.041375 0.99119
0.257899 0.212783 0.762838
0.163002 -0.0816813 1.13487
-0.223908 0.0734952 0.295897
-0.172139 0.0728652 0.2727
-0.0283162 -0.0245549 0.120965
-0.536578 0.167334 0.819975
0.137668 -0.128304 0.583296
-0.627572 -0.0906098 0.995602
-0.167256 0.038112 0.193056
-0.0620443 0.026965 0.11696
-0.215499 0.165636 0.697353
-0.058525 -0.144342 0.893835
-0.182676 0.0755826 0.265061
-0.0915429 -0.0869817 0.960843
-0.331487 0.0956806 0.7961
-0.352618 0.147436 0.494409
0.0780559 0.0570048 1.41874
-0.0456215 -0.0160302 0.0378238
-0.0590548 -0.208967 0.819905
-0.0746618 0.0432668 0.188017
-0.0779967 0.0681321 0.175691
-0.129847 0.0538084 0.15051
-0.0465598 -0.0312008 0.0238459
-0.171768 0.0803912 0.208045
0.388354 -0.0180356 1.07097
-0.08069 0.049162 0.17625
-0.0669165 0.0346996 0.962253
0.106402 -0.119478 1.59296
0.109012 -0.16526 1.58259
0.0367182 0.0570803 0.189159
-0.0609673 -0.144161 0.842667
0.00626349 0.0255834 0.184169
-0.226961 0.0727193 0.309395
-0.195338 0.115049 0.238662
-0.0790786 0.0473808 0.174688
-0.400892 0.110684 0.807829
-0.212804 0.0654108 0.286387
0.0862548 -0.045554 1.34812
-0.539266 0.141372 0.905222
-1.03056 -0.123366 1.31883
-0.370464 0.0414485 0.416562
-0.0857996 0.0494476 0.172817
-0.28708 0.167869 0.723933
-0.558213 0.0946829 0.624847
-0.0292626 0.0468986 0.184876
-0.116185 0.0903358 0.197089
-0.0422663 0.0291826 0.184753
-0.202059 0.126705 0.274079
-0.185467 0.107209 0.253437
-0.236324 0.0431289 0.207083
-0.0563817 0.0362736 0.176962
-0.0378033 -0.0243 0.0566897
-0.459064 0.108169 0.860412
-0.445092 0.164962 0.877289
-0.432053 0.0752716 0.898179
-0.246665 0.0827871 0.296235
-0.190326 0.134885 0.35034
-0.241639 0.0731501 0.227949
-0.0713197 0.0404432 0.16017
-0.0397725 0.0355923 0.183303
-0.191074 0.0611601 0.154662
-0.162837 0.0821302 0.202621
-0.00433769 0.034325 0.183755
-1.12482 -0.154769 1.07794
-0.847712 -0.0699264 1.09992
-0.786349 -0.138504 0.892015
-0.828065 -0.0185678 1.18315
-0.242132 0.0482331 0.221988
-0.22193 0.0943875 0.21018
0.00475085 0.242794 1.54454
-0.0554514 0.0428988 0.132597
-0.0664752 0.0234132 0.159916
-0.257695 0.0767463 0.243637
-0.494889 0.173596 0.852269
-0.537254 0.165304 1.16336
-0.366088 0.113215 0.935295
-0.533083 0.088215 0.915153
0.366051 -0.194298 1.22679
-0.19725 0.0824783 0.252666
-0.205501 0.0653533 0.289345
0.000874887 0.0278103 0.1855
-0.0155258 0.0281499 0.182617
-0.0754413 0.0714962 0.201691
-0.0653544 0.0740039 0.220031
-0.0654446 0.0430604 0.270342
-0.172759 0.113633 0.299199
-0.0330111 0.0268465 0.182174
-0.0484877 0.0763443 0.176532
-0.60308 0.00140004 0.85212
-0.174853 0.0665758 0.227048
-0.215594 0.0971811 0.23649
-0.165648 0.0754054 0.283837
-1.12551 0.103474 1.41414
-0.323075 0.0674798 0.452756
-0.878083 -0.108702 1.11384
-0.271677 0.0977407 0.230103
-0.131715 0.102233 0.781232
-0.244849 0.147102 0.350841
-0.172445 0.0662417 0.263479
-0.231074 0.147526 0.72572
-0.89913 -0.0262575 1.1747
0.175982 0.181883 1.4229
-0.0175231 -0.00508478 0.141172
-0.291199 0.0857507 0.323284
-0.237771 0.0763004 0.299793
-0.219261 0.113629 0.201587
-0.260794 0.0771363 0.313388
0.0965393 -0.0861663 1.30036
-0.0459929 -0.0272016 0.0307021
0.4121 0.0370902 0.998628
0.0022364 0.0423245 0.185028
-0.311876 0.0599614 0.556452
-0.0110254 -0.0106287 0.148358
0.224282 0.195604 0.5478
-0.0261555 0.0560933 0.208665
-0.184397 0.0963834 0.246327
-0.219602 0.0914102 0.202051
-0.205841 0.111855 0.208951
-0.262959 -0.0489492 0.519403
-0.225895 0.0956286 0.211522
-0.37676 0.188046 0.94518
0.00311977 0.0260514 0.176642
-0.201558 0.0687911 0.257639
-0.209921 0.100092 0.263211
-0.490176 0.167103 0.84208
-0.0800952 0.0313839 0.170545
-0.401603 0.126881 0.84186
0.0195779 -0.0161686 0.164851
-0.627188 0.0919614 0.986392
-0.426279 0.0655601 0.702502
-0.0678316 0.184627 0.791819
-0.599283 0.147567 0.939316
-0.215278 0.0957957 0.224988
-0.0409509 0.0168207 0.151918
-0.127105 0.0609812 0.144983
-0.035397 0.0295148 0.191607
-0.196748 0.0887658 0.26311
-0.0385675 0.0426918 0.181125
-0.22395 0.0791214 0.215372
-0.216348 0.0950563 0.223241
-0.183543 0.108877 0.239237
-0.612509 0.102328 0.980644
-0.470662 0.160949 0.789675
-0.0466066 -0.03119 0.0239344
-0.168398 0.0720277 0.277296
-0.424386 0.141527 0.705802
-0.191448 0.106161 0.267421
-0.190159 0.0605301 0.287628
-0.256543 0.0743119 0.306372
-0.194709 0.0652194 0.228109
-0.137453 0.140598 0.785401
-0.365698 0.144744 0.830743
-0.0546413 0.05163 0.19849
-0.768148 0.174435 1.08337
0.45385 0.24082 1.28947
-0.10637 0.0559388 0.127991
-0.0729912 0.0606189 0.211052
-0.0763179 0.0446535 0.163151
-0.218542 0.0839812 0.234315
-0.0935476 0.0740275 0.174972
-0.195113 0.138655 0.278185
-0.305696 0.0801654 0.320202
-0.248918 0.102784 0.261864
