0.324916 0.114047 0.565804
0.347591 0.228828 0.55613
-0.396586 0.0768993 0.943024
-0.285357 0.0754811 0.886249
0.352955 0.249111 1.46323
0.673821 0.127861 1.3687
-0.348815 0.0909164 0.810853
0.423943 -0.113609 1.41068
-0.107957 -0.0268606 0.850011
0.875946 0.128769 1.81952
0.135928 0.100124 0.289887
0.0124184 -0.00723265 0.0605091
-0.0595793 0.0371199 0.188134
-0.0615273 0.0345704 0.179918
-0.0882817 0.0351785 0.181237
-0.425652 0.114037 0.900985
-0.0769485 0.0389972 0.145006
-0.0686889 0.0340357 0.146746
-0.171472 0.0719657 0.269413
-0.448017 0.0864522 0.902657
-0.18177 0.0678094 0.272559
-0.172841 0.0676619 0.278714
0.00308903 0.0493886 0.180497
-0.382194 0.0762632 0.92761
-0.180492 0.0679515 0.266536
0.358855 -0.0148184 0.991546
-0.0701363 0.0298305 0.163739
-0.0739776 0.0319746 0.147957
-0.0768438 0.0257926 0.156881
-0.0641156 0.0231654 0.138567
-0.0715584 0.0289855 0.158571
-0.0562251 0.0246719 0.164382
-0.0729684 0.0239262 0.138597
-0.0884317 0.0317527 0.171045
0.28483 0.182837 0.508858
-0.076669 0.0495257 0.378497
0.149711 0.0902339 0.298905
0.170197 -0.0118623 2.33199
-0.462504 0.107656 0.874873
0.510992 -0.108403 1.13524
0.114963 0.0845212 1.70371
-0.298673 0.0744797 0.894013
-0.0923493 0.0453804 0.26705
0.957776 0.590126 1.63713
0.714427 0.560463 2.11784
0.193932 0.251849 1.54117
0.705989 0.409549 1.16986
0.0398843 0.101369 1.59962
0.00823087 0.033104 0.241664
-0.224108 0.0711636 0.56938
-0.44605 -0.0568433 0.965645
-0.719564 0.237337 1.85948
-0.0750216 0.0443731 0.137266
-0.464918 0.138212 0.719235
0.585061 -0.236509 1.07736
0.407908 0.139805 0.708061
0.0778224 0.0604704 0.17708
-0.5792 -0.0961176 1.25487
-0.113115 0.0561321 0.762962
0.389255 -0.162426 1.27529
0.39883 -0.110798 1.36313
0.951732 -0.0875644 1.72419
0.463511 -0.107244 1.07817
0.42769 -0.278542 1.34388
-0.623175 0.0355972 1.04691
0.0100907 0.0620931 0.231597
-0.675947 -0.30288 1.23063
0.210314 -0.0935254 1.05795
-0.249138 -0.303478 0.95458
-0.0803124 0.0399569 0.173315
-0.658932 -0.0241107 1.04883
0.681059 0.0980713 1.38107
-0.0617522 0.0298174 0.178226
-0.0196207 0.0386209 0.877804
0.641658 -0.0821179 1.29027
0.0785918 -0.0559404 0.079692
0.3731 0.147487 0.462284
-0.108891 0.0267186 0.22639
-0.14019 0.0513416 0.836444
-0.390376 0.109267 0.883354
0.00663238 0.100921 1.6153
-0.284695 0.0883406 0.839687
-0.604393 -0.120793 1.28767
-0.206209 0.0893208 0.856626
-0.419467 0.110586 0.854979
-0.226403 0.166341 1.05403
-0.233593 -0.295985 0.897921
0.330524 0.264727 1.56418
-0.761277 0.247474 1.19655
0.147738 -0.0716055 0.59109
-0.578566 0.305232 1.26435
-0.0211318 0.0309249 0.185035
-0.356172 0.159103 1.06425
-0.0643502 0.0336467 0.154977
-0.769077 0.0324025 1.09944
-0.0622784 0.0302465 0.18058
-0.0216087 0.219235 1.43589
-0.342159 0.0586402 0.827041
-0.391921 0.0910182 0.809247
-0.0404988 0.0352894 0.18328
-0.0997748 0.038814 0.212874
0.353592 -0.0451499 0.447549
-0.259426 0.178701 0.833256
0.442417 -0.282903 0.983828
-0.0664152 0.0256153 0.172494
0.0977274 0.226427 0.736967
1.17254 -0.100041 2.12369
-0.807284 0.00493141 1.14009
0.0764026 0.0585597 0.17258
-0.0571609 0.0384823 0.179354
-0.109655 0.0638793 0.799453
-0.234096 0.100108 0.811211
-0.588199 0.23017 1.03196
-0.0800159 0.0308054 0.169176
0.00165073 0.0397998 0.18103
-0.357286 0.11261 0.90622
-0.22376 0.0941942 0.773823
-0.084416 0.0354348 0.177326
-0.448807 0.166922 0.884736
-0.00349624 0.0403651 0.188046
-0.047646 0.00900671 0.10654
-0.0594 0.0337281 0.176388
0.00546209 -0.00394452 0.0337638
0.0156261 0.00887297 0.0376552
-0.0406283 0.0154179 0.0639423
-0.222417 -0.341513 1.00894
-0.0235293 0.0137872 0.105173
-0.0466338 0.0212962 0.0725772
0.767272 0.0494837 1.49254
-0.135642 0.13252 0.812164
-0.384814 -0.0775036 0.822051
-0.0779739 0.0310722 0.174258
0.436062 -0.225678 1.4491
0.270831 0.136486 0.466408
-0.182614 0.0673163 0.272456
-0.0498609 0.035228 0.181411
0.450695 -0.0106552 1.29699
-0.164339 0.0730575 0.288751
0.460908 0.242697 1.39225
0.481932 0.0451543 1.22667
-0.186255 0.0782364 0.283048
-0.0845608 0.0489629 0.171249
-0.0849364 0.0325798 0.170983
-0.613591 0.0404816 0.988565
-0.212506 0.104551 0.772242
-0.102941 0.0548823 0.34356
-0.565043 0.0372096 0.972606
-0.192713 0.0786327 0.269721
-0.0625722 0.057119 0.201497
-0.532666 -0.0114835 0.910533
-0.125195 0.0838894 0.804895
-0.0816989 0.0334511 0.176809
0.0198683 0.172487 0.934944
-0.0788264 0.0216881 0.145241
-0.12844 0.0549319 0.835953
0.0163303 0.0143872 0.0431615
-0.00205397 0.000310203 0.00322109
-0.170926 0.0665859 0.275871
0.170962 0.113828 1.4161
0.199072 0.147681 1.63757
-0.00377466 0.0501852 0.240406
0.0105785 0.163635 1.48636
-0.128494 0.0591383 0.817542
0.00446784 0.0399813 0.215165
-0.073724 0.0202727 0.135524
-0.30077 0.10706 0.513086
-0.243387 0.0655913 0.491717
-0.816749 0.420966 2.09057
-0.245737 0.0713697 0.516036
-0.0883878 0.0443446 0.17255
-0.172223 0.0750693 0.844004
-0.097099 0.0437988 0.331413
0.965605 0.660772 1.88267
-0.174578 0.0680346 0.27242
-0.0784419 0.0286327 0.15457
1.06004 -0.0692616 2.04796
0.0911648 0.13413 0.399241
0.237041 -0.0460487 3.20884
-0.0467989 0.0779599 0.597997
0.216016 0.253632 1.54171
0.453096 0.0583913 1.13857
0.00404034 0.0513778 0.212965
-0.44737 0.103561 0.902801
0.903641 -0.0442646 1.75224
0.491134 0.0471271 1.2417
-0.609912 -0.270495 1.10033
-0.621656 -0.124176 1.14419
0.394391 -0.272132 1.16182
-0.178926 0.0824748 0.861226
0.199639 0.25675 1.58077
0.30539 0.155871 0.537485
0.582632 -0.284238 0.927179
-0.596665 0.0868297 0.967372
0.510107 0.275661 1.3892
0.42301 -0.11392 1.42564
-0.677917 -0.0780067 1.05405
-0.105574 -0.0186399 0.811478
0.4423 0.00811539 1.22649
0.60781 -0.11844 1.17168
-0.0311489 0.0338226 0.185828
0.209802 0.235788 0.923066
-0.213768 0.131253 0.833289
-0.413574 0.0938659 0.889532
-0.13187 0.107505 0.806851
-0.491856 0.20441 0.971721
0.33128 0.235719 1.39123
0.23624 0.263481 1.63285
-0.0566053 0.0987572 0.768335
0.0644004 0.0991786 0.33058
0.0175043 0.0493433 0.351227
0.00180296 0.0425329 0.189512
-0.0711832 0.0349873 0.177633
-0.027582 0.0132137 0.066707
-0.0894713 0.0432722 0.172251
-0.00559554 -0.00321163 0.0119621
0.00839551 -0.00385969 0.0475713
-0.00390525 -0.00243312 0.00874588
-0.0200824 0.0479409 0.196863
-0.0280859 0.00969244 0.0535841
-0.0399299 0.0354858 0.183149
-0.00596911 0.0401377 0.203373
-0.0661639 0.0545371 0.330938
-0.104088 0.0416784 0.272811
-0.0750066 0.0263598 0.172575
-0.090171 0.0439478 0.175052
0.00210253 0.0464688 0.182411
-0.0855875 0.0345681 0.171618
-0.0674809 0.0340315 0.174866
-0.0940224 0.036401 0.171764
-0.0359553 0.0433728 0.184701
-0.0330989 0.0116706 0.0627148
0.00427505 0.0403585 0.226327
-0.620969 0.258423 1.10674
-0.0776538 0.0288621 0.169074
-0.0834747 0.0576163 1.2483
0.0196514 0.115714 0.828919
-0.0960979 0.0337575 0.174008
-0.079428 0.0294821 0.171457
-0.0194765 0.0320337 0.207741
-0.0580339 0.0269822 0.118344
-0.0480988 0.0173401 0.092746
-0.0879271 0.0456901 0.171116
0.00470968 -0.00249675 0.0312486
-0.0794995 0.0331806 0.173609
-0.164539 0.0777406 0.286057
-0.293146 0.0390526 0.893318
-1.02126 -0.274352 1.54779
0.186597 0.134029 1.61224
-0.545487 -0.0838223 0.978882
-0.316172 -0.112196 0.877802
-0.00440341 0.0436714 0.188331
-0.0121972 0.0370507 0.18598
-0.646002 0.0369251 1.08561
-0.668946 -0.0758988 1.03899
-0.0138628 0.0438346 0.186836
-0.612596 -0.0196067 0.986094
-0.00560259 0.033167 0.184936
-0.549781 -0.00747113 0.931347
-0.558444 -0.0218266 0.890171
0.479532 0.0644197 1.04894
-0.741442 0.0420484 1.05123
0.457028 -0.153119 1.19826
0.664821 0.00782083 1.4524
-0.174011 0.0769715 0.275829
-0.082453 0.040841 0.172339
-0.740209 0.065125 1.03981
0.00250433 0.0411879 0.185696
-0.868479 -0.236875 1.30804
-0.825613 -0.230673 1.24812
-1.00518 -0.273013 1.53887
-0.36973 0.0995022 0.849163
-0.880924 -0.240703 1.32976
-0.105069 0.0947612 0.572501
-0.0211701 0.0506612 0.184002
-0.0506285 -0.206112 0.683212
0.445195 -0.229226 1.48795
0.639554 -0.111043 1.06837
-0.150238 0.113635 0.787044
-0.0636179 0.0311116 0.123284
0.00557014 -0.0114383 0.0709387
-0.0138939 0.0427458 0.182184
-0.0865248 0.0315542 0.170967
-0.0716667 -0.116877 1.19145
-0.0419215 0.0192718 0.120536
-0.394105 0.0969788 1.06553
-0.409391 -0.274413 0.976839
-0.0456276 0.03238 0.165048
0.0524298 0.0807467 1.51589
-0.0770513 0.0312759 0.180818
-0.614157 -0.0887744 0.973496
-0.662616 -0.0723066 1.04577
0.0401864 0.133763 1.44219
0.445199 -0.273061 1.36017
-0.0834691 0.0386026 0.170336
-0.0903816 0.0400434 0.171437
-0.110585 -0.260393 1.72277
0.00235879 0.0530149 0.199567
-0.0896483 -0.291358 1.37856
-0.115205 -0.0996269 1.67458
-0.174267 0.0768086 0.276794
0.413198 -0.0157801 1.15965
0.640844 -0.15471 1.08328
0.421551 -0.274124 0.944827
-0.45024 0.0664866 0.979502
0.455987 0.0625871 1.1525
-0.5618 -0.095533 0.981179
-0.118437 0.0745179 0.780864
-0.288747 0.0679591 0.867043
-0.375502 0.0690107 0.881729
0.398234 -0.277279 1.19133
-0.67389 -0.0766218 1.04826
-0.619397 0.0391686 0.99729
-0.666005 -0.0826521 1.04896
-0.0620208 0.0347612 0.180696
-0.621028 0.0942566 1.00657
-0.332626 0.0362993 0.926104
0.516116 -0.0527657 1.65908
0.113202 -0.1722 1.66551
0.560264 -0.236492 1.04798
0.0242277 0.120501 1.96367
0.709574 0.0716279 1.56167
-0.566838 0.150288 0.969729
-0.0134987 0.0377309 0.187115
0.211779 0.235876 0.914411
0.581074 -0.256413 1.0759
0.387531 -0.276909 0.974819
0.721554 -0.115339 1.21432
-0.00370089 0.0380312 0.183392
-0.0881633 0.0315992 0.17017
-0.591927 -0.00724394 0.934265
0.269755 0.123321 0.477877
0.0806769 0.060236 0.174058
0.00515262 0.0597402 0.199108
-0.607375 0.0971867 0.955891
-0.0140446 0.0275357 0.372235
-0.281506 0.0505836 0.86628
-0.0165656 0.0476576 0.190062
-0.0819351 0.0412648 0.176721
-0.0326882 0.0402713 0.274913
-0.0151755 0.0352409 0.223932
0.0858682 0.059718 0.170029
-0.0117957 0.0400838 0.180577
0.569209 -0.11522 1.18438
0.32848 0.15099 0.593935
0.362768 0.241315 0.737292
-0.267705 0.0311786 0.810319
0.57351 -0.11624 1.20465
0.888899 -0.115752 1.7217
-0.170093 0.0737706 0.821859
1.15908 0.0111887 2.29226
0.549768 -0.0471497 1.76321
0.525141 0.0495061 1.2194
0.344102 0.103506 0.602489
-0.570143 -0.109302 1.03865
-0.611517 0.0395061 0.983498
0.263217 -0.113297 1.46743
0.631708 0.028516 1.053
0.0242338 0.0939393 1.54415
-0.0682897 0.144082 1.40657
0.174858 0.167097 1.54985
-0.386124 0.0752806 0.935424
-0.646061 0.167103 0.973401
0.41884 -0.296326 1.04018
-0.278243 0.0535772 0.84967
0.506616 0.295399 1.6324
0.131363 0.102339 1.09638
0.0232817 0.0869768 0.490966
-0.407804 0.0974449 0.857756
0.516212 0.0546877 1.19642
0.549944 -0.230477 1.03056
-0.0218704 0.0483223 0.187977
0.944426 0.0539488 1.84227
0.047114 0.104262 1.4011
-0.554294 -0.0954797 0.967761
0.374727 0.226674 0.813593
-0.0297728 0.0394951 0.185285
0.474849 -0.0955629 1.51444
-0.0717298 0.0596938 1.2199
-0.428677 0.0745704 0.880535
-0.1795 0.0848605 0.861029
-0.524547 -0.0141328 0.903725
0.511877 -0.040316 1.63697
0.425652 0.00815793 1.17651
-0.07689 0.0624473 1.58214
0.570253 -0.250995 1.05345
0.050642 0.0922419 1.62608
-0.546725 -0.0198674 0.936115
-0.0793171 0.0649606 1.60227
-0.646402 -0.0271571 1.0269
-0.546765 -0.0945088 0.954003
0.544537 0.0821648 1.19432
-0.0254904 0.035054 0.184687
-0.300451 0.0463453 0.952425
-0.435845 0.0693815 0.943107
-0.403623 0.11047 0.804784
-0.433583 0.0981529 0.932497
0.140747 0.10838 1.88702
0.458412 0.265765 1.5172
0.688088 0.0439548 1.68558
-0.53773 -0.0885964 1.14613
0.19027 -0.0493937 2.46549
-0.126241 0.0995669 0.771407
-0.931487 0.0409909 1.25058
-0.680246 -0.0158228 1.09808
0.207851 -0.109057 1.36487
0.435126 0.238613 1.27563
-0.502117 -0.0870893 1.08572
0.246583 -0.0516817 0.545933
0.432184 -0.179972 1.40874
-0.602035 0.0300654 1.00511
-0.40402 0.0761228 0.940395
0.141461 -0.11653 1.83018
0.390873 -0.27926 0.97931
0.894347 -0.0555788 1.7321
0.550577 0.107707 1.20578
-0.548921 -0.0120769 0.944028
0.486462 -0.118188 1.13291
-0.455278 0.105123 0.925197
0.104314 0.0740585 1.59944
-0.606244 -0.019181 0.974604
0.561708 -0.1021 1.10296
-0.059788 -0.295865 0.864679
0.438106 0.246283 1.29687
-0.0876178 0.0561616 1.25803
-0.388967 0.0651928 0.974181
-0.573245 0.0382806 0.981733
-0.534722 0.0939636 0.903537
0.4643 0.249772 1.21366
-0.73562 -0.211245 1.10832
-0.120339 0.075617 0.808401
0.480946 0.0441065 1.22975
-0.542639 0.0887146 0.930132
-0.104334 -0.0162716 0.828167
-0.264657 0.0760946 0.827675
-0.624027 -0.0144497 0.995081
-0.432439 0.0748525 0.902619
-0.616972 0.038208 0.995075
0.15591 0.222855 1.3535
0.434788 -0.142335 1.13043
0.59445 -0.124062 1.12983
0.324865 -0.170973 1.30032
-0.311908 -0.306322 0.989594
0.0621876 0.20985 0.603381
-0.717221 -0.205101 1.07592
-0.461574 -0.0194261 0.733853
-0.742954 -0.135405 1.08215
0.669353 -0.0804907 1.50697
-0.0796524 0.0454347 0.175883
-0.0293716 0.0387041 0.187346
-0.188342 0.0751744 0.266431
0.250248 0.258853 2.06092
0.0380388 0.0605686 0.193223
-0.288543 0.0842461 0.891094
-0.461314 0.0638503 0.96703
0.00343333 0.0455335 0.188124
-0.299439 -0.31342 1.02903
-0.567078 -0.094859 0.982827
-0.143555 0.0293937 0.158055
-0.00614391 0.0270844 0.186633
-0.760725 -0.132311 1.09645
0.12535 -0.200085 1.92307
0.0961831 0.0636867 1.66233
-0.608987 0.0958533 0.974294
-0.370814 0.0723576 0.898295
0.43637 0.00723229 1.21843
0.443911 0.0279897 1.02191
-0.563538 0.0852287 0.952393
0.489139 0.261923 1.30475
-0.191238 0.0611083 0.289201
-0.17211 0.0908028 0.648876
-0.107996 -0.0275049 0.845691
-0.190346 0.077783 0.266059
-0.0205117 0.0454555 0.186708
-0.00347828 0.0378417 0.182444
-0.53163 0.0844475 0.907033
-0.0293968 0.0466232 0.179494
-0.0760957 -0.271078 1.86268
-0.0298018 0.0462991 0.185197
0.089283 0.208124 0.681396
-0.570982 -0.19048 1.19995
0.301685 0.150999 0.531302
0.590534 0.165683 0.982342
0.00502573 0.028114 0.187836
-8.66507e-05 0.0522555 0.207967
-0.0408997 0.036781 0.188339
-0.00645055 0.0356061 0.183699
-0.0186498 0.032607 0.185555
-0.596473 0.133991 0.934361
0.635684 0.0370037 1.05909
0.404419 -0.270947 0.961866
-0.496624 0.0304965 1.06761
-0.0961392 -0.100135 1.48148
-0.574374 0.0804173 0.968304
-0.130985 -0.659626 2.48431
-0.786394 -0.0779123 1.24629
-0.579845 -0.0882236 1.00034
-0.118518 -0.0212867 0.871736
0.00171394 0.0438253 0.193929
-0.201991 -0.303207 0.930676
-0.0368428 0.043774 0.187147
-0.742726 -0.135046 1.08118
-0.605199 0.102403 0.949641
-0.0252811 0.0349442 0.184666
-0.725572 -0.133322 1.05747
-0.182109 0.0738757 0.267287
0.725107 0.0861441 1.56711
-0.106477 -0.0266355 0.832322
-0.0565768 0.0367701 0.175799
0.00386711 0.0575177 0.193162
0.46871 0.0436909 1.13505
-0.0204504 0.0448076 0.183312
-0.353514 0.0481345 0.91549
-0.00198692 0.0457316 0.183023
-0.023443 0.048603 0.185044
0.00254169 0.0542376 0.183517
-0.168652 0.0804243 0.293876
-0.0571275 0.0315311 0.191315
0.439996 0.122613 0.735371
-0.00748726 0.0521141 0.204696
-0.522333 -0.0207605 0.883485
-0.465368 0.148805 1.22674
-0.201468 0.0904323 0.827275
-0.449756 0.130857 0.926319
-0.947808 0.294015 1.49153
-0.48259 0.121442 0.902408
-0.480681 0.0625886 1.05638
-0.435281 0.109352 0.898132
-0.0291167 0.046819 0.190754
0.16843 0.17401 1.62968
0.452704 0.0418676 1.10598
0.580505 -0.105548 1.13565
-0.47245 -0.00671842 1.03375
-0.0289206 0.0303594 0.182194
0.506139 0.118016 1.14102
-0.217141 0.109894 0.797478
-0.0610768 -0.303079 0.883181
-0.0229032 0.0570621 0.208892
0.873152 -0.0927442 1.84244
-0.0895731 -0.311662 0.861087
-0.475934 0.117302 0.890964
-0.554681 0.136333 1.06278
-0.147393 0.118545 0.811573
-0.899727 0.0407797 1.20507
-0.0945561 -0.314024 0.882154
-0.599787 0.0204022 0.844913
-0.0626788 0.0300163 0.181921
-0.208512 0.0766377 0.274969
-0.0892464 -0.271878 1.66832
-0.360299 0.119773 0.602296
-0.0398987 0.0348436 0.181237
-0.716284 0.190263 1.0882
-0.0248227 0.0352403 0.186441
-0.218685 0.104095 0.794393
-0.444953 0.0993443 0.851835
-0.0249198 0.0458296 0.181668
-0.0337825 0.038959 0.201357
-0.0154805 0.0256079 0.18979
-0.18344 0.0564156 0.235472
-0.38796 0.139455 0.671424
-0.288673 0.115471 0.824354
0.38519 0.108245 0.64067
-0.380138 0.111732 0.827933
-0.168343 0.0702384 0.303716
-0.0373601 0.0636046 0.369923
-0.917881 -0.244638 1.38153
-0.406398 0.124853 1.0662
-1.09915 0.0207253 1.56728
-0.347824 0.101603 0.855492
-0.17352 0.0754278 0.275555
-0.247854 0.0930721 0.552953
-0.620047 -0.0295544 0.992997
-0.568903 0.123952 0.889223
-0.456071 -0.0759608 0.799723
-0.244006 0.0711441 0.375372
-0.598488 -0.110566 1.08964
-0.990226 -0.0792594 1.29668
-1.38259 -0.103338 1.83168
-0.703817 -0.151132 1.04298
0.220796 -0.175686 1.54196
-0.0296667 0.0313462 0.185861
-0.0560062 0.030239 0.181354
-0.242472 0.0816356 0.453349
0.559091 0.108493 1.21145
-0.332744 0.0815369 0.88489
0.318221 -0.119259 1.51761
0.317801 0.158621 0.489285
-0.178143 0.09034 0.843821
-0.656806 0.0176457 0.863764
-0.171541 0.125712 0.792009
-0.466465 0.131215 0.949273
-0.0182455 0.0325727 0.185635
-0.750621 0.00188397 1.04913
-0.391619 0.107758 0.891715
-0.198367 0.0853726 0.80924
-0.899181 -0.151814 1.30855
-1.16649 0.313069 1.77917
-0.221663 0.11565 0.904612
-0.925426 -0.0751996 1.20662
-0.0252904 0.0429292 0.18914
-0.625513 0.0427134 1.01144
-0.0859277 0.0408158 0.172935
-0.0851727 0.0496373 0.172855
-0.0499823 0.0358158 0.182538
-0.485211 0.137035 0.746995
-0.0192026 0.0360633 0.185829
-0.768639 0.0374242 1.1154
-0.0863185 0.0349027 0.173377
-0.166497 0.0574695 0.855667
-0.115182 0.0572506 0.81347
-0.0572845 0.0320474 0.216559
0.0370013 0.0586619 0.194576
-0.429106 0.0788682 0.889847
-0.621673 0.090131 0.97447
-0.00620024 0.0258331 0.176727
0.527291 0.0815429 1.15968
-0.59865 0.13422 0.937633
0.225136 0.113632 0.363191
-0.112948 0.0464625 0.246123
0.305446 0.15993 0.499825
-0.0121592 0.0440134 0.184088
-0.028514 0.0439199 0.177808
-0.209326 0.066241 0.296391
0.176657 -0.261495 1.60924
-0.0927385 0.042206 0.197528
-0.21852 0.0584274 0.310398
0.234543 -0.114892 1.52174
-0.0227472 -0.258549 1.72924
-0.0923551 0.0480236 0.176007
-0.185375 0.0590629 0.238156
-0.0886303 0.0259021 0.177812
-0.0539261 -0.161551 0.757921
-0.0849217 0.0495157 0.17202
-0.0378058 0.0443015 0.187284
-0.069933 0.0390451 0.178908
0.00365706 0.0576069 0.192947
0.00202943 0.0347451 0.187753
0.508043 -0.279194 1.09874
-0.196469 0.0721909 0.31149
0.18447 0.259497 1.49516
-0.173727 0.0675655 0.27051
-0.609808 0.14645 0.965999
-0.21295 -0.273337 0.830985
0.598301 0.16218 0.995189
0.747993 -0.34294 1.26669
-0.166922 0.0691083 0.301966
-0.0869881 -0.282544 1.32248
-0.403192 0.117969 0.938872
-0.0190166 0.0435781 0.181812
0.342885 0.0519673 1.141
0.359506 -0.269257 0.924139
-0.257787 -0.300507 0.924606
-0.0553916 0.0294904 0.181434
-0.0251923 0.0364821 0.190261
-0.0229065 0.0265883 0.183867
-0.0672325 0.0350376 0.173618
-0.557996 0.14208 0.950738
-0.388221 0.0698471 0.915212
-0.0400079 0.016277 0.0789357
0.219374 -0.0549801 2.93234
-0.0918001 0.0333394 0.180118
-0.431253 0.0978327 0.869747
-0.473741 0.114481 0.917707
-0.433529 0.118398 0.890846
-0.632445 0.0938344 1.02784
-0.0784519 0.0474056 0.172869
-0.0134623 0.0446582 0.190461
-0.0526127 0.0592896 0.210836
-0.574562 0.0409959 0.979943
0.541497 0.300465 1.6587
-0.0719425 0.0401299 0.175556
-0.013603 0.0374522 0.184676
0.0524187 -0.27684 1.79356
-0.795725 0.00639298 1.12442
0.502859 -0.107734 1.1169
-0.714753 -0.153148 1.06569
-0.00724193 0.0365056 0.184176
-0.63733 -0.0920575 1.01123
0.302942 0.105187 0.528658
-0.0513192 0.0415556 0.262514
-0.951419 0.316451 1.88624
-0.0517257 0.0351743 0.180169
-0.392986 0.0198426 0.847872
-0.0252021 0.0349401 0.184264
-0.00676772 0.0279097 0.185624
0.481576 -0.288738 1.16948
-0.342843 0.16779 0.826898
-0.115256 0.0436067 0.229499
0.235938 0.215409 0.77889
-0.0318123 0.0324484 0.210126
0.92398 -0.0958189 2.08838
-0.126222 0.0540067 0.837306
-0.0820328 0.0409057 0.175998
0.00505974 0.058699 0.196745
-0.0228111 0.0294456 0.211446
-0.0868521 0.0246833 0.17244
-0.0730518 0.0246522 0.159193
-0.095655 0.0276747 0.181771
0.307069 0.110637 0.528827
-0.138241 0.0360236 0.238617
0.0911137 0.070595 0.199374
0.08764 0.0611764 0.173954
-0.215193 0.1022 0.782199
0.0370404 0.0579898 0.186185
0.111664 0.0513228 0.125944
-0.0202972 0.049786 0.182778
-0.0720927 0.0395314 0.174107
-0.0479263 0.0336925 0.22648
-0.225337 -0.327607 0.989129
0.00325777 0.0332276 0.181067
-0.0385611 0.0230618 0.177113
-0.291348 0.0401033 0.876016
0.00354259 0.0364906 0.193467
-0.103256 -0.0152897 0.832465
-0.0367423 0.0295664 0.197916
-0.00828687 0.0265828 0.179076
-0.0157237 0.0264401 0.1913
-0.181137 0.0780243 0.330121
0.00846841 0.0468304 0.225813
-0.427151 0.102054 0.829263
0.812718 0.118618 1.68975
-0.163286 0.059935 0.835795
-0.0896447 0.0439089 0.174958
-0.220115 0.105291 0.925442
-0.0892236 -0.317132 0.872309
-0.0249401 0.0447892 0.186708
0.399836 -0.0167639 1.1059
0.00343889 0.0444802 0.184894
0.65484 0.125888 1.27279
-0.294343 0.0718496 0.765541
-0.00595645 0.0385735 0.195501
-0.0249197 0.041506 0.186859
0.539192 -0.29054 1.14034
-0.00172855 0.0446064 0.185137
0.251652 -0.0792964 0.834506
0.469835 -0.236999 1.65397
0.476541 -0.282438 1.14074
-0.0125676 0.0380932 0.187606
-0.0137773 0.0458537 0.192758
0.0889187 0.0624802 0.177051
0.0698211 0.06366 0.174082
0.0978076 0.061979 0.171794
0.485115 0.198976 0.890871
-0.444817 0.128512 0.930828
-0.569069 0.223866 1.00364
-0.0506735 0.0560528 0.200464
0.00186283 0.0457672 0.199506
-0.0339303 0.0314319 0.182932
0.147482 0.120102 1.70412
-0.512766 -0.0216604 1.12004
-0.466746 -0.0858595 1.01109
0.623874 0.200559 0.999961
-0.00726409 0.0356749 0.197798
0.831388 -0.0437293 1.55329
-0.0863214 0.0374174 0.173219
-0.175837 0.126456 0.807752
-0.439803 0.132364 0.849206
-0.125485 0.0907835 0.795732
-0.450499 0.181686 0.890375
-0.372779 -0.344026 1.12296
-0.283957 -0.314063 0.981451
-0.310991 -0.113282 0.911881
-0.178582 0.0734413 0.257344
-0.173372 0.0656027 0.273224
-0.0900277 0.0462564 0.171161
0.0503209 0.0680809 0.197176
0.332852 0.189991 0.542638
-0.175089 0.0742029 0.268859
-0.0755519 0.0364704 0.210107
-0.0849957 0.040453 0.170144
0.166961 0.140516 1.40746
-0.0297504 0.0493814 0.179712
-0.0705508 0.0403073 0.139487
-0.0311286 0.0310815 0.201421
0.000863579 0.059305 0.250991
-0.0343054 0.0294758 0.193322
-0.0229708 0.0278745 0.189628
-0.0350261 0.0410993 0.207403
-0.0859268 0.0391479 0.173057
-0.0302313 0.0273929 0.159156
-0.0287159 0.0352009 0.172029
-0.236442 0.105323 0.815221
-0.167569 0.0561507 0.857981
-0.55057 -0.0774286 1.19117
-0.0678812 0.0342904 0.17672
0.590808 0.140273 1.33773
0.0529096 0.0856683 1.54426
-0.11533 0.0569655 0.808598
-0.0229001 0.0310365 0.185761
0.117928 -0.189863 1.79176
-0.115413 -0.0266959 0.845239
-0.100679 -0.0200319 0.704528
0.725615 -0.100007 1.48685
-0.00368307 0.0473268 0.186849
-0.0653088 0.031016 0.196328
0.602541 -0.147493 1.01571
-0.0440164 0.122581 1.05207
-0.0612073 0.0269602 0.179441
0.583249 -0.143631 0.983037
0.125219 0.195764 0.700636
-0.0242158 0.0410708 0.175315
0.00315141 0.0357674 0.190912
-0.820592 -0.363668 1.48909
0.13151 -0.115533 1.77595
0.365056 -0.116698 1.39643
-0.0314981 0.0316641 0.184923
0.202097 0.0804292 0.275387
-0.177872 0.0793079 0.279783
0.00404991 0.0308463 0.186028
0.136573 0.112445 1.59735
-0.448837 0.187773 1.03956
-0.192353 0.113574 0.730577
-0.28479 -0.329241 1.0441
-0.0688826 0.038576 0.178761
0.208828 0.238402 0.920448
-0.646028 0.193077 1.01483
-0.365622 -0.0791177 0.545765
-0.633754 0.176723 0.932618
0.00375663 0.0498057 0.19436
-0.141255 -0.140549 2.51095
-0.080425 0.031202 0.171382
-0.00450862 0.0514645 0.204818
-0.378902 0.0635203 0.949558
-0.0726269 0.0399383 0.175249
-0.025547 0.0359774 0.187411
-0.292577 -0.249993 0.794315
-0.0670305 -0.104807 0.966911
0.00368375 0.035149 0.187569
-0.0713458 0.0753853 0.380665
-0.00375658 0.073829 0.620661
-0.306492 0.0764454 0.879483
-0.0195453 0.0494859 0.587416
-0.0613435 0.028534 0.176934
-0.158522 0.100734 0.707914
-0.0800459 0.185849 1.20578
-0.539853 0.245235 1.12842
-0.452221 0.121571 0.904177
0.500067 -0.266489 1.01543
0.355741 0.109204 0.625866
0.290192 0.164038 0.519824
-0.191403 0.076311 0.342763
0.501042 0.227083 1.03499
0.128868 0.186684 1.35079
0.224916 0.258524 1.57077
-0.04005 0.0354253 0.183482
0.00476929 0.0281253 0.185978
-0.560554 0.150379 0.960678
-0.621164 -0.0246421 0.985849
0.426904 0.185068 1.41429
-0.504958 -0.0271489 0.86912
-0.224585 0.0643586 0.278287
-0.27627 0.0484147 0.280778
0.130129 0.199288 0.712046
0.0053698 0.0252067 0.185446
-0.29353 0.0539779 0.303274
0.13003 0.208836 0.758693
-0.230457 0.0652533 0.299947
-0.208771 0.132896 0.735171
-0.225362 0.0645453 0.31428
-0.120504 0.082539 0.768329
-0.134603 0.136911 0.7707
0.192906 0.220228 0.699966
-0.623387 0.04119 1.00587
-0.304661 0.108897 0.880558
-0.44462 0.155266 0.871915
-0.0228915 0.0263205 0.182893
0.312405 0.163463 0.511742
0.00194978 0.0309325 0.185622
0.237892 0.252011 0.99079
0.101101 -0.0245086 1.4209
0.99094 -0.13589 1.93572
-0.00248629 0.0418718 0.193642
-0.0688736 -0.289609 1.08582
-0.652729 -0.0930976 1.03589
0.956487 -0.082068 1.87776
0.384073 -0.28586 0.998567
0.849634 -0.0351533 1.59682
-0.0640807 0.0295293 0.177404
-0.0326124 0.0253719 0.177947
-0.0573347 0.0357014 0.180706
0.894816 -0.118583 1.67719
-0.270543 0.0326284 0.830336
0.411046 -0.0145764 1.17975
0.283732 0.209203 1.25187
-0.428031 0.103033 0.910429
-0.336755 -0.325536 1.04165
-0.174775 0.078313 0.320535
-0.0117725 0.0411035 0.183849
-0.0060188 0.0376174 0.186241
0.556014 0.104498 1.07615
-0.091985 0.0599168 0.627556
-0.192486 0.0782116 0.854614
-0.49132 -0.172435 1.02683
0.474053 0.253288 1.27304
0.765092 -0.126189 1.55941
-0.0643162 0.0296228 0.17766
0.334775 0.162607 0.533193
-0.435704 0.131546 0.937438
0.00644046 0.0290428 0.192502
-0.573114 0.220182 1.07816
-0.0562906 0.0373566 0.179475
0.128627 0.207994 0.754467
-0.0155014 0.0260378 0.19056
-0.541934 0.220846 1.03702
-0.172577 0.127934 0.799394
-0.628704 0.227332 1.08184
0.531837 0.103033 1.15967
0.580325 0.10569 1.16109
-0.435512 0.0824382 0.894435
0.418672 -0.279418 1.01923
-0.126698 0.0970535 0.654477
0.846744 -0.0588287 1.6247
0.0485061 0.114189 1.46668
-0.0151669 0.116863 1.75464
0.523213 -0.225888 0.979553
-0.0828761 0.041206 0.173365
0.535302 -0.280103 1.09248
-0.478701 0.135092 1.28177
-0.139441 0.107196 0.755336
-0.148317 0.113383 0.825671
-0.308538 0.104841 0.839786
0.697054 -0.0791371 1.58097
0.439997 0.149008 0.778654
0.348977 -0.179651 1.38038
0.00406875 0.0303657 0.205952
-0.221706 0.0449192 0.237747
-0.250845 0.0692365 0.301762
-0.293261 0.0543409 0.338615
-0.251245 0.0739446 0.29608
-0.265078 0.068454 0.296963
-0.287273 0.0772056 0.326482
-0.0535228 0.118326 0.861955
-0.20873 0.132433 0.73534
-0.341171 0.0502654 0.78037
-0.00400154 0.0400432 0.189829
-0.0409438 0.0155361 0.157467
0.550643 0.116418 1.22027
-0.0136022 0.0378945 0.186784
-0.123464 0.124167 0.683724
0.889014 -0.115268 1.78617
0.440693 0.250866 1.30774
-0.00263256 0.0241494 0.178327
0.120723 0.217836 0.69618
-0.455516 0.195147 0.925313
-0.431989 0.188134 0.978454
-0.411247 0.0972148 0.8685
-0.375786 0.102725 0.853391
-0.358587 0.113671 0.903935
-0.318671 0.203465 0.816846
-0.0603356 -0.160323 1.61753
-0.426963 0.121625 0.892578
-0.433172 0.192399 0.889753
0.190548 0.209156 0.667591
-0.144215 0.138956 0.745045
-0.0351448 -0.118018 0.608952
0.278918 0.219552 0.835721
-0.102845 -0.161596 0.412954
0.319134 0.164177 0.506952
0.171856 0.242149 0.807672
0.523425 -0.258573 0.830308
0.591224 -0.0902968 1.08399
0.596933 0.15111 0.72465
-0.00730212 -0.0140199 0.0815082
-0.369979 -0.292431 0.971144
-0.670047 0.194408 1.03662
-0.346537 0.0983799 0.747315
-0.292547 0.102659 0.838245
-0.0501085 0.022929 0.13771
-0.0185521 0.0294797 0.189348
-0.281512 0.0719276 0.76076
-0.439199 0.194432 0.904281
-0.555289 0.0296025 0.925172
-0.259296 0.0680118 0.321463
-0.195903 0.0532323 0.326775
0.271311 -0.118599 1.5591
0.397752 0.115258 0.507512
-0.415529 0.114068 0.895738
-0.144952 0.130526 0.722982
0.350444 0.172234 0.492696
-0.337187 0.0611203 0.730188
0.438107 0.0963776 0.523039
-0.31146 0.183647 0.891109
0.691602 -0.114504 1.1691
-0.0164581 0.0461983 0.191893
-0.00537477 0.0466455 0.186036
-0.00453585 0.0258929 0.184462
0.0038712 0.030381 0.18834
-0.00326321 0.0253755 0.182692
0.425134 -0.17883 1.36635
-0.0138469 0.0377731 0.185397
0.425611 -0.178747 1.35916
0.212406 0.219819 0.840254
0.295086 0.151484 0.518502
-0.471589 0.104928 0.939609
-0.0770926 0.0306041 0.171798
0.314522 0.0987964 0.49051
0.00506466 0.0333877 0.194263
-0.00594026 0.0386006 0.207859
-0.0574091 0.0385217 0.181298
-0.024572 0.0346621 0.18398
0.137774 0.148702 1.49672
-0.249238 0.112779 0.878373
-0.501833 0.191248 0.997118
-0.402721 0.112569 1.06273
0.53398 0.0859015 0.887111
-0.359872 0.0704565 0.918231
-0.37457 0.0817367 0.848907
-0.0758134 -0.121573 1.20769
-0.0304343 0.0211051 0.159525
-0.0608186 0.163511 0.723812
0.0163963 0.0845934 0.926813
0.327434 0.0960914 0.467257
0.206807 -0.121823 1.66536
-0.1347 0.131646 0.787635
-0.0179164 0.113849 1.72084
-0.0171948 0.133163 1.87388
-0.0590394 -0.183103 0.867264
0.470656 0.289765 1.41431
-0.430396 0.107282 0.879352
-0.305004 0.128217 0.893168
-0.175028 0.139944 0.745719
0.30143 0.154531 0.522743
-0.358999 0.059595 0.753767
-0.0921649 0.0573912 1.28469
-0.646149 -0.288869 1.17473
-0.186081 0.0683987 0.873272
0.112263 -0.170615 1.64112
0.00332486 0.0971392 1.5464
-0.0569097 0.0351266 0.179403
0.349593 -0.229407 0.898516
-0.520151 0.210008 0.992813
0.558247 0.289524 1.52015
0.489743 0.249515 1.55696
-0.0630121 0.0265385 0.178009
-0.0696027 0.0281436 0.184481
-0.658034 -0.0841427 1.02895
-0.651962 -0.0830445 1.02251
-0.068317 0.0275114 0.181348
-0.0170377 0.0411082 0.183735
-0.360386 0.092384 0.937415
-0.22896 0.159232 0.762377
-0.297009 0.139458 0.840014
0.389657 0.221138 1.29904
-0.0696739 0.0580821 1.49917
0.396563 0.0746457 0.490851
-0.304023 0.0912363 0.83705
1.03831 0.18228 2.10706
0.552594 -0.290107 1.12899
-0.416959 0.123548 0.971169
0.47586 0.0838426 0.640843
0.460924 -0.0466608 0.58774
0.4163 0.0992419 0.491795
-0.320879 0.0964722 0.964882
0.379837 0.125698 0.663894
0.391821 0.113513 0.482945
0.106514 -0.181502 1.69043
-0.152861 0.1769 0.832067
-0.405086 0.11207 0.870494
0.170334 -0.125866 2.10309
-0.193503 0.146133 0.773589
-0.34258 0.168111 0.843847
0.228213 0.250658 0.970862
-0.355607 0.196749 0.9675
-0.363742 0.143356 0.831913
-0.377076 0.196711 0.80193
0.256956 0.0322529 0.301901
-0.227515 0.168678 0.793157
-0.290881 0.106952 0.778161
-0.387411 0.176948 0.911108
0.238235 0.275391 1.04654
-0.137384 -0.302539 0.861294
0.163027 -0.263488 1.60645
-0.142473 0.0465897 0.799226
0.136897 0.118134 1.61082
-0.198141 0.0973542 0.781951
-0.297436 0.124848 0.872422
0.380154 0.0643953 0.47711
0.376535 0.108698 0.464573
-0.0541427 -0.119379 1.11692
0.423278 0.100401 0.500695
0.406479 0.0954792 0.479553
0.0181945 0.111568 0.853867
0.442317 0.095598 0.517384
0.326703 0.101333 0.496461
0.355227 0.101693 0.484019
-0.353129 0.151482 0.733657
0.874419 -0.0152528 1.74989
0.445367 -0.268388 1.08676
0.38597 0.1827 0.695879
-0.483098 0.204803 1.11508
-0.208591 0.13413 0.736114
0.412934 0.0906447 0.519321
-0.0927971 -0.370667 2.67342
-0.087698 0.201337 1.8269
-0.374917 0.193384 0.799301
-0.339003 0.104465 0.8587
0.365456 0.0550364 0.48503
0.362567 -0.0456863 0.459263
-0.220049 0.130725 0.760847
-0.222216 0.16351 0.775354
-0.403771 0.124987 0.854626
-0.286806 0.0891731 0.879702
-0.377323 0.0819761 0.856881
-0.368349 0.0928212 0.946251
-0.416925 0.097495 0.898949
-0.415846 0.129488 0.879016
0.700921 0.144793 0.944531
0.740897 0.153053 0.99549
-0.286855 0.104531 0.832175
-0.134197 0.138194 0.775269
-0.117274 0.113216 1.60203
1.07757 -0.0632078 1.81063
-0.209913 0.106674 0.843349
-0.271119 0.0683083 0.65154
-0.424406 0.168532 0.831317
0.356041 0.218333 0.63349
0.543442 0.107593 1.19484
0.326199 0.0991709 0.49831
-0.143861 -0.262558 0.75896
-0.229845 0.119766 0.761035
-0.440596 0.193931 0.907327
-0.141859 0.0508714 0.825776
-0.432736 0.135799 0.886813
-0.375013 0.19048 0.926206
-0.182609 0.147682 0.774893
-0.291479 0.18064 0.86625
-0.290923 0.179167 0.864631
-0.306966 0.185069 0.785864
-0.207493 0.205238 0.898627
-0.141467 0.144506 0.790526
-0.358513 0.098441 0.749813
0.483051 0.259035 1.25755
0.00158171 0.179142 1.1976
-0.247487 0.170018 0.817523
0.403221 0.0963274 0.668439
-0.130633 0.139775 0.640388
-0.299279 0.177168 0.755663
-0.446881 0.13455 0.863008
-0.13258 0.142541 0.652481
-0.136458 0.121229 0.682807
-0.119583 0.0948899 0.719089
-0.440383 0.193611 1.00073
0.376638 0.146947 0.458891
0.318354 0.162943 0.469427
-0.409437 0.0769907 0.960794
-0.195744 0.0865381 0.840764
0.995409 -0.0845544 2.23288
0.272227 0.0738938 0.905043
-0.107118 0.0508411 0.722941
0.43043 0.0941408 0.545059
0.0332988 0.101567 1.64984
-0.197723 0.077966 0.949814
0.34446 -0.0450327 0.434821
-0.307142 0.103498 0.836452
0.302205 0.152647 0.513743
-0.299993 0.185594 0.895071
-0.217452 0.157521 0.759663
-0.12472 0.067095 0.878951
-0.279289 0.142264 1.18975
0.0482783 0.197212 1.83007
-0.275546 0.139277 1.16923
-0.325823 0.161991 0.681712
-0.210633 0.126954 0.804285
-0.190472 0.0698929 0.874853
-0.278411 0.192477 0.813691
-0.327418 0.158991 0.806226
-0.305972 0.0928709 0.82707
-0.302881 0.14486 0.852449
-0.226589 -0.318081 0.972925
0.546145 0.0786137 0.711236
-0.115767 0.0961509 0.697196
0.143713 0.216556 0.777657
0.278879 0.220763 0.754689
0.427424 -0.270795 1.3198
0.522365 0.389695 1.21686
0.383855 -0.260995 0.86841
-0.012496 -0.00386501 0.150772
0.10051 -0.0488981 0.160347
-0.286645 0.0346505 0.882255
-0.427731 0.0716974 0.927332
-0.387729 0.105733 1.02001
0.356196 -0.239686 1.26601
0.485768 0.0665826 1.23536
0.367905 -0.242651 0.849883
0.431544 -0.262772 1.31303
-0.0699618 -0.165167 0.95056
-0.555203 -0.585446 1.53478
-0.12343 0.10527 0.708184
-0.0234414 -0.00333118 0.301248
-0.0108279 -0.00764744 0.133071
-0.334108 0.161988 0.819252
-0.120921 0.094174 0.745399
0.332943 0.254277 0.780607
0.651148 0.0205902 1.08842
0.0941933 -0.267044 1.68635
-0.205314 0.132296 0.725042
-0.202256 0.131728 0.717969
0.505321 -0.132226 0.527852
-0.151161 0.227106 0.939806
0.49614 -0.187988 0.527003
-0.146067 0.12332 0.792308
0.63212 0.0300731 1.05962
-0.132695 0.0888079 0.690984
0.500739 0.0634953 1.10001
-0.0827093 0.0900019 0.45792
-0.461348 -0.106055 1.05086
-0.393858 0.137285 0.861994
-0.251302 -0.201824 0.638831
-0.429662 -0.314307 1.08379
0.554476 0.10818 1.20749
1.09997 0.0585088 2.44549
0.245013 0.000735289 0.506126
0.659207 0.22983 1.13135
0.47722 -0.118034 1.11243
0.634032 0.0310156 1.0611
-0.13421 0.0725049 0.808182
-0.0624534 -0.227913 0.889457
0.799178 0.157894 1.1056
-0.20574 0.123193 0.788872
-0.141694 0.211273 0.878488
-0.337529 0.0395034 0.898222
0.590576 -0.12229 1.12668
-0.0525261 -0.164576 0.997012
-0.187296 0.135724 0.731108
0.436941 -0.147285 1.14366
-0.220986 0.182929 0.759831
-0.273781 0.107224 0.772455
-0.327833 -0.286632 0.935817
-0.0677325 -0.141322 0.974362
-0.305668 0.0567567 0.898527
-0.00385237 -0.307898 0.723552
-0.296898 0.106145 0.860506
0.349386 -0.0435492 0.444186
0.553752 -0.270194 0.878651
0.263375 0.0889544 0.317407
0.454626 0.239439 0.80951
0.0585435 -0.00202996 0.0758534
0.175763 0.199603 0.636254
-0.107078 -0.162072 1.53992
-0.0597518 0.04096 0.785344
0.49878 0.20272 0.911709
-0.122654 -0.0154925 0.864045
-0.16385 -0.269145 0.766119
0.297989 0.156152 0.515399
0.0299567 0.163109 1.09103
-0.128985 0.104577 0.786517
-0.0971507 0.0681614 0.627669
-0.124933 0.102291 0.839599
-0.0478854 -0.195874 1.26598
0.113274 0.218026 0.886302
-0.0399756 -0.198869 0.579748
-0.194752 0.111447 0.730909
-0.330075 0.157566 0.941191
0.188687 0.206662 0.660188
-0.106068 -0.0155074 0.8437
0.232882 0.271188 1.25128
0.277757 0.0918199 0.496979
0.540123 0.0781798 1.18275
0.409708 0.0800677 0.511249
0.0138529 0.0661357 0.572265
0.400584 -0.284519 1.02315
0.592565 -0.145524 0.997153
-0.0587997 -0.103037 0.906357
0.00384004 -0.0799237 0.296169
0.37099 0.146115 0.464282
0.195026 0.193367 1.61021
-0.125548 -0.296307 0.832624
0.375311 -0.269527 0.959148
-0.184797 0.0774661 0.810331
0.416229 -0.215586 1.37938
0.390232 -0.263631 0.873185
-0.151448 -0.150746 0.415085
-0.342532 -0.297842 0.973544
0.802127 0.00868014 1.57385
0.190961 0.199774 1.52765
-0.299311 0.074437 0.860691
0.413 -0.135589 1.38387
-0.368112 0.0947165 0.93203
-0.247475 -0.088259 0.613485
0.347297 0.0740599 0.410126
0.837119 -0.0991749 1.6268
-0.055122 -0.153876 1.42645
-0.0448863 -0.0930227 0.746082
-0.0581095 0.162392 0.711921
0.097381 0.0700251 1.61581
0.266851 0.227393 1.37221
0.764555 -0.0513349 1.48569
0.0771159 0.194395 0.766049
0.060841 -0.000249546 0.0794411
0.0559503 -0.0445276 0.0705496
0.188596 0.00917596 0.192122
-0.0646235 -0.151621 0.357624
-0.157277 0.0524532 0.707149
-0.193832 0.0951864 0.821944
-0.144662 0.115647 0.839481
0.103197 0.227741 0.75949
0.00707616 -0.0923778 0.395126
0.00312767 0.0197617 0.162649
0.136215 0.0987441 1.32464
0.110231 0.0455702 0.182597
-0.0802604 -0.265144 1.08073
0.100551 -0.121558 1.56979
-0.0642107 -0.24867 1.66114
-0.0864577 -0.174664 1.16257
0.679053 -0.111418 1.27684
-0.13098 -0.144819 0.403117
-0.229298 -0.220421 0.667368
0.0792577 -0.0020641 0.134868
-0.16567 -0.187329 0.530068
-0.0126257 0.120615 1.14531
-0.327867 0.194666 0.940898
-0.0393184 -0.192274 0.571845
-0.070911 0.151922 1.44416
-0.064004 0.231771 1.5404
-0.223743 -0.447073 1.32933
-0.0527051 -0.185918 0.776808
-0.28988 0.115031 0.824902
-0.17636 -0.29825 0.875695
-0.0143677 -0.186073 1.12258
0.0217074 0.000946081 0.5027
-0.319637 0.0603762 0.947244
0.0951222 -0.00166793 0.109618
-0.0255798 -0.0212409 0.344909
-0.247553 -0.286798 0.885194
-0.0746199 0.148255 0.62814
-0.175986 0.126656 0.801852
0.395043 0.184004 0.492941
0.883881 -0.100823 1.69237
-0.0674967 -0.109122 0.936068
-0.122903 0.0775803 0.821775
-0.0829209 -0.023345 0.594119
-0.279019 0.114524 0.790172
-0.174355 0.0614021 0.866434
-0.243435 -0.310431 0.936853
-0.381659 -0.360223 1.18078
0.188178 0.187768 0.626239
0.418458 -0.274078 0.916675
0.35143 0.173302 0.497972
0.412544 -0.275463 1.00935
0.485801 0.227168 0.590628
0.837426 -0.0855725 1.89482
0.214009 0.238751 0.934022
0.43433 -0.277751 0.964933
0.486932 -0.043693 1.41169
0.155695 0.0106684 0.240474
0.486198 -0.158872 1.27221
0.203456 0.204889 0.677743
0.467054 0.0631947 1.19574
0.0732358 -0.159134 0.834602
0.265914 -0.142834 1.05513
0.0967295 -0.187312 1.0448
0.526297 0.087301 1.16282
0.551119 -0.107785 1.0703
0.402627 -0.0160115 1.11661
0.459639 0.198216 1.52423
1.05352 -0.125627 1.78665
0.0908973 -0.0663733 0.49889
0.455471 0.247218 1.19685
0.175514 0.0603389 0.250423
0.0250056 -0.0450866 0.0986208
0.139671 -0.0865398 0.173029
0.0659779 -0.0927941 0.284433
0.229572 0.0943942 0.295814
0.101459 -0.124907 0.452703
0.218887 0.0882534 0.281995
0.0812432 -0.0640408 0.448512
0.123631 -0.142725 0.570692
0.0183825 -0.054278 0.148674
0.108577 0.0121143 0.117286
0.0880422 -0.07368 0.686005
0.010595 -0.0543407 0.0933109
0.0114837 -0.0555925 0.101787
0.0253795 -0.0747942 0.23719
-0.290519 0.0518924 0.895861
0.499615 0.103216 1.107
-0.087539 -0.194939 1.9512
0.331264 0.106426 0.525418
0.162201 -0.0220129 0.188307
0.239985 0.00356981 0.297184
0.402379 0.126502 0.59071
0.369518 -0.127444 1.51548
0.312777 -0.130071 1.52729
0.299991 0.0503502 0.984294
0.310715 -0.127995 1.51234
0.302195 0.0508354 0.986752
0.324214 0.0847437 0.527892
0.371486 -0.252199 0.909311
0.305383 0.0496629 0.996595
-0.191582 0.082593 0.860092
-0.211921 0.132172 0.874969
-0.0957597 -0.202946 0.54757
0.476922 -0.0801451 0.947246
-0.149642 -0.180947 0.526141
-0.186944 0.137427 0.736437
-0.0335378 -0.011166 0.0951762
-0.258039 0.111374 0.727999
0.491014 0.0456892 1.18534
0.290411 -0.102509 0.308902
0.819756 -0.0991729 1.59232
0.36481 -0.168376 0.67409
0.328385 0.141037 0.391486
0.413259 0.00956049 1.18452
0.0984086 -0.0635682 0.451734
0.0957496 -0.104832 0.383493
0.270941 -0.130106 0.358879
0.0383304 -0.0635746 0.242667
0.298141 0.0748443 0.481439
0.451123 -0.229025 1.47614
0.382529 0.115285 0.548723
0.31504 0.0196452 0.789858
0.307175 0.227706 0.861329
-0.263922 0.0645883 0.826528
-0.130223 0.147823 0.747714
-0.306456 -0.315292 1.0044
-0.0241099 -0.00183055 0.32222
-0.190784 0.0901332 0.797381
-0.200918 0.0819027 0.68037
0.237039 -0.118678 1.60372
-0.133309 0.13529 0.757905
-0.207394 0.131379 0.729839
-0.208951 0.203879 0.901689
-0.29064 0.117543 0.850895
-0.12011 -0.0156517 0.850335
-0.126337 0.0776624 0.645728
0.0117024 0.0480415 0.470184
0.406669 0.207292 1.27926
0.536917 0.044101 1.24884
0.128385 -0.109093 1.65809
-0.064541 -0.229059 0.952173
0.419425 0.246511 0.770246
0.275152 0.243322 0.67191
-0.00405249 0.19147 1.26655
0.0384971 -0.0290544 0.0176103
0.477375 0.262526 1.50052
0.0215594 0.102795 1.04795
-0.0473408 0.146735 1.05734
0.386108 0.227987 0.638346
0.134146 0.196645 0.70594
0.261173 0.229215 0.637303
0.0174878 0.0599839 1.16457
0.346768 0.241937 0.585588
-0.0195355 -0.124597 0.639705
-0.119514 -0.170752 1.66386
0.0904849 0.075937 1.55024
0.332242 0.221563 0.540303
0.130151 -0.116123 1.77663
0.00426176 0.0939671 0.949393
0.308401 0.1461 0.539044
0.00360209 0.191178 1.27713
0.176791 0.196121 0.631722
0.459648 0.245156 0.844578
0.333037 0.148514 0.418951
0.424391 -0.275691 0.928343
