0.734953 -0.121707 1.64258
-0.127006 0.120711 1.36893
0.750867 -0.338735 1.63927
0.0531813 0.119304 0.401162
0.0496392 0.111028 0.421342
0.116368 0.0822756 0.41173
-0.0568745 0.110668 1.31204
0.766913 -0.353872 1.66935
0.110795 0.134999 0.418511
0.0291007 0.109626 0.452355
-0.16225 0.14686 0.534436
0.057401 0.105641 0.401903
0.100517 0.128717 0.401098
-0.165032 0.150274 0.544801
0.121859 0.0861626 0.429904
-0.040829 0.0855272 0.391488
0.144736 0.088653 0.386023
0.20472 0.0798461 0.322509
-0.125694 0.118861 1.375
-0.0404208 0.085515 0.391056
0.0445363 0.0850004 0.420357
-0.00952604 0.0621636 0.403688
-0.10068 0.0904192 0.489722
-0.00377135 0.088066 0.402399
-0.210923 0.146157 0.495588
-0.497465 0.0589513 1.51195
0.0683968 0.128255 0.401478
-0.181388 0.147477 0.516363
1.04718 0.075513 6.40888
-0.213372 0.148215 0.500651
0.0363635 0.0821011 0.353761
-0.0897795 0.0764204 0.382024
-0.305276 0.238613 1.52196
0.0244345 0.0629362 0.392861
0.552147 0.0833556 0.965289
0.0275398 0.07285 0.394295
-0.0644197 0.0989992 0.441123
0.469517 0.0391003 0.801583
-0.128882 0.131604 1.37353
0.00721796 0.0821873 0.357742
0.12079 0.0882966 0.437548
0.211031 0.100692 0.32842
0.135666 0.0813807 0.365291
0.0446413 0.0940335 0.35455
-0.266778 0.0864721 1.33153
0.21432 0.105203 0.32955
-0.0963578 -0.0893739 0.418316
0.106329 0.0978369 0.467695
0.169646 0.116197 0.365784
0.0298987 0.0516101 0.502235
0.444043 0.202917 0.537831
0.215811 0.0956503 0.30062
0.0101073 -0.0552704 0.264788
0.0417606 0.0534387 0.404369
0.151969 0.0691717 0.380132
0.151593 0.0692462 0.380859
-0.0893493 0.0711946 0.375166
0.175767 0.0812834 0.449743
-0.0829896 0.0687475 0.362845
0.0544439 0.0927735 0.289918
-0.01174 0.117902 0.298521
0.0475335 0.125727 0.397773
0.103258 0.111516 0.473673
0.192834 0.0861413 0.393908
0.160114 0.120451 0.378845
0.0427368 0.1634 0.487469
0.077068 0.133787 0.353463
0.0670167 0.126602 0.398887
0.0586556 0.12056 0.384234
0.0888555 0.105443 0.394251
-0.0579095 0.0849947 0.399314
-0.0174842 0.092779 0.40551
-0.00678225 0.123119 0.394325
-0.0675654 0.0817974 0.38862
0.0998427 0.0908666 0.287504
0.654996 0.0103725 0.681449
0.692266 0.0116429 0.718874
0.000772536 -0.0213688 0.224531
0.00390297 -0.0232974 0.224668
0.00649178 -0.0236249 0.220803
-0.00574222 -0.0178416 0.227444
-0.027011 0.29377 1.26506
0.0292156 0.0757698 0.409596
0.208855 0.0822369 0.328525
0.142164 0.0803642 0.42521
-0.649941 0.322164 1.43679
-0.126528 0.127508 0.379876
-0.164998 0.145298 1.3528
0.19489 0.11983 0.381898
0.145872 0.066732 0.361889
-0.173748 0.144718 0.582991
-0.536934 0.256838 1.48075
0.697627 -0.439332 2.02956
0.784959 -0.341579 1.63137
0.159033 0.0675876 0.374901
-0.0552063 0.0826737 0.387939
-0.0411224 0.0847123 0.39027
0.862026 -0.0598975 1.66603
0.209748 0.126454 0.353614
0.175463 0.212682 1.9656
0.993811 0.0184756 1.48139
-0.0742361 0.0706005 0.343514
-0.0444984 0.163694 1.51911
1.05385 -0.493715 1.18464
0.576253 0.0841885 0.709348
0.508151 0.103017 0.630655
0.0489385 0.0514583 0.487273
0.104102 0.0807615 0.417885
0.21517 0.0528813 0.303963
-0.0571009 0.126778 1.27136
-0.08219 0.0989794 0.376017
-0.00202019 0.0783175 0.380272
0.366411 0.0684305 0.597053
0.00476968 0.0479734 0.429646
0.0270839 0.0645828 0.396277
0.853545 -0.297281 1.7583
0.0653202 0.128913 0.409387
0.0372235 0.118885 0.483303
-0.0380369 0.163763 0.458436
-0.296085 0.321403 1.51687
-0.0715369 0.0838462 1.46475
0.143531 0.0729977 0.370964
-0.685668 0.155281 1.56419
0.117728 0.149251 0.541304
0.0396021 0.136022 1.24178
0.750649 -0.259709 1.55822
0.135015 0.0744498 0.39716
1.19911 -0.501469 2.21518
-0.0835694 0.0911214 0.37357
0.0536227 0.113871 0.427642
-0.00514056 0.143356 0.425395
0.318749 -0.270132 2.35882
-0.434308 0.287838 1.27302
0.225415 -0.132851 0.895939
0.117477 0.0826777 0.408881
-0.114169 0.105021 0.453594
-0.0676944 0.0843862 1.38591
-0.523883 0.173244 1.57565
0.476897 0.048059 2.38986
0.0915277 0.0825399 0.37503
0.154648 0.0765142 0.387178
0.299594 -0.0274214 2.21575
0.193953 0.105173 0.382858
-0.439545 0.211855 1.36848
0.515599 0.186692 2.17387
0.134565 0.0827978 0.372682
0.480635 0.214393 2.24662
0.0399607 0.028369 1.49785
0.972092 -0.261777 1.78588
0.0231659 0.102369 0.428916
1.48626 -0.485637 2.6551
-0.460991 0.239572 1.42584
0.14012 0.0676146 0.350875
-0.0717821 0.085159 1.44594
0.174021 0.0675608 0.375498
-0.145939 0.12733 0.529278
-0.629996 0.087286 1.45692
-0.0436107 0.0871745 0.398475
0.0391754 0.0823114 0.406657
0.178257 0.0642442 0.381617
0.102401 0.142962 0.419218
1.33601 -0.557552 2.49847
0.00448647 0.119835 0.4502
0.702985 0.119112 1.72739
0.000992927 0.117718 0.436392
-0.059781 0.1067 0.425618
-0.517873 0.177501 1.62844
-0.193477 0.153416 0.541296
0.0979126 0.0823567 0.434405
0.114075 0.10249 0.509558
-0.184184 0.173437 1.30439
0.0298905 0.137546 0.458658
-0.0807425 0.131328 0.372707
0.0240614 0.0984692 0.42958
-0.176628 0.139812 0.496131
0.389326 -0.440427 1.76243
-0.455462 0.231919 1.45543
-1.02498 0.544793 2.2831
-0.521081 0.3123 1.33464
0.740029 -0.262773 1.53512
-0.0469814 0.0717344 0.38923
-0.583285 0.212755 1.42059
-0.143694 0.104997 0.38954
-0.0521581 0.0975201 0.380986
-0.46758 0.212964 1.32032
-0.0513955 0.0507412 0.366298
0.181613 0.115638 0.281029
0.160863 0.108597 0.34329
0.201468 0.141063 0.418688
-0.00572351 -0.158223 1.38239
0.139645 0.0792046 0.42022
-0.124327 0.124851 0.378589
0.670645 -0.420916 1.97465
-0.0454803 0.0859449 0.395051
-0.529 -0.0184995 1.24076
0.78561 0.143862 1.68648
-0.0846937 0.134345 0.381359
0.101598 0.178056 0.478558
0.0978792 0.139364 0.399695
-0.110097 0.150232 0.42441
0.0831831 0.137156 0.341529
-0.454843 0.216258 1.44096
1.04518 -0.4192 1.96051
0.256689 0.0782438 0.363641
0.171393 0.0651103 0.367637
1.07553 0.0104892 1.62224
-0.414549 0.154154 1.5641
-0.400484 0.149002 1.51582
0.0497923 0.0860768 0.216898
0.750034 -0.235195 0.838986
0.172175 0.123747 0.284361
-0.36879 0.148668 1.36204
-0.0681995 0.0771778 0.406194
-0.159765 0.158279 1.37886
-0.0653178 -0.46594 1.44277
0.480918 0.107921 0.794222
-0.149006 0.135641 1.23912
-0.495848 0.238175 1.44629
0.0470743 0.0841395 0.512179
0.173731 0.082073 0.370019
-0.065825 0.0813478 0.389437
-0.0198777 0.0915765 0.396331
0.0850465 0.0679278 0.36256
-0.211225 0.179785 1.37168
0.660048 -0.329696 1.95607
0.00417358 0.072216 0.391825
0.0409672 0.103113 0.428084
0.000120958 0.0982825 0.737836
0.0255966 0.0622209 0.398096
0.388482 0.098234 0.572025
0.232943 0.0686438 0.322879
0.214082 0.0723931 0.308424
0.614941 0.181654 0.731915
0.00566426 0.0715719 0.380796
-0.0666799 0.080917 0.383947
-0.0880477 0.0664754 0.40759
0.847492 -0.105864 1.52328
-0.0343951 0.0697424 0.395755
0.240541 0.253502 2.33461
0.19789 0.0497807 0.309782
-0.327907 0.194882 1.33512
-0.0782091 0.148375 1.23003
0.181523 0.116742 0.367357
0.21311 0.0409464 0.318417
0.154158 0.114227 0.357401
-0.0898963 0.113747 0.412632
0.689661 -0.377244 1.68115
-0.51429 0.172356 1.56564
0.0209157 0.080398 0.385982
0.00469577 0.102794 0.389822
0.0218121 0.106137 0.416624
-0.179925 0.14925 0.538664
-0.458408 0.245035 1.45011
0.173064 0.0666841 0.37297
0.145739 0.0677159 0.348617
0.148234 0.0666788 0.345192
-0.0473211 0.0707451 0.38357
-0.0174926 0.108707 0.383747
-0.0761432 0.138505 0.381342
-0.184192 0.154441 0.543914
-0.508319 0.300007 1.29569
0.0230844 0.101129 0.434972
0.00230457 0.0567543 0.406289
-0.0908024 0.0722225 0.380131
-0.00237026 0.0961688 0.407584
-0.05269 0.119677 0.479671
0.111415 0.089536 0.459811
0.176214 0.0638082 0.37933
2.30851 -2.56572 9.89857
1.35884 -0.403672 2.44833
0.282071 0.0191123 2.42719
0.691622 -0.382101 1.68915
0.0228031 0.111596 0.432193
0.207622 0.0955088 0.313176
0.570848 0.131799 1.71554
0.548104 0.0324191 0.790179
0.701295 0.138158 1.07038
0.038027 0.0467746 0.410978
-0.054838 0.0642474 0.409282
0.0874739 0.113515 0.372989
-0.0554483 0.0730228 0.397614
0.104809 0.124487 0.389329
-0.0796162 0.0955655 0.373227
0.22164 0.0776721 0.312745
-0.0720426 0.0849469 0.347564
0.271989 0.0806039 0.38232
-0.112473 0.0800661 0.469774
0.464423 0.154539 0.835719
0.2114 0.0884455 0.323093
0.33842 0.155626 0.640882
0.203051 0.0848019 0.30883
-0.0897729 0.0808702 0.39169
0.0267352 0.121259 0.403466
-0.074144 0.0668917 0.393092
0.200693 0.127265 0.40505
0.0282265 0.108444 0.444997
0.280618 -0.220973 1.15333
-0.00965764 0.0535088 0.402398
0.158815 0.0669772 0.373226
0.217222 0.0751745 0.306147
0.075107 0.152194 0.354967
0.15007 0.12574 0.308847
0.143675 0.150119 0.36281
0.193952 0.13588 0.340632
0.133452 0.122438 0.274988
0.123278 -0.0229971 0.307734
0.745956 -0.429872 0.870339
1.07653 -0.354437 1.35381
0.00194429 0.0724676 0.372386
0.970282 -0.0745902 1.69479
0.834039 -0.364112 1.74072
0.0308009 0.075826 0.445846
0.0337863 0.0774653 0.388027
0.225236 0.0837343 0.317615
0.140105 0.06808 0.372872
0.0588607 0.119449 0.429257
0.0386893 0.0546397 0.470058
0.478674 0.0688397 0.825745
0.173431 0.0881096 0.482139
0.0430862 0.15431 0.629014
0.0499433 0.126571 0.404292
0.094418 0.0861827 0.403431
-0.0177759 0.0923982 0.402685
-0.0176211 0.108509 0.388705
0.0894401 0.107033 0.402426
-0.0838189 0.078125 0.373243
-0.173541 0.140272 0.570268
-0.0826792 0.0955967 0.383826
0.00306769 0.0656735 0.449043
-0.0127056 0.0618023 0.401901
0.154839 0.114739 0.360335
-0.0757238 0.0746461 0.363417
-0.403019 0.223524 1.64324
0.223013 0.0340912 2.2028
0.447141 0.0368401 0.761506
0.36909 -0.0177742 2.59143
0.190683 0.0713038 0.413546
0.242364 0.11181 0.506045
0.00071079 0.116543 0.42673
-0.0806143 0.108671 0.379657
0.203382 0.0847758 0.309607
0.0139107 0.130074 0.426962
0.982468 -0.18324 1.52515
1.22896 -0.424046 2.21551
0.842297 -0.0574089 1.63401
0.0309474 0.115882 0.460533
0.24472 0.0369478 2.518
-0.0406442 0.0808561 0.713238
0.11789 0.0869973 0.433613
-0.0570759 0.0781482 0.424876
0.050312 0.109356 0.413496
0.262964 0.0393207 2.3649
-0.0579784 0.0753108 0.378868
0.180678 0.11726 0.368073
0.143403 0.130784 0.357501
0.104479 0.13475 0.420381
-0.0563625 0.136171 0.39133
-0.180844 0.140847 0.468927
-0.16039 0.148798 1.35033
-0.0820742 0.133805 0.380818
-0.169149 0.133463 0.462858
0.0672126 0.121574 0.390463
-0.0950247 0.138365 1.05154
0.112944 0.0833191 0.416718
0.0258805 0.120349 0.403228
0.158784 0.102053 0.452008
0.0170553 0.0986444 0.374851
-0.00303451 0.0876205 0.408452
0.957002 -0.0673981 1.84565
-0.0032261 0.0834539 0.403101
0.794278 -0.126889 1.63778
-0.465785 0.183445 1.61248
-0.0188289 0.111728 0.400741
0.0258254 0.105457 0.352384
-0.454773 0.229085 1.02359
0.208787 0.0998849 0.323026
0.028743 0.108779 0.448519
-0.0655238 0.0646124 0.403867
-0.165303 0.126317 0.540214
0.0458737 0.0816866 0.531238
-0.138118 0.111757 0.387449
0.212029 0.0442958 0.318088
-0.562632 0.312268 1.62185
-0.43819 0.263892 1.12829
0.218343 0.0524713 0.343135
-0.28534 0.163882 0.579529
-0.00449473 0.0567475 0.377481
-0.329285 0.145974 0.555151
-0.0219525 0.148201 0.427145
-0.0615104 0.0632397 0.38892
0.0410477 0.0433606 0.428966
-0.29924 0.180417 0.659486
0.0124692 0.074113 0.498632
-0.0383286 0.132767 0.397396
-0.0798389 0.0706298 0.382121
-0.119032 0.11975 0.360519
-0.197068 0.137685 0.468041
0.00586895 0.149523 0.443948
0.0626464 0.128364 0.408102
0.138272 0.0831192 0.363438
0.0447606 0.099003 0.44319
0.0454981 0.159054 0.469911
0.144197 0.0718793 0.370518
0.0436712 0.0851741 0.422796
0.0708935 0.132908 0.429075
-0.0841394 0.112 0.392232
-0.0598169 0.0888775 0.374494
0.0244545 0.0543271 0.290608
0.110456 0.142986 0.452282
0.189846 0.125936 0.383864
0.0332946 0.165077 0.506337
0.156995 0.0662761 0.341127
-0.0813973 0.10259 0.376437
-0.0323581 0.0688021 0.393007
-0.0887019 0.0799543 0.387969
0.0377256 0.0411461 0.400306
-0.122228 0.108051 0.317599
-0.0530394 0.084295 0.358807
-0.122118 0.107481 0.315993
-0.0786815 0.0699715 0.379103
0.20522 0.0935033 0.319553
0.0481874 0.11346 0.462581
0.036611 0.116001 0.472792
-0.000760292 0.0960622 0.399796
-0.0199973 0.144568 0.417982
0.194727 0.052936 0.312389
-0.0310078 0.0683503 0.388996
0.0419673 0.0429611 0.419519
-0.0665581 0.0737502 0.382072
-0.0660604 0.0784487 0.373611
0.15223 0.101857 0.321412
-0.198971 0.151361 0.522461
-0.622086 0.216024 1.48301
-0.243533 0.163786 0.570312
-0.330288 0.177101 0.834631
-0.596193 0.210372 1.42829
-0.220544 -0.0753297 0.812963
-0.0499169 0.0755617 0.336118
0.041564 0.0967007 0.407396
0.937292 -0.363339 1.5077
0.09599 0.137213 0.393825
0.0228449 0.0903962 0.39183
0.161476 0.0686638 0.380754
0.0307355 0.0845024 0.413377
0.00308866 0.102355 0.376329
0.10218 0.0797303 0.408151
0.118359 0.127536 0.336727
-0.0865283 0.113209 0.405903
0.220061 0.123563 0.299932
0.0452257 0.131294 0.329419
0.142075 0.143841 0.344772
0.547663 0.0253431 0.913191
0.200644 0.118775 0.293755
0.180038 0.0783603 0.246628
0.0940742 0.212546 0.486424
0.0756643 0.15438 0.353888
0.191088 0.126053 0.369195
0.0691488 0.14321 0.367938
0.0236296 0.036233 1.23081
-0.0340233 0.121756 0.365089
0.482881 0.0422942 0.809312
-0.0543052 0.0820498 0.385411
0.73331 -0.0939335 1.6228
0.136266 0.074855 0.399925
-0.208468 0.171582 0.60686
0.118146 0.0824138 0.408011
-0.0652506 0.09515 0.401778
-0.232596 0.154938 0.701573
-0.0676057 0.0927225 0.382059
0.0173117 0.0746028 0.306857
0.0315512 0.112165 0.449802
0.137423 0.083869 0.378877
0.0114384 0.0901355 0.401388
-0.603221 0.305836 1.34844
-0.223062 0.15601 0.526603
1.69161 -0.541977 2.76874
-1.32546 0.701881 2.94179
-0.0735964 0.0759446 0.368799
-0.0870316 0.133391 0.393754
0.00135506 0.0670153 0.42392
-0.481416 0.264271 1.20563
0.140062 0.0900279 0.396624
0.0425653 0.0974307 0.419367
-0.422437 0.167307 1.48882
0.975818 -0.243943 1.77509
-0.171503 0.140755 0.577358
-0.259136 0.159027 0.565686
-0.47964 0.261565 1.50562
0.167118 0.102586 0.340011
0.251112 0.104868 0.347241
0.314194 0.079868 0.458347
0.257755 0.106848 0.355693
0.141681 0.110417 0.34751
0.227847 0.0764622 0.325619
0.0258766 0.139947 0.374433
0.210771 0.0834558 0.331603
-0.0208915 0.147085 0.425187
-0.232511 0.178128 0.477716
-0.346943 0.155701 0.641353
0.30259 0.109449 0.524516
0.289176 0.0710941 0.418777
0.0577422 0.136433 0.396184
0.0490371 0.135233 0.371329
-0.680358 0.0813369 1.55542
-2.48395 -0.0357325 3.44593
-0.975256 -0.0377001 1.76228
-0.0687979 0.0933811 0.373247
-0.0560425 0.0797948 0.367747
-0.0718432 0.101789 0.37956
-0.136795 0.138141 0.744768
-0.177397 0.135474 0.504566
-0.200195 0.157824 0.519211
-0.197885 0.147482 0.546547
-0.0813906 0.0700915 0.368329
-0.159531 0.146323 0.537383
-0.491838 0.198335 1.48368
-0.29591 0.235945 0.741543
-0.198187 0.156876 0.515898
-0.170743 0.14566 0.517676
-0.17348 0.135011 0.526078
-0.0167976 0.128104 0.397848
0.179994 0.109516 0.370303
0.181265 0.126456 0.341592
0.120828 0.101841 0.274237
0.181728 0.106666 0.263697
0.13607 0.105302 0.331757
0.0611797 0.14258 0.414737
0.0543199 0.125657 0.436271
-0.0211548 0.141384 0.438767
-0.321131 -0.348741 1.3445
0.171464 0.0600407 0.360975
-0.636854 0.0838587 1.47936
-0.440254 0.172132 1.45654
0.535035 0.0720457 0.918132
0.699253 -0.229472 1.79377
0.572241 -0.535989 1.43101
-0.00217358 -0.180901 1.51453
-0.00647384 0.0581185 0.405907
-0.213801 -0.0221352 0.362615
0.0115646 -0.0247105 0.219409
-0.214011 -0.0220418 0.362884
0.0326786 0.0619394 0.392315
0.587504 0.0863546 0.72848
0.850599 -0.426545 0.901919
0.916832 -0.101931 1.61838
0.0213029 0.0664581 0.555189
0.0266425 0.0468879 0.456881
-0.100392 0.0984126 0.68187
0.152897 0.0693349 0.382513
-0.293965 0.0960223 1.40583
0.759267 -0.404729 0.889677
1.06642 -0.497123 1.20944
0.197656 0.0778735 0.301474
0.444422 0.202665 0.506597
-0.103977 0.0823022 0.433299
0.0979887 0.136678 0.350865
0.141522 0.0989165 0.276618
0.227096 0.0753224 0.322603
-0.00126484 0.147476 0.431775
0.0236021 0.151535 0.403517
-0.0542377 0.0824381 0.386517
-0.0736775 0.0677673 0.38481
-0.0705359 0.135072 0.327354
-0.0759099 -0.0445823 1.38643
1.088 -0.500942 1.80475
0.685919 -0.163689 1.68743
0.845464 -0.540888 1.56562
0.680188 0.0877109 0.686893
0.661726 0.00664204 0.78648
0.491991 0.0470509 0.813696
0.572787 -0.537827 1.44528
-0.173674 0.17562 1.43784
-0.414193 0.161754 1.46535
-0.513539 0.198103 1.54654
0.746007 -0.40961 0.783486
-0.0596651 -0.0330065 1.25652
-0.377502 0.142536 1.39633
0.300061 0.248419 2.37168
0.879765 -0.373504 1.64322
0.738469 0.135616 1.74009
1.07429 -0.199654 1.67179
1.11213 -0.367838 1.40069
-0.382942 0.225378 1.56653
0.0116641 0.089728 0.41082
0.0396895 0.0647625 0.407331
0.671356 -0.0039628 0.807878
0.00164751 0.0786243 0.397846
0.318713 0.0800912 0.468889
0.624458 -0.199769 0.834797
0.599946 0.0287426 0.752725
0.699837 -0.376261 1.67958
0.786232 -0.147264 1.48946
0.585096 -0.537965 1.41857
0.619765 -0.195767 0.824533
-0.0683386 -0.0367444 1.3274
0.739161 -0.113624 1.64176
-0.465767 0.214329 1.40961
0.166302 0.117563 0.243271
0.179712 0.13761 0.32455
0.112543 0.118512 0.420305
0.173846 0.118141 0.281276
-0.0745003 0.06903 0.385538
-0.0181398 0.163653 0.424886
0.0166481 0.108511 0.529174
-0.0883107 0.103277 0.407312
0.178562 0.121654 0.322808
0.00529152 0.155647 0.46193
-0.075047 0.10348 0.377075
0.198133 0.147867 0.418836
0.021151 0.155317 0.452957
0.0722488 0.135829 0.426388
0.16284 0.0689504 0.383211
0.596128 -0.531637 1.3831
-0.202744 0.167007 1.29797
0.917166 -0.58509 1.69163
0.285128 -0.364048 2.41552
-0.0343711 0.0606512 0.337689
0.477772 0.0390352 0.811969
-0.0477187 0.0696116 0.383308
0.608676 0.0842999 0.732606
0.00586845 0.0687887 0.399605
0.0410368 0.0525554 0.404847
0.0403934 0.0773868 0.483116
-0.0289189 0.163278 0.771434
0.183555 0.132194 0.299112
-0.0546134 0.15417 0.291137
0.337482 0.184991 0.419874
0.24764 0.108788 0.344868
0.191663 0.111626 0.255463
-0.115612 0.156153 0.439267
-0.0663344 0.0773958 0.364253
-0.0802538 0.0921991 0.375325
0.208279 0.125777 0.350569
-0.0891876 0.124948 0.404342
-0.393122 0.162664 1.45196
0.124664 0.0925209 0.256192
0.0620208 0.145927 0.415405
0.167083 0.0726654 0.349674
0.0998078 0.121333 0.434023
0.799943 -0.274752 1.66454
0.261896 0.0810114 0.372052
-0.0605218 0.142211 0.410939
0.0421377 0.0531918 0.399985
0.0023359 0.0762831 0.499422
-0.00021449 0.164463 0.435675
0.0362207 0.0758134 0.314697
0.109923 0.166747 0.481826
-0.0570644 0.136086 0.3932
0.0446613 0.165436 0.49168
0.711551 0.068768 0.66451
-0.0826869 0.118485 0.382951
0.182243 0.121795 0.350931
-0.00694404 0.0757188 0.412565
-0.0155919 0.0900554 0.393464
0.0594964 0.122319 0.390885
-0.159464 0.18662 0.541163
0.24572 0.0755521 0.345817
0.0930077 0.172311 0.448824
0.159247 0.107567 0.339485
0.228626 0.101101 0.317318
-0.126922 0.140581 1.36392
0.312923 0.173294 0.662495
-0.0336436 0.169513 0.365566
0.166926 0.140977 0.318101
0.663803 -0.48194 2.005
-0.433014 0.29338 1.27497
-0.499195 0.266819 1.53343
-0.642969 0.126845 1.43462
0.59189 -0.069834 1.15156
0.817498 -0.0578129 1.5857
-0.0701809 0.0669109 0.368508
-0.0660809 0.0766382 0.370066
-0.204048 0.191902 0.504086
-0.756828 -0.0271854 1.39062
0.109288 0.131806 0.41166
-0.0655037 0.0905624 0.373932
0.025757 0.0545858 0.396614
-0.0800172 0.0699757 0.415169
-0.00693072 0.0694527 0.413058
0.171003 0.0701005 0.364302
0.979265 -0.325559 1.24104
0.0399623 0.0683382 0.398819
-0.0890953 0.065686 0.386711
0.736487 -0.429762 0.875034
0.648122 -0.00712057 0.816415
0.619109 0.0357296 0.76976
0.448846 0.206019 0.515299
0.213246 0.132305 0.325726
-0.483073 0.359567 1.5203
-0.0795607 0.0727274 0.367319
-0.0793239 0.0728334 0.367014
-0.197358 0.12969 0.484441
-0.0798608 0.0735965 0.368719
-0.378634 0.198119 1.34382
-0.285874 0.190208 1.39499
-0.188563 0.247362 1.35137
-0.582263 0.444973 1.82078
-0.144595 0.234248 1.29747
-0.0343662 0.27591 1.32311
-0.284423 0.32927 1.54058
0.700008 -0.131285 1.15473
-0.170991 0.145955 0.51883
-0.170833 0.145836 0.519309
-0.771793 -0.113407 1.44031
-0.443736 0.234784 1.54158
-0.645651 0.154036 1.51502
-0.959599 -0.0353727 1.73002
-0.200852 0.152544 0.524882
-0.199833 0.148047 0.532944
-0.692236 -0.104775 1.3166
-0.992677 0.267636 1.55055
-0.998238 0.264939 1.56248
-0.199601 0.154038 0.517507
-0.235035 0.169914 0.533362
-0.188847 0.151709 0.523724
0.00236307 0.0626437 0.403673
0.720905 -0.167672 1.75561
-0.538607 0.262634 1.48368
-0.166326 0.171888 1.36732
-0.2809 0.104719 1.46711
-0.076079 0.138467 0.381168
-0.223966 0.156328 0.528605
-0.196298 0.144683 0.539205
-0.627553 -0.0233928 1.43482
-0.189187 0.33463 1.41921
-0.31249 0.188545 0.673176
-0.211861 0.145993 0.507902
-0.70026 0.419963 1.41598
-0.192922 0.142052 0.533318
-0.145433 0.0889186 0.434391
-0.236306 0.142453 0.528962
-0.242015 0.190314 0.484457
-0.262453 0.200777 0.53923
0.29066 0.198345 2.31831
0.149953 0.132349 0.28345
0.168944 0.119119 0.250428
0.00370939 0.0453352 0.347154
0.118102 0.113161 0.276102
0.0733224 0.0885773 0.188292
0.14989 0.141873 0.303721
0.237752 0.150217 0.321403
-0.0502107 0.155294 0.396295
-0.0892356 0.171488 0.439484
0.142113 0.118205 0.289147
1.074 -0.350934 1.3484
0.954509 -0.293925 1.08086
0.0429868 0.0545876 0.411361
0.284783 0.0240212 2.44342
0.695466 -0.370661 0.782292
1.20126 -0.507636 2.40129
1.70569 -0.348804 3.4335
0.759241 -0.413865 0.793898
-0.398883 0.165955 1.47435
0.837868 -0.0864375 1.6333
0.335594 -0.173496 2.38328
0.810558 -0.0879074 1.58145
0.226038 0.189477 2.19443
0.784235 -0.0628824 1.40802
0.471646 0.0460763 2.38396
0.0943506 0.0244251 2.46385
0.00847482 0.0777648 0.39206
0.0924224 0.0757789 0.403634
0.603336 0.126011 0.76632
1.07994 -0.354254 1.3563
0.583019 -0.497286 1.72201
-0.441593 0.135341 1.41272
0.783228 -0.329443 2.15564
-0.270663 0.292693 1.19818
-0.0800627 0.179307 1.34709
-0.367142 0.219897 1.4818
-0.708481 0.163392 1.614
-0.646296 0.0818249 1.39296
-0.184944 0.172562 1.30172
0.761678 0.137462 1.95261
1.13613 -0.0116446 1.43088
-0.176877 0.24739 1.33709
-0.0537518 0.106215 1.30752
0.0377315 0.0413253 0.395767
-0.0866039 0.11292 0.412704
-0.00171127 0.0898372 0.425133
0.0318424 0.0696953 0.390596
-0.0165697 0.0916966 0.400409
0.11159 0.0794571 0.394733
-0.0808708 0.0831772 0.568545
-0.22658 0.156032 0.531608
-0.554478 0.210414 1.34988
-0.446647 0.204465 1.30113
0.756717 -0.123013 1.63744
2.08835 -0.618354 3.4049
-0.191416 0.238804 1.504
0.697893 -0.503972 2.1055
0.159756 0.0672453 0.348986
0.93524 -0.35699 1.5045
0.0247156 0.062018 0.396841
-0.000171032 0.0665765 0.390331
-0.078751 0.0821454 0.377766
-0.0383815 0.0877013 0.350931
0.0168064 0.12429 0.362531
-0.04442 0.0686404 0.316862
0.192469 0.120639 0.379227
0.24628 0.130769 0.380749
-0.0637358 0.0869152 0.355082
-0.0657449 -0.0423149 0.381304
0.0378581 0.0515567 0.404419
0.361771 0.131351 0.615972
0.588976 -0.532531 1.68801
0.99938 -0.456694 1.65373
0.658242 0.00411902 0.785121
0.409555 -0.383291 1.02694
-0.126629 0.239098 1.31805
-0.206862 0.443214 2.0913
-0.679606 0.162852 1.49666
0.705339 0.151367 1.70075
-0.574441 -0.0228547 1.33605
-0.717447 0.154591 1.61581
-0.320697 0.203746 0.52071
-0.268377 0.186121 0.485703
1.05968 -0.391056 1.93597
-0.140327 0.129301 1.20025
-0.0773241 -0.181515 0.568762
0.309536 -0.26193 2.28999
0.512592 -0.405696 1.13857
0.758559 -0.120993 1.62697
0.273505 0.236989 2.22798
0.728863 0.186079 2.30218
0.687752 -0.192259 1.69304
0.566685 0.0975953 0.756075
-0.280617 0.323348 1.52304
0.199221 -0.116741 1.58016
-0.0824376 0.271386 1.31599
-0.816934 -0.116125 1.50496
-0.329002 0.207792 0.947734
0.776936 -0.105075 1.52304
-0.120915 0.21319 1.40054
0.856344 -0.323395 1.58935
-0.0929239 -0.331031 0.809169
-0.0482603 0.135437 1.00496
-0.0992052 0.0761078 1.34161
0.130719 0.446803 2.22171
0.0419216 0.113364 1.14673
-0.0819769 0.296219 1.45301
1.14894 -0.326484 1.9874
-0.0957977 0.0763632 0.404727
-0.0952475 0.14706 0.359228
0.889263 -0.0637435 1.70487
-0.0740216 0.0677805 0.511946
-0.0376964 0.0715146 0.400674
0.126273 0.219934 1.99603
-0.692889 0.243273 1.56619
1.23118 -0.417935 2.31654
-0.185858 0.247609 1.356
-0.0529456 0.284889 1.35948
0.748538 -0.326754 1.57177
-0.0678664 0.190265 1.3657
0.0334796 0.111345 1.14146
-0.295737 0.234186 1.4736
-0.0560759 0.11512 1.27268
-0.274602 0.143296 1.43194
-0.697518 0.143743 1.35618
-0.63454 0.0786958 1.37714
0.60971 0.087872 0.737256
0.170821 -0.321004 1.40393
0.496521 -0.183929 1.45384
0.263467 0.238186 2.18965
0.227252 0.0507065 2.44466
0.0621521 0.142941 1.37984
0.63669 -0.0117778 0.800664
0.0317475 0.00539122 0.271246
0.985443 -0.177423 1.53117
-0.187035 0.175909 1.32135
0.764778 -0.418484 2.61229
0.514879 0.198225 2.18243
-0.0687462 -0.0259797 1.26325
-0.0526369 -0.0300604 1.26497
-0.185671 0.180762 1.32255
0.82469 -0.393798 0.967073
-0.688667 -0.0578949 1.63437
-0.0487477 0.163999 1.67912
-0.523562 -0.0320907 1.50345
0.60391 -0.504001 1.75885
-0.0176332 -0.206765 1.30102
-0.0528505 0.143311 0.842485
0.409288 -0.260627 1.82321
0.229632 0.244291 2.24165
0.252988 0.249697 2.35616
-0.470016 0.253665 1.45461
1.99473 0.427223 2.55873
0.65858 -0.00183344 0.796326
-0.00083643 -0.146099 1.30926
-0.0183589 0.167212 0.435925
0.31171 -0.090751 0.747832
0.342535 0.189278 0.427853
0.314305 0.173925 0.390243
0.131042 0.0895885 0.188614
-0.482453 0.174965 1.50915
0.145225 0.145576 0.355568
0.2933 0.0585164 0.441727
0.1785 0.143284 0.301377
0.0745002 0.150577 0.343437
-0.0551981 0.0836498 0.390117
0.1129 0.113917 0.242628
0.169822 0.12079 0.275451
0.441567 0.301439 0.830973
0.183856 0.1377 0.297664
0.172451 0.127656 0.276548
0.202382 0.117215 0.279589
0.240664 0.19634 0.548151
-0.0730703 0.162944 0.384917
0.14157 0.131822 0.295477
0.0406641 0.114771 0.245724
-0.0010086 0.162621 0.431201
0.218524 0.113703 0.326551
0.0679946 0.140758 0.362416
0.110404 0.141745 0.534345
-0.5036 0.230966 1.50223
0.0155085 0.159826 0.466997
0.0964606 0.138009 0.370469
-0.0509771 0.0716806 0.390932
0.0556215 -0.00468037 0.0566484
0.212376 0.121759 0.288267
0.648805 -0.0694153 0.825281
0.683033 0.013928 0.747673
0.513447 0.115787 0.848279
0.69554 -0.342534 2.02075
-0.15292 0.122197 0.497278
-0.177324 0.149184 0.537947
0.0301976 0.0846576 0.409577
-0.340776 0.14867 0.576774
0.1299 0.0720958 0.37672
0.601161 -0.548969 1.73458
0.787393 -0.274318 1.63992
-0.224504 0.157195 0.530152
-0.0391838 0.151496 0.415551
0.131286 0.0720156 0.380707
0.189166 0.110969 0.274754
-0.0395569 0.0842383 0.384582
0.589202 0.0337629 0.748452
0.146749 0.122126 0.298872
0.168663 0.0784303 0.334294
0.137078 0.126791 0.34908
-0.0392959 0.0828733 0.330232
0.0351169 0.060719 0.407021
0.0462588 0.0980564 0.387387
0.172095 0.126239 0.324222
-0.0739245 0.135846 0.374023
-0.0725076 0.108873 0.37659
0.205144 0.116783 0.277693
0.225198 0.0874536 0.359488
-0.0281741 0.115343 0.506285
0.25207 0.0838073 0.359016
-0.0547852 0.0780645 0.60446
0.373727 -0.0427416 0.692248
-0.0563913 0.136348 0.391775
-0.0566949 0.0699877 0.372058
0.177069 0.0753422 0.391946
0.461674 0.00118424 0.446805
0.347577 0.110403 0.608532
-0.057904 0.0868133 0.379781
0.619552 0.0890045 0.77296
-0.08308 0.10606 0.382724
0.0235826 0.135891 0.356198
0.179293 0.126189 0.339192
-0.0639345 0.0989099 0.382815
0.0218429 0.0818938 0.883012
-0.0132883 -0.00759729 0.22728
0.0375617 0.144753 0.324874
0.159553 0.138929 0.339786
0.808248 -0.121284 1.65839
0.163767 0.115245 0.240107
0.155158 0.146122 0.3286
-0.286312 0.383498 1.57551
0.152586 0.141719 0.320337
0.71628 0.109527 1.73031
0.775297 -0.24995 1.60798
-0.0824045 -0.036507 0.487156
-0.133155 0.184785 0.537611
-0.0528711 0.060949 0.391715
0.0251365 0.163063 0.340756
0.155412 0.0975626 0.226653
0.153643 0.115356 0.285847
-0.0106111 0.0546582 0.412008
0.0666329 0.278214 1.41536
2.23099 0.221749 2.82368
0.797138 -0.159658 1.4503
1.26445 -0.426004 2.35366
0.716738 -0.0566415 1.30019
1.09226 -0.390165 1.92191
-0.227457 0.421419 1.59969
0.928785 -0.171699 1.45996
1.05734 -0.308565 1.85259
0.00766561 0.0794144 0.392079
-0.54416 0.139596 1.22246
0.904446 -0.0611475 1.66988
-0.612809 0.0903377 1.40162
-0.436845 0.188283 1.39526
0.763725 0.10923 1.91479
1.38204 -0.445767 2.26532
1.55625 -0.657011 2.953
-0.35218 -0.308688 1.28519
0.351296 -0.0121088 2.34873
0.823502 -0.187514 1.50019
0.307332 -0.194079 2.24609
-0.0865525 0.653817 2.79174
-0.122008 0.204931 1.55636
0.961587 -0.106533 1.6716
1.02276 -0.10996 1.90332
-0.0651807 0.0790928 1.25453
0.0622292 0.140158 1.37291
-0.301448 0.1712 1.57723
1.22747 -0.373811 2.11237
0.825284 -0.288878 1.70217
-0.235081 0.226166 2.17345
-0.104639 1.28549 5.16805
-0.0972039 0.248556 1.76317
0.798646 -1.14606 4.86526
-0.0533993 0.145346 1.50361
-0.0235939 -0.222469 1.16601
-0.0602361 0.144977 1.25808
-0.0583201 0.297385 1.41684
1.76084 -0.547778 3.17294
-0.0405903 -0.334128 1.33158
0.653885 0.00758144 0.778355
0.152168 0.271776 2.43756
-0.0543462 0.135497 1.34675
-0.0497029 -0.0289237 1.26637
0.693607 -0.0459222 0.872593
0.803455 -0.0583565 1.54345
-0.083478 0.0738673 0.378475
-0.674121 0.16025 1.48745
0.167358 0.0735366 0.235839
0.226231 0.111244 0.351325
0.134119 0.147217 0.390577
0.0371742 0.140823 0.35937
0.0251507 0.015659 0.346612
0.069244 0.0185265 0.0865116
-0.0524834 0.0763059 0.386941
0.0302191 0.00419785 0.0313584
0.92037 -0.0654089 1.76015
0.0669276 0.140204 0.392645
0.00078447 0.0585788 0.414135
-0.0629901 0.0750008 0.401292
0.560698 0.169263 0.663722
0.146155 0.121556 0.298664
0.202228 0.0950825 0.296722
0.189097 0.127812 0.307143
0.177722 0.112962 0.274713
0.244045 0.121394 0.37918
0.181238 0.119789 0.321703
0.194052 0.136688 0.368905
0.0630097 0.114804 0.246342
0.176171 0.111821 0.260766
0.206416 0.0954249 0.476572
0.100527 0.124513 0.464057
0.0295622 0.0593826 0.383322
-0.0500989 0.0720122 0.393163
-0.00273644 0.0493388 0.369213
0.401441 0.182539 0.457283
0.000450722 0.0513232 0.40215
0.176796 0.135729 0.336571
0.278598 0.0766888 0.464287
-0.0297381 0.131085 0.372401
-0.00419684 0.0823025 0.420978
0.754928 -0.120109 1.686
-0.0325283 0.0696825 0.396369
0.123458 0.10932 0.299375
0.217787 0.106754 0.332929
-0.00569313 -0.234454 2.05654
-0.0330368 0.0944107 0.39827
-0.551076 0.25417 1.52922
-0.54253 0.251308 1.50669
-0.143246 0.108924 1.40209
-0.482001 0.203731 1.4272
0.242798 0.0616798 2.06417
0.10592 -0.0357591 0.252355
0.0309806 0.136774 0.336389
0.110849 0.120406 0.330247
0.114734 0.0793669 0.39474
0.121616 0.0925812 0.381543
0.045695 0.158091 0.466656
0.0203635 0.0995599 0.397743
-0.0734224 0.199813 0.552353
0.203649 0.0415163 0.310717
0.244365 0.0899756 0.390902
0.122485 0.0844205 0.369744
0.21374 0.100988 0.315104
0.0621603 0.147395 0.366001
0.218405 0.0966179 0.301315
0.113557 0.080234 0.404032
0.13637 0.100643 0.314726
0.207356 0.0778483 0.306783
0.120937 0.0958999 0.387794
-0.163271 0.147934 0.538441
-0.0670744 0.0929078 0.382837
0.328318 0.0615501 0.394039
0.205138 0.125009 0.349259
0.201983 0.0988222 0.309552
0.055514 0.126352 0.307685
0.0280577 0.000494402 0.0123903
0.0492392 0.076147 0.4095
0.0546889 0.127748 0.42868
0.142657 0.103608 0.32592
0.195184 0.0678589 0.317947
-0.490111 0.176368 1.55333
0.230614 0.135009 0.324111
0.21667 0.134364 0.375483
0.164753 0.0698604 0.389256
0.180811 0.134196 0.29912
-0.113134 0.158593 0.46042
-0.0236335 0.152957 0.434968
-0.08032 0.0754855 0.360229
0.119182 0.0878867 0.199415
-0.0978655 0.151532 0.367209
0.194468 0.14384 0.322729
-0.0846685 0.16185 0.420679
-0.0726195 0.157712 0.357794
0.0935443 0.117132 0.26024
0.18306 0.128917 0.270033
0.193013 0.109892 0.261188
-0.0780465 0.0901243 0.364707
-0.0873146 0.150438 0.338398
0.0017769 0.11356 0.402043
0.00591381 0.108548 0.414929
-0.0754934 0.137158 0.380035
0.0176674 0.0940025 0.362255
0.0301596 0.111897 0.418944
0.0350931 0.0938322 0.412429
0.0292552 0.108509 0.40322
0.111357 0.0783461 0.386884
0.0243218 0.140151 0.365315
0.109049 0.0921775 0.42395
0.112496 0.0781665 0.385105
0.113212 0.0789545 0.390678
0.0559415 0.127703 0.443053
0.0169634 0.0967589 0.388058
0.131779 0.123902 0.307935
0.15749 0.120241 0.295004
0.230485 0.0817148 0.331245
0.121009 0.116701 0.365105
0.0223835 0.163168 0.477255
0.0368863 0.150662 0.396629
0.0426487 0.0621386 0.407542
0.62503 0.220451 0.726542
0.0757508 0.143193 0.388151
0.442962 0.00627404 0.417054
0.0383737 0.137786 0.35286
-0.00830828 0.164143 0.434837
0.185595 0.124611 0.297051
0.195171 0.108637 0.261913
0.00328742 0.080624 0.388112
0.108814 0.135326 0.378817
-0.0200772 0.153342 0.425428
0.0816698 0.141716 0.365898
0.125819 0.112973 0.305537
0.497968 0.10554 0.822389
0.205157 0.0688542 0.223209
-0.00843016 0.138235 0.345719
-0.00415735 0.146748 0.435192
0.196845 0.0783152 0.302537
0.0852491 0.14028 0.349007
0.211626 0.0759406 0.299793
0.160562 0.164309 0.398233
-0.0254998 0.155846 0.482163
0.53179 0.15738 0.629426
-0.121944 -0.0756516 0.640495
-0.00568837 0.168636 0.540972
0.747196 -0.108941 1.66422
0.0195057 0.0105583 0.0357738
0.739969 -0.130692 1.52936
0.060667 0.139941 0.40911
-0.0301079 0.132739 0.376096
0.0250998 0.149043 0.396942
0.0576881 0.123895 0.390953
0.09436 0.10743 0.337888
0.0997529 0.143635 0.387708
0.3264 0.117667 0.571561
0.182419 0.121837 0.351793
0.00760161 0.075528 0.362909
0.0650677 0.156015 0.399903
-0.0701117 0.093963 0.377003
0.0552085 0.129286 0.440732
0.125126 0.188734 0.614679
0.199648 0.120404 0.336548
-0.003924 0.156449 0.436828
0.508296 0.210811 2.27087
0.494705 0.0897543 0.680768
1.55348 -0.391997 2.67506
0.806235 -0.0611464 1.56504
-0.0579539 -0.338292 0.807184
-0.503873 -0.0350223 1.45956
-0.200849 0.168041 1.2929
-0.19308 0.230964 1.4116
0.0323638 0.0604688 0.400146
-0.125761 0.208101 1.38673
0.841635 -0.0595042 1.61964
0.0366696 0.400152 1.80904
0.733653 -0.256194 2.01781
0.0322944 0.332963 1.54263
0.777511 -0.0895026 1.53458
1.02531 0.0592628 1.4722
0.3917 0.0244701 2.32171
0.879432 -0.365976 1.60838
-0.0351458 0.343573 1.4581
-0.205665 0.284815 1.33498
1.11128 -0.0489824 1.4143
-0.187165 0.274477 1.35739
-0.0721081 0.276472 1.43943
-0.0348944 0.308244 1.45803
1.3237 -0.445199 2.22576
0.940904 0.0209487 1.42225
0.338459 -0.144954 0.704771
-0.1556 0.24849 1.3564
0.0646741 0.276775 1.41356
-0.212546 0.290509 1.40118
-0.127699 0.297078 1.4165
1.78629 0.389554 2.30757
1.07814 -0.37209 1.90245
0.745241 -0.245169 2.03415
1.33692 -0.0408596 1.61914
0.778802 -0.270916 1.441
-0.177454 0.229808 1.28152
0.795147 -0.606507 1.66705
-0.170542 0.179977 1.22508
0.74585 -0.23851 2.02887
1.10364 -0.224081 2.28987
0.622381 -0.088935 1.18552
0.95165 -0.114929 1.67307
0.568396 -0.507835 1.33422
1.18055 -0.130479 1.9979
1.65812 -0.388751 1.78038
0.554169 -0.519961 1.43056
0.597656 -0.543565 1.38443
1.05212 -0.583441 1.06554
0.0473669 0.0829926 1.43014
0.75702 -0.0540354 1.41603
0.857373 -0.215029 1.55233
0.753521 -0.141591 1.22899
1.10386 -0.503329 1.23095
-0.0163648 -0.204456 1.24279
0.87233 -0.259522 1.75872
-0.237777 0.32891 1.50544
-0.0678309 0.227925 1.52788
-0.261402 0.194271 1.28935
-0.0393727 0.463959 1.89762
1.18814 -0.32635 2.04231
1.0052 -0.196757 1.55271
-0.512464 0.0899814 1.59255
-0.175991 0.180404 1.40028
-0.319369 0.164791 1.2012
-0.494979 0.200466 1.46943
-0.704259 0.252913 1.57958
-0.799044 0.102103 1.72668
-0.972582 -0.0390892 1.76862
0.345555 0.00634973 2.30429
0.748379 -0.129212 1.56295
0.784879 0.0784291 1.22755
-0.00560056 -0.016093 0.237739
0.272906 0.247247 2.25843
0.689684 -0.811028 3.48972
0.58201 -0.157044 1.41885
0.311146 -0.298793 2.42383
-0.116858 0.0832462 1.29531
-0.0381018 -0.319344 1.49678
0.248172 0.0133343 2.10802
1.05668 -0.398416 1.9446
1.00413 -0.331569 1.15268
-0.0688376 0.192373 1.13819
0.958879 0.0195234 1.44823
0.469082 0.0901687 2.26235
0.80971 -0.538171 1.50738
0.802861 0.123378 1.75456
1.44098 0.124999 2.0097
0.834774 -0.540156 1.54761
0.237972 0.121281 2.09207
-0.306473 0.302913 1.44389
-0.531452 0.173645 1.28062
-0.575282 0.295049 1.28322
-0.624116 -0.0227392 1.42472
-0.220528 0.17349 0.519844
-0.121027 0.0918988 1.32858
0.886134 -0.117274 1.71114
0.955813 -0.346852 1.84098
-0.0740663 0.221668 1.66845
0.525105 0.0440468 0.853481
0.763628 -0.355278 1.66247
0.723223 -0.399339 1.76143
0.960376 -0.445587 1.56947
-0.0614417 0.133506 1.16822
0.761314 -0.0619259 1.36977
0.705153 -0.160046 1.73367
0.726573 -0.48805 3.7543
0.334818 -0.177075 2.34318
-0.00214722 -0.104896 1.24017
0.39716 0.00466707 2.47632
0.559429 -0.509523 1.33521
-0.0635136 0.218348 1.35022
0.667225 -0.00573857 0.783257
-0.124978 0.0942311 1.38898
1.01756 -0.450148 1.11935
0.740522 0.118929 1.64732
0.0113641 -0.0215559 1.35331
0.542642 0.112703 2.62194
0.0485877 0.0139744 1.0429
-0.0686937 -0.0277812 1.24867
0.525241 0.104626 0.855823
-0.630747 -0.0150852 1.42464
0.465002 -0.217931 0.595008
-0.739667 0.381195 1.56509
-0.824167 0.25495 1.3801
-0.618247 0.321707 1.38013
-0.430184 0.324486 1.53972
0.0614185 -0.145034 0.830768
-0.801119 0.306604 1.33045
-0.613884 -0.0137905 0.996354
-0.885887 -0.0684329 1.63808
-0.797491 0.251078 1.3532
-0.695772 0.0198989 1.43503
-0.648478 0.0842618 1.39545
-0.0549174 -0.0430371 1.23392
0.213334 0.048078 1.86372
-0.917099 -0.13282 1.67089
-0.688677 0.16509 1.51193
0.00869113 -0.0195763 0.224165
-0.003424 -0.0187982 0.222327
-1.29887 -0.106623 1.42966
-0.17744 0.188165 1.48887
-0.694459 0.387903 2.21031
0.760514 -0.121479 1.62993
-0.454223 0.172729 1.39615
0.305128 0.0224781 1.87687
1.07636 -0.321221 1.87869
-0.133342 0.118299 1.23222
0.399476 0.0214855 0.742132
0.63193 0.0309017 0.826472
0.0068952 0.210125 1.30255
-0.206351 0.174441 1.29939
1.15648 -0.412481 2.17575
0.922821 -0.421347 1.03464
1.19458 0.120393 1.72866
-0.458929 0.433384 2.94259
0.162059 0.228074 3.16741
0.246019 0.0947449 2.2043
0.463361 -0.202596 1.3871
0.782503 0.139115 1.70666
2.33485 0.553968 2.91785
-0.353642 0.222618 1.7843
-0.400003 0.568976 3.23673
1.22966 -0.529515 1.31862
-0.06563 0.209972 1.29131
-0.336014 -0.0729086 1.11837
-0.29362 0.255766 1.43935
-0.319339 0.153895 1.35538
0.450244 0.0335841 2.19633
-0.426871 0.154745 1.60354
0.566911 -0.503491 1.40676
0.831969 -0.0478583 1.62098
0.554333 0.2076 2.3104
0.358083 -0.187347 2.5547
-0.337481 0.20035 1.372
-0.464956 0.219659 1.47943
1.25762 -0.559708 1.33914
1.23126 -0.243752 1.38468
0.446128 0.0380502 2.20083
1.10205 -0.577556 1.11594
0.983694 -0.150476 1.96887
-0.807543 -0.0632177 1.52151
0.996019 -0.277717 2.00901
0.550891 -0.0669419 1.07112
1.16706 -0.222111 2.00023
0.954706 -0.222019 1.14111
-0.184399 0.191466 1.32719
-0.0699954 0.190482 1.32204
0.847447 -0.318847 1.57275
0.631758 -0.2748 1.21485
0.169495 0.0359551 1.51035
0.755161 -0.352778 1.65103
0.511918 0.211538 2.29422
0.469558 -0.0485656 0.950499
-0.0848564 0.199783 1.3976
0.687783 0.121942 1.75898
0.0904123 -0.0620112 0.505647
0.0909987 0.0239633 2.48921
0.72857 -0.392954 1.74592
-0.973164 0.260351 1.52602
0.305251 -0.0469124 0.754496
0.197981 0.348038 1.68175
0.862342 -0.143097 1.88216
0.923243 -0.397418 1.87965
-0.0633841 0.15928 1.36684
-0.351136 -0.381214 1.46526
-0.0511378 -0.0307055 1.31272
-0.141976 0.310772 1.49388
-0.359562 0.103635 1.49655
-0.341894 0.397558 1.52987
0.851688 -0.565947 1.57456
-0.396169 0.176886 1.37075
0.624031 0.0573525 0.969074
-0.28603 0.158116 1.48769
-0.128067 0.12512 1.37633
-0.308471 0.303379 1.45297
-0.771726 0.0313871 1.57695
0.386808 0.177019 1.7762
-0.29617 0.121654 1.46936
-0.176259 0.216603 1.36979
-0.243258 0.334708 1.51752
-0.0747873 0.208754 1.24455
-0.321426 0.354416 2.04425
0.340021 0.161962 1.09244
0.0214397 0.381448 1.70432
1.18144 -0.0517306 1.49028
-0.162889 0.0436263 0.395224
-0.0486146 0.338494 1.44739
0.576228 -0.0909655 1.2051
0.916013 -0.0979547 1.76169
0.815745 -0.271971 1.68402
0.730674 -0.0536484 1.31635
0.831505 -0.334784 1.55368
1.00159 -0.342313 1.74268
1.40541 -0.654556 1.35835
-0.00377046 -0.0881598 1.17104
1.24367 -0.591024 1.36934
0.604026 -0.384966 1.19108
0.960809 -0.221096 1.71491
0.646175 -0.115105 1.37951
0.825769 -0.317706 1.48212
1.57559 -0.559426 2.66219
0.140645 -0.0674997 0.506035
0.676537 -0.0502772 1.27577
0.0452959 -0.033906 0.232507
0.00193342 -0.0186795 0.224477
-0.00602649 -0.0176607 0.225498
0.00792774 -0.0292906 0.219849
0.00292645 -0.0288413 0.218942
0.00870919 -0.021545 0.218153
0.0111252 -0.0241791 0.217471
0.0132342 -0.0226742 0.221067
-0.00715834 -0.0173272 0.227451
0.00534893 -0.0295801 0.222244
0.0171444 -0.0192997 0.223748
0.00630565 -0.0223262 0.219799
0.00599963 -0.0282012 0.221674
-0.00599399 -0.0170351 0.225486
-0.190255 0.226076 1.31096
0.464556 -0.363304 1.05439
0.501778 -0.448502 1.18113
0.876918 -0.327344 1.62122
0.946467 -0.727301 1.97848
0.60638 -0.405854 2.98256
-0.944104 -0.0200091 1.40589
0.716338 0.129549 1.84596
-1.00445 -0.0187874 1.47879
-0.458937 0.0572905 1.05566
-0.0652865 0.122532 1.17499
-0.0045913 -0.00879399 0.262829
0.705091 -0.162537 1.71873
-0.27482 0.129555 1.19728
0.506457 0.140492 2.33623
0.581702 0.159338 2.6315
0.928715 -0.103806 1.74078
0.420992 0.0278224 2.48128
0.0230293 0.334631 1.52596
-0.0112844 -0.166178 1.41778
-0.303494 -0.103729 1.25771
0.117778 -0.103015 0.882749
0.273368 0.0649582 0.845902
0.684464 0.0548728 0.993083
0.0189125 -0.0202517 0.295076
-0.375767 0.188315 1.53364
-0.0885607 0.0696686 1.24163
-0.0638075 0.199821 1.35305
-0.0620643 0.163947 1.2247
-0.273822 0.29562 1.39058
0.0401266 0.1484 1.02061
-0.325085 0.154898 1.37419
0.140053 -0.113811 0.667033
-0.0260543 -0.20544 1.03445
0.183101 -0.109514 0.874001
0.0090824 -0.0241049 0.22033
0.010202 -0.0238456 0.220621
0.0141112 -0.032998 0.219702
-0.00151103 -0.0178487 0.224379
-0.00535418 -0.020233 0.226187
0.547258 -0.0573153 0.547378
-0.00659657 -0.0177024 0.227764
-0.00279769 -0.0168119 0.222527
0.0091832 -0.0173665 0.219821
0.00315438 -0.0180151 0.22207
-0.00790619 -0.0173025 0.227728
-0.0181114 -0.0185849 0.227058
-0.0149318 -0.0170352 0.235445
-0.0248916 -0.00506427 0.226419
-0.028053 -0.011362 0.23531
0.652378 0.0999871 0.689121
0.280936 -0.147859 0.482077
0.758565 0.0371342 1.1599
0.832964 -0.598853 1.36384
-0.26223 0.168905 1.30957
0.0280008 0.0715435 1.39375
-0.323801 0.359468 1.45624
-0.0590286 0.136301 1.31125
-0.476558 0.0909239 0.758001
-0.534809 -0.175115 1.21804
-0.0454733 -0.000797919 0.255087
-0.863141 -0.219035 1.12065
-0.0199414 -0.000558534 0.252613
0.728876 -0.526904 2.19878
-1.02189 -0.122657 1.28125
-0.0213094 -0.00503272 0.231349
-0.421757 0.29657 1.3337
-0.0284306 -0.00574118 0.233595
-0.441319 0.32267 1.37028
-0.505819 -0.167825 1.16741
-0.979251 0.0594392 1.64495
-0.0275893 -0.0109417 0.232045
-0.775166 0.0478284 1.33628
-0.0249922 -0.00843656 0.223382
0.000286634 -0.19122 1.65557
-0.88319 0.0718379 1.50622
-0.0314003 -0.278689 1.29835
-0.0252016 -0.00842563 0.223511
-0.718994 0.0217023 1.47536
-1.2566 0.00957082 1.44682
-0.675875 0.084688 1.20037
-1.2536 0.164376 1.10392
-0.349755 0.172062 0.858855
-0.608229 0.206648 0.900933
-0.570052 -0.0300657 1.61155
-0.738181 0.394444 1.46779
-0.42068 0.273467 1.21915
-0.577147 0.0173194 1.21351
-1.06056 0.120504 1.30126
-0.352872 0.170155 1.41111
-0.40143 0.216574 1.31342
-0.647246 -0.0196212 1.46326
-0.382505 0.306456 1.46042
-1.51703 0.207956 1.38488
-0.340908 0.150307 0.855196
-0.0825644 -0.00542859 0.26696
-0.0260127 -0.0118222 0.230427
-0.0534124 0.00612664 0.268193
-0.338359 0.198464 1.69233
-0.0261425 -0.012846 0.223686
-0.118086 0.0147303 0.276555
-0.118202 0.0146579 0.276768
-0.273555 0.406253 1.85055
-0.606531 -0.0703704 0.846992
-0.00728358 -0.00656526 0.265456
-0.720357 0.362776 1.24098
-0.443232 -0.107484 1.22055
-0.584104 0.383237 1.51933
0.679833 -0.184387 1.70812
-0.861265 -0.207058 1.12093
-0.859608 0.0624586 1.46392
-0.78794 0.30881 1.27948
-0.652673 0.0388987 1.14476
-0.627958 0.100378 1.20916
-0.581896 0.0318598 1.03846
-0.466534 0.137556 0.909763
-0.640265 0.160697 1.06968
-0.0371616 0.000697948 0.230769
-0.237789 0.0788093 0.448914
-0.353079 -0.0900845 0.682607
-0.029943 -0.00588456 0.226292
-0.0282363 -0.005795 0.233414
-0.0284239 -0.00575207 0.233646
-0.0300083 -0.0101806 0.226029
-0.071173 0.004774 0.268295
-0.679363 0.0854852 1.4565
-0.564856 0.172721 0.997504
-0.895673 0.231576 1.24979
-0.549963 0.302064 1.09901
-0.49841 0.293347 1.06038
-0.0251459 -0.00305911 0.229883
-0.090226 0.0437297 0.334656
-0.211958 0.00432765 0.327831
-0.0599645 0.152092 1.18952
-0.297558 0.236394 1.45667
-0.053874 -0.0431384 1.25282
0.0604034 0.18621 1.22775
0.283399 -0.141054 0.927178
0.0611598 -0.00613859 1.35895
-0.200725 0.16614 1.29926
-0.141204 0.172725 1.18169
-0.346806 0.201776 1.42077
-0.174227 0.179589 1.24785
-0.0665777 0.295359 1.57969
-0.436064 -0.462263 1.73809
0.939015 -0.013329 1.05724
1.52602 -0.897916 1.18074
-0.0793915 0.170938 1.36694
1.34305 -0.0821011 1.46683
0.970106 0.0785605 1.42342
0.992702 -0.174551 1.53091
-0.0117563 -0.142733 1.17245
0.0835532 0.0238111 2.34312
0.17446 0.0571145 2.37322
-0.286357 0.250186 1.39811
-0.0588622 0.109384 1.44865
0.66664 -0.0193271 0.886485
0.0678798 0.308603 1.42939
-0.305996 0.0959451 1.46403
-0.00482742 -0.021575 0.305321
0.570867 -0.535768 1.46734
0.2271 -0.102366 1.70102
0.571807 0.0324831 0.77238
-0.298978 0.238451 1.42874
-0.0802059 0.17304 1.20311
0.0284594 0.265112 1.22811
-0.0901983 0.177438 1.33517
-0.0314268 0.351727 1.47387
-0.111605 0.273265 1.74763
0.378276 0.15201 2.03667
-0.350903 0.10292 1.46544
-0.195397 0.371538 1.41293
-0.396571 0.300377 1.43807
0.00531455 -0.183399 1.1782
-0.446323 0.245231 1.59107
0.513987 0.0367728 0.783477
-0.0881281 0.180746 1.28453
-0.304971 0.232123 1.50429
0.697906 -0.0408143 1.39784
-0.420983 0.254675 0.929721
-0.0954035 0.154433 1.30507
-0.563029 -0.0501231 0.736662
-1.67921 -0.373513 2.06246
-1.54224 -0.263543 1.82306
-0.537769 0.482509 1.83063
-0.559911 0.38997 1.72181
-0.208618 0.068037 0.420186
-1.25715 0.278541 1.43225
-0.699655 0.246657 0.902573
-0.218131 0.0718629 0.430402
-0.54296 0.336819 1.38974
0.882154 -0.557633 1.62495
1.41928 -0.414428 1.34158
0.00859609 -0.0289081 0.218067
0.00915679 -0.0276589 0.222234
0.00879477 -0.0274419 0.223025
-0.364876 0.111437 0.665762
-0.554533 0.20788 1.05665
-0.492049 0.113548 1.13747
-0.862108 0.18276 1.1175
-0.561975 0.298549 1.29615
-0.644879 0.352785 1.24435
-0.0261185 -0.00282924 0.230125
-0.450736 0.32207 1.63744
-0.597702 0.162594 1.09607
-0.473161 0.313132 1.44014
-0.79659 0.308495 1.29087
0.221112 0.244959 2.22391
1.20455 -0.0405707 1.47775
-0.0821413 0.172215 1.30717
-0.189369 0.325649 1.3886
-0.164116 0.152323 1.42404
0.00463966 -0.0105338 0.26683
1.37031 -0.554474 2.54398
0.0226261 0.0491962 1.2529
-0.157196 0.144073 1.2892
-0.0600878 0.149373 1.26614
-0.0975904 0.164537 1.36872
0.816457 -0.0591769 1.53647
0.187043 0.0640042 2.41784
0.963468 -0.0485483 1.62665
-0.74688 0.357651 1.46135
-0.413373 0.255762 1.25678
-0.542056 0.257226 1.19598
-0.0479084 -0.0406765 1.1356
-0.0134668 -0.164335 1.32207
-0.304003 0.148268 1.49038
-0.625815 -0.020976 1.4263
-0.890974 0.116883 1.55077
-0.289135 0.37662 1.56568
-0.456577 0.317971 1.39969
-0.444587 0.0499266 0.819242
-1.06264 0.00593634 1.25124
-0.680287 0.339673 1.4811
-0.49246 0.126459 0.992402
-0.556943 0.367025 1.45766
-0.654666 0.0935436 1.49943
-0.25641 0.144296 1.35378
-0.153514 0.120769 1.42322
-0.0529558 0.141278 1.30998
-0.969828 0.208539 1.69982
-0.704816 -0.0405687 1.66417
-0.0403338 -0.311005 1.47437
-0.064282 0.170087 1.39848
-0.189453 0.329524 1.40032
0.0196457 0.0123258 1.25218
1.399 0.131148 1.96129
-0.318068 0.163524 1.32017
-0.284212 0.160694 1.46431
-0.0314827 -0.00150222 0.246932
-0.0225255 0.00430112 0.346932
-0.211705 -0.194003 0.869481
0.110672 -0.0817978 0.604656
-0.359868 -0.0142316 0.663437
-0.629627 0.223313 1.41436
-0.588724 0.14649 1.33187
-0.688719 0.173735 1.13387
-0.960629 0.312618 1.52091
0.0634534 0.0573053 1.45209
0.065271 0.107292 1.45855
0.637394 -0.587001 1.86807
-0.877756 -0.328344 1.16695
-0.0423978 -0.325963 1.32243
-0.706552 -0.267212 0.980724
-0.817952 -0.111025 1.14833
-0.840263 -0.235213 1.07814
-0.0520625 0.151104 1.41098
-0.196948 0.270419 1.44772
-0.322467 0.190038 1.32404
-0.445255 0.340423 1.46065
-0.0414869 -0.00505743 0.235863
-0.477744 0.339395 1.45486
-0.297144 0.191485 1.35481
-0.606007 0.145186 1.35474
-0.732982 -0.0464955 2.12554
-0.251423 -0.0263365 0.481623
-0.422673 0.227182 1.35682
-0.527958 0.201682 0.919557
-0.0246382 -0.011344 0.222974
-0.606693 0.02789 1.27676
-0.532204 0.267434 1.48912
-0.834076 -0.0154719 1.25868
-0.0438754 0.00437568 0.23737
-0.420027 0.160742 1.30165
-0.38928 0.19391 1.56502
-0.538052 0.343359 1.39834
-0.285063 0.155242 1.41626
-0.53279 0.124516 1.20523
-0.741991 0.098099 1.34049
-0.0166164 0.0013798 0.36001
-0.870015 0.495448 1.62351
-0.700906 0.20313 1.26635
-0.590179 0.32034 1.36336
-0.511254 0.113415 1.2048
-0.0252748 -0.00911445 0.223452
-0.181886 0.0583183 0.437083
-0.0300067 -0.0101822 0.226104
-0.0511834 0.080073 1.31129
-0.584034 0.218184 1.10605
-0.0246249 -0.0113515 0.223041
-0.428021 0.219148 1.32321
-0.32841 0.216166 1.05893
-0.0301751 -0.00458083 0.226553
-0.528911 0.182157 1.22002
-0.0861578 0.307679 1.44517
-0.383286 0.307707 1.4683
-0.0498755 0.00118334 0.237694
-0.484518 0.199873 1.42319
-0.121864 0.198317 1.34026
-0.0596407 0.115909 0.982806
0.248219 -0.0758445 0.783402
0.218837 -0.0378344 0.614515
0.0111443 -0.0446518 0.29897
0.497838 0.0459696 0.860318
0.0380896 -0.0444667 0.241782
0.820844 -0.0836247 1.60226
0.771643 -0.122244 1.59641
0.629504 0.107773 1.42819
0.524855 0.109758 0.891759
0.0280166 -0.020254 0.249202
0.810873 -0.0817971 1.58512
0.000103557 -0.0186413 0.228772
0.00188833 -0.0186471 0.228883
0.753792 -0.126048 1.68538
0.794032 -0.510916 1.47497
0.0922408 -0.0441176 0.273026
0.573781 -0.0229593 0.81849
0.885238 -0.161507 1.38038
0.568471 -0.475736 1.66891
0.0829285 -0.0477544 0.251284
-0.465438 -0.0369354 1.39741
-0.563872 0.364271 1.45979
-0.172731 0.0405082 0.811781
-0.381538 0.203203 1.25885
0.198897 0.0330198 1.93769
-0.0241777 -0.00809353 0.224406
-0.627335 0.339168 1.26053
0.155816 0.164526 1.62269
-0.47492 0.364632 1.52865
-0.412393 0.161482 1.43924
0.193356 0.182976 1.71615
-0.0523989 0.0067336 0.278043
-0.0253875 -0.0103768 0.223601
-0.903694 -0.107497 1.16561
0.274793 -0.0381429 0.656597
1.0487 -0.42739 2.05367
-0.461251 0.188001 1.36466
-0.417135 0.192021 1.37071
0.244657 0.244306 2.30559
0.193687 0.045527 1.72575
0.777728 -0.0976986 1.70037
-0.118493 0.228733 1.40371
-0.205222 0.171055 1.32389
-0.41209 0.16014 1.46072
0.275051 0.0106822 1.74795
-0.168936 0.175106 1.39346
-0.504156 0.19535 1.5135
-0.409033 0.181609 1.40958
-0.294671 0.175823 1.44288
-0.3919 0.217823 1.33238
-0.211432 0.0754278 1.1473
-0.804222 -0.124097 1.5104
-0.377836 0.283757 1.25602
-0.479577 -0.0126191 1.17596
-0.625749 -0.0924992 1.19822
-0.0584165 0.00927534 0.243155
-0.66347 0.231737 1.47972
-0.512208 0.287293 1.48755
-0.0708956 0.0699487 0.472162
-0.192585 -0.0199226 0.420129
-0.510382 0.208533 1.50338
-0.570861 -0.0261271 1.60032
-0.195019 0.0138985 0.359888
0.111047 0.0175361 1.15729
-0.0685659 0.268221 1.4229
-0.0628591 0.153402 1.31897
-0.0894512 0.140713 1.04055
0.0423382 0.082557 1.45094
-0.0539155 -0.421596 1.31003
-0.301562 0.12195 1.49983
-0.0132111 -0.152398 1.17335
-0.0526254 0.0851243 1.40445
0.891199 0.217655 2.73977
-0.470338 0.179216 1.53499
0.0774554 0.117299 1.51396
-0.187134 0.276387 1.34386
-0.279445 0.333573 1.55226
0.628375 -0.306165 0.811379
0.0099639 -0.0202172 0.218317
0.00717078 -0.0316526 0.218087
0.0165884 -0.0346284 0.223712
-0.000749341 -0.0244891 0.224308
0.0100967 -0.0201834 0.221743
0.0120261 -0.0203022 0.217898
0.0305159 -0.047231 0.257845
0.00366441 -0.0186942 0.224512
0.741555 -0.0194426 0.738139
-0.0157819 -0.0193932 0.228237
-0.000325129 -0.017695 0.222063
0.00667106 -0.0248603 0.221972
-0.00321096 -0.0178022 0.224412
-7.77296e-06 -0.0183379 0.22179
-0.00294486 -0.0175046 0.224709
0.00226888 -0.0227028 0.224832
-0.0157796 -0.0193931 0.228239
1.13692 -0.110276 1.12511
0.155465 0.0141033 0.362515
1.24669 -0.366121 1.22762
0.761138 0.139627 1.89799
0.159838 -0.01221 0.346052
0.534229 0.0784495 0.682873
0.649504 0.102672 0.689087
0.470215 0.0871736 0.603323
0.71448 0.0020312 0.678639
0.28395 -0.14348 0.415677
0.247711 -0.0756475 0.337347
0.11318 -0.0317808 0.255675
0.704839 0.066951 0.647911
0.715946 -0.339371 0.855802
1.32459 -0.57428 1.40528
0.534155 -0.270424 0.718642
0.0509273 -0.0279294 0.233781
0.00782639 -0.0300332 0.221267
0.0085825 -0.0306175 0.223571
0.0100863 -0.0274166 0.22413
-0.00018923 -0.0194052 0.223098
0.00648068 -0.0227527 0.224922
0.00928933 -0.023751 0.220781
0.0136636 -0.022223 0.223813
0.703121 0.0056554 0.65987
0.66 0.00462228 0.766914
0.00772612 -0.0278122 0.221965
0.00418811 -0.0188367 0.22001
0.0128839 -0.0318919 0.230826
-0.818291 0.318915 1.48089
-0.590093 0.319087 1.36002
-0.801945 0.154273 1.4836
-1.23998 0.0082024 1.42877
-0.778969 0.213885 1.14244
-0.356334 0.189581 0.761323
0.253786 0.0944008 3.05884
-0.0323283 -0.012351 0.236321
0.0775666 -0.0237958 0.2668
0.735172 0.105732 1.63875
0.829732 -0.122267 1.6294
0.723559 0.135822 1.84582
0.843291 -0.128945 1.65259
0.673384 0.126631 1.61472
0.193863 -0.0730711 0.318254
0.738732 -0.195188 1.36657
0.786634 -0.126829 1.55539
0.11903 -0.0537867 0.286518
0.0360699 -0.0433914 0.241165
0.73478 -0.604058 1.73983
0.756909 -0.126099 1.6922
-0.000580043 -0.0180537 0.220487
-0.00233065 -0.0176492 0.220508
0.552943 0.134454 0.91233
0.00167159 -0.0180136 0.222477
0.585018 0.147101 0.950415
-0.00223537 -0.0176368 0.225253
0.00241601 -0.0180568 0.222282
-0.00736999 -0.0171245 0.228385
-0.00602037 -0.017981 0.224689
0.00341786 -0.0191067 0.223085
-0.00347719 -0.0167923 0.222978
-0.00240395 -0.0169847 0.222373
-0.00640135 -0.017322 0.228794
-0.00179961 -0.0186 0.21943
-0.000114437 -0.0187155 0.221471
0.000951462 -0.0177476 0.218579
-0.00295207 -0.0186188 0.221409
-0.00771738 -0.01737 0.227398
-0.00529236 -0.0172058 0.225327
-0.00393388 -0.0177893 0.224056
-0.00355279 -0.0177076 0.222194
-0.0013696 -0.0176116 0.220179
-0.000698631 -0.0172396 0.220621
-0.00793438 -0.0178897 0.225948
0.00249161 -0.020572 0.218602
-0.00066837 -0.0184398 0.219221
-0.00473985 -0.0184573 0.222406
-0.00537905 -0.0174994 0.227548
-0.00618999 -0.0173251 0.226186
0.00744952 -0.021503 0.21877
-0.000686609 -0.0184188 0.219112
-0.00281595 -0.0187165 0.222139
-0.00732786 -0.0183133 0.222791
0.00769179 -0.0172886 0.222953
0.000226977 -0.0184279 0.21879
-0.00434573 -0.0182466 0.221859
0.00511911 -0.0191217 0.222717
-0.00676049 -0.0175709 0.22582
0.00927757 -0.0341282 0.224162
0.00541474 -0.0199723 0.21973
-0.00732692 -0.0174868 0.227647
0.000183146 -0.0176067 0.221837
0.0061851 -0.0287837 0.221635
-0.00680368 -0.0175127 0.226763
0.00790274 -0.0203042 0.216476
-0.00397763 -0.0186153 0.221751
0.164287 -0.0329476 0.332172
-0.00407264 -0.0177591 0.225947
-0.00255212 -0.017784 0.224974
0.00540621 -0.0266333 0.223377
0.00420082 -0.018204 0.223615
0.00856252 -0.0294392 0.224422
0.00766385 -0.0248841 0.224268
-0.0382111 0.0163491 0.305627
-0.32941 0.325571 1.53016
-0.341114 0.337476 1.58042
-0.0328759 -0.00798169 0.220721
-0.429141 0.315144 1.56325
-0.0233743 -0.00528852 0.22664
-0.0380015 -0.00851878 0.232138
-0.596597 -0.0135033 1.3607
-0.442832 -0.384209 1.57232
-0.197415 -0.00703792 0.408688
-0.167229 -0.00556846 0.30878
-0.258137 0.327603 1.40812
0.197847 0.0789417 1.03418
-0.613687 -0.0948727 1.1903
-0.759497 0.0504683 1.31819
-0.0366884 0.00885911 0.277185
-0.395486 0.0487799 0.789174
-0.687597 0.0908978 1.25821
-0.354033 0.17149 1.13425
-0.364777 0.332891 1.29963
-0.626508 0.340895 1.43053
-0.50044 0.277671 1.46902
-0.402669 0.0780348 0.630915
-0.782371 -0.0322115 1.45554
-0.0517094 -0.0310967 1.46351
0.0789653 0.0289378 1.29505
-0.726929 0.225446 1.23739
-0.618078 0.0783187 1.10939
-0.0353101 -6.17727e-05 0.229725
-0.0293378 -0.00661056 0.223696
-0.934097 0.320879 1.27289
-0.359824 0.266408 1.31296
-0.0350366 -0.000187558 0.229554
-0.0566329 0.0101403 0.24688
-0.283279 0.0961733 1.44025
-0.138151 0.289536 1.55767
-0.329691 0.200527 0.746013
-0.434042 0.176621 0.849897
-0.133113 0.032422 0.358687
-0.0501932 0.00476085 0.249827
-0.962706 0.277888 1.26701
-0.0177894 -0.0186045 0.242749
-0.31222 -0.215633 1.02749
-0.348363 0.248763 1.31181
-0.377661 0.211703 1.44493
-0.0560731 0.00687095 0.253177
-0.449875 0.309464 1.32667
-0.840457 -0.0176443 1.2655
-0.0583144 0.00927747 0.243021
-0.516732 -0.130514 0.874018
-0.960448 0.214363 1.72412
-0.382274 0.142065 1.35818
0.132413 0.0985114 1.28674
-0.757791 -0.0259967 1.39007
-0.544359 0.0635905 1.26584
-0.747408 0.0955301 1.33768
-0.827847 0.257748 1.4737
-0.661345 0.0747796 1.4356
-0.56868 -0.0115202 1.35166
-0.895005 -0.126335 1.2266
-0.50013 0.244723 1.25862
-0.782212 0.101373 1.39608
-0.702225 0.361391 1.49078
-0.79121 0.341394 1.41374
-0.672852 0.35309 1.50117
-0.263714 0.166249 1.20129
-0.309914 -0.0433756 0.533921
-0.117173 0.222979 1.38412
-0.760799 0.410217 1.50684
-0.695416 0.345248 1.39094
-0.428829 0.3985 1.49929
-0.624542 0.145927 1.39394
-0.869461 0.231274 1.47146
-0.73631 0.0174925 1.51446
-0.0791268 0.274313 1.30683
-0.632266 0.328509 1.41687
0.0569671 -0.246305 1.41154
-0.593447 0.257028 1.19566
-0.0535518 -0.295572 0.961912
-0.566939 -0.187445 1.2895
-0.530705 0.413175 1.72984
-0.58212 -0.195329 1.33667
0.0878077 0.133503 1.89608
0.242944 0.206577 2.86075
-0.00665746 -0.219577 1.36785
-0.299443 0.201536 1.44909
-0.275837 0.133979 1.17877
-0.421253 0.376467 1.70111
-0.678717 -0.551333 2.26023
-0.405839 0.360449 1.65464
-0.575842 0.28666 1.43883
-0.511936 0.273784 1.52791
-0.517246 0.403765 1.69597
-0.546351 0.268664 1.36602
-0.0528229 -0.345967 1.11224
-0.452872 0.211691 1.35982
-0.642404 -0.0454073 1.53166
0.127922 -0.098951 1.18509
0.199228 0.135438 1.67262
-0.998185 0.00567678 1.17812
0.00874405 0.0461083 0.527565
-0.295756 0.224039 1.44526
-0.668136 -0.018074 1.50841
0.046181 -0.0246563 0.267551
-0.0084091 -0.0175237 0.228469
0.0188414 -0.0146358 0.212739
-0.00352841 -0.0167798 0.225091
0.00959504 -0.0238373 0.220698
0.0194752 -0.0295728 0.223329
0.0135233 -0.0265137 0.221219
0.0132798 -0.0315012 0.223746
0.00222172 -0.026171 0.22382
0.0076493 -0.0216246 0.216622
0.0442576 -0.0258087 0.238697
-0.00688394 -0.0179272 0.226985
-0.00826929 -0.0194908 0.233765
0.0128279 -0.021331 0.219766
0.00790084 -0.0221332 0.216361
0.00388739 -0.0292232 0.218587
0.00761373 -0.0245302 0.217697
-0.017667 -0.0185758 0.227251
0.0336051 -0.0182642 0.250541
0.232956 -0.122579 0.27582
0.0254575 -0.0212013 0.219027
0.00234152 -0.0239446 0.221289
-0.00528862 -0.0177191 0.226406
0.00407333 -0.0226826 0.220693
0.000978434 -0.0268742 0.228566
0.00701048 -0.0304533 0.23357
0.00107588 -0.017602 0.221636
-0.00576479 -0.0167739 0.225329
-0.00557811 -0.0174739 0.225745
-0.00980346 -0.0184702 0.227411
-0.00574771 -0.0173556 0.225601
-0.00514939 -0.017249 0.225281
-0.00441483 -0.0186429 0.221804
-0.00821168 -0.0174172 0.227354
-0.00818114 -0.0170251 0.228515
-0.00403394 -0.0178306 0.226403
-0.00694467 -0.0173009 0.227452
-0.00630417 -0.0176722 0.225514
-0.00778522 -0.0168544 0.226975
-0.00612004 -0.0175409 0.22649
-0.000926172 -0.0182203 0.218728
-0.0065987 -0.0170547 0.226344
-0.00230466 -0.0177811 0.223636
-0.00302825 -0.0181965 0.226173
-0.0166546 -0.0188178 0.228043
-0.00618663 -0.0166788 0.228813
-0.00555171 -0.017584 0.225936
-0.00733784 -0.0173098 0.226842
-0.00582148 -0.0178538 0.225062
-0.00727386 -0.0169523 0.228198
-0.0010726 -0.0165636 0.230722
-0.0026685 -0.0185178 0.221997
0.00689076 -0.0273849 0.222046
0.0135477 -0.0191666 0.224063
-0.00139485 -0.0256079 0.237372
0.0139292 -0.0209241 0.220832
0.0091351 -0.0277664 0.221516
0.00987523 -0.027658 0.224194
0.00549333 -0.0295779 0.248191
0.00522457 -0.0302669 0.220269
0.134204 -0.0486443 0.237687
0.0124303 -0.0279732 0.222232
0.103352 -0.0576459 0.237692
0.00247895 -0.0190558 0.223322
0.00967065 -0.0311826 0.222761
0.00925867 -0.0242257 0.224136
0.0137475 -0.0287476 0.220822
-0.00159495 -0.0207239 0.225904
0.004182 -0.0209283 0.22371
0.00846382 -0.0302701 0.221154
0.00159837 -0.018645 0.224804
0.00408907 -0.0314185 0.218992
0.00338658 -0.0189954 0.223316
-0.00440775 -0.0206897 0.225938
-0.00733411 -0.0175089 0.227286
1.10278 -0.429766 1.27962
-0.00722275 -0.0175097 0.227307
0.0969793 -0.0300111 0.218411
0.652406 0.00320333 0.62959
-0.00696614 -0.0178898 0.227392
-0.00159357 -0.0204237 0.225476
0.0931773 -0.0231225 0.194771
0.723711 -0.404547 0.847976
0.000173972 -0.0181356 0.222951
1.21561 -0.529504 1.31622
-0.00317139 -0.0181624 0.226191
0.00745341 -0.025225 0.218318
0.755106 -0.0197175 0.752991
0.744852 -0.0240226 0.707771
0.7203 0.0866447 0.689698
0.00575332 -0.0214043 0.221117
0.201624 0.00585764 0.279387
0.0740892 -0.0134734 0.283079
-0.00358138 -0.0185269 0.222224
-0.00734722 -0.0191785 0.223803
0.00425974 -0.0202451 0.224551
0.00778179 -0.0238795 0.224327
-0.00839849 -0.0178006 0.227992
-0.0011771 -0.0184537 0.22572
0.00940088 -0.0298993 0.224111
0.5674 0.125289 0.769734
-0.00281341 -0.0174552 0.224504
-0.00723922 -0.0172877 0.227034
-0.00171182 -0.019385 0.223401
-0.00488695 -0.0175806 0.225415
0.00878911 -0.0226154 0.218121
0.0119001 -0.0154558 0.242888
0.00951773 -0.0256566 0.22124
-0.00643002 -0.0173633 0.226484
0.00543935 -0.0237134 0.222374
0.00757106 -0.0216236 0.224317
-0.00376432 -0.0190702 0.233867
0.0252422 -0.0298416 0.229881
-0.00143853 -0.0181561 0.225567
0.00576665 -0.0174382 0.220777
0.00829553 -0.0296207 0.221212
0.00946876 -0.0276617 0.222897
0.00427672 -0.0173807 0.220615
-0.00385741 -0.0182054 0.221578
0.00779088 -0.0308252 0.233771
-0.00841663 -0.0176361 0.228074
0.00939998 -0.0255943 0.221355
-0.010435 -0.0185715 0.231102
-0.00695173 -0.0185343 0.23308
-0.0037984 -0.0176926 0.224701
0.00582435 -0.0260175 0.224543
0.00953662 -0.0268879 0.224319
-0.0721486 0.297132 1.53749
-0.267286 0.285231 1.35423
-0.699072 0.166476 1.62716
-0.185309 0.217484 1.41976
-0.488017 0.235044 1.09416
-0.180236 0.24747 1.33346
-0.182314 0.23867 1.31795
-0.319895 0.189873 1.61765
0.157595 -0.151012 1.36825
0.981425 -0.363304 1.95015
0.356611 0.0222675 0.684704
-0.193394 0.192446 1.224
0.497629 0.0419243 0.820414
-0.0706845 0.211462 1.29335
-0.0359313 0.287585 1.3631
0.400819 0.000428318 0.747921
0.671321 0.117698 1.46526
-0.0503025 0.143074 1.34102
-0.42171 0.375307 1.69046
0.647049 0.00575216 0.795089
0.566741 0.0410264 0.943022
0.719358 -0.332974 0.892744
-0.13171 0.296911 1.42053
0.682698 0.0374247 1.06586
-0.186757 0.289027 1.38522
-0.174711 0.136857 1.11049
-0.167132 0.201574 1.29127
0.836182 -0.384138 0.887723
0.621422 -0.0298828 0.895396
0.613643 -0.0287922 0.886326
1.17325 -0.533866 1.3163
1.09512 -0.513718 1.23754
-0.201132 0.255289 1.39959
0.540136 0.0269117 0.902466
-0.240318 0.0791692 1.25626
-0.266049 0.153474 1.39833
0.0878372 0.153342 1.68769
1.8509 -0.5881 3.3773
0.856842 -0.0554828 1.64636
1.00516 -0.0124883 1.29559
0.741149 0.120673 1.84112
0.959851 -0.167805 1.49259
0.633381 0.00643076 1.03874
-0.0845349 0.150081 1.22194
0.918379 -0.426904 1.50686
-0.382215 -0.399663 1.53155
-0.0570495 0.188165 1.17546
0.680813 -0.00544214 0.791402
-0.119581 0.202175 1.3669
0.127479 -0.0255798 0.215338
0.0699396 -0.0570788 0.282518
0.103962 -0.00218926 0.300513
0.119229 -0.053945 0.287208
0.106432 -0.0353473 0.255009
0.607385 0.0142742 0.667226
0.0286566 -0.0201701 0.253986
0.641813 0.102013 0.709295
0.0359335 -0.0429636 0.240924
0.0559055 -0.0268903 0.221761
0.0544951 -0.0505816 0.283872
0.0676741 -0.0209601 0.267061
0.686668 -0.0762819 0.741993
0.461197 -0.143524 0.504823
0.730483 -0.388282 0.822655
0.119091 -0.0540408 0.285795
0.361086 0.146952 1.6928
0.20988 -0.0673091 0.307796
0.73959 0.155547 0.676402
0.746218 0.16408 1.79843
0.71473 0.150874 0.651983
0.126446 -0.00344674 0.279927
0.187396 -0.0497995 0.311363
0.249638 -0.0759969 0.322383
1.40158 -0.50336 2.52546
2.15745 -0.0571633 2.38188
0.644775 0.0208099 0.766849
0.490708 0.0357708 0.74149
0.671545 0.0930263 0.73548
1.12797 -0.351146 1.28035
0.572979 0.0959681 0.732966
0.685086 -0.229999 1.21985
0.539172 0.121115 0.911146
-0.00192778 -0.017761 0.228109
0.0166675 -0.0339976 0.254084
-0.0152789 -0.0187765 0.227165
-0.00392755 -0.0174638 0.224508
0.00126335 -0.0150149 0.241577
-0.00657101 -0.0176399 0.228054
0.0148268 -0.0160105 0.240846
0.00817958 -0.0295405 0.223719
0.653657 0.173776 0.709166
0.661447 0.174939 0.640231
0.0087996 -0.0228456 0.219899
0.0090166 -0.0245156 0.220277
0.00347368 -0.0254783 0.218286
-0.00743513 -0.0171598 0.227559
0.0103957 -0.0217131 0.218064
-0.0045879 -0.0186976 0.221405
0.00955258 -0.0276055 0.22145
0.00313628 -0.024165 0.219878
0.0130385 -0.0213542 0.219718
0.00805646 -0.0300583 0.221624
0.00458742 -0.0282682 0.220613
-0.00491443 -0.0169446 0.224193
-0.00287329 -0.0185074 0.221967
-0.00168126 -0.0184962 0.221254
0.00858155 -0.0222107 0.216401
0.00819766 -0.0279689 0.220714
-0.00802883 -0.0175761 0.226562
0.00260088 -0.0190128 0.21858
-0.00744608 -0.0173402 0.228168
-0.00511956 -0.0176264 0.2259
0.00139733 -0.0255608 0.228778
-0.00530334 -0.0170129 0.224271
-0.00537269 -0.0170129 0.224287
-0.0155056 -0.0204388 0.226741
-0.000342515 -0.0261394 0.237901
-0.00883333 -0.0228473 0.235251
1.16922 -0.351213 1.12824
0.796179 -0.0235542 0.753594
-0.0139214 -0.0190778 0.229556
0.00790944 -0.026736 0.222068
0.630868 0.0294593 0.77699
1.25297 -0.376461 1.3807
0.00909685 -0.012103 0.250974
-0.00414719 -0.0157835 0.240026
0.521646 -0.159832 0.531614
0.434474 -0.179374 0.545959
0.725149 0.0829237 0.726099
0.6127 -0.192611 0.815504
0.677643 0.0121793 0.720295
0.669453 0.176694 0.646124
0.434511 -0.179391 0.545889
0.631773 -0.119769 0.822426
0.104116 -0.00205926 0.300681
0.558603 0.0357129 0.814898
-0.41229 0.17115 1.36317
-0.498138 0.0648389 1.52552
-0.266044 0.346996 1.45495
0.547067 -0.0971153 1.29888
-0.250118 0.276534 1.35558
0.0139227 -0.0208888 0.223753
0.0104981 -0.0277821 0.223107
0.542816 0.103412 0.666741
0.0086062 -0.0306596 0.223534
0.00613932 -0.0207598 0.224646
0.00906805 -0.0281278 0.222766
0.0101334 -0.0242487 0.224162
0.707398 -0.289747 0.912032
0.00990878 -0.0254198 0.224168
0.0112194 -0.0257337 0.224052
0.0104491 -0.0318159 0.221106
1.2958 -0.37852 1.22463
0.845419 -0.42823 0.902052
0.00885245 -0.0281933 0.22057
0.0138997 -0.0300319 0.223117
0.023472 -0.0256476 0.217652
0.0135494 -0.0211856 0.221107
-0.00688249 -0.0178357 0.226988
0.00287602 -0.0266592 0.220019
-0.00418028 -0.0188681 0.221883
0.00598099 -0.0261789 0.218529
0.00874751 -0.0225987 0.218202
0.00480013 -0.0257992 0.221096
-0.00629041 -0.0174033 0.225108
0.00698837 -0.0304558 0.217675
-0.00303695 -0.017504 0.221951
0.151343 -0.0136822 0.332188
0.652216 -0.0547892 0.831175
0.107194 -0.0354203 0.254361
0.623057 0.178521 0.751241
0.295643 -0.056724 0.290337
0.00609314 -0.0268962 0.22233
0.0068732 -0.025015 0.217998
-0.00700176 -0.0174817 0.226411
0.010398 -0.0301351 0.220867
0.00692994 -0.0264244 0.220617
0.00938752 -0.0292032 0.221409
0.00651012 -0.0286181 0.218613
0.00479707 -0.0296889 0.219404
0.0142664 -0.024961 0.223927
0.00764838 -0.0220837 0.216423
0.00877144 -0.026978 0.220194
0.0134237 -0.0327968 0.223772
0.00550867 -0.0263768 0.218514
0.00288962 -0.0273817 0.218606
0.00483478 -0.0289556 0.247932
0.190589 0.0325365 2.70248
0.495023 -0.152092 0.533015
0.580247 0.12015 0.734429
0.257621 0.234661 2.1965
1.00859 -0.333107 1.28887
0.747052 0.146063 0.690961
0.210569 -0.00300962 0.277218
0.204157 -0.0291969 0.293667
0.499318 0.109344 0.805032
0.664189 -0.210743 0.699707
0.746503 -0.398449 0.83656
0.454549 -0.140913 0.500299
0.613491 -0.190588 0.669081
0.681713 0.103163 0.722678
1.28876 -0.413661 2.11158
0.244692 -0.100634 0.648633
0.775786 -0.249672 0.783871
0.0248925 -0.0207644 0.243467
0.00891355 -0.0161585 0.236988
-0.269794 0.0814787 1.36497
1.46134 -0.0943586 1.58481
-0.00419671 -0.0751247 0.876835
0.646265 -0.180338 1.62186
0.659809 0.144257 0.896415
-0.297391 0.100833 1.53522
-0.150549 0.239614 1.31927
-0.155787 0.159716 1.38742
0.483366 -0.286805 1.89569
0.919984 -0.122509 1.95463
0.689077 -0.195714 1.68715
-0.00375051 -0.0186399 0.221641
0.036069 -0.0410225 0.233283
0.0130137 -0.02137 0.223925
0.0661732 -0.0209505 0.262738
0.010583 -0.0318733 0.221425
1.72189 -0.567379 3.27442
0.725441 -0.592791 1.71376
0.957505 -0.441836 1.56859
0.22307 0.0540711 2.58483
0.399359 -0.00514694 2.54044
1.43963 -0.470539 2.58749
0.0922237 -0.00913574 0.253585
0.645538 0.019043 0.727323
0.00457074 -0.0230311 0.219668
1.12281 -0.491431 1.23465
0.473425 -0.214865 0.64186
0.512715 -0.213995 0.769876
-0.00714276 -0.0172849 0.228213
0.0150438 -0.0311467 0.223734
0.00845912 -0.0225246 0.218366
0.00545577 -0.0201261 0.217534
0.00931551 -0.0300865 0.220205
-0.00699499 -0.0172795 0.228227
0.00927403 -0.0212933 0.215823
-0.00336852 -0.0189346 0.221558
0.005356 -0.0303302 0.220281
-0.00607095 -0.0179675 0.227805
0.00127402 -0.0167753 0.231473
0.0529911 -0.04775 0.272029
1.13813 -0.334591 1.08604
0.00758003 -0.0295674 0.24341
-0.00587324 -0.017637 0.22598
0.0824497 -0.0332903 0.199341
-0.00792329 -0.0241385 0.225588
0.668418 0.106045 0.740332
0.634606 0.0913007 0.76937
-0.193733 0.231121 1.30244
-0.31432 0.164617 1.60999
-0.344496 0.21129 1.67571
-0.0692963 0.196125 1.34371
-0.0472532 0.074048 1.1061
-0.164183 0.130052 1.07179
-0.168443 0.166726 1.30148
-0.0538965 0.10534 1.32037
-0.117381 0.113564 1.06036
0.000938011 -0.0186651 0.22899
0.00837479 -0.025976 0.220286
-0.00851141 -0.0174711 0.227856
0.00393327 -0.0303494 0.221036
0.00422849 -0.0296153 0.21794
0.00439676 -0.0305659 0.220938
0.000103883 -0.0173421 0.230062
0.00737057 -0.0303681 0.22085
0.0100374 -0.0273298 0.22255
0.0109507 -0.029292 0.222839
0.00351567 -0.0299074 0.219287
0.00966416 -0.0216259 0.217565
0.0078324 -0.0239851 0.218381
0.00747773 -0.0269193 0.222015
0.0115203 -0.0336163 0.223896
0.00730827 -0.0322022 0.221379
-0.000136101 -0.0177506 0.223925
0.0113135 -0.030397 0.222794
0.0200503 -0.0023608 0.26381
-0.0538197 0.133656 1.0886
1.32505 -0.0436092 1.61782
0.61012 -0.360684 2.40586
0.675741 -0.116175 1.52222
0.601736 0.120005 0.737884
0.0324078 -0.0397455 0.259697
0.0765694 -0.0212632 0.271115
0.694426 0.00356807 0.656316
0.00536084 -0.0198042 0.217832
-0.00528954 -0.0177395 0.225724
0.0112314 -0.0241649 0.224186
0.688542 0.105313 0.726046
0.116547 -0.0299171 0.326235
0.0333814 -0.019652 0.25852
0.130818 -0.0211716 0.211125
0.133798 -0.0755667 0.372276
0.116845 -0.0115858 0.267336
0.133096 -0.0191178 0.181543
0.00119749 -0.0178061 0.233182
0.0163369 -0.0269024 0.234449
-0.00784308 -0.0185561 0.223771
0.0064353 -0.0305546 0.224695
-0.00723017 -0.0176439 0.227419
-0.00903923 -0.0172763 0.226072
-0.00543032 -0.017539 0.225114
-0.00336143 -0.017062 0.226691
0.00776949 -0.0244995 0.21833
-0.00329983 -0.0180048 0.225847
-0.00516666 -0.0179335 0.226436
-0.0074313 -0.0181834 0.228192
0.0130986 -0.0220873 0.214344
-0.00277407 -0.0182733 0.226334
0.00613653 -0.0224084 0.221485
-0.0119354 -0.0218503 0.231925
-0.00822708 -0.016712 0.229116
0.004544 -0.0322291 0.222064
0.000483708 -0.0181101 0.222872
0.0106443 -0.0241302 0.217778
0.00758783 -0.0332317 0.224331
0.00954394 -0.022128 0.217609
0.00123922 -0.0181021 0.223188
0.00473978 -0.0185494 0.221528
0.0120191 -0.032295 0.224086
0.0111445 -0.0169512 0.232105
-0.00204159 -0.0208765 0.220323
-0.00438667 -0.0187452 0.222591
0.0109409 -0.0245335 0.221094
0.00560805 -0.0259813 0.219003
0.0254563 -0.0380036 0.23369
0.00939243 -0.0309981 0.223331
0.00782147 -0.0303008 0.250539
0.0112624 -0.0224011 0.221416
0.00725765 -0.0195656 0.221923
0.010834 -0.0265829 0.219738
0.0161348 -0.0279225 0.223676
0.0125319 -0.0291088 0.223948
0.0129192 -0.0299966 0.222575
0.122465 -0.0574816 0.272508
1.44889 -0.422343 1.37525
-0.00622422 -0.017521 0.226281
-0.00714762 -0.0174469 0.226501
0.00714294 -0.0243542 0.218557
-0.00674416 -0.0173102 0.226053
-0.00641736 -0.0176293 0.227826
-0.000172907 -0.0185899 0.225344
0.00673863 -0.0264298 0.218284
-0.00599123 -0.0177009 0.222785
-0.00390627 -0.0175924 0.224615
-0.00530294 -0.0171988 0.221517
-0.0048179 -0.0178762 0.222548
0.0161511 -0.0255651 0.220244
-0.00523086 -0.0182699 0.227905
0.00943029 -0.0200652 0.221764
0.00722077 -0.0233193 0.217281
0.00856222 -0.0297321 0.22118
0.00635805 -0.0249742 0.217334
-0.00546109 -0.0180467 0.22838
0.00703412 -0.0284414 0.217072
0.0048622 -0.0273758 0.218072
0.0105936 -0.0222475 0.221526
-0.0040563 -0.0185583 0.222714
0.0133192 -0.0314246 0.223728
-0.015509 -0.0201397 0.227249
-0.00259446 -0.0181805 0.221183
0.00443038 -0.0290028 0.23281
0.237284 0.0553571 0.366156
0.0100133 -0.0317651 0.224286
0.0110463 -0.0225767 0.215582
-0.0179267 -0.0189475 0.227338
0.0583888 -0.0207789 0.250158
-0.00442096 -0.0187234 0.222603
0.00321486 -0.018217 0.223827
0.00630736 -0.0236763 0.222055
0.00294788 -0.0183894 0.219687
0.00347177 -0.0183757 0.219492
0.00452619 -0.0224285 0.221769
0.00263325 -0.0175581 0.221582
-0.0128978 -0.0185289 0.230248
0.00101574 -0.018719 0.225265
-0.0049549 -0.0175926 0.225864
0.00284892 -0.0178557 0.221831
0.00348249 -0.0176934 0.221529
0.648341 0.00963373 0.68839
0.00045934 -0.018194 0.223343
-0.0157354 -0.0194084 0.228268
-0.0135011 -0.0183881 0.230788
0.00350544 -0.0255046 0.224617
0.094654 -0.0258464 0.184262
0.17741 -0.0605175 0.296076
0.00830106 -0.0277438 0.221887
0.00588033 -0.0262059 0.223475
0.00728044 -0.0196987 0.22109
0.0084753 -0.029677 0.22116
0.00879006 -0.0198119 0.22078
0.00602222 -0.0232405 0.219119
-0.00457621 -0.0181054 0.227598
0.0048319 -0.0186392 0.223898
0.000506668 -0.0288315 0.219667
0.0124425 -0.0261429 0.222372
0.0041236 -0.0268918 0.222405
-0.00730115 -0.0172054 0.228066
0.0180988 -0.0307615 0.223422
-0.00843903 -0.0190791 0.227578
0.00296609 -0.018627 0.224136
0.00846861 -0.0313706 0.222958
0.00791048 -0.0294111 0.221165
0.01737 -0.0273517 0.223824
-0.00439009 -0.0176189 0.226336
-0.00474758 -0.0176197 0.224766
0.0116435 -0.0261326 0.221085
-0.00480525 -0.017411 0.22476
0.000823579 -0.0161433 0.220199
0.197037 -0.00390908 0.275005
0.23606 0.0443186 0.357371
0.00878625 -0.0214598 0.219453
-0.00607003 -0.0172778 0.228348
0.00602454 -0.0261341 0.218605
0.00661477 -0.0262853 0.218462
0.00692221 -0.0228966 0.218359
0.00190164 -0.0185989 0.221893
0.00698279 -0.0285871 0.218674
0.0065711 -0.0262165 0.22021
0.63484 -0.134758 0.829528
0.743777 0.156274 0.683986
0.00276353 -0.0249971 0.221521
0.00812411 -0.0266798 0.219823
0.0070222 -0.0264511 0.218289
-0.000234618 -0.0180817 0.222745
0.00427795 -0.0295627 0.21933
0.00799663 -0.0261256 0.218742
0.00751581 -0.0242762 0.219962
0.00891053 -0.0253745 0.222882
0.0071133 -0.0159867 0.240048
0.0081697 -0.0286975 0.221703
0.0282056 -0.0189987 0.232455
0.00710224 -0.0244853 0.220641
-0.00717183 -0.0173177 0.226579
0.00795061 -0.0281366 0.221739
0.00895394 -0.0273205 0.222744
0.00883212 -0.0271978 0.220912
0.0120345 -0.0246725 0.22073
0.0122098 -0.0222337 0.238338
0.00814896 -0.0221487 0.221178
-0.0036044 -0.023807 0.230581
-0.00220762 -0.0177531 0.224168
-0.00484212 -0.0178366 0.224723
0.0114984 -0.0336282 0.223926
-0.00572476 -0.0178462 0.227442
0.00374255 -0.0274056 0.219556
0.00571315 -0.0251545 0.219857
0.00920807 -0.0241507 0.222009
0.00807547 -0.0295788 0.219641
-0.00352902 -0.0176126 0.227751
0.00893034 -0.0236378 0.220235
0.0107683 -0.023934 0.2205
0.0101826 -0.0243506 0.221145
0.00563173 -0.0198385 0.217754
-0.007048 -0.0173181 0.227454
-0.017222 -0.0186552 0.22771
-0.000673841 -0.0197191 0.221858
0.919729 -0.40063 1.00752
0.00255057 -0.0304035 0.219552
0.00779539 -0.025386 0.224485
0.0156433 -0.0303029 0.232534
0.0039578 -0.0188468 0.223126
0.00493507 -0.0279758 0.219108
0.226663 0.00704619 0.318308
0.637976 0.182127 0.764484
-0.00526346 -0.0179112 0.228525
0.0443121 -0.0446504 0.237585
-0.00438591 -0.0184616 0.222839
0.00419532 -0.0186716 0.223949
0.00492123 -0.0315324 0.220362
-0.00488182 -0.0184222 0.22262
0.00644817 -0.0308484 0.221409
0.00680522 -0.0286133 0.221524
0.00406636 -0.0201258 0.22247
0.00436294 -0.030301 0.218977
0.0051286 -0.028337 0.221844
0.0100869 -0.0228868 0.220629
0.016931 -0.0274352 0.220072
0.00990261 -0.0278569 0.222161
-0.0171278 -0.0186944 0.227444
0.00541042 -0.0280486 0.219023
0.00880833 -0.0298898 0.219484
-0.00387812 -0.017809 0.224054
0.00900269 -0.030513 0.23195
0.708222 0.0869748 0.70356
0.583849 0.128402 0.79817
1.37702 -0.419527 1.48707
0.00175061 -0.0182925 0.222956
-0.00149669 -0.0202855 0.220179
0.00127753 -0.0177128 0.233187
0.0254062 -0.0207251 0.243888
0.00626435 -0.0213731 0.219224
7.44919e-05 -0.0177159 0.222018
0.0077153 -0.0219385 0.218135
0.00801463 -0.0224575 0.218547
-0.00862389 -0.0195364 0.229035
-0.00216875 -0.0181364 0.221029
-0.0112361 -0.0221621 0.232487
0.00809984 -0.023523 0.218276
0.00953286 -0.0216833 0.217927
-0.0180354 -0.0187238 0.226832
0.000165028 -0.0189658 0.21951
-0.0173335 -0.0187139 0.22658
-0.00654766 -0.0173937 0.22788
-0.00715352 -0.0171218 0.22756
-0.00227404 -0.0167244 0.222379
0.00613693 -0.027967 0.218745
-0.00626308 -0.0177988 0.225768
-0.00880048 -0.0170941 0.226723
-0.00476069 -0.0172719 0.224979
0.0101728 -0.0229239 0.220617
-0.00350852 -0.0168234 0.222961
-0.00615594 -0.0174039 0.22511
0.00595385 -0.0201296 0.222285
-0.00777694 -0.0169331 0.226379
-0.00546489 -0.0174334 0.22167
-0.000569641 -0.0245314 0.223245
0.0055875 -0.026716 0.218393
0.0131668 -0.0287476 0.222532
0.00639003 -0.0233063 0.218939
0.00387555 -0.018033 0.228733
0.012242 -0.029048 0.22389
0.00276759 -0.0189429 0.21831
0.00161069 -0.0264803 0.220371
0.00925325 -0.0273848 0.221597
0.0111521 -0.0292899 0.223729
0.0111795 -0.0190103 0.224263
-2.79384e-06 -0.0211694 0.221933
-0.0043655 -0.0203032 0.222152
0.00548767 -0.0255693 0.219508
0.00118584 -0.0164251 0.23112
-0.0181417 -0.0186908 0.227363
0.00664252 -0.0193707 0.223346
-0.000427605 -0.0181871 0.222943
-0.00822856 -0.0185068 0.227491
0.00925194 -0.0216788 0.218086
-0.00659498 -0.0174976 0.226764
0.00765938 -0.0234013 0.217137
0.0082207 -0.0301982 0.221761
0.00526788 -0.0244286 0.223326
0.00867017 -0.0289044 0.218021
-0.00368144 -0.0179581 0.225684
-0.00128376 -0.0161628 0.238299
0.0080287 -0.0277431 0.222868
0.00663745 -0.024709 0.224196
-0.0106214 -0.0178204 0.228702
0.098592 -0.0277198 0.195225
0.718125 0.169839 0.754011
0.221577 -0.0171649 0.270157
0.694662 0.148179 0.849728
-0.00993504 -0.0176338 0.229935
0.225887 0.00708603 0.317625
-0.00520212 -0.0178637 0.22476
0.0855349 -0.0218453 0.272073
-0.00534044 -0.017311 0.224991
-0.00621528 -0.0171332 0.226647
0.00741222 -0.0317789 0.217999
0.00567964 -0.0194748 0.222164
-0.00996258 -0.0176897 0.227682
0.00101661 -0.0199541 0.221874
0.0105809 -0.0194209 0.222688
0.0093999 -0.0313558 0.221412
0.00596133 -0.0194837 0.222133
-0.00062749 -0.0189238 0.219742
-0.00405818 -0.018697 0.221141
0.0235878 -0.0242125 0.218551
-0.0016157 -0.0182791 0.219674
0.00468613 -0.0294489 0.218474
0.0139163 -0.0307748 0.223844
-0.000784356 -0.0188027 0.219487
0.00573176 -0.0297663 0.220513
-0.00449054 -0.0185096 0.222113
0.00604647 -0.031632 0.221585
0.00777634 -0.0223559 0.218826
-0.00306119 -0.019352 0.23504
-0.00703449 -0.0177647 0.227722
0.00378404 -0.0287862 0.21995
-0.000283675 -0.0202321 0.240787
0.0177806 -0.0273588 0.219834
0.00155488 -0.0232587 0.222381
0.00353209 -0.0197328 0.218508
0.00709999 -0.0251463 0.218604
0.00912955 -0.0276029 0.222477
0.00605974 -0.0261381 0.220069
0.00415551 -0.030694 0.218968
0.0054093 -0.0275351 0.217936
0.00794672 -0.0283515 0.222574
0.003387 -0.0284473 0.220704
0.00864044 -0.0282722 0.221691
0.00650297 -0.0305612 0.221536
-0.00296969 -0.0177988 0.223741
-0.011739 -0.0206404 0.22897
-0.00563836 -0.0177729 0.226952
-0.00550289 -0.017123 0.226256
