0.725829 -0.120064 1.62185
-0.127102 0.120714 1.36883
0.753213 -0.34182 1.64363
0.053226 0.119364 0.401431
0.0496885 0.111149 0.421839
0.116509 0.0823306 0.412142
-0.0565227 0.110372 1.30917
0.760589 -0.351685 1.65592
0.110894 0.135093 0.418829
0.029103 0.10961 0.452364
-0.162734 0.147172 0.535641
0.0574904 0.105825 0.402723
0.100643 0.128857 0.401569
-0.16516 0.150298 0.544959
0.122315 0.0865101 0.43165
-0.0409398 0.0856128 0.392069
0.145007 0.0887845 0.386715
0.205186 0.079987 0.323164
-0.125694 0.118781 1.37397
-0.0405281 0.0855967 0.391609
0.0445416 0.0849471 0.42024
-0.00962054 0.0623212 0.404925
-0.100403 0.090101 0.488325
-0.0037743 0.0880619 0.402515
-0.209979 0.145424 0.493298
-0.497415 0.0588641 1.51125
0.068435 0.128275 0.401595
-0.181509 0.147569 0.516594
1.04692 0.0758364 6.4127
-0.212393 0.147456 0.498283
0.0364326 0.082269 0.354732
-0.0898892 0.0764076 0.382242
-0.305213 0.238493 1.52104
0.02447 0.0631394 0.394436
0.479894 0.0702776 0.8335
0.0275633 0.0728777 0.394666
-0.0644329 0.0989199 0.440958
0.476602 0.0393645 0.81379
-0.129043 0.13168 1.3742
0.00718989 0.0823421 0.358629
0.120744 0.0881894 0.437129
0.211465 0.100853 0.328998
0.135585 0.0812514 0.364814
0.0447087 0.0941178 0.354971
-0.267273 0.086523 1.33322
0.214371 0.105166 0.32947
-0.0961719 -0.0893861 0.417697
0.106511 0.0980305 0.468574
0.169742 0.116215 0.365867
0.0298897 0.0504613 0.492259
0.443789 0.202812 0.537399
0.215627 0.0954903 0.300165
0.0101069 -0.0555505 0.265545
0.041797 0.0535248 0.405116
0.152297 0.0692679 0.380894
0.151402 0.0690633 0.380035
-0.0895157 0.0712283 0.375625
0.176176 0.0814271 0.450756
-0.0830307 0.0687016 0.362822
0.0546262 0.093099 0.291133
-0.0117975 0.11816 0.299251
0.047563 0.125845 0.398195
0.103451 0.111714 0.474601
0.19361 0.0864658 0.395437
0.160272 0.120518 0.379095
0.042758 0.163698 0.488347
0.0771222 0.133826 0.353587
0.0671073 0.126773 0.399459
0.058721 0.120677 0.384676
0.0890944 0.10572 0.395365
-0.0581996 0.0852431 0.40069
-0.0175619 0.0929175 0.406292
-0.00679781 0.123128 0.39442
-0.0678797 0.0820356 0.389985
0.100073 0.0910317 0.288067
0.695438 0.0119691 0.722287
0.0139657 -0.0242768 0.226721
0.0174674 -0.0269796 0.227106
0.0146573 -0.0261238 0.222833
0.00051395 -0.0189275 0.23137
-0.0269617 0.291085 1.25554
0.0292236 0.0756955 0.409411
0.209238 0.0823536 0.329039
0.14223 0.0803744 0.425266
-0.652869 0.323505 1.44207
-0.126641 0.127573 0.38006
-0.165042 0.145224 1.35222
0.195408 0.12015 0.382868
0.145844 0.0666537 0.361598
-0.173772 0.144647 0.582827
-0.538222 0.257419 1.48369
0.701375 -0.4427 2.04194
0.786941 -0.342898 1.63586
0.159243 0.0676355 0.375264
-0.0553311 0.0827369 0.388436
-0.041333 0.0849525 0.391577
0.835318 -0.0582507 1.61362
0.210237 0.126724 0.354379
0.174344 0.211981 1.95662
0.98521 0.0188675 1.46859
-0.0745105 0.0707312 0.344425
-0.0445807 0.163692 1.51919
0.99916 -0.469954 1.12279
0.574231 0.0844042 0.706623
0.504535 0.10223 0.625922
0.0490116 0.0515075 0.488175
0.104526 0.0810692 0.419712
0.214602 0.0526735 0.302914
-0.0570133 0.126534 1.26941
-0.0826128 0.099286 0.377358
-0.00194105 0.0780123 0.379075
0.472852 0.0898141 0.78284
0.00472528 0.0480352 0.430773
0.0271157 0.0646562 0.397004
0.0654007 0.12909 0.409982
0.0372116 0.118805 0.483023
-0.0381367 0.163929 0.458933
-0.292798 0.317501 1.50136
-0.0715856 0.0837841 1.46412
0.143658 0.0730126 0.371142
-0.685951 0.155336 1.56452
0.117707 0.149202 0.541111
0.0394127 0.135918 1.24059
0.777748 -0.266421 1.61514
0.134982 0.074378 0.396861
1.23237 -0.517345 2.27864
-0.0836463 0.0911211 0.373711
0.0537035 0.114065 0.428432
-0.00519484 0.143558 0.426038
0.331327 -0.282159 2.46144
-0.431994 0.286285 1.26555
0.225754 -0.133159 0.897346
0.117466 0.0826086 0.408626
-0.114304 0.105066 0.453889
-0.0696183 0.0858186 1.41139
-0.524575 0.173439 1.57709
0.477174 0.0486152 2.39363
0.0916753 0.082621 0.375567
0.154882 0.0765902 0.387682
0.298758 -0.025216 2.22314
0.194438 0.105415 0.383774
-0.44051 0.212261 1.37079
0.509588 0.184921 2.15096
0.134956 0.0830153 0.373766
0.479511 0.214248 2.24359
0.0400264 0.0282276 1.49316
0.914037 -0.245673 1.67882
0.023177 0.102466 0.429414
1.50786 -0.493898 2.69574
-0.462286 0.240194 1.42907
0.140394 0.0676961 0.351478
-0.0720083 0.0851315 1.44675
0.173872 0.0674348 0.374942
-0.145832 0.127155 0.528697
-0.630896 0.0874095 1.45856
-0.0437212 0.0872679 0.399081
0.0392457 0.0824761 0.407589
0.177994 0.0640755 0.380776
0.102532 0.143158 0.419794
1.27306 -0.532355 2.37263
0.00445253 0.120047 0.451066
0.691302 0.114335 1.68587
0.000957952 0.11788 0.437091
-0.0599345 0.10688 0.426414
-0.518217 0.177595 1.62895
-0.19365 0.153476 0.541593
0.097947 0.0823292 0.434378
0.114064 0.10245 0.509393
-0.183944 0.173087 1.30215
0.0299006 0.137593 0.458829
-0.0808569 0.131393 0.372952
0.024102 0.098842 0.431327
-0.176736 0.139857 0.496313
0.387252 -0.438147 1.75295
-0.456278 0.232274 1.45744
-1.02408 0.544182 2.28059
-0.520078 0.311577 1.33168
0.767135 -0.271367 1.59243
-0.0470924 0.0717809 0.389705
-0.584187 0.213066 1.42232
-0.143137 0.104516 0.388002
-0.0522317 0.0975796 0.381286
-0.468691 0.21349 1.32296
-0.0518733 0.0511001 0.368444
0.181939 0.115763 0.281408
0.161067 0.10867 0.343603
0.201441 0.141008 0.418488
-0.00601553 -0.158955 1.3842
0.139838 0.0793223 0.420794
-0.124562 0.124996 0.379122
0.675773 -0.425905 1.99274
-0.0456053 0.0860483 0.395724
-0.529981 -0.0185183 1.24255
0.76422 0.140313 1.64024
-0.0848569 0.134473 0.381788
0.101909 0.178712 0.48033
0.0979737 0.139487 0.400048
-0.110277 0.150364 0.424816
0.0832713 0.137271 0.341841
-0.455672 0.216584 1.44299
1.0349 -0.41484 1.94098
0.256243 0.0779969 0.362712
0.171021 0.0648814 0.36652
1.07498 0.0107415 1.6216
-0.413634 0.153671 1.56008
-0.399597 0.148541 1.51187
0.0500991 0.0868708 0.219137
0.737482 -0.230095 0.824239
0.171869 0.12343 0.283621
-0.369359 0.148842 1.36351
-0.0682916 0.0771779 0.406452
-0.160539 0.159096 1.38495
-0.0649084 -0.462878 1.4324
0.482207 0.109029 0.796865
-0.149199 0.1357 1.23971
-0.496174 0.238274 1.44691
0.0471059 0.084176 0.512625
0.173986 0.0821473 0.370462
-0.0659568 0.0814068 0.389907
-0.019962 0.0917047 0.397082
0.0851872 0.0679943 0.363083
-0.211444 0.179887 1.37239
0.662516 -0.330781 1.964
0.00417431 0.072375 0.392816
0.0410027 0.103186 0.428495
3.02478e-05 0.0985705 0.740066
0.0256193 0.0622619 0.398647
0.397733 0.0993607 0.585769
0.232363 0.0684457 0.321897
0.214532 0.072491 0.308967
0.618247 0.182671 0.735804
0.00566388 0.0715906 0.381082
-0.0667946 0.0809524 0.384295
-0.0884972 0.0667199 0.409212
0.825002 -0.102821 1.48222
-0.0345057 0.0698294 0.396458
0.236987 0.251567 2.31058
0.197665 0.0496734 0.309228
-0.328173 0.194999 1.33594
-0.0778792 0.147585 1.22381
0.18195 0.117001 0.368179
0.215985 0.0414933 0.322731
0.154247 0.114273 0.357507
-0.0897564 0.11351 0.411943
0.670603 -0.365686 1.63374
-0.514753 0.172505 1.5665
0.0209352 0.0804691 0.38647
0.00467786 0.102921 0.39045
0.0218269 0.106355 0.41757
-0.180087 0.149326 0.538946
-0.459186 0.245399 1.45204
0.17315 0.066664 0.372986
0.146301 0.0679376 0.349882
0.148542 0.0667861 0.345859
-0.0474049 0.0707599 0.383936
-0.0175148 0.108715 0.383871
-0.0762857 0.138609 0.3817
-0.184107 0.154283 0.543432
-0.507711 0.299525 1.29375
0.0230892 0.101129 0.435057
0.00230444 0.0567146 0.406371
-0.0909066 0.0722106 0.380356
-0.00240598 0.0962734 0.408163
-0.0526008 0.119435 0.478843
0.111605 0.0896816 0.460657
0.176532 0.0638829 0.379919
2.30945 -2.56497 9.90263
1.33659 -0.396967 2.40789
0.281619 0.0211019 2.44168
0.691072 -0.383855 1.68917
0.0228052 0.111591 0.432241
0.208075 0.0956774 0.313776
0.559176 0.126917 1.67672
0.541689 0.0323081 0.780495
0.742972 0.146612 1.1152
0.0380811 0.0468069 0.411718
-0.0549788 0.0643035 0.409929
0.0876895 0.1138 0.373936
-0.0557496 0.0732538 0.399141
0.104679 0.124212 0.388527
-0.0797681 0.0956497 0.373662
0.22167 0.0776331 0.312614
-0.0720786 0.0849072 0.347611
0.272369 0.0806776 0.382736
-0.112996 0.0803055 0.471444
0.510145 0.169177 0.921364
0.21207 0.0886869 0.324075
0.339159 0.156033 0.642307
0.203598 0.085002 0.309604
-0.0895969 0.0806321 0.390837
0.0267327 0.121091 0.402981
-0.0743318 0.0669541 0.393788
0.200962 0.127445 0.405534
0.0282334 0.108438 0.445043
0.29157 -0.231687 1.20245
-0.00965445 0.0534422 0.40234
0.158624 0.066816 0.372534
0.217194 0.0751168 0.305947
0.0753033 0.152712 0.356208
0.150578 0.126164 0.309914
0.143302 0.149615 0.361541
0.194587 0.13629 0.341738
0.133923 0.122854 0.275991
0.165708 -0.0251264 0.334136
0.729803 -0.420391 0.851439
1.07828 -0.356169 1.3564
0.00194829 0.0724624 0.372484
0.968477 -0.0742442 1.69184
0.799281 -0.348508 1.66689
0.0308353 0.0760474 0.44699
0.033823 0.077485 0.388232
0.224963 0.0835547 0.317021
0.14031 0.0681391 0.373346
0.0589563 0.119686 0.43016
0.0387678 0.0548118 0.471886
0.481571 0.0698228 0.829186
0.173674 0.0881851 0.482773
0.0430682 0.154316 0.629064
0.0499724 0.126605 0.40445
0.0372217 -0.0142936 0.251458
0.0944968 0.0861947 0.403634
-0.017859 0.0925412 0.403493
-0.0176764 0.108646 0.389263
0.0896243 0.107263 0.403345
-0.0840103 0.0782006 0.373833
-0.173611 0.140241 0.570207
-0.0828209 0.0956524 0.384217
0.0030722 0.0656306 0.449019
-0.0127581 0.0618397 0.402458
0.155087 0.11488 0.360824
-0.0757688 0.0746066 0.363459
-0.401689 0.222641 1.63762
0.216537 0.0333832 2.12941
0.432665 0.0358465 0.735821
0.358059 -0.0157553 2.51372
0.190932 0.0713583 0.413981
0.242528 0.111846 0.506302
0.000694669 0.116598 0.42702
-0.0807457 0.108735 0.379991
0.204082 0.0850319 0.310629
0.0138871 0.130193 0.427445
0.976337 -0.181758 1.51579
1.22813 -0.423406 2.21425
0.81655 -0.0550178 1.58362
0.0309755 0.116097 0.461431
0.244121 0.036778 2.51284
-0.0406679 0.0807899 0.712938
0.117956 0.0870028 0.43373
-0.0571541 0.0781571 0.425156
0.0503495 0.109417 0.413797
0.272538 0.0389921 2.44056
-0.0580857 0.0753421 0.379264
0.180997 0.117445 0.368658
0.143817 0.131152 0.358506
0.104683 0.135022 0.421256
-0.0564602 0.136261 0.39164
-0.180884 0.140851 0.468966
-0.160362 0.148664 1.34936
-0.082202 0.133887 0.381109
-0.16915 0.133397 0.462662
0.0672248 0.121561 0.390462
-0.0948675 0.138096 1.04937
0.113112 0.0833998 0.417287
0.0259008 0.120598 0.404151
0.159049 0.102211 0.452756
0.0170739 0.0988495 0.375747
-0.00306739 0.0876804 0.408922
0.891714 -0.0624536 1.71801
-0.00331477 0.0837394 0.404704
0.786044 -0.124774 1.62097
-0.466586 0.18375 1.61465
-0.0188847 0.111813 0.401137
0.0258532 0.105485 0.352542
-0.456941 0.230196 1.02749
0.209114 0.100007 0.323445
0.0287777 0.1089 0.449057
-0.0657497 0.0646866 0.404759
-0.165655 0.12648 0.540944
0.045889 0.0816802 0.531364
-0.137534 0.111268 0.385789
0.211102 0.0440221 0.316409
-0.563326 0.312576 1.62323
-0.435875 0.262365 1.12204
0.218136 0.0523567 0.342545
-0.285472 0.163954 0.579674
-0.00453975 0.0568328 0.378436
-0.329455 0.14604 0.555329
-0.0220446 0.148429 0.427845
-0.0616686 0.0632786 0.389555
0.0412248 0.043505 0.430853
-0.299421 0.180492 0.659751
0.0124761 0.0741731 0.499213
-0.0384179 0.132907 0.397862
-0.0799549 0.0706267 0.382394
-0.119288 0.119911 0.361097
-0.197065 0.137546 0.467776
0.00586104 0.149531 0.443987
0.062754 0.128629 0.408998
0.13853 0.0832322 0.364018
0.0447843 0.0990111 0.443299
0.0455344 0.159324 0.470725
0.144375 0.0719154 0.370813
0.0436797 0.0851199 0.42269
0.0710286 0.133192 0.430054
-0.084196 0.111981 0.392278
-0.0599108 0.0889394 0.374848
0.024561 0.0545333 0.291779
0.110531 0.143053 0.452509
0.190223 0.126148 0.38457
0.0333003 0.165219 0.506747
0.157293 0.0663776 0.341655
-0.0815116 0.102632 0.376697
-0.0325414 0.0689843 0.394312
-0.089103 0.0801668 0.389288
0.0378649 0.0412737 0.402079
-0.121915 0.107758 0.316754
-0.0530938 0.0843202 0.359041
-0.121814 0.107178 0.315181
-0.0788762 0.0700296 0.379693
0.205627 0.0936552 0.320101
0.0482379 0.113578 0.463086
0.0366057 0.115939 0.472591
-0.000787575 0.0962023 0.400505
-0.0200645 0.144717 0.418453
0.194635 0.0528522 0.312054
-0.0310867 0.0683949 0.389529
0.0420366 0.0430479 0.420575
-0.0666498 0.0737467 0.382302
-0.0661336 0.0784519 0.373805
0.152647 0.102133 0.322275
-0.199089 0.151369 0.522535
-0.623357 0.216452 1.48537
-0.243449 0.163602 0.569873
-0.330218 0.176991 0.834197
-0.597317 0.210748 1.4305
-0.220305 -0.075319 0.811888
-0.0501041 0.0756906 0.336942
0.0415839 0.0966063 0.40716
0.932046 -0.361118 1.49915
0.0961192 0.137381 0.394333
0.0228611 0.0904298 0.39204
0.161582 0.0686505 0.380826
0.030759 0.0846282 0.414128
0.00307087 0.102556 0.377112
0.10256 0.0800341 0.409824
0.11831 0.127382 0.336338
-0.0867108 0.113304 0.406409
0.22008 0.123504 0.299772
0.0452792 0.131458 0.329862
0.141946 0.143594 0.3442
0.54566 0.0248096 0.90961
0.200436 0.118548 0.293236
0.179096 0.0778267 0.244966
0.0936576 0.211286 0.483456
0.0758449 0.154804 0.354882
0.191017 0.125922 0.368856
0.0692549 0.143391 0.36845
0.0234932 0.0372399 1.26775
-0.0340224 0.121704 0.364995
0.478086 0.0424565 0.801215
-0.0544171 0.082105 0.385858
0.727719 -0.0928533 1.61053
0.136497 0.0749493 0.400549
-0.208644 0.171664 0.60711
0.11819 0.0823991 0.407998
-0.0654916 0.0953691 0.402807
-0.232872 0.15503 0.702095
-0.067738 0.0927993 0.38251
0.0173305 0.0747606 0.307652
0.0315556 0.112135 0.449748
0.137748 0.0840254 0.379757
0.0114436 0.0900872 0.401293
-0.605003 0.306644 1.35161
-0.223181 0.156001 0.526639
1.56845 -0.500723 2.56045
-1.32359 0.700735 2.937
-0.0736704 0.075924 0.36891
-0.0871441 0.133459 0.394023
0.00135658 0.066964 0.42387
-0.481022 0.263967 1.20421
0.14035 0.0901816 0.39743
0.0425685 0.0974019 0.419317
-0.422378 0.167224 1.48802
1.00467 -0.251464 1.8282
-0.171598 0.140746 0.577398
-0.25932 0.159084 0.565892
-0.481293 0.262428 1.50993
0.167345 0.102675 0.34037
0.251272 0.10489 0.347316
0.313975 0.0797886 0.45785
0.257389 0.106634 0.354965
0.14119 0.109894 0.345894
0.227203 0.076198 0.324475
0.0258875 0.139808 0.374091
0.211307 0.0836342 0.332397
-0.0209805 0.147311 0.425887
-0.232444 0.177943 0.477255
-0.346321 0.155333 0.639821
0.302429 0.109354 0.524087
0.288868 0.0710023 0.418134
0.0578033 0.136601 0.396708
0.0490349 0.135119 0.371057
-0.681453 0.0814719 1.55742
-2.48434 -0.0357094 3.44602
-0.977128 -0.0377293 1.76512
-0.0688964 0.0934108 0.373517
-0.0560961 0.0797696 0.367865
-0.0719477 0.101843 0.379834
-0.137751 0.1393 0.749072
-0.177453 0.135563 0.504725
-0.200174 0.157839 0.519208
-0.19795 0.147567 0.546726
-0.0814039 0.0701575 0.368476
-0.159539 0.146372 0.53747
-0.492969 0.198751 1.48644
-0.300728 0.240243 0.750931
-0.198197 0.15693 0.515961
-0.170785 0.145749 0.517834
-0.1735 0.13506 0.526182
-0.016798 0.128074 0.397814
0.180295 0.109656 0.370823
0.18104 0.126204 0.340921
0.121421 0.10231 0.275637
0.181625 0.106497 0.26335
0.13601 0.105177 0.3314
0.0612224 0.142689 0.41507
0.0543962 0.12589 0.437161
-0.0211664 0.141372 0.438771
-0.32694 -0.355143 1.36503
0.171304 0.0599095 0.360404
-0.637648 0.0839626 1.48083
-0.441339 0.172409 1.45917
0.675265 -0.218235 1.72903
0.568036 -0.531862 1.41977
-0.00223938 -0.181166 1.51547
-0.00658773 0.0583562 0.407126
-0.21398 -0.0221482 0.362744
0.0203607 -0.0273536 0.221227
-0.214011 -0.0220418 0.362884
0.0326759 0.0617999 0.391771
0.582583 0.0863002 0.72229
0.700711 -0.354891 0.781174
0.855682 -0.0958289 1.508
0.0213096 0.0663978 0.555012
0.0266684 0.0469422 0.457828
-0.100734 0.0985759 0.683069
0.151921 0.068696 0.379346
-0.294127 0.0960048 1.406
0.754512 -0.40273 0.883995
0.197953 0.0779236 0.301812
0.443439 0.2022 0.505314
-0.104066 0.0822622 0.433453
0.0981288 0.136851 0.351315
0.141278 0.0986102 0.275838
0.225759 0.0748105 0.320361
-0.00134046 0.147805 0.4328
0.0235977 0.151907 0.404553
-0.0545078 0.0826543 0.38777
-0.0739502 0.0678739 0.385816
-0.0700453 0.13435 0.325647
-0.0760819 -0.0448981 1.39095
0.936088 -0.435911 1.54973
0.663057 -0.157759 1.63016
0.842301 -0.540775 1.56092
0.684573 0.0892663 0.690201
0.653061 0.00716021 0.776321
0.498139 0.0495636 0.824924
0.564475 -0.530457 1.42491
-0.17376 0.175533 1.43709
-0.414174 0.161683 1.46477
-0.515261 0.198765 1.55106
0.701457 -0.382142 0.743903
-0.0592208 -0.0329751 1.2569
-0.378591 0.142881 1.39955
0.296307 0.247293 2.34417
0.851449 -0.360236 1.58895
0.72823 0.133455 1.7156
0.996499 -0.185348 1.5484
1.05075 -0.347408 1.32177
-0.383284 0.225332 1.56682
0.0116391 0.0898847 0.411737
0.0396817 0.064615 0.406734
0.67114 -0.00429111 0.807298
0.00166232 0.0785002 0.397463
0.319296 0.0802153 0.469686
0.613705 -0.195214 0.819543
0.599724 0.0290273 0.752364
0.677412 -0.366522 1.62718
0.772244 -0.148931 1.46393
0.620335 -0.571918 1.50548
0.612709 -0.193157 0.815229
-0.0684381 -0.0369021 1.32905
0.723422 -0.110883 1.60591
-0.466727 0.214729 1.41191
0.166874 0.117912 0.244051
0.179608 0.13741 0.324102
0.112774 0.118751 0.421215
0.174305 0.118404 0.281953
-0.0746202 0.0690289 0.385889
-0.0182205 0.163897 0.425543
0.0166319 0.108759 0.53054
-0.0884954 0.103366 0.407834
0.178976 0.121926 0.323491
0.00528603 0.155604 0.461798
-0.0749814 0.103354 0.376726
0.197688 0.14748 0.417657
0.0211422 0.155405 0.453222
0.0723142 0.135963 0.426827
0.162986 0.0689769 0.383465
0.58938 -0.526068 1.36826
-0.202648 0.166803 1.29665
0.884228 -0.566374 1.63378
0.296573 -0.385204 2.548
-0.0343505 0.0605771 0.337492
0.517609 0.0414351 0.880504
-0.0478203 0.0696456 0.38375
0.604076 0.0832167 0.726603
0.00582055 0.0690443 0.401244
0.0411425 0.0527128 0.406479
0.0403793 0.0772366 0.482509
-0.0291164 0.163568 0.772889
0.184464 0.132874 0.300713
-0.0547599 0.154339 0.291549
0.336897 0.184695 0.419036
0.247803 0.108837 0.345007
0.191997 0.111769 0.255824
-0.000603961 -0.0188428 0.231459
-0.115774 0.156225 0.439534
-0.0664884 0.0774435 0.364723
-0.080372 0.0922296 0.375649
0.208675 0.125995 0.351164
-0.0893336 0.125013 0.404683
-0.392902 0.162505 1.45057
0.125303 0.0929836 0.257508
0.0620302 0.145922 0.415393
0.167297 0.0727097 0.34999
0.0999651 0.121516 0.434733
0.790512 -0.272644 1.64326
0.259895 0.080235 0.368693
-0.0606345 0.142308 0.411282
0.0422079 0.0533107 0.400826
0.00224845 0.0765349 0.501288
-0.000267387 0.164718 0.436369
0.0362332 0.0757229 0.314519
0.109877 0.166632 0.481481
-0.057194 0.136225 0.393676
0.0446855 0.165676 0.492388
0.701909 0.0685509 0.655459
-0.0827806 0.11849 0.383089
0.182708 0.122081 0.351768
-0.00694166 0.0756269 0.412273
-0.015671 0.0901766 0.394186
0.059547 0.122392 0.391178
-0.159928 0.186985 0.542277
0.24594 0.0755894 0.345996
0.0929245 0.172074 0.448182
0.159656 0.10783 0.34034
0.228372 0.100934 0.316782
-0.126785 0.140317 1.36151
0.312727 0.173195 0.661971
0.127913 -0.00408697 0.283425
-0.000212182 -0.0182828 0.229421
0.0180454 -0.0237753 0.227233
-0.0338025 0.16986 0.366339
0.16788 0.141802 0.320073
0.671413 -0.490731 2.03138
-0.433495 0.293736 1.27621
-0.500885 0.267705 1.53775
-0.642113 0.126667 1.43279
0.569617 -0.0685706 1.11446
0.798431 -0.0550306 1.55111
-0.0702387 0.0670171 0.368762
-0.0661256 0.0767428 0.370291
-0.204108 0.191957 0.50417
-0.755591 -0.0271351 1.38851
0.109575 0.132151 0.412792
-0.065592 0.0905829 0.374162
0.0257694 0.0542824 0.394948
-0.0802604 0.0700661 0.415907
-0.00698038 0.0695465 0.413826
0.171231 0.070157 0.364654
0.951517 -0.316991 1.20486
0.0399564 0.068192 0.398261
-0.0893698 0.0657639 0.387497
0.73847 -0.431392 0.877106
0.636992 -0.00684265 0.801773
0.618104 0.0350765 0.767785
0.44848 0.205853 0.514744
0.213338 0.132222 0.325657
-0.482238 0.358893 1.518
-0.0796086 0.0728062 0.367482
-0.0793763 0.0729243 0.367202
-0.197309 0.129681 0.484358
-0.0799097 0.0736774 0.368887
-0.378271 0.197896 1.34259
-0.285155 0.189613 1.39125
-0.188116 0.246671 1.34816
-0.582164 0.444879 1.82057
-0.14477 0.234539 1.29856
-0.034194 0.273823 1.31466
-0.283053 0.327494 1.53321
-0.171033 0.146039 0.518981
-0.170964 0.146019 0.519681
-0.771927 -0.113404 1.44041
-0.443317 0.234528 1.5401
-0.646937 0.154354 1.51751
-0.961023 -0.0353759 1.7321
-0.200834 0.152578 0.524908
-0.199881 0.148075 0.533003
-0.693653 -0.10499 1.31876
-0.990223 0.267022 1.54664
-0.994923 0.264088 1.55771
-0.199582 0.154056 0.517513
-0.235131 0.169979 0.533514
-0.188881 0.151707 0.523739
0.0022959 0.062908 0.405002
0.695803 -0.160329 1.69162
-0.539892 0.263227 1.48661
-0.166404 0.171904 1.36736
-0.280562 0.10441 1.46456
-0.07608 0.13839 0.381014
-0.223778 0.156235 0.528318
-0.196289 0.144703 0.539224
-0.628258 -0.0234091 1.43612
-0.187717 0.331642 1.408
-0.312914 0.188657 0.673605
-0.21189 0.146056 0.507979
-0.698716 0.419049 1.41328
-0.193054 0.142213 0.533649
-0.145433 0.0889186 0.434391
-0.236473 0.14261 0.529255
-0.242234 0.190366 0.48459
-0.26268 0.200824 0.539346
0.28249 0.197519 2.27695
0.149549 0.131855 0.28237
0.16948 0.119436 0.251157
0.00350747 0.045673 0.350694
0.117873 0.112791 0.27522
0.0738182 0.0892938 0.189912
0.150917 0.142941 0.306022
0.23891 0.150941 0.322972
-0.0505357 0.155861 0.397837
-0.0895851 0.171901 0.44059
0.142576 0.118553 0.290063
1.08165 -0.354285 1.35814
0.936173 -0.288663 1.06024
0.0430487 0.0546521 0.412221
0.285699 0.0246527 2.45285
0.727119 -0.388446 0.81872
1.19704 -0.504881 2.39179
1.7063 -0.348748 3.43564
0.738627 -0.401653 0.771368
-0.398594 0.165754 1.47276
0.820064 -0.0846743 1.59814
0.353811 -0.186712 2.53264
0.819838 -0.0885997 1.60018
0.224119 0.189824 2.21299
0.798004 -0.0637751 1.43299
0.471142 0.0458849 2.3813
0.0942648 0.0243279 2.47128
0.00848034 0.0777074 0.391975
0.0924974 0.0757874 0.403828
0.608252 0.126654 0.7725
1.09625 -0.362033 1.37769
0.581191 -0.498897 1.71947
-0.441336 0.135248 1.41186
0.79049 -0.335601 2.16965
-0.271005 0.293061 1.1995
-0.0800401 0.179221 1.34665
-0.367135 0.219842 1.48171
-0.708695 0.163421 1.61428
-0.645957 0.0817832 1.39215
-0.185194 0.172888 1.30242
-0.176733 0.247092 1.33606
-0.0537089 0.106078 1.30628
0.0379134 0.0414686 0.397692
-0.0868021 0.113054 0.413339
-0.00178542 0.0901449 0.42687
0.0318696 0.0697909 0.391412
-0.0166565 0.0918334 0.401211
0.11203 0.0797238 0.396367
-0.0810806 0.0832871 0.569524
-0.226675 0.156009 0.531576
-0.554755 0.210505 1.35029
-0.447234 0.204686 1.30241
0.758697 -0.123462 1.64208
2.08215 -0.616528 3.40036
-0.191514 0.238905 1.50441
0.690926 -0.499012 2.08433
0.160062 0.0673406 0.349582
0.944853 -0.361208 1.52067
0.0247454 0.0622212 0.398482
-0.000171542 0.0665563 0.390481
-0.0786919 0.0820216 0.377423
-0.0384848 0.0878308 0.351523
0.0168164 0.124485 0.363163
-0.0444252 0.0685731 0.316768
0.193503 0.121271 0.38128
0.245869 0.130489 0.379883
-0.0637908 0.0868869 0.355162
-0.0659074 -0.042458 0.381849
0.0379527 0.0517364 0.405971
0.364365 0.132331 0.620546
0.978808 -0.452496 1.62029
0.653382 0.00428053 0.779083
0.410097 -0.383838 1.02826
-0.126701 0.239288 1.31852
-0.206529 0.442962 2.09143
-0.680495 0.163061 1.49827
0.697702 0.148468 1.68087
-0.575468 -0.0229049 1.33803
-0.717555 0.154616 1.61578
-0.320424 0.203542 0.520039
-0.268523 0.186241 0.485852
0.886294 -0.326801 1.61346
-0.140862 0.129826 1.20408
-0.0783993 -0.185367 0.576692
0.311592 -0.265608 2.31788
0.514088 -0.407135 1.14106
0.750359 -0.120029 1.60935
0.27111 0.235454 2.21214
0.74277 0.189001 2.34546
0.69463 -0.194184 1.71
0.57293 0.100007 0.764848
-0.280086 0.322643 1.5201
0.193677 -0.114278 1.55275
-0.0820332 0.269923 1.30971
-0.816516 -0.11606 1.50413
-0.328921 0.207734 0.947541
0.77462 -0.110912 1.51496
-0.121017 0.213463 1.40162
0.861621 -0.325432 1.59904
-0.0480767 0.13502 1.0018
-0.0990426 0.0758962 1.33897
0.130718 0.446238 2.21898
0.0422432 0.112907 1.14471
-0.0818496 0.295784 1.45103
1.1458 -0.327709 1.98568
-0.0962596 0.0766232 0.406398
-0.0961022 0.147992 0.361742
0.896248 -0.0639176 1.71878
-0.0743675 0.0679424 0.513567
-0.0379913 0.0718425 0.402232
0.126517 0.219935 1.99754
-0.692998 0.243299 1.56603
1.20635 -0.412194 2.27226
-0.185581 0.247152 1.35381
-0.0526924 0.283074 1.35228
0.73192 -0.319478 1.53922
-0.0677805 0.189851 1.3636
0.0342173 0.112567 1.14941
-0.294718 0.233245 1.468
-0.0562227 0.115415 1.27597
-0.27273 0.142065 1.42237
-0.692555 0.142689 1.34759
-0.634371 0.0786878 1.37671
0.606807 0.0873808 0.73354
0.171192 -0.32183 1.40623
0.489726 -0.182971 1.43692
0.260172 0.234113 2.15626
0.22225 0.0494052 2.38677
0.0621618 0.142697 1.37822
0.634107 -0.00996604 0.797504
0.978332 -0.17609 1.52002
-0.18689 0.175606 1.31962
0.745161 -0.406664 2.53825
0.510648 0.197775 2.16678
-0.0688693 -0.0261206 1.26566
-0.0526509 -0.0301687 1.26479
-0.186084 0.181068 1.32442
-0.00435876 -0.0198528 0.23307
0.802206 -0.384009 0.94356
-0.687823 -0.0578347 1.63236
-0.0487655 0.163761 1.67705
-0.524543 -0.0321687 1.50575
0.596652 -0.499819 1.73956
-0.0177141 -0.207603 1.30376
-0.0531081 0.143722 0.843925
0.401466 -0.255256 1.787
0.226357 0.239773 2.20467
0.252087 0.248766 2.3485
-0.470549 0.253976 1.45609
-8.79814e-08 -0.146891 1.31437
-0.0184443 0.167464 0.436609
0.33581 -0.102663 0.785415
0.341989 0.189 0.427045
0.313204 0.17328 0.388662
0.131486 0.0897854 0.189167
-0.481865 0.174674 1.50679
0.144779 0.144971 0.354058
0.293392 0.0585378 0.441756
0.17902 0.143668 0.302209
0.0746194 0.150855 0.344077
-0.0553397 0.0838049 0.390921
0.112789 0.11366 0.242111
0.17016 0.120976 0.275927
0.441612 0.301468 0.831045
0.184313 0.137989 0.298336
0.172105 0.127294 0.275754
0.201271 0.116442 0.277724
0.241072 0.196636 0.549062
-0.0732985 0.163222 0.385614
0.141785 0.131956 0.295817
0.0410721 0.1177 0.252217
-0.00106709 0.162851 0.431836
0.218424 0.113575 0.326215
0.0681134 0.141026 0.363157
0.110544 0.141946 0.535131
-0.505145 0.231612 1.50606
0.0154766 0.160109 0.467841
0.0966094 0.138237 0.371071
-0.0511217 0.0717584 0.391626
0.055646 -0.00476423 0.0564175
0.212183 0.121577 0.287825
0.641587 -0.0684033 0.81583
0.50533 0.114615 0.836046
0.695894 -0.342764 2.02218
-0.153615 0.12269 0.499539
-0.177429 0.149255 0.538144
0.0302654 0.0849444 0.411262
-0.341012 0.148748 0.577014
0.130453 0.0723483 0.37838
0.605273 -0.555881 1.74985
0.780607 -0.272978 1.6261
-0.224594 0.157262 0.530294
-0.0392971 0.151661 0.416026
0.131756 0.0722312 0.382182
0.188692 0.110588 0.27384
-0.0397864 0.0845345 0.386174
0.578494 0.0353314 0.744053
0.146633 0.12192 0.298389
0.168949 0.0785166 0.334758
0.137294 0.12697 0.349575
-0.0393934 0.0829597 0.330731
0.0352412 0.0609342 0.4088
0.0463157 0.0981939 0.388076
0.172331 0.126372 0.324556
-0.074058 0.135947 0.374365
-0.0726177 0.108915 0.376828
0.203862 0.11593 0.27559
0.226202 0.087813 0.361079
-0.0285989 0.11613 0.509926
0.251219 0.08348 0.357559
-0.0549165 0.078136 0.605287
0.414188 -0.051188 0.771011
-0.056486 0.136417 0.392028
-0.0566682 0.0698937 0.371807
0.177275 0.075388 0.392327
0.460014 0.00113812 0.44495
0.339623 0.108479 0.594151
-0.0582297 0.0870892 0.38122
0.62265 0.0888048 0.776648
-0.0832648 0.106151 0.383214
0.0235906 0.136111 0.356821
0.17949 0.126287 0.339435
-0.0640805 0.0990007 0.383269
0.0217908 0.0820656 0.884933
-0.0135206 -0.00742121 0.228
0.0321634 -0.016118 0.251083
0.0177504 -0.0238649 0.222378
0.0379046 0.148727 0.333975
0.160176 0.139487 0.341205
0.804864 -0.120445 1.65121
0.164308 0.115558 0.240837
0.155946 0.146903 0.330393
-0.284498 0.380836 1.56616
0.152744 0.141814 0.320574
-0.0826748 -0.0367028 0.488222
-0.132983 0.184487 0.536755
-0.0530051 0.0609729 0.392246
0.0251352 0.163471 0.341646
0.155055 0.0972184 0.22589
0.153722 0.115343 0.285861
-0.0106463 0.0546348 0.412255
0.0658092 0.27492 1.4013
0.793913 -0.158491 1.4426
1.182 -0.400399 2.19375
0.680094 -0.0525303 1.24319
1.07684 -0.383472 1.89438
-0.227189 0.420938 1.59842
0.91648 -0.169541 1.44133
1.0732 -0.317794 1.87718
0.00763934 0.0795535 0.39302
-0.544642 0.1397 1.22338
0.890634 -0.060716 1.64627
-0.612912 0.0903554 1.40153
-0.437327 0.188445 1.3964
0.758357 0.108799 1.90075
1.386 -0.451686 2.27038
1.54297 -0.650665 2.91485
-0.352864 -0.309267 1.28716
0.365018 -0.00845688 2.45765
0.100063 -0.00951379 0.257336
0.0391307 -0.0294644 0.225012
0.308326 -0.193965 2.24431
-0.122212 0.205472 1.55909
0.846018 -0.0949268 1.49568
1.04656 -0.112079 1.94096
-0.0652885 0.0792288 1.2561
0.0622233 0.139817 1.37032
-0.300284 0.170321 1.57027
1.19348 -0.365168 2.06166
0.818621 -0.287649 1.68791
-0.104873 1.28603 5.16657
-0.0970885 0.247997 1.75914
0.802702 -1.14628 4.87038
-0.0534319 0.145626 1.50666
-0.0237245 -0.223202 1.16826
-0.0603223 0.146917 1.27103
-0.0580418 0.295585 1.40968
1.71865 -0.532364 3.09569
-0.0402136 -0.333705 1.3298
0.639163 0.00868442 0.760453
0.15179 0.270929 2.43248
-0.0543116 0.13602 1.35162
-0.0498174 -0.0291362 1.27315
0.625451 -0.0481401 0.809954
0.802735 -0.0611833 1.53882
-0.0834947 0.0739448 0.378655
-0.674832 0.160416 1.48874
0.166642 0.0731244 0.234488
0.227511 0.111848 0.353323
0.134467 0.147599 0.391615
0.0372183 0.141036 0.359973
0.025165 0.0155804 0.346615
0.0689106 0.0183044 0.0856694
-0.0526264 0.076378 0.387583
0.0302836 0.0041034 0.0310514
0.856486 -0.0605976 1.63828
0.0670137 0.14042 0.393252
0.00082848 0.0584063 0.413295
-0.0633505 0.0752257 0.402761
0.558043 0.168472 0.660358
0.146297 0.121595 0.298794
0.202293 0.0950649 0.296659
0.189292 0.127875 0.307308
0.177293 0.112568 0.273768
0.24375 0.121178 0.378531
0.181261 0.119705 0.321559
0.194287 0.136836 0.369259
0.0632261 0.115285 0.247454
0.176798 0.112171 0.261655
0.206603 0.0954766 0.476939
0.100596 0.124589 0.464367
0.0296078 0.0594812 0.384229
-0.0501721 0.0720156 0.393418
-0.0028219 0.0494773 0.370532
0.400963 0.182313 0.456593
0.000420206 0.0513367 0.40273
0.176664 0.135539 0.336091
0.274382 0.0751408 0.456342
-0.0296925 0.13093 0.371999
-0.00424594 0.0824246 0.421816
0.714264 -0.114508 1.59247
-0.0326262 0.0697339 0.396926
0.123452 0.109244 0.299213
0.217755 0.106681 0.332709
-0.00577081 -0.234479 2.05606
-0.0331528 0.0945344 0.398944
-0.552589 0.254817 1.53267
-0.543242 0.251534 1.50793
-0.143245 0.108842 1.40167
-0.483386 0.204271 1.43072
0.235938 0.0592218 2.03315
0.10737 -0.0370283 0.25566
0.0310098 0.136999 0.336975
0.111083 0.120637 0.330899
0.115208 0.0796716 0.396485
0.122019 0.0928649 0.382908
0.0457386 0.158408 0.467642
0.0203645 0.0997507 0.398668
-0.0736033 0.20004 0.553034
0.203873 0.0415054 0.310924
0.244815 0.0901461 0.391495
0.122743 0.0845622 0.37047
0.21386 0.101 0.315122
0.0622741 0.147667 0.366653
0.21876 0.0967577 0.301705
0.11387 0.0804357 0.405274
0.136701 0.100863 0.315461
0.207372 0.0778027 0.306633
0.121327 0.0961875 0.389144
-0.1634 0.147943 0.53857
-0.0671781 0.092943 0.383151
0.326895 0.0611927 0.391962
0.205282 0.125032 0.349363
0.202479 0.0990338 0.310263
0.0556052 0.126518 0.308152
0.0282755 0.000324781 0.0123455
0.049256 0.076058 0.40924
0.0547357 0.127862 0.42912
0.142882 0.103705 0.326317
0.195185 0.0677747 0.317744
-0.49028 0.176377 1.55325
0.229435 0.134225 0.32216
0.216798 0.134374 0.375541
0.164934 0.0698963 0.389565
0.180013 0.133469 0.297452
-0.113342 0.158753 0.460918
-0.023776 0.153319 0.436053
-0.0804318 0.07548 0.360473
0.119386 0.0879458 0.199594
-0.0982734 0.151954 0.368299
0.195651 0.144759 0.3248
-0.0848952 0.16209 0.421373
-0.0721677 0.156919 0.35599
0.0938517 0.117502 0.261155
0.183598 0.129253 0.270756
0.193771 0.110274 0.262173
-0.0782181 0.090224 0.365271
-0.0878572 0.151089 0.340013
0.00172574 0.113738 0.402797
0.00587252 0.108723 0.415735
-0.0756461 0.137277 0.380429
0.0176611 0.094157 0.363021
0.0301757 0.112109 0.419851
0.0351838 0.0941696 0.414165
0.0292725 0.108718 0.404126
0.111701 0.0785646 0.388193
0.0243221 0.140356 0.36589
0.109462 0.092525 0.425745
0.112933 0.0784431 0.386745
0.113652 0.0792364 0.392349
0.0560106 0.12794 0.44396
0.0169496 0.0968913 0.388756
0.131718 0.123738 0.307536
0.157198 0.119887 0.294165
0.230407 0.0816243 0.330939
0.121137 0.116794 0.365424
0.0223717 0.163275 0.477573
0.0369158 0.150824 0.397076
0.0427339 0.0622598 0.408594
0.626721 0.221182 0.72853
0.0758025 0.143234 0.388272
0.440768 0.006198 0.414772
0.0384202 0.137921 0.353263
-0.00831015 0.16404 0.434586
0.185572 0.124507 0.29682
0.195969 0.109029 0.262913
0.00330398 0.080519 0.387853
0.108453 0.134665 0.377022
-0.0201619 0.153523 0.425951
0.0816057 0.141484 0.365302
0.125868 0.112911 0.305385
0.506457 0.109538 0.838234
0.204105 0.0684019 0.22176
-0.00853606 0.138667 0.346863
-0.00422405 0.147006 0.436007
0.197033 0.0783226 0.302669
0.0852976 0.1403 0.349088
0.211415 0.0757513 0.299267
0.160351 0.164005 0.397459
-0.0255139 0.155858 0.482205
0.530573 0.157078 0.627854
-0.121804 -0.0756304 0.639648
-0.00570766 0.168734 0.541278
0.741539 -0.107259 1.65157
0.0195964 0.0104243 0.0355162
0.753866 -0.132121 1.55824
0.060757 0.140147 0.40975
-0.0300902 0.132652 0.375877
0.0251005 0.149104 0.397121
0.057744 0.124033 0.391431
0.0941309 0.106964 0.336541
0.0998811 0.143815 0.388191
0.326168 0.117566 0.571012
0.182511 0.121854 0.351823
0.00763242 0.0753507 0.362272
0.0650964 0.156027 0.399943
-0.0702452 0.0940222 0.37739
0.0553729 0.129907 0.442928
0.124847 0.188216 0.613013
0.199672 0.120363 0.336428
-0.00398341 0.156657 0.437441
0.502711 0.209938 2.2494
0.494621 0.0894719 0.680418
1.49188 -0.378147 2.56317
0.813798 -0.0614797 1.5717
-0.0584557 -0.341406 0.812167
-0.504693 -0.0351006 1.4614
-0.200732 0.167832 1.29158
-0.193476 0.231463 1.41432
0.0323769 0.0607473 0.401389
-0.125882 0.208305 1.38771
0.0369084 0.400286 1.81031
0.725977 -0.253672 1.99552
0.032384 0.333249 1.54399
0.748773 -0.0844971 1.47907
0.387452 0.0275425 2.30466
0.888322 -0.374141 1.61216
-0.0351349 0.343295 1.45745
-0.205299 0.284335 1.33247
1.03158 -0.0449127 1.32224
-0.186907 0.274013 1.35531
-0.0725233 0.281696 1.45849
-0.0347926 0.307667 1.4556
0.847023 0.0142502 1.30198
-0.155193 0.247706 1.35257
0.0632436 0.2715 1.39135
-0.2114 0.288712 1.39374
-0.127066 0.295341 1.40948
1.07572 -0.375269 1.89633
0.722924 -0.239756 1.97858
1.32948 -0.0406422 1.61054
0.878472 -0.305974 1.59339
-0.177259 0.229491 1.2797
0.785774 -0.601006 1.64848
-0.171121 0.180775 1.22859
0.695084 -0.225806 1.90934
1.10563 -0.221342 2.29569
0.629997 -0.0896494 1.19334
0.964331 -0.115269 1.69046
0.565023 -0.506378 1.32769
1.11345 -0.120485 1.88963
1.41026 -0.330492 1.53978
0.558913 -0.526427 1.44334
0.613349 -0.55716 1.41148
0.0468405 0.0821216 1.41962
0.853447 -0.215318 1.54475
1.07643 -0.494955 1.20107
-0.016096 -0.205758 1.24802
0.877259 -0.260896 1.76933
-0.239025 0.330831 1.51228
-0.0677675 0.22801 1.52797
-0.259234 0.192487 1.27962
-0.0394435 0.46187 1.89009
1.18981 -0.333477 2.04469
-0.512741 0.0900629 1.59271
-0.175951 0.180243 1.39925
-0.319321 0.16472 1.20091
-0.494846 0.2004 1.46908
-0.70364 0.252687 1.57826
-0.797999 0.101983 1.7245
-0.974063 -0.0390937 1.77074
0.342496 0.00698303 2.27855
0.771429 -0.133291 1.60101
0.662016 0.0649009 1.06941
-0.00536279 -0.0164259 0.239205
0.267359 0.240725 2.20653
0.688272 -0.811279 3.48584
0.581413 -0.156831 1.41746
0.303404 -0.295679 2.39957
-0.117098 0.0834673 1.29771
-0.0376546 -0.322684 1.5121
0.246959 0.0140448 2.10507
0.98444 -0.32346 1.13448
-0.0683765 0.191817 1.13406
0.950555 0.0204926 1.43529
0.837338 -0.558604 1.54904
0.809525 0.125578 1.76833
1.50621 0.131674 2.08641
0.829467 -0.538264 1.53878
0.238098 0.12348 2.12358
-0.306902 0.303313 1.44562
-0.531348 0.173612 1.28035
-0.574927 0.294864 1.28251
-0.625044 -0.0227526 1.42642
-0.220696 0.173527 0.519994
-0.121323 0.0920911 1.33093
0.889793 -0.123954 1.71163
0.989305 -0.361827 1.8968
-0.0742101 0.222549 1.67467
0.520779 0.0431331 0.845431
0.760152 -0.35391 1.65503
0.714225 -0.396312 1.7417
0.951148 -0.441689 1.55511
-0.0618099 0.135066 1.1779
0.749521 -0.0578232 1.3483
0.719686 -0.164657 1.77041
0.726973 -0.480514 3.72781
-0.00174664 -0.103147 1.21764
0.395332 0.00570938 2.46872
0.555433 -0.50717 1.32691
-0.0634875 0.218402 1.35026
0.659339 -0.00588278 0.773845
-0.124917 0.0940814 1.38751
0.989157 -0.434016 1.08672
0.727177 0.119263 1.61198
0.0118649 -0.0212594 1.32756
0.534729 0.113795 2.57453
0.0485217 0.0138522 1.03948
-0.0691316 -0.028327 1.2623
0.508956 0.112436 0.838225
-0.630688 -0.0150785 1.42438
-0.734003 0.378204 1.55426
-0.824217 0.254999 1.38002
-0.618304 0.321761 1.38022
-0.430195 0.324442 1.53948
0.0625312 -0.147168 0.839658
-0.799845 0.306158 1.32848
-0.613093 -0.0137719 0.995189
-0.884548 -0.0682207 1.63538
-0.797366 0.251029 1.35295
-0.695404 0.0199085 1.43409
-0.647367 0.084109 1.39315
-0.0552291 -0.0436315 1.24442
0.219709 0.0522921 1.90897
-0.917011 -0.132765 1.67043
-0.688282 0.164995 1.51103
0.021939 -0.0211562 0.226635
0.00216911 -0.020159 0.224842
-1.29887 -0.106623 1.42966
-0.177595 0.188262 1.48942
-0.692703 0.386876 2.20521
-0.455591 0.173224 1.39975
0.305541 0.02312 1.88899
1.09072 -0.329842 1.89972
0.627909 0.0303017 0.820918
0.00708043 0.208984 1.29603
-0.206249 0.17418 1.29817
1.14291 -0.410181 2.13933
0.943364 -0.427359 1.05065
1.0801 0.108453 1.58621
-0.458148 0.432786 2.93579
0.16454 0.23012 3.19924
0.243999 0.0936395 2.18872
0.486745 -0.213131 1.43971
0.778862 0.138161 1.69784
2.35023 0.559499 2.93415
-0.350827 0.220537 1.76929
-0.400615 0.569389 3.2398
1.11415 -0.484497 1.21743
-0.0656402 0.21081 1.29436
-0.332325 -0.0722933 1.10732
-0.291782 0.253995 1.43112
-0.317207 0.152676 1.34664
0.454753 0.0355433 2.22236
-0.426119 0.15428 1.5999
0.563731 -0.500733 1.39865
0.812854 -0.0464275 1.58348
0.536314 0.203113 2.2388
-0.335415 0.198976 1.36405
-0.465106 0.219667 1.47944
1.24982 -0.557219 1.33062
1.23667 -0.24729 1.38887
0.453636 0.039321 2.23946
1.10726 -0.574845 1.1131
0.988847 -0.150454 1.97662
-0.809611 -0.0633808 1.52491
0.997088 -0.287489 2.01437
0.540374 -0.068609 1.04941
1.16164 -0.225044 1.98937
1.05521 -0.242268 1.24235
-0.184596 0.191541 1.32732
-0.069907 0.190034 1.31988
0.823505 -0.311173 1.53396
0.650309 -0.282317 1.23986
0.164214 0.0368363 1.48802
0.746531 -0.348294 1.63176
0.503882 0.209212 2.2588
0.507497 -0.0540575 1.00128
-0.084954 0.2002 1.3996
0.689838 0.122466 1.76378
0.0909814 -0.0634281 0.505285
0.0898516 0.0225494 2.43707
-0.971399 0.259898 1.52346
0.195652 0.342806 1.66062
0.860704 -0.141744 1.87897
0.910829 -0.392768 1.85554
-0.0636662 0.160492 1.37432
-0.345432 -0.375233 1.44349
-0.0511875 -0.0310806 1.32134
-0.141835 0.31035 1.49192
-0.359017 0.103328 1.49355
-0.338876 0.39378 1.51752
-0.391973 0.174801 1.35765
-0.00115496 -0.0177252 0.231403
0.0673399 -0.00861216 0.255207
-0.00179026 -0.0182825 0.249888
-0.000147868 -0.0179019 0.228532
0.0435484 -0.00887533 0.255035
0.585721 0.00672052 0.603493
0.0475077 -0.0148328 0.258311
0.616002 0.0564073 0.957465
-0.286799 0.158482 1.4908
-0.128168 0.12514 1.37645
-0.308022 0.302875 1.45103
-0.770186 0.0313461 1.57391
0.388151 0.179086 1.78524
-0.296313 0.121627 1.46937
-0.176087 0.216292 1.36823
-0.240878 0.330995 1.50258
-0.0740401 0.206271 1.23253
-0.320482 0.353333 2.03925
0.370932 0.177797 1.16695
0.022558 0.377951 1.68969
1.18506 -0.052333 1.49142
-0.162889 0.0436263 0.395224
-0.0482353 0.33526 1.43557
0.0550297 -0.0144181 0.2608
-0.0107025 -0.0207046 0.23466
0.598267 -0.0950026 1.23873
0.741544 -0.053664 1.32858
0.84594 -0.341174 1.57193
1.00178 -0.345316 1.74459
1.25677 -0.585296 1.23305
-0.00306972 -0.0898965 1.18773
1.31843 -0.625073 1.43721
0.61557 -0.392021 1.20657
0.936605 -0.214405 1.67219
0.656642 -0.119449 1.39695
0.813499 -0.310147 1.46644
1.57724 -0.560974 2.66339
0.0650549 -0.0474977 0.376067
0.67045 -0.0505249 1.26399
0.0477765 -0.0353195 0.235991
0.0175622 -0.0198906 0.226529
0.000716019 -0.0185974 0.228674
0.0150906 -0.0326683 0.221951
0.0164905 -0.0233977 0.219785
0.0197218 -0.0266003 0.218859
0.0174149 -0.0242926 0.224193
-6.20082e-05 -0.0180906 0.231477
0.00206788 -0.0187919 0.227904
0.014238 -0.0340851 0.224389
0.0198059 -0.0205361 0.22717
0.0196764 -0.0252179 0.220012
0.0159645 -0.0325825 0.223518
-0.00026494 -0.0178782 0.228772
0.0171354 -0.0319096 0.225337
0.0327383 -0.00914525 0.261245
0.0194772 -0.0233784 0.225355
-0.00119569 -0.0176993 0.231053
0.0194755 -0.0220488 0.225671
0.0142874 -0.0307871 0.223653
0.0249803 -0.0287104 0.225803
0.0139377 -0.0331072 0.235378
-0.190561 0.226453 1.31252
0.466803 -0.364469 1.05486
0.526002 -0.468133 1.22199
0.821892 -0.303523 1.51986
0.949976 -0.734411 1.97926
-0.944571 -0.0199923 1.40625
0.741138 0.13339 1.90426
-1.00709 -0.0187763 1.48192
-0.45891 0.0572971 1.05539
-0.065881 0.12528 1.19359
0.0055863 0.0234762 0.415631
-0.273385 0.128888 1.19124
0.548614 0.154398 2.51088
0.819345 -0.0916645 1.55045
0.417899 0.0292994 2.4652
0.0228146 0.331568 1.51387
-0.0113185 -0.165883 1.4147
-0.303323 -0.103769 1.25643
0.119548 -0.103923 0.888062
0.316213 0.0760126 0.988425
0.0297905 -0.0223491 0.313246
-0.374804 0.18774 1.52939
-0.0886202 0.0696558 1.24238
-0.0638253 0.200074 1.35399
-0.06221 0.165428 1.23149
-0.273449 0.295172 1.38857
0.0405451 0.14732 1.01328
-0.325237 0.154903 1.37397
0.151457 -0.12111 0.697143
-0.0262458 -0.211403 1.05734
0.177581 -0.105627 0.847184
0.0202792 -0.0270924 0.221625
0.0169892 -0.0259934 0.223126
0.0252471 -0.0382247 0.221081
0.00422202 -0.0189703 0.22748
0.00338985 -0.0224162 0.229453
0.545507 -0.0567589 0.545489
-0.000465193 -0.018745 0.231827
0.00276397 -0.0176652 0.225144
0.019857 -0.0181391 0.221262
0.00727683 -0.0192076 0.225182
-0.00117497 -0.0180485 0.231893
-0.0157987 -0.0200422 0.231063
-0.0152177 -0.0173378 0.236503
-0.0248916 -0.00506427 0.226419
-0.028831 -0.0113812 0.236177
0.649715 0.10204 0.686787
0.759641 0.037217 1.15874
0.813746 -0.585677 1.33369
-0.259517 0.166995 1.29722
0.0291684 0.0724586 1.42453
-0.323131 0.358663 1.4533
-0.0590375 0.136474 1.3125
-0.47496 0.0905724 0.756122
-0.534722 -0.175089 1.21779
-0.0446421 -0.00103466 0.254157
-0.861581 -0.218523 1.11864
-0.0195292 -0.000942137 0.251166
0.713907 -0.514193 2.1513
-1.02189 -0.122657 1.28125
-0.0213094 -0.00503272 0.231349
-0.421988 0.296738 1.33433
-0.0293053 -0.00551583 0.234458
-0.440986 0.322415 1.36942
-0.505253 -0.167658 1.16624
-0.979222 0.0594718 1.64468
-0.0275893 -0.0109417 0.232045
-0.773327 0.0477209 1.33345
-0.0257027 -0.0083333 0.223781
0.000180666 -0.190997 1.65247
-0.883489 0.0719137 1.50642
-0.0315802 -0.283572 1.31559
-0.0259204 -0.00832292 0.223915
-0.719573 0.0217666 1.47619
-1.2566 0.00957082 1.44682
-0.675513 0.0846619 1.19978
-1.2536 0.164376 1.10392
-0.349749 0.172072 0.858843
-0.607694 0.206464 0.90029
-0.570578 -0.030071 1.61268
-0.739482 0.395171 1.46994
-0.420816 0.273559 1.21946
-0.578368 0.0173989 1.21553
-1.06056 0.120504 1.30126
-0.352896 0.170156 1.41115
-0.401253 0.216458 1.3129
-0.647217 -0.0196241 1.4632
-0.380765 0.304963 1.45445
-1.51703 0.207956 1.38488
-0.340908 0.150307 0.855196
-0.0825205 -0.00543592 0.266929
-0.0267349 -0.0118619 0.23111
-0.0539752 0.00631497 0.268869
-0.341707 0.2005 1.70688
-0.0261425 -0.012846 0.223686
-0.118086 0.0147303 0.276555
-0.118202 0.0146579 0.276768
-0.273203 0.405551 1.84737
-0.607177 -0.0704739 0.847692
-0.00672562 -0.00541749 0.279486
-0.721207 0.363196 1.24216
-0.444031 -0.107682 1.22228
-0.583815 0.383049 1.51869
0.677664 -0.183367 1.70309
-0.861706 -0.207214 1.12138
-0.859817 0.062518 1.46406
-0.788227 0.308932 1.27981
-0.654081 0.0389968 1.1468
-0.628044 0.100374 1.20923
-0.584804 0.0320943 1.04265
-0.46649 0.137543 0.909676
-0.640265 0.160697 1.06968
-0.0371616 0.000697948 0.230769
-0.237789 0.0788093 0.448914
-0.353079 -0.0900845 0.682607
-0.0308938 -0.00566456 0.226831
-0.0282363 -0.005795 0.233414
-0.0300083 -0.0101806 0.226029
-0.073949 0.00546682 0.270704
-0.679989 0.0856009 1.45743
-0.564926 0.172829 0.997554
-0.895792 0.231585 1.24989
-0.549829 0.302037 1.09882
-0.498211 0.293247 1.06005
-0.0258226 -0.00274606 0.23053
-0.0910503 0.0442476 0.335863
-0.211958 0.00432765 0.327831
-0.060019 0.152639 1.19149
-0.299249 0.237877 1.46258
-0.053952 -0.0434517 1.25672
0.0594694 0.182039 1.20542
0.270377 -0.135102 0.892786
0.065304 -0.00805802 1.37159
-0.200649 0.165984 1.29823
-0.141431 0.173051 1.1831
-0.346925 0.201815 1.42079
-0.174699 0.179935 1.25022
-0.0666736 0.296847 1.58691
-0.435917 -0.462072 1.73682
-0.0793575 0.170812 1.36579
1.44495 -0.0903007 1.55884
1.01679 0.0822556 1.4759
0.997244 -0.176062 1.53776
-0.0112274 -0.146142 1.19261
0.0835106 0.0240431 2.34259
0.174762 0.0571123 2.37696
-0.284711 0.248595 1.39066
-0.0588242 0.109349 1.4487
0.669992 -0.0197941 0.889361
0.0680615 0.308761 1.42959
-0.305869 0.0958433 1.4628
0.567021 -0.531909 1.4565
0.222845 -0.101865 1.67756
-0.299548 0.238956 1.43137
-0.0800521 0.173116 1.20278
0.0290498 0.267298 1.23442
-0.0900849 0.1773 1.33387
-0.031243 0.348079 1.46091
-0.111229 0.272134 1.74108
0.367831 0.154167 2.02196
-0.350666 0.10279 1.46395
-0.193622 0.367725 1.40009
-0.386109 0.292307 1.40546
-0.441647 0.242395 1.57563
0.524809 0.0374941 0.799818
-0.0886056 0.182557 1.29276
-0.303737 0.231051 1.49851
0.728285 -0.0429792 1.44788
-0.419096 0.253486 0.926406
-0.0958285 0.155456 1.31101
-0.563394 -0.0502001 0.736968
-1.68062 -0.37378 2.06382
-1.54344 -0.263752 1.8242
-0.537739 0.482413 1.83039
-0.55857 0.388985 1.71823
-0.209083 0.0682242 0.420667
-1.2587 0.279039 1.43377
-0.700459 0.247041 0.903399
-0.218618 0.0720624 0.430909
-0.541428 0.335824 1.38629
0.868823 -0.550027 1.60107
1.34805 -0.391014 1.2731
0.0172072 -0.0327259 0.219358
0.0165205 -0.0307165 0.224858
0.0178155 -0.031016 0.225558
0.55903 0.143731 1.82191
-0.364876 0.111437 0.665762
-0.552457 0.207052 1.05333
-0.492159 0.113576 1.13761
-0.862108 0.18276 1.1175
-0.560495 0.297721 1.29317
-0.644536 0.35263 1.24383
-0.0261185 -0.00282924 0.230125
-0.450669 0.321997 1.63713
-0.597255 0.162517 1.09518
-0.47309 0.31308 1.43993
-0.796676 0.308563 1.29097
1.13209 -0.0391303 1.40023
-0.0820307 0.171968 1.30551
-0.187226 0.321478 1.37325
-0.164752 0.152999 1.42881
1.31351 -0.530101 2.43946
0.0236261 0.05016 1.26885
-0.157081 0.143881 1.2879
-0.060058 0.149335 1.26573
-0.0974336 0.164301 1.36697
0.827622 -0.0580824 1.54304
0.189161 0.0661336 2.43825
0.914106 -0.0459022 1.55034
-0.745908 0.357194 1.45968
-0.413418 0.255786 1.25687
-0.542657 0.257533 1.19706
0.892752 -0.363799 1.69898
0.421075 -0.205495 0.604078
0.59245 0.00909928 0.716901
0.0132191 -0.00801699 0.264669
0.0022857 -0.0161978 0.243072
0.0839785 0.0274728 0.339636
0.66081 0.007449 0.648853
0.174693 0.0126828 0.515554
0.0161919 -0.0302248 0.223224
0.0170226 -0.0236195 0.225154
0.0159739 -0.0340473 0.223318
-0.00984349 -0.0198174 0.23587
0.0114878 -0.0160324 0.249222
0.0983857 -0.0136816 0.264508
-0.00087553 -0.0178748 0.230469
0.017759 -0.0237984 0.222288
0.0388777 -0.00959568 0.253211
0.0134457 -0.0335496 0.223256
0.0151163 -0.0323954 0.222836
0.0492371 -0.00755089 0.257097
0.0863406 -0.0227137 0.260683
0.0203186 -0.0368838 0.226806
0.0437821 -0.0198449 0.257121
0.00898071 -0.0200201 0.228458
0.0198387 -0.0285772 0.22726
-0.000712866 -0.017887 0.229898
0.0182786 -0.0204194 0.227383
0.0435477 -0.0134872 0.244893
0.0155197 -0.0193645 0.226237
0.00403955 -0.0196846 0.231345
0.52321 0.0129356 0.599214
0.0823944 -0.0286004 0.241192
-0.0487377 -0.0416309 1.16209
-0.0139112 -0.165365 1.32586
-0.301303 0.146742 1.47825
-0.626614 -0.021009 1.42786
-0.88912 0.116682 1.54758
-0.287144 0.373757 1.55524
-0.456716 0.318072 1.40003
-0.443305 0.049745 0.817416
-1.06429 0.00596715 1.25287
-0.675677 0.337258 1.47219
-0.492192 0.126383 0.991961
-0.557052 0.367122 1.45794
-0.656051 0.0937694 1.50204
-0.255687 0.143825 1.35003
-0.153452 0.120604 1.42162
-0.0528889 0.141123 1.30825
-0.969011 0.20839 1.69797
-0.704242 -0.0405408 1.66256
-0.03999 -0.310725 1.46972
-0.064349 0.170415 1.40071
-0.187966 0.32666 1.38981
0.0196939 0.0122679 1.25253
-0.318623 0.163821 1.32225
-0.283029 0.159853 1.45853
-0.0323742 -0.00112196 0.248243
-0.0228476 0.00463533 0.349212
-0.226813 -0.207712 0.918321
0.104872 -0.077681 0.581296
-0.359747 -0.0142233 0.663205
-0.630157 0.223497 1.41536
-0.588367 0.146402 1.33094
-0.688086 0.173621 1.1328
-0.959767 0.312333 1.51944
0.0739471 0.0651617 1.53952
0.0667379 0.106698 1.45789
-0.884039 -0.330568 1.17317
-0.0418813 -0.32194 1.30373
-0.704932 -0.266624 0.978658
-0.818545 -0.111058 1.14886
-0.903787 -0.253757 1.14807
-0.0521757 0.151797 1.41664
-0.196325 0.269438 1.44316
-0.319274 0.187932 1.31209
-0.443214 0.338761 1.45478
-0.0429776 -0.00479761 0.236846
-0.477719 0.339378 1.45475
-0.295906 0.190605 1.34961
-0.605654 0.145074 1.35406
-0.733135 -0.0464311 2.12523
-0.259503 -0.0268108 0.490503
-0.421111 0.226273 1.35232
-0.528336 0.201827 0.920056
-0.0245588 -0.0113412 0.222931
-0.606477 0.0278873 1.2762
-0.532428 0.267535 1.48962
-0.834907 -0.0155614 1.25979
-0.0431473 0.00405807 0.23689
-0.420428 0.160847 1.30247
-0.38928 0.19391 1.56502
-0.53741 0.342931 1.3969
-0.283552 0.1543 1.40909
-0.533429 0.12469 1.20641
-0.740304 0.0978587 1.33776
-0.0164083 0.00097657 0.355345
-0.873098 0.497321 1.62837
-0.699783 0.20279 1.26463
-0.588196 0.319178 1.35942
-0.513018 0.113859 1.2083
-0.0260002 -0.00904532 0.223853
-0.181506 0.0581949 0.436609
-0.0300067 -0.0101822 0.226104
-0.0511026 0.0798406 1.31144
-0.583938 0.218154 1.10585
-0.0245458 -0.0113497 0.222998
-0.426953 0.218552 1.32013
-0.328352 0.216112 1.05877
-0.0302444 -0.00456204 0.226592
-0.529498 0.182311 1.22105
-0.0859118 0.306451 1.44069
-0.368238 0.295415 1.41573
-0.0499854 0.00121896 0.237757
-0.484508 0.199867 1.42313
-0.122282 0.199047 1.34395
-0.0593725 0.115165 0.977799
0.0817448 -0.0644778 0.25589
0.75566 -0.117175 1.56459
0.0561082 -0.0221236 0.264984
0.800758 -0.0823459 1.56489
0.738318 -0.123241 1.65162
0.0931103 -0.0449319 0.275553
0.833711 -0.0305329 1.08412
0.839052 -0.154449 1.31137
0.08396 -0.0486517 0.25445
0.0188023 -0.0239649 0.225547
0.0173476 -0.0240753 0.225887
0.0148075 -0.0326907 0.223329
0.0167219 -0.0324917 0.22394
-0.0131788 -0.0219648 0.23442
0.0220749 -0.0227954 0.22541
0.0174394 -0.0321995 0.225711
-0.46637 -0.0370037 1.39964
-0.572123 0.369755 1.47903
-0.172779 0.0410125 0.81594
-0.381848 0.203367 1.25964
-0.0241777 -0.00809353 0.224406
-0.626857 0.338934 1.2597
0.146681 0.157356 1.5695
-0.474936 0.36463 1.52867
-0.412908 0.161652 1.44066
0.18188 0.172284 1.63991
-0.0523552 0.00670036 0.277974
-0.0261084 -0.0103492 0.224009
-0.904089 -0.107431 1.16588
0.330673 -0.0405846 0.737691
1.03516 -0.423968 2.02994
-0.462952 0.188671 1.36891
-0.417125 0.191957 1.37046
0.240908 0.238502 2.26028
0.192315 0.0448802 1.71177
0.764691 -0.0955905 1.67203
-0.118469 0.228645 1.40338
-0.205231 0.170921 1.32322
-0.41111 0.159655 1.45673
-0.168932 0.175011 1.39258
-0.505646 0.195878 1.51732
-0.407303 0.180741 1.40392
-0.292999 0.174636 1.43527
-0.391964 0.217844 1.3326
-0.212408 0.0757848 1.15161
-0.802361 -0.123709 1.50702
-0.377106 0.283161 1.25389
-0.480249 -0.0126304 1.17727
-0.625616 -0.0925187 1.19798
-0.0584165 0.00927534 0.243155
-0.66347 0.231737 1.47972
-0.513168 0.287783 1.48971
-0.0709197 0.0699729 0.472244
-0.192785 -0.0199513 0.420366
-0.512367 0.209321 1.50837
-0.571396 -0.0261999 1.60147
-0.1951 0.0138953 0.35996
0.112051 0.0121887 1.17389
-0.0683893 0.267215 1.41883
-0.0628341 0.153514 1.31952
-0.0893393 0.140324 1.038
0.0427653 0.082921 1.45699
-0.0537722 -0.419688 1.30381
-0.300542 0.121366 1.49442
-0.0134452 -0.153183 1.17873
-0.0527208 0.0850348 1.40383
-0.469936 0.178943 1.53312
0.0791624 0.120702 1.52437
-0.18602 0.274516 1.33558
-0.278712 0.332549 1.54864
0.578039 -0.282926 0.758758
0.0183146 -0.0217479 0.219929
0.0145455 -0.0356958 0.219683
0.029048 -0.0405501 0.22616
0.0167778 -0.0310168 0.225356
0.020018 -0.0218115 0.223871
0.0204178 -0.0218156 0.219534
0.042534 -0.0544016 0.267394
0.00853788 -0.019975 0.227912
0.735395 -0.0182619 0.731508
-0.0135987 -0.0211178 0.232348
0.00612991 -0.0187274 0.224496
0.0131128 -0.0273023 0.224695
0.0016793 -0.0189432 0.227613
0.00730124 -0.0195221 0.22396
0.00091671 -0.018695 0.228067
0.0107112 -0.0253343 0.227807
-0.0135921 -0.0211193 0.232352
1.11215 -0.107628 1.10046
0.215414 0.0238246 0.411757
0.78531 0.142184 1.95065
0.64821 0.102883 0.687652
0.509399 0.0948847 0.635116
0.292023 -0.147186 0.423108
0.159332 -0.057651 0.302529
0.114088 -0.0325302 0.258215
0.703277 0.067867 0.646494
0.0513278 -0.0289335 0.23713
0.0169807 -0.0348027 0.226296
0.0190054 -0.030876 0.227004
0.00934552 -0.0209844 0.225171
0.0172527 -0.0261085 0.223004
0.0195265 -0.0239208 0.227007
0.69483 0.00704088 0.651916
0.0163818 -0.0314374 0.224239
0.0117076 -0.0201029 0.221893
0.0209639 -0.0358383 0.235161
-0.816568 0.318258 1.47795
-0.589772 0.318923 1.35933
-0.801945 0.154273 1.4836
-1.23979 0.00818984 1.42859
-0.779214 0.213962 1.1427
-0.356504 0.189719 0.761602
-0.0323283 -0.012351 0.236321
0.0677946 -0.0243508 0.26545
0.865367 -0.130245 1.69279
0.886545 -0.223735 1.60499
0.878655 -0.145075 1.71953
0.119908 -0.0547022 0.288966
0.00425992 -0.0192316 0.223032
0.00248347 -0.0187566 0.22294
0.00921137 -0.0190844 0.224894
0.575279 0.147653 0.936169
0.0101722 -0.0191416 0.224618
0.00220923 -0.0174462 0.233245
-0.000386168 -0.0191255 0.227724
0.0119805 -0.0204718 0.225576
0.00211845 -0.0176343 0.225662
0.00315177 -0.0179086 0.22498
-0.000503423 -0.0182579 0.23319
0.00100623 -0.0199186 0.222582
0.00652575 -0.0200074 0.223689
0.00670752 -0.0188093 0.220489
0.00224462 -0.0199247 0.223858
-0.00108306 -0.0181859 0.231399
-6.57761e-05 -0.0181841 0.22863
0.00220908 -0.0188587 0.226909
0.00106042 -0.0188394 0.224972
0.00396747 -0.0186572 0.222414
0.00480131 -0.0182139 0.222945
-0.000780786 -0.0189307 0.229182
0.0148671 -0.0226763 0.217983
0.00618679 -0.0196417 0.220642
0.000647174 -0.0197149 0.224902
-0.000326961 -0.0182581 0.229689
0.0135742 -0.0231926 0.22101
0.00491653 -0.0196335 0.221059
0.00227 -0.0200222 0.224807
-0.00214695 -0.0195584 0.22524
0.0126039 -0.0183799 0.226204
0.00546856 -0.0196401 0.220899
0.00108321 -0.019462 0.224228
0.0112236 -0.0204903 0.225582
-3.917e-05 -0.0184798 0.229132
0.0175399 -0.0389861 0.227027
0.0142453 -0.0215691 0.221218
-0.000906115 -0.0183777 0.231723
0.00683037 -0.0186094 0.224177
0.0149137 -0.0328642 0.22371
-7.05763e-05 -0.0183765 0.230462
0.0145778 -0.0218043 0.218112
0.00192369 -0.0199129 0.223966
0.377742 -0.0509878 0.457114
0.00240809 -0.0188062 0.229358
0.00520414 -0.0187741 0.227957
0.0166323 -0.0310348 0.225566
0.0137523 -0.0192833 0.22618
0.0195146 -0.0343244 0.227132
0.0197725 -0.0285933 0.226883
-0.0380939 0.0162388 0.305252
-0.328616 0.32474 1.52678
-0.340856 0.33714 1.57925
-0.0328759 -0.00798169 0.220721
-0.433172 0.317171 1.57425
-0.023303 -0.00531391 0.226579
-0.0378883 -0.00852686 0.232069
-0.596487 -0.0135116 1.36022
-0.442375 -0.383813 1.57074
-0.195684 -0.00712802 0.406898
-0.167229 -0.00556846 0.30878
-0.258085 0.327539 1.40792
0.197113 0.0786005 1.03153
-0.610624 -0.0944871 1.18521
-0.757902 0.050353 1.31566
-0.038187 0.00993229 0.280608
-0.40287 0.0499339 0.800112
-0.684442 0.0904421 1.25319
-0.353932 0.171403 1.13385
-0.352874 0.321474 1.26136
-0.625891 0.340555 1.42925
-0.500118 0.277462 1.46804
-0.402669 0.0780348 0.630915
-0.782593 -0.0322014 1.45582
-0.0514977 -0.0310169 1.45713
0.0771285 0.0291606 1.2788
-0.727111 0.225526 1.23759
-0.617362 0.0782288 1.10826
-0.0365161 0.000431151 0.230427
-0.0293378 -0.00661056 0.223696
-0.934097 0.320879 1.27289
-0.356223 0.26351 1.30133
-0.0350366 -0.000187558 0.229554
-0.0588054 0.0110928 0.248365
-0.283956 0.0963771 1.4429
-0.138271 0.289847 1.55922
-0.329691 0.200527 0.746013
-0.433988 0.176603 0.849819
-0.133028 0.0323912 0.358588
-0.0501222 0.00473469 0.249766
-0.964256 0.278382 1.2686
-0.0172531 -0.0181157 0.241009
-0.31222 -0.215633 1.02749
-0.345485 0.246519 1.30214
-0.377311 0.211492 1.44375
-0.0582068 0.00766975 0.254938
-0.449331 0.309056 1.32529
-0.841621 -0.0175982 1.26682
-0.0583144 0.00927747 0.243021
-0.511419 -0.129279 0.866989
-0.95955 0.214148 1.72248
-0.381259 0.141591 1.35444
0.129292 0.0938866 1.25379
-0.757698 -0.0260034 1.38978
-0.544384 0.0636094 1.26566
-0.747628 0.0956041 1.3379
-0.828429 0.257931 1.47436
-0.660674 0.0747229 1.4339
-0.568235 -0.0114695 1.35036
-0.894839 -0.126257 1.22614
-0.499538 0.24443 1.25722
-0.781989 0.101404 1.39549
-0.70253 0.36161 1.49119
-0.791484 0.341535 1.41406
-0.67286 0.353132 1.50093
-0.262504 0.16535 1.19619
-0.30816 -0.0432436 0.532021
-0.117531 0.223891 1.38839
-0.761902 0.410825 1.50857
-0.696478 0.345802 1.39263
-0.427929 0.397621 1.49636
-0.622573 0.145462 1.38977
-0.870834 0.231656 1.47325
-0.734695 0.0175523 1.51098
-0.0787546 0.272583 1.30028
-0.632802 0.328798 1.41774
0.055726 -0.242906 1.39191
-0.592293 0.256562 1.19356
-0.0529908 -0.292529 0.952845
-0.566746 -0.187387 1.28905
-0.528591 0.411514 1.72422
-0.581567 -0.195112 1.33522
0.0868763 0.135531 1.90557
-0.00736592 -0.213469 1.32899
-0.299421 0.201472 1.4487
-0.271552 0.131696 1.16306
-0.422552 0.377728 1.70583
-0.687175 -0.55704 2.28141
-0.406316 0.360899 1.65636
-0.575069 0.286249 1.43695
-0.512137 0.27387 1.52817
-0.515775 0.40258 1.69182
-0.546193 0.268591 1.36564
-0.0531574 -0.35002 1.12047
-0.452559 0.211481 1.35857
-0.64057 -0.0452945 1.52746
0.137458 -0.0956885 1.22825
0.195081 0.133254 1.64262
-0.999533 0.00559196 1.17948
0.00911059 0.0480548 0.539137
-0.295661 0.223882 1.44457
-0.667577 -0.0180619 1.50708
0.0330671 -0.0120135 0.224333
0.01937 -0.0247848 0.226407
0.0199168 -0.0237145 0.224416
0.0119683 -0.0314482 0.22458
0.0540848 -0.048655 0.241717
0.0640016 -0.0301016 0.237988
-0.00543104 -0.0192991 0.243267
0.0144324 -0.0277203 0.226063
-0.00101391 -0.0183013 0.233125
-0.00410007 -0.0185009 0.225205
0.0177629 -0.0262487 0.222879
0.0205129 -0.0306605 0.226908
0.0219863 -0.0293279 0.223581
0.0184958 -0.0342195 0.226919
0.0141663 -0.0233565 0.218324
0.0675211 -0.029188 0.246074
0.0730595 -0.0273564 0.289351
0.0172433 -0.0227973 0.222725
0.0140261 -0.0239117 0.218182
0.0108891 -0.0329508 0.2202
0.0139504 -0.0267774 0.219655
-0.0154714 -0.0200368 0.231199
0.0448791 -0.0194351 0.258511
0.23475 -0.122572 0.277293
0.0315642 -0.0225351 0.221775
0.00952237 -0.0266044 0.223449
0.000962135 -0.0187671 0.229963
0.0112576 -0.024905 0.222849
0.00821452 -0.0305255 0.232657
0.0165989 -0.0354098 0.239195
0.0081383 -0.0185779 0.223878
-0.000110785 -0.0175441 0.228581
0.000181473 -0.0184665 0.229108
-0.00154153 -0.0198976 0.231528
-0.000174313 -0.0183117 0.228948
8.56446e-05 -0.0182295 0.228579
0.000165468 -0.0199647 0.224449
-0.00107791 -0.0182068 0.231385
-0.000500995 -0.0175399 0.233207
0.00643832 -0.018829 0.229829
-0.00110039 -0.0182002 0.231397
0.000642567 -0.0186129 0.228671
-0.00125206 -0.0174447 0.230778
0.000144715 -0.0185006 0.230075
0.00396124 -0.0194134 0.220887
-0.000624421 -0.0178639 0.229893
0.00335683 -0.0188943 0.226545
0.00405043 -0.0193912 0.229634
-0.014133 -0.0203796 0.232288
0.000169669 -0.0186182 0.229367
-0.000839066 -0.0181224 0.230572
0.00153852 -0.018844 0.228003
-0.00108243 -0.0176684 0.232469
0.00808503 -0.0169928 0.236151
0.00298255 -0.0197942 0.224455
0.0162085 -0.0311736 0.224193
0.0188058 -0.0203545 0.227372
0.000730198 -0.0272279 0.241276
0.0184989 -0.0223602 0.22386
0.0157367 -0.0305945 0.224134
0.0190522 -0.0312561 0.22706
0.0132785 -0.0345548 0.222071
0.135667 -0.0496102 0.240604
0.0172853 -0.0301747 0.225341
0.0112537 -0.0204633 0.225793
0.0158236 -0.0343933 0.225666
0.0164656 -0.030367 0.224156
0.0163625 -0.0231807 0.225826
0.0156046 -0.0338272 0.223549
0.00877103 -0.0199542 0.227914
0.00979184 -0.0349383 0.221157
0.0116481 -0.0203804 0.225899
0.0231015 -0.0261436 0.227216
-0.000943996 -0.0184144 0.231197
-0.000889115 -0.0184146 0.231215
0.0977533 -0.0311682 0.221874
0.668289 0.00503622 0.646135
0.000419748 -0.0189051 0.231375
0.00375228 -0.0221772 0.228902
0.0945965 -0.0235551 0.198172
0.704504 -0.393289 0.824536
0.00627968 -0.0193256 0.225696
0.00388005 -0.0192972 0.22965
0.0151004 -0.0279313 0.219947
0.749858 -0.019202 0.74761
0.7373 -0.02336 0.700399
0.720444 0.0885816 0.690254
0.0197462 -0.0239993 0.221877
0.201467 0.00567546 0.279979
0.104976 -0.0130224 0.304139
0.00200634 -0.0198139 0.224697
-0.0025426 -0.0207472 0.226631
0.0155235 -0.0221168 0.227182
0.0200149 -0.0271533 0.226923
-0.000760395 -0.0187285 0.232316
0.0117331 -0.0195511 0.22857
0.0181111 -0.0339523 0.226973
0.576904 0.124698 0.781938
-0.00148899 -0.0181876 0.230835
0.00582499 -0.0209562 0.225836
0.0003895 -0.0186575 0.228751
0.0166896 -0.0247092 0.219738
0.036639 -0.0143234 0.258801
0.0163316 -0.0281447 0.223803
-0.000812591 -0.018333 0.230101
0.0137999 -0.0263911 0.224728
0.020058 -0.0240634 0.22689
0.00878842 -0.0209347 0.242547
0.0449237 -0.0359034 0.234597
0.00553857 -0.0193426 0.228873
0.0140048 -0.0183027 0.222792
0.0175862 -0.0309426 0.225558
0.000919927 -0.0194302 0.224129
-0.000280011 -0.0183942 0.232597
0.0164941 -0.0281571 0.223891
-0.00705637 -0.0201067 0.235838
0.00141415 -0.0187951 0.227865
0.0192087 -0.0307335 0.227076
0.019866 -0.0306231 0.227104
-0.0720518 0.29677 1.53583
-0.695069 0.165459 1.61894
-0.18546 0.217543 1.4202
-0.48798 0.235029 1.09402
-0.179475 0.246269 1.32794
-0.181804 0.237768 1.31389
-0.319226 0.189299 1.61371
0.19458 -0.184069 1.64622
0.987423 -0.366307 1.95741
-0.193263 0.192169 1.2218
0.511792 0.0441344 0.834118
-0.0703793 0.21009 1.28664
-0.0357141 0.285354 1.35411
0.555395 0.00525915 0.941142
-0.0503449 0.143575 1.34492
0.647763 0.00598471 0.795125
0.628331 0.0452818 1.01156
1.19198 -0.522565 1.29048
-0.131295 0.295765 1.41601
-0.185825 0.2873 1.37829
-0.173581 0.135589 1.10233
-0.167309 0.201625 1.29118
0.647388 -0.303126 0.73765
0.920099 -0.0434784 1.2089
1.12654 -0.532274 1.2683
-0.200326 0.25404 1.39403
0.570865 0.0289329 0.936474
-0.238576 0.0784504 1.24799
-0.265502 0.153012 1.39532
0.0828979 0.14955 1.65261
1.81576 -0.576797 3.31255
0.848172 -0.0572558 1.62621
0.973628 -0.0135469 1.25796
0.774319 0.125349 1.9106
-0.084517 0.150158 1.22179
-0.379506 -0.396764 1.52062
-0.0571023 0.188784 1.17724
0.676327 -0.00482587 0.785693
-0.120058 0.203162 1.37198
0.129246 -0.025673 0.218594
0.0842319 -0.0635148 0.293134
0.0622025 -0.00944351 0.277992
0.120044 -0.0547276 0.28943
0.160762 -0.0641045 0.419609
0.606466 0.0152715 0.666204
0.639174 0.102449 0.706426
0.0362109 -0.0438592 0.244306
0.0564625 -0.0276852 0.225284
0.0547217 -0.0512512 0.28589
0.0951807 -0.022764 0.282439
0.694969 -0.0767364 0.746509
0.715065 -0.378573 0.804326
0.119941 -0.0549761 0.288224
0.2114 -0.0682302 0.310108
0.727579 0.155845 0.666974
0.701066 0.154141 1.68658
0.188816 -0.0503329 0.313771
0.250996 -0.0765428 0.324045
2.07393 -0.0549495 2.28697
0.65694 0.0903349 0.725425
1.08574 -0.337689 1.23139
0.568146 0.0961457 0.726829
0.659018 -0.222333 1.17573
0.00646745 -0.0186793 0.232187
0.0237108 -0.0377274 0.261611
0.00288465 -0.0184051 0.227392
0.656876 0.173829 0.712416
0.665368 0.176169 0.643996
0.0174849 -0.023467 0.220006
0.000883301 -0.0200306 0.223613
0.016137 -0.0303704 0.224061
0.0092427 -0.0265878 0.222059
0.0209917 -0.0230558 0.221884
0.0144058 -0.0333061 0.224308
0.000748847 -0.0177889 0.227133
0.00192553 -0.0197947 0.224674
0.0151883 -0.0310282 0.223054
0.00841358 -0.020318 0.220589
0.00293127 -0.0184938 0.229133
0.01977 -0.0324386 0.234109
0.000270657 -0.0178818 0.227226
0.00016984 -0.0178864 0.227253
0.0165801 -0.0301134 0.224379
0.00488958 -0.019096 0.229356
0.675822 0.178275 0.652301
0.627313 -0.119096 0.815965
0.00714998 -0.0199 0.223444
0.0144234 -0.0170956 0.236152
0.00560818 -0.0200172 0.223846
0.00233017 -0.0217662 0.222997
-0.00124597 -0.0175523 0.233079
0.00405973 -0.0186334 0.22239
-0.264181 0.344316 1.44523
-0.249593 0.275802 1.35261
0.0209097 -0.0224828 0.226841
0.0170629 -0.030558 0.226041
0.537379 0.102642 0.662073
0.0178824 -0.0352186 0.226142
0.0250164 -0.0232913 0.226699
0.0170452 -0.0315094 0.225389
0.0193089 -0.0269515 0.227051
0.687332 -0.281124 0.885496
0.019085 -0.0284284 0.227033
0.0198059 -0.0285999 0.226957
0.0158702 -0.034747 0.223881
1.25626 -0.367078 1.1869
0.790965 -0.399261 0.851103
0.0152026 -0.0310284 0.223052
0.0225707 -0.0336558 0.225813
0.0240398 -0.0266403 0.22137
0.0207723 -0.0228755 0.223714
-0.00130303 -0.0189533 0.23074
0.00917343 -0.0296418 0.222155
0.00138449 -0.020249 0.224222
0.0129144 -0.0290192 0.220323
0.0167718 -0.0247025 0.219771
0.0121622 -0.028759 0.223305
-0.0049193 -0.019768 0.240856
0.0395506 -0.0220105 0.264534
-0.0159409 -0.0207021 0.232573
0.12283 -0.0471563 0.362068
0.116528 -0.0352914 0.247676
0.103376 -0.0380344 0.248036
-0.0129179 -0.020755 0.232654
0.527884 0.152321 0.663179
-0.0115601 -0.0203079 0.232738
0.0661459 0.00573912 0.31981
0.543709 0.148756 0.621587
0.0130685 -0.0337079 0.219642
0.00224716 -0.0185699 0.2245
0.642911 -0.0550654 0.818832
0.0141526 -0.0276263 0.219622
-0.00120487 -0.0184445 0.229979
0.0140774 -0.0293185 0.222864
0.015887 -0.0322008 0.224055
0.0135483 -0.0319455 0.220426
0.0114261 -0.0332648 0.221399
0.0128153 -0.023762 0.218622
0.0143809 -0.0293748 0.222824
0.0126361 -0.0293475 0.220206
0.00914838 -0.0305035 0.220444
0.00302417 -0.0197946 0.231195
-0.000376698 -0.0180703 0.233615
-0.00544864 -0.0194301 0.232169
-0.000949045 -0.0187045 0.232164
0.0365012 -0.0378603 0.238911
0.00884506 -0.0189742 0.232754
0.00348191 -0.0191249 0.232225
0.667842 0.106722 0.706602
-0.00110395 -0.0173057 0.232946
0.187916 0.0316418 2.64616
0.576079 0.120487 0.72992
0.999178 -0.328142 1.27273
0.73161 0.144753 0.676409
0.211777 -0.00459198 0.278743
0.205514 -0.0292365 0.295717
0.496707 0.108682 0.80087
0.735692 -0.391392 0.819828
0.457479 -0.141227 0.503326
0.46662 -0.153861 0.569023
0.674919 0.103099 0.715362
0.946078 -0.297845 0.904588
0.0409338 -0.0225625 0.252424
-0.269866 0.0813266 1.36427
1.45647 -0.0990141 1.58031
-0.00423032 -0.0753383 0.878905
0.660647 -0.185159 1.65996
0.656627 0.143601 0.891943
-0.297201 0.100639 1.53322
-0.150545 0.239491 1.31876
-0.155775 0.159651 1.38654
0.0164025 -0.0258572 0.222503
0.0189223 -0.0220184 0.225768
0.0155097 -0.0279317 0.223923
-0.000630656 -0.0183036 0.230283
0.000905356 -0.0183646 0.228962
0.00703704 -0.0191046 0.229548
-0.000414553 -0.0185552 0.231026
0.0128152 -0.0212532 0.224227
0.0186489 -0.0246795 0.226415
0.019575 -0.0222849 0.22351
0.0183381 -0.0219464 0.223605
0.0801338 -0.0553951 0.235349
0.00850381 -0.0189711 0.250255
0.019739 -0.0248974 0.22577
0.015007 -0.0323424 0.222843
0.0910768 -0.00853573 0.260197
0.077937 -0.00968478 0.25997
0.302952 -0.137649 0.661421
0.0755479 -0.00996027 0.256176
0.744628 0.131486 1.63608
0.504251 0.126775 1.65261
0.487323 -0.289099 1.9112
0.92099 -0.123884 1.95899
0.683742 -0.194674 1.67341
0.0166033 -0.0254497 0.224904
0.00099272 -0.0186432 0.228138
0.0208878 -0.035092 0.226713
0.0172607 -0.0230923 0.224168
0.00192016 -0.0199511 0.223914
0.0382473 -0.0426145 0.236975
0.0246697 -0.0234479 0.226584
0.065478 -0.0220342 0.265254
0.0197193 -0.0364201 0.223538
1.7207 -0.567637 3.26818
0.709439 -0.579672 1.67671
0.954467 -0.44109 1.56422
0.223103 0.052543 2.58486
0.393377 -0.00174845 2.50892
1.41353 -0.457364 2.53913
0.0932417 -0.00998524 0.256625
0.64164 0.0188785 0.722676
0.0145233 -0.0333824 0.22432
0.162728 -0.0821693 0.249049
0.0124897 -0.0208837 0.224996
0.0107879 -0.0194919 0.228729
0.0148282 -0.0323572 0.262439
0.0853349 -0.0141553 0.22855
0.00550072 -0.0194516 0.227399
0.0395336 -0.034253 0.233814
0.0335923 -0.0190573 0.259072
0.0189554 -0.0338735 0.226251
0.0250474 -0.0348351 0.235449
0.00851814 -0.0191083 0.22841
0.0162305 -0.0339698 0.222958
0.0196464 -0.0219536 0.224708
0.012477 -0.0188095 0.251542
0.0239108 -0.0325172 0.224361
0.0970356 -0.0325936 0.2424
0.0619824 -0.0237881 0.257817
0.0206448 -0.0365171 0.226854
0.656365 -0.0250684 0.606147
0.0172146 -0.0293388 0.240506
0.677698 0.0849069 0.673447
0.00211096 -0.0179393 0.232892
-0.00911335 -0.0196609 0.239746
0.0048651 -0.0180748 0.233549
0.749558 -0.00824967 0.806616
-0.0127041 -0.0210477 0.232802
0.0109946 -0.0251667 0.221783
0.473679 -0.214587 0.639287
-0.00129087 -0.0181845 0.232436
0.0154563 -0.0244746 0.220299
0.0146586 -0.0327929 0.222893
-0.00110732 -0.0181775 0.232454
0.0191149 -0.0231832 0.216149
0.00273879 -0.0203212 0.22369
0.0156466 -0.0356865 0.221428
1.10154 -0.322566 1.05086
0.0124369 -0.0323412 0.248886
0.00133067 -0.018567 0.22929
0.00172149 -0.0294098 0.228453
0.664899 0.105204 0.736119
0.278681 -0.0451499 0.408675
0.637445 0.0905454 0.772353
0.0143318 -0.0336347 0.221731
0.0168942 -0.0275662 0.223151
-0.193667 0.230917 1.30128
-0.31504 0.164954 1.6119
-0.344608 0.211332 1.67639
-0.069165 0.195757 1.34168
-0.0470487 0.0736477 1.09976
-0.163736 0.129632 1.0682
-0.168653 0.166937 1.30208
-0.0538483 0.105451 1.32144
-0.117788 0.114003 1.06266
0.00916923 -0.0200806 0.23337
0.0153177 -0.0286055 0.222575
-0.000944402 -0.0182049 0.232186
0.011464 -0.0346208 0.223083
0.010427 -0.0330159 0.219754
0.0117964 -0.0347629 0.223023
0.0169537 -0.0176263 0.236427
0.0152024 -0.034345 0.222967
0.0171868 -0.0302514 0.225326
0.0178825 -0.0323933 0.225653
0.0106509 -0.0338994 0.22099
0.0159783 -0.0233072 0.219631
0.0147993 -0.0262551 0.220272
0.0160243 -0.0302967 0.224295
0.0192129 -0.0378469 0.226802
0.0154399 -0.0367524 0.223558
0.00598425 -0.0188385 0.226893
0.0186354 -0.0338323 0.225551
0.0604257 -0.0459446 0.243529
0.0683607 -0.0484412 0.243494
0.0710785 -0.0292281 0.236142
0.174818 -0.0452018 0.244582
0.0185726 -0.0218834 0.224973
0.0202773 -0.0347552 0.226727
0.0158939 -0.0306255 0.224085
0.0188605 -0.0268372 0.227099
-0.00155865 -0.0184648 0.228953
-0.00195054 -0.0201461 0.232358
0.0195602 -0.0250239 0.22554
0.0561852 -0.0282412 0.241848
0.269787 -0.00822436 0.483875
0.0138331 -0.017229 0.26016
0.0168931 -0.0347511 0.224557
-0.0539047 0.134257 1.09006
1.20567 -0.0358707 1.48982
0.61936 -0.365307 2.44366
0.568337 0.114175 0.695881
0.151871 -0.0901243 0.337
0.106117 -0.0231053 0.287353
0.687328 0.00462145 0.64957
0.0117333 -0.021248 0.21968
0.0305089 -0.0283415 0.226221
0.692442 0.105904 0.7302
0.495979 -0.0623058 0.604933
0.148023 -0.0225016 0.329025
0.132664 -0.0211492 0.214395
0.118475 -0.01238 0.27066
0.0110668 -0.018787 0.23941
0.0279934 -0.0305215 0.240235
0.0223056 -0.0195892 0.220223
0.0149028 -0.0350205 0.227654
-0.000819684 -0.0186035 0.231386
-0.00506453 -0.0183375 0.229586
0.000581973 -0.0185178 0.22826
-0.000544134 -0.0183301 0.230369
0.0141882 -0.0267651 0.220381
0.00379462 -0.0191211 0.22921
0.00185285 -0.0190039 0.229989
0.000508254 -0.0193279 0.232673
0.021267 -0.0239099 0.215349
0.00434238 -0.0194687 0.229859
0.0173707 -0.0250858 0.223033
0.000549145 -0.0281342 0.243449
-0.000808925 -0.01708 0.234117
0.0103978 -0.0359466 0.224735
0.00764495 -0.0192314 0.225407
0.0185382 -0.0264428 0.219414
0.0150605 -0.0376883 0.227296
0.0170623 -0.0240271 0.21927
0.009256 -0.0191767 0.225676
0.0128185 -0.019772 0.223714
0.0204586 -0.036439 0.226911
0.0223481 -0.0175837 0.237408
0.00405126 -0.0227582 0.22224
0.000684268 -0.0200839 0.225261
0.0161617 -0.0264816 0.223947
0.0132981 -0.0290053 0.220631
0.0390938 -0.0444833 0.238799
0.0152013 -0.0340734 0.226352
0.0178308 -0.0242664 0.224104
0.012854 -0.0209395 0.2248
0.0152695 -0.0285772 0.222625
0.0186371 -0.0294289 0.227139
0.017776 -0.0315809 0.227161
0.017837 -0.0324149 0.225666
0.123467 -0.0581829 0.275019
1.3717 -0.399391 1.30068
2.86009e-05 -0.0184738 0.229788
-0.000520299 -0.0182843 0.230077
0.0125748 -0.0264212 0.220945
-0.000222776 -0.0181323 0.229448
-0.000459626 -0.0186623 0.231898
0.00758934 -0.0198697 0.228536
0.00242207 -0.0185347 0.224431
0.0010011 -0.0186643 0.227796
0.000667001 -0.0180463 0.223521
0.00094621 -0.0189703 0.224972
0.0135505 -0.0253702 0.219147
0.0161678 -0.0333601 0.223503
0.0113971 -0.0271077 0.219633
3.94586e-05 -0.0192566 0.232529
0.0117528 -0.0305395 0.2197
0.00182954 -0.0198404 0.225214
0.00243839 -0.019384 0.223649
0.0118404 -0.0329368 0.237922
0.241586 0.0551735 0.371118
0.0182192 -0.0359877 0.227221
0.0171868 -0.0243426 0.217452
-0.0158606 -0.0205632 0.231313
0.102623 -0.0228195 0.266285
0.000726564 -0.0200564 0.225244
0.00894691 -0.019436 0.226894
0.0160687 -0.0265366 0.224068
0.0102023 -0.0195457 0.221472
0.0107657 -0.0195231 0.221257
0.0149639 -0.025092 0.22352
0.00945947 -0.0185499 0.22397
-0.00995386 -0.0200669 0.234885
0.00894341 -0.0200362 0.22844
0.000526141 -0.0186662 0.229303
0.0105047 -0.0188824 0.22409
0.0118616 -0.0186374 0.223556
0.00871916 -0.0193061 0.22579
-0.0135364 -0.0211386 0.232388
0.0193042 -0.031087 0.226835
0.17628 -0.0608535 0.297458
0.0159117 -0.0309759 0.224348
0.017499 -0.0304572 0.225713
0.0100842 -0.0210009 0.224459
0.0154125 -0.0330167 0.22358
0.0112158 -0.0251404 0.221634
0.0137137 -0.0198878 0.226692
0.0205529 -0.0288868 0.225008
0.0113518 -0.0301633 0.224918
0.0202422 -0.032244 0.227045
-0.00286149 -0.0206321 0.231569
0.0101445 -0.019887 0.227088
0.018321 -0.0363689 0.22526
0.0175324 -0.0337553 0.222983
0.000209686 -0.0188171 0.229979
0.0154378 -0.0278867 0.224246
0.00103653 -0.0183978 0.227839
0.199043 -0.00423004 0.277899
0.237936 0.0451046 0.360528
0.0161393 -0.0232581 0.221517
-0.000270386 -0.01823 0.232554
0.0125307 -0.0288277 0.220584
0.0137612 -0.0291514 0.220217
0.013976 -0.0250041 0.220163
0.00918515 -0.0198424 0.224205
0.0140315 -0.0318869 0.220515
0.0030964 -0.0190223 0.227725
0.0181503 -0.0203915 0.227478
0.0206758 -0.021033 0.226912
0.0087802 -0.0199208 0.227896
0.0634768 -0.032081 0.238415
0.0616172 -0.0296348 0.237655
0.0148665 -0.0294192 0.222038
0.643609 -0.142614 0.835764
0.0171108 -0.0300403 0.22143
0.0134709 -0.0291214 0.22027
0.0110715 -0.0332437 0.221223
0.0148551 -0.0288033 0.220734
0.0305502 -0.0152466 0.254595
0.0163564 -0.032343 0.224017
0.0368763 -0.0202271 0.23686
-0.00136457 -0.0182179 0.230212
0.0176582 -0.0307417 0.225265
0.015889 -0.0300804 0.223313
0.0196914 -0.0270435 0.223106
0.0225805 -0.0245378 0.245107
0.0171181 -0.0243339 0.223249
7.63267e-05 -0.0179075 0.228305
-0.00297006 -0.0184658 0.228901
-0.000589057 -0.0181873 0.232114
0.00280281 -0.0193459 0.229768
-0.00287275 -0.0176914 0.229131
-0.000165004 -0.0183401 0.228937
-0.00545707 -0.018001 0.23073
-0.00141048 -0.0177595 0.231413
0.0998646 -0.0715652 0.321681
0.0172728 -0.0314786 0.223885
-0.000465739 -0.0191558 0.231918
0.0280888 -0.014002 0.259684
0.019177 -0.0357061 0.227011
0.0177134 -0.0283507 0.225386
0.0169185 -0.030429 0.225405
0.0184018 -0.034352 0.227199
0.0441442 -0.00566298 0.266719
0.107192 -0.0533099 0.234699
0.0176906 -0.0212603 0.223763
0.0173553 -0.0283774 0.225508
0.0484166 -0.0273148 0.24097
0.0521674 -0.0373335 0.234553
0.0531442 -0.0374113 0.23433
0.0138954 -0.0171662 0.260858
0.0176648 -0.029511 0.252228
0.00688327 -0.0199188 0.228192
-0.000427158 -0.0185199 0.231473
0.00402541 -0.0190107 0.228921
-0.000590843 -0.0185903 0.231043
0.00253218 -0.0219367 0.243326
0.0185316 -0.037544 0.226946
0.000275966 -0.0189378 0.231358
0.0118897 -0.0311474 0.221016
0.013311 -0.0279624 0.221746
0.017463 -0.0266596 0.224458
0.0146767 -0.03279 0.221853
0.00674525 -0.018378 0.231983
0.0166609 -0.0259355 0.222372
0.0166712 -0.0259185 0.223158
0.0163324 -0.0264873 0.223849
0.00504472 -0.0210447 0.222262
-0.00102335 -0.0182025 0.231403
0.00600927 -0.0213114 0.224131
0.899848 -0.391567 0.985335
0.00888581 -0.0342402 0.221528
0.0175859 -0.0287332 0.22734
0.0608431 -0.0461842 0.243261
0.0122399 -0.0314024 0.220844
0.231002 0.00702728 0.322391
0.641947 0.182242 0.768732
0.000802314 -0.0190613 0.232788
0.0025111 -0.0189495 0.227254
0.0139394 -0.0332025 0.227185
0.0151964 -0.0299741 0.224364
0.00252857 -0.0195077 0.229353
0.0316105 -0.0108913 0.244631
0.0471188 -0.0306824 0.224365
0.0175171 -0.0201637 0.227613
0.00420306 -0.0194309 0.227275
0.029058 -0.0185208 0.222441
0.0160266 -0.0301005 0.225588
0.0156848 -0.0338545 0.223558
0.0712624 -0.0158713 0.244914
0.0972567 -0.0229707 0.264297
0.0455728 -0.0474386 0.240072
0.0582726 -0.0100696 0.25129
0.0159378 -0.0287995 0.227534
-0.000165101 -0.0180496 0.228481
0.0221687 -0.0128029 0.264154
-0.00411676 -0.0244236 0.233592
0.0238051 -0.0131582 0.262894
-0.0143468 -0.0205678 0.234509
-0.000930487 -0.0186083 0.229697
-2.73255e-05 -0.018529 0.230498
-0.000325867 -0.0183061 0.230038
0.0165035 -0.0281544 0.22368
0.0146443 -0.0179366 0.225486
0.145145 -0.0759657 0.246461
0.00570871 -0.0178373 0.254658
0.0191412 -0.0187925 0.229233
0.0750938 -0.0153023 0.257092
0.0609355 -0.038378 0.237173
0.000935252 -0.0199375 0.229811
0.00207617 -0.0195876 0.23165
0.00373078 -0.0184911 0.250464
-0.00444187 -0.020019 0.230561
0.0168825 -0.0240783 0.22619
0.0808016 -0.0421756 0.251132
0.0305 -0.0354991 0.234639
0.0147466 -0.0278582 0.225916
0.0190638 -0.0271671 0.223515
0.0223232 -0.0198742 0.250613
0.0302915 -0.019406 0.251391
0.0537182 -0.0146404 0.260173
0.0616585 -0.0296248 0.23766
0.014833 -0.0324156 0.223008
0.0627941 -0.0166054 0.243435
0.0241699 -0.0296135 0.226258
0.0184661 -0.031811 0.22703
-0.0103644 -0.0217328 0.232188
0.000396232 -0.0188443 0.229151
0.0126129 -0.0202931 0.26263
0.0161087 -0.0242058 0.22246
0.016976 -0.0170801 0.262254
0.020685 -0.0210592 0.226907
0.00177308 -0.0186105 0.227705
0.0710879 -0.0231712 0.242963
-0.000675197 -0.0187534 0.233079
0.0181008 -0.0340463 0.226227
0.0147321 -0.0309003 0.223223
-0.0016632 -0.0183137 0.232675
0.0168148 -0.0307439 0.225084
0.0198818 -0.0224664 0.227084
0.0159719 -0.0269158 0.221779
0.0163539 -0.0263355 0.222029
0.154936 -0.0564628 0.290841
0.00233193 -0.0195246 0.22939
0.00049426 -0.0189212 0.231364
-4.91309e-05 -0.018032 0.233765
0.00239579 -0.0188715 0.230042
0.0169051 -0.0219287 0.223968
0.0544953 -0.0493725 0.242323
0.00131247 -0.0197501 0.225399
0.0150423 -0.0198669 0.226392
0.0114598 -0.0354327 0.222579
0.000925081 -0.0196802 0.225045
0.0144169 -0.0351042 0.22359
0.0158863 -0.0327228 0.223533
0.0202903 -0.0221919 0.223479
0.0111515 -0.0341088 0.220798
0.0195682 -0.0252215 0.222531
0.0267993 -0.0305621 0.221983
0.016246 -0.0306263 0.224947
-0.0122494 -0.0202627 0.232459
0.0120182 -0.0312349 0.220971
0.00324692 -0.0188213 0.226731
0.0175066 -0.0347093 0.236737
0.709172 0.0870174 0.704423
0.588255 0.127856 0.803439
0.028057 -0.0191205 0.268948
0.223496 0.0998911 1.18582
0.49811 -0.256383 0.681725
0.336449 -0.172562 0.503094
0.0457385 -0.0191224 0.26323
-0.00799551 -0.0177648 0.23916
-0.000632027 -0.0176416 0.231117
0.00876943 -0.0188005 0.237388
1.0932 -0.204955 1.95919
0.641653 0.113352 1.68257
0.539817 0.111383 1.57274
0.531561 0.0407278 0.802578
0.406995 0.0249434 2.38646
0.717354 -0.454686 2.07055
0.0152785 -0.0278904 0.224222
0.00536042 -0.0229697 0.22653
0.0149146 -0.0256733 0.226345
0.0193037 -0.0273851 0.226211
0.0202398 -0.0185499 0.256217
0.0181825 -0.0325048 0.225654
1.33597 -0.406321 1.44149
0.0093284 -0.0194799 0.225504
0.00472054 -0.0219956 0.222042
0.0125584 -0.0231068 0.221436
0.0149922 -0.0238492 0.219875
0.01812 -0.0248349 0.219484
0.105553 -0.0306814 0.258198
0.00324738 -0.0193101 0.223359
0.0155914 -0.0257709 0.219992
0.0175242 -0.0235461 0.219518
0.00576912 -0.0202932 0.221618
-0.000968047 -0.0183753 0.231945
-0.000974919 -0.0179092 0.231569
0.00369571 -0.0175162 0.224887
0.00142758 -0.018764 0.228871
-0.00241888 -0.0177513 0.230435
0.00249314 -0.018082 0.227939
0.0167045 -0.0248665 0.223158
0.00202544 -0.017666 0.225657
0.000118992 -0.0183086 0.228202
0.018471 -0.0219887 0.22396
-0.000549312 -0.0174575 0.229906
0.0160249 -0.0305258 0.224041
0.0113828 -0.0293192 0.220538
0.0171282 -0.0307246 0.225749
0.0130316 -0.0254462 0.220968
0.0328152 -0.0185703 0.23484
0.0198039 -0.0322354 0.226877
0.00889424 -0.0202392 0.220159
0.00753448 -0.0294158 0.22263
0.0174912 -0.0322095 0.22678
0.0194035 -0.0202761 0.227343
0.017911 -0.024516 0.221475
0.00190044 -0.0221825 0.224313
0.013152 -0.0284963 0.221267
0.00770899 -0.0171899 0.23588
0.0206483 -0.0209562 0.22524
0.00679782 -0.0193757 0.225431
0.00190281 -0.0197831 0.231619
0.0160106 -0.0234214 0.220087
-0.000765055 -0.0184741 0.230459
0.014212 -0.0254791 0.218917
0.0123174 -0.0270193 0.226137
0.016533 -0.0323881 0.219572
0.00387848 -0.0190268 0.228941
0.0350458 -0.0127115 0.264478
0.0174104 -0.0315833 0.22529
0.0179048 -0.0282094 0.226804
0.100183 -0.0280853 0.198752
0.227995 0.00665891 0.320637
0.0404748 -0.0216696 0.255508
0.000446459 -0.0182388 0.228126
-0.000843396 -0.0180544 0.2303
0.00963874 -0.0333153 0.221347
0.0134525 -0.0209154 0.224631
-0.00087272 -0.0183573 0.232135
0.0100126 -0.021692 0.223727
0.021814 -0.020912 0.224957
0.0145813 -0.0341716 0.224263
0.0129451 -0.0209224 0.224743
0.00512995 -0.0202617 0.221781
0.0012063 -0.0200159 0.223417
0.0839174 -0.0323133 0.210039
0.00369657 -0.0194848 0.221786
0.0112246 -0.0329424 0.220287
0.0183088 -0.0330481 0.22712
0.00453237 -0.0201094 0.221629
0.0131701 -0.0336199 0.222575
0.00115571 -0.0197918 0.224476
0.0134286 -0.0358783 0.223904
0.00976082 -0.0236654 0.222384
0.00379288 -0.0210384 0.241394
-0.000246021 -0.0187366 0.23183
0.0105151 -0.032318 0.221974
0.0130208 -0.0228665 0.253071
0.0226842 -0.0293467 0.22275
0.0151612 -0.0270949 0.223313
0.00997547 -0.0211959 0.220336
0.0136453 -0.0275835 0.220634
0.0166071 -0.0307072 0.225122
0.0155618 -0.0297222 0.221463
0.0105533 -0.0344317 0.220903
0.0124516 -0.0307281 0.219515
0.0173118 -0.0323524 0.22489
0.009546 -0.031716 0.223041
0.0182437 -0.0321667 0.223759
0.015497 -0.0351956 0.223537
0.00310883 -0.0188948 0.226567
0.0313966 -0.0332042 0.245688
0.00100491 -0.0188123 0.230706
-0.000628509 -0.0181342 0.229831
0.154281 -0.0844296 0.395822
0.0967689 -0.0499618 0.298266
0.359226 0.00655102 2.33346
0.521063 0.129688 0.850708
0.479852 0.129772 1.65458
0.332902 0.0290061 0.633733
0.00816366 0.104116 0.690061
0.67921 -0.317421 0.755415
0.171677 -0.0187161 0.354126
0.580778 0.0830951 0.670879
0.158863 -0.0116043 0.342683
0.548029 -0.0058794 0.672251
0.709758 0.085075 1.72364
0.723706 -0.36422 0.880052
0.260702 0.036069 2.54699
0.557021 0.0100828 0.602982
0.288923 0.0461281 0.37296
0.629897 -0.37038 2.48405
0.527866 0.0106083 0.59229
0.0304266 -0.0430727 0.244491
-0.00965667 -0.0208205 0.235143
0.603233 -0.0359966 0.58497
0.0117091 -0.0201803 0.231596
0.516049 0.0120378 0.595129
0.0172689 -0.0209727 0.225919
0.208615 -0.0535241 0.25006
0.0077483 -0.0194827 0.231878
0.0586217 -0.0117342 0.249416
0.0120112 -0.0136632 0.250121
0.0100375 -0.0192504 0.231587
0.0335399 -0.0188226 0.26043
-0.0129146 -0.0207546 0.232656
-0.00299063 -0.019199 0.244432
0.278099 -0.0473134 0.413952
0.0214931 -0.00869797 0.247105
0.0384912 -0.0236326 0.227381
0.557022 -0.375959 2.74665
-0.0113079 -0.0204123 0.232752
0.78796 -0.056263 1.40381
0.69551 -0.0820301 1.38779
0.00379601 -0.0158582 0.2511
0.118918 -0.0300721 0.297576
0.0881588 -0.0486608 0.303716
0.581848 -0.333511 2.09313
0.486534 -0.205004 0.905226
0.0882488 -0.0483348 0.303787
0.126371 -0.0165266 0.308216
0.941762 -0.0669082 1.62213
0.708651 0.107308 1.7061
-0.0141996 -0.0208353 0.232543
0.0146233 -0.011713 0.261388
-0.00148737 -0.0168052 0.244308
-0.00692654 -0.0193727 0.24211
0.0265495 -0.0184265 0.259672
-0.01413 -0.0206238 0.23272
0.0597013 -0.00632505 0.267882
0.0449935 -0.0124396 0.268158
-0.0138208 -0.020705 0.232594
-0.0141288 -0.0206238 0.23272
-0.00944725 -0.0206736 0.231902
0.0250897 -0.0327431 0.226091
0.0110888 -0.010386 0.252983
0.0280394 -0.00794384 0.259119
0.00354077 -0.0211141 0.241073
-0.00955763 -0.0206791 0.231885
0.59167 0.0175856 0.670803
-0.0151206 -0.0205574 0.232366
0.0212792 -0.0314953 0.226695
-0.000304289 -0.0186466 0.230451
0.0182341 -0.0353421 0.226104
0.0123979 -0.0319474 0.22348
0.00391374 -0.0187196 0.226554
0.00173975 -0.0194794 0.230644
0.0187502 -0.0310149 0.226719
0.0686254 -0.0109577 0.258472
0.0149752 -0.0277315 0.225063
0.053761 -0.0376386 0.234496
0.0207842 -0.0196014 0.251338
0.749215 -0.419384 0.790888
0.0320804 -0.0384452 0.222368
0.474623 -0.147 0.519668
0.576967 0.0290747 0.702676
0.0223766 -0.0278071 0.22643
0.262538 -0.0141247 0.264418
0.0282352 -0.0352657 0.261338
0.336114 0.0400089 0.455419
0.0061073 -0.0192673 0.22795
-0.0117566 -0.0198787 0.232797
0.00329638 -0.0193418 0.226919
0.0175121 -0.0244083 0.225457
0.0154777 -0.0208688 0.225548
0.0162114 -0.0279269 0.222595
-0.0010014 -0.0181236 0.230845
0.0293008 -0.0160184 0.251366
0.0245038 -0.0146976 0.255499
-0.00107202 -0.0183879 0.232273
0.0164501 -0.0344259 0.225615
0.0169983 -0.0266378 0.223305
-0.00129154 -0.0196521 0.233197
0.0110804 -0.0325543 0.223829
0.295265 -0.0564315 0.289726
0.0170962 -0.026621 0.223286
0.0661987 -0.0475331 0.234134
0.0257495 -0.0199082 0.251475
0.0554635 -0.0371627 0.236892
0.0807911 -0.0421047 0.251113
0.0320588 -0.0367814 0.236835
0.00436379 -0.019407 0.229565
0.0806758 -0.0311514 0.249089
0.0645346 -0.0295168 0.246246
0.0671589 -0.0299857 0.246824
0.296708 0.0150776 0.493549
0.0145808 -0.0264212 0.224549
0.0162181 -0.0309442 0.225636
0.0174358 -0.0322401 0.226784
0.0244749 -0.020103 0.249537
0.0167943 -0.0294006 0.22356
0.00157874 -0.0188575 0.232359
0.00188271 -0.0184613 0.233168
0.0161707 -0.0309256 0.225597
0.0152401 -0.0324513 0.222793
0.0510022 -0.0190978 0.259842
0.050269 -0.0320755 0.230869
0.06649 -0.0287765 0.235971
0.0192481 -0.0374806 0.221701
0.0896913 -0.0297517 0.252311
0.6413 0.00929979 0.67296
0.0632512 -0.0277856 0.239614
0.0883276 -0.00899145 0.255314
0.0166943 -0.0243127 0.226336
0.0174292 -0.0271232 0.223035
0.0170089 -0.0281858 0.224653
0.0711331 -0.0292795 0.248887
0.0888132 -0.00707747 0.262794
0.0201601 -0.0293741 0.224798
0.0366569 -0.0194511 0.258761
0.0160417 -0.0295599 0.223004
0.0186356 -0.0272344 0.244674
0.0183283 -0.0326041 0.226699
0.0164756 -0.0258303 0.222503
0.0595968 -0.0285287 0.242294
-0.0134993 -0.0207465 0.234878
0.0381461 -0.0211841 0.250395
0.00637529 -0.0181451 0.251207
0.00175381 -0.0199297 0.247443
0.0244396 -0.0202132 0.248926
0.100259 -0.0251414 0.275296
0.0447678 -0.0201552 0.257414
-0.000671891 -0.0178306 0.230702
-0.000800604 -0.0182535 0.232875
0.0521514 -0.00500269 0.272963
-0.000877455 -0.0183788 0.231725
0.0145148 -0.0285879 0.245566
0.0130847 -0.0282623 0.24484
0.157766 -0.015794 0.32265
0.144148 -0.03312 0.246435
0.0107319 -0.0228893 0.250798
0.0411775 -0.0130567 0.263912
-0.000720083 -0.0178648 0.231483
0.126017 -0.0161704 0.311495
-0.0107975 -0.0203051 0.232859
0.80192 -0.0582983 0.956226
0.0204916 -0.00293746 0.280188
0.339506 -0.282257 2.46652
0.0180385 -0.00861181 0.245419
-0.00684056 -0.0194806 0.241705
0.028685 -0.00683422 0.258445
0.764696 -0.0904767 1.6867
0.207881 0.0234795 0.501992
0.367349 -0.376793 3.05389
0.557205 0.152773 0.628459
0.568305 0.0537522 0.945951
0.138162 -0.0771187 0.303496
0.586445 0.0342299 0.727424
0.00274983 -0.0242521 0.250199
0.0709601 -0.0592557 0.353685
-0.015543 -0.0208178 0.233074
0.0220579 -0.00737979 0.262088
0.503207 0.0880144 0.686813
0.00268642 -0.0144848 0.255963
0.482636 0.0310602 0.712822
0.302536 -0.157601 0.476341
-0.0298682 -0.0813204 0.6067
-0.00796423 -0.0273147 0.282768
0.70944 -0.211923 0.776093
0.199797 -0.210222 0.763807
-0.0141069 -0.00836926 0.485976
-0.0212617 -0.0427933 0.574126
0.00223721 -0.0161934 0.248894
-0.0138779 -0.00819572 0.490566
0.748572 -0.427089 0.819038
-0.0292147 -0.0779602 0.589149
0.59955 -0.313342 0.70638
-0.0206943 -0.0383498 0.480435
0.713264 -0.409528 0.801367
0.404328 0.0886853 0.705901
0.544418 -0.0283457 0.803621
0.249402 0.0011859 0.536125
-0.0193428 -0.0301396 0.271444
-0.0198711 -0.0385592 0.584855
0.0840065 -0.0306888 0.469669
0.0766118 -0.0414414 0.288437
0.708819 0.104323 1.58803
0.37078 -0.0143677 0.562446
0.945218 -0.437415 1.5517
0.681043 -0.448443 1.02059
0.0275314 0.00535466 0.743864
0.758386 -0.444305 0.871801
0.250114 -0.0425389 0.393238
0.423478 0.0397483 0.721878
0.253003 -0.0441653 0.397605
0.551242 0.0136948 0.834795
0.146178 -0.0150305 0.317862
0.674212 -0.610304 2.00694
0.849937 -0.283361 1.11039
-0.0105537 0.00188256 0.78698
0.0559221 -0.113416 0.441873
0.418586 0.0319299 0.677793
0.0244771 -0.033125 0.271648
0.440887 0.0968878 0.525242
0.604757 -0.408262 2.75907
0.0638825 -0.0248157 0.346072
0.0683696 -0.025356 0.352478
0.0671678 -0.0251164 0.35064
0.442875 0.0973949 0.527737
0.61033 -0.412921 2.79334
0.452467 0.150564 1.08407
0.755622 0.137121 1.90774
0.642546 0.17043 1.04456
0.0666341 0.00561141 0.320011
1.22004 -0.737814 4.73418
0.269157 -0.0963611 0.646981
0.470626 -0.154221 0.573242
0.768316 -0.368847 0.941345
0.341014 -0.284645 0.863248
0.170071 -0.116619 0.844465
0.231633 0.104713 1.20345
0.733992 -0.375797 0.839735
0.77982 -0.120153 2.10343
0.52861 -0.335913 2.35891
0.112284 0.120046 1.28675
0.616819 0.0127691 0.653573
0.598172 -0.190535 0.797909
-0.0152731 -0.0205312 0.232511
0.0164117 -0.0354527 0.261888
0.0234671 -0.00863893 0.243547
0.160996 -0.00374407 0.632146
0.029999 -0.00626445 0.264295
0.0182248 -0.0295297 0.252298
0.0223148 -0.00901267 0.243149
0.552381 0.116468 0.708217
3.54869 1.32729 4.82934
0.253507 -0.044309 0.569694
0.176374 -0.406339 1.67774
0.658255 -0.490061 2.01476
0.0723903 -0.0740754 0.45475
0.203181 -0.0327805 0.356789
0.495921 0.108944 0.660224
0.633245 -0.199705 0.843438
0.510141 -0.28602 1.89183
-0.0103675 -0.0626249 0.662362
0.677074 0.00595526 0.636371
1.44322 0.367229 1.55568
0.0850532 -0.0455656 0.290624
0.835592 0.135887 2.03306
0.504018 0.084075 0.655343
0.142039 -0.564611 2.20836
0.712747 -0.488882 2.4852
0.630968 0.00372775 0.594409
0.581691 0.0168528 0.645343
0.134204 -0.0376814 0.31537
0.564147 -0.385437 2.83494
0.243898 -0.033106 0.379707
0.875368 -0.26329 0.848627
0.73366 -0.39243 0.816173
0.412993 -0.200305 0.608508
0.658768 0.236178 0.98503
0.586048 -0.184014 0.783232
0.0457257 0.00845586 0.922553
0.0810935 0.0163753 1.22109
0.528479 -0.167191 0.5993
0.610054 0.0940917 1.54835
0.681891 -0.184243 1.6679
0.171786 -0.16924 0.615703
0.157543 0.02797 0.429305
0.588624 -0.362982 2.53438
-0.00995758 -0.0072133 0.329272
0.942413 -0.606955 4.24498
0.602402 -0.448214 1.86639
0.562466 0.127223 0.767376
0.737275 -0.219076 1.56442
0.511053 0.173296 0.772276
0.751386 -0.626892 1.78929
0.638488 -0.406327 2.74171
0.213062 0.0485038 0.335191
0.500504 0.125372 0.823645
0.0413453 -0.00557814 0.247933
0.0255504 -0.010969 0.256309
0.473963 -0.272609 1.77312
0.288009 -0.066225 0.623341
0.512715 0.0942169 0.724501
0.00295595 -0.0147298 0.252066
0.0216418 -0.0215356 0.24936
0.0182259 -0.0214032 0.247776
-0.00309462 -0.0216001 0.237894
0.00825086 -0.0148445 0.255192
0.523563 0.138405 1.72857
0.693916 0.122157 1.50032
0.0403209 0.095541 0.671112
0.737972 -0.349321 0.818775
0.707158 0.133936 1.67367
0.358563 0.184795 1.15094
0.603242 -0.503381 1.75161
