0.0222319 0.0485176 0.222998
-0.0104753 0.0557242 0.24451
-0.0718173 0.0565658 0.256258
-0.208125 0.589171 1.70783
-0.169429 0.0771019 0.293281
-0.0181818 0.318701 1.10045
0.0734498 0.0479233 0.429247
-0.0463031 0.130257 0.431329
-0.13553 0.123489 0.424678
0.0750529 0.156651 0.511985
-0.252374 0.194145 0.572464
0.0174376 0.158471 0.584309
0.0131082 0.828818 2.79167
-0.243739 0.085074 0.394746
-0.25684 0.195924 0.580842
-0.0750456 0.218068 0.677952
-0.129409 0.0306456 0.274263
-0.189812 0.0989499 0.325681
-0.132981 0.0170933 0.287903
-0.128234 0.0017057 0.277463
-0.110508 0.0414589 0.241759
-0.132538 0.043555 0.288143
-0.119697 0.0453793 0.260838
0.026365 0.00230115 0.24814
-0.0792224 -0.0526151 0.341303
0.00685583 0.0123104 0.0541969
0.0464735 -0.00839699 0.139157
-0.0919021 0.0339185 0.275872
0.200325 0.0556963 0.30442
-0.141389 0.010162 0.272194
-0.116995 0.0132334 0.250074
-0.0573954 -0.0361461 0.248722
0.00365407 0.0119198 0.0503768
-0.110391 -0.00178986 0.277437
-0.196466 0.0874154 0.378302
-0.2825 0.787756 2.53327
-0.051573 0.0896032 0.299937
0.0619186 0.0372275 0.378924
-0.173788 0.20256 0.568511
-0.0823981 0.232723 0.675436
0.00381682 0.0266574 0.110066
0.131358 0.0238794 0.269836
-0.0936447 0.0434319 0.279306
-0.258863 0.140485 0.498467
-0.123162 0.012769 0.269701
-0.150398 -0.0125651 0.29412
-0.142341 -0.0281983 0.300021
0.0709645 0.045816 0.411195
-0.149724 0.00628569 0.319829
-0.0741506 0.0396184 0.240769
-0.0796113 0.0460015 0.262503
-0.097131 0.0577756 0.265108
0.00974709 0.0498316 0.259016
-0.0436343 0.0601972 0.25483
0.136152 0.0431336 0.343633
-0.673976 0.773315 2.77235
-0.0335544 1.53995 5.154
0.0812356 1.53117 5.46824
-0.12117 0.0198019 0.285777
0.0221148 -0.0399929 0.251383
-0.201203 0.0276689 0.362788
-0.0899317 0.00672672 0.287387
-0.142032 0.0289296 0.260023
-0.118738 0.111623 0.403133
0.194028 0.951136 3.26033
-0.0574935 -0.0410888 0.269653
0.113906 0.0784647 0.169117
0.162348 0.0854287 0.264616
-0.0101617 0.0545618 0.241362
-0.00825592 0.00809394 0.0520383
0.311758 0.76747 2.23467
-0.234418 0.176527 0.52712
-0.0403858 0.165325 0.568646
-0.240538 0.106952 0.463355
-0.137916 0.11859 0.420527
-0.185721 0.0251797 0.336411
-0.0230175 0.0516195 0.241296
-0.260366 0.793521 2.3854
-0.00133368 0.224651 0.751728
-0.0888809 0.0827635 0.303076
-0.089098 0.164782 0.498788
0.308198 0.700621 2.08654
-0.319202 0.0731802 0.588124
-0.127474 0.135379 0.438555
0.130911 0.0667333 0.265658
-0.135204 0.0153009 0.229308
0.00875149 0.0314012 0.201493
-0.180042 0.0246128 0.302018
0.00878122 0.0276866 0.19568
-0.12536 -0.0118869 0.19242
0.010981 0.0220794 0.226296
-0.142322 0.009474 0.273409
-0.173514 0.105743 0.365095
-0.154112 0.13515 0.471905
-0.145236 -0.0206035 0.225843
-0.116626 0.0263406 0.239353
-0.0689297 0.0296509 0.196877
-0.125625 0.0167425 0.207896
-0.139019 0.0197073 0.229504
-0.121235 0.0292965 0.257067
-0.157533 0.106042 0.44403
-0.157575 -0.0638151 0.251998
-0.142846 0.0315521 0.293945
-0.216491 -0.075071 0.329623
-0.156891 -0.0576325 0.262204
-0.197888 0.10987 0.43654
-0.245802 0.0641322 0.38987
-0.163597 0.143575 0.498837
0.147287 -0.0155538 0.262866
-0.206645 0.109732 0.397493
-0.1601 0.0821572 0.336677
-0.195475 0.0934841 0.341466
-0.0537999 0.0902076 0.335738
-0.177398 0.118197 0.440157
-0.127817 0.0168685 0.277878
-0.0842526 0.0632054 0.296182
0.00578654 0.0129583 0.123383
-0.0309387 0.00709004 0.0576375
-0.085652 0.0144598 0.271103
-0.236119 0.112566 0.42111
-0.172399 0.0787068 0.305716
-0.0953755 0.0570675 0.259268
-0.012794 -0.00522631 0.022885
-0.202869 0.10868 0.439717
-0.211804 0.0757867 0.373659
-0.0955128 0.0469155 0.27073
-0.0701107 0.0767943 0.284694
-0.128796 0.0511934 0.241876
-0.107328 0.0617979 0.290879
0.0209528 0.0552242 0.255086
-0.0872888 0.00373694 0.151522
-0.0964005 -0.00231333 0.283806
0.0146553 -0.0466861 0.258316
-0.078117 0.00328354 0.145038
-0.100156 0.0555821 0.277281
-0.0970257 0.0552516 0.28469
-0.0536488 0.0397137 0.26245
-0.191416 0.0797439 0.361215
-0.112143 0.000442542 0.288802
-0.029453 -0.0441819 0.256759
0.148993 0.0733572 0.281311
-0.100909 0.0503013 0.271559
-0.148607 -0.0177665 0.305426
-0.00143799 -0.0324412 0.18431
-0.080179 0.0529381 0.253331
-0.0302856 0.00576878 0.0559829
-0.0286374 -0.0389385 0.236345
-0.092305 0.0451438 0.258762
0.133618 0.0378594 0.331699
-0.0738306 0.0582123 0.274238
0.0120713 0.0589127 0.290279
-0.208827 0.119129 0.367648
-0.0231333 0.0537711 0.269383
-0.170292 0.136121 0.418508
0.191771 0.670074 1.99047
-0.219635 0.178283 0.627104
0.156778 0.0320524 0.384924
-0.205883 0.0493924 0.372918
-0.0953944 0.0558978 0.267854
0.14401 0.0258224 0.29643
0.154847 0.0683168 0.380112
-0.0216479 2.30874 7.52762
-0.0251332 0.0562935 0.2523
-0.116558 -0.040174 0.318689
-0.0325327 0.0551183 0.244442
-0.150675 0.0216735 0.249209
-0.171613 0.0704077 0.322048
-0.130317 -0.0452895 0.357422
-0.37368 0.133149 0.602827
-0.139314 0.0310916 0.244834
-0.0993614 0.0533469 0.25948
0.144447 0.00422898 0.331068
-0.323049 0.113076 0.522296
0.143011 0.0274515 0.347854
-0.0369381 0.0484345 0.212652
0.0227477 -0.0417816 0.259796
-0.332198 0.175625 0.507307
0.133169 0.0417249 0.334141
0.142864 0.0270662 0.345058
-0.0720478 0.0833626 0.275937
-0.158402 0.0840382 0.396946
-0.109133 0.0807679 0.31036
-0.0557874 0.229369 0.8693
-0.156134 -0.0526907 0.420874
-0.0793386 0.047222 0.279616
-0.124812 0.0196436 0.276614
-0.096323 0.0181748 0.171294
-0.135527 0.0189292 0.252752
-0.072018 0.0511236 0.201612
-0.0447569 0.0965331 0.312931
-0.137762 0.0332874 0.291824
-0.202036 -0.0804047 0.330986
-0.0906671 0.0624558 0.291639
-0.0513276 0.0824085 0.258278
-0.136158 0.0909752 0.342736
-0.1799 0.166127 0.473174
-0.11867 0.00370881 0.29645
-0.0356318 0.0540349 0.253608
-0.0964212 0.000235153 0.236439
-0.0778242 0.04895 0.32155
-0.122867 0.0303441 0.260466
0.0275436 0.0607761 0.280791
0.141353 0.00151634 0.329408
0.0239307 -0.00135423 0.31173
-0.211326 0.186467 0.533724
-0.109445 0.0681233 0.298256
-0.0835947 0.049969 0.239338
-0.0425351 0.0406565 0.208423
-0.0231463 0.0512214 0.239531
-0.0926654 0.00619441 0.299989
-0.0810695 0.0906926 0.33137
-0.141295 0.620706 2.10643
-0.136679 0.0285029 0.243234
-0.0545812 0.119251 0.457396
-0.119271 0.126352 0.408929
0.0457459 0.0660147 0.311507
-0.12832 0.0183242 0.239941
-0.115921 0.0436949 0.259867
-0.208615 0.0472559 0.386276
-0.110574 0.00446419 0.277066
-0.163411 -0.0131963 0.327405
-0.200614 0.18539 0.631242
-0.0324953 0.074641 0.363666
-0.0565736 0.157512 0.611064
-0.0623338 0.134248 0.514371
-0.0909779 0.00611189 0.293888
0.0701773 0.139431 0.597711
-0.0733359 0.0446842 0.253594
-0.124824 0.0291737 0.27538
0.0258118 0.0561148 0.256762
0.134708 0.0688515 0.275136
-0.144201 0.0034228 0.304005
-0.0836318 0.136826 0.455972
-0.183775 0.192543 0.622686
-0.164114 0.0857828 0.353739
-0.249455 0.0967109 0.443411
-0.261337 0.126712 0.454942
-0.243915 0.134767 0.453461
0.0992484 0.0959331 0.588044
-0.120193 0.0617475 0.262421
-0.00750244 0.047721 0.235123
-0.0476477 0.0658081 0.277491
-0.0804142 0.186053 0.540078
-0.131033 0.0147889 0.283123
-0.151287 -0.0124163 0.301347
-0.000992788 0.0249453 0.220432
-0.128359 0.080528 0.319478
-0.129165 0.0797356 0.315128
-0.358499 0.0929919 0.563916
-0.102689 0.142303 0.437095
0.0148759 0.0118112 0.257514
-0.0966899 0.0488814 0.242914
-0.190209 0.07307 0.337827
-0.176902 0.0301422 0.329019
0.0279519 0.0533517 0.248494
-0.105301 0.0578453 0.285581
-0.109621 -0.00808747 0.289648
-0.0814068 0.0467898 0.269718
-0.125732 0.0427717 0.257618
-0.0481954 0.0393069 0.247771
-0.0897547 0.0446279 0.251638
-0.128987 0.0435727 0.268861
-0.115555 0.0857596 0.315142
-0.0637367 0.106461 0.325073
-0.0113181 0.0528014 0.265259
-0.0656255 0.115355 0.384679
-0.100378 0.0550546 0.27452
-0.129706 0.0578215 0.226132
-0.170396 -0.0181989 0.26373
-0.0688128 0.0760713 0.280721
-0.044546 0.0325457 0.216611
-0.0862014 0.0527428 0.242065
-0.0833622 0.0444482 0.242377
0.045419 0.040966 0.27706
-0.311592 0.0859759 0.587566
-0.0936427 0.0388241 0.278787
0.0729176 0.0312512 0.440101
-0.0181027 -0.00437334 0.0287622
-0.0971299 0.057377 0.27715
-0.163717 0.0346177 0.300055
-0.0931804 0.0271422 0.290996
0.0644669 0.0274161 0.385443
-0.202058 0.0771463 0.358894
-0.127318 0.0176231 0.214462
-0.0733951 0.0186541 0.233085
-0.178821 0.0729678 0.339762
-0.163817 0.0349211 0.315054
-0.0849477 0.0442733 0.219983
-0.209428 0.0630957 0.392946
-0.151654 -0.0306445 0.323302
0.161303 0.0354151 0.301181
0.146134 0.0418117 0.255743
0.0258112 0.0540221 0.249343
0.014858 -0.00855249 0.217805
0.165353 0.036825 0.268188
0.145618 0.0442855 0.237388
-0.208927 0.169614 0.597538
-0.201497 0.20833 0.690518
-0.239688 0.084235 0.389592
0.131662 -0.0157843 0.253471
-0.11223 0.0186863 0.207157
-0.186014 0.0214456 0.342589
-0.107582 0.0564099 0.261456
-0.0760636 0.0434696 0.253222
-0.133756 0.00109155 0.288001
-0.106749 0.00856028 0.352228
-0.113493 -0.0193249 0.177049
-0.137158 -0.0011997 0.301038
-0.148749 0.00343039 0.313863
-0.0887335 0.0433148 0.262808
0.067014 0.0230118 0.164177
-0.133245 0.0802066 0.358079
0.152302 0.0634297 0.372751
-0.115293 0.0183916 0.219458
0.243909 0.0705249 0.38572
0.014612 -0.044779 0.243783
0.0175477 -0.0106915 0.248699
-0.14476 0.0263607 0.265552
-0.101599 -0.00578135 0.153124
-0.120002 0.0256377 0.208993
-0.125646 0.0242795 0.281088
0.13152 -0.0057008 0.260592
-0.00030615 0.0215903 0.212948
-0.140068 -0.00918767 0.213192
-0.148209 0.0304081 0.327328
-0.120223 -0.0745865 0.217657
-0.135225 0.0293694 0.233956
-0.160519 0.0337258 0.27944
-0.199465 0.0256384 0.361032
-0.253675 0.0519174 0.463422
-0.143625 0.00465092 0.276219
-0.140401 0.0160965 0.241426
-0.106864 0.022161 0.190148
-0.121625 0.019533 0.226178
-0.0742308 0.0175126 0.23557
-0.164138 0.0398275 0.298132
-0.00546737 -0.00680714 0.0093916
0.156403 0.0358876 0.281918
-0.125837 0.0144212 0.230635
-0.131072 0.0261172 0.239536
-0.102429 0.00678578 0.254042
-0.117097 0.0290895 0.238595
-0.0574668 0.0578463 0.2411
0.129852 -0.00580503 0.24835
0.000907181 -0.00300119 0.0209291
-0.0959825 0.0479132 0.241628
-0.170496 0.032553 0.281372
-0.0372383 -0.0604916 0.380822
-0.125185 0.00533709 0.243603
-0.123261 -0.0257564 0.328509
-0.131127 0.0260762 0.237177
-0.131555 0.0169618 0.284287
-0.129645 -0.00141319 0.285408
0.104472 0.0990398 0.256561
-0.0196042 -0.0321121 0.187364
-0.0897675 -0.0580619 0.393115
0.126308 0.121281 0.298892
0.147384 0.0789976 0.239662
-0.127994 0.035316 0.294312
-0.232738 0.036074 0.417506
-0.0468564 0.0401582 0.221706
0.182613 -0.00669579 0.31315
-0.156842 0.0234678 0.264227
-0.125618 0.0455447 0.278509
-0.129407 0.0301188 0.235405
-0.127895 0.0639414 0.35061
0.153804 0.0348555 0.276566
-0.160389 0.0342296 0.278204
-0.181423 0.100005 0.438964
-0.00698156 0.0503965 0.226271
0.168722 0.0583063 0.307679
0.143219 0.0653273 0.35054
-0.0267989 0.0581638 0.291604
-0.178696 0.0160377 0.303187
-0.125759 0.0303915 0.27774
-0.0706792 0.0534042 0.265945
-0.11131 -0.00870002 0.170717
-0.0303094 0.00464952 0.0566118
-0.139623 0.0253717 0.257418
-0.129094 -0.04807 0.215725
-0.204733 0.0681271 0.349403
-0.203744 0.0892817 0.396179
-0.0121976 -0.00264464 0.0260339
-0.0971679 0.0530715 0.30529
-0.0948578 0.0646527 0.284552
-0.0752521 0.0570209 0.277341
0.329697 0.106014 0.545555
-0.0694787 0.0537409 0.259474
0.17203 0.00318128 0.267486
0.144084 -0.0158383 0.259473
0.191522 0.0536462 0.298889
-0.124462 0.0306277 0.275551
-0.10584 0.0380169 0.234889
0.0218394 -0.0173972 0.287749
0.016353 0.0313551 0.332107
0.161074 0.0918503 0.290293
-0.00407348 -0.00119437 0.00689869
-0.105223 0.0549785 0.2684
0.11838 -0.0149612 0.225661
-0.0972476 0.0452759 0.279183
-0.110673 0.0653253 0.297662
0.17593 0.0574787 0.319611
0.0794119 0.0465452 0.117475
0.0773589 0.0272324 0.25585
0.0613149 0.0268189 0.245459
-0.0946725 0.0464493 0.257913
-0.0694865 0.0516601 0.239416
-0.0674607 0.0502037 0.249798
0.0698993 0.101075 0.447626
-0.0289721 0.0540016 0.263794
-0.0934511 0.0536835 0.276596
-0.0836286 0.0405296 0.236999
0.149181 0.0270482 0.306814
0.0255642 0.0600872 0.275587
0.161737 0.0544789 0.294437
0.157772 0.0813094 0.319754
0.132775 0.0518255 0.298197
0.129888 0.061088 0.285119
-0.0869644 0.0501521 0.251136
0.187991 0.00484154 0.291703
-0.116246 -0.00174642 0.299822
-0.0932328 0.0460934 0.250718
0.179148 0.0521374 0.28033
0.214283 0.0731266 0.390518
0.159038 0.0843906 0.286173
0.181318 0.0523967 0.280384
0.206604 0.0914872 0.334578
0.2546 0.0768899 0.388995
-0.0931866 0.0547977 0.248658
-0.122854 0.0419523 0.251367
-0.0586291 0.0337627 0.229284
0.0617392 0.00546587 0.333312
0.201574 0.0665877 0.322005
0.168247 0.0555095 0.307934
0.107951 0.0386735 0.202846
0.140335 0.13455 0.330348
0.114214 0.1114 0.287922
-0.0916804 0.0480383 0.271937
-0.105705 0.0572915 0.323277
0.167968 0.041126 0.271823
0.0147505 -0.00474493 0.214622
0.159109 0.0477183 0.300086
-0.112976 0.0163724 0.267972
0.174833 0.0462168 0.276507
0.166797 0.0392658 0.310818
0.135086 0.0583441 0.295449
-0.0254639 -0.0399766 0.237046
-0.105187 0.0136336 0.253826
-0.0207841 -0.0419285 0.24768
0.0253906 -0.0579304 0.114028
0.173786 0.0378565 0.278631
-0.0168752 -0.0478793 0.287696
0.158244 -0.00681947 0.275807
-0.0751459 0.000236915 0.271869
0.00132643 -0.00747149 0.0388122
-0.0635591 -0.00119279 0.249954
0.316667 0.124859 0.526302
0.148547 0.0851594 0.269309
0.13395 0.0637432 0.292096
0.186248 0.0728408 0.304099
-0.149249 -0.0174379 0.309683
0.171263 0.122454 0.251748
0.00657804 -0.0374501 0.0806987
0.0070397 -0.0425703 0.0921965
-0.000459592 0.026618 0.22859
-0.0767426 0.0468237 0.275561
-0.079487 0.0448663 0.265071
-0.109418 0.0545468 0.294509
0.129397 0.0566379 0.286537
0.135252 -0.00525842 0.300348
0.152401 0.0344396 0.286288
0.253648 0.0673063 0.407364
0.1387 -0.00586845 0.237379
0.0502827 0.0955392 0.420848
0.168777 0.0819155 0.317355
0.184197 0.0913912 0.33176
0.201774 0.0668193 0.321969
0.137742 0.0748995 0.279488
0.174964 0.0948948 0.315961
-0.098398 0.0613891 0.278797
0.159221 0.0907163 0.286231
0.153281 0.0819178 0.248807
-0.0737231 0.0471505 0.186879
-0.0811339 0.0467464 0.241089
-0.0712509 0.0547695 0.248377
-0.00673357 0.0393177 0.159106
0.055184 0.0716598 0.28333
-0.046081 0.0447758 0.220132
0.166688 0.0948032 0.296372
-0.000281704 0.0251694 0.218545
0.0148935 0.0125972 0.249264
0.0204403 0.00135483 0.293303
-0.00396869 0.0254426 0.223904
0.0140433 -0.0572401 0.131276
-0.07384 0.0455969 0.255461
-0.0388576 0.0738347 0.340605
0.151587 0.0790177 0.273063
0.202669 0.0537329 0.320919
0.185401 0.0367692 0.262085
0.183727 0.0251427 0.260831
0.0979553 0.0439505 0.391323
-0.000606706 0.0234046 0.225917
-0.053916 -0.0424381 0.28244
-0.00697317 -0.0550801 0.312626
-0.00234311 -0.041474 0.231493
-0.00742164 -0.0469152 0.274226
0.0180606 -0.0202412 0.231364
0.0107909 -0.0397298 0.0895348
-0.00289222 0.0216007 0.21423
-0.115871 0.0161797 0.36405
0.181614 0.0475516 0.283824
0.185892 0.0543073 0.297866
0.131019 0.0592274 0.293771
0.00612778 -0.0323217 0.0693567
0.00544863 -0.0239093 0.0505263
0.00928371 -0.0449502 0.101584
0.0349734 0.00640445 0.104754
0.0234375 0.00350934 0.0908429
0.0109211 -0.0388231 0.0872168
-0.0906761 0.00113969 0.339259
0.18839 0.0400502 0.300877
0.273294 0.0796978 0.456987
0.0848699 0.0829675 0.50963
-0.00553204 0.00877927 0.052298
0.0106685 0.0147396 0.0529157
-0.000262698 0.00880997 0.0529268
0.0101229 0.0111342 0.0538333
0.00889513 0.0151202 0.0570908
0.00389285 0.0146871 0.0557762
0.00823775 0.00811815 0.0548114
0.0299547 0.0183643 0.046802
-0.00560482 0.0124025 0.0575839
0.00983224 0.016566 0.0537246
0.00882061 0.0153685 0.0533986
-0.00599128 0.0132928 0.0600262
0.144496 0.0732169 0.283321
-0.0231432 0.0517032 0.241542
-0.0246172 0.0488352 0.235371
-0.00229052 0.0262517 0.233436
-0.00850674 0.0454291 0.222049
-0.0552833 0.0487556 0.222111
-0.0331137 0.0483644 0.204252
-0.0339567 0.0592925 0.243446
-0.000624307 -0.00126097 0.0275745
0.151066 0.0889034 0.215661
0.165581 0.0516273 0.26275
-0.132304 0.0263765 0.297683
0.136284 0.0342049 0.216333
-0.0840242 0.00160491 0.293727
0.0617308 0.0276166 0.260276
0.0135954 -0.0222624 0.145863
0.159568 0.0911423 0.287178
0.0198322 0.0533017 0.250769
0.121684 0.121476 0.311552
0.424537 0.139653 0.70444
-0.0349938 0.0603506 0.24674
0.16617 0.0853187 0.296518
0.127055 0.119572 0.303764
-0.0404685 0.0537458 0.226418
0.133831 0.126789 0.338413
0.056902 0.0688026 0.27248
0.00485996 -0.00584705 0.0127076
-0.0865665 0.0583184 0.27584
-0.0641243 0.0502251 0.232752
-0.0893472 0.0215703 0.279324
0.0106076 0.00570521 0.0432591
-0.0947511 0.00227118 0.287176
0.156528 0.0862342 0.268786
0.0242025 -0.0306752 0.291421
0.00796697 0.0386338 0.210879
0.176327 0.0682702 0.250009
0.0781802 0.0375916 0.130862
0.200339 0.0150173 0.190977
0.00535064 -0.00555674 0.0133712
0.140792 0.0181277 0.349346
0.0197718 0.00272524 0.0823145
-0.00659507 0.0505363 0.236401
0.188262 -0.00868656 0.311688
0.154166 -0.00656229 0.258089
-0.077141 0.0464549 0.277043
0.0116056 0.0107746 0.0533502
-0.00804332 0.012485 0.0519905
-0.134127 -0.0569292 0.227704
-0.209009 -0.00837611 0.317333
-0.00699804 0.0155571 0.0457028
-0.00133793 0.00823857 0.0402509
-0.0355446 0.018366 0.0616219
-0.00585899 0.0126144 0.0455794
-0.105685 0.0323797 0.245566
-0.151213 -0.0573908 0.303144
0.0114763 0.0109547 0.0542316
0.0124673 0.00915876 0.0537922
-0.0184833 0.0426094 0.224944
0.00932262 0.0121589 0.0864199
-0.00501874 0.00903954 0.0524632
0.00558606 0.0119687 0.0541584
-0.00854306 0.00916196 0.0525135
-0.00718572 0.00989926 0.0528024
-0.00335173 0.00882875 0.0537195
0.0194289 0.0176184 0.0538076
0.0125983 0.0102423 0.054651
-0.148108 0.0032003 0.312912
-0.12776 0.0249101 0.285841
-0.143438 0.0158285 0.307995
-0.0948083 0.000611504 0.282421
0.156915 0.0446319 0.256198
0.0494681 0.0178632 0.0642267
0.108971 0.0987259 0.242102
0.0102121 0.0119196 0.0541909
0.0101581 0.00864756 0.0538462
-0.00271103 0.00724517 0.0532266
0.0282158 0.00673383 0.159972
-0.00704047 0.00702088 0.0526758
-0.00635023 0.00780374 0.0528395
-0.00732058 0.00815475 0.0529597
-0.00080609 0.00958443 0.0536582
-0.00485812 0.00775022 0.0528804
0.121303 0.0206861 0.134235
0.00605548 0.0114425 0.0532143
0.00250058 0.0094695 0.0540671
0.00694058 0.0132817 0.0541258
-0.00603692 0.00728423 0.0533799
0.00227795 0.00906072 0.0541788
0.00627035 0.0114735 0.0542995
0.00573627 0.0130563 0.0539219
-0.0054703 0.00900322 0.0530096
0.0146538 0.016936 0.0612404
-0.00548341 0.00951061 0.053109
-0.00742912 0.00888453 0.0524272
0.0100549 0.00897051 0.0541318
0.00848306 0.00805971 0.146597
-0.0181515 0.0157051 0.0487971
-0.095992 0.00402275 0.331356
-0.0166897 0.0143224 0.0474201
0.0889596 0.0283681 0.384587
0.195239 0.0558773 0.308251
0.171025 0.0649393 0.242454
0.0229231 0.00897972 0.350413
-0.112668 -0.00119223 0.282434
0.00526425 -0.048984 0.278286
0.00429335 0.0103688 0.0541538
-0.00243012 0.00912451 0.052811
0.00135013 0.0146438 0.0578061
0.0711783 0.0544035 0.201733
-0.00632836 0.00675926 0.0530301
0.0259641 -0.00121043 0.162188
-0.0257256 0.042888 0.196422
0.226981 0.0778121 0.361534
-0.0188181 -0.0438466 0.259623
0.135422 0.0604862 0.33231
0.15203 0.0308328 0.217039
0.000893943 -0.00193099 0.0255638
-0.0329216 -0.0322624 0.186528
-0.0869254 0.052404 0.239262
0.0056239 0.0114501 0.0540517
-0.00670428 0.00947943 0.0527204
0.00641835 0.00810263 0.0539882
0.114421 0.0235993 0.188669
-0.0209573 0.044726 0.219017
0.175083 0.0897018 0.285299
-0.00216048 0.016247 0.164091
-0.0236396 0.0450899 0.227719
0.141175 0.0293018 0.2412
0.175496 0.00421037 0.271834
-0.0418465 0.0188144 0.102077
0.0123908 0.0110095 0.0550686
-0.0067691 0.00974923 0.0525424
-0.0332757 0.014193 0.0812828
-0.0679617 -0.0452936 0.294671
-0.00831871 0.00997564 0.0521557
0.131004 0.0397807 0.221706
-0.058064 0.0494146 0.234706
0.0235497 -0.000759569 0.164
-0.0698263 0.0411881 0.245159
-0.149618 0.078678 0.366287
0.0512822 0.0619865 0.247694
0.121922 -0.0145827 0.237773
0.147749 0.135441 0.319268
0.0115773 0.0108307 0.0540489
-0.00240618 0.011951 0.0562836
0.029572 0.0181583 0.0486021
-0.000130513 0.020935 0.190403
-0.0711062 0.0531769 0.272995
-0.128692 0.0432014 0.268913
0.256967 0.0700106 0.397106
0.0548484 0.0789021 0.347643
-0.0199253 -0.0459054 0.266121
-0.0104057 -0.043248 0.24715
-0.0177186 -0.0648142 0.392021
0.0295294 -0.107062 0.246933
0.122862 -0.0143374 0.243807
0.120884 0.015151 0.302864
0.0643823 0.0243636 0.243957
-0.0065564 0.00715744 0.0529523
0.016465 0.0169092 0.0621284
0.193057 0.0440839 0.31135
0.0670138 0.005159 0.316029
0.177176 0.0406336 0.313295
0.0489417 0.0717991 0.349452
0.174703 0.0768407 0.284451
0.0445198 0.0608789 0.25973
-0.101218 0.0649384 0.281471
0.0759335 0.0229483 0.257209
0.0642395 0.0536956 0.234731
0.087188 0.0591759 0.244253
-0.101867 0.0563783 0.303897
0.0926717 0.0435668 0.391134
-0.0119382 0.0475708 0.244003
-0.0774882 0.0595947 0.267519
0.105418 -0.0124747 0.19168
0.138943 0.0744959 0.273572
0.0121866 0.0188693 0.237068
0.157899 0.0849862 0.256429
0.132205 0.0466043 0.322933
0.320545 0.128261 0.523906
-0.0466627 0.0437717 0.227334
-0.0538214 0.0501909 0.240523
0.0337498 0.0051894 0.332502
0.00640974 0.00911636 0.0544816
-0.00187772 0.0092288 0.0535898
0.0104855 0.00813458 0.0530329
0.00681727 0.0105427 0.0543792
0.0156664 0.0134817 0.0662576
-0.0248197 0.0503836 0.254358
-0.051616 -0.0388765 0.248282
0.0107209 0.012675 0.211878
-0.00061971 0.00940844 0.0530813
-0.0482388 -0.0336046 0.222247
-0.00523247 0.00617356 0.0529164
-0.00484184 0.00543538 0.0503011
0.0105043 0.0127228 0.0538217
0.143746 0.0261417 0.295787
0.192566 0.0951084 0.346999
0.0663621 0.00583398 0.326277
0.0235613 -0.0359107 0.272436
0.0567032 0.00708892 0.176535
0.0746495 0.0324576 0.434066
-0.00273832 0.0280094 0.264087
0.181451 0.0424182 0.282516
0.162154 0.0898129 0.277152
-0.08771 0.0293386 0.268688
0.193478 0.0633908 0.324707
-0.0803928 0.0498456 0.23565
0.248351 0.081715 0.387849
0.0341743 0.0292962 0.205764
0.0105359 0.00714274 0.170718
-0.00523629 0.00679298 0.0528472
0.0901841 0.0512809 0.133959
0.00586708 0.00984507 0.0538186
-0.0801626 0.0448727 0.264292
0.031371 0.00374561 0.121375
0.0363123 0.00543324 0.141284
-0.0297976 0.0498065 0.224213
-0.0507537 0.0404591 0.209023
0.0386886 0.00864335 0.0618557
0.189872 0.0663425 0.297214
0.16128 0.0625199 0.229238
0.177321 0.0869873 0.319001
-0.089531 0.0105601 0.287725
0.00523485 0.0361791 0.128915
0.0064774 0.00814208 0.0542367
0.144732 0.033672 0.271324
-0.131549 0.0426547 0.400068
-0.160236 -0.0617917 0.325848
-0.00631419 0.00098201 0.0123599
0.0213022 0.0622595 0.283113
0.0530843 0.0682717 0.260476
-0.0196152 -0.0620918 0.377858
-0.00823044 0.0374609 0.1924
0.038956 0.00521289 0.066956
-0.0934634 0.00353765 0.295484
-0.0477183 -0.048661 0.308773
0.231443 0.0689473 0.378083
-0.0511683 0.0374939 0.252264
0.11975 0.0391319 0.203035
-0.00890101 0.00889886 0.053211
-0.00639641 0.00781072 0.0532248
-0.00829507 0.00685407 0.0526468
-0.00875602 0.00515263 0.0519599
-0.00886041 0.00521283 0.0522635
-0.00772957 0.00546901 0.0535827
0.0590905 0.0163713 0.202809
0.0648828 0.0259318 0.241878
0.0688172 0.00836797 0.227975
0.0671536 0.0136296 0.207791
0.0644414 0.0058929 0.19504
0.0516074 0.00980305 0.183078
0.16372 0.0633755 0.233039
-0.04795 0.0381214 0.246712
-0.00636581 0.00864584 0.0505695
0.00478436 0.00859178 0.0529283
-0.0771985 -0.0500333 0.362347
-0.0527494 0.0712278 0.296842
0.0055532 0.00798891 0.0541859
-0.0545658 0.0386555 0.205414
0.0574741 0.0401231 0.0886371
-0.00933542 -0.0573662 0.351534
0.161235 0.0796227 0.304362
-0.00354783 0.00845419 0.0531371
0.0087208 0.0108452 0.0503687
0.189927 0.0688335 0.342689
-0.00686759 0.00420149 0.0437558
0.156567 0.00446498 0.241819
0.129583 -0.0059763 0.251004
0.020569 0.0154061 0.0885808
0.0712334 0.0194813 0.189342
0.0114336 0.00868866 0.0569618
-0.105464 0.00609626 0.33788
0.0555185 -0.00500148 0.0587035
0.0451137 0.00506766 0.312697
-0.0234619 -0.0425465 0.257607
0.16816 0.0231621 0.2413
0.10214 0.0464936 0.106858
0.0067737 0.00910533 0.0541637
0.127312 0.0540457 0.143963
0.0125465 0.0093759 0.0539871
-0.0339433 0.0495271 0.210044
0.0348009 0.0234985 0.0563136
0.0366182 0.010311 0.0470267
0.00633166 0.0138613 0.0546276
0.0290713 0.0199362 0.0528936
0.00449075 0.00940726 0.0544162
0.126356 0.127436 0.325855
0.219111 0.109853 0.255295
0.153609 0.144887 0.365056
0.143726 0.0794805 0.292055
-0.00618431 0.0436014 0.21573
0.0116091 -0.0401284 0.0890735
-0.0554322 -0.0443378 0.297609
0.16177 0.00420328 0.25031
0.0704534 0.064215 0.422531
0.129508 0.0630922 0.29064
0.00532629 -0.0199396 0.0404165
0.137237 0.0638217 0.298822
-0.00178744 -0.036935 0.211103
0.147658 -0.0131458 0.283736
0.0512 0.0127246 0.170036
-0.00344702 -0.00438394 0.0136453
0.0158296 -0.0111226 0.242684
0.0294782 0.018134 0.0485173
0.0811112 0.0256021 0.0918091
0.0109805 0.0152579 0.0539747
0.0443172 0.0321461 0.139647
0.0514584 0.0284137 0.190667
0.0685823 0.0178933 0.197502
0.0263349 0.0181769 0.0476288
0.0721569 0.0312753 0.19987
0.0765218 0.0124204 0.238891
0.0702745 0.00821645 0.206177
0.0471229 0.0249252 0.184084
0.0871054 0.0276218 0.0979893
-0.00229709 0.0125948 0.0555689
0.0676535 0.0553158 0.193805
0.0610976 0.0083033 0.197409
0.102238 0.046421 0.107111
0.124843 0.0525582 0.134855
0.0461476 0.0248832 0.182006
0.0528595 0.0130194 0.179266
0.0620072 0.0432308 0.184781
0.0638453 0.0555387 0.235849
0.107195 0.0436771 0.11728
0.0491169 0.00869378 0.154131
0.0545426 0.0308353 0.212006
0.0698142 0.0301184 0.194085
0.0644372 0.0423152 0.182527
0.0643841 0.0685029 0.19144
-0.072943 0.0478718 0.229516
-0.0725556 0.0558904 0.288051
0.0464719 0.0314811 0.137075
0.0668958 0.0286151 0.18543
0.0961389 0.0406359 0.106148
0.0576276 0.0323456 0.211167
0.0968182 0.0409798 0.107054
0.0104994 0.013169 0.0550716
0.0731342 0.0415592 0.110317
0.000955365 -0.0379882 0.214759
-0.0417023 -0.0318841 0.19326
-0.00414065 0.0236066 0.227637
0.2093 0.0432043 0.333561
-0.11007 0.0154477 0.266185
-0.0162301 -0.051981 0.303905
0.0952581 0.0206564 0.176596
-0.0742259 0.0458664 0.278787
-0.0997069 0.0378823 0.297762
0.0582733 0.00794008 0.180951
0.0542873 0.0120089 0.180238
0.207286 0.0539264 0.340656
-0.0685929 0.0563159 0.266155
0.223452 -0.0228217 0.400796
0.00788722 0.00987975 0.0504593
-0.0389232 0.01904 0.082422
-0.0381732 0.0185715 0.0809359
0.00446184 0.00923174 0.0536567
0.0642031 0.0766273 0.190217
-0.00708742 0.0105466 0.0489483
-0.00761608 0.00680425 0.0487839
-0.0333283 0.0192434 0.078396
-0.0468309 0.0391366 0.22727
0.00222677 0.0095544 0.0530983
0.000668831 0.000749548 0.021337
-0.00568486 0.0102882 0.0536439
-0.00902539 0.0119535 0.0522202
0.0119844 0.00997041 0.0543454
-0.0196386 -0.0585521 0.338159
0.0163365 0.0410219 0.125013
0.00932759 0.0144676 0.0510869
-0.00207973 0.008404 0.05393
-0.0411097 0.020132 0.116941
-0.197451 0.000149779 0.486868
-0.0550155 -0.0506068 0.325976
0.0629886 0.0370239 0.380875
-0.077521 0.0451679 0.261533
0.0195649 -0.0238445 0.256912
-0.0518189 0.0402698 0.239123
0.111104 -0.0149097 0.223819
0.0829409 0.00640134 0.360029
0.0147864 0.0211683 0.267617
0.141376 -0.013852 0.25724
0.0142445 -0.00317701 0.229404
0.15467 0.051984 0.285068
0.0454564 -0.0835269 0.163011
-0.00309859 0.0174619 0.176987
-0.0856911 0.0251177 0.262342
0.0128769 0.0391197 0.29904
0.0486337 0.0298316 0.308235
-0.00197816 0.0067243 0.0534857
-0.000151088 0.00670006 0.0544433
-0.000783845 0.00746995 0.0537854
0.0045735 0.0519129 0.18714
0.000327539 0.00680229 0.0551031
0.00772145 0.00983205 0.0578497
0.0108117 0.0134528 0.054084
0.0910343 0.0535652 0.134582
0.00649258 0.0123925 0.0539382
0.121902 0.0559076 0.126085
0.00968813 0.0112849 0.0542833
0.0119293 0.0169271 0.063183
0.0163772 0.0325928 0.135032
0.151491 0.0886804 0.216095
-0.0212641 0.0478908 0.214278
-0.00634521 0.00767565 0.0524855
0.160149 0.062181 0.227049
-0.0700683 0.041395 0.267006
0.0055371 0.00795591 0.0537265
0.0118476 0.013097 0.053818
0.010677 0.010445 0.0543806
0.0278993 0.017761 0.0487359
0.00924646 0.0146796 0.0553686
-0.00239469 0.0114268 0.053315
0.06721 0.0291562 0.0844328
0.0635144 0.0405641 0.0744747
0.00590961 0.0100824 0.0543898
0.00809923 0.0113099 0.0540941
0.0189606 0.0174733 0.053879
0.00618448 0.0112372 0.0528989
0.010339 0.0120389 0.0503136
0.0107647 0.0141843 0.0535787
0.000369976 0.012059 0.0551058
0.00890732 0.0146412 0.0550702
0.0105693 0.013627 0.0523835
0.0109215 0.0142403 0.0534333
0.0081978 0.00809242 0.0546135
0.00394219 0.0160748 0.0598009
-0.00227767 0.00831237 0.0528087
0.00876652 0.010267 0.0540751
0.0275321 0.0182748 0.0500736
-0.00727042 0.00939726 0.0549056
-0.000814807 0.00955475 0.053387
-0.00288777 0.00719086 0.0533456
0.0119408 0.0117504 0.0542689
0.0107262 0.0118708 0.0529697
-0.0115567 -0.0246421 0.13899
0.00769495 0.0103178 0.054134
0.0267253 0.0184731 0.0481686
0.0285622 0.0173568 0.0473024
-0.00380973 0.0106535 0.0548889
-0.00241203 0.00868633 0.0519895
0.00579336 0.010564 0.0541412
0.00221283 0.0100648 0.0541065
-0.106081 -0.0631598 0.447322
0.074306 0.0241573 0.34913
-0.00435794 -0.00225257 0.00959623
0.0969178 0.0155963 0.109859
8.59438e-05 0.00675605 0.0542342
0.0803186 0.0360112 0.301186
-0.000551617 -0.00124921 0.0316831
0.0143349 -0.0170314 0.169886
-0.0564283 0.0479894 0.229599
-0.0472544 0.040768 0.221171
-0.0246213 -0.0401407 0.25082
-0.047925 0.0393519 0.236692
0.133136 0.063428 0.299083
0.129643 0.0639904 0.291382
0.00699971 0.00926291 0.0546282
0.00924371 0.0101777 0.0539424
0.00417385 0.010386 0.0546507
0.00303344 0.0154798 0.0806994
-0.000587693 0.0133212 0.0773588
0.00406618 0.00758195 0.0531045
0.0320645 0.0223939 0.0560607
0.00279953 0.00908054 0.0539399
0.103945 0.0770955 0.151742
0.0117494 0.0107536 0.053741
-0.0036563 0.00845017 0.0532737
0.0108179 0.0113642 0.0539775
0.00547219 0.00824545 0.054419
0.011818 0.00931461 0.0535023
0.0120781 0.0110674 0.0537547
0.0105959 0.010224 0.0539207
0.00917395 0.0255515 0.105885
-0.00696622 0.00703905 0.052707
0.00629588 0.0137019 0.0544312
-0.0050221 0.00839194 0.0528063
0.00704161 0.0106559 0.0550119
-0.00593219 0.00714206 0.0526706
0.00420088 0.0106395 0.0539396
-0.00826631 0.00821729 0.0527368
0.136924 0.139053 0.356994
0.00401929 0.0171212 0.085953
0.00842341 0.008277 0.0555598
0.0115787 0.0103883 0.0527629
-0.00754654 0.00602537 0.0495131
0.00529123 0.0133755 0.0533274
0.00384518 0.0146606 0.0555381
0.0238209 -0.0323712 0.277575
-0.00501033 0.00841497 0.0531405
0.0889426 0.0449278 0.105091
-0.00268382 0.00739051 0.0534782
0.0300172 0.0171284 0.045824
0.230753 0.0646813 0.367565
0.00234029 0.00907173 0.0540308
0.00810583 0.0077544 0.0537303
0.00184284 0.0098278 0.0539202
0.0119874 0.0107182 0.054127
0.00590589 0.0100307 0.0547818
-0.00527558 0.00775688 0.0530135
0.00406021 0.0105529 0.0535734
-0.00691939 0.00717115 0.0528362
-0.00799983 0.00660732 0.0517053
0.00499598 0.0102416 0.0542346
-0.00305472 0.00851052 0.0532741
0.00741815 0.00935327 0.0548528
-0.000313827 0.00896957 0.0534955
0.00698159 0.0092286 0.0545041
-0.0337921 -0.049475 0.289858
0.0163116 -0.00644045 0.255424
0.122444 0.0158788 0.306501
0.00767779 0.104032 0.370322
0.134821 0.0688913 0.27588
0.07713 -0.00604729 0.0805105
0.00475964 -4.60091e-05 0.0339466
0.00431948 0.00952603 0.0545053
0.0119447 0.00819531 0.0513486
0.00737354 0.0116239 0.0555219
0.0264429 0.0170788 0.0481592
0.0133682 0.0163471 0.0632088
0.00525993 -0.00631088 0.0148358
-0.0480055 0.0479073 0.204142
0.135 -0.00142107 0.124433
0.0386275 0.00466075 0.32083
0.0077675 0.0109092 0.054362
-0.00660667 0.0110696 0.0531783
-0.006084 0.010415 0.052656
0.00806937 0.0100006 0.0528303
0.00640991 0.0123697 0.053873
0.0902025 0.045511 0.098829
0.0896716 0.0537112 0.0987984
0.0984299 0.0514645 0.107056
-0.00130842 0.00901631 0.053823
0.222924 0.0740588 0.354404
-0.00815941 0.00818335 0.0527998
-0.00731097 0.0100449 0.0532161
0.0110268 0.0132393 0.0538049
-0.00728568 0.00790669 0.0523912
0.0101696 0.100307 0.369089
0.004891 0.00730126 0.0522463
-0.00864537 0.00960093 0.0524457
0.00778488 0.0103932 0.0539735
-0.00471262 0.00864186 0.0528458
-0.00042669 0.00849267 0.05346
0.147562 0.0564329 0.240519
-0.0443549 0.0324377 0.215865
-0.0139816 -0.00515284 0.0737301
0.0067599 0.010248 0.0535841
0.00870243 0.0101708 0.0537571
-0.00814699 0.00766716 0.0525852
-0.00343818 0.00889215 0.0531291
0.00650016 0.00811697 0.0542153
0.00500709 0.00888196 0.0543117
-0.00908097 0.013151 0.0525597
0.00978208 0.010441 0.0539482
-0.00102029 0.00840308 0.0535171
-0.0623733 -0.0296917 0.283343
0.195617 0.0852615 0.315703
-0.122861 0.0133085 0.264128
-0.00680665 0.000405637 0.0121806
-0.00355944 0.00803689 0.0532501
0.00473747 0.00342275 0.0336606
0.0874679 0.0521934 0.0966307
-0.00597886 0.00730816 0.0535013
0.0187156 0.0170203 0.0530727
0.157063 0.071364 0.382722
-0.000391839 0.0135109 0.0586585
0.000492028 0.00989079 0.0495168
0.147249 0.00618096 0.148355
0.000207677 0.0106983 0.0514519
0.0273572 0.0174041 0.0480687
0.010198 0.0122935 0.054226
0.00857913 0.00974438 0.0540797
0.0100723 0.0122279 0.0540112
-0.00231554 0.0113917 0.0534796
0.0108823 0.0126882 0.0510172
0.00445961 0.0134859 0.0553338
-0.0179177 0.0238235 0.121435
0.00884833 0.0131023 0.0548212
0.00674543 0.0103924 0.0539116
0.0242745 0.0240167 0.0618467
0.0252895 0.0304957 0.128333
0.00803437 0.00574453 0.044737
0.00619288 0.0117685 0.0540314
0.0281232 0.015735 0.0437474
0.0273873 0.0171129 0.0457166
-0.000327144 0.013051 0.0546238
0.030023 0.0163466 0.045369
0.0300008 0.0172947 0.0460166
-0.00224023 0.00738702 0.053909
0.0294909 0.0167319 0.0453492
-0.00495608 0.008275 0.0522772
0.0279588 0.0176148 0.0464753
0.00471011 0.0121423 0.0540649
-0.00356823 0.0103202 0.0536557
-0.00244482 0.00932236 0.0532904
-0.00679412 0.0104838 0.0529991
-0.00752028 0.00524826 0.0523712
-0.00241493 0.0118059 0.0530694
0.00768025 0.0018152 0.0367534
0.010843 0.010196 0.0542458
0.0105594 0.00995151 0.0534651
0.00854197 0.011534 0.0552471
0.0705598 0.0383643 0.106729
0.132996 -0.00583608 0.255406
0.13206 0.0365895 0.330707
0.0919385 0.0296779 0.153999
0.11981 0.00400567 0.122817
-0.00444177 0.0264381 0.229873
-0.132956 -0.00141399 0.292613
0.0118875 0.0123453 0.220808
-0.027914 -0.0346743 0.207822
0.0106572 0.0103401 0.0550014
-0.00376892 0.00769736 0.0519845
-0.0792788 0.0236127 0.24663
0.00460402 0.00164739 0.0385948
-0.093879 0.00124958 0.244145
-0.11882 0.00584155 0.294153
0.157779 0.0361324 0.284322
0.171841 0.0600424 0.245139
-0.0760783 0.0467857 0.262549
-0.00786954 0.00676872 0.0522009
0.00599777 0.0108502 0.0549733
0.053512 0.0139594 0.183048
0.053779 0.0102465 0.165219
0.00467358 0.00925077 0.0540309
0.046245 0.00768565 0.14805
-0.00562847 0.0106814 0.0530652
0.134534 0.0675098 0.254517
-0.0876395 -0.00269035 0.258281
-0.0511036 0.041184 0.263399
-0.0590638 0.0613024 0.250551
-0.00205796 0.00866172 0.0533503
-0.000233337 0.00955396 0.0541396
-0.00154358 0.00667073 0.0570682
-0.00874706 0.00496578 0.0507944
-0.0568533 0.0222958 0.124777
0.168167 0.0337462 0.191081
0.0858856 0.0240436 0.228403
-0.00220182 0.00729981 0.0527265
0.190078 0.037898 0.299987
0.19645 0.0534275 0.328364
0.0193414 -0.0381293 0.07679
0.00520787 -0.000523213 0.0347484
0.169614 0.000199413 0.262491
0.0618133 0.00961934 0.194706
0.192366 0.0676988 0.34617
-0.0766795 0.0469474 0.313057
0.0815578 0.0194908 0.24999
0.186782 0.0393436 0.317274
0.0459662 0.00459233 0.145633
0.0591808 0.00429636 0.189515
0.124674 0.0541425 0.280357
0.17742 0.0246303 0.253332
0.0132318 0.00434524 0.0322917
-0.00737936 0.00801546 0.0526695
-0.118483 0.0164012 0.287148
-0.0891925 0.0213187 0.196237
-0.00641644 0.00092736 0.0117468
0.00655395 -0.0186168 0.039198
-0.109178 -0.00170672 0.272469
0.0172013 -0.0273759 0.0506468
0.134591 0.059255 0.292425
0.00712173 -0.0413954 0.0917113
0.157079 0.0371226 0.280566
0.0125452 -0.0442042 0.088761
0.139405 -0.00546827 0.24157
0.140561 0.0600512 0.304883
0.00520792 -0.0186133 0.0375587
-0.00382967 -0.0415727 0.231155
0.049963 0.00306886 0.155117
0.0650711 0.00479621 0.200344
0.0428985 0.0048558 0.137069
0.0542451 0.00373822 0.168668
-0.0697799 0.0306779 0.205745
-0.00313999 0.0160752 0.162833
0.0743526 0.0884793 0.218089
-0.00470994 0.00311827 0.0181189
-0.0135192 0.00411216 0.0364596
-0.0096635 0.00130642 0.0159483
-0.0553361 -0.0460233 0.297811
0.0136894 -0.000580974 0.0253079
-0.0525073 0.0309523 0.220322
-0.00181864 0.018432 0.0911643
0.0106571 0.0103841 0.0541997
-0.0225878 -0.00484985 0.118591
0.00680687 0.0104304 0.0541398
-0.00840085 0.00840717 0.053135
-0.0152118 -0.0405256 0.234988
-0.00185384 -0.0592984 0.327927
0.135044 -0.0156573 0.263015
0.00631982 0.0134751 0.0549595
0.0123346 0.00969763 0.0545677
0.00775217 0.0127506 0.0582192
0.00730747 0.0090208 0.0538088
-0.0319811 0.0516423 0.234232
0.00471608 0.0129504 0.0539714
-0.00518919 0.00622393 0.0529814
-0.00269134 0.00326008 0.0454922
0.0145391 -0.045463 0.249562
-0.0582545 -0.0366488 0.248159
-0.120094 0.00398767 0.35536
-0.00327578 -0.0421268 0.242117
0.0656395 -2.99283e-05 0.0698755
0.00802103 -0.0373184 0.194577
0.000238573 0.00892167 0.0530218
-0.00889764 0.00893272 0.0531177
0.100102 0.04563 0.104943
0.150452 0.00730731 0.150222
0.0891042 0.053338 0.0978004
0.00582179 0.0100833 0.0540449
0.00694712 0.0116936 0.054049
0.0102229 0.0113235 0.0543632
0.00138737 0.0089995 0.0543832
0.0207245 0.00121497 0.0815249
0.175309 0.0466244 0.282607
0.14723 0.051152 0.237598
-0.072169 0.0989661 0.307199
0.00736458 -0.0413978 0.09185
0.00524404 -0.0188455 0.0382218
0.00859318 -0.0197469 0.0367942
0.00800872 -0.0179471 0.0334307
-0.00475013 0.0347498 0.172309
0.074919 0.0437538 0.11163
-0.0781375 0.0608322 0.292246
-0.00579167 0.0100254 0.0527256
-0.00813304 0.00886997 0.052847
0.114474 0.0040959 0.117908
0.0379873 0.0264988 0.118804
0.000363458 0.00669509 0.0555658
-0.000731699 0.00970771 0.0540996
0.00553647 0.0138985 0.0546802
0.0528729 0.0411308 0.190023
0.100998 0.0495457 0.124819
-0.0153975 -0.068554 0.420207
0.0897323 0.0370242 0.234083
-0.00274518 0.0250741 0.230605
0.062342 0.0264583 0.172812
0.0753206 0.0327039 0.205471
0.008952 0.0141496 0.0544533
0.115893 0.058102 0.14161
0.0742207 0.032324 0.203238
0.0535189 0.009005 0.169436
0.0945846 0.0235223 0.269916
0.0660229 0.0281822 0.183929
0.104885 0.0272631 0.314168
0.0630757 0.0471459 0.191754
0.0189282 -0.0275227 0.233267
0.0618906 0.0291984 0.240064
0.092235 0.0372184 0.335303
0.0718759 0.0332523 0.273653
0.0403955 0.0229349 0.153493
0.120163 0.0573123 0.143133
0.0510285 0.00912984 0.181575
0.0528344 0.0296573 0.196749
0.0789351 0.01589 0.265796
0.0448969 0.00498787 0.137388
0.178506 0.0363245 0.253834
0.160848 0.0336192 0.229764
-0.000962528 0.00826894 0.0528948
-0.00897945 0.0116308 0.0525204
-0.00623589 0.0110351 0.0538883
-0.0292404 0.0159454 0.0831631
-0.0082251 0.0101304 0.0522508
0.195823 0.0763827 0.277789
-0.0041365 -0.00103642 0.00582271
-0.0473087 0.00688312 0.0792219
0.0765287 0.0332057 0.461532
0.161634 0.0338706 0.260527
0.00994378 0.024793 0.142206
0.0461227 0.00768607 0.15248
0.0632953 0.0145807 0.186782
0.00781849 0.0244153 0.188789
0.00828183 0.000642998 0.0403399
-0.00237081 0.00664497 0.0532877
0.00881425 -0.0261414 0.0529488
0.00741082 0.00558216 0.156872
0.0245294 -0.0524581 0.105524
0.148833 0.0641147 0.323302
-0.0034312 0.00666697 0.0544513
-0.00773157 0.00710571 0.0430379
-0.127474 -0.0445096 0.35188
0.250372 0.0473329 0.671588
0.176998 0.0244453 0.254043
-0.09008 0.0183968 0.283343
0.1523 0.0582889 0.216944
0.15045 0.0322512 0.242285
0.256999 0.083457 0.437324
0.333502 0.112823 0.561316
0.0139698 0.00959769 0.0576587
0.155165 0.0589527 0.248843
0.153478 0.0478643 0.239859
0.121085 0.0357374 0.196441
0.0139656 0.0101614 0.0648139
0.0132367 0.0104308 0.0653789
0.00688287 0.00915068 0.0544551
-0.00562147 0.00679648 0.0536358
0.00405619 0.0108253 0.0541461
-0.0092814 0.0100233 0.0522739
-0.110894 0.0263068 0.234717
-0.141525 -0.0677078 0.233426
-0.0355205 0.0471638 0.208657
-0.113274 0.0370361 0.266801
-0.018361 0.0163312 0.0528652
-0.0133034 0.0111198 0.0346048
-0.027065 0.0198748 0.0587396
-0.145469 -0.0137053 0.290435
-0.062303 0.013719 0.100002
0.012529 0.0295137 0.0959478
-0.139997 -0.0526211 0.306494
-0.175804 -0.0421147 0.309296
-0.130669 -0.0624593 0.216471
-0.0840494 0.00652834 0.26138
-0.0414955 0.0181847 0.0971274
0.00867756 0.0145991 0.0639353
0.139812 0.0706811 0.276634
-0.156632 -0.0582689 0.311143
0.223499 0.0937446 0.359097
0.057642 0.00398911 0.184984
0.177138 0.067339 0.250591
0.0108587 0.00502737 0.0554543
0.00494285 0.00790367 0.054364
0.0294951 0.0145694 0.118877
0.00551753 0.00783361 0.0537739
-0.00184762 0.00656983 0.0578695
-0.00546837 0.00944706 0.0509573
-0.00330541 0.00702326 0.0530883
-0.0319632 0.013532 0.0770326
-0.00290983 0.00681683 0.0513326
0.090288 0.0578952 0.511268
-0.00304303 0.0072695 0.0537915
0.00899595 0.0103709 0.0612459
-0.0312468 0.0176099 0.0803756
-0.00914656 0.0126793 0.0527565
0.0112066 0.0106551 0.0546979
-0.0322766 0.013687 0.0703484
-0.0354305 0.0202848 0.0908345
0.1334 0.0559679 0.326582
0.00836191 0.0140321 0.0507927
-0.00702967 0.0117089 0.0527452
0.0395658 0.013853 0.112548
0.00184864 0.0092619 0.0534944
-0.00920134 0.0059268 0.0563312
0.0180067 0.0119449 0.0675718
-0.00367934 0.00698246 0.0548377
-2.71835e-05 0.00694827 0.0561358
-0.0074603 0.00861777 0.0516691
-0.00111746 0.00690206 0.0505775
0.208075 0.0457856 0.333631
0.000575494 0.00731069 0.0586698
-0.00416575 0.00884019 0.0679654
-0.00628151 0.0076359 0.0526118
0.00347673 0.00812558 0.0580953
-0.0058725 0.00616347 0.0543651
0.00612403 0.00885281 0.0571999
-0.00160273 0.00692773 0.058683
-0.00620473 0.00607515 0.0556118
-0.00374438 0.00198539 0.0344587
0.00274147 0.00700086 0.0534607
-0.00357354 0.00690833 0.0561173
-0.00463265 0.00669133 0.0567278
-0.00521936 0.00598622 0.0520933
-0.00904252 -0.044058 0.256161
0.0383619 -0.0551257 0.10079
-0.0934068 0.0458946 0.266802
0.00915832 -0.0276605 0.0549153
-0.0888078 0.0244069 0.272508
0.0708613 0.0730149 0.43346
-0.00264324 0.00696504 0.0533652
-0.0826545 0.0384568 0.226593
-0.104006 0.0374433 0.313775
-0.0459689 0.0384003 0.222907
0.0817962 0.0108844 0.265355
-0.016749 -0.0215632 0.137292
-0.0167601 -0.0156702 0.254524
-0.0581661 -0.000874374 0.214061
0.00892414 -0.0462215 0.103867
0.0203501 -0.0494502 0.0971414
0.0107247 -0.0378401 0.0852425
-0.0182719 -0.0170509 0.285773
-0.00487988 -0.0513063 0.30194
-0.0197765 -0.0233315 0.138914
0.150135 0.0342291 0.271013
0.229097 0.0480183 0.321547
-0.00300609 0.00667204 0.0619405
-0.0390609 0.0171832 0.0927678
-0.00526087 0.00634229 0.0542253
0.141119 0.0785822 0.288976
-0.0385326 0.0193808 0.0835266
0.00568875 0.0130408 0.0539826
-0.00929541 0.0101045 0.0526694
-0.00901385 0.0114751 0.0526748
-0.00928054 0.0100186 0.0525416
-0.00639018 0.00103467 0.0125902
-0.0330175 -0.0149051 0.141758
-0.00680177 0.00280904 0.0155231
0.102163 0.0366228 0.339868
-0.0067976 0.0028392 0.0154944
-0.043093 0.00654036 0.0697422
-0.0165655 0.0119242 0.0496143
-0.138072 -0.0678119 0.226497
-0.0274986 0.0157538 0.0534514
-0.136704 -0.0669046 0.223849
-0.0136709 0.00725168 0.0552601
0.0055663 0.0120151 0.0540041
0.0033207 0.0166185 0.0537625
-0.0060518 0.0109046 0.0525801
0.00374983 0.0106555 0.0535886
-0.00635796 0.0105188 0.0531703
-0.018846 -0.0426036 0.254591
-0.055608 -0.0295008 0.269555
0.0802551 0.0406236 0.395455
0.03929 -0.144049 0.335695
0.0201932 0.00161856 0.219889
0.188439 -0.0231476 0.37
0.19548 0.0502799 0.311694
-0.0700624 -0.052426 0.354281
-0.0333112 0.0141229 0.0910993
0.00509753 -0.0308378 0.0741743
0.0472158 -0.0853998 0.168831
-0.0388878 0.0114429 0.0613256
0.1449 0.0193256 0.357972
-0.0361988 0.0202534 0.075951
-0.0088772 0.0113378 0.0516708
-0.0048648 0.00780905 0.0377589
-0.0167146 0.0119187 0.0498244
-6.62136e-05 0.0111365 0.0444725
-0.049253 0.0204116 0.0768216
0.0065921 0.013816 0.0562101
-0.141516 -0.0540483 0.217826
-0.208182 0.0153636 0.344122
-0.00103949 0.00720469 0.0515913
-0.00638039 0.00768651 0.0527817
0.0253757 -0.000814625 0.049598
0.00560936 0.00956571 0.0573075
0.0106779 0.0101123 0.0539919
0.00675003 0.000499706 0.0393438
-0.000782178 0.0226075 0.221945
0.117818 0.11354 0.727238
0.0279714 -0.0375558 0.0703253
0.00512572 -0.00162769 0.0344434
0.0136468 -0.048944 0.114275
-0.0967516 0.0471767 0.282
-0.00200746 0.00679375 0.0537612
-0.000897724 0.00765318 0.0534492
-0.15248 0.0273122 0.28252
-0.126568 -0.0473856 0.274971
0.112885 0.00253894 0.180315
0.162819 0.0642215 0.231065
0.107351 -0.0130127 0.213803
-0.132026 0.0179086 0.282267
0.00820743 0.0112045 0.0541371
0.0705528 0.00529496 0.361543
-0.110456 -0.00454565 0.287485
-0.173775 -0.0415316 0.31239
-0.105995 -0.00398616 0.274211
0.0427138 0.00472977 0.317852
-0.00730815 0.0225714 0.0844533
-0.0168239 0.00622905 0.0403497
-0.195189 -0.0302884 0.333574
-0.130011 -0.0413155 0.212278
-0.00718657 0.000552042 0.0128386
0.152875 0.0822107 0.247646
0.00694299 0.0123047 0.0542495
0.135215 -0.0155242 0.243292
-0.103238 -0.0455294 0.176261
-0.178189 -0.0265006 0.280217
-0.133787 -0.0567968 0.226928
0.00626703 -0.0438483 0.237303
0.143766 0.0833517 0.261264
-0.128022 -0.0504444 0.247953
-0.00119152 0.0107438 0.0470404
-0.114242 0.0184697 0.271773
-0.00549892 0.00685262 0.0537405
-0.00810238 0.00696138 0.053269
0.176082 0.0692632 0.285687
0.112871 0.0585071 0.232807
0.00507962 0.00820538 0.0548937
-0.00578186 0.000723069 0.00992111
-0.016951 0.0131554 0.0597959
-0.138707 -0.0566338 0.239285
0.0695724 0.0836983 0.205773
0.0410594 0.0214678 0.152851
0.037627 0.02093 0.105887
0.187533 0.0523999 0.265041
0.0350154 0.0221718 0.0588326
0.10538 -0.00450416 0.184783
0.123104 0.0586846 0.270064
0.176903 0.0348313 0.250773
0.0188104 0.0296984 0.350096
-0.118049 0.0169442 0.276767
0.0069001 -5.69769e-05 0.0395467
0.0522999 0.00352094 0.165205
0.199692 0.0637054 0.358247
-0.0267466 0.0177828 0.0744581
0.193504 0.0376506 0.272205
-0.191449 0.0276098 0.350346
-0.110085 -0.000952623 0.273501
-0.0481301 0.0468339 0.230857
-0.142826 -0.0110282 0.281871
-0.0716814 0.0179521 0.220745
-0.00711785 0.00701173 0.052984
-0.152802 -0.0306983 0.327062
0.00450366 0.00819348 0.0560579
-0.0389637 0.0190561 0.0828733
-0.0259208 0.0195497 0.0836973
0.0119092 0.0106387 0.0535779
-0.00157165 0.00728931 0.063755
0.0409858 0.0215664 0.152928
-0.00868101 0.00853357 0.0518343
0.0691168 0.0357277 0.187272
-0.0457584 0.0167266 0.0991698
-0.0335145 0.049418 0.209975
0.0197603 0.0177001 0.0552846
-0.0060355 0.0123306 0.052984
-0.108305 0.0175581 0.25192
-0.175739 -0.023302 0.280582
0.159694 -0.0169909 0.308213
0.0116747 0.0115035 0.0377869
0.0908672 0.0870191 0.221508
-0.171504 -0.0223589 0.275496
-0.188666 -0.00610102 0.313927
-0.233572 -0.00830781 0.385797
-0.0109748 -0.0119454 0.0738857
-0.00825034 0.00798682 0.052964
-0.00906523 0.00556492 0.0550416
-0.00894987 0.00521026 0.052685
-0.0447687 0.0181654 0.0696358
-0.00925668 0.0116865 0.0460955
-0.131853 0.0192208 0.283776
-0.124724 0.0180688 0.268817
-0.171836 -0.0226255 0.275152
-0.131886 -0.0541784 0.211909
-0.225115 -0.00768932 0.373157
-0.133485 -0.0547077 0.214947
-0.180873 0.0354851 0.335841
0.0171012 0.00621993 0.0429564
0.210896 0.102265 0.298481
0.146708 0.0312435 0.275545
0.00412557 0.00994738 0.0539434
-0.033768 0.0193001 0.0821005
-0.0631442 0.0191622 0.152421
-0.027457 -0.00194482 0.0423499
-0.00707109 0.0116661 0.052684
-0.00866806 0.00496212 0.0508286
-0.0186296 -0.0372686 0.22835
-0.019177 -0.0398202 0.227955
-0.0745878 0.0612791 0.288569
-0.0245198 0.0192304 0.0769464
0.00458779 0.00356647 0.0193153
0.159961 0.0860841 0.258965
-0.0464617 -0.0456662 0.28759
-0.0122994 -0.00425947 0.0210613
-0.048044 0.0471504 0.238512
0.0103007 0.00928315 0.055437
-0.00046827 0.00946027 0.0537275
-0.00787531 0.00720296 0.0524681
-0.14042 -0.0115079 0.217844
0.0254286 -0.0496615 0.302785
-0.124785 -0.00172568 0.274551
-0.111433 0.039323 0.246488
-0.127486 -0.0406901 0.20857
-0.0157489 -0.000112442 0.0406113
-0.0106334 0.0034708 0.020023
0.0122959 -0.000683796 0.0587462
-0.0149668 -0.000202223 0.0386619
0.150123 0.054089 0.242105
0.0379723 -0.0265547 0.109592
0.00195783 -0.000975936 0.0251807
0.0656985 -0.0348527 0.157299
-0.126254 0.0311021 0.279358
-0.00569963 -0.000389174 0.0111274
0.0185509 0.00563821 0.0903814
0.140167 0.0720269 0.283703
0.000708112 -0.012514 0.0398715
0.132766 0.0082277 0.30447
0.0394903 -0.0176829 0.121286
-0.130693 0.0211874 0.278473
-0.114175 -0.0556738 0.18383
0.00254389 -0.00156815 0.0346694
-0.00782241 -0.000604042 0.0126306
-0.165125 -0.0133824 0.317075
-0.125534 -0.0620286 0.202694
-0.171289 -0.00173222 0.338797
-0.0130525 -0.00452334 0.0212344
-0.108146 -9.15444e-05 0.211805
-0.021457 -0.00095153 0.047851
-0.00484795 0.00769868 0.0529686
0.124576 0.0071137 0.341878
0.00801711 0.0120817 0.0544329
-0.0252489 0.0471326 0.211676
-0.149694 0.0410853 0.30405
0.0269876 0.0104445 0.43689
0.0739085 0.0256544 0.363015
0.0720822 0.0246403 0.353963
0.00555749 -0.00613525 0.026982
-0.0407571 0.0208296 0.0720027
-0.0437622 0.01986 0.0751619
-0.128878 0.0427919 0.299908
-0.132139 -0.0419617 0.21604
-0.13819 0.0577548 0.312336
-0.128042 0.0253287 0.287561
-0.135488 0.0446667 0.315178
0.157388 0.00464045 0.246376
-0.00431618 -0.00134052 0.0123249
-0.144242 -0.0205061 0.232851
-0.00727409 0.012412 0.0529217
-0.0392322 0.0199947 0.0698247
-0.0737185 0.0562927 0.275688
-0.0131065 0.00625642 0.0250282
-0.13428 -0.0569089 0.227637
0.14972 0.0699004 0.366622
0.00662241 0.0116792 0.0547034
0.00365103 0.0108988 0.0544585
0.00416871 0.00927308 0.0534854
0.142462 -0.0149042 0.266705
0.155979 0.157879 0.403289
