0.725513 -0.120391 1.62125
-0.127062 0.120615 1.36797
0.754303 -0.342312 1.64557
0.0532466 0.119379 0.401437
0.0496915 0.111124 0.421732
0.11653 0.0823334 0.412146
-0.0564878 0.11029 1.30833
0.763309 -0.352898 1.66178
0.110953 0.135139 0.418966
0.0291113 0.109596 0.452288
-0.162575 0.147055 0.535124
0.0575067 0.105826 0.402733
0.100698 0.128907 0.401696
-0.165048 0.150216 0.54459
0.12224 0.0864271 0.431283
-0.0409191 0.0855992 0.391954
0.145043 0.0887898 0.386747
0.205239 0.07999 0.323179
-0.125494 0.118578 1.37176
-0.0405065 0.0855812 0.391487
0.044532 0.0849179 0.420029
-0.00958985 0.0622626 0.404497
-0.100511 0.0902201 0.488841
-0.00376849 0.0880675 0.402475
-0.209906 0.145396 0.493112
-0.496917 0.0587967 1.50988
0.0684729 0.128332 0.401731
-0.181408 0.147485 0.516284
1.0468 0.0758879 6.41298
-0.212359 0.147456 0.498184
0.0364724 0.0823071 0.354829
-0.0898447 0.0763976 0.382086
-0.304165 0.237686 1.51543
0.024478 0.0631104 0.394226
0.481084 0.0708997 0.835847
0.0275713 0.0728592 0.394547
-0.0644364 0.0989553 0.44104
0.473741 0.0392067 0.808858
-0.128761 0.131398 1.37111
0.00720478 0.0823366 0.358568
0.120745 0.0881557 0.437015
0.211462 0.100821 0.328899
0.135546 0.0811908 0.36459
0.0447014 0.0940104 0.354558
-0.266727 0.0863564 1.33039
0.214347 0.105122 0.329327
-0.0962976 -0.0894393 0.418021
0.10649 0.097967 0.468337
0.169827 0.116253 0.365978
0.0298774 0.051199 0.497733
0.444533 0.203125 0.538282
0.215652 0.0954793 0.300107
0.0101135 -0.0556081 0.265757
0.0418009 0.0534864 0.404812
0.1524 0.0692934 0.381084
0.151297 0.0690046 0.379689
-0.0894652 0.071204 0.375414
0.176177 0.0814091 0.450662
-0.0830737 0.0687547 0.362991
0.0546435 0.0930949 0.291044
-0.0117703 0.118067 0.298924
0.0475886 0.125861 0.398213
0.103479 0.111731 0.474669
0.193342 0.0863353 0.39482
0.160288 0.120504 0.379032
0.0427718 0.163651 0.48817
0.0771363 0.133809 0.353503
0.0671219 0.126762 0.399408
0.0587443 0.120692 0.384685
0.0891081 0.105713 0.39533
-0.0581551 0.0852078 0.400457
-0.0175402 0.0928871 0.406106
-0.00677945 0.12308 0.394226
-0.0678338 0.0820054 0.389762
0.100119 0.0910615 0.288135
0.692284 0.0120194 0.718866
0.0139448 -0.0242758 0.226725
0.017449 -0.0269772 0.227109
0.0146553 -0.0261253 0.222836
0.00049765 -0.0189292 0.231369
-0.0265157 0.274528 1.19387
0.0292211 0.0756504 0.409106
0.209438 0.082413 0.329298
0.142068 0.0802526 0.424669
-0.652941 0.323526 1.44214
-0.126558 0.127508 0.37982
-0.16489 0.145093 1.35126
0.195425 0.120132 0.382827
0.145787 0.0666155 0.361381
-0.173657 0.144565 0.582421
-0.537948 0.257298 1.48299
0.700448 -0.441765 2.03899
0.789238 -0.344045 1.64066
0.159043 0.0675388 0.374706
-0.0553075 0.082723 0.388317
-0.0412992 0.0849109 0.391323
0.837456 -0.0584127 1.61778
0.210351 0.126776 0.354517
0.173944 0.211753 1.95387
0.996738 0.0185192 1.48612
-0.0744998 0.0707402 0.34437
-0.0445712 0.163678 1.51913
0.949083 -0.444186 1.06461
0.573519 0.0842718 0.705666
0.502982 0.101892 0.623936
0.0490236 0.0515059 0.488183
0.104482 0.0810018 0.419385
0.214884 0.0527215 0.303259
-0.0568463 0.126168 1.26571
-0.0825538 0.0992494 0.377136
-0.00187355 0.0778146 0.378033
0.525701 0.101414 0.875246
0.00474587 0.0480238 0.430538
0.0271071 0.0646288 0.396754
0.0654274 0.129116 0.410049
0.0372174 0.118793 0.482957
-0.0381036 0.163872 0.458725
-0.290181 0.314621 1.48884
-0.0715943 0.0838185 1.46316
0.143709 0.0730213 0.371206
-0.685382 0.155213 1.56335
0.117717 0.149188 0.541043
0.0394123 0.13594 1.24089
0.776013 -0.266954 1.61203
0.134912 0.0743242 0.396585
1.23138 -0.517092 2.2767
-0.0836252 0.0911133 0.373615
0.0537128 0.114047 0.428366
-0.00517274 0.143518 0.425875
0.332504 -0.282351 2.46562
-0.431733 0.286081 1.26472
0.225864 -0.13324 0.897717
0.117447 0.0825827 0.408495
-0.114238 0.105027 0.453647
-0.0690918 0.0855941 1.40512
-0.524525 0.173423 1.57698
0.476451 0.0487129 2.38895
0.0916787 0.0826031 0.375479
0.154882 0.0765683 0.387601
0.296946 -0.0257811 2.20754
0.194444 0.105395 0.383709
-0.440119 0.212058 1.36967
0.511363 0.185092 2.15786
0.134962 0.0830021 0.373702
0.479671 0.214028 2.24248
0.0399538 0.0283662 1.48467
0.91024 -0.245524 1.67101
0.0231872 0.102451 0.429321
1.5118 -0.496467 2.70547
-0.461719 0.239891 1.42748
0.140401 0.0676787 0.351398
-0.0723335 0.0854074 1.44463
0.173851 0.0674087 0.374815
-0.145777 0.127123 0.528486
-0.630305 0.0873365 1.45732
-0.0436974 0.0872388 0.398892
0.039253 0.0824641 0.407526
0.17795 0.0640432 0.3806
0.102568 0.143174 0.419832
1.27975 -0.535736 2.38887
0.00446781 0.120024 0.450952
0.691198 0.11427 1.68561
0.000975193 0.117858 0.436963
-0.0598983 0.106826 0.426164
-0.51748 0.177329 1.62676
-0.193405 0.153315 0.540931
0.0978787 0.082248 0.433964
0.114063 0.102425 0.509295
-0.183769 0.172931 1.30102
0.0299086 0.137559 0.458701
-0.0808146 0.131356 0.372794
0.024113 0.0987882 0.43105
-0.176655 0.139804 0.496072
0.387345 -0.438344 1.75334
-0.455904 0.232082 1.45637
-1.0239 0.544165 2.2803
-0.519934 0.311557 1.33131
0.759465 -0.26978 1.57624
-0.0470587 0.0717716 0.389545
-0.583787 0.212927 1.42145
-0.143392 0.10473 0.388686
-0.0522321 0.0975937 0.381292
-0.468592 0.213454 1.32272
-0.0517672 0.0510477 0.367992
0.181516 0.115437 0.280541
0.161014 0.108597 0.343356
0.201489 0.141016 0.418489
-0.00654653 -0.158724 1.38221
0.139862 0.0792854 0.420778
-0.124399 0.124862 0.378602
0.676501 -0.425937 1.99376
-0.0455749 0.086017 0.395522
-0.529512 -0.0184996 1.24154
0.763572 0.139753 1.63856
-0.0847843 0.134393 0.38149
0.10193 0.178701 0.480272
0.0980681 0.139609 0.40037
-0.110174 0.150261 0.424451
0.0832919 0.137268 0.341784
-0.455144 0.216331 1.44145
1.03438 -0.414787 1.9397
0.256883 0.0782639 0.363764
0.170921 0.0648322 0.366225
1.07498 0.0109994 1.61825
-0.411424 0.152807 1.55174
-0.394883 0.147149 1.4946
0.050161 0.0869818 0.219337
0.737784 -0.230232 0.824487
0.171819 0.123362 0.283412
-0.367186 0.147855 1.355
-0.068275 0.0771727 0.406382
-0.160308 0.158866 1.3831
-0.0644767 -0.461509 1.43155
0.48036 0.108369 0.79362
-0.147202 0.133988 1.22214
-0.495417 0.237891 1.445
0.047118 0.0841868 0.512671
0.173995 0.0821296 0.37039
-0.0659273 0.0813863 0.389749
-0.0199444 0.0917009 0.397007
0.0851868 0.0679793 0.362982
-0.211245 0.179826 1.37189
0.663408 -0.332023 1.967
0.00416508 0.0723562 0.392714
0.0410141 0.10318 0.428441
5.91474e-05 0.098505 0.739605
0.0256215 0.0622461 0.39849
0.394993 0.0999963 0.582014
0.232529 0.0684453 0.322022
0.2147 0.0725299 0.309129
0.608268 0.180418 0.723709
0.00566496 0.0715839 0.380959
-0.0667671 0.0809372 0.384172
-0.0884611 0.0667158 0.409036
0.825204 -0.102911 1.48253
-0.0344833 0.0698131 0.396281
0.235959 0.250675 2.30015
0.197769 0.0496702 0.309303
-0.328066 0.194945 1.33558
-0.0778052 0.147533 1.22357
0.182037 0.117039 0.368282
0.216054 0.0414769 0.322792
0.154385 0.114354 0.357772
-0.089761 0.113537 0.411956
0.668229 -0.364034 1.62747
-0.514435 0.172393 1.56564
0.0209437 0.080473 0.386454
0.00468905 0.102925 0.390406
0.0218381 0.106328 0.417458
-0.179927 0.149225 0.538478
-0.458731 0.245138 1.45074
0.173047 0.0666143 0.372674
0.146109 0.0678512 0.349411
0.14817 0.0666422 0.344998
-0.0473786 0.0707498 0.383793
-0.017505 0.108727 0.383868
-0.0762307 0.138555 0.381486
-0.184024 0.154229 0.543185
-0.507591 0.299513 1.29351
0.0230975 0.101129 0.435034
0.00231689 0.0567019 0.406216
-0.0908255 0.0721702 0.380043
-0.0023982 0.0962465 0.40803
-0.0526326 0.119526 0.479124
0.111551 0.089631 0.460372
0.176653 0.0639113 0.380113
2.30973 -2.56494 9.90306
1.33704 -0.395478 2.40864
0.282276 0.0207068 2.44153
0.694337 -0.385337 1.69673
0.0228147 0.111587 0.432198
0.208299 0.0957726 0.314067
0.561282 0.12933 1.68917
0.542616 0.0320155 0.781696
0.750458 0.148064 1.12459
0.0380782 0.0467959 0.411543
-0.0549566 0.0642927 0.409778
0.0877206 0.113816 0.373984
-0.0557066 0.0732174 0.398876
0.104732 0.124255 0.388632
-0.0797268 0.0956218 0.37348
0.22173 0.0776206 0.312617
-0.0720678 0.0849012 0.347509
0.272448 0.0806745 0.382785
-0.112928 0.0802689 0.471116
0.510191 0.169117 0.921376
0.2124 0.0888157 0.324539
0.339546 0.156171 0.64299
0.203875 0.0851046 0.309988
-0.0895447 0.080627 0.390634
0.0267557 0.121096 0.402959
-0.0742801 0.0669133 0.393481
0.200882 0.127384 0.405321
0.0282471 0.108456 0.445089
0.280488 -0.220887 1.15282
-0.00957339 0.0533472 0.401483
0.158167 0.0665896 0.371253
0.217399 0.0751587 0.306168
0.0753668 0.152833 0.35644
0.150725 0.126272 0.310139
0.143421 0.14971 0.361739
0.194496 0.136187 0.34144
0.133844 0.122738 0.275657
0.159177 -0.0249714 0.330467
0.730492 -0.42084 0.852279
1.0809 -0.357033 1.3597
0.00194638 0.0724244 0.372199
0.968688 -0.0743542 1.69226
0.804809 -0.350477 1.67759
0.0308352 0.0759655 0.446557
0.033793 0.0773973 0.387748
0.224957 0.0835239 0.316913
0.140309 0.0681085 0.373258
0.0589699 0.119674 0.430115
0.0387612 0.0547866 0.471584
0.487728 0.0701157 0.839515
0.173726 0.0881959 0.482857
0.0430859 0.154333 0.629172
0.0499943 0.126638 0.404524
0.0373403 -0.0143117 0.251491
0.094506 0.0861841 0.403574
-0.0178395 0.0925213 0.403352
-0.0176643 0.108644 0.38922
0.0896487 0.107266 0.403348
-0.0839671 0.0781717 0.373617
-0.173475 0.140154 0.56978
-0.0827762 0.0956209 0.384016
0.00307439 0.0656131 0.448864
-0.012741 0.0618273 0.402309
0.155104 0.114874 0.360779
-0.0757747 0.0746219 0.363469
-0.401377 0.222508 1.6365
0.214659 0.0331034 2.12075
0.454828 0.0368816 0.775612
0.357217 -0.0155865 2.508
0.190817 0.0712925 0.413636
0.242651 0.111891 0.506524
0.000705384 0.116602 0.426994
-0.0807003 0.108701 0.379807
0.204462 0.0851831 0.311179
0.0139142 0.13024 0.427568
0.978519 -0.182116 1.51927
1.22836 -0.423565 2.21473
0.81778 -0.0553181 1.58614
0.0309839 0.116067 0.461317
0.244062 0.0367309 2.51162
-0.0406627 0.080784 0.712895
0.117967 0.0869831 0.433676
-0.0571436 0.0781544 0.425083
0.0503565 0.109406 0.413739
0.272262 0.0399335 2.43651
-0.058056 0.0753335 0.379115
0.181094 0.117489 0.368785
0.144021 0.131335 0.358983
0.10477 0.135121 0.421547
-0.056424 0.136218 0.391469
-0.180815 0.140809 0.468737
-0.162332 0.150472 1.36536
-0.0821582 0.133851 0.380952
-0.168981 0.133285 0.462209
0.0672282 0.121534 0.39035
-0.0940933 0.137068 1.04164
0.113116 0.0833823 0.417214
0.0259221 0.120604 0.404117
0.159067 0.102191 0.452728
0.017063 0.0988022 0.375539
-0.00305688 0.0876916 0.40893
0.899254 -0.0631098 1.73276
-0.00329161 0.0837038 0.404474
0.792197 -0.126379 1.63383
-0.466333 0.183302 1.61305
-0.0188681 0.11179 0.401017
0.0258684 0.105512 0.352599
-0.456857 0.230161 1.02727
0.209323 0.100087 0.323715
0.0287862 0.108893 0.449006
-0.0656044 0.064603 0.404131
-0.165586 0.126444 0.54075
0.045881 0.0816435 0.531117
-0.137526 0.11127 0.385748
0.211215 0.0440065 0.316512
-0.563118 0.312473 1.62271
-0.435638 0.262272 1.12143
0.217325 0.0521626 0.341122
-0.285248 0.163859 0.579258
-0.00453198 0.0568184 0.378288
-0.329375 0.146019 0.555242
-0.0220173 0.148384 0.427664
-0.0616125 0.0632541 0.389291
0.0412208 0.0434903 0.430739
-0.299301 0.180442 0.659556
0.0124849 0.0741878 0.499288
-0.0383867 0.132862 0.39768
-0.0799236 0.0706181 0.382269
-0.119114 0.119766 0.360561
-0.196968 0.137522 0.467579
0.00587116 0.149531 0.443949
0.0627705 0.128618 0.408942
0.138571 0.0832432 0.364067
0.0448042 0.0990299 0.443372
0.0455473 0.159295 0.470611
0.144323 0.0718821 0.370612
0.0436729 0.0850885 0.422477
0.0710427 0.133174 0.429995
-0.0841626 0.11196 0.392137
-0.0599413 0.0889892 0.375006
0.0246013 0.0546298 0.292283
0.110565 0.143082 0.452577
0.19028 0.126167 0.384622
0.0333045 0.165195 0.506656
0.157103 0.0662779 0.341164
-0.0814731 0.102607 0.376553
-0.0325091 0.0689509 0.394049
-0.0890457 0.0801372 0.389052
0.0378542 0.0412467 0.401818
-0.121896 0.107755 0.316688
-0.0530858 0.0843199 0.358996
-0.121789 0.107168 0.315101
-0.0788332 0.070019 0.379517
0.205977 0.0938095 0.320614
0.048248 0.113568 0.463041
0.0366151 0.115939 0.47257
-0.000777283 0.0961509 0.40026
-0.0200395 0.144678 0.418296
0.194747 0.0528689 0.312186
-0.0310622 0.0683652 0.389315
0.042022 0.0430161 0.420252
-0.0664242 0.0735785 0.381321
-0.0660929 0.0784271 0.373599
0.152824 0.102242 0.322614
-0.198924 0.151277 0.522124
-0.623001 0.216337 1.48462
-0.243402 0.163611 0.569765
-0.330206 0.17698 0.834087
-0.596812 0.21058 1.42938
-0.220395 -0.0753465 0.812249
-0.0501049 0.0757138 0.336959
0.0415972 0.0966119 0.40715
0.938437 -0.364073 1.5096
0.0961676 0.137429 0.394443
0.0228718 0.0904608 0.392152
0.161407 0.0685748 0.380369
0.0307464 0.0845762 0.413791
0.00308006 0.10253 0.376982
0.1025 0.0799725 0.40948
0.118431 0.1275 0.336613
-0.0866513 0.113269 0.406206
0.220093 0.123482 0.299694
0.0452932 0.13142 0.329719
0.142003 0.143631 0.344254
0.542222 0.0243215 0.901213
0.200661 0.118677 0.293505
0.179211 0.0778493 0.245021
0.0937409 0.211434 0.483785
0.0758454 0.154743 0.354693
0.191105 0.125947 0.36894
0.0692634 0.143354 0.368309
0.0236373 0.0362367 1.23146
-0.0340102 0.121696 0.364917
0.477694 0.042097 0.800376
-0.0543885 0.0820866 0.3857
0.726626 -0.0928912 1.60818
0.136457 0.0749153 0.400347
-0.208523 0.171585 0.606798
0.118122 0.0823313 0.407684
-0.0654816 0.0953757 0.402734
-0.232732 0.154957 0.701706
-0.067703 0.0927728 0.382333
0.0173439 0.0747702 0.30767
0.0315646 0.112132 0.449739
0.137752 0.0840137 0.379693
0.0114511 0.0901009 0.401325
-0.604562 0.306425 1.35065
-0.223027 0.155936 0.52632
1.54349 -0.494549 2.52166
-1.32328 0.700666 2.93647
-0.0736371 0.0759196 0.368781
-0.0870709 0.133385 0.393734
0.00136194 0.0669596 0.423742
-0.480875 0.26389 1.20376
0.140365 0.0901767 0.397413
0.042574 0.0973999 0.419292
-0.420689 0.166513 1.48206
1.00436 -0.251545 1.82761
-0.171456 0.140644 0.576935
-0.259165 0.159017 0.565548
-0.480646 0.262068 1.50807
0.167424 0.1027 0.340461
0.250573 0.104562 0.346177
0.314094 0.0798144 0.458005
0.25703 0.106454 0.354356
0.141319 0.109977 0.346135
0.227394 0.07623 0.324654
0.0259053 0.139835 0.37411
0.21149 0.0836914 0.332641
-0.0209466 0.147239 0.425623
-0.232216 0.177823 0.476819
-0.345938 0.155211 0.639165
0.30258 0.109378 0.524288
0.288707 0.0709627 0.417875
0.0578312 0.13663 0.396754
0.0490715 0.1352 0.371233
-0.680945 0.081421 1.55638
-2.48404 -0.0356476 3.44599
-0.976138 -0.0376961 1.76353
-0.0688712 0.0933966 0.373401
-0.0561443 0.079848 0.368153
-0.0719095 0.101809 0.379653
-0.137807 0.139366 0.749199
-0.177372 0.135502 0.504417
-0.200067 0.157757 0.518883
-0.197823 0.147466 0.546327
-0.0815881 0.0704016 0.368893
-0.159551 0.146396 0.53737
-0.492268 0.198458 1.48453
-0.300948 0.240438 0.751209
-0.198402 0.15714 0.516214
-0.170903 0.145884 0.517962
-0.173628 0.135188 0.526324
-0.016791 0.128089 0.397811
0.180328 0.10965 0.370802
0.181014 0.126151 0.340755
0.121332 0.102203 0.275278
0.181648 0.106491 0.263276
0.136067 0.105203 0.331451
0.0612698 0.142784 0.415318
0.0544109 0.125876 0.437091
-0.0211564 0.141371 0.438726
-0.327885 -0.356972 1.37038
0.171375 0.0599197 0.360514
-0.637181 0.0839032 1.47983
-0.440299 0.172077 1.45582
0.67565 -0.222603 1.73646
0.569251 -0.533283 1.42326
-0.00222575 -0.181148 1.51525
-0.00655666 0.0582913 0.406726
-0.21399 -0.0221467 0.362751
0.0204161 -0.0273675 0.221215
-0.214011 -0.0220418 0.362884
0.0326418 0.0617404 0.39121
0.582454 0.0859846 0.72194
0.711198 -0.359728 0.789794
0.855656 -0.0959181 1.5079
0.0213105 0.0664181 0.555074
0.0266674 0.0468787 0.457218
-0.100777 0.0986194 0.683248
0.150891 0.0681741 0.376395
-0.293683 0.095883 1.40414
0.755096 -0.40301 0.884631
0.197791 0.0778245 0.301423
0.443883 0.202366 0.505765
-0.104113 0.0823204 0.433618
0.0981498 0.136844 0.351258
0.141414 0.0987017 0.27605
0.225907 0.0748283 0.320469
-0.0013176 0.147776 0.43266
0.0236172 0.151873 0.404409
-0.054464 0.0826223 0.387538
-0.0738995 0.0678408 0.385552
-0.0703365 0.134758 0.326542
-0.0760658 -0.0448382 1.38991
0.933089 -0.434572 1.54491
0.662185 -0.157716 1.6271
0.843726 -0.542394 1.56329
0.684879 0.0887731 0.690382
0.65405 0.00701538 0.77696
0.498154 0.0495207 0.824877
0.567832 -0.53239 1.43199
-0.173841 0.175566 1.43759
-0.413728 0.161541 1.46345
-0.514602 0.198513 1.54925
0.696868 -0.379837 0.740662
-0.0593714 -0.0323798 1.25043
-0.378268 0.142754 1.39847
0.296357 0.246452 2.34256
0.844145 -0.3565 1.57374
0.728149 0.133277 1.71535
1.01412 -0.188392 1.57737
1.05478 -0.348855 1.32693
-0.383058 0.22525 1.56632
0.0116526 0.0898727 0.411662
0.0396642 0.0645806 0.406388
0.671304 -0.00432744 0.807509
0.00167036 0.0784747 0.39716
0.320142 0.0804499 0.471027
0.615419 -0.19609 0.821964
0.599996 0.0289964 0.752644
0.678617 -0.366807 1.63087
0.772888 -0.149722 1.46446
0.621875 -0.573367 1.50913
0.613123 -0.193384 0.815867
-0.0684521 -0.03676 1.32814
0.724029 -0.111529 1.60766
-0.466193 0.214475 1.41042
0.1666 0.117657 0.243464
0.179485 0.137274 0.323742
0.112788 0.118735 0.421134
0.173956 0.118117 0.281192
-0.0745948 0.0690174 0.385767
-0.0181874 0.163825 0.425301
0.0166503 0.108713 0.530321
-0.0884356 0.103322 0.407585
0.179005 0.121902 0.323434
0.0052981 0.155595 0.461737
-0.0749864 0.10337 0.376737
0.197809 0.147547 0.417821
0.0211556 0.155424 0.453247
0.0723512 0.136013 0.426963
0.162661 0.0688365 0.382627
0.590703 -0.52731 1.37115
-0.20191 0.16623 1.292
0.882994 -0.565921 1.63127
-0.0343305 0.0605884 0.337378
0.517159 0.0413635 0.879695
-0.0477831 0.0696266 0.383553
0.591467 0.0820282 0.711105
0.00583344 0.0690105 0.400989
0.0411301 0.0526908 0.406182
0.0403803 0.0772853 0.482642
-0.0291077 0.16357 0.77299
0.184248 0.132651 0.300171
-0.0543344 0.153612 0.290081
0.337027 0.184643 0.419023
0.247898 0.108826 0.345032
0.191908 0.111666 0.255548
-0.000620764 -0.0188449 0.231458
-0.11568 0.156132 0.439214
-0.0664774 0.0774465 0.364677
-0.0803403 0.092209 0.37548
0.208771 0.126034 0.351264
-0.0892063 0.124895 0.404236
-0.392316 0.162261 1.44862
0.125516 0.0931442 0.257937
0.0620616 0.145971 0.415503
0.16743 0.0727497 0.350226
0.100037 0.121593 0.434991
0.794084 -0.273405 1.65301
0.257835 0.0795617 0.365554
-0.0605882 0.142254 0.411067
0.0421914 0.0532604 0.400451
0.00227012 0.0764835 0.500862
-0.000243379 0.164654 0.436154
0.0362544 0.0757136 0.314433
0.109925 0.166663 0.481563
-0.0571473 0.136168 0.393448
0.0447028 0.165669 0.492327
0.701819 0.0685123 0.655355
-0.0827736 0.118497 0.383062
0.182783 0.122111 0.351822
-0.00693003 0.0756147 0.412106
-0.0156519 0.0901589 0.394064
0.0595555 0.122358 0.391034
-0.159781 0.186848 0.541801
0.245711 0.0754946 0.345562
0.092978 0.172137 0.448324
0.159856 0.107954 0.340725
0.228607 0.101008 0.317032
-0.125898 0.139582 1.35265
0.313026 0.173334 0.662568
0.127841 -0.00414131 0.283162
-0.000229009 -0.0182856 0.229424
0.0180058 -0.0237728 0.227238
-0.0337826 0.169866 0.36629
0.16781 0.141703 0.319803
0.671188 -0.489895 2.02853
-0.433256 0.293579 1.27563
-0.500122 0.267287 1.53568
-0.641891 0.126632 1.43238
0.569919 -0.0712338 1.10867
0.802116 -0.0554373 1.55896
-0.0703141 0.0671744 0.368965
-0.0661946 0.0769369 0.370522
-0.203926 0.19182 0.503716
-0.755371 -0.0271246 1.38816
0.109633 0.132213 0.412962
-0.0655902 0.090595 0.374162
0.0257556 0.0541458 0.393746
-0.0802324 0.070069 0.415823
-0.00696696 0.0695205 0.413545
0.171136 0.0701096 0.364414
0.975832 -0.324053 1.23893
0.039924 0.0681313 0.397767
-0.0893378 0.0657704 0.387385
0.738026 -0.431276 0.876723
0.635897 -0.00680124 0.800274
0.621648 0.0352695 0.772243
0.448969 0.206047 0.515251
0.213427 0.132255 0.325726
-0.481709 0.358501 1.51656
-0.0797493 0.0730445 0.367835
-0.0795146 0.0731561 0.367547
-0.197248 0.129662 0.484108
-0.0800568 0.0739266 0.369264
-0.378092 0.197811 1.34205
-0.283836 0.188675 1.38505
-0.189234 0.248302 1.35616
-0.581932 0.444726 1.82
-0.144699 0.234579 1.2988
-0.0340243 0.270592 1.30117
-0.284655 0.32963 1.5422
-0.171042 0.146063 0.518859
-0.170887 0.145949 0.519341
-0.771344 -0.11332 1.43947
-0.443256 0.234503 1.53994
-0.646935 0.154369 1.51754
-0.960502 -0.0353575 1.73127
-0.200719 0.152481 0.524577
-0.199784 0.148005 0.532716
-0.693223 -0.10493 1.31811
-0.990465 0.267078 1.54703
-0.995332 0.264225 1.55838
-0.199453 0.153954 0.517131
-0.235043 0.169927 0.533268
-0.188786 0.151637 0.523453
0.00231848 0.0628325 0.404546
0.700135 -0.1617 1.70321
-0.539361 0.262949 1.48529
-0.166961 0.172495 1.37214
-0.279848 0.104149 1.46124
-0.0760538 0.138371 0.380903
-0.223956 0.156401 0.528468
-0.19617 0.144614 0.538843
-0.627675 -0.023388 1.43494
-0.187386 0.33111 1.40622
-0.312787 0.188633 0.673425
-0.211857 0.14605 0.507786
-0.698198 0.418733 1.41237
-0.192917 0.142104 0.533205
-0.145433 0.0889186 0.434391
-0.236345 0.14254 0.528918
-0.241992 0.190239 0.48412
-0.262489 0.200741 0.538976
0.282531 0.195903 2.26708
0.149655 0.13192 0.282455
0.169169 0.119151 0.250502
0.00359539 0.0455458 0.349551
0.117902 0.112789 0.27515
0.0737116 0.0890526 0.189329
0.150848 0.14282 0.305727
0.238781 0.150819 0.322676
-0.0505076 0.155842 0.397713
-0.0895026 0.171808 0.440286
0.142378 0.118325 0.289449
1.08326 -0.354912 1.36008
0.935224 -0.289539 1.05916
0.0430406 0.0546373 0.411987
0.284434 0.0250246 2.45
0.738628 -0.394329 0.831635
1.19984 -0.506639 2.4015
1.70648 -0.348836 3.43572
0.739161 -0.401959 0.771831
-0.39639 0.164835 1.46483
0.821356 -0.0846339 1.60116
0.355606 -0.187714 2.54742
0.820065 -0.0887149 1.60062
0.227107 0.191729 2.21173
0.797972 -0.063821 1.43294
0.470821 0.0465788 2.38195
0.0942664 0.0243365 2.47167
0.00848198 0.0777431 0.392072
0.0924895 0.0757644 0.403672
0.60852 0.126678 0.772838
1.09793 -0.362651 1.3797
0.579769 -0.49684 1.71489
-0.441176 0.135193 1.41143
0.789248 -0.336862 2.16783
-0.271035 0.293124 1.19965
-0.0799198 0.178537 1.34213
-0.36697 0.219748 1.48127
-0.70838 0.163355 1.61367
-0.64577 0.081765 1.39182
-0.184629 0.172181 1.29716
-0.176663 0.247018 1.33572
-0.0536363 0.105681 1.29968
0.0378863 0.0414359 0.397365
-0.0867343 0.112999 0.413055
-0.00176428 0.0900932 0.426579
0.0318912 0.0697993 0.391474
-0.0166367 0.0918114 0.401074
0.112074 0.0797207 0.396418
-0.0810232 0.0832471 0.569194
-0.226503 0.15593 0.531207
-0.554336 0.210351 1.34941
-0.446912 0.204556 1.30159
0.75548 -0.123073 1.63475
2.07994 -0.616305 3.39944
-0.192053 0.239062 1.50721
0.691234 -0.499378 2.0854
0.159731 0.0672054 0.348815
0.928259 -0.354419 1.49346
0.024742 0.0621919 0.398177
-0.000160957 0.066546 0.390303
-0.0786661 0.0820041 0.377298
-0.0384679 0.0878231 0.351456
0.0168282 0.124473 0.363088
-0.04445 0.068613 0.316915
0.193594 0.121324 0.381427
0.246052 0.130572 0.380124
-0.0637801 0.0868877 0.355117
-0.0659162 -0.042464 0.381877
0.0379367 0.0516973 0.405642
0.364591 0.132391 0.620874
0.975088 -0.4501 1.61093
0.653996 0.00424698 0.77977
0.410092 -0.38386 1.02823
-0.127142 0.24036 1.32422
-0.206336 0.442892 2.09148
-0.679828 0.162911 1.49697
0.699955 0.148051 1.68537
-0.574848 -0.0228915 1.33653
-0.7172 0.154554 1.6151
-0.319968 0.203306 0.519298
-0.268269 0.186103 0.48539
0.888708 -0.328609 1.61824
-0.140999 0.129458 1.20064
-0.0788706 -0.185953 0.578907
0.312096 -0.265423 2.31718
0.515757 -0.408895 1.14728
0.75158 -0.120424 1.61199
0.270532 0.235282 2.20782
0.737644 0.187172 2.32729
0.683701 -0.191073 1.6822
0.57518 0.100063 0.767785
-0.279668 0.322255 1.51839
0.192809 -0.112896 1.54943
-0.0820189 0.270207 1.31104
-0.816315 -0.116018 1.50382
-0.3289 0.207731 0.947476
0.775699 -0.111163 1.51754
-0.121004 0.214923 1.40942
0.861805 -0.325559 1.59927
-0.0480632 0.134945 1.00138
-0.0990412 0.0759058 1.33905
0.130833 0.446126 2.21877
0.0427436 0.111559 1.13161
-0.0817597 0.295577 1.45027
1.14481 -0.326862 1.98516
-0.0961997 0.0765985 0.406146
-0.0960798 0.148014 0.361674
0.896062 -0.0640108 1.71835
-0.0743396 0.0679376 0.51344
-0.0379307 0.0717921 0.4019
0.124943 0.219862 1.99317
-0.692346 0.243091 1.56472
1.20588 -0.415142 2.26905
-0.186085 0.247845 1.35731
-0.0521771 0.281843 1.34691
0.732944 -0.320009 1.54161
-0.0672878 0.186827 1.34333
0.0341303 0.112535 1.14919
-0.295329 0.234461 1.47397
-0.0558725 0.114711 1.27638
-0.272336 0.141927 1.42049
-0.691708 0.142513 1.34616
-0.634333 0.078675 1.37663
0.6073 0.0872569 0.734038
0.171219 -0.321929 1.40662
0.489192 -0.183393 1.43555
0.259048 0.23433 2.15351
0.222034 0.0493256 2.38377
0.0620963 0.142558 1.37716
0.632599 -0.0097794 0.795365
0.978799 -0.174288 1.51726
-0.186707 0.175454 1.31848
0.740733 -0.402937 2.51957
0.509615 0.197434 2.16248
-0.0688509 -0.0260891 1.26504
-0.0525706 -0.0299762 1.2625
-0.185208 0.180217 1.31812
-0.00439491 -0.0198538 0.233063
0.801068 -0.383603 0.942794
-0.687541 -0.0578003 1.63178
-0.0487211 0.163676 1.67649
-0.524283 -0.0321506 1.50505
0.600057 -0.502143 1.74769
-0.0177182 -0.207144 1.30135
-0.0531861 0.143777 0.843993
0.401889 -0.255511 1.78854
0.226032 0.239234 2.20044
0.251603 0.249043 2.34778
-0.470254 0.253806 1.45527
-6.82703e-05 -0.146744 1.31378
-0.0184113 0.167383 0.436347
0.340524 -0.104297 0.792876
0.342091 0.188945 0.427017
0.313358 0.173287 0.388744
0.131293 0.0896037 0.188701
-0.491352 0.177347 1.53392
0.144797 0.144932 0.353944
0.292697 0.0584067 0.440621
0.178872 0.143491 0.301801
0.0746161 0.150787 0.343874
-0.0553163 0.0837866 0.390809
0.112726 0.113548 0.241785
0.169995 0.1208 0.275467
0.441683 0.301502 0.831122
0.18407 0.137744 0.29776
0.172117 0.127262 0.27562
0.20147 0.116525 0.277885
0.241194 0.196722 0.549277
-0.073249 0.163178 0.385446
0.14162 0.131731 0.295255
0.0411026 0.117678 0.252097
-0.00104204 0.162797 0.431643
0.218462 0.113574 0.326176
0.0681266 0.140991 0.363017
0.110569 0.141955 0.535143
-0.503985 0.231052 1.50293
0.0154934 0.160105 0.467789
0.0966267 0.138224 0.371003
-0.051094 0.0717385 0.391452
0.0556419 -0.00477266 0.0562898
0.212004 0.121429 0.287434
0.641686 -0.0684198 0.815916
0.504359 0.114079 0.834176
0.692591 -0.341289 2.01226
-0.153538 0.122685 0.499403
-0.177292 0.149163 0.537724
0.0302673 0.0848913 0.410976
-0.340922 0.148741 0.576932
0.130499 0.072342 0.378427
0.608229 -0.558626 1.75868
0.783604 -0.273974 1.63256
-0.224447 0.157171 0.529933
-0.0392651 0.151626 0.415895
0.131811 0.0722364 0.382234
0.188824 0.110642 0.273927
-0.0397489 0.084489 0.385901
0.579014 0.0353688 0.744626
0.146842 0.122093 0.298775
0.169054 0.0785421 0.334885
0.137334 0.126969 0.349561
-0.039378 0.0829533 0.330664
0.0352369 0.0608976 0.408545
0.610477 0.00565213 0.724976
0.38388 -0.00285958 0.566669
0.637031 -0.000270705 0.791707
0.582364 -2.15394e-05 0.745746
-0.0198121 -0.0531666 0.663897
0.0463337 0.0981862 0.388015
0.172347 0.126352 0.324483
-0.0740056 0.135896 0.37416
-0.0726089 0.108922 0.37678
0.204196 0.116091 0.275956
0.226626 0.0879708 0.361732
-0.0285118 0.115982 0.509223
0.25142 0.0835161 0.357751
-0.054922 0.0781528 0.605354
0.417562 -0.0515352 0.776598
-0.0564561 0.136388 0.391904
-0.0566326 0.0698852 0.371685
0.177035 0.075281 0.391708
0.459072 0.00110103 0.443994
0.343043 0.10939 0.600451
-0.0581831 0.0870477 0.380972
0.622963 0.0887965 0.77699
-0.0832543 0.106161 0.383161
0.0236093 0.136093 0.356725
0.179421 0.126204 0.339191
-0.0640596 0.0990017 0.383206
0.0218021 0.0820621 0.884905
-0.0135705 -0.00738363 0.228159
0.0321728 -0.0161195 0.251085
0.0177588 -0.0238682 0.222378
0.0379413 0.14886 0.334215
0.160047 0.139318 0.340748
0.806163 -0.120564 1.65365
0.164015 0.115288 0.240211
0.155956 0.146879 0.330288
-0.28628 0.383183 1.5746
0.152777 0.141806 0.320508
-0.0821703 -0.0365162 0.485995
-0.132972 0.184471 0.536682
-0.0527561 0.0608053 0.39099
0.0251553 0.163677 0.34201
0.155251 0.0973353 0.226092
0.153807 0.115382 0.285907
-0.0106013 0.0545895 0.411828
0.0658034 0.274879 1.40113
0.794993 -0.158405 1.44485
1.1721 -0.398497 2.18185
0.67451 -0.0526452 1.23505
1.07454 -0.385457 1.89631
-0.227075 0.420768 1.59782
0.915989 -0.16974 1.44184
1.07473 -0.318255 1.88181
0.00765376 0.0795475 0.392984
-0.544409 0.139673 1.22298
0.883107 -0.0595916 1.63404
-0.612776 0.0903706 1.4015
-0.436869 0.18824 1.39515
0.764286 0.108179 1.91645
1.38473 -0.451458 2.26862
1.53709 -0.649203 2.90942
-0.352464 -0.308896 1.28584
0.368677 -0.00939876 2.48071
0.105349 -0.00901446 0.258469
0.0402999 -0.0296534 0.224855
0.305993 -0.190988 2.23468
-0.121074 0.206604 1.56185
0.835299 -0.0946517 1.48039
1.04963 -0.112501 1.94614
-0.0653703 0.0791883 1.25065
0.0621241 0.139616 1.36875
-0.299661 0.169999 1.56769
1.18932 -0.364748 2.05659
0.817015 -0.286227 1.68643
-0.104437 1.28578 5.16593
-0.0968672 0.24767 1.75701
0.802918 -1.14604 4.87007
-0.0534486 0.145628 1.50644
-0.0237382 -0.222929 1.16692
-0.0602854 0.146791 1.27003
-0.0575378 0.293518 1.4006
1.72189 -0.533582 3.10153
-0.04024 -0.333682 1.32986
0.637069 0.00832178 0.75787
0.151727 0.27078 2.431
-0.0537673 0.134985 1.33995
-0.0497674 -0.0290367 1.27036
0.626353 -0.0478706 0.81126
0.804281 -0.0609355 1.54431
-0.0836817 0.0741884 0.379071
-0.674332 0.160308 1.48777
0.166717 0.0731296 0.2345
0.227742 0.111954 0.353633
0.134443 0.14753 0.391397
0.0372321 0.140937 0.359661
0.0251788 0.0155341 0.344781
0.0690978 0.0183465 0.0858479
-0.0526077 0.0763653 0.387482
0.0303134 0.00408342 0.0309974
0.856275 -0.0605508 1.63811
0.0670259 0.140386 0.393126
0.000842804 0.0584115 0.41324
-0.0632966 0.0751996 0.402522
0.558407 0.168535 0.660765
0.146349 0.121616 0.298803
0.20231 0.0950327 0.296581
0.18914 0.127729 0.306922
0.177365 0.112591 0.273792
0.243646 0.121087 0.37824
0.181106 0.119565 0.321133
0.194355 0.136848 0.369286
0.06325 0.115317 0.247432
0.176628 0.11203 0.261249
0.206633 0.0954664 0.47694
0.100632 0.124605 0.464418
0.0296251 0.059484 0.384246
-0.050165 0.0720174 0.393388
-0.0027823 0.0494504 0.370168
0.401433 0.182492 0.457062
0.000439636 0.0513225 0.402496
0.176535 0.1354 0.335705
0.273743 0.0751656 0.455242
-0.02966 0.130896 0.37185
-0.00423716 0.0824164 0.421756
0.715941 -0.114616 1.59793
-0.0326118 0.0697273 0.396853
0.123467 0.10923 0.299125
0.217553 0.106539 0.332253
-0.00230826 -0.231696 2.05115
-0.0331299 0.0945153 0.398825
-0.551736 0.254391 1.5305
-0.542466 0.251132 1.50597
-0.143196 0.108817 1.4012
-0.482754 0.20403 1.42902
0.235077 0.0589059 2.02445
0.107446 -0.0370411 0.255675
0.0310343 0.13701 0.336954
0.111079 0.120598 0.330763
0.115161 0.0796105 0.396175
0.122077 0.0928817 0.382981
0.0457511 0.158357 0.467466
0.0203803 0.0997389 0.398609
-0.073494 0.199828 0.552373
0.204068 0.0415278 0.311147
0.244926 0.0901598 0.391598
0.12278 0.0845656 0.370488
0.213849 0.100958 0.315016
0.0622804 0.147612 0.366482
0.218742 0.0967076 0.301592
0.113972 0.0804733 0.405508
0.136968 0.101049 0.316039
0.207397 0.077778 0.306578
0.121367 0.0961847 0.389168
-0.163252 0.147835 0.538105
-0.067142 0.0929106 0.38297
0.328022 0.0614775 0.393499
0.205142 0.124908 0.348991
0.202765 0.0991635 0.310661
0.0556206 0.126512 0.30808
0.0281201 0.000410576 0.0120846
0.0492618 0.0760333 0.409102
0.0547697 0.127922 0.42929
0.142898 0.103695 0.32625
0.195194 0.0677598 0.317673
-0.490319 0.175869 1.55236
0.229784 0.134414 0.322583
0.216831 0.134367 0.375503
0.164792 0.0698215 0.389118
0.180071 0.133467 0.297405
-0.113251 0.158656 0.460579
-0.0237678 0.153328 0.436029
-0.0803901 0.075457 0.360307
0.119254 0.0877813 0.199178
-0.0982955 0.152013 0.368353
0.195513 0.144605 0.324424
-0.0848163 0.162001 0.421058
-0.0721815 0.156968 0.356046
0.0938424 0.117447 0.260961
0.183389 0.129053 0.270285
0.193309 0.109956 0.261353
-0.0781777 0.0901946 0.365095
-0.0877874 0.151004 0.339693
0.00174288 0.113708 0.402663
0.00588992 0.108702 0.415631
-0.0755976 0.137227 0.380229
0.0176771 0.0941522 0.362976
0.0301914 0.11209 0.419765
0.0351842 0.0941095 0.413869
0.0292879 0.108699 0.404038
0.111752 0.0785751 0.388264
0.024346 0.140403 0.36597
0.109422 0.0924572 0.425427
0.112898 0.0783919 0.386482
0.113615 0.0791811 0.392071
0.0560221 0.127912 0.443851
0.0169649 0.0968847 0.388708
0.131853 0.123852 0.307789
0.157358 0.119993 0.29439
0.230335 0.0815745 0.330743
0.121214 0.116844 0.365558
0.022386 0.163278 0.47755
0.0369391 0.150839 0.397072
0.0427309 0.0622363 0.408465
0.627628 0.221454 0.729545
0.0758081 0.143195 0.388126
0.440626 0.00616302 0.414586
0.0384302 0.137853 0.353027
-0.00827569 0.163948 0.434298
0.18542 0.124362 0.296441
0.196248 0.109179 0.263225
0.00333251 0.0804519 0.387427
0.108471 0.134668 0.376996
-0.0201325 0.153474 0.425783
0.0816372 0.141504 0.365312
0.125817 0.112828 0.305132
0.49724 0.107716 0.822451
0.204222 0.0684154 0.221793
-0.00856923 0.13882 0.347175
-0.00420092 0.146967 0.435845
0.196931 0.0782506 0.302396
0.085328 0.140312 0.349066
0.211475 0.0757377 0.299259
0.160366 0.163989 0.397388
-0.0255016 0.155823 0.482077
0.530588 0.157061 0.627845
-0.121809 -0.0756323 0.639619
-0.00569717 0.168671 0.541067
0.74217 -0.1075 1.65303
0.0196408 0.0104041 0.0353839
0.753412 -0.132042 1.55744
0.0607894 0.140213 0.409908
-0.0300758 0.132646 0.375812
0.0251178 0.149108 0.397084
0.0577784 0.124071 0.391514
0.0941489 0.10697 0.336521
0.0999115 0.143825 0.388187
0.326267 0.11757 0.571115
0.182471 0.121787 0.351629
0.00765397 0.0753364 0.362162
0.0651499 0.156147 0.400204
-0.0702213 0.0940096 0.377289
0.0553968 0.129921 0.442949
0.124872 0.188157 0.612886
0.199658 0.120322 0.336296
-0.00395375 0.156598 0.437225
0.501896 0.209138 2.245
0.494767 0.0894334 0.680603
1.48508 -0.379882 2.55341
0.811668 -0.0616102 1.56887
-0.0587681 -0.342299 0.814568
-0.503994 -0.0350546 1.45952
-0.200345 0.167547 1.28946
-0.193448 0.231497 1.41456
0.0323774 0.0606934 0.401047
-0.125826 0.208289 1.38785
0.0370576 0.400318 1.81059
0.725153 -0.251813 1.99095
0.0324173 0.333223 1.54389
0.742439 -0.0853963 1.46875
0.386998 0.0270113 2.29826
0.885956 -0.373385 1.60869
-0.035091 0.343218 1.45718
-0.205182 0.284175 1.3317
1.02998 -0.0454477 1.32002
-0.185726 0.272575 1.34857
-0.0728235 0.28216 1.46114
-0.0347433 0.307392 1.45452
0.840588 0.0142795 1.29399
-0.15504 0.247478 1.3515
0.0636053 0.272722 1.39648
-0.211485 0.288719 1.3938
-0.127057 0.29563 1.41073
1.07425 -0.374724 1.89661
0.721077 -0.23861 1.97259
1.34009 -0.0414657 1.6216
0.887875 -0.309295 1.60831
-0.177142 0.229438 1.27941
0.782198 -0.598181 1.64084
-0.17081 0.180375 1.2262
0.690239 -0.223257 1.89642
1.10676 -0.221687 2.29743
0.630013 -0.0885325 1.19426
0.965333 -0.115104 1.69331
0.56695 -0.508053 1.33201
1.10323 -0.120428 1.87605
1.38362 -0.324733 1.51538
0.559282 -0.528351 1.447
0.61511 -0.558865 1.41532
0.0480047 0.0841771 1.41761
0.8544 -0.215675 1.5465
1.07762 -0.495512 1.20223
-0.016684 -0.205683 1.24719
0.878577 -0.26348 1.77198
-0.240242 0.333052 1.52231
-0.0677342 0.227991 1.52775
-0.259761 0.192878 1.28182
-0.0393263 0.461631 1.88875
1.18851 -0.330884 2.04398
-0.512072 0.0899694 1.59096
-0.176223 0.180637 1.40252
-0.319168 0.164649 1.20046
-0.494776 0.200384 1.46891
-0.703407 0.252614 1.57783
-0.797782 0.101954 1.72416
-0.973551 -0.0390753 1.76992
0.773239 -0.134256 1.60499
0.652169 0.0621532 1.05734
-0.00531204 -0.0164984 0.239516
0.267135 0.240364 2.20425
0.688044 -0.811148 3.48482
0.581329 -0.156873 1.41714
0.296819 -0.289389 2.34921
-0.116192 0.0825588 1.28399
-0.037735 -0.322814 1.5129
0.24182 0.0155395 2.08655
0.983299 -0.323206 1.13357
-0.0683741 0.19172 1.13376
0.953789 0.0204075 1.44074
0.840584 -0.560326 1.55465
0.830042 0.128484 1.81513
1.51394 0.131801 2.09352
0.828978 -0.537382 1.54083
0.237798 0.122394 2.12878
-0.306521 0.30294 1.44407
-0.531266 0.173592 1.28019
-0.574747 0.29478 1.2822
-0.624508 -0.0227334 1.42534
-0.220502 0.173407 0.519512
-0.1213 0.0922809 1.33663
0.888206 -0.119136 1.7106
0.991734 -0.362696 1.90101
-0.0741435 0.222484 1.67421
0.527207 0.0435545 0.853607
0.759637 -0.353893 1.65384
0.716119 -0.397497 1.74618
0.95406 -0.443493 1.55997
-0.0621496 0.135285 1.1768
0.748049 -0.0596188 1.34957
0.721754 -0.1653 1.77536
0.725848 -0.479674 3.72071
-0.00209165 -0.103047 1.21854
0.400541 0.00588601 2.49893
0.555709 -0.507496 1.32779
-0.0631089 0.216972 1.34082
0.661248 -0.00573307 0.776139
-0.125483 0.0941188 1.39021
0.990174 -0.434484 1.08769
0.713483 0.115819 1.58393
0.0118471 -0.0212942 1.32795
0.53382 0.111922 2.56944
0.048497 0.0138672 1.03947
-0.0691823 -0.0283314 1.26182
0.509454 0.113595 0.837558
-0.630635 -0.0150753 1.42429
-0.733286 0.37783 1.553
-0.824194 0.25499 1.38001
-0.618053 0.321629 1.37975
-0.439117 0.330933 1.5713
0.0620313 -0.146303 0.835865
-0.799534 0.306051 1.32808
-0.613135 -0.0137781 0.995218
-0.884351 -0.0681883 1.63512
-0.797349 0.251047 1.35292
-0.695177 0.0198927 1.43371
-0.647186 0.084098 1.39282
-0.0555379 -0.0436479 1.24478
0.220273 0.052554 1.91236
-0.91656 -0.132681 1.66974
-0.687795 0.164886 1.51011
0.021893 -0.0211575 0.22664
0.00218233 -0.02016 0.22484
-1.29891 -0.106629 1.42966
-0.179086 0.189995 1.50261
-0.692252 0.386631 2.20404
-0.454863 0.172936 1.39774
0.306393 0.023132 1.88871
1.09052 -0.330839 1.90261
0.628108 0.0302123 0.821212
0.00705339 0.20905 1.29623
-0.206336 0.174256 1.29837
1.13871 -0.408533 2.13253
0.954033 -0.432232 1.05933
1.07782 0.107461 1.58297
-0.457522 0.432439 2.93376
0.163755 0.230872 3.19117
0.243658 0.0935114 2.1855
0.492806 -0.215758 1.45364
0.774737 0.136804 1.68739
2.35237 0.559693 2.9362
-0.349978 0.22005 1.76604
-0.399643 0.569968 3.23854
1.11463 -0.485391 1.21805
-0.0650238 0.210366 1.2926
-0.331155 -0.0720378 1.10407
-0.294173 0.256245 1.44228
-0.316795 0.152469 1.34736
0.454206 0.0351034 2.21751
-0.425783 0.154248 1.5987
0.563969 -0.501081 1.39936
0.814461 -0.0474682 1.58639
0.538201 0.203415 2.24599
-0.340009 0.201158 1.37861
-0.459976 0.217131 1.46314
1.24906 -0.556674 1.33018
1.23703 -0.249285 1.38718
0.455009 0.03903 2.24477
1.10479 -0.573752 1.11139
0.98951 -0.150573 1.97752
-0.809373 -0.0633529 1.52454
0.996438 -0.276662 2.01681
0.539282 -0.0685562 1.04787
1.15958 -0.22479 1.98693
1.06346 -0.244046 1.25018
-0.184907 0.191911 1.33011
-0.0698907 0.189816 1.31856
0.821964 -0.311061 1.53187
0.652269 -0.28331 1.24336
0.160515 0.0330313 1.48494
0.747516 -0.34901 1.63391
0.505004 0.209024 2.26207
0.512481 -0.0549126 1.00675
-0.0847878 0.199847 1.39527
0.680711 0.11909 1.73727
0.0893756 -0.0610225 0.498443
0.087693 0.0238424 2.43054
-0.971559 0.259957 1.52372
0.195493 0.342526 1.65907
0.860719 -0.141271 1.87877
0.91449 -0.394491 1.86319
-0.0638221 0.160083 1.36985
-0.345077 -0.374724 1.44207
-0.0512351 -0.0309864 1.31997
-0.141724 0.310171 1.49123
-0.358387 0.10318 1.49116
-0.338555 0.393406 1.51623
-0.391694 0.174698 1.35679
-0.00116728 -0.0177281 0.231402
0.0675323 -0.008587 0.255257
-0.00142517 -0.0182412 0.250317
-0.000160748 -0.0179054 0.228534
0.0408703 -0.00935883 0.253934
0.585285 0.00666391 0.603045
0.0469779 -0.0148799 0.258084
0.616151 0.0563372 0.957697
-0.285968 0.158323 1.48826
-0.128028 0.125018 1.37525
-0.307918 0.30283 1.45095
-0.769916 0.0313388 1.57344
0.387423 0.178723 1.7821
-0.296099 0.121494 1.46827
-0.175669 0.215782 1.36528
-0.237483 0.325445 1.48036
-0.0738609 0.205465 1.22745
-0.320325 0.35315 2.03835
0.374687 0.178901 1.17178
0.0224541 0.376503 1.68396
1.17808 -0.0523337 1.48334
-0.162889 0.0436263 0.395224
-0.0496526 0.332924 1.4261
0.0537607 -0.0145277 0.260246
-0.0107011 -0.0207033 0.234656
0.602158 -0.095647 1.24533
0.742123 -0.0539967 1.33018
0.847971 -0.342264 1.57726
1.00574 -0.346013 1.752
1.24292 -0.579306 1.22226
-0.00318214 -0.0896007 1.18459
1.3331 -0.631927 1.45015
0.617154 -0.393071 1.20951
0.930599 -0.213412 1.66096
0.659328 -0.123268 1.40235
0.810416 -0.310076 1.46177
1.57615 -0.561921 2.66316
0.0746243 -0.0510552 0.393376
0.669687 -0.0497159 1.26523
0.0477684 -0.0353213 0.235993
0.0175138 -0.0198936 0.226536
0.000703362 -0.0185998 0.228676
0.0151002 -0.0326723 0.221951
0.0164756 -0.0233987 0.219793
0.0197217 -0.0266029 0.218862
0.0174013 -0.0242931 0.224197
-8.03499e-05 -0.0180938 0.231476
0.0020531 -0.0187943 0.227906
0.0142323 -0.0340827 0.224393
0.0197708 -0.0205384 0.227175
0.0196331 -0.0252143 0.220026
0.0159729 -0.0325862 0.223519
-0.000276908 -0.0178813 0.228774
0.0170993 -0.0318979 0.225347
0.0194544 -0.0233788 0.22536
-0.00121182 -0.0177026 0.231053
0.0194456 -0.0220493 0.225676
0.0142864 -0.0307874 0.223655
0.0248873 -0.0286951 0.225819
0.0149863 -0.0335353 0.235477
-0.190712 0.226779 1.31435
0.466559 -0.364521 1.05487
0.527506 -0.469606 1.22544
0.951015 -0.735121 1.98096
-0.944564 -0.0199876 1.40627
0.742535 0.133788 1.90797
-1.00742 -0.0187745 1.48237
-0.458767 0.0572893 1.05514
-0.0664513 0.125815 1.19221
0.00595014 0.0254182 0.426158
-0.27311 0.128759 1.18995
0.541248 0.151742 2.47616
0.813286 -0.091209 1.54062
0.417316 0.0293009 2.46241
0.0227634 0.331197 1.51226
-0.0113319 -0.165932 1.415
-0.303287 -0.103681 1.25608
0.118691 -0.103354 0.88423
0.321225 0.077347 1.00503
0.0318579 -0.0232352 0.318373
-0.374587 0.187672 1.52854
-0.0886022 0.0696422 1.24206
-0.0641639 0.199945 1.35101
-0.06228 0.16541 1.23124
-0.273312 0.295023 1.38793
0.0403553 0.146885 1.01156
-0.329525 0.156083 1.39251
0.150449 -0.120626 0.694799
-0.0263065 -0.210365 1.05304
0.180881 -0.108178 0.863005
0.0202296 -0.0270846 0.221638
0.0169747 -0.0259924 0.223131
0.0252494 -0.0382285 0.221084
0.00420942 -0.018972 0.227483
0.00337295 -0.0224146 0.229455
0.545293 -0.0567291 0.545361
-0.000487667 -0.0187476 0.231825
0.00274535 -0.0176688 0.22515
0.0199859 -0.0181348 0.221235
0.00728697 -0.0192088 0.225182
-0.00119289 -0.0180517 0.231891
-0.0158105 -0.0200413 0.231055
-0.0152831 -0.0174092 0.236746
-0.0248916 -0.00506427 0.226419
-0.0290188 -0.0113873 0.236385
0.648798 0.101767 0.685798
0.75829 0.0370011 1.15728
0.814301 -0.586398 1.33492
-0.25916 0.166764 1.29554
0.029067 0.0724351 1.42379
-0.322543 0.358544 1.45412
-0.059009 0.136376 1.31161
-0.474392 0.0904448 0.755525
-0.5346 -0.175046 1.21758
-0.044078 -0.00118631 0.253528
-0.860287 -0.21823 1.11733
-0.0193722 -0.00108607 0.250623
0.7133 -0.514594 2.15003
-1.02189 -0.122657 1.28125
-0.0213094 -0.00503272 0.231349
-0.421953 0.296723 1.33425
-0.0295278 -0.00545767 0.234677
-0.440824 0.322292 1.36899
-0.504574 -0.167437 1.16495
-0.979317 0.0594802 1.64482
-0.0275893 -0.0109417 0.232045
-0.772782 0.0476869 1.33264
-0.0258694 -0.00830966 0.223875
0.000164774 -0.190885 1.65154
-0.883513 0.0719247 1.5065
-0.0315577 -0.282667 1.31223
-0.0260909 -0.00829892 0.22401
-0.719666 0.0217768 1.47635
-1.2566 0.00957082 1.44682
-0.675479 0.0846528 1.19971
-1.25368 0.164406 1.10394
-0.349775 0.17209 0.858891
-0.607144 0.20626 0.899708
-0.570327 -0.0300707 1.61206
-0.739359 0.39512 1.46971
-0.42075 0.273528 1.2193
-0.578101 0.0173977 1.21506
-1.06056 0.120504 1.30126
-0.352846 0.170135 1.41114
-0.401164 0.216409 1.31266
-0.647222 -0.0196306 1.46318
-0.376978 0.301776 1.44003
-1.51704 0.207972 1.38488
-0.340908 0.150307 0.855196
-0.0826409 -0.00542407 0.267015
-0.0269071 -0.0118723 0.231272
-0.0538498 0.00627541 0.268719
-0.34232 0.200888 1.70958
-0.0261425 -0.012846 0.223686
-0.118086 0.0147303 0.276555
-0.118202 0.0146579 0.276768
-0.272764 0.404959 1.84498
-0.606895 -0.0704354 0.847387
-0.00668224 -0.00533415 0.280524
-0.721503 0.36337 1.24251
-0.44378 -0.107624 1.22174
-0.583548 0.38288 1.51811
0.677659 -0.184057 1.7031
-0.861681 -0.207218 1.12139
-0.859839 0.0625356 1.46413
-0.788251 0.308941 1.27985
-0.653739 0.0389697 1.14629
-0.627686 0.100318 1.20865
-0.58439 0.0320689 1.04203
-0.466542 0.137569 0.90975
-0.640277 0.160698 1.06967
-0.0371616 0.000697948 0.230769
-0.23824 0.078984 0.44936
-0.353079 -0.0900845 0.682607
-0.031136 -0.00560798 0.226968
-0.0282363 -0.005795 0.233414
-0.0300083 -0.0101806 0.226029
-0.0747237 0.0056613 0.271376
-0.679134 0.0854942 1.45577
-0.564955 0.172847 0.997579
-0.895852 0.231615 1.24991
-0.54969 0.301966 1.09859
-0.498052 0.293153 1.05977
-0.0259833 -0.00267132 0.230684
-0.0908914 0.0441555 0.335634
-0.211958 0.00432765 0.327831
-0.0599498 0.152391 1.18972
-0.298384 0.237223 1.45941
-0.0542128 -0.0435016 1.25943
0.0593155 0.181604 1.2036
0.265872 -0.133211 0.882378
0.064035 -0.00580536 1.36826
-0.200509 0.165872 1.29728
-0.141328 0.173178 1.18401
-0.346082 0.201792 1.41877
-0.176435 0.181856 1.26389
-0.0667081 0.297106 1.58808
-0.436553 -0.461517 1.73641
-0.0793667 0.170844 1.36581
1.45667 -0.0903436 1.5698
1.02948 0.0834592 1.4925
0.997352 -0.17548 1.53792
-0.0113226 -0.145614 1.1892
0.0816006 0.0250016 2.34193
0.174834 0.0571662 2.37713
-0.281917 0.246371 1.37918
-0.0593639 0.110127 1.45136
0.670005 -0.0202888 0.889695
0.0678771 0.308584 1.42834
-0.304987 0.0957199 1.4594
0.567755 -0.532728 1.4586
0.221972 -0.102184 1.67744
-0.299487 0.238933 1.43135
-0.0799853 0.173004 1.20219
0.0289964 0.26734 1.2345
-0.0896344 0.174753 1.31294
-0.0317598 0.353115 1.48055
-0.111042 0.271799 1.73941
0.364982 0.153537 2.01776
-0.35035 0.102718 1.4627
-0.193321 0.367197 1.39848
-0.385497 0.291817 1.40352
-0.444519 0.243876 1.58423
0.523589 0.0372763 0.798356
-0.0884562 0.182258 1.29094
-0.303617 0.230971 1.49797
0.728189 -0.0432857 1.44726
-0.418479 0.253101 0.92546
-0.0956382 0.155097 1.30829
-0.559276 -0.0499226 0.733128
-1.68088 -0.373847 2.0641
-1.5437 -0.2638 1.82445
-0.537682 0.482395 1.8303
-0.558204 0.388723 1.71724
-0.209558 0.068413 0.421156
-1.25883 0.279076 1.4339
-0.700513 0.24707 0.903439
-0.219177 0.0722853 0.431485
-0.540915 0.335501 1.38516
0.864857 -0.548824 1.5945
1.35017 -0.391661 1.27488
0.0172351 -0.0327371 0.219352
0.0165223 -0.0307179 0.22486
0.0177744 -0.0310046 0.225566
0.582314 0.14897 1.89288
-0.364876 0.111437 0.665762
-0.551931 0.206849 1.05252
-0.491995 0.113543 1.13725
-0.862108 0.18276 1.1175
-0.56006 0.297488 1.29231
-0.644301 0.35251 1.24345
-0.0261185 -0.00282924 0.230125
-0.45065 0.32199 1.63708
-0.597157 0.162503 1.09507
-0.472569 0.312725 1.43853
-0.796714 0.308592 1.29098
1.12778 -0.0394597 1.39528
-0.0819302 0.171872 1.30517
-0.186835 0.319999 1.36807
-0.161761 0.150829 1.40831
1.31479 -0.531141 2.44247
0.0235561 0.0501302 1.26773
-0.156918 0.143733 1.28654
-0.0600486 0.149257 1.26502
-0.09745 0.164304 1.36682
0.828281 -0.0581965 1.54419
0.188362 0.0671204 2.43834
0.906051 -0.0456929 1.53955
-0.745622 0.35707 1.45922
-0.41335 0.255752 1.25669
-0.542469 0.257442 1.19673
0.890305 -0.362957 1.69482
0.419761 -0.205408 0.603945
0.590742 0.00906156 0.715503
0.0132218 -0.00796669 0.264764
0.00122003 -0.0164085 0.242544
0.0649661 0.0185825 0.319474
0.66045 0.00750388 0.648606
0.16587 0.0111555 0.502506
0.0161971 -0.0302273 0.223225
0.0170026 -0.0236194 0.225158
0.0159757 -0.0340482 0.223321
-0.00992717 -0.01982 0.235796
0.0127166 -0.0158602 0.249995
0.0985923 -0.0136757 0.264567
-0.000894364 -0.0178784 0.230469
0.0177404 -0.0237989 0.222294
0.0385998 -0.00965771 0.25311
0.0134591 -0.0335548 0.223255
0.0151296 -0.0324005 0.222835
0.0489499 -0.00761399 0.256978
0.0864567 -0.022723 0.260718
0.0203522 -0.0368987 0.226804
0.0410845 -0.0198341 0.25594
0.00894629 -0.0200214 0.228462
0.0197812 -0.0285648 0.227269
-0.000727536 -0.0178904 0.229899
0.0182646 -0.0204204 0.227385
0.0433636 -0.0135102 0.244852
0.0155116 -0.0193661 0.226238
0.00400357 -0.0196861 0.231344
0.523414 0.01294 0.599368
0.0879397 -0.0290495 0.241684
-0.0472053 -0.0404534 1.13626
-0.0138121 -0.16456 1.31989
-0.299563 0.146012 1.47054
-0.625973 -0.0209985 1.42657
-0.888768 0.116643 1.5471
-0.284927 0.371309 1.54444
-0.456673 0.318051 1.39993
-0.442993 0.0496891 0.81704
-1.06454 0.00597203 1.2531
-0.674826 0.33683 1.47061
-0.492058 0.126337 0.991859
-0.556741 0.366921 1.45725
-0.656074 0.0937798 1.50209
-0.255968 0.143937 1.35188
-0.153248 0.120446 1.42003
-0.0529426 0.140671 1.3019
-0.968478 0.20827 1.69717
-0.703428 -0.0404867 1.66085
-0.0401423 -0.310448 1.46904
-0.0645904 0.170408 1.4014
-0.186848 0.3247 1.38242
0.0192721 0.0124196 1.25248
-0.318508 0.163763 1.32191
-0.282926 0.159781 1.4579
-0.0326352 -0.0010118 0.248623
-0.0228869 0.00468028 0.349604
-0.22718 -0.208023 0.91955
0.103144 -0.0768741 0.576506
-0.35977 -0.0142146 0.663245
-0.629596 0.223299 1.41429
-0.588274 0.146388 1.33076
-0.687907 0.173569 1.13263
-0.959658 0.312309 1.51933
0.0740597 0.0656582 1.54712
0.0608747 0.106447 1.46292
-0.885094 -0.33091 1.17445
-0.0418931 -0.322154 1.30528
-0.70403 -0.266292 0.97776
-0.817557 -0.110932 1.14773
-0.908286 -0.255032 1.15292
-0.0521713 0.151858 1.41696
-0.196478 0.269845 1.44545
-0.322205 0.189483 1.32178
-0.442639 0.338308 1.45316
-0.0433792 -0.00472721 0.237111
-0.477485 0.339219 1.45418
-0.295601 0.190397 1.34835
-0.605379 0.145006 1.35357
-0.733112 -0.0464391 2.12514
-0.261309 -0.0269104 0.492442
-0.420544 0.225959 1.35072
-0.528489 0.201899 0.920227
-0.0246607 -0.0113453 0.222987
-0.606338 0.0278942 1.27594
-0.532334 0.267486 1.48933
-0.83494 -0.0155674 1.2598
-0.0425989 0.00382249 0.23653
-0.420086 0.160713 1.30156
-0.390194 0.193899 1.56414
-0.5371 0.342736 1.39624
-0.283276 0.15416 1.40783
-0.53303 0.124589 1.20569
-0.739461 0.0977479 1.33648
-0.0163099 0.000820294 0.353397
-0.873542 0.49755 1.62904
-0.699236 0.202632 1.26379
-0.58745 0.318778 1.35797
-0.512624 0.113766 1.20748
-0.0261741 -0.00902933 0.223949
-0.182265 0.0585066 0.437586
-0.0300067 -0.0101822 0.226104
-0.0512903 0.0799368 1.31049
-0.583909 0.21816 1.10581
-0.0246477 -0.0113539 0.223054
-0.426784 0.218471 1.31966
-0.328311 0.216092 1.05866
-0.0302321 -0.00456607 0.226585
-0.529404 0.182267 1.22077
-0.0858395 0.306167 1.43957
-0.367808 0.295062 1.41434
-0.0500965 0.00125175 0.23782
-0.484498 0.199878 1.42315
-0.122661 0.199736 1.35221
-0.0592322 0.114885 0.975824
0.0820466 -0.0646189 0.255972
0.754391 -0.117761 1.56428
0.0589509 -0.0221857 0.266259
0.802246 -0.0826492 1.56833
0.738262 -0.123457 1.65132
0.0931066 -0.0449366 0.275557
0.863959 -0.0322482 1.11645
0.838872 -0.154464 1.31115
0.083965 -0.0486598 0.254457
0.0187678 -0.0239635 0.225553
0.017325 -0.0240747 0.225891
0.0148201 -0.0326959 0.223328
0.0167222 -0.0324927 0.223943
-0.0132037 -0.0219477 0.234397
0.0219786 -0.0227927 0.225423
0.0174253 -0.0321948 0.225715
-0.466042 -0.0369584 1.39884
-0.573068 0.370399 1.48116
-0.172454 0.0409357 0.81501
-0.381816 0.20335 1.25953
-0.0241777 -0.00809353 0.224406
-0.62658 0.338791 1.25923
0.148086 0.157661 1.57299
-0.474893 0.364608 1.52861
-0.412804 0.161623 1.44034
0.180824 0.171252 1.63436
-0.0524211 0.00673687 0.278082
-0.0262784 -0.0103442 0.224105
-0.903245 -0.107327 1.16496
0.327822 -0.0405859 0.731926
1.0357 -0.424392 2.03054
-0.46245 0.188461 1.36765
-0.416819 0.191826 1.36959
0.240852 0.238274 2.25928
0.192144 0.0448774 1.7102
0.765055 -0.095371 1.67246
-0.118493 0.22867 1.40348
-0.20511 0.171158 1.32439
-0.412419 0.160156 1.46141
-0.168938 0.174872 1.39195
-0.504448 0.195427 1.51403
-0.407066 0.180635 1.40322
-0.288953 0.173306 1.41931
-0.39193 0.21783 1.3325
-0.211986 0.0756236 1.14941
-0.802256 -0.123708 1.50684
-0.376824 0.282941 1.25307
-0.480276 -0.01263 1.17737
-0.625487 -0.0925059 1.19783
-0.0584165 0.00927534 0.243155
-0.66347 0.231737 1.47972
-0.51306 0.287732 1.48943
-0.0709121 0.069966 0.472221
-0.192775 -0.0199483 0.42036
-0.511606 0.208998 1.50632
-0.571401 -0.0261927 1.60149
-0.195112 0.0139002 0.359977
-0.068358 0.267071 1.41812
-0.0628077 0.153386 1.31847
-0.087623 0.138808 1.02746
0.0410043 0.0824129 1.45787
-0.0538322 -0.419706 1.30397
-0.300129 0.121213 1.49246
-0.0134786 -0.153199 1.17886
-0.0526272 0.0849324 1.40214
-0.469859 0.178928 1.53295
0.0760295 0.123679 1.52414
-0.18624 0.274919 1.33752
-0.278522 0.33231 1.54769
0.55454 -0.273365 0.737313
0.0183148 -0.0217504 0.219931
0.0145668 -0.0357069 0.219679
0.0291146 -0.0405815 0.226155
0.0167767 -0.0310173 0.225358
0.0199979 -0.0218131 0.223876
0.0204023 -0.0218179 0.219541
0.0424722 -0.054368 0.267363
0.00851645 -0.0199765 0.227915
0.735523 -0.0182814 0.73159
-0.0136045 -0.0211144 0.232346
0.00610663 -0.01873 0.224503
0.0131204 -0.0273051 0.224695
0.00166934 -0.0189448 0.227615
0.00727619 -0.0195241 0.223968
0.000907262 -0.0186968 0.228069
0.0106295 -0.025319 0.227818
-0.0136018 -0.0211144 0.232349
1.11378 -0.107736 1.10179
0.206727 0.0221873 0.405004
0.78359 0.1413 1.9463
0.646014 0.102588 0.685214
0.508404 0.0947254 0.634296
0.291984 -0.147199 0.423099
0.160075 -0.0577404 0.302818
0.114099 -0.0325401 0.25822
0.702725 0.0682026 0.646003
0.0513599 -0.0289437 0.237134
0.0169944 -0.0348093 0.226297
0.0189615 -0.0308639 0.22701
0.00933829 -0.0209859 0.225174
0.0172561 -0.0261107 0.223006
0.0194738 -0.0239172 0.227014
0.694836 0.00704216 0.651928
0.01639 -0.0314408 0.22424
0.0117213 -0.0201053 0.221891
0.0209639 -0.0358385 0.235162
-0.816328 0.318178 1.4776
-0.589663 0.318881 1.35912
-0.801938 0.154265 1.48359
-1.2398 0.00818999 1.42859
-0.7792 0.213956 1.14269
-0.356629 0.189807 0.761763
-0.0323283 -0.012351 0.236321
0.0676641 -0.0243392 0.265417
0.867565 -0.132108 1.69383
0.891919 -0.226876 1.61382
0.887639 -0.144343 1.73402
0.119832 -0.0546782 0.288925
0.00426079 -0.0192326 0.223034
0.00246875 -0.0187588 0.222947
0.00919898 -0.0190863 0.224898
0.575546 0.147691 0.936576
0.0101495 -0.0191441 0.224624
0.00213717 -0.0174565 0.233234
-0.000370251 -0.0191254 0.227722
0.0119699 -0.0204737 0.225579
0.00209691 -0.0176382 0.225668
0.00315413 -0.0179096 0.224981
-0.000522616 -0.0182607 0.233187
0.00108539 -0.0199182 0.222549
0.00651886 -0.0200088 0.223693
0.00670822 -0.0188107 0.220491
0.00225919 -0.0199256 0.223855
-0.00110178 -0.0181888 0.231398
-7.96149e-05 -0.0181868 0.228632
0.00221143 -0.0188596 0.22691
0.00111162 -0.0188365 0.224958
0.00397297 -0.018658 0.222414
0.00479371 -0.0182156 0.222949
-0.000789685 -0.0189321 0.229183
0.0150306 -0.0226906 0.21792
0.00630108 -0.0196403 0.220595
0.000661066 -0.0197153 0.224899
-0.000334632 -0.0182597 0.22969
0.0135672 -0.0231936 0.221014
0.00492265 -0.0196347 0.221058
0.00228347 -0.020023 0.224805
-0.00213413 -0.0195586 0.225238
0.0125623 -0.0183843 0.226211
0.00547039 -0.0196412 0.2209
0.00109549 -0.0194625 0.224226
0.0112019 -0.0204916 0.225587
-4.89432e-05 -0.0184819 0.229133
0.0175792 -0.0390075 0.227025
0.014243 -0.0215709 0.221221
-0.000925623 -0.0183806 0.231722
0.00681928 -0.0186117 0.224181
0.0149232 -0.0328686 0.22371
-8.6306e-05 -0.018379 0.230463
0.0145659 -0.0218059 0.218118
0.00192419 -0.0199136 0.223967
0.388443 -0.0516706 0.462951
0.00239753 -0.018808 0.229359
0.00519778 -0.0187758 0.227958
0.0166254 -0.0310329 0.22557
0.0137136 -0.0192865 0.226186
0.0195172 -0.0343261 0.227133
0.0197341 -0.0285859 0.226888
-0.0382653 0.0163991 0.305793
-0.328627 0.324153 1.52444
-0.340687 0.336982 1.57863
-0.0328759 -0.00798169 0.220721
-0.433642 0.317543 1.57587
-0.0233956 -0.00527899 0.226658
-0.0380749 -0.00851223 0.232183
-0.596411 -0.0135034 1.36014
-0.442404 -0.383827 1.57084
-0.193932 -0.00716578 0.405157
-0.167229 -0.00556846 0.30878
-0.258024 0.327477 1.40769
0.197015 0.0785534 1.03119
-0.609535 -0.0943377 1.18352
-0.757463 0.0503291 1.315
-0.0385106 0.0101701 0.28136
-0.403273 0.0500064 0.800669
-0.683028 0.0902452 1.251
-0.353897 0.171402 1.13376
-0.351714 0.320359 1.25774
-0.625376 0.340287 1.42826
-0.500115 0.277469 1.46809
-0.402669 0.0780348 0.630915
-0.782326 -0.0321827 1.45538
-0.0515035 -0.03101 1.45655
0.0762977 0.0287295 1.26805
-0.726997 0.22549 1.23744
-0.616908 0.0781597 1.10763
-0.0368368 0.000564237 0.230614
-0.0293378 -0.00661056 0.223696
-0.934097 0.320879 1.27289
-0.35737 0.263742 1.30199
-0.0350366 -0.000187558 0.229554
-0.0594138 0.0113606 0.248781
-0.281116 0.0956266 1.42962
-0.138227 0.289819 1.55922
-0.329691 0.200527 0.746013
-0.433999 0.176613 0.849831
-0.133226 0.0324637 0.358817
-0.0501863 0.00476157 0.249822
-0.964425 0.278418 1.2688
-0.017266 -0.018156 0.241133
-0.31222 -0.215633 1.02749
-0.351414 0.250134 1.31943
-0.377147 0.211392 1.44321
-0.0587978 0.00789322 0.255427
-0.448826 0.308698 1.32401
-0.840929 -0.0175951 1.26596
-0.0583144 0.00927747 0.243021
-0.508804 -0.128667 0.863642
-0.959593 0.214175 1.72253
-0.385963 0.143006 1.36939
0.126577 0.0922286 1.23357
-0.757666 -0.0259932 1.38973
-0.544217 0.0635954 1.26539
-0.7475 0.0955914 1.33772
-0.828503 0.257956 1.47446
-0.660501 0.0747103 1.43362
-0.568115 -0.0114459 1.35016
-0.894742 -0.126252 1.22607
-0.499382 0.244372 1.25691
-0.78187 0.101405 1.39536
-0.702519 0.361617 1.4912
-0.791339 0.341484 1.41386
-0.672899 0.353149 1.50094
-0.262248 0.165172 1.19514
-0.305107 -0.0429144 0.528832
-0.117394 0.223688 1.3873
-0.762083 0.410927 1.50883
-0.696415 0.345765 1.39252
-0.431338 0.400696 1.50686
-0.622518 0.145446 1.38971
-0.870898 0.231679 1.4733
-0.734414 0.0175416 1.51048
-0.079294 0.276926 1.31881
-0.632658 0.32872 1.41746
0.0555457 -0.242469 1.3901
-0.591978 0.256439 1.1931
-0.0528886 -0.291877 0.951567
-0.565868 -0.187102 1.28737
-0.527904 0.410983 1.72237
-0.580875 -0.194859 1.33384
0.0863786 0.135315 1.90148
-0.00734719 -0.213313 1.32873
-0.299435 0.201484 1.44911
-0.270906 0.131345 1.16063
-0.421703 0.37755 1.70545
-0.688183 -0.557844 2.28545
-0.406382 0.360957 1.65658
-0.574976 0.286205 1.43672
-0.51209 0.273845 1.528
-0.515254 0.402161 1.69033
-0.545918 0.268459 1.36506
-0.0524272 -0.343898 1.10533
-0.452116 0.211236 1.35745
-0.640148 -0.0452679 1.52662
0.13975 -0.0978892 1.24643
0.193487 0.133347 1.63632
-0.999598 0.00559611 1.17951
0.00905984 0.0479997 0.538693
-0.296193 0.224868 1.44987
-0.667548 -0.0180476 1.50701
0.0343216 -0.0118009 0.224121
0.019385 -0.0247889 0.226406
0.0199433 -0.0237194 0.224412
0.011979 -0.0314517 0.22458
0.0541363 -0.0486782 0.241728
0.0642087 -0.0301306 0.238007
-0.00543025 -0.0192997 0.243258
0.0144053 -0.0277143 0.22607
-0.00103474 -0.0183043 0.233121
-0.00409689 -0.0185017 0.225205
0.0177643 -0.0262503 0.222881
0.0205007 -0.0306583 0.226911
0.021971 -0.0293263 0.223586
0.0185073 -0.0342246 0.226919
0.0141617 -0.0233581 0.218328
0.0676295 -0.0292044 0.246096
0.0734441 -0.0273986 0.289604
0.0172301 -0.0227986 0.22273
0.0140194 -0.0239132 0.218187
0.0109089 -0.0329598 0.220195
0.0139814 -0.0267853 0.219647
-0.015458 -0.0200354 0.231201
0.046318 -0.0194127 0.259232
0.23479 -0.12262 0.277313
0.0314831 -0.0225346 0.221792
0.00949979 -0.0265991 0.223456
0.000959821 -0.0187675 0.229963
0.0112338 -0.0249013 0.222856
0.00821238 -0.0305248 0.232658
0.0166405 -0.0354291 0.239206
0.00810652 -0.0185813 0.223888
-0.000117484 -0.0175456 0.228582
0.000172199 -0.0184685 0.229109
-0.0015552 -0.0198982 0.231527
-0.000184257 -0.0183135 0.228949
7.61095e-05 -0.0182315 0.228581
0.000173458 -0.0199654 0.224448
-0.00109897 -0.01821 0.231384
-0.000542179 -0.0175468 0.2332
0.00640681 -0.0188323 0.229831
-0.00111957 -0.0182031 0.231396
0.000628016 -0.0186151 0.228673
-0.00126451 -0.0174479 0.230778
0.000128581 -0.0185028 0.230076
0.00405778 -0.019411 0.220844
-0.000636319 -0.0178665 0.229894
0.00338137 -0.0188934 0.226541
0.00403165 -0.019393 0.229635
-0.0141341 -0.0203787 0.232287
0.000163489 -0.0186197 0.229368
-0.000855052 -0.0181253 0.230572
0.00152795 -0.0188458 0.228005
-0.00108974 -0.0176702 0.232468
0.00805498 -0.0169972 0.236144
0.00300138 -0.0197947 0.224451
0.0162092 -0.0311744 0.224195
0.0187603 -0.0203568 0.227378
0.000751282 -0.0272363 0.241288
0.0184898 -0.0223622 0.223863
0.0157381 -0.0305956 0.224136
0.0190442 -0.0312549 0.227063
0.013286 -0.0345583 0.222071
0.135653 -0.0496071 0.240612
0.017254 -0.0301669 0.225348
0.0112373 -0.0204646 0.225797
0.015828 -0.0343959 0.225667
0.0164695 -0.0303689 0.224157
0.0163284 -0.0231804 0.225832
0.015618 -0.033833 0.223548
0.00874438 -0.0199559 0.227917
0.00985691 -0.0349728 0.221136
0.0116341 -0.0203818 0.225902
0.0230279 -0.0261355 0.227223
-0.000961582 -0.0184173 0.231196
-0.000905606 -0.0184174 0.231214
0.0978068 -0.0311837 0.221876
0.667117 0.00482419 0.644942
0.000400492 -0.0189072 0.231374
0.0037199 -0.0221749 0.228906
0.09455 -0.0235604 0.198192
0.705274 -0.393747 0.825294
0.00626855 -0.0193278 0.2257
0.00386378 -0.0192991 0.229651
0.0151136 -0.0279364 0.219946
0.754295 -0.019252 0.752255
0.737607 -0.0234411 0.700618
0.720993 0.0895211 0.690045
0.019697 -0.0239967 0.22189
0.206765 0.00511706 0.284572
0.100317 -0.0133101 0.30137
0.00202162 -0.0198144 0.224694
-0.00254772 -0.0207478 0.226634
0.0155009 -0.0221174 0.227186
0.0199801 -0.0271481 0.226928
-0.00079576 -0.0187323 0.232313
0.0116959 -0.0195532 0.228574
0.0181016 -0.0339491 0.226975
0.576933 0.124735 0.781964
-0.00149428 -0.0181885 0.230835
0.00581816 -0.0209568 0.225838
0.000372546 -0.0186603 0.228754
0.0167007 -0.0247128 0.219737
0.0380525 -0.0141539 0.259531
0.0163315 -0.0281459 0.223804
-0.000826288 -0.0183354 0.230102
0.0138087 -0.0263946 0.224728
0.02002 -0.0240616 0.226894
0.00885821 -0.020925 0.242594
0.0449108 -0.0359038 0.234599
0.0055145 -0.0193445 0.228875
0.014056 -0.0183026 0.22278
0.0175908 -0.0309451 0.225559
0.000930874 -0.0194308 0.224128
-0.000309707 -0.0183981 0.232593
0.0164918 -0.0281578 0.223894
-0.00701946 -0.0201048 0.235856
0.00140518 -0.0187968 0.227867
0.0192011 -0.030732 0.227078
0.0198551 -0.0306211 0.227107
-0.0719395 0.296563 1.53508
-0.693805 0.165143 1.61638
-0.179505 0.219872 1.41093
-0.488194 0.235153 1.09435
-0.178114 0.244966 1.32044
-0.183318 0.240175 1.32535
-0.317187 0.188732 1.60266
0.190312 -0.180469 1.61706
0.988365 -0.366376 1.95553
-0.193842 0.192058 1.22371
0.510055 0.0443535 0.834456
-0.0698203 0.206557 1.26482
-0.0356526 0.286051 1.35699
0.56929 0.00546083 0.959006
-0.0503698 0.144442 1.35298
0.646265 0.00591218 0.793831
0.652115 0.0471922 1.0401
1.19224 -0.523217 1.29046
-0.131171 0.295261 1.41361
-0.185564 0.286861 1.37637
-0.173358 0.13544 1.10117
-0.166 0.198991 1.27665
0.64624 -0.302715 0.737328
0.93106 -0.043835 1.21987
1.12879 -0.533765 1.27041
-0.200254 0.25397 1.39354
0.586186 0.0295668 0.956868
-0.238707 0.0785174 1.24832
-0.265421 0.152957 1.39479
0.0820447 0.15066 1.64563
1.80484 -0.576454 3.2882
0.843807 -0.0589906 1.61951
0.972879 -0.0137394 1.25735
0.777613 0.125762 1.91736
-0.0845386 0.150079 1.22115
-0.381614 -0.391756 1.50986
-0.0571759 0.188977 1.17791
0.67344 -0.00504498 0.782266
-0.120765 0.20595 1.39125
0.129194 -0.0256756 0.218598
0.086416 -0.0644416 0.294465
0.0602328 -0.00975445 0.276773
0.120247 -0.0547454 0.290179
0.163274 -0.0653001 0.427186
0.605714 0.0156017 0.665439
0.639233 0.102161 0.706418
0.0362347 -0.0438707 0.244314
0.056488 -0.0276948 0.225282
0.0910225 -0.0226678 0.280523
0.697898 -0.076762 0.748877
0.712693 -0.377919 0.80191
0.119853 -0.0549285 0.288196
0.211448 -0.0681968 0.310063
0.718667 0.15376 0.658495
0.7032 0.153909 1.69121
0.188825 -0.0503318 0.313786
0.251083 -0.0765788 0.32409
2.07095 -0.05483 2.28412
0.638918 0.0882638 0.712005
1.0869 -0.338104 1.23255
0.572291 0.0963731 0.73217
0.658902 -0.222373 1.17566
0.0053962 -0.0187472 0.232129
0.0238755 -0.0377997 0.26174
0.00287061 -0.0184075 0.227395
0.657178 0.17385 0.712692
0.665722 0.176224 0.644284
0.0174757 -0.0234689 0.220011
0.00088489 -0.0200318 0.223615
0.0161376 -0.0303716 0.224063
0.00924669 -0.0265894 0.22206
0.0209651 -0.0230569 0.221892
0.0144075 -0.0333069 0.22431
0.000764843 -0.0177882 0.227131
0.00193378 -0.0197955 0.224673
0.0152028 -0.0310335 0.223052
0.00840024 -0.0203193 0.220597
0.00296015 -0.0184921 0.229132
0.0197551 -0.0324344 0.234109
0.000300356 -0.0178791 0.227222
0.000189114 -0.0178851 0.227251
0.0165831 -0.0301148 0.224379
0.00487931 -0.0190981 0.229357
0.675957 0.178282 0.652421
0.627743 -0.119195 0.816472
0.00712984 -0.019902 0.223451
0.0143129 -0.0171074 0.236132
0.00560833 -0.0200188 0.223847
0.00237056 -0.0217704 0.222983
-0.00126431 -0.0175557 0.233075
0.00410607 -0.0186313 0.222374
-0.26531 0.345619 1.451
-0.250292 0.274975 1.35192
0.0208554 -0.0224814 0.226847
0.0170553 -0.0305564 0.226044
0.538263 0.10282 0.662731
0.0178941 -0.0352241 0.226142
0.0249559 -0.0232897 0.226707
0.0170514 -0.031512 0.22539
0.019277 -0.0269469 0.227056
0.688398 -0.281517 0.886527
0.0190375 -0.028419 0.227039
0.0197742 -0.0285941 0.226962
0.0158833 -0.0347532 0.223881
1.26299 -0.368537 1.19339
0.788012 -0.397878 0.848922
0.0152145 -0.0310328 0.223051
0.022569 -0.0336564 0.225815
0.0241175 -0.0266548 0.221355
0.0207406 -0.0228756 0.223721
-0.00131608 -0.0189548 0.23074
0.00918586 -0.0296465 0.222153
0.00140317 -0.0202498 0.224218
0.0129362 -0.0290265 0.220319
0.0167638 -0.0247036 0.219776
0.0121677 -0.0287611 0.223305
-0.00617949 -0.019873 0.239871
0.0398978 -0.0220163 0.264729
-0.0159378 -0.0206986 0.232564
0.129324 -0.0483808 0.368489
0.116524 -0.0352841 0.247671
0.103413 -0.0380316 0.248033
-0.0129246 -0.0207531 0.232647
0.527182 0.151098 0.662442
-0.0115759 -0.0203081 0.232729
0.0648842 0.00548682 0.318185
0.585555 0.160939 0.651067
0.0131011 -0.0337225 0.219633
0.00225737 -0.0185704 0.224498
0.643179 -0.0551203 0.819132
0.014173 -0.0276322 0.219618
-0.00120212 -0.0184453 0.229979
0.0140946 -0.0293244 0.222862
0.015891 -0.0322029 0.224056
0.0135645 -0.031952 0.220423
0.0115005 -0.0332978 0.221378
0.0128137 -0.0237637 0.218625
0.0143894 -0.029378 0.222824
0.0126334 -0.0293474 0.22021
0.00915375 -0.0305059 0.220445
0.00299419 -0.0197958 0.231195
-0.00040914 -0.0180751 0.23361
-0.0054627 -0.0194312 0.232167
-0.000964064 -0.0187065 0.232163
0.0365403 -0.0378768 0.238918
0.00879579 -0.0189781 0.23275
0.00347432 -0.0191258 0.232224
-0.00112222 -0.0173106 0.232942
0.187391 0.0314937 2.63712
0.578503 0.120605 0.73298
0.999944 -0.328857 1.27372
0.732906 0.144796 0.677516
0.211809 -0.00460269 0.278744
0.205627 -0.0292476 0.295753
0.496472 0.108939 0.799444
0.734012 -0.389786 0.817544
0.457723 -0.141388 0.5036
0.466108 -0.153038 0.567469
0.674876 0.103116 0.715282
0.955991 -0.30079 0.91161
0.0385936 -0.0224747 0.251558
-0.269267 0.0811857 1.36132
1.45832 -0.100617 1.58018
-0.00428946 -0.0748422 0.874509
0.66308 -0.185756 1.66502
0.660548 0.144454 0.897435
-0.296635 0.100474 1.53094
-0.150453 0.239365 1.31807
-0.155575 0.159538 1.38556
0.0164119 -0.0258605 0.222502
0.0189117 -0.0220205 0.225771
0.0155128 -0.0279334 0.223924
-0.000640912 -0.0183057 0.230283
0.000891178 -0.0183675 0.228964
0.00702011 -0.0191072 0.229548
-0.000431438 -0.018558 0.231025
0.0128175 -0.0212553 0.224227
0.0186293 -0.0246791 0.226418
0.0195687 -0.0222869 0.223513
0.0183579 -0.0219499 0.223603
0.0844516 -0.0569569 0.235496
0.0197184 -0.0248969 0.225774
0.0150296 -0.0323509 0.222839
0.0914358 -0.00850394 0.260294
0.0777303 -0.00971415 0.259905
0.303046 -0.137868 0.661704
0.0755416 -0.00996711 0.256174
0.747615 0.131886 1.64266
0.507674 0.126784 1.66299
0.490171 -0.291507 1.92344
0.925845 -0.124609 1.96599
0.68429 -0.194507 1.67521
0.016596 -0.0254503 0.224907
0.000981923 -0.0186455 0.228141
0.0208219 -0.0350683 0.226721
0.0172672 -0.0230952 0.224168
0.00193676 -0.0199519 0.22391
0.0383168 -0.0426431 0.236985
0.0246354 -0.0234483 0.226589
0.0653579 -0.0220485 0.265186
0.0197656 -0.0364415 0.223532
1.7212 -0.566955 3.26577
0.710268 -0.580484 1.67872
0.956602 -0.44208 1.56834
0.223143 0.0525932 2.58506
0.385189 0.00044554 2.462
1.40795 -0.457376 2.52902
0.0932773 -0.00998783 0.256635
0.641659 0.0188923 0.722724
0.0145425 -0.0333907 0.224318
0.164271 -0.0827127 0.249215
0.0124788 -0.0208855 0.224999
0.0107645 -0.0194945 0.228731
0.0125864 -0.0315432 0.260314
0.0885221 -0.0139617 0.228426
0.00537968 -0.0194598 0.227426
0.0396409 -0.0342818 0.23382
0.0347359 -0.0190304 0.25972
0.0189704 -0.03388 0.226251
0.0249921 -0.0348176 0.235445
0.00838247 -0.0191185 0.228431
0.0162523 -0.0339791 0.222955
0.0196531 -0.0219568 0.224709
0.0126669 -0.0187971 0.251675
0.023915 -0.0325194 0.224362
0.0970204 -0.0326002 0.242402
0.0622894 -0.0238054 0.257922
0.0206064 -0.0365016 0.22686
0.655978 -0.0250863 0.60563
0.0170685 -0.0293013 0.240463
0.67764 0.0848766 0.673393
0.00203877 -0.0179496 0.232885
-0.00979159 -0.0197495 0.23902
0.00481296 -0.0180805 0.233543
0.752901 -0.00745933 0.810939
-0.0125902 -0.0210606 0.23281
0.0110374 -0.0251751 0.221772
0.475096 -0.215243 0.640614
-0.0013084 -0.0181876 0.232433
0.0154646 -0.0244779 0.220298
0.0146696 -0.0327975 0.222893
-0.00112505 -0.0181805 0.232451
0.0191262 -0.0231873 0.216147
0.00276026 -0.020322 0.223684
0.0155932 -0.0356629 0.221446
1.10266 -0.322796 1.0518
0.0124954 -0.0323653 0.248922
0.00132116 -0.0185691 0.229291
0.00177889 -0.0294367 0.228448
0.665069 0.105216 0.736332
0.27921 -0.0452747 0.409419
0.637679 0.0905299 0.772611
0.0143561 -0.0336443 0.221726
0.0168826 -0.0275657 0.223156
-0.193531 0.230774 1.30035
-0.318421 0.165522 1.62671
-0.344628 0.211345 1.67638
-0.0691442 0.195569 1.34047
-0.0469305 0.0734832 1.09813
-0.164098 0.129006 1.06705
-0.169067 0.167152 1.30614
-0.0538528 0.105394 1.32044
-0.117733 0.113947 1.06184
0.00913823 -0.0200821 0.233367
0.0153253 -0.0286084 0.222576
-0.000964063 -0.0182078 0.232184
0.0115042 -0.0346405 0.223075
0.0104927 -0.0330455 0.219732
0.0118397 -0.0347841 0.223014
0.0169252 -0.0176306 0.236422
0.0151981 -0.0343439 0.22297
0.017187 -0.0302521 0.225327
0.0178476 -0.0323828 0.22566
0.0107236 -0.0339346 0.220968
0.0159687 -0.0233089 0.219636
0.014805 -0.0262579 0.220273
0.016022 -0.0302968 0.224297
0.0191983 -0.037841 0.226807
0.015461 -0.0367635 0.223556
0.0059484 -0.0188417 0.226899
0.0186482 -0.0338377 0.22555
0.0605018 -0.0459736 0.243544
0.0686866 -0.048553 0.243546
0.0712113 -0.0292468 0.236152
0.179124 -0.045779 0.244879
0.0185491 -0.0218852 0.224978
0.0202837 -0.0347586 0.226729
0.0159057 -0.03063 0.224084
0.0188114 -0.0268298 0.227105
-0.00157789 -0.0184687 0.228956
-0.00198282 -0.0201465 0.232354
0.0195421 -0.0250236 0.225544
0.0562209 -0.028249 0.241852
0.267562 -0.00830937 0.481928
0.0137874 -0.0172301 0.26011
0.016904 -0.0347556 0.224557
-0.0536842 0.13303 1.08171
1.21294 -0.0359609 1.49699
0.619312 -0.365535 2.44402
0.569776 0.115146 0.697879
0.164057 -0.0951793 0.34465
0.101626 -0.0230146 0.285301
0.6872 0.00442625 0.649415
0.0117305 -0.0212503 0.219684
0.030428 -0.0283308 0.22623
0.690229 0.106347 0.728288
0.514053 -0.0638641 0.618153
0.148051 -0.0225447 0.329077
0.132614 -0.0211464 0.214401
0.118471 -0.0123887 0.27066
0.0097226 -0.0188581 0.239027
0.0275824 -0.0304249 0.240153
0.0222546 -0.0195926 0.22024
0.0149901 -0.0350603 0.227647
-0.000838781 -0.0186059 0.231385
-0.00509954 -0.018343 0.229588
0.000573857 -0.0185197 0.228261
-0.000558917 -0.0183326 0.230369
0.0141981 -0.0267684 0.22038
0.0037783 -0.0191229 0.229211
0.00183524 -0.019006 0.22999
0.000497084 -0.019329 0.232671
0.0211927 -0.0239046 0.215382
0.00430906 -0.0194708 0.22986
0.0173713 -0.0250877 0.223035
0.00064372 -0.0281808 0.243516
-0.000835075 -0.0170859 0.23411
0.0105844 -0.036052 0.224699
0.00763006 -0.0192336 0.225411
0.0185239 -0.0264419 0.219421
0.0151662 -0.0377451 0.227287
0.0170473 -0.0240273 0.219277
0.00923737 -0.0191791 0.225681
0.0127746 -0.0197742 0.223726
0.0204224 -0.0364247 0.226916
0.0221857 -0.0175965 0.23738
0.00404369 -0.0227575 0.222244
0.000702914 -0.0200846 0.225257
0.0161524 -0.0264814 0.223951
0.0133182 -0.029012 0.220627
0.0390538 -0.0444681 0.238796
0.0152133 -0.0340791 0.226353
0.017807 -0.0242657 0.22411
0.0128393 -0.0209412 0.224804
0.0152815 -0.0285815 0.222624
0.0185896 -0.0294183 0.227146
0.0177642 -0.031578 0.227164
0.0178458 -0.0324186 0.225667
0.123376 -0.0581474 0.275001
1.39269 -0.40536 1.3192
1.81073e-05 -0.0184758 0.229789
-0.000534064 -0.018287 0.230078
0.0127089 -0.0264495 0.220904
-0.000241603 -0.0181356 0.22945
-0.000485223 -0.0186653 0.231897
0.00757376 -0.0198713 0.228538
0.00221339 -0.0185518 0.224493
0.000991889 -0.0186659 0.227798
0.000512638 -0.0180645 0.223579
0.000945369 -0.0189716 0.224974
0.0135615 -0.0253735 0.219145
0.0161923 -0.0333702 0.2235
0.0114305 -0.0271167 0.219623
1.37433e-05 -0.0192584 0.232526
0.011792 -0.0305537 0.219688
0.00182792 -0.0198418 0.225216
0.00244571 -0.0193845 0.223648
0.0118746 -0.0329517 0.237931
0.241652 0.0551607 0.371169
0.0182209 -0.0359889 0.227224
0.0171764 -0.0243434 0.217458
-0.0158541 -0.0205623 0.231313
0.103172 -0.0228383 0.266447
0.000744683 -0.020057 0.225241
0.0089336 -0.0194377 0.226897
0.0160546 -0.0265355 0.224073
0.0102201 -0.0195481 0.221467
0.0108861 -0.019522 0.221217
0.0149567 -0.025092 0.223523
0.00945014 -0.0185525 0.223974
-0.0099697 -0.0200664 0.234873
0.00890945 -0.0200377 0.228444
0.000511572 -0.0186682 0.229304
0.010481 -0.018885 0.224097
0.0118285 -0.0186414 0.223566
0.00869244 -0.0193078 0.225796
-0.0135464 -0.0211336 0.232384
0.0193023 -0.0310875 0.226837
0.176271 -0.0608171 0.297379
0.0159128 -0.030977 0.22435
0.0174431 -0.0304424 0.225722
0.01008 -0.0210022 0.224461
0.0154211 -0.0330206 0.223581
0.011236 -0.025145 0.22163
0.0136958 -0.0198902 0.226695
0.0205231 -0.0288818 0.225014
0.0113518 -0.0301637 0.224919
0.0202402 -0.0322442 0.227047
-0.00286257 -0.0206321 0.231569
0.0101356 -0.0198885 0.22709
0.0183407 -0.0363782 0.225258
0.0175376 -0.033758 0.222985
0.000212004 -0.0188177 0.229979
0.0154349 -0.0278871 0.224249
0.00105497 -0.0183974 0.227838
0.199109 -0.00424822 0.277908
0.238424 0.0449321 0.361112
0.0161199 -0.0232581 0.221525
-0.000292894 -0.0182335 0.232551
0.0125485 -0.0288337 0.22058
0.0137787 -0.0291572 0.220214
0.0140205 -0.025012 0.22015
0.0091788 -0.0198445 0.224207
0.0140999 -0.0319129 0.220496
0.0030786 -0.0190247 0.227728
0.0181371 -0.0203943 0.227479
0.020621 -0.0210341 0.226919
0.00875351 -0.0199228 0.2279
0.063638 -0.03211 0.238435
0.0615831 -0.0296361 0.237655
0.0148742 -0.0294225 0.222038
0.646504 -0.143022 0.837332
0.017117 -0.0300434 0.221431
0.0134769 -0.0291237 0.220271
0.0110611 -0.0332391 0.221229
0.014894 -0.028815 0.220724
0.0303446 -0.0152733 0.254491
0.0163637 -0.032346 0.224017
0.0370027 -0.0202321 0.236874
-0.00134945 -0.0182175 0.230213
0.0176573 -0.0307424 0.225267
0.0158903 -0.0300816 0.223316
0.0196754 -0.0270427 0.22311
0.0224381 -0.024524 0.245055
0.0171126 -0.0243356 0.223252
6.79618e-05 -0.0179101 0.228307
-0.00305623 -0.0184759 0.228909
-0.000608548 -0.0181906 0.232112
0.00277283 -0.0193486 0.22977
-0.00294248 -0.0177035 0.229137
-0.000178945 -0.0183428 0.228938
-0.00555149 -0.0180177 0.230726
-0.00142423 -0.017763 0.231411
0.0873824 -0.0661728 0.312087
0.0171865 -0.031452 0.223909
-0.000543287 -0.0191631 0.231918
0.0277408 -0.0140358 0.25949
0.0191883 -0.0357108 0.227011
0.0177168 -0.0283523 0.225387
0.0169262 -0.030432 0.225405
0.0184232 -0.0343602 0.227198
0.0433323 -0.00585569 0.266259
0.10785 -0.0534917 0.234725
0.0176656 -0.0212624 0.223769
0.0173375 -0.0283745 0.225513
0.0483885 -0.0273145 0.240968
0.0521768 -0.0373399 0.234556
0.0531701 -0.0374218 0.234334
0.0138983 -0.0171634 0.260856
0.031556 -0.0332034 0.260323
0.0068751 -0.0199198 0.228193
-0.000447551 -0.018523 0.231472
0.0040081 -0.0190127 0.228923
-0.000605218 -0.0185928 0.231042
0.0024803 -0.0219305 0.243291
0.0185604 -0.0375585 0.226944
0.000259733 -0.0189398 0.231357
0.0118919 -0.031149 0.221017
0.0133431 -0.0279713 0.221738
0.0174491 -0.0266586 0.224463
0.0146926 -0.0327965 0.221851
0.00669954 -0.0183827 0.23198
0.0166858 -0.0259411 0.222367
0.0166574 -0.0259178 0.223163
0.0163291 -0.026488 0.223851
0.00509443 -0.0210478 0.222246
-0.00104201 -0.0182059 0.231402
0.0059832 -0.0213109 0.22414
0.900645 -0.392056 0.986144
0.00895055 -0.0342735 0.221507
0.0175811 -0.0287332 0.227342
0.0608819 -0.0462011 0.243271
0.0122333 -0.0314003 0.220848
0.231068 0.00701907 0.322417
0.641823 0.182167 0.768597
0.000776527 -0.0190636 0.232785
0.00249176 -0.0189521 0.227259
0.013953 -0.0332072 0.227185
0.0152044 -0.0299771 0.224364
0.00226398 -0.0195242 0.229395
0.0314356 -0.0109288 0.24458
0.048218 -0.0308592 0.224224
0.0177943 -0.0201613 0.227572
0.00420645 -0.019432 0.227273
0.0294446 -0.0185076 0.222356
0.0160423 -0.0301057 0.225587
0.0156951 -0.0338593 0.223559
0.0714679 -0.0158672 0.244947
0.0982292 -0.0229997 0.264581
0.0456402 -0.0474713 0.240085
0.0582768 -0.0100736 0.251296
0.0158582 -0.0287806 0.227544
-0.000174699 -0.0180521 0.228482
0.0257686 -0.0121614 0.267103
-0.00413005 -0.0244154 0.233587
0.030808 -0.0118879 0.268436
-0.0143691 -0.020566 0.234476
-0.000931293 -0.0186094 0.229698
-4.16135e-05 -0.0185314 0.230498
-0.000349795 -0.0183098 0.230039
0.016493 -0.0281532 0.223685
0.0146017 -0.0179414 0.225494
0.14707 -0.0766374 0.246654
0.00527751 -0.0178919 0.254212
0.018972 -0.0188032 0.229245
0.0749529 -0.0153155 0.257053
0.0608725 -0.0383677 0.237171
0.000777853 -0.0199448 0.229833
0.00214046 -0.0195841 0.231645
0.00350397 -0.0185128 0.250247
-0.00451607 -0.0200223 0.23057
0.0168754 -0.0240789 0.226191
0.0810945 -0.0422468 0.251196
0.030554 -0.0355172 0.234644
0.0147031 -0.0278481 0.225926
0.0190324 -0.0271636 0.223525
0.0218696 -0.0198701 0.250384
0.0300459 -0.0194166 0.251283
0.0527066 -0.0147299 0.259739
0.0616638 -0.0296303 0.237665
0.0148523 -0.0324232 0.223005
0.0629141 -0.016605 0.243454
0.0240937 -0.0295977 0.22627
0.0184238 -0.0317981 0.227037
-0.0103831 -0.0217262 0.232185
0.000381685 -0.0188467 0.229152
0.0122787 -0.0202953 0.262271
0.0161374 -0.0242107 0.222454
0.0168776 -0.0170876 0.262154
0.0206484 -0.0210608 0.226911
0.00176304 -0.0186127 0.227707
0.0712037 -0.0231814 0.24298
-0.000705064 -0.0187571 0.233075
0.0181492 -0.0340655 0.226221
0.0147687 -0.0309128 0.223216
-0.00169878 -0.0183191 0.232671
0.0168228 -0.0307468 0.225084
0.0198451 -0.022466 0.227089
0.0159909 -0.0269214 0.221775
0.0163649 -0.0263396 0.222028
0.15753 -0.0570133 0.291737
0.00231538 -0.019526 0.229391
0.000476358 -0.0189231 0.231363
-3.6626e-05 -0.0180305 0.233762
0.00231369 -0.0188799 0.230051
0.0169112 -0.0219316 0.223968
0.0545045 -0.0493802 0.242329
0.00133403 -0.0197504 0.225394
0.0150216 -0.0198693 0.226396
0.0115174 -0.0354624 0.222565
0.000935858 -0.0196806 0.225043
0.0144372 -0.035114 0.223588
0.0159024 -0.0327296 0.223532
0.0202637 -0.0221933 0.223486
0.0111775 -0.0341212 0.220791
0.019541 -0.0252196 0.222539
0.0269094 -0.0305902 0.221964
0.0162653 -0.0306333 0.224946
-0.0122589 -0.0202621 0.232453
0.0120425 -0.0312446 0.220966
0.00325023 -0.0188225 0.226732
0.0175041 -0.0347091 0.236737
0.709358 0.0869979 0.704594
0.588456 0.127871 0.803677
0.0275966 -0.019112 0.268543
0.231407 0.102728 1.21287
0.489686 -0.25302 0.674739
0.339673 -0.173831 0.506377
0.0468734 -0.0191031 0.263768
-0.00820545 -0.0178183 0.238962
-0.000640663 -0.0176438 0.231116
0.00755522 -0.0188759 0.23714
1.09586 -0.20619 1.9573
0.644396 0.113654 1.68518
0.537342 0.111921 1.56989
0.525908 0.0396732 0.795422
0.407316 0.0250508 2.38406
0.714314 -0.453106 2.06124
0.0152758 -0.0278908 0.224224
0.00534818 -0.0229689 0.226534
0.0148954 -0.0256713 0.226349
0.0192834 -0.0273828 0.226215
0.0192293 -0.018635 0.25552
0.0181697 -0.0325003 0.225659
1.33727 -0.406785 1.44281
0.00930277 -0.0194819 0.22551
0.00474268 -0.0219983 0.222036
0.0125565 -0.0231083 0.221439
0.0149824 -0.0238498 0.219881
0.0181117 -0.0248355 0.219489
0.106363 -0.0307573 0.25838
0.00326151 -0.0193107 0.223357
0.0155825 -0.0257709 0.219997
0.0175301 -0.0235493 0.219519
0.00576822 -0.0202946 0.22162
-0.00099307 -0.0183786 0.231942
-0.000992479 -0.0179124 0.231568
0.0036631 -0.0175212 0.224897
0.00141831 -0.0187655 0.228872
-0.00245135 -0.0177571 0.230434
0.00247912 -0.0180849 0.227941
0.0166988 -0.0248676 0.223161
0.00202845 -0.0176668 0.225658
0.000110378 -0.0183107 0.228204
0.0184527 -0.02199 0.223965
-0.000558397 -0.0174601 0.229906
0.0160169 -0.0305242 0.224045
0.0114197 -0.0293314 0.220528
0.0171216 -0.030723 0.225752
0.0130581 -0.025452 0.220962
0.0323918 -0.0185857 0.234803
0.0197831 -0.0322294 0.22688
0.00888893 -0.0202405 0.220163
0.00754901 -0.0294212 0.222628
0.0174956 -0.0322118 0.226782
0.0193415 -0.0202785 0.22735
0.0179242 -0.0245193 0.221473
0.00191239 -0.022184 0.224311
0.0131833 -0.0285057 0.22126
0.00764361 -0.0171993 0.235866
0.0206265 -0.020958 0.225245
0.0067911 -0.0193776 0.225434
0.00188594 -0.0197842 0.231618
0.0160006 -0.0234223 0.220093
-0.000770074 -0.0184756 0.230459
0.0142118 -0.0254807 0.21892
0.0123095 -0.0270181 0.226139
0.016562 -0.0324 0.219566
0.00386448 -0.0190287 0.228943
0.0355917 -0.0125728 0.264891
0.0173903 -0.0315776 0.225295
0.0178933 -0.0282077 0.226807
0.100135 -0.0280888 0.198773
0.22811 0.00665713 0.320676
0.0416075 -0.0217033 0.255962
0.000437677 -0.0182411 0.228127
-0.000854013 -0.0180566 0.2303
0.00979254 -0.0333898 0.221298
0.0134443 -0.0209167 0.224634
-0.000892159 -0.0183602 0.232132
0.0100096 -0.0216931 0.22373
0.0217325 -0.0209141 0.224971
0.0145948 -0.0341778 0.224263
0.012932 -0.0209241 0.224747
0.00513388 -0.020263 0.221782
0.00121732 -0.0200168 0.223414
0.0857631 -0.0325419 0.209665
0.00370123 -0.0194858 0.221787
0.0112885 -0.0329706 0.220266
0.0183146 -0.0330509 0.227121
0.00454771 -0.0201106 0.221625
0.0131897 -0.0336287 0.222571
0.00116847 -0.0197926 0.224474
0.0134997 -0.0359141 0.223891
0.00980837 -0.0236725 0.222371
0.0039515 -0.0210471 0.241493
-0.000266573 -0.0187392 0.231829
0.0105597 -0.0323372 0.221963
0.0142918 -0.0229793 0.254009
0.0227415 -0.0293617 0.222741
0.0151923 -0.0271028 0.223308
0.00997466 -0.0211978 0.220338
0.0136577 -0.0275876 0.220632
0.0166089 -0.0307086 0.225123
0.0156069 -0.0297361 0.221453
0.0106321 -0.0344712 0.220879
0.0124946 -0.0307437 0.219502
0.017305 -0.032351 0.224894
0.00956659 -0.0317247 0.223038
0.0182583 -0.0321722 0.223758
0.0155243 -0.0352082 0.223533
0.00311321 -0.0188959 0.226567
0.0324335 -0.0334846 0.246015
0.000981678 -0.0188148 0.230706
-0.000639629 -0.0181364 0.229831
0.154158 -0.0846203 0.395559
0.096847 -0.0499851 0.298305
0.356387 0.00639592 2.31607
0.515865 0.128139 0.841036
0.480414 0.12863 1.65702
0.343001 0.0296453 0.645069
0.00915241 0.105861 0.700253
0.703898 -0.32666 0.776874
0.583005 0.08544 0.679185
0.158757 -0.0115729 0.342559
0.740327 -0.371295 0.894932
0.565703 0.0111995 0.613448
0.288677 0.0460961 0.372747
0.628283 -0.369378 2.47625
0.523908 0.00985785 0.587564
0.0302391 -0.0429816 0.244444
-0.00964669 -0.0208178 0.235153
0.60262 -0.0360068 0.584618
0.0116604 -0.0201815 0.231595
0.514154 0.0122655 0.592805
0.0172596 -0.0209733 0.225921
0.208477 -0.0534805 0.250049
0.0076783 -0.0194862 0.231876
0.0587448 -0.0117235 0.249434
0.0120073 -0.0136527 0.250104
0.00996876 -0.0192544 0.231586
0.0300796 -0.0189435 0.258439
-0.0129199 -0.0207531 0.23265
-0.00336634 -0.0192355 0.244088
0.277829 -0.0472955 0.41342
0.0213547 -0.00874339 0.247044
0.0384634 -0.0236341 0.227384
0.547856 -0.369522 2.71106
-0.0113191 -0.0204113 0.232746
0.78975 -0.0555995 1.40644
0.00477751 -0.0155996 0.251988
0.125211 -0.0305295 0.300624
0.0881553 -0.0486617 0.303706
0.576441 -0.329683 2.07757
0.487665 -0.205819 0.907385
0.088246 -0.0483358 0.303779
0.120063 -0.0167298 0.304606
0.940068 -0.0660839 1.62326
0.708896 0.106858 1.70459
-0.0142205 -0.0208304 0.232536
0.0143293 -0.0117974 0.2611
-0.00211416 -0.016961 0.243805
-0.00773676 -0.0194717 0.241247
0.0282276 -0.0183301 0.260798
-0.0141306 -0.0206226 0.232714
0.059633 -0.00633304 0.267844
0.0444373 -0.0125183 0.267829
-0.0138349 -0.0207022 0.232586
-0.0141294 -0.0206226 0.232714
-0.00947941 -0.0206714 0.231899
0.0247435 -0.0326386 0.226141
0.0110646 -0.0103961 0.252963
0.0263214 -0.00844893 0.258018
0.00328617 -0.0211059 0.240954
-0.00958931 -0.020677 0.231882
0.594436 0.0186037 0.674174
-0.0151261 -0.0205563 0.23236
0.021065 -0.0314333 0.226726
-0.000311587 -0.0186488 0.23045
0.0182518 -0.03535 0.226104
0.012401 -0.0319485 0.223481
0.00379506 -0.0187329 0.226588
0.00156075 -0.0194913 0.230659
0.0187414 -0.0310128 0.226722
0.0686746 -0.0109565 0.258484
0.0149569 -0.0277282 0.225069
0.053778 -0.037647 0.2345
0.0206024 -0.0196061 0.251238
0.753444 -0.421493 0.795338
0.01314 -0.0315088 0.226271
0.477183 -0.146918 0.520199
0.583445 0.0321622 0.712486
0.0222678 -0.0277888 0.226447
0.262514 -0.014148 0.264448
0.0282419 -0.0353247 0.261398
0.331813 0.0392688 0.452696
0.0060766 -0.0192701 0.227955
-0.011552 -0.0198447 0.232811
0.0031914 -0.0193505 0.226948
0.0174903 -0.0244076 0.225462
0.0154462 -0.0208702 0.225554
0.0162183 -0.0279301 0.222595
-0.00101283 -0.0181262 0.230844
0.0299829 -0.0159649 0.251682
0.0237765 -0.0147746 0.255111
-0.00108982 -0.0183908 0.232271
0.0164712 -0.0344349 0.225613
0.0169814 -0.0266359 0.223311
-0.00129975 -0.0196522 0.233193
0.0108294 -0.0324454 0.223886
0.295329 -0.0564546 0.28974
0.0170895 -0.0266214 0.223289
0.0662067 -0.0475422 0.23414
0.0257818 -0.0199292 0.251483
0.0554291 -0.0371591 0.236892
0.0811257 -0.042185 0.251186
0.0320428 -0.0367779 0.236833
0.00434507 -0.0194089 0.229566
0.0810377 -0.0311971 0.249159
0.0645749 -0.0295257 0.246257
0.0671699 -0.0299921 0.246828
0.289016 0.014194 0.487148
0.0145668 -0.0264194 0.224554
0.0161924 -0.0309359 0.225643
0.0174308 -0.0322387 0.226787
0.0228038 -0.0201299 0.248839
0.0167962 -0.0294023 0.223562
0.00154263 -0.0188611 0.232357
0.00184187 -0.0184662 0.233163
0.0162026 -0.0309358 0.225593
0.015256 -0.0324573 0.222791
0.0508717 -0.0191152 0.259779
0.0501675 -0.0320631 0.230873
0.0670442 -0.0288367 0.236003
0.0192504 -0.0374826 0.221703
0.0884305 -0.0296515 0.252069
0.641099 0.00929535 0.672768
0.0629257 -0.0277573 0.239581
0.0879616 -0.00903664 0.255229
0.016649 -0.0243096 0.226343
0.0174299 -0.0271247 0.223037
0.0169729 -0.0281783 0.224662
0.0712993 -0.0293017 0.248921
0.0890679 -0.00705075 0.262871
0.0201615 -0.0293757 0.2248
0.0369575 -0.0194454 0.258907
0.0160535 -0.0295639 0.223003
0.0186321 -0.0272333 0.244671
0.0183212 -0.0326018 0.226702
0.0164777 -0.025832 0.222505
0.0598847 -0.0285633 0.242336
-0.0135432 -0.0207422 0.234827
0.0378467 -0.021186 0.250293
0.00707699 -0.0180638 0.251789
0.576479 0.000226716 0.719368
0.0228615 -0.0203475 0.248156
0.101776 -0.0252508 0.275863
0.0433353 -0.0202138 0.256763
-0.000698999 -0.0178355 0.230704
-0.000832166 -0.0182581 0.232872
0.0427597 -0.00703999 0.267281
-0.00090685 -0.0183829 0.231724
0.0143858 -0.0285526 0.245505
0.0129483 -0.0282243 0.244776
0.149968 -0.0161359 0.318543
0.144073 -0.0331073 0.246427
0.0106234 -0.0228801 0.250721
0.0440653 -0.0126692 0.265593
-0.000744462 -0.0178693 0.231482
0.120274 -0.0163068 0.3082
-0.0108131 -0.0203049 0.23285
0.813492 -0.059027 0.966783
0.0193929 -0.0034655 0.278752
0.0178938 -0.00866121 0.245357
-0.00582191 -0.0193731 0.242679
0.0254644 -0.0077504 0.256485
0.766142 -0.0902958 1.68995
0.207315 0.024003 0.500823
0.367372 -0.37618 3.05563
0.550191 0.151408 0.620115
0.574366 0.0557266 0.95329
0.138205 -0.0771384 0.303506
0.585126 0.0342958 0.725781
0.00245196 -0.0241904 0.24991
0.0763461 -0.0615786 0.36155
-0.0155716 -0.0208055 0.233043
0.021767 -0.00747653 0.261855
0.500113 0.0866696 0.68207
0.00144537 -0.0148174 0.254689
0.481809 0.0309701 0.711946
0.205648 -0.215238 0.777977
0.408637 0.0902758 0.71135
-0.0192784 -0.0301073 0.271525
0.941418 -0.436443 1.5446
0.0277454 0.00485572 0.74784
0.25064 -0.0427852 0.394015
0.567007 0.0130488 0.840939
0.677503 -0.605329 2.00697
-0.00516787 0.00619715 0.89458
0.022899 -0.0324423 0.270074
0.724411 0.154833 2.03435
0.612012 -0.416084 2.79883
0.200498 -0.08646 0.373809
0.577685 0.0138498 0.847596
0.157189 0.312795 1.49251
0.456063 0.152004 1.09381
0.73513 0.132723 1.85927
0.640866 0.170859 1.04004
0.0654781 0.00540801 0.318388
1.22088 -0.738396 4.73594
0.268696 -0.096388 0.643695
0.46834 -0.153247 0.570289
0.775004 -0.36996 0.943136
0.342075 -0.286296 0.867434
0.733933 -0.376019 0.839417
0.780793 -0.119711 2.10379
0.529176 -0.336329 2.35717
0.613096 0.0128041 0.649501
0.597599 -0.190715 0.797129
-0.0152729 -0.0205298 0.232505
0.0174824 -0.0359398 0.262843
0.0234337 -0.00864998 0.243538
0.0280368 -0.00682611 0.262927
0.0162701 -0.0290734 0.251339
0.0222786 -0.00902439 0.243139
0.551162 0.11648 0.702436
0.659732 -0.489657 2.01072
0.0735401 -0.0747994 0.458802
0.679079 0.00561439 0.638262
1.45968 0.367001 1.56924
0.0851063 -0.0456162 0.290709
0.831996 0.134674 2.02492
0.488526 0.0796745 0.636448
0.57733 0.0161572 0.639761
0.893047 -0.267963 0.862821
0.403985 -0.196078 0.600816
0.5812 -0.182457 0.776886
0.0418988 0.00792029 0.892897
0.0839565 0.0166565 1.24493
0.676995 -0.183292 1.65477
0.171624 -0.169749 0.615848
0.158884 0.0271046 0.431074
0.0473636 -0.0256441 0.304821
0.0376426 -0.00911193 0.256424
0.0963703 -0.0609542 0.407047
0.482396 0.0529269 0.80025
-0.0104364 0.00275389 0.514349
0.000707426 0.0647605 0.554421
-0.0101257 0.00407695 0.529459
-0.0148604 -0.00995445 0.280784
0.56357 0.117026 0.699529
0.692325 0.14811 0.683205
0.5256 -0.300265 1.9332
0.614243 -0.555802 1.75966
0.764635 -0.469404 3.25301
0.042045 -0.00760322 0.287096
0.722701 0.114364 1.74868
-0.000582874 -0.0155509 0.255448
0.700806 -0.0243427 0.646318
0.623599 0.0968099 0.670425
1.26583 -0.428336 2.65686
0.659505 -0.0239842 0.608503
0.700318 -0.39068 0.822748
0.785228 -0.15443 1.58181
0.47701 0.0121395 0.764228
0.490375 0.0124117 0.780759
0.708064 -0.378446 0.827644
0.296753 0.0530349 2.6751
0.207549 -0.11297 0.501365
0.432033 -0.278015 1.9762
0.600199 0.0917759 0.709274
0.710623 -0.47909 3.22705
0.49882 0.112791 0.694251
0.295937 -0.390209 2.56854
0.524913 0.0290879 0.707879
0.444065 -0.34389 2.80832
0.206002 -0.112347 0.497758
0.56668 -0.31769 2.08809
0.478114 0.105893 0.775949
0.48166 0.0850463 0.677846
0.746269 -0.516394 3.78994
-0.0442648 0.0822671 0.876595
-0.0169897 -0.0172599 0.246539
-0.0335385 -0.125962 0.678996
-0.0322295 -0.132933 0.710211
0.601757 -0.448631 1.86178
0.561619 0.126804 0.766781
0.733786 -0.223963 1.56109
0.519174 0.1771 0.783724
0.755452 -0.628906 1.7971
0.63793 -0.409072 2.74898
0.213072 0.0484575 0.335183
0.512904 0.131758 0.845541
0.0413379 -0.00558666 0.247924
0.0233321 -0.0114479 0.255035
0.478407 -0.276328 1.79145
0.282844 -0.0656491 0.616244
0.512956 0.0940831 0.724645
0.00492303 -0.0142155 0.254179
0.0165847 -0.0213894 0.247062
-0.00319463 -0.0215927 0.237852
0.00825117 -0.0148502 0.255191
0.526287 0.139018 1.73452
0.698325 0.122471 1.50998
0.0417086 0.0963974 0.674717
0.741857 -0.351154 0.820535
0.705929 0.133343 1.67076
0.35924 0.182454 1.1513
0.602536 -0.502014 1.74792
0.648723 -0.619772 1.65785
0.254002 -0.0474289 0.531105
-0.0461662 0.10635 0.781299
0.543769 0.00294971 0.667411
0.396764 0.0352925 0.701219
0.474347 0.0293375 0.62882
0.470952 0.0283862 0.625205
0.560235 -0.00270423 0.703351
0.528096 -0.00930323 0.625093
-0.0470466 0.107782 0.786065
0.418854 0.13712 1.01519
-0.0321088 -0.129038 0.69293
-0.0206706 -0.0592468 0.543435
-0.0456083 0.062043 0.826435
-0.0206837 -0.0678373 0.63528
0.52323 -0.00305266 0.672658
-0.0377269 -0.145735 0.625148
0.482142 0.0044215 0.6263
0.261566 -0.0883975 0.717952
-0.0696555 0.0795035 0.796971
-0.0512003 0.118735 0.828046
0.52094 0.00277309 0.651958
0.0014154 0.065276 0.567021
0.33417 -0.174736 0.531485
0.0048217 0.0580776 0.588065
0.589384 -0.0194539 0.641631
-0.0462402 0.0518347 0.668881
0.766236 -0.412406 0.871636
-0.0159734 -0.0166753 0.331086
0.4714 0.00405232 0.616011
-0.0379333 -0.14851 0.632274
0.150615 -0.0606183 0.579084
-0.00948905 -0.00377923 0.572559
-0.00962969 -0.00742426 0.572139
-0.00132943 0.0608003 0.539195
-0.0412683 0.0350052 0.591455
-0.0462862 0.0592121 0.629065
-0.029274 0.0899407 0.623431
0.135005 -0.00629717 0.371087
0.00292293 0.0730645 0.590313
-0.0290942 0.088109 0.61556
0.394562 0.0902038 0.6922
0.41576 0.097573 0.708264
0.119784 -0.0188894 0.315434
-0.016174 -0.0171464 0.324807
0.140545 -0.018051 0.332723
0.0051368 0.0587503 0.59069
0.0240412 -0.104723 0.475091
-0.00825612 -0.0599342 0.354405
0.611508 -0.316529 0.723164
0.903453 -0.309917 0.874013
-0.0609185 0.158375 1.02215
-0.0529533 -0.0293028 0.866735
0.576877 -0.180879 0.772357
0.17745 0.121368 1.53211
0.395018 -0.206704 0.549854
0.719119 -0.33999 0.779703
0.782228 -0.261087 1.44668
-0.0607391 0.15171 0.990886
-0.00706352 0.00252224 0.830971
0.225014 0.258916 2.34903
0.689126 -0.196849 1.7177
-0.00766942 0.00188878 0.81389
-0.0546421 0.0768455 0.996271
0.346658 -0.19407 1.1373
0.679516 -0.23728 1.751
0.505842 -0.158787 0.554188
0.137727 -0.118296 0.676875
0.577401 -0.181282 0.771516
0.636605 -0.0182975 0.672395
0.818811 -0.532888 1.2231
0.639481 0.0649788 0.609365
0.63431 0.131018 1.81074
0.640661 0.132047 1.82707
0.713297 -0.361355 0.820304
0.0079125 -0.0228463 0.269446
-0.0117286 -0.026103 0.275646
-0.0547565 0.0494707 0.957066
0.945176 -0.626219 1.47132
0.0193502 -0.00688507 0.297509
0.326133 -0.199144 1.34142
0.729912 -0.347569 0.868084
0.572974 -0.00115181 0.733001
0.824374 -0.163991 1.64846
0.605304 0.0815428 0.668253
0.68395 0.0133604 0.644491
0.642122 -0.0247235 0.595177
0.0680321 0.0138375 1.58599
0.0623101 -0.0300346 0.319537
0.0658664 -0.0305673 0.323222
0.578446 -0.213815 0.914496
0.0872139 0.00402446 0.440108
0.80469 -0.543412 4.00945
0.672723 0.192806 2.35612
0.0187146 -0.0387383 0.379444
0.680833 0.193869 2.38167
0.921274 0.360658 3.8428
0.335151 0.033374 2.8975
0.595082 0.0794725 0.661694
