0.0164618 -0.122174 0.824797
-0.361216 0.319582 1.63879
0.41023 0.255894 0.722495
0.00340507 -0.162307 0.822189
-0.0241633 0.00936598 0.817502
0.460538 0.0509057 0.741295
-0.728574 -0.0596234 1.54584
-0.544575 0.348824 1.35742
0.274667 0.0373486 0.690626
0.208959 0.0866953 0.672302
0.0518497 -0.015198 0.471925
0.436791 -0.0134095 0.773398
0.17721 0.00611588 0.702989
0.412672 -0.0390894 0.720094
0.431351 -0.0968983 0.815421
0.338231 -0.0498596 0.782775
-0.226606 0.229532 1.69979
-0.342795 -0.114842 0.755634
-0.080668 -0.270386 0.899986
-0.159208 -0.179778 0.798402
-0.28733 -0.173078 0.792225
-0.00489979 -0.10071 0.642312
-0.208683 -0.140935 0.776821
-0.401522 -0.165916 0.704305
-0.269778 -0.082554 0.676893
0.0848785 -0.0195437 0.645381
0.0636549 0.0392577 0.822652
0.0921421 0.064358 0.385206
0.166682 -0.0802991 0.879969
-0.146868 -0.0572427 0.804069
0.319191 0.0705511 0.601496
0.333055 0.179278 0.654171
0.262666 0.0402205 0.720225
-0.0333628 0.0551268 0.804659
0.101195 -0.260642 0.877209
0.169466 0.103429 0.888825
0.19818 0.171126 0.743563
0.0172273 0.156578 0.710066
-0.639186 -0.24613 1.08224
0.244002 0.081433 0.617879
0.329178 0.100349 0.699084
0.273378 0.101214 0.659032
0.313789 -0.188802 0.787406
-0.0556973 0.0371794 0.75415
0.101003 -0.260618 0.876572
0.305743 -0.0530192 0.803505
0.0578084 -0.169822 0.827862
-0.150783 -0.258572 0.835508
-0.172361 -0.0841728 0.80807
-0.20681 -0.140568 0.78079
-0.058137 -0.0738414 0.818017
0.0671785 0.119606 1.09644
-0.010585 0.0165064 0.104709
0.00762919 0.452913 1.71993
0.0550782 0.491561 1.87541
0.15493 0.12092 0.757721
-0.652332 0.375756 1.48872
0.145328 0.386675 1.54704
-0.263608 -0.0543982 0.859239
-0.42852 -0.161836 0.670663
0.185402 0.0972865 0.727398
0.0178182 -0.0688638 0.839866
-0.0651756 -0.0770256 0.882228
-0.343376 0.538222 1.74028
-0.519221 0.356371 1.51753
-0.834497 0.319039 1.49308
-0.963631 0.130852 1.47448
-0.370479 -0.132886 0.733459
0.089449 0.101789 0.802899
-0.883116 0.346295 1.45837
-0.158869 -0.177918 0.778801
-0.0685333 0.0304 0.787784
-0.489686 0.390821 1.60319
0.242088 0.25072 0.734893
0.0382129 0.48762 1.68982
0.212793 0.0296635 0.612635
-0.395146 -0.157905 0.731371
0.298066 0.19862 0.664208
-0.315585 -0.122891 0.615406
0.169111 0.565203 1.54757
-0.385167 -0.138404 0.737317
-0.283035 0.464964 1.60119
-0.12499 0.483117 1.62329
0.259351 0.110765 0.680983
0.137925 0.112754 0.770564
-0.0855914 0.0112659 0.745904
-0.117354 -0.00354517 0.812427
-0.793204 0.245163 1.45269
0.379002 0.00801705 0.674105
-0.674025 0.228794 1.64777
-0.385476 0.399233 1.39089
-0.240871 0.325973 1.60941
-0.902458 0.276207 1.38531
-0.384341 0.520632 1.53691
-0.857978 0.174884 1.54181
0.204108 0.181094 0.726958
-0.173448 0.42402 1.55659
0.0762269 -0.159066 0.814486
0.369264 0.181967 0.66979
-0.0754183 -0.190633 0.792867
-0.775653 0.228928 1.51941
-0.895372 0.0382304 1.51749
-0.0152426 -0.0537071 0.767896
0.0166276 0.385188 1.8274
-0.1349 0.00285193 0.911542
-0.0231722 -0.139465 0.839556
0.118272 0.124022 0.808972
0.116073 0.52909 1.66351
0.241434 0.103807 0.686446
-0.0223402 0.0589603 0.734035
0.037952 0.566098 1.65445
-0.878989 0.337412 1.44301
-0.22661 0.523509 1.60802
-0.949578 0.26013 1.42949
0.192485 0.0680298 0.821695
0.469778 0.611994 1.81052
-0.435158 0.214124 1.69563
0.0780024 0.612594 1.77623
0.0891472 0.399191 1.72299
0.0654077 0.393545 1.69582
-0.716545 0.0231647 1.68913
-0.721628 0.137402 1.51033
-0.0590278 0.502815 1.53755
-0.185877 0.564005 1.58427
-0.0609928 -0.0594988 0.783585
0.278418 -0.0978478 0.748418
0.207575 0.123859 0.715947
0.468337 -0.105152 0.910527
0.387419 -0.0594107 0.888455
0.295282 -0.0509972 0.851524
0.395539 -0.122039 0.816251
-0.0744969 -0.197063 0.809912
-0.44067 0.383139 1.58782
0.103605 -0.063406 0.689417
0.303855 -0.0539364 0.790933
0.168137 0.119835 0.688863
0.284177 0.0238287 1.27757
0.225962 -0.134332 0.963464
0.133765 0.11614 0.858576
0.0612771 -0.166479 0.82189
-0.0307181 -0.0511901 1.06253
-0.320211 -0.194334 0.900398
0.198687 0.171949 0.754748
0.258852 -0.107804 0.844164
-0.245292 -0.231471 0.896269
0.0177269 -0.0540384 0.837218
0.316061 0.0516695 0.62455
-0.302266 -0.150627 0.770273
-0.251683 -0.328142 1.16722
0.290027 -0.163061 0.830922
-0.32762 -0.163177 0.769072
0.150933 0.00453765 0.818292
0.101117 -0.216746 0.893749
0.56732 -0.272833 1.11672
0.1888 -0.046152 0.878571
0.0475151 -0.0458443 0.793906
-0.0568967 -0.0579215 0.797159
0.376828 0.0180882 0.682292
0.39638 0.100698 0.69199
0.305894 -0.156865 0.901167
0.174975 0.130789 0.799663
0.229324 -0.00331915 0.67547
0.265008 0.181024 0.647643
0.0536087 -0.00758338 0.890794
0.100896 0.120298 0.767652
-0.0989691 -0.0428403 0.873433
-0.0892176 -0.216012 0.747491
-0.00146232 -0.0368428 0.843388
0.287522 -0.0619481 0.5678
0.331503 -0.0681258 0.657969
-0.749028 0.237913 1.56183
0.0662848 -0.119733 0.795692
0.0454344 -0.000714938 0.797685
0.206128 0.177743 0.760904
-0.416272 -0.208654 0.756395
0.591202 -0.284814 1.07323
-0.285797 -0.142057 0.720178
-0.212003 -0.0309273 0.910087
-0.07814 -0.0147687 0.47462
0.00543517 0.0667793 0.785344
0.280078 0.187446 0.651483
0.175745 -0.14863 0.958246
-0.468181 0.120465 1.79568
0.296312 0.174396 0.652165
0.0881155 0.0877351 0.794995
0.154473 0.109721 0.7843
0.0140349 -0.207218 0.821958
-0.268536 -0.081791 0.744296
-0.243179 -0.238542 0.708901
-0.0199324 0.0271942 0.799973
0.0674177 -0.120601 0.802483
0.055155 -0.00451178 0.823757
0.0209386 -0.258584 0.817223
-0.0167666 0.0418926 0.920226
0.252391 -0.124725 0.904167
0.27955 0.109583 0.67988
0.257353 0.211095 0.663221
-0.0212749 -0.261165 0.916564
-0.225517 -0.118051 0.774658
-0.145284 -0.013519 0.69004
0.133067 0.132008 0.676257
0.564231 -0.341405 0.986135
0.40819 0.103351 0.735655
0.350565 0.218363 0.674988
0.199055 -0.0621145 0.535134
0.14064 0.0223789 0.824745
0.404329 0.230863 0.706979
-0.394617 -0.200773 0.780016
0.134478 0.0641733 0.661036
-0.485761 0.402799 1.29889
-0.419607 -0.1767 0.626784
0.135869 0.0210494 0.80531
-0.489806 -0.191517 0.707262
0.300088 0.553695 1.68908
-0.859766 0.212867 1.47191
-0.659177 0.506267 1.56313
-0.902337 0.188587 1.48183
0.28123 -0.0598812 0.875616
-0.893371 0.273033 1.36592
0.488738 -0.399947 1.20278
-0.458631 -0.183182 0.74409
-0.550883 0.251392 1.50309
-0.785315 0.455474 1.56284
0.317433 0.0978723 0.675325
-0.409356 -0.181677 0.758725
-0.724598 0.0107616 1.47934
-0.435135 -0.16679 0.647468
0.461413 -0.319761 1.23652
-0.934968 -0.00021811 1.47698
-0.956285 0.119197 1.47732
0.245702 0.107702 0.69645
0.0673095 0.0407822 0.837198
0.293151 -0.0528855 0.850001
0.191447 -0.179951 0.600809
-0.126737 -0.19574 0.808985
0.144864 -0.199201 0.937558
-0.145081 -0.013872 0.68717
0.185393 -0.0219593 0.398556
0.164876 0.0827451 0.685754
0.185593 -0.0917916 0.899766
-0.0876359 0.0177218 0.776859
0.297621 0.00902931 0.664093
0.145579 0.00498574 0.793689
0.221349 0.0932519 0.70481
0.370723 -0.0535854 0.626887
0.15819 0.0030111 0.858746
-0.127052 9.21836e-05 0.749115
0.124185 -0.125288 0.88643
0.129835 -0.302606 0.925473
0.398827 -0.0907965 0.834543
-0.21355 -0.218869 0.794665
-0.126871 -0.0553028 0.854511
0.119211 0.097673 0.820484
0.142934 -0.0360039 0.87142
-0.0893324 0.0044319 0.797925
0.144158 0.0167492 0.652949
-0.452172 -0.183355 0.804325
0.0606727 0.0878264 0.817638
0.145994 0.137452 0.685213
-0.178028 0.451768 1.63135
0.24606 0.209238 0.677222
0.200308 -0.0440608 0.721364
-0.19146 -0.285811 0.933796
-0.0120286 -0.0723807 1.05499
0.248524 -0.104443 0.814649
0.109243 -0.0141702 0.750996
0.379359 0.0977366 0.655338
-0.737413 0.280511 1.47138
-0.320822 0.49931 1.57166
-0.219201 0.558985 1.60573
-0.777382 0.322653 1.42912
-0.654599 0.271098 1.42386
0.367688 0.195536 0.713816
-0.78881 0.281177 1.57923
-0.0103227 -0.160507 0.801234
-0.120395 0.458485 1.64071
-0.828961 0.338317 1.42279
0.359428 -0.0311198 0.65608
-0.901496 0.0499781 1.53001
-0.409771 0.105065 1.5683
-0.0760399 -0.192198 0.801492
0.322909 -0.033187 0.688285
0.0302996 -0.153849 0.84982
0.204099 0.0319712 0.82242
-0.0681504 0.0117939 0.964461
0.0833066 0.0222061 0.749997
0.026565 -0.216165 0.835998
0.336208 -0.0645434 0.784422
0.182139 0.0951678 0.725229
0.0810686 -0.0592367 0.85759
0.31039 0.0984226 0.655282
0.146117 -0.0260377 0.625651
-0.0327354 0.014677 0.805002
-0.230575 -0.118622 0.733246
0.102872 0.107316 0.793947
0.132878 -0.0832862 0.897493
0.0872727 0.38872 1.69906
0.328015 0.070147 0.768945
-0.557319 0.107384 1.54209
-0.276273 0.301832 1.72924
-0.11561 0.340586 1.43771
-0.6137 0.0783257 1.73472
-0.130134 -0.170365 0.833179
-0.470105 0.11821 1.77707
-0.505608 0.401558 1.60642
-0.0525115 -0.0271921 0.787601
0.265487 0.0134169 0.628357
-1.15526 -0.217351 1.89735
0.295837 0.0749973 0.78923
-0.777986 0.286913 1.33259
0.316597 0.174099 0.673217
-0.0167023 0.0565603 0.786392
0.581457 -0.334669 1.1926
-0.449277 -0.185894 0.750301
-0.311671 0.190862 1.74213
-0.12868 0.390235 1.67809
-0.894654 0.0423874 1.518
-0.238938 0.329632 1.62981
-0.278108 0.452445 1.56155
-0.289508 0.388258 1.62323
0.112023 0.507308 1.60341
-0.217608 0.486097 1.66069
-0.774463 0.459791 1.37934
-0.313334 -0.170744 0.77415
-0.370461 0.404561 1.61211
-0.27831 0.415307 1.5666
0.102985 -0.109858 0.875283
-0.542755 0.383732 1.52533
-0.238008 0.251092 1.44689
0.274487 0.11552 0.705116
-0.239978 -0.11355 0.48288
0.0505905 0.452569 1.75229
0.238269 0.190966 0.664567
0.377253 -0.088207 0.901668
-0.578146 0.249903 1.61825
0.174453 0.0107625 0.847233
0.254322 -0.178254 0.655812
0.413562 -0.334515 1.01263
0.0931832 0.00327921 0.814588
0.352611 -0.0506861 1.39165
0.380335 -0.0926385 0.91318
0.289188 -0.164938 0.830319
0.0684166 -0.0164866 0.56008
0.598456 -0.352653 1.14595
0.258753 -0.0436528 0.898355
0.258799 0.210232 0.668069
-0.21093 -0.25925 0.777811
-0.0861798 -0.0157513 0.750528
0.488036 -0.383979 1.15425
0.281739 0.0394189 0.705178
0.102561 0.00694333 0.850469
0.0147943 -0.128593 0.818041
0.261097 -0.321108 0.946883
0.361781 -0.27059 0.972123
-0.257211 -0.0866539 0.773622
0.116597 0.0960325 0.812463
0.342403 -0.0482593 0.792477
-0.0521647 0.0347467 0.695341
-0.096172 -0.0178751 0.831526
-0.0472459 -0.0559728 0.838639
0.00380387 -0.137886 0.891522
-0.395026 -0.178146 0.80135
0.634329 -0.204716 1.01839
-0.0138164 0.0369041 0.801111
-0.0460369 0.0194331 0.783892
-0.179544 -0.0824491 0.782396
0.0400036 -0.263082 0.854663
-0.0257377 -0.224994 0.827174
-0.0257687 0.0425979 0.797523
-0.244448 -0.127098 0.792885
-0.394106 -0.180622 0.790932
0.0883048 0.087792 0.797248
0.107404 -0.0420487 0.771296
-0.461797 0.429291 1.56194
-0.0534801 -0.0437564 0.84119
-0.275515 -0.0771341 0.709691
-0.168519 -0.0255379 0.771672
-0.210875 -0.14397 0.8247
0.0917632 -0.307063 0.900635
0.0982162 -0.088069 0.878749
0.306497 -0.054071 0.894774
0.127806 0.0607633 0.824306
0.202583 -0.0687781 1.04735
0.356334 0.0927146 0.621609
0.251086 0.0600087 0.677002
0.104278 0.0576765 0.874896
-0.145136 -0.0220351 0.611785
-0.103922 -0.0170848 0.321312
0.167585 -0.177488 0.894705
0.430188 -0.352543 1.05975
0.364337 0.149279 0.714086
0.0284858 0.0514279 0.791289
-0.024284 0.00820364 0.82379
0.0445473 0.0314476 0.78873
0.204859 -0.0180783 0.867649
0.405919 0.246091 0.716086
0.272632 0.0931865 0.685026
0.382627 -0.0689229 0.792278
-0.0282342 -0.0177986 0.852259
0.315536 0.189278 0.74881
-0.349266 -0.121558 0.630839
-0.0116326 -0.184462 0.834943
-0.272511 -0.0807902 0.636893
0.386145 -0.202006 1.01337
0.364001 0.114488 0.683263
0.369627 -0.0662044 0.766207
-0.263158 -0.136367 0.79176
-0.981634 -0.069518 1.57816
-0.790635 0.00856259 1.51734
-0.0898218 0.505958 1.60004
-0.837802 0.37532 1.45985
-0.0155238 0.536291 1.55812
0.313481 0.166468 0.644006
0.598671 -0.330112 1.1161
-0.901905 0.252299 1.40741
0.212861 0.457748 1.69439
0.518886 -0.25842 1.0641
0.0868631 0.0114246 0.831989
-0.418672 -0.206225 0.724969
-0.137822 -0.218784 0.792029
-0.140974 -0.223208 0.810335
-0.186807 0.419532 1.65317
-0.04498 0.0407605 0.792905
-0.709933 0.00111455 1.73326
-0.417868 -0.209494 0.765039
-0.114404 -0.0258215 0.618362
-0.128159 -0.0723318 0.835499
-0.214408 -0.129204 0.80645
-0.455522 -0.20997 0.7975
-0.0748528 -0.0883284 0.820227
-0.0841331 -0.0116845 0.811842
-0.0976945 -0.171109 0.825628
-0.110876 -0.235882 0.824299
-0.0111215 -0.284729 0.846447
-0.113365 -0.200197 0.781455
-0.0707809 -0.204143 0.799223
-0.0140331 -0.278105 0.851416
-0.0158401 -0.223084 0.788932
-0.0707659 -0.15857 0.82601
-0.0262864 -0.223749 0.823996
-0.264482 -0.241837 0.795117
-0.208056 -0.260336 0.780925
-0.257129 -0.25393 0.759209
-0.719056 0.40913 1.57465
-0.738752 0.281836 1.47289
-0.7409 0.300332 1.5483
-0.696292 0.461737 1.39891
-0.158554 -0.213209 0.778228
-0.177615 -0.221367 0.767699
-0.157802 -0.238397 0.786628
-0.945045 0.370573 1.39129
-0.804695 0.403087 1.48431
-1.05814 0.331407 1.55642
-0.767674 0.318762 1.47174
-0.532208 0.502061 1.51973
-0.919303 0.32923 1.5135
-0.866238 0.429453 1.40496
-0.892873 0.437448 1.35228
-0.811672 0.396877 1.36931
-0.826017 0.495615 1.47751
-0.931422 0.0136879 1.81855
-0.684473 0.259447 1.52962
-0.953943 0.0618828 1.45455
-0.786112 0.0902911 1.52154
0.422934 0.575241 1.77595
-0.404189 -0.138548 0.625041
-0.314364 -0.0980192 0.700641
-0.371985 -0.131381 0.762883
-0.341803 -0.281607 0.80437
-0.749277 -0.00884808 1.24573
-0.378093 -0.294363 0.81335
-0.266542 -0.111781 0.772131
-0.914506 -0.0478458 1.51171
-0.380036 -0.192731 0.745378
-0.982707 -0.0139184 1.50784
-0.959746 -0.0674931 1.53732
-0.372441 -0.194041 0.788348
-0.292186 -0.163047 0.715535
-0.370375 -0.205325 0.623218
-0.399682 -0.14987 0.713848
-0.56271 -0.205559 0.96963
-0.497554 -0.19317 0.736136
0.187166 0.160675 0.730948
0.0583357 -0.0566534 0.798123
0.222436 0.153806 0.706595
0.345471 0.101467 0.723218
0.0115286 0.070318 0.768643
0.0792568 0.0417038 0.674613
0.199856 0.101001 0.7473
0.353066 -0.0626696 0.816444
0.180374 -0.0284012 0.956986
-0.18646 -0.154312 0.824991
-0.00211664 0.0116631 0.733452
0.199192 -0.049585 0.631794
0.219243 -0.0301251 0.741135
0.505382 -0.111928 0.995242
0.108998 -0.226164 0.931977
0.342157 -0.191647 0.919542
0.538903 -0.0883602 1.0713
0.025031 -0.188416 0.833995
-0.819577 0.292432 1.59895
-0.0610457 -0.0621245 0.78345
-0.181475 -0.246628 1.07384
-0.230722 -0.150706 0.823568
0.28034 0.012384 0.658377
0.273651 0.0349641 0.6829
0.318394 -0.240943 1.06241
0.252079 0.156369 0.701281
0.0582469 -0.0161872 0.834835
0.333674 0.0468468 0.654226
0.259224 0.105545 0.666209
0.0357647 -0.127726 0.967266
0.241466 0.000465393 0.704304
0.0973723 0.169562 1.54214
0.193857 0.167643 0.741518
-0.9342 0.17184 1.42892
-0.148988 0.441252 1.63446
-0.231745 0.38525 1.67592
-0.0844739 0.469498 1.70893
-0.0858368 0.401324 1.83973
-1.03755 0.185006 1.53645
-0.884433 0.226366 1.58762
-0.0632878 0.409601 1.72894
-0.2105 0.544224 1.56311
-0.976368 0.268516 1.47638
-0.358817 0.424696 1.54522
-0.0664384 0.505452 1.59612
-0.214448 0.460232 1.58429
-0.424633 0.523625 1.58377
-0.326123 0.373524 1.63681
-0.0876727 0.495681 1.57096
-0.418379 0.456789 1.53817
-0.341478 0.474497 1.62241
-0.381761 0.518593 1.51867
-0.0387575 0.0402908 0.857799
0.254719 -0.1583 0.917658
-0.547799 0.261193 1.63943
-0.515582 0.165808 1.56456
0.218541 -0.0241041 0.832747
0.178263 -0.024512 0.871372
0.0394368 -0.138442 0.804103
0.198898 -0.00787174 0.769758
0.309051 -0.0479798 1.04987
0.00425929 -0.125394 0.828303
0.109785 -0.137475 0.934897
0.215943 -0.31049 1.08898
0.230149 -0.255123 1.06184
0.000724035 -0.0368516 0.869562
0.238715 -0.24834 0.974619
0.0674791 -0.285991 0.882762
0.0206235 -0.00213102 0.897307
0.0392657 -0.262251 0.848437
0.0362387 -0.243094 0.838373
0.119437 -0.317985 0.865199
0.0718767 -0.228245 0.845716
0.164533 -0.232609 0.994037
0.100717 -0.20025 0.863322
0.514806 -0.0164636 0.89636
0.0133474 -0.20879 0.825421
0.364297 -0.0329968 0.633364
0.596398 -0.180622 0.992172
0.670628 -0.32583 1.17066
0.368072 -0.340705 0.948891
0.597421 -0.319453 1.02042
0.588612 -0.329373 1.06966
0.693829 -0.270663 1.15487
0.677196 -0.340933 1.07073
0.520964 -0.375344 1.06538
0.31603 -0.236733 0.849725
0.204534 0.176852 0.75226
0.280708 0.532318 1.77263
0.0169691 0.441506 1.70137
0.135389 0.610031 1.68265
0.0644663 0.396681 1.70418
0.145323 0.144053 0.761332
0.21498 0.184946 0.762361
0.138529 0.52946 1.66642
0.262067 0.594524 1.67776
0.192773 0.0567919 0.856134
0.177147 0.0830047 0.792241
0.156266 0.0961341 0.84488
0.0914162 0.0717713 0.80649
0.251993 0.129108 0.751344
1.07945 0.561398 1.61281
0.378421 0.177654 0.682107
1.13426 0.5378 1.73247
0.254899 0.149881 0.656967
0.244362 0.152774 0.70499
0.248911 0.219422 0.679595
0.326958 0.197626 0.645072
-0.303747 -0.120497 0.723104
1.17887 0.0521321 1.8562
0.365567 0.167004 0.788848
0.0584705 0.062239 0.809503
0.0850182 0.110209 0.815927
-0.441119 -0.177288 0.700923
-0.228189 -0.242424 0.762679
-0.132871 -0.00811884 0.77508
0.137404 0.14069 0.772896
-0.195588 -0.0727844 0.777337
-0.285283 -0.103377 0.737606
0.169463 0.153183 0.801991
0.280377 0.20718 0.659122
0.114119 0.113915 0.791371
0.297748 0.189158 0.649753
0.179295 0.113912 0.732702
-0.382747 -0.140737 0.775639
0.0349564 0.0558417 0.808909
0.21273 0.0162255 0.863941
0.296646 0.19414 0.630111
0.135111 -0.0680738 0.916794
0.0135673 0.0366771 0.761834
0.0524827 -0.0230369 0.871266
-0.259935 -0.0600362 0.805742
-0.043047 -0.0240321 0.792239
0.179937 -0.0548743 0.895781
-0.201882 -0.285723 0.871339
-0.0248363 -0.139915 0.840113
0.115889 -0.266008 0.779917
-0.0266099 -0.239118 0.82475
-0.0171251 -0.242021 0.854153
0.139975 0.0221238 0.825047
0.0477367 -0.302622 0.875061
-0.277853 -0.274441 0.818344
-0.0302548 -0.163951 0.877735
0.374308 0.218579 0.71024
0.276799 -0.0579421 0.55383
-0.320833 -0.284626 0.843286
0.360666 0.141157 0.649725
0.568751 -0.343856 0.992582
0.243282 -0.124324 0.788014
-0.164313 -0.198124 0.809232
0.40702 0.237353 0.71089
0.38224 -0.201945 1.0053
0.335539 -0.0695297 0.658074
-0.304524 -0.270981 0.799679
0.0525905 -0.329114 0.957699
0.0464206 -0.0488823 0.885539
-0.00257989 -0.0357545 0.816217
0.376672 -0.230213 0.94279
0.135965 -0.306609 0.899297
-0.217644 -0.0598046 0.757337
-0.403191 -0.128555 0.875639
-0.128771 -0.00039594 0.781723
0.0343201 -0.0201264 0.204948
0.0417349 0.0758386 0.780213
-0.823094 0.108021 1.46134
0.10212 0.00729136 0.825773
0.0665138 -0.288651 0.868587
0.2597 0.223875 0.62666
0.375808 0.099392 0.648408
0.587653 -0.28442 1.06856
0.250211 0.208533 0.691499
-0.389409 -0.142734 0.732188
-0.331224 0.356862 1.55546
-0.606197 0.202127 1.05691
-0.0945592 0.533162 1.67896
-0.55324 0.248495 1.51614
0.0376715 0.519425 1.67872
-0.0872345 -0.145563 0.683122
-0.506842 0.425347 1.4412
0.0248938 -0.121815 0.830806
-0.424182 -0.21292 0.776252
-0.79651 0.24913 1.46614
0.127866 0.475009 1.65292
-0.438612 0.235308 1.63647
0.115224 0.451047 1.90138
0.0383428 0.0654765 0.829706
-0.119391 0.429119 1.63052
-0.43074 0.521951 1.51842
-0.388551 -0.136462 0.720398
0.0355683 0.546395 1.5956
0.245942 0.208107 0.701662
-0.104982 -0.0477696 0.783006
0.58579 -0.327636 1.19232
0.263862 0.142793 0.972982
0.347087 0.173993 0.662707
0.143786 0.105074 0.80749
0.0111446 0.0545746 0.781169
0.0703728 0.0679249 0.808519
0.246777 0.190702 0.586805
-0.685667 0.387142 1.45844
0.184966 0.482486 1.7058
-0.446392 0.228525 1.68514
0.288259 0.00877546 0.645197
-0.0433257 0.323429 1.74446
-0.331376 0.21224 1.90002
-0.684942 0.462527 1.46446
0.0660356 -0.105546 0.818952
0.0896019 -0.0974541 0.878489
-0.930308 0.348285 1.66585
0.0109397 -0.00444382 0.794006
-0.910664 -0.0420161 1.49782
-0.296504 0.398679 1.66801
0.303046 -0.261139 0.891304
0.0150972 -0.0685216 0.80876
0.186259 0.0380579 0.841942
-0.191603 -0.279521 0.793669
-0.0604313 -0.290441 0.841245
-0.222114 -0.0321749 0.879472
-0.0796364 0.546858 1.62726
-0.229332 -0.0581319 0.75669
0.236554 0.0786471 0.846514
0.322446 -0.114705 0.731724
0.386915 -0.148192 0.885736
0.254751 -0.0186427 0.704738
0.390592 0.166362 0.719446
1.15325 -0.357096 2.19072
0.349634 -0.102863 0.750911
0.126121 0.110549 0.82736
0.332131 -0.11621 0.746884
0.0680583 -0.110345 0.843913
0.0986425 -0.0890252 0.872586
0.0879928 0.0372407 0.797297
0.199355 0.156722 0.747232
0.637419 -0.195098 1.04484
0.0273761 -0.123578 0.885012
0.341445 -0.130361 0.778652
0.690093 -0.340046 1.10465
0.166436 0.157957 0.859014
0.0185451 0.0730734 0.770147
0.633562 -0.146996 1.0427
0.155553 -0.0118639 0.860592
0.234059 0.118203 0.713372
0.677292 -0.127494 1.08759
-0.0134704 0.0686906 0.807514
-1.05876 0.202285 1.91369
0.0866189 0.0374584 0.777588
-0.148764 -0.0286025 0.762176
0.26887 0.0376972 0.736217
-0.452078 0.430281 1.51333
-0.227735 0.382454 1.54877
0.21449 0.609666 2.02571
-0.736337 0.0190422 1.71003
-0.717912 0.143292 1.55877
-0.183234 -0.217096 0.875207
0.23632 0.162914 0.729537
-0.752009 0.300652 1.65337
-0.552652 0.381337 1.56677
-0.421332 0.209969 1.59248
-0.811696 0.0426095 1.55752
-0.178671 -0.132748 0.837352
-0.739817 0.249918 1.43802
-0.395912 0.443413 1.55057
-0.394443 0.437521 1.54333
0.402287 0.0945967 0.659906
-0.251725 0.486283 1.59965
-0.176733 0.468708 1.66861
-0.546303 0.244443 1.49191
-0.229685 0.382123 1.51621
-0.388446 0.481269 1.52512
-0.335445 0.3564 1.56279
-0.124165 0.441455 1.68914
0.0329395 0.475513 1.64569
0.497386 -0.0445349 0.861813
0.100725 -0.0762008 0.922354
-0.379213 -0.13062 0.717328
-0.0901424 0.493278 1.55573
0.697001 -0.282148 1.17681
-0.796187 0.276381 1.41634
-0.0705639 -0.20102 0.791461
-0.753113 0.448167 1.43623
0.524402 -0.257486 1.06897
-0.380249 0.444204 1.63353
-0.421263 -0.163625 0.735325
0.170772 -0.0386541 0.896626
0.354255 -0.0487259 0.81512
-0.875669 0.256985 1.43804
-0.843354 0.00665854 1.53507
-0.170989 0.46395 1.63877
0.0349868 0.474395 1.64967
-0.878669 0.438594 1.34722
0.203638 0.113457 0.732721
0.0504971 -0.242226 0.867512
-0.0167227 0.446903 1.69464
-0.299527 0.402764 1.6881
-0.52476 0.52574 1.49969
-0.735205 0.182653 1.52899
-0.253564 -0.176092 0.935444
-0.750461 0.454635 1.32014
0.380548 -0.198231 0.999405
-0.17542 0.491073 1.71984
-0.4894 0.478929 1.49022
0.0760119 -0.0590716 0.867342
0.499247 0.644873 1.80222
-0.886021 0.309211 1.58782
-0.00930935 0.0155722 0.818365
-0.356619 0.522656 1.58647
0.201935 -0.0174375 0.749177
0.270042 0.516839 1.46918
0.208012 -0.225252 1.05842
0.321274 -0.0300277 0.666327
-0.178221 -0.221686 0.773676
-0.806093 -0.297996 1.32857
-0.383725 -0.152045 0.732321
0.174957 -0.0111591 0.689583
0.41632 0.183017 0.692368
0.144688 -0.0944744 0.883419
0.276956 -0.0609509 0.843255
0.204197 0.112794 0.729571
0.148203 0.0910982 0.807426
0.0567725 -0.00537675 0.84031
-0.300895 -0.263673 0.798624
0.282587 0.0390391 0.705232
0.285521 0.148081 0.655465
0.558989 -0.266232 1.09703
0.258373 0.0413843 0.707856
-0.159057 -0.197878 0.690854
0.245862 0.140156 0.551337
-0.165318 -0.218588 0.790314
-0.288475 0.359192 1.67234
0.102911 0.122145 0.780837
-0.127142 -0.192899 0.806698
-0.115452 -0.0223598 0.684936
-0.616068 0.179141 1.0511
0.197801 0.0684845 0.832037
0.258508 0.148662 0.667385
0.65684 -0.141702 1.05745
0.150768 -0.209659 0.983692
-0.608001 0.452657 1.39995
-0.0840487 -0.251194 0.808514
-0.0717613 -0.242162 0.804646
0.212148 0.0304568 0.858376
-0.377316 -0.196404 0.802537
0.0961479 -0.0506796 0.856033
-0.302744 -0.188399 0.816698
0.129429 0.120287 0.780092
0.196983 -0.0154269 0.927718
0.0798417 -0.0564789 0.880521
0.0146383 0.0385523 0.82443
0.141303 -0.0684797 0.936089
0.15461 -0.138048 0.92397
-0.146108 -0.0574613 0.791843
-0.270227 -0.0929183 0.722688
0.184237 -0.06253 0.948144
0.384672 0.0505327 0.670609
-0.0726441 -0.162061 0.82094
0.351928 0.15369 0.661184
0.321987 0.0596043 0.617253
-0.0472856 -0.153303 0.794908
0.280751 -0.0978145 0.636221
-0.132858 -0.0301059 0.71602
0.21901 0.147686 0.826641
0.386608 -0.127735 0.859294
0.0638864 -0.115127 0.812649
0.380388 -0.125411 0.845494
0.386437 0.114141 0.679369
0.0918992 -0.0630266 0.87898
0.00805864 0.0687208 0.787458
0.393313 -0.115382 0.842217
-0.262853 -0.08811 0.520576
-0.277881 -0.0943607 0.527647
-0.377112 -0.125706 0.747982
0.277768 0.116977 0.714501
0.385811 -0.0198606 0.902751
0.332881 0.227302 0.683397
0.151752 0.133058 0.802141
-0.0119464 -0.1868 0.841123
0.128407 -0.0426686 0.95383
0.35212 0.245244 0.666922
0.353492 0.111258 0.634932
0.0510093 -0.265613 0.877786
0.011159 -0.167719 0.819526
0.187267 -0.0947886 0.918038
0.264153 0.111422 0.688829
0.27751 0.0391735 0.695257
-0.0400044 0.318163 1.65543
0.014152 -0.157563 0.824261
-0.000346768 -0.00396715 0.813748
0.0713297 -0.195997 1.2203
-0.812106 0.439321 1.45563
0.237262 -0.0193204 0.667078
-0.617 0.459714 1.42507
0.00993897 -0.127266 0.776376
0.0120508 0.0507739 0.804316
-0.884659 0.256894 1.42391
-0.335027 0.459153 1.57745
-0.0550034 0.343336 1.43923
-0.403492 0.332744 1.53494
-0.856055 0.00343304 1.55994
-0.486636 0.472285 1.47959
-0.294423 0.374049 1.73882
-0.0921297 0.511401 1.61527
-0.83562 0.175052 1.36804
-0.231345 0.368489 1.62905
-0.723918 0.290664 1.54739
-0.230851 0.224388 1.7201
0.419942 0.53769 1.60207
0.342728 0.0705164 0.64782
-0.430509 0.517819 1.50887
0.0323238 -0.0369972 0.831797
0.279488 -0.0549807 0.856323
0.267541 0.13938 0.694859
-0.0662084 -0.18671 0.797938
0.328244 -0.204205 0.826109
0.315808 -0.155481 0.781779
-0.308744 -0.19096 0.80649
0.13126 -0.203574 0.8117
0.291636 -0.0824315 0.75565
-0.127716 -0.189746 0.80326
-0.340219 -0.20753 0.843094
-0.407148 -0.124485 0.932543
0.33185 0.0760631 0.626001
0.100617 -0.263168 0.884638
-0.609255 0.452263 1.39065
-0.318924 -0.139627 0.769371
0.069926 0.0666018 0.792583
-0.404299 -0.138571 0.62422
0.29436 0.196982 0.676847
0.210689 -0.106252 0.841288
0.0524074 -0.0220338 0.862698
0.0449341 -0.297299 0.861897
0.176805 0.100212 0.810618
0.27692 0.185368 0.663838
-0.026016 -0.240691 0.830644
-0.20421 -0.255094 0.763804
-0.208969 -0.234141 0.771538
0.278296 0.215042 0.743178
-0.0367067 0.0355028 0.781051
0.330591 0.17392 0.673328
-0.0815499 -0.0473206 0.849211
0.0118524 -0.0521748 0.842615
0.00186468 -0.159624 0.807395
0.169197 0.158011 0.787952
-0.141199 -0.246335 0.792845
0.118412 -0.172798 0.909057
-0.0346577 -0.172505 0.818902
0.375203 0.108452 0.667656
-0.240085 -0.258593 0.789814
-0.382834 0.520523 1.52915
0.212809 -0.0288275 0.79818
0.207585 -0.145653 0.908198
0.10203 -0.211966 0.854343
0.219619 -0.00109132 0.853724
-0.440245 -0.162893 0.729994
0.0564697 -0.169051 0.821862
0.285258 0.194724 0.782569
0.272332 -0.121882 0.892191
-0.187173 -0.0915927 0.90557
0.195389 0.0690144 0.834705
0.259474 0.110453 0.680304
0.614347 -0.286774 1.19566
0.494379 -0.38267 1.15833
0.33899 -0.313898 0.877829
-0.198203 -0.0738364 0.7872
0.540734 -0.347716 0.977687
0.286165 0.125932 0.668617
-1.34996 -0.21176 2.40336
0.335182 0.0762216 0.631443
-0.127579 -0.189603 0.802523
0.468903 -0.227759 1.01114
-0.107005 0.0024244 0.918166
0.121564 0.121276 0.853223
-0.281991 -0.120349 0.756981
-0.36469 -0.120769 0.728338
-0.214482 -0.058119 0.751821
-0.370188 -0.166564 0.750165
-0.29111 -0.0845351 0.703238
-0.0832964 0.00161287 0.640959
-0.0201195 0.0565592 0.797937
0.200091 -0.134064 0.994989
0.104292 0.108328 0.791795
0.246884 -0.0262502 0.90625
0.371247 -0.0328613 0.768831
0.0639349 0.0597528 0.893805
0.426062 0.0449488 0.690106
0.143012 -0.0370111 0.876604
-0.0557694 -0.22433 0.854121
-0.184906 -0.0174665 0.764612
-0.000168256 -0.00840563 0.724753
0.0368329 0.0239781 0.610025
0.192909 -0.256699 1.01075
-0.0471073 -0.0581794 0.883892
0.171674 -0.0760595 0.74499
0.0309072 -0.0447896 0.85004
-0.246708 -0.234569 0.805149
0.328125 0.136348 0.657176
0.186584 0.0133207 0.846725
0.184952 0.00657018 0.747201
0.0349744 0.0255248 0.840998
-0.0314832 -0.157263 0.860907
-0.048436 -0.162178 0.816971
0.0621291 -0.117324 0.795622
0.25328 0.165492 0.7191
0.210346 0.140861 0.788479
-0.0873623 -0.0513694 0.683252
0.293625 0.217439 0.646362
0.0834989 -0.0779248 0.873524
0.339124 0.121495 0.661838
0.36657 -0.203433 0.893434
0.140951 -0.0608393 0.858651
0.520683 -0.288164 1.13427
0.247036 0.116762 0.682597
0.159737 -0.0557791 0.843632
0.340168 0.135569 0.657225
0.0770817 -0.02832 0.872074
0.216614 -0.198683 0.956081
0.186699 -0.0936599 0.910305
0.285985 -0.0870276 0.935301
0.0994262 0.08482 0.845166
0.288012 0.14937 0.65955
0.0355692 -0.19997 0.832238
0.123212 -0.279805 0.859178
-0.847629 0.437449 1.39893
-0.52913 0.54275 1.70723
-0.254644 0.265683 1.53193
0.313974 0.113484 0.668884
-0.535948 0.524739 1.47471
-0.704394 0.464731 1.41296
0.0996442 -0.0716822 0.86458
-0.214947 0.527009 1.61681
0.2346 0.190348 0.594259
-0.721005 0.228573 1.70308
-0.678845 0.382325 1.45898
-0.268052 0.528339 1.5579
0.00365715 0.525761 1.58164
0.00460123 0.533146 1.59993
-0.0230634 -0.199102 0.832878
-0.361394 -0.201696 0.725519
-0.494923 0.496442 1.48542
-0.477379 0.483197 1.52363
0.254561 0.18818 0.681081
0.169547 0.342408 1.21874
0.286183 -0.0578901 0.578183
0.0836492 -0.128726 1.02615
0.126187 -0.0462147 0.874623
0.25837 -0.109134 0.838788
-0.457575 -0.166476 0.788811
0.219369 -0.0350976 0.784325
0.132278 -0.0757969 0.853401
0.136092 0.141128 0.801885
0.519853 -0.260878 1.06214
-0.0496813 -0.0264035 0.863398
0.312637 0.0201199 0.631375
0.350958 0.230209 0.67407
0.0523375 0.031898 0.697823
-0.196307 -0.213828 0.811355
-0.0497319 0.0291803 0.779291
0.015098 -0.00397929 0.86413
-0.0772622 -0.0896714 0.827931
-0.145541 -0.0571348 0.776558
0.0685891 -0.0908732 0.836225
0.0252132 0.0510787 0.814854
0.312941 0.00423224 0.70894
0.0581254 -0.213762 0.846185
0.200938 0.128655 0.759696
-0.198718 -0.131416 0.834672
0.0510812 -0.308621 0.913514
0.273963 0.0991218 0.766166
-0.264574 -0.169826 0.773851
0.00731725 -0.160207 0.811887
0.413636 -0.17286 0.791241
-0.225532 0.382143 1.57134
0.164028 0.0811591 0.866852
0.152226 0.0751983 0.821554
0.604873 -0.289874 1.09876
0.275995 0.116262 0.710551
0.215127 0.122769 0.758834
0.315848 0.150253 0.645118
0.183289 -0.10612 0.947401
0.358938 0.111438 0.640983
0.127891 -0.116668 0.945936
0.331629 0.178658 0.651196
-0.209504 -0.0620677 0.668327
0.349755 -0.132218 0.792304
0.392216 -0.0129013 0.693186
0.184156 0.103789 0.826029
0.142656 -0.203279 0.947829
-0.300042 -0.188714 0.822237
-0.212633 -0.0943784 0.77402
-0.299294 -0.185292 0.80115
0.132823 0.0991879 0.81521
-0.239889 -0.0686008 0.800644
-0.128238 0.547396 1.59898
-0.252039 0.317274 1.76631
0.150984 -0.0528051 0.880815
0.199595 0.132636 0.834749
-0.00534228 0.498174 1.49024
-0.358351 -0.117834 0.733589
-0.3781 0.469986 1.47971
-0.776567 0.426828 1.37203
-0.433966 0.444268 1.46143
-0.933676 0.315651 1.43021
0.362243 0.192703 0.702882
-0.839017 0.108919 1.491
-0.705472 0.147037 1.622
-0.761196 0.0494229 1.5632
-0.701855 0.0224708 1.65881
-0.430471 0.389457 1.55709
1.12239 0.341663 1.6841
-0.633205 0.425645 1.35252
0.0598296 0.0377083 0.805791
0.195397 -0.0471629 0.903209
0.00594413 -0.144268 0.813706
0.0424192 0.102547 1.0238
0.314192 0.109992 0.619589
-0.000787457 -0.0361009 0.833932
0.254606 -0.04367 0.822852
0.288448 -0.0513854 0.756205
0.154307 0.109631 0.79617
-0.100452 -0.173643 0.839542
-0.147735 -0.0470173 0.780475
0.0320507 -0.0460775 0.788249
-0.157592 -0.210699 0.765397
0.201389 0.010557 0.768304
0.100262 0.00571013 0.855614
0.012783 -0.159481 0.834502
0.00364075 -0.160759 0.817081
0.0491068 0.0585909 0.85458
-0.209937 -0.0932459 0.776311
-0.0767555 -0.162653 1.88937
-0.322627 -0.111239 0.70551
-0.120454 0.00331279 0.752373
-0.103367 0.00115615 0.748779
-0.389001 -0.13332 0.747878
0.171644 -0.107587 1.02973
-0.0799359 -0.165312 0.835465
-0.0509066 -0.0173777 0.938275
-0.449753 -0.166831 1.04409
-0.159279 -0.214387 0.781343
-0.144255 -0.0478127 0.715753
-0.370135 -0.136207 0.748986
-0.206165 0.0255848 0.81725
-0.0972707 -0.00115811 0.776834
0.264337 -0.113479 0.614924
0.319482 0.194981 0.728215
-0.0843697 -0.251293 0.805674
-0.112481 -0.0213763 0.705543
0.310197 0.111988 0.729205
-0.0735089 -0.185316 0.77003
-0.0245819 -0.0130396 0.262141
0.209665 -0.0484173 1.48217
-0.186849 0.462006 1.92224
-0.536156 0.4728 1.43
-0.835134 0.428129 1.37298
0.098474 -0.208313 0.8366
0.121522 -0.046306 0.853195
-0.201855 -0.0544389 0.795088
0.615811 -0.159632 1.04878
0.185603 0.150152 0.690828
-0.565486 0.291976 1.62228
-0.786846 0.00450755 1.51846
0.115118 0.125125 0.778033
0.0548467 -0.203695 0.836326
0.20185 -0.0186482 0.864386
-0.906151 0.15572 1.44066
-0.905009 -0.0960779 1.56682
-0.212108 0.439902 1.58153
-0.0679209 -0.204039 0.822407
-0.475956 0.42438 1.7327
-0.837455 0.142845 1.51162
-0.302981 -0.175269 0.74116
0.142245 -0.0943172 0.876811
0.171153 0.154022 0.735617
-0.734683 0.324767 1.51128
0.0444097 -0.0776765 0.787849
0.0285853 0.452693 1.57491
-0.343181 0.328873 1.73967
0.649174 -0.242483 1.10985
-0.977585 0.287471 1.68803
-0.927579 0.314545 1.4183
-0.148277 0.436332 1.62059
-0.876953 0.12654 1.43529
-0.964107 0.176782 1.47132
0.247625 -0.116613 0.805472
0.280703 0.132607 0.776168
0.0826776 -0.0227777 0.844929
-0.00200756 -0.258088 0.841646
0.0791148 0.00485379 0.843685
-0.0409714 -0.123611 0.812016
-0.069795 -0.245489 0.820987
-0.267473 -0.0981273 0.699336
-0.490713 0.184491 1.51618
-0.589651 0.254725 1.68391
-0.13961 -0.0314875 0.749142
0.329103 -0.0987076 0.726522
-0.291886 0.481075 1.67396
-1.06273 -0.204419 1.73054
-0.285835 0.381116 1.61079
-0.314174 0.489932 1.58528
-0.913023 -0.0976023 1.58296
-0.111929 -0.00304853 0.782095
-0.174666 -0.0689238 0.682342
0.205671 0.185111 0.743704
0.182764 -0.0542708 0.901097
0.0959562 0.0515433 0.789318
-0.800728 -0.092724 1.39036
-0.126028 -0.186754 0.821161
0.0782889 0.122403 0.961216
0.0187022 -0.20274 0.802414
-0.0153075 0.0356345 0.796543
-0.280231 -0.112788 0.783797
0.0145004 -0.208027 0.827528
0.300873 0.0995555 0.737573
-0.306911 -0.134738 0.72918
-0.449141 0.227042 1.70997
0.312698 0.250163 0.86309
-0.108824 -0.165549 0.752236
-0.118791 0.462036 1.65688
0.0984426 -0.198918 0.853421
-0.0640438 0.404809 1.71379
-0.059023 0.514716 1.56939
0.0710217 0.565362 1.63365
0.0529082 0.107133 0.911985
-0.0817662 -0.0386211 0.813415
-0.73196 0.428165 1.36671
-0.0728113 -0.259067 0.811503
0.370604 0.136336 0.663877
-0.223222 -0.0878688 0.775021
-0.234355 -0.158232 0.8031
0.0400794 0.0459786 0.812951
-0.612451 -0.987265 8.16222
-0.414167 -0.155032 0.758137
-0.0773312 -0.164447 0.834314
-0.583166 -0.213071 0.994901
-0.0820318 0.478895 1.64194
0.256505 -0.201429 1.01398
-0.276176 -0.102243 0.733064
-0.178576 -0.0643632 0.77494
-0.728442 0.428468 1.38542
-0.526147 0.384819 1.54889
0.295229 0.194028 0.638307
-0.862136 0.443298 1.41978
-0.890042 -0.101165 1.54981
-0.972708 0.547032 1.48722
-0.148613 -0.00745185 0.804967
0.146925 -0.190898 1.00136
0.0340717 0.076162 0.666499
-0.249611 -0.0971107 0.920024
-0.0694378 -0.243015 0.807832
-0.215701 -0.0603199 0.823535
-0.173511 -0.058158 0.275188
0.255852 0.23576 0.678571
0.207169 0.107459 0.695772
-0.901332 0.34439 1.70453
-0.241571 -0.055917 0.729046
0.0203931 0.0743473 0.804841
-0.405922 -0.159456 0.740796
-0.854222 0.33409 1.40754
0.0156723 -0.204636 0.815036
0.314565 0.0208261 0.633384
-0.282448 -0.168378 0.787459
0.285861 0.182149 0.627003
-0.409709 -0.15208 1.02865
0.11962 0.125868 0.780073
-0.463352 -0.182076 0.791265
-0.382078 0.471286 1.49292
-0.276501 -0.115398 0.39759
0.118285 0.596516 1.64887
0.0787556 0.0448852 0.721834
0.288675 0.149858 0.660778
-0.121129 0.576548 1.58577
-0.0173853 0.517501 1.51786
0.287298 0.14938 0.660445
-0.557014 0.243867 1.51607
0.0708852 0.630103 1.64722
-0.376932 0.502845 1.49602
-0.339082 -0.0971086 0.84766
0.00197177 -0.15989 0.810745
-0.892842 -0.110145 1.72495
-0.746151 0.25387 1.44995
0.371281 0.180969 0.672405
0.0524717 -0.038412 0.842656
0.134873 -0.0759614 0.862678
-0.21023 0.344254 1.45093
0.372535 -0.0657209 0.86066
0.128456 -0.128385 0.913945
-0.296542 -0.114224 0.778494
0.181459 -0.178373 1.03966
-0.0514727 -0.0586477 0.866012
-0.225469 0.266051 1.5743
-0.891466 0.441854 1.45789
-0.214222 0.444481 1.60699
0.120474 -0.037667 0.896855
0.189511 0.14911 0.771585
0.180126 -0.0245524 0.879824
-0.465739 0.530592 1.51702
-0.0957934 -0.207492 0.857924
1.22126 0.543696 1.85936
-0.245857 0.447734 1.6496
-0.0116263 -0.183537 0.827659
0.040215 0.055131 0.894102
-0.317477 -0.139512 0.761002
0.0689115 0.101349 0.7749
0.162144 -0.161877 0.938033
0.054318 -0.0843766 0.876918
0.191919 -0.0846678 0.796275
0.0138817 0.0502279 0.77373
0.276117 0.0467335 0.746208
0.114661 -0.154748 0.931628
-0.843196 0.0380505 1.4261
-0.554178 0.483603 1.48697
-0.0351534 0.0131632 0.795556
-0.46664 -0.2126 0.754522
-0.155043 -0.21423 1.03995
-0.849368 0.4928 1.36844
-0.211914 0.57472 1.56502
-0.0541154 0.0284518 0.809753
0.0863603 -0.0865811 0.877322
0.358916 0.16855 0.670272
-0.128884 -0.0977956 0.814871
-0.684213 0.270171 1.55041
0.34675 -0.186654 0.916203
-0.353032 0.328076 1.75157
0.215405 0.0449657 0.597498
-0.214556 0.516205 1.59392
-0.221134 -0.115675 0.767986
-0.0823259 0.488296 1.79913
0.163706 -0.0629432 0.896129
-0.0596426 0.535492 1.61966
-0.18637 0.564313 1.58357
-0.278953 0.297764 1.70311
-0.116078 0.383521 1.63039
0.250028 -0.223019 0.979362
-0.0867108 -0.0133576 0.817921
-0.192316 -0.0853499 0.780114
0.647048 -0.31907 1.08933
-0.221648 -0.0358665 0.835331
-0.627862 0.200103 1.63505
-0.700454 0.407839 1.61862
-0.221708 0.391786 1.61616
0.0123756 0.0378451 0.799248
-0.52993 0.251384 1.59519
0.100883 -0.262874 0.883703
0.0252074 -0.219023 0.837512
-0.470597 -0.208657 0.735814
0.182706 0.108883 0.713969
0.238947 0.153412 0.668934
0.120391 0.132084 0.76564
-0.930081 -0.0659107 1.48881
0.111475 -0.140229 0.954886
0.275029 -0.105324 0.755991
-0.272443 0.289127 1.65833
-0.203776 0.502999 1.60405
0.31495 0.0784723 0.625267
0.302687 0.201389 0.701805
-0.422959 0.51366 1.5672
-0.788472 0.00849981 1.49941
-0.639173 0.366651 1.45866
0.268348 0.186346 0.656444
0.295454 -0.0826963 0.764448
-0.956367 0.281116 1.65298
-0.105962 -0.0034307 0.777282
-0.322111 0.365629 1.61078
-0.0814258 0.457287 1.70296
-0.974297 -0.0148746 1.49575
-0.899875 0.181358 1.43585
-0.95289 -0.000187374 1.51105
-0.840173 0.0255677 1.5917
0.297582 0.170504 0.662732
0.171606 0.54453 1.6411
-0.435766 -0.171774 0.736157
0.0575132 0.445511 1.62323
-0.0818684 0.00156935 0.789782
-0.226117 -0.147226 0.697393
0.702414 -0.272564 1.16699
0.31996 0.215117 0.645618
0.00367834 0.059736 0.663952
0.316171 0.582024 1.76012
-0.449193 -0.207753 0.766718
-0.359171 -0.186497 0.763345
0.276888 -0.0619702 0.845197
0.520871 -0.368363 0.989453
0.259593 0.198515 0.700416
-0.677069 0.31162 1.47796
-0.420551 -0.144964 0.791665
-0.266037 -0.0530824 0.900353
-0.3967 -0.142614 0.767806
-0.732425 0.11683 1.55928
-0.0172936 -0.216971 0.829135
-0.314877 0.44606 1.37952
-0.0743366 -0.0354758 0.756689
-0.145633 -0.0575572 0.773435
0.114211 -0.161908 0.902309
0.332518 0.205778 0.64543
-0.851465 0.0415204 1.47359
-0.639434 0.368743 1.48294
0.177381 0.138411 0.723334
-0.599016 0.281053 1.81695
0.285562 -0.0824575 0.771725
-0.438233 0.40979 1.46187
-0.260201 0.510791 1.6565
0.132435 -0.0831185 0.8925
-0.146604 0.423613 1.58428
-0.897181 0.407509 1.45029
-0.707658 0.224716 1.55775
0.0796887 -0.161296 0.833414
-0.0792833 0.0165344 0.727251
0.111347 0.101965 0.99139
0.673543 -0.14048 1.08094
0.314522 -0.165794 1.04673
-0.407653 -0.179914 0.781095
0.635033 -0.159974 1.07809
-0.0441677 0.314437 1.68911
0.174366 0.0871677 0.725379
-0.6361 0.243976 1.4619
-0.216352 -0.239982 0.778148
-0.0351417 0.564288 1.80531
0.216421 0.146496 0.67076
-0.528267 0.202541 1.59412
0.298627 0.171451 0.666141
0.0354546 0.567538 1.65646
-0.657644 0.24609 1.49711
-0.254182 -0.131773 0.77179
-0.020679 0.328411 1.5428
-0.517702 -0.196935 0.789295
-0.128655 0.508938 1.49049
-0.797361 0.0397934 1.5187
-0.352618 0.304622 1.58972
0.37588 0.201072 0.674447
0.142678 0.532613 1.61697
-0.764803 0.218911 1.52014
-0.895773 0.3061 1.42171
0.0468764 0.453427 1.75423
0.0277297 -0.114337 0.816024
0.55122 -0.346312 1.01403
-0.469833 -0.187014 0.757667
0.317158 0.0219998 0.638655
-0.79597 0.396553 1.45961
0.0102093 -0.115987 0.904387
-0.248935 0.442794 1.63816
-0.00964302 -0.189865 0.82473
0.0507008 0.378911 1.73156
-0.0731823 -0.184603 0.75218
0.048637 0.0986606 0.831345
-0.736924 0.397095 1.31711
-0.734206 0.269159 1.49112
-0.878463 0.220579 1.51061
0.3016 -0.0534057 0.784899
0.287059 0.189031 0.614833
0.224104 0.0692638 0.552849
0.122113 0.440757 1.60246
0.221212 -0.128545 0.934147
-0.350663 0.331648 1.07322
0.224699 -0.0203075 0.823637
-0.715269 -0.0374597 1.59867
-0.25385 0.261302 1.94723
0.149577 -0.229444 0.966996
0.0870283 0.0369952 0.795848
-0.0433544 0.301275 1.63474
-0.249246 -0.102835 0.712859
0.273951 -0.0589376 0.950607
-0.306879 0.4283 1.34002
0.227021 0.15381 0.860524
-0.232844 0.371595 1.6427
-0.229349 0.233263 1.77139
0.232143 -0.026363 0.843079
-0.186685 0.425451 1.66732
-0.441688 -0.193733 0.722248
0.47854 0.608583 1.80083
-0.250088 0.484052 1.57671
-0.720574 0.405927 1.42312
-0.450248 0.536197 1.47852
0.270198 0.466374 1.65175
-0.0232437 0.545998 1.61672
-0.340475 0.575187 1.49063
-0.0648925 0.0106842 0.804628
0.131561 0.598074 1.64707
-0.722894 0.470375 1.3407
0.352395 0.091976 0.624411
-0.343389 0.575851 1.4909
-0.865451 0.502752 1.3916
-0.0544717 0.00190471 0.77395
-0.312542 0.584232 1.47167
-0.825363 0.521003 1.38365
-0.648008 0.22163 1.57512
0.0610653 0.611262 1.60274
-0.493506 0.101696 1.68327
-0.693338 0.449548 1.39032
-0.362925 0.445574 1.42087
-0.430046 -0.158029 0.697005
-0.361286 0.521727 1.62494
-0.215233 0.577821 1.55771
-0.383673 -0.124735 0.792301
-0.878083 0.508415 1.40806
-0.47668 0.604837 1.47265
-0.443489 0.350126 1.60746
-0.456 0.637838 1.50916
-0.530894 0.107028 1.78903
-0.0808575 0.577069 1.56567
0.12117 -0.0404874 0.912689
-0.242154 0.429063 1.56838
0.283324 0.0714248 0.592028
-0.453942 0.513691 1.47007
0.408072 -0.0281547 0.737659
0.125317 -0.14907 1.03333
-0.232135 0.363065 1.61343
0.32302 0.57151 1.84083
0.258385 0.156434 0.617436
-0.0494646 -0.265667 0.851185
0.297095 0.520479 1.69351
-0.906601 0.222792 1.409
-0.828092 0.415793 1.42196
-0.399749 0.32227 1.58095
-0.882227 0.181704 1.46583
0.148842 0.605877 1.60562
0.260445 0.62388 1.7079
-0.499148 0.503289 1.48683
0.312322 -0.231258 1.02983
-0.234125 0.232289 1.75583
-0.730332 -0.0389302 1.64866
-1.06541 0.473044 1.7658
-0.820155 0.174292 1.6183
-0.616946 0.20639 1.28315
0.379915 -0.106328 0.808274
-0.146642 -0.0495152 0.883583
-0.746011 0.289233 1.54787
-0.724319 0.290936 1.54943
0.274205 0.0162003 0.639382
-0.088527 0.569134 1.53771
-0.0610528 0.629173 1.9815
0.404345 -0.194713 0.880638
-0.873347 0.177841 1.45196
0.415597 0.623454 1.66669
-0.492877 -0.197332 0.736959
-0.746794 0.0467103 1.52846
-0.953654 -0.00790547 1.67578
-0.770939 0.101249 1.37031
-0.999283 -0.0167111 1.46736
0.158251 -0.159883 0.922788
-0.00364069 0.0143979 0.79967
-0.407834 -0.145051 0.730067
-0.80161 0.366303 1.43875
0.00558892 -0.138847 0.799202
0.0848276 0.115861 0.8142
-0.517613 0.35678 1.49992
0.107947 -0.109002 0.858488
-0.728884 -0.0120419 1.55823
-0.273572 -0.0770286 0.687313
-0.434006 0.225693 1.62466
-0.533817 0.36608 1.51904
-0.336059 0.453548 1.64949
-0.737166 0.428636 1.40256
-0.00599464 -0.13095 0.836449
-0.63909 0.0501848 1.51001
-0.945368 -0.13573 1.48173
-0.0766471 -0.037456 0.846759
-0.267143 -0.0903846 0.797778
0.0339343 0.46165 1.35409
-0.422858 0.518914 1.57266
-0.0269452 0.49357 1.48578
0.344548 -0.122665 0.775166
-0.404295 0.087389 1.43216
-0.424986 -0.196182 0.722233
-0.0583922 0.0120017 0.772583
-0.164647 -0.0638038 0.763967
-0.670919 0.053232 1.59617
0.350469 -0.225566 0.873963
-0.223198 0.412871 1.65473
0.503383 -0.28231 1.10198
-0.601143 0.246393 1.56761
-0.828416 0.386869 1.81943
0.496798 -0.307958 1.05696
-0.61794 0.274235 1.65577
-0.923328 -0.129438 1.45706
0.149074 0.50883 1.8323
-0.228296 0.361173 2.26308
-0.0172934 0.45204 1.72535
-0.0547733 0.00333601 0.806996
0.588229 -0.340199 1.12416
0.257359 -0.143867 0.782755
-0.513097 0.195726 1.57735
0.152558 -0.0379036 0.921033
-0.0215835 -0.0668762 0.851137
0.194365 0.0672839 0.823269
-0.769693 0.0405363 1.49073
-0.468044 0.399573 1.68577
0.0577946 0.433874 1.65783
-0.80777 0.509934 1.35127
-0.679757 0.238185 1.66912
0.127518 0.590654 1.62026
0.0341946 0.529745 1.55953
-0.857869 0.00985343 1.56267
-0.221164 0.558584 1.59946
0.137125 -0.105743 0.967505
-0.506679 -0.231249 0.829886
-0.28653 -0.0864184 0.72547
0.212398 0.0933776 0.583231
0.0544193 -0.0368059 0.843104
0.190584 0.102661 0.690413
0.251586 0.149068 0.681672
-0.252828 -0.0879595 0.700304
-0.788266 0.00497865 1.57096
-1.12584 0.57327 1.82963
0.210856 0.126009 0.678324
-0.558376 0.286052 1.60494
-0.77468 0.322401 1.42772
-0.251461 -0.0702552 0.764047
0.0608054 0.464623 1.63214
0.170485 0.0854275 0.843402
0.146571 -0.0513673 0.855267
-0.361557 0.417847 1.55947
-0.0875534 0.5705 1.53224
-0.417525 -0.22381 0.762159
0.0857215 0.0995275 0.808521
-0.690614 0.284543 1.52104
-0.505719 0.509918 1.51607
-0.543 0.175821 1.64648
-0.19638 -0.220425 0.795801
-0.903383 -0.0880735 1.77395
0.116203 0.11998 0.781855
-0.275717 -0.0872749 0.472099
-0.00954066 -0.19111 0.82915
-0.152031 -0.113652 0.919168
-0.846729 0.313886 1.48526
0.339877 -0.0550751 0.77542
0.0169453 -0.0681851 0.82536
-0.846861 0.527991 1.49569
-0.0624771 0.0318841 0.769087
-0.563422 0.0669239 1.60037
0.0761204 -0.161593 0.823524
-0.829575 -0.090173 1.42956
-0.825861 0.371743 1.32877
0.56541 -0.272215 1.07815
-0.780933 0.245588 1.43823
0.0839121 0.0471186 0.93833
0.177848 0.0808698 0.774037
0.199186 -0.0191945 0.85395
0.226342 0.0752268 0.862843
-0.307827 -0.118479 1.22823
-0.871104 0.449883 1.43879
0.28074 -0.220293 0.772034
-0.337574 -0.18163 0.773988
0.0528011 0.00298186 0.869339
-0.420065 0.507765 1.55103
-0.254789 0.499208 1.6137
-0.863289 0.219962 1.45145
-0.826308 0.521542 1.38479
-0.912234 0.452158 1.32704
-0.947526 0.146587 1.37943
-0.773417 0.299994 1.46334
0.287436 0.242937 0.762731
0.549956 -0.288182 1.07742
-0.188094 -0.14466 0.905411
-0.166635 -0.0643788 0.782364
-0.125835 -0.160647 0.783902
-0.133213 -0.0528367 0.838825
-0.168214 -0.0472323 0.74741
0.155086 0.153272 0.785031
-0.832393 0.047326 1.58636
0.134241 0.0625298 0.856128
-0.00856714 0.0498481 0.790738
-0.066492 -0.0319704 0.795649
0.173328 -0.0539086 0.868837
-0.695204 -0.265381 1.09017
-0.913068 0.0529916 1.54963
0.159463 0.0314014 0.75365
-0.159695 -0.178382 0.806276
-0.482613 0.490876 1.54605
-0.311091 0.481954 1.51275
-0.330507 0.51688 1.47983
-0.846534 0.0506391 1.65639
-0.911404 0.506205 1.34031
-0.747414 0.143046 1.56633
-0.816741 0.159075 1.64287
-0.733078 0.435654 1.39692
0.329646 -0.134779 1.06789
-0.215037 0.424555 1.60233
-0.500942 -0.20244 0.726875
-0.241834 -0.0687281 0.817396
-0.891903 -0.106552 1.56394
-0.976968 -0.374157 1.59122
-0.896744 0.0475276 1.51973
0.0567861 -0.17088 0.825569
-0.336505 0.390252 1.50683
0.173137 -0.124246 0.997705
-0.946061 0.131019 1.44089
-0.269503 -0.0926411 0.778476
0.218698 -0.122796 0.912617
-0.0598384 -0.156184 0.81678
0.283452 -0.115032 0.928501
-0.143832 -0.248462 0.801774
0.174882 0.130166 0.785537
-0.5606 0.181194 1.59225
0.133083 0.144375 0.807503
-0.397789 -0.19004 0.761813
-0.165059 -0.0466754 0.733127
-0.143633 0.401325 1.69664
0.0328397 0.58505 1.81823
-0.33496 -0.12388 0.76168
-0.870066 0.0484523 1.67981
-0.28559 -0.228863 0.753003
-0.863144 0.167119 1.4502
0.519998 -0.403241 1.07961
-0.0112102 -0.279703 0.832662
-0.173082 -0.0487664 0.776181
-0.185301 -0.0480124 0.761514
-0.126732 0.488617 1.72164
0.33888 -0.242262 1.08935
0.0218784 0.026866 0.801899
-0.296492 -0.257101 0.799057
0.149672 -0.0529491 0.872462
-0.98036 0.0327849 1.62791
-0.0854834 0.0187379 0.782261
-0.216327 -0.237318 0.769574
-0.00157698 -0.0370492 0.833785
-0.13581 -0.0341175 0.371745
-0.0577124 0.00122571 0.800135
-0.443026 0.226013 1.69957
-0.533422 0.382984 1.50504
-0.0970183 0.0130237 0.761608
0.0493887 0.0770253 0.742891
-0.0969713 0.0167536 0.793265
0.188674 -0.0204354 0.71772
0.312539 0.259104 0.817658
0.211845 0.117639 0.747079
0.377544 -0.0308769 0.705377
-0.00485784 -0.00952569 0.762338
0.475679 -0.423046 1.42676
0.199404 0.145424 0.746146
0.0277291 -0.218225 0.844722
-0.426681 0.209442 1.65626
0.483715 -0.382773 1.14739
-0.689531 -0.00917736 1.67654
-0.623466 0.457604 1.43975
-0.0246431 -0.137664 0.822951
0.490274 -0.264048 1.15737
-0.253816 0.588775 1.4962
0.0581927 0.576858 1.51836
-1.03816 0.650982 1.57411
-0.204633 0.487987 1.40387
-0.950374 0.26295 1.42545
-0.846299 0.470397 1.28479
-0.803976 0.00738721 1.54914
-0.880221 0.432321 1.33017
-0.110727 0.515231 1.62842
0.371989 -0.0576377 0.926364
-0.520904 0.172293 1.57618
-0.692528 0.145006 1.58719
0.150599 0.608754 1.61393
-0.216901 0.486929 1.65317
0.156016 0.0936307 0.79664
-0.447939 -0.233852 0.770382
-0.517234 0.573997 1.43959
-0.0473292 0.605485 1.56025
-0.874092 0.577217 1.36571
-1.00312 -0.0659396 1.56883
-0.292525 0.426961 1.61612
0.156238 -0.0539311 0.904748
-0.178563 -0.119537 0.794072
-0.023568 0.0544747 0.765714
0.692216 -0.256498 1.13781
-0.370335 -0.132549 0.711444
-0.355449 -0.124165 0.74134
-0.304296 -0.0751233 0.896667
0.27514 0.0971431 0.656386
0.0991095 0.00530253 0.859724
-0.0166672 0.00993659 0.826807
-0.0701668 -0.158636 0.647343
0.262056 -0.116169 0.632205
0.173037 0.00475183 0.921416
0.355604 -0.0678759 1.03414
0.392823 -0.194944 1.1102
-0.208494 -0.227826 0.797687
0.129183 0.39687 1.61877
-0.496103 -0.176878 0.879331
0.217115 0.0113475 0.841765
-0.402104 -0.160771 0.748579
0.345541 -0.0657942 1.0072
-0.986433 0.180119 1.48991
0.138584 -0.0110945 0.823191
-0.698809 0.22084 1.53215
-0.706437 0.461569 1.41838
-0.0404708 0.0418938 0.763262
-0.813968 0.0273145 1.48422
-0.845974 0.173358 1.52268
-0.638653 0.222155 1.56201
0.357191 -0.0800281 0.748069
0.469927 0.62015 1.7352
-0.86828 0.254283 1.43786
-0.848812 0.43573 1.39406
-0.873735 0.147854 1.38491
-0.189363 0.577817 1.61027
-0.948243 0.147246 1.38065
-0.366947 -0.160201 0.741819
0.168795 -0.0114231 0.913371
-0.102301 0.419554 1.43088
-0.0561279 0.394732 1.51324
0.531788 -0.439893 1.31748
0.198492 0.517537 1.80789
-0.184992 -0.118793 0.746242
-0.614457 0.211134 1.49816
-0.39102 -0.224851 0.779301
-0.622071 0.394977 1.54241
-0.663794 0.385664 1.54133
-0.6691 0.218743 1.28429
-0.626036 0.392627 1.54543
0.603984 -0.336932 1.09886
-0.793576 0.154444 1.59989
0.552131 -0.354373 0.997183
-0.277119 0.418142 1.58017
-0.619772 0.256742 1.62348
-0.404275 0.322791 1.59094
-0.164644 -0.248092 0.807616
0.505975 -0.310124 1.13498
-0.196221 -0.213829 0.813731
-0.374807 0.410464 1.63169
0.173888 0.0251883 0.735051
-0.828904 0.051238 1.56867
0.281469 0.120012 0.841209
0.195186 0.152261 0.742193
-0.648312 0.296373 1.40777
0.497236 -0.305258 1.11761
-0.0268455 0.0312758 0.754627
-0.806765 0.136977 1.45491
-0.514508 0.138952 1.52625
0.0929103 -0.0747898 0.876805
-0.0445321 0.0189882 0.759
-0.539652 0.209717 1.63072
-0.327934 0.585963 1.53777
-0.0494971 0.647341 1.66528
-0.145232 0.567798 1.48806
-0.0763392 -0.0368328 0.828181
-0.222428 -0.0502212 0.764396
0.468408 -0.342488 1.23825
-0.942294 0.129562 1.43581
0.198078 0.531794 2.10558
-0.828409 0.16678 1.37444
-0.724094 0.264581 1.28938
0.167647 -0.214498 0.649733
-0.19094 -0.129075 0.785711
-0.0515142 -0.0270755 0.795443
0.354536 -0.0506253 0.821369
0.5933 -0.334988 1.13609
0.250783 0.146381 0.647381
-0.870209 0.259179 1.39641
0.230072 0.0938904 0.684059
0.0452682 0.492316 1.44559
-0.927326 -0.000592616 1.47099
0.635564 -0.308576 1.1077
-0.178789 -0.00717534 0.754596
-0.147945 0.588867 1.53173
-0.229979 0.50894 1.56016
-0.255546 0.602107 1.52228
-0.336876 0.501057 1.67008
-0.874251 0.534722 1.31141
0.252472 -0.225023 0.98524
-0.550494 0.397203 1.55192
-0.520596 0.450946 1.40251
-0.334646 -0.102467 0.763537
-0.33011 0.53757 1.40734
-0.421149 -0.292155 1.51155
-0.320337 0.570754 1.49526
0.275079 0.143445 0.686726
0.5819 -0.37017 1.04721
0.193655 0.0110615 0.794214
-0.154877 0.449007 1.67096
0.320872 -0.1681 0.946462
-0.252154 -0.169838 0.849267
0.285652 -0.115275 0.929046
-0.243614 0.337534 1.57036
0.137547 0.145806 0.817663
-0.841015 0.365748 1.39463
-0.206163 -0.0920078 0.775951
-0.227401 -0.149413 0.834618
-0.266585 -0.245288 0.779191
0.317554 0.110248 0.667833
0.0679989 0.0408371 0.842218
-0.0447275 0.318804 1.68741
-0.186872 0.561632 1.56725
-0.823293 -0.0926811 1.42445
-0.963354 0.3054 1.38862
-0.868282 0.57267 1.35485
-0.831829 0.506746 1.36892
0.0189391 0.299666 1.48966
-0.681523 0.594871 1.46684
-0.0475577 0.617931 1.59016
-0.0727254 0.0175499 0.792285
-0.412598 0.562864 1.65573
-0.257744 0.458709 1.67604
-0.213728 0.260515 1.53993
-0.541112 0.591647 1.55318
-0.306387 0.566112 1.43424
0.0502168 0.0348676 0.821513
-0.21897 0.540312 1.6028
-0.63441 0.219552 1.55222
-0.54611 0.5174 1.47142
0.19262 0.00922227 0.741071
-0.912815 0.312003 1.44986
-0.573045 0.294536 1.65077
-0.829869 -0.106421 1.60777
0.0539717 0.0978839 0.813845
-0.295635 -0.14656 0.744052
0.0561739 0.000307172 0.825603
-0.422873 -0.15342 0.731187
-0.233335 0.30152 1.63004
-0.250905 0.453415 1.61782
-0.0232855 0.0603922 0.754603
-0.223047 -0.0702857 0.75825
0.162255 -0.0855042 0.815963
0.362363 -0.136323 0.822051
0.306086 0.573104 1.64886
0.346298 -0.144072 0.794881
0.254299 0.607249 1.68864
-0.922472 0.361068 1.35942
-0.291961 0.565229 1.51218
-0.859782 0.165294 1.44508
-0.00291647 -0.133423 0.835129
-0.0311738 0.0498737 0.777167
0.166872 -0.144878 0.924207
-0.175072 -0.127175 0.871455
0.404429 0.551034 1.70596
-0.0691069 -0.162867 0.84323
0.143374 0.103374 0.746838
-0.788947 0.530401 1.32496
0.303377 0.576078 1.63932
-0.279556 -0.112159 0.780443
-0.0819238 0.0315447 0.854985
-0.900572 0.309483 1.42802
1.20349 0.601018 1.76241
1.21922 0.537779 1.7861
-0.475083 0.53803 1.53417
0.122548 0.108326 0.81664
0.0382023 0.412091 1.59143
-0.0890103 0.599417 1.62946
0.247089 0.152331 0.654653
0.187271 -0.0358784 1.05186
-0.295709 0.18512 1.6229
0.300729 -0.157337 0.883955
0.124452 0.119304 0.804041
0.199972 -0.0380358 0.727906
-0.859744 0.123055 1.40881
-0.291628 0.519616 1.65395
0.016004 0.0409467 0.820239
-0.140886 -0.0335207 0.416899
0.18232 0.528207 1.7407
-0.479392 0.132316 1.29689
0.00541757 -0.043672 0.151755
-0.29441 0.434656 1.66693
-0.696 0.000304397 1.60994
0.264842 0.0523339 0.712708
0.212232 0.126335 0.7297
-0.401455 -0.182885 0.751906
-0.0309693 0.0405234 0.701817
-0.0197969 -0.0512507 0.902175
-0.377933 0.420942 1.62654
-0.569151 -0.19973 0.849539
-0.814422 0.271722 1.45114
-0.297227 -0.174149 0.767613
-0.741584 0.242677 1.56887
-0.171937 -0.0127133 0.801977
-0.927694 0.311929 1.41889
-0.156873 -0.111813 0.476914
-0.835925 0.34034 1.51532
0.525662 -0.354568 0.948505
-0.24387 0.462277 1.52886
-0.714712 0.117826 1.54599
-0.177064 0.509497 1.60391
-0.780061 0.225138 1.52414
-0.912943 0.0849632 1.54406
-0.55322 0.164211 1.53766
-0.153762 -0.202709 0.780026
0.105738 0.106793 0.784046
0.37944 -0.238757 0.956778
-0.00553124 0.0123246 0.814944
-0.249633 0.314162 1.73108
-0.804347 0.299663 1.51279
-0.369903 -0.126302 0.695549
-0.404846 -0.15247 0.718181
0.0610014 -0.0361581 0.287064
-0.00518094 -0.00588274 0.804842
-0.16636 -0.0146109 0.749863
-0.00761121 -0.0131515 0.140086
0.031564 -0.000688701 0.841376
-0.130718 -0.0011348 0.735121
-0.217026 -0.0748619 0.425862
-0.0687845 -0.156333 0.829468
-0.133566 0.566763 1.65787
0.483231 -0.331942 1.10954
-0.139468 -0.0172951 0.612513
-0.220612 -0.0484462 0.82497
0.0529442 0.0809747 0.776145
0.377876 0.582943 1.72478
-0.501697 0.166446 1.6909
0.0214445 0.0229364 0.332551
0.0779749 -0.0342032 0.291079
-0.13034 -0.0379493 0.350726
0.0704657 0.0417559 0.768051
-0.405318 -0.162699 0.563278
-0.0674175 -0.180467 0.763223
-0.172676 -0.0205924 0.784724
-0.58595 0.182626 1.64567
-0.494708 -0.179078 0.846426
-0.52046 0.0777905 1.66705
-0.142738 -0.0387262 0.782944
0.132363 0.0714317 0.895738
-0.295997 -0.158696 0.677901
0.377583 -0.0679742 0.85376
-0.444312 -0.202519 0.856829
-0.954483 0.137362 1.44229
-0.398196 -0.138629 0.718811
-0.51685 0.24551 1.54711
-0.400977 -0.22058 0.767477
-0.52629 0.641936 1.77028
-0.79295 0.441029 1.40652
0.654806 -0.496088 1.53166
0.0977819 0.0829678 0.838354
-0.396149 -0.160939 0.777708
-0.87169 0.232637 1.42313
-0.287785 0.398018 1.76534
-0.0833751 -0.0118306 0.7914
0.104833 0.0299925 0.85928
-0.854012 0.49286 1.37046
0.584217 -0.393244 1.46815
-0.219144 -0.0966401 0.79396
0.12 0.554095 1.72944
-0.726327 0.267037 1.46726
-0.203281 -0.0963248 0.854792
0.0749654 0.490423 1.78001
0.152851 0.00658803 0.748609
-0.0245134 0.566041 1.67412
-0.0949265 -0.0140673 0.876474
-0.161539 0.533544 1.56223
-0.0274 -0.236608 0.838391
-0.00442167 -0.279227 0.869402
-0.27316 0.368784 1.63937
-0.834071 0.0438924 1.60612
0.401839 -0.311604 1.08337
-0.342068 0.561477 1.45429
0.343371 -0.0651141 0.800691
-0.762823 0.00692478 1.45146
0.619991 -0.136134 1.08637
0.0143549 0.43119 1.66095
-0.272326 -0.138626 0.758877
0.618963 -0.254766 1.12271
-0.186278 0.559881 1.57102
0.321357 0.114441 0.631806
-0.967162 0.0611491 1.47808
-0.388042 -0.156464 0.686461
0.300915 -0.0534058 0.784045
0.0192485 -0.213886 0.83126
0.37894 0.117642 0.674633
0.264793 0.111603 0.691482
-0.118276 0.0029442 0.722337
0.105789 0.0513816 0.655082
0.0322236 -0.234656 0.797205
0.0974716 -0.254782 0.85788
-0.0417737 -0.0749056 0.831091
-0.164998 -0.185748 0.839955
-0.190089 0.430727 1.6952
0.0910744 0.00283907 0.840944
-0.201905 0.0146558 0.552406
0.224893 -0.100818 0.615138
0.107047 -0.0849146 0.373469
0.342505 -0.0760904 0.730086
0.266576 0.160652 0.644673
0.549074 -0.115254 1.03792
-0.0435205 0.330364 1.7525
-0.255779 0.276123 1.60149
0.209161 -0.151503 0.927982
0.212339 -0.122315 0.897411
-0.457977 0.434922 1.54626
-0.294474 0.17448 1.61794
-0.836292 0.0524588 1.70923
-0.224491 0.61657 1.66504
-0.0579419 0.564547 1.5734
-0.216992 0.377024 1.60161
-0.121558 0.495022 1.51096
-0.260062 -0.0701409 0.681404
0.0447952 0.498979 1.67711
0.771275 -0.457387 1.47882
-0.0367263 0.0114843 0.791919
-0.15841 -0.209478 0.796245
0.0945923 0.0693035 0.819563
-0.904273 0.130782 1.48561
-1.00233 0.0332278 1.90504
-0.195755 0.441773 1.73769
0.137758 0.0650046 0.858803
0.219477 -0.106482 0.949476
-0.507391 0.228766 1.52872
-0.000794611 0.505664 1.68595
-0.695966 0.28068 1.56724
-0.451187 0.41596 1.52153
-0.83588 0.384543 1.50727
0.145916 0.136182 0.732545
-0.631132 0.195543 1.64532
-1.38652 -0.00962536 2.49972
-0.128172 -0.172337 0.829151
0.00254448 0.0303308 0.750667
-0.00344374 0.0138432 0.8296
-0.965585 0.20514 1.47615
0.00257413 0.0297205 0.737758
0.335903 0.120193 0.65637
-0.759406 0.120714 1.62896
0.396086 -0.034029 0.822009
0.299309 0.102375 0.671611
-0.249558 0.338655 1.66302
-0.328113 0.44142 1.60921
-0.917423 0.475224 1.51853
0.0238077 0.0497845 0.80236
-0.198502 0.493213 1.83009
-0.858128 0.250913 1.40809
-0.00679318 0.0413437 0.515473
-0.727979 0.138165 1.52283
-0.169575 -0.121198 0.758142
-0.0894427 0.599096 1.60316
-0.418079 -0.201399 0.811332
-0.896769 0.108618 1.50296
0.431553 -0.21757 1.09973
-0.308133 -0.121779 0.727046
-0.794703 0.256031 1.66431
0.0367132 0.505985 1.64564
0.200678 0.180739 0.736862
0.285161 -0.0562615 0.875987
0.01352 0.0380115 0.80905
0.261678 -0.111451 0.857664
-0.0206133 0.0262888 0.792446
0.255584 0.486165 1.62914
-0.445646 -0.231975 0.765814
-0.0312717 0.543893 1.74752
0.668517 -0.224937 1.11072
0.0875335 -0.0970211 0.871735
0.131411 -0.0831966 0.888796
0.145623 -0.0987684 0.45353
-0.223284 0.543328 1.56121
0.153662 -0.0980048 0.462278
0.186981 -0.121395 0.631792
0.15755 -0.104047 0.480944
-0.793618 0.171481 1.57295
-0.0760979 -0.165655 0.845369
0.594501 -0.140812 1.01603
-0.651291 0.237152 1.57406
-0.84882 0.110175 1.5321
-0.146718 0.583373 1.51742
-0.24131 0.337141 1.64964
-0.297931 -0.102345 0.678091
-0.252192 0.592041 1.4945
-0.0882846 0.571903 1.54162
-0.220004 -0.221898 0.799335
-0.0432201 -0.167081 0.469591
0.338071 -0.23841 1.07502
-0.885061 0.497478 1.35972
0.244185 -0.246077 1.05281
0.0399546 0.342859 1.60988
-0.228347 -0.0453703 0.84977
0.161536 0.0760315 0.746642
0.0860834 -0.0439903 0.282283
0.219274 -0.216597 0.867626
-0.248082 -0.0680873 0.882714
0.164146 -0.143111 0.914441
-0.230025 0.265933 1.56362
0.132529 -0.0763884 0.856973
0.33858 0.113604 0.706269
0.0218241 0.0160661 0.39831
0.366468 0.519483 1.603
0.155267 0.0821425 0.702105
0.203799 -0.045828 0.837322
-0.427272 0.207418 1.66217
-0.829799 0.0273123 1.52351
0.0861131 -0.0231898 0.872473
-0.353223 0.434882 1.5843
-0.827959 0.305564 1.44679
-0.649638 0.128893 1.60027
-0.416451 -0.16162 0.725002
-0.360068 0.566101 1.60484
-0.199622 0.553915 1.63106
0.0234542 -0.254786 0.857581
-0.1878 -0.0879197 0.779602
-0.0258761 0.00743138 0.775164
-0.4642 0.589762 1.43578
0.267187 -0.325365 0.957999
-0.880571 0.185626 1.57945
0.0197781 -0.052946 0.844423
0.408029 -0.30332 1.08848
0.178058 0.0599868 0.843493
0.260729 0.213728 0.669824
-0.066995 -0.00327845 0.803362
0.283385 0.10178 0.677126
0.371135 -0.278533 0.99638
0.0690062 0.103599 0.732402
-0.723892 0.0280785 1.48854
-0.393696 0.559242 1.54613
0.166842 0.130579 0.728578
0.142403 -0.111881 0.870208
0.0233039 0.573111 1.58606
1.18362 0.523542 1.7377
-0.706548 0.45861 1.41985
0.0252903 -0.216251 0.829396
-0.688831 0.243697 1.69248
-0.766401 0.297579 1.44678
-0.501444 0.55013 1.38995
-0.468647 0.531413 1.51971
-0.698593 0.405581 1.30065
-0.381366 0.515109 1.52202
-0.410489 0.485429 1.49414
-0.337686 0.570931 1.47912
0.146265 0.0905139 0.78784
0.112235 0.0271272 0.810235
-0.648206 0.254518 1.58455
0.185633 0.0847283 0.796875
0.136008 -0.180748 0.938459
-0.0922191 -0.172703 0.836394
-0.923027 -0.0376128 1.51954
-0.456087 -0.16946 0.805886
-0.34648 0.594455 1.53301
0.0496374 0.376136 1.75
0.156229 0.563683 1.71257
-0.810857 0.102956 1.45793
-0.0561669 0.563183 1.57268
0.0841344 -0.0858364 0.865717
-0.335107 0.297684 1.71991
0.0174327 -0.110304 0.81621
-0.392632 0.493638 1.54566
-0.361893 0.320382 1.64651
-0.363347 0.407242 1.57005
-0.498936 -0.221768 0.750735
0.279415 0.14635 0.644603
-0.419052 0.453704 1.55533
-0.316387 -0.183537 0.788173
0.586589 -0.348684 1.12726
0.182728 0.103301 0.748098
0.0117154 0.0533054 0.765564
-0.0202758 0.0247303 0.784496
-0.485508 0.468919 1.46927
-0.127699 -0.186038 0.821393
-0.258864 0.424846 1.67675
-0.219601 -0.155619 0.870859
-0.91659 -0.0484335 1.51264
-0.0821649 0.370207 1.70624
-0.777436 0.468863 1.35901
-0.234169 -0.0451192 0.872189
0.520511 -0.374863 1.06299
0.539287 -0.252762 1.14369
-0.546327 0.176433 1.55431
0.249136 0.206843 0.684975
0.108177 0.123492 0.818957
-0.199923 -0.0750862 0.789191
-0.163327 -0.183291 0.83543
-0.0284545 -0.0265451 0.0770842
-0.662924 0.259665 1.62466
0.267412 -0.0749137 0.91848
-0.977075 -0.0881695 1.4773
0.0584294 -0.00418575 0.84529
-0.489691 0.481774 1.49421
0.066555 0.485287 1.67206
0.182079 0.0374477 0.850006
-0.212485 0.288186 1.74556
0.0196698 0.0419001 0.81002
-0.43571 0.528952 1.53993
0.264438 0.0521815 0.703346
0.337967 0.124061 0.655334
-0.0423751 -0.0462629 0.812395
-0.142662 -0.0296123 0.475278
0.498874 -0.0479091 0.864871
0.15142 0.458825 1.71124
-0.167362 -0.0371778 0.527067
0.132371 -0.103319 1.00307
-0.266818 -0.0780921 0.775438
0.0321865 0.000106016 0.83462
0.359081 0.181144 0.671509
-0.855698 -0.124934 1.58122
-0.887466 0.404439 1.33207
-0.0555245 0.00187115 0.795537
-0.215624 -0.0487583 0.789008
-0.417824 -0.102696 1.28051
0.394339 -0.0644287 1.08595
0.503028 -0.278401 0.878334
0.301913 0.12179 0.714843
0.156405 0.125863 0.842482
-0.17852 -0.222778 0.774579
-0.518683 -0.159265 0.971467
