-0.282376 0.0761459 0.872259
0.28142 0.197645 1.17324
0.617821 0.115974 1.26823
-0.105135 -0.0263211 0.83094
0.915782 0.134893 1.90341
0.224981 0.165691 0.478698
0.00987523 -0.00575837 0.0481424
-0.0538314 0.0335224 0.169988
-0.0607462 0.0341223 0.177654
-0.416948 0.110362 0.880985
-0.0582365 0.0288021 0.124354
-0.127289 0.053192 0.199912
-0.441064 0.0846158 0.888681
-0.172486 0.0673723 0.27831
0.00324086 0.0487304 0.178301
-0.369318 0.0733214 0.89233
-0.180184 0.0673999 0.266363
0.342671 -0.013847 0.947456
-0.0635781 0.0270236 0.148435
-0.0641618 0.027706 0.128321
-0.0655327 0.021968 0.133788
-0.0506682 0.0182716 0.1094
-0.0604223 0.0265511 0.177154
-0.0607272 0.0199129 0.115313
-0.0873952 0.0311322 0.169169
0.302556 0.194226 0.540493
-0.094312 0.0613591 0.46749
0.11829 -0.00793066 1.6447
0.466824 -0.0986813 1.03752
0.100234 0.0731751 1.48618
-0.2962 0.0737935 0.885203
-0.0909105 0.0446864 0.262918
1.01133 0.623626 1.72973
0.746607 0.433362 1.2377
0.0352064 0.0939211 1.48234
0.0107645 0.0421945 0.307478
-0.354014 0.112929 0.899162
-0.449338 -0.0578193 0.973657
-0.745742 0.245839 1.92539
-0.0647463 0.0382723 0.118458
0.52589 -0.212334 0.968228
0.0744374 0.0576847 0.169916
-0.118175 0.0609808 0.800537
0.390723 -0.161455 1.28174
0.338641 -0.0980534 1.14695
0.860909 -0.0758249 1.55993
0.43036 -0.0999917 1.00304
0.359636 -0.2342 1.12219
-0.593701 0.0344486 0.995456
0.204835 -0.0880241 1.01766
-0.272474 -0.328911 1.03751
0.62555 0.0897336 1.26627
0.558735 -0.0638373 1.11792
-0.100525 0.0247238 0.208793
-0.156583 0.0583213 0.923742
-0.402396 0.111141 0.910199
0.00216925 0.0968516 1.53577
-0.293994 0.0912994 0.865336
-0.484784 -0.0954253 1.03337
-0.216329 0.0918415 0.87811
-0.177216 0.119318 0.795222
0.0218171 0.040436 0.244218
0.0269468 0.0456922 0.276023
-0.229277 0.0988122 0.786986
-0.061809 0.0283112 0.171696
-0.11649 0.0714592 0.153357
-0.399398 0.198555 0.847552
-0.0209003 0.0303981 0.180702
-0.296971 0.124897 0.872499
-0.0616694 0.0299544 0.178205
-0.0401742 0.0350585 0.181431
0.350144 -0.0422552 0.441725
0.400783 -0.255388 0.889743
-0.771911 -0.0741428 0.66387
0.0815492 0.188898 0.619895
0.975634 -0.0833539 1.77084
-0.743756 0.00364046 1.04906
-0.05686 0.0381524 0.17826
-0.0800696 0.0307739 0.16974
0.041065 0.0668904 0.179229
0.00209919 0.0403578 0.181178
-0.365907 0.116344 0.927812
-0.222659 0.0934569 0.761163
-0.0985062 0.0784367 0.188267
0.0614987 0.0695245 0.171031
0.0697706 0.0546983 0.161186
-0.000207725 0.0663729 0.173755
-0.0465766 0.00880329 0.104313
0.00456959 -0.00330557 0.0282455
0.0130526 0.00741673 0.0314497
-0.0333741 0.0126352 0.0524971
-0.0597313 -0.0904981 0.267501
-0.0193525 0.0113138 0.0864174
-0.0414911 0.0189449 0.0645757
0.871031 0.0533221 1.69405
0.380109 -0.198978 1.26896
-0.17911 0.0648455 0.264805
0.371681 -0.0106656 1.06644
-0.16238 0.0716295 0.285098
0.368572 0.193655 1.11591
0.413975 0.0369463 1.05386
-0.176828 0.07339 0.267731
-0.594109 0.0409945 0.959753
-0.0960852 0.0508377 0.318661
-0.533025 0.0351235 0.917913
-0.0800215 0.0326541 0.172961
0.0194092 0.169887 0.921054
-0.0907978 0.0249319 0.167689
-0.116616 0.0496898 0.751822
-0.00173391 0.000262585 0.00271919
0.145778 0.0963806 1.20604
-0.00456617 0.0638122 0.305389
0.00829768 0.162779 1.45345
-0.127903 0.0593105 0.809383
0.00586328 0.0500177 0.268843
-0.0545516 0.0149235 0.100112
-0.182774 0.0648183 0.311565
-0.251061 0.0675718 0.507212
-0.871546 0.448627 2.22917
-0.429027 0.124408 0.903261
-0.0895129 0.0449965 0.174914
-0.178094 0.0786317 0.867673
-0.155412 0.0706841 0.532134
1.03929 0.711585 2.02738
-0.1736 0.0674666 0.27108
-0.0622655 0.0226805 0.122496
0.0839784 0.123574 0.367829
-0.0485254 0.082092 0.627328
0.198329 0.236706 1.42878
0.00557104 0.0672136 0.278209
-0.424791 0.0970047 0.854929
0.463491 0.0468679 1.17691
-0.581605 -0.255388 1.0429
-0.591596 -0.116793 1.088
-0.182916 0.0841354 0.877982
0.176211 0.229548 1.40756
0.276521 0.140926 0.48646
0.532658 -0.258946 0.846026
-0.577968 0.0852827 0.935315
0.360669 0.190011 0.986024
0.389119 -0.104874 1.30395
-0.669113 -0.0760457 1.04018
-0.107621 -0.0185086 0.823149
0.418971 0.00729156 1.16349
-0.0305325 0.0332786 0.181719
0.198927 0.223524 0.873932
-0.396417 0.0893632 0.849286
-0.132789 0.107486 0.80465
-0.46921 0.193444 0.926117
0.218383 0.25115 1.53681
-0.0642746 0.12487 0.89163
0.0371933 0.0576701 0.192603
0.0125752 0.0352825 0.253279
0.00160325 0.0407633 0.181446
-0.0701754 0.0345643 0.175474
-0.0225088 0.0107649 0.0544059
-0.0888234 0.0427299 0.171054
-0.00416651 -0.00239088 0.0089074
0.00643843 -0.00296299 0.036486
-0.00287518 -0.0017877 0.00643306
-0.0203628 0.0544595 0.215171
-0.0219521 0.00766721 0.0418308
-0.0394028 0.0351793 0.180937
-0.00548767 0.0359702 0.182736
-0.100032 0.0402869 0.259291
-0.0751675 0.0263893 0.173221
0.0027672 0.0470668 0.184623
-0.0854104 0.0343557 0.171446
-0.0678991 0.0343926 0.176268
-0.0935902 0.0360891 0.171092
-0.00819979 0.00264385 0.0140023
-0.643077 0.263651 1.14922
-0.0759821 0.0274959 0.166555
-0.0642835 0.0408146 0.980186
0.0188503 0.131761 0.928081
-0.0958747 0.0339277 0.173811
-0.0761285 0.0274616 0.165003
-0.0213727 0.0350326 0.217205
-0.0489392 0.0227307 0.0997741
-0.0421263 0.0151789 0.0812907
-0.0877474 0.0455963 0.171044
0.00370124 -0.00197232 0.024633
-0.0788693 0.0328492 0.172315
-0.164377 0.0772994 0.285823
-0.287704 0.0393544 0.871054
0.158381 0.113265 1.36485
-0.50208 -0.0791307 0.900736
-0.0041522 0.0423695 0.182456
-0.0121773 0.0361215 0.181375
-0.653319 0.036641 1.09758
-0.649784 -0.0724528 1.00785
-0.0134968 0.0425795 0.180982
-0.609283 -0.0139817 0.975416
-0.00541385 0.0329719 0.181898
-0.515187 -0.0194088 0.817712
0.396217 0.054002 0.865048
-0.735845 0.0405516 1.04461
0.407793 -0.137057 1.06807
1.04884 0.0340533 2.31632
-0.171471 0.0749228 0.271425
-0.0826675 0.0408079 0.172599
-0.708861 0.061377 0.995146
0.00257653 0.0404514 0.181552
-0.678128 -0.188119 1.00918
-0.677731 -0.187863 1.00684
-0.387958 0.106239 0.891942
-0.0701444 -0.298984 1.082
0.38591 -0.199755 1.28901
0.613739 -0.105373 1.0266
-0.0445827 0.0217174 0.0861633
0.00450282 -0.00927942 0.0574932
-0.0135091 0.0430881 0.182305
-0.0866391 0.0315664 0.171048
-0.0636574 -0.11016 1.06938
-0.375906 0.0936152 1.01131
-0.336271 -0.225414 0.801615
0.0516494 0.0867593 1.55292
-0.61999 -0.0891235 0.982719
0.360544 -0.223791 1.0959
-0.0830274 0.0387174 0.170675
-0.0898904 0.0399258 0.170663
0.00226801 0.0517145 0.194577
-0.0683081 -0.223802 1.05781
-0.101977 -0.0872173 1.44959
-0.17269 0.0756202 0.27421
0.379998 -0.0148752 1.07002
0.543555 -0.132679 0.917402
0.379135 -0.246649 0.850078
-0.448291 0.0663488 0.974493
0.405045 0.0546024 1.02243
-0.518101 -0.0870347 0.902459
-0.123632 0.0790912 0.814307
-0.288898 0.0687659 0.865281
-0.38448 0.0714264 0.899607
0.381082 -0.264832 1.13437
-0.624432 -0.0765898 0.981651
-0.0608263 0.0339352 0.17706
-0.593636 0.0902253 0.963316
0.403397 -0.0412682 1.29087
0.11556 -0.17635 1.68079
0.508336 -0.213918 0.950463
0.0191678 0.0865432 1.46271
0.577139 0.0543245 1.26692
-0.517071 0.13561 0.884411
-0.0130075 0.0370017 0.182044
0.197283 0.220606 0.857239
0.522003 -0.229703 0.965327
0.36027 -0.257109 0.906221
0.657879 -0.105229 1.1061
-0.00343682 0.0383423 0.182211
0.252753 0.115037 0.44769
0.0794663 0.0593642 0.171415
-0.610279 0.0973844 0.960614
-0.0118419 0.116789 0.83761
-0.283985 0.0517428 0.872402
-0.0156969 0.0454473 0.181672
-0.0803423 0.0399013 0.172965
-0.0297461 0.0383304 0.255327
-0.0142025 0.0277366 0.193962
0.494989 -0.0998143 1.02901
0.276205 0.126065 0.50172
-0.291582 0.0373345 0.880181
0.463333 -0.0967746 0.976016
0.708258 -0.0955791 1.37019
-0.176757 0.078226 0.85009
0.903931 0.00457533 1.78276
0.407901 -0.0368713 1.30309
0.45303 0.0420969 1.05181
0.320792 0.0967944 0.56188
-0.533608 -0.101553 0.969684
-0.587821 0.0382569 0.944492
0.200043 -0.0944344 1.1592
0.680696 0.0373286 1.13727
0.0281652 0.0889292 1.45797
-0.0660866 0.13381 1.29846
-0.430138 0.0863824 1.0323
-0.69139 0.182935 1.04924
0.394197 -0.277275 0.975353
0.398632 0.231463 1.29284
0.0212001 0.0793598 0.448082
-0.426431 0.104271 0.899309
0.43656 0.0441193 1.01511
0.500622 -0.209753 0.938117
-0.0216953 0.0475041 0.186727
0.800452 0.0439756 1.5564
0.0396762 0.0920134 1.24013
0.368043 0.223157 0.80058
-0.0291958 0.0385547 0.181876
0.447817 -0.0884752 1.42946
-0.180155 0.0852798 0.857229
0.405214 -0.0330248 1.29166
0.389707 0.00752053 1.07666
-0.0687166 0.0541238 1.38328
0.523782 -0.229718 0.966443
0.0448167 0.0834765 1.47575
-0.539071 -0.0180723 0.923318
-0.574056 -0.0229236 0.910113
-0.512029 -0.0877904 0.890064
0.503072 0.0758822 1.10416
-0.024945 0.0347606 0.182004
-0.283339 0.0406776 0.886164
-0.452418 0.0726554 0.977383
-0.51474 0.130561 1.10275
0.384483 0.22216 1.27021
0.154601 -0.0441766 1.99029
0.23505 -0.123414 1.56938
0.383947 0.21081 1.12953
-0.455811 -0.0801856 0.972582
0.240198 -0.0498157 0.531872
0.41087 -0.170221 1.33504
-0.587104 0.0308115 0.979661
-0.38741 0.0724826 0.897467
0.110335 -0.0971969 1.4432
0.356139 -0.254073 0.885372
0.737321 -0.0435673 1.42752
0.501724 0.0988507 1.10051
-0.554769 -0.0105213 0.951557
0.447955 -0.108078 1.04186
-0.42958 0.0984186 0.870588
0.487369 -0.0901745 0.954831
-0.0580382 -0.287652 0.839556
0.368134 0.205716 1.09186
-0.375978 0.062857 0.938848
-0.55609 0.0371066 0.951527
-0.543577 0.0958694 0.918307
0.402915 0.217059 1.05798
-0.707599 -0.202865 1.06591
-0.124666 0.0793952 0.83769
0.40924 0.0361949 1.04544
-0.106943 -0.0153956 0.846249
-0.263694 0.0766538 0.820493
-0.594976 0.0376333 0.959245
0.145192 0.210089 1.26765
0.428951 -0.140653 1.11825
0.0591986 0.199838 0.572576
-0.69454 -0.125772 1.00846
-0.0789271 0.0447473 0.173945
-0.0284599 0.0376077 0.181506
-0.18769 0.0745385 0.265764
0.0356669 0.0568513 0.18251
-0.285721 0.0833722 0.881351
-0.490911 0.0715605 1.04037
0.00351029 0.0442757 0.18263
-0.278413 -0.290651 0.955258
-0.0060053 0.0263316 0.180743
-0.737249 -0.129071 1.06225
0.103287 -0.167044 1.54893
-0.578125 0.0909451 0.92433
0.375764 0.00483595 1.04876
0.403807 0.0288662 0.929773
-0.563343 0.0856544 0.954228
-0.190222 0.0603348 0.287977
-0.18914 0.0768299 0.264785
-0.0201277 0.0437575 0.180911
-0.00323583 0.0379497 0.181245
-0.531231 0.0857159 0.906491
-0.0291457 0.0467941 0.178648
-0.0610886 -0.212159 1.39172
-0.0291363 0.0449284 0.180176
0.0769105 0.181094 0.595828
-0.578259 -0.19121 1.21341
0.290336 0.146141 0.511031
0.510309 0.143341 0.850899
0.00508222 0.0272842 0.182103
-0.0182338 0.032179 0.18139
-0.61087 0.13575 0.959342
0.569307 0.0332784 0.947022
0.375046 -0.251178 0.889803
-0.456267 0.028389 0.979078
-0.0747503 -0.0798624 1.13204
-0.554678 0.0775164 0.934232
-0.120302 -0.521441 2.13895
-0.747466 -0.0726887 1.18166
-0.577889 -0.0870123 0.995408
-0.116316 -0.0208748 0.852832
-0.238064 -0.351104 1.08214
-0.0354954 0.0429111 0.182214
-0.614123 0.103329 0.964305
-0.0248805 0.0345654 0.181833
-0.180918 0.0728783 0.265745
0.615685 0.0772939 1.33031
-0.105111 -0.0265611 0.822047
-0.0569243 0.0377276 0.179005
0.00413631 0.0586199 0.196789
0.442 0.0418897 1.07207
-0.0201841 0.0446274 0.182095
-0.291904 0.0335071 0.754301
-0.00177509 0.0409492 0.164003
-0.0230909 0.0479511 0.181964
0.00256812 0.0542743 0.183494
-0.16526 0.0776087 0.28586
-0.0528505 0.0252092 0.173301
0.440923 0.122749 0.739646
-0.00847386 0.0478606 0.191797
-0.202925 0.0926114 0.830331
-0.404568 0.113089 0.835207
-0.554118 0.151958 0.835195
-0.426843 0.107095 0.878052
-0.0280357 0.0449146 0.182058
0.166078 0.174517 1.62218
0.432759 0.0387433 1.0564
0.52424 -0.09517 1.026
-0.508148 -0.00687293 1.11054
-0.0287241 0.0302457 0.180517
0.499836 0.117095 1.12778
-0.226868 0.114251 0.82852
-0.0217281 0.0523296 0.195451
1.0666 -0.101876 2.29749
-0.088932 -0.311784 0.860341
-0.476194 0.119094 0.888404
-0.545012 0.134179 1.05093
-0.147795 0.119367 0.807944
-0.79364 0.0340803 1.05713
-0.0859649 -0.288115 0.804316
-0.726875 0.0366571 1.04338
-0.0613034 0.0291988 0.17776
-0.0555887 -0.177507 1.05894
-0.505773 0.180035 0.872656
-0.0396751 0.0352434 0.181586
-0.677488 0.179173 1.029
-0.0245184 0.0345832 0.182041
-0.0148355 0.024728 0.183445
-0.209896 0.0699758 0.27829
-0.294879 0.118697 0.840721
0.370392 0.10365 0.616663
-0.367611 0.106852 0.793713
-0.162062 0.0664824 0.288633
-0.0337284 0.052198 0.315725
0.363878 0.189518 1.09448
-0.763583 -0.123323 0.691827
-0.780922 -0.192172 0.689203
-0.890346 -0.0455339 0.580587
-0.268502 0.0831598 0.219047
-0.300642 0.0478908 0.267579
-0.603422 -0.201277 0.609966
-0.475706 -0.0776437 1.00815
-0.0495528 0.0216874 0.163835
-0.37432 0.114472 0.967568
-0.422856 0.129146 1.03968
-0.311659 0.133119 0.716811
-0.600787 -0.0275139 0.961316
-0.566753 0.123184 0.886623
-0.240842 0.0703213 0.370755
-0.549976 -0.101599 1.00044
-0.952156 -0.0779856 1.24883
-0.650189 -0.140916 0.96183
0.188897 -0.152364 1.32992
-0.0287526 0.0305811 0.180988
-0.0554492 0.0299036 0.17868
-0.283442 0.10277 0.543852
0.506157 0.0975726 1.09864
-0.332259 0.0811043 0.878409
0.353711 -0.128499 1.66554
0.306058 0.153164 0.470681
-0.177746 0.08905 0.839559
-0.767829 0.0307196 1.02425
-0.018037 0.0321348 0.181943
-0.810768 0.0080752 1.1449
-0.360508 0.0959196 0.811875
-0.644241 -0.115413 0.919118
-0.199412 0.100129 0.805734
-0.0244659 0.0412417 0.181791
-0.0494215 0.035315 0.180096
-0.0188418 0.0355688 0.182183
-0.74086 0.0364738 1.07306
-0.0860695 0.0346482 0.173
-0.155773 0.0511915 0.797018
-0.11829 0.0607474 0.833907
-0.297259 0.0849606 0.455931
-0.439122 0.0809786 0.908077
-0.541188 0.0784947 0.847781
0.461842 0.0715472 1.0189
-0.596354 0.132827 0.934573
0.274264 0.154469 0.445917
0.309066 0.164762 0.509809
-0.0288263 0.0458374 0.183
0.147026 -0.237519 1.42769
-0.223661 0.0591932 0.318049
-0.0915798 0.0474529 0.174627
-0.0871623 0.0250053 0.174604
-0.0849979 0.0494556 0.172649
-0.368172 0.0415258 0.393863
-0.0697557 0.0400764 0.17951
0.00389535 0.0589826 0.197233
0.00202337 0.0338538 0.181568
0.479552 -0.261891 1.0357
0.148623 0.208092 1.20643
-0.183464 0.070175 0.285853
-0.199051 -0.25641 0.775056
-0.0164726 0.0812055 1.29356
0.0942352 -0.320455 2.09971
-0.131851 0.178251 0.758044
-0.0713785 -0.233295 1.0716
-0.399184 0.117162 0.92776
-0.0190818 0.0440497 0.182491
0.375475 0.0569635 1.24994
0.332436 -0.245771 0.847075
-0.254774 -0.297536 0.915145
-0.389584 0.0714491 0.916691
-0.0879678 0.0308038 0.170317
-0.429577 0.117449 0.87949
-0.0132059 0.0426738 0.181446
-0.610153 0.0431625 1.04255
-0.0717881 0.0401134 0.175431
-0.0132868 0.0371093 0.181998
0.0455705 -0.243687 1.55753
0.465445 -0.0989432 1.03379
-0.706316 -0.151641 1.0536
-0.00691502 0.0363974 0.181673
0.274992 0.0945742 0.478065
-0.0702163 0.0734546 0.390132
-0.0509445 0.0344005 0.177374
-0.475605 0.0225957 1.02727
-0.00615641 0.0257954 0.177438
0.432455 -0.258747 1.0502
-0.378131 0.189865 0.920008
-0.101368 0.034857 0.194669
0.19753 0.180986 0.654211
-0.0296013 0.0264644 0.181267
0.642491 -0.0684578 1.45095
-0.131192 0.056748 0.85925
-0.0802882 0.0396964 0.171802
0.0044717 0.0543819 0.182711
-0.0926115 0.0290039 0.188947
-0.091675 0.0254282 0.172319
0.267562 0.0933328 0.458459
0.0767499 0.0573779 0.167113
-0.212866 0.100108 0.768287
-0.0212795 0.0521441 0.190977
-0.0718867 0.039505 0.174159
-0.28861 0.0402171 0.862527
0.00306938 0.0338244 0.181993
-0.106958 -0.0143015 0.862841
-0.0150924 0.0249734 0.183107
0.000867469 0.0405844 0.179213
0.52196 0.0764141 1.08854
-0.0881731 0.0426346 0.170938
-0.22001 0.10418 0.915794
-0.0833987 -0.297993 0.817327
-0.0241662 0.0438859 0.182465
0.360979 -0.0152042 0.999784
0.688484 0.132769 1.33708
0.475281 -0.256302 1.00405
-0.00191376 0.043995 0.182641
0.402894 -0.20834 1.4504
0.445311 -0.264255 1.06727
-0.012916 0.0366837 0.181131
0.419325 0.171677 0.770691
-0.553835 0.210128 0.971275
0.00187654 0.0410685 0.181573
-0.0329376 0.0305293 0.178239
0.128261 0.101307 1.63759
-0.00722485 0.0320734 0.181726
-0.0851613 0.0367115 0.170629
-0.179965 0.130801 0.819868
-0.436441 0.129327 0.842385
-0.1301 0.095192 0.816549
-0.450516 0.180194 0.888864
-0.31863 -0.298094 0.953497
-0.262948 -0.292378 0.90851
-0.283969 -0.104043 0.836151
-0.0907565 0.0469251 0.172774
0.293691 0.167454 0.478896
-0.06479 0.0270771 0.171142
0.124943 0.0954327 1.04848
-0.0607201 0.0346727 0.120067
-0.0293174 0.0270708 0.183135
-0.0325293 0.0270748 0.181941
-0.0227496 0.0271068 0.18532
-0.219369 0.093674 0.746651
-0.200191 0.073037 1.01408
-0.0676716 0.0341979 0.176215
0.48939 0.115175 1.10865
-0.0224247 0.0302851 0.180844
0.00340153 0.033562 0.180327
-0.112573 -0.0257823 0.820884
-0.122612 -0.014867 0.866407
0.631795 -0.0857573 1.29044
-0.00382788 0.0466823 0.183387
-0.0608617 0.0269572 0.178584
0.554975 -0.135509 0.935536
-0.0605369 0.179657 1.46306
-0.0606517 0.026655 0.177324
0.545117 -0.133145 0.917101
0.116087 0.183227 0.653306
0.390157 -0.12384 1.50276
0.191817 0.0762742 0.259046
0.00412796 0.0296791 0.181135
0.111952 0.092134 1.33145
-0.0682523 0.0381062 0.177667
0.176045 0.201486 0.777644
-0.629596 0.185507 0.979889
-0.401647 -0.0871042 0.599572
0.00330604 0.0466383 0.181956
-0.132329 -0.138341 2.42252
-0.360278 0.0606111 0.89849
-0.347241 -0.290596 0.960181
-0.062188 0.0300591 0.180583
-0.484241 0.214533 1.00364
-0.540721 0.150178 1.10292
0.468552 -0.249642 0.953809
0.364915 0.115353 0.642368
0.508439 0.231099 1.05386
0.12877 0.188735 1.35771
0.201624 0.234999 1.42999
-0.293521 0.0530006 0.303678
0.115172 0.176439 0.633721
0.123854 0.196875 0.721711
-0.214555 0.137835 0.753567
-0.137877 0.140626 0.780678
-0.29568 0.103633 0.846657
-0.0223739 0.0262414 0.180899
0.292935 0.153728 0.479528
0.170071 0.18084 0.71828
0.89177 -0.120436 1.73545
-0.660056 -0.0944758 1.04696
0.910508 -0.0774455 1.78644
-0.251704 0.0686455 0.30401
-0.376094 0.118749 0.959814
0.364862 -0.271865 0.948929
0.729385 -0.0316504 1.37206
-0.0565235 0.0352363 0.178394
0.777524 -0.100236 1.45477
0.259548 0.194363 1.15755
-0.421762 0.10131 0.89614
-0.336456 -0.329191 1.04772
-0.160937 0.0686423 0.288745
-0.0114355 0.0407605 0.181679
0.514235 0.0971803 0.995074
-0.191933 0.0789702 0.850048
-0.524777 -0.17995 1.10045
0.423936 0.226001 1.13816
0.694679 -0.112407 1.41437
-0.0637286 0.0291171 0.176961
0.299834 0.143671 0.474953
-0.0558379 0.0374249 0.178897
0.112937 0.18017 0.661418
-0.0149705 0.0250682 0.183776
-0.477914 0.189944 0.907619
0.486973 0.094331 1.06199
0.538631 0.0989454 1.08108
0.500649 -0.334823 1.21487
-0.202774 0.184953 1.15439
0.0372573 0.0898508 1.19348
0.476658 -0.204794 0.890591
-0.116455 0.0581323 0.244974
0.497655 -0.261984 1.01955
-0.362452 0.0951838 0.948311
-0.127715 0.0940199 0.679663
-0.146797 0.111796 0.815589
-0.296579 0.0980803 0.801752
0.656271 -0.0691891 1.49127
0.318543 -0.163462 1.26039
0.00418103 0.0266369 0.186974
-0.292631 0.0701715 0.33465
-0.303039 0.0565939 0.351472
-0.0615249 0.135623 0.939342
-0.21258 0.135512 0.745685
-0.00339058 0.038918 0.183112
-0.0749538 0.0637092 0.36823
0.49136 0.102981 1.09088
-0.375547 0.101367 0.846214
-0.0529465 -0.143799 1.43212
-0.482326 0.217569 0.997246
0.171596 0.187602 0.599215
0.335671 0.262359 1.00594
0.49833 -0.244305 0.788381
-0.593868 0.168152 0.915329
-0.0177293 0.0245105 0.170092
-0.286075 0.074053 0.768689
-0.276661 0.0755726 0.347827
0.245823 -0.107795 1.41567
0.373943 0.109585 0.477226
-0.3824 0.102706 0.817633
0.335483 0.167436 0.472605
0.384679 0.0828381 0.457586
-0.295299 0.171136 0.838338
0.602156 -0.103584 1.02066
-0.0150335 0.0413394 0.175268
-0.00489998 0.044487 0.177609
-0.00426169 0.0282786 0.188326
0.00390494 0.0284267 0.180561
0.400405 -0.167674 1.29263
0.396842 -0.164425 1.26242
0.188179 0.192663 0.738629
0.270753 0.138604 0.475221
-0.468774 0.104678 0.933955
-0.0774084 0.0308881 0.173189
0.00355881 0.0262706 0.170175
-0.00728427 0.0318792 0.18082
0.122747 0.133279 1.33485
-0.217418 0.0934528 0.750301
-0.428564 0.157648 0.841404
-0.378894 0.106119 0.995817
0.347992 0.0560911 0.578365
-0.0742533 -0.122755 1.19299
0.0162076 0.0775545 0.861195
0.187558 -0.108462 1.40982
-0.129037 0.122152 0.743881
0.414232 0.253847 1.24183
-0.301063 0.128188 0.882365
0.291493 0.149381 0.505175
0.0830425 -0.129102 1.22066
-0.505516 0.201902 0.963911
0.405543 0.205422 1.27815
-0.0627705 0.0265513 0.177202
-0.0668266 0.0273892 0.179577
-0.659328 -0.0890569 1.03853
-0.0674839 0.02602 0.175155
-0.362456 0.0927376 0.940509
-0.231652 0.160404 0.766736
-0.30078 0.141681 0.846663
0.502015 -0.265135 1.03018
0.375919 -0.0434497 0.474143
-0.278254 0.0767467 0.817174
0.325147 0.104052 0.567379
-0.167298 0.204336 0.910993
0.121338 -0.102233 1.55624
-0.184887 0.137767 0.734831
-0.36302 0.181715 0.894768
0.197372 0.218413 0.84957
-0.344174 0.189819 0.934772
-0.218209 0.160627 0.75588
-0.297237 0.109612 0.790024
-0.390815 0.177805 0.916342
0.210008 0.246036 0.927389
-0.635141 0.0221985 1.04699
0.107504 0.0912387 1.28416
-0.208865 0.104621 0.82333
0.371993 0.0616226 0.465837
0.354882 0.102308 0.437145
0.385243 0.0907872 0.453993
0.403161 0.0865315 0.469979
0.316698 0.0901397 0.432393
1.0784 -0.0047671 2.17052
0.422249 -0.252456 1.02807
-0.385809 0.153503 0.884334
-0.215124 0.139641 0.757419
0.358409 0.0764753 0.448577
-0.0661039 0.139057 1.31583
-0.371631 0.190681 0.790234
-0.375188 0.120244 0.954564
0.662076 0.138044 0.893983
0.35122 -0.0424495 0.44236
-0.225203 0.134631 0.774474
-0.283118 0.0889198 0.865308
-0.366534 0.0805651 0.833025
-0.336474 0.084328 0.858944
-0.417825 0.100292 0.887918
0.662581 0.138388 0.891257
0.65525 0.136313 0.882496
-0.290018 0.107261 0.839308
-0.104798 0.102936 1.45887
0.757737 -0.0433146 1.2727
-0.208031 0.105164 0.829259
-0.277179 0.148787 0.930977
-0.419398 0.181861 0.858403
-0.16331 0.131283 0.688801
-0.286804 0.176696 0.850568
-0.287806 0.177926 0.854254
-0.392632 0.110355 0.827003
0.414296 0.221216 1.08124
0.574623 0.158817 0.956641
-0.147484 0.16313 0.719957
-0.300238 0.177376 0.75734
-0.405578 0.174025 0.914329
0.351408 0.136929 0.427125
-0.203738 0.0930958 0.870173
0.689864 -0.0580802 1.54181
0.270391 0.0733844 0.89839
-0.117116 0.0613116 0.80294
0.374831 0.0794963 0.470497
0.393724 -0.0444533 0.496387
0.284389 0.144115 0.484563
-0.213619 0.154018 0.741845
0.0694108 0.258933 2.23961
-0.244112 0.116673 1.02327
-0.393017 0.203598 0.839709
-0.235992 0.146652 0.892578
-0.197706 0.0735528 0.901914
-0.382637 0.194666 0.954638
-0.281059 0.0818961 0.750474
-0.304858 0.145391 0.855022
-0.180879 -0.255317 0.760657
0.622123 0.104053 0.815518
0.132736 0.200508 0.719039
0.34485 -0.234224 0.776338
-0.0418528 -0.0146499 0.55472
0.52444 -0.252959 0.826765
-0.456933 0.0783092 0.983071
0.437856 0.0591411 1.1143
-0.0593903 -0.145915 0.83513
-0.119124 0.09881 0.670006
-0.00604711 0.0325216 0.181992
-0.0477038 0.0669434 0.395477
0.0298085 -0.0221975 0.0168919
0.494033 0.091335 0.962175
-0.212556 0.139239 0.751805
-0.210014 0.0895852 0.265108
-0.182628 0.0693159 0.258872
0.460613 0.0912471 1.01439
-0.130401 0.190951 0.800508
0.437045 -0.165859 0.461759
-0.14651 0.122948 0.7857
0.587324 0.0281091 0.983858
-0.130022 0.0871358 0.676976
0.488243 0.0637526 1.06767
-0.150742 0.197203 0.837888
-0.40423 0.142319 0.884114
0.475026 0.0921007 1.03607
0.731215 0.0390142 1.62366
0.970472 0.334505 1.66637
0.438041 -0.108212 1.01937
0.572343 0.0280411 0.957947
-0.117513 0.0628339 0.702195
0.678814 0.132702 0.93809
-0.129976 0.189835 0.799325
-0.349137 0.0432043 0.928288
-0.212536 0.159426 0.833104
-0.276432 -0.246286 0.785926
-0.212374 0.0759246 0.281107
-0.12433 0.09954 0.770916
-0.531924 0.146768 0.712924
0.175282 0.241544 1.40389
-0.184346 0.173654 0.779909
-0.300192 0.0607882 0.312186
-0.451227 -0.186592 0.468749
-0.0624633 -0.133628 0.913393
0.305239 0.151098 0.536496
-0.124399 -0.182357 1.75612
-0.0566039 0.0372967 0.776861
0.400234 0.161069 0.725587
-0.122345 -0.0140609 0.85857
0.287734 0.149581 0.49418
0.0161112 0.0996866 0.727626
-0.119838 0.096164 0.790321
0.0844488 0.162891 0.665566
0.178002 0.207591 0.959769
0.373952 0.0721623 0.465365
0.376208 -0.265712 0.956336
0.537977 -0.131271 0.905347
-0.060352 -0.100891 0.911438
0.35443 0.14117 0.443821
0.145797 0.145384 1.23145
-0.150775 -0.353033 1.02132
0.3921 -0.261705 0.872936
0.15597 0.160852 1.26087
-0.312972 0.0803275 0.8998
0.410719 -0.132524 1.36764
0.387948 0.0902047 0.457596
0.752966 -0.0881884 1.46105
0.102501 0.0754103 1.67383
0.787205 -0.0502861 1.52624
0.0890317 0.204272 0.675722
0.0972745 -0.113015 1.48596
-0.0574115 -0.221539 1.48342
-0.0858568 -0.173282 1.15283
-0.140365 -0.15309 0.435383
0.0802209 -0.00207949 0.135688
-0.0117138 0.108886 1.04091
-0.0657043 0.234454 1.54266
-0.175221 -0.295788 0.868609
-0.0159025 -0.208824 1.30393
-0.0295042 0.0388336 0.250743
-0.132458 0.0592564 0.159224
-0.317094 0.0599708 0.940132
-0.0722396 0.137006 0.586883
-0.193364 0.113797 0.742414
-0.0206835 0.0416952 0.840318
0.213788 0.226421 0.723268
0.212282 -0.140552 0.469274
0.372342 -0.248576 0.908002
0.156389 0.176068 0.698764
0.38142 -0.0156806 1.06303
0.511883 -0.21299 0.954596
0.142033 0.143187 1.21186
0.255379 -0.125097 1.55454
0.364742 -0.122221 1.70545
-0.388648 0.0529798 0.426301
-0.683566 -0.122062 0.988638
0.36464 -0.0360866 1.0456
0.21321 0.225643 0.724569
0.869186 -0.101027 1.47365
0.305698 0.138299 0.451745
0.629932 0.0832136 1.60504
-0.596669 0.0401177 0.963847
-0.18898 0.0594495 0.301663
0.137625 -0.0404055 0.238465
0.016041 0.100844 0.993013
0.444668 0.23422 0.934249
-0.601499 -0.264609 1.09061
-0.459815 0.106959 0.86964
-0.361397 0.0767381 0.679431
-0.0863796 -0.193995 1.9277
-0.187572 0.0819125 0.839522
0.0121681 -0.0536535 0.0822608
0.38476 -0.120182 0.411905
0.393454 0.00873025 1.12294
0.0568402 -0.0523492 0.243418
0.403229 -0.204319 1.3209
0.452574 0.00904491 1.25318
0.0308782 -0.0503497 0.15069
-0.292767 -0.301575 0.961049
-0.064833 -0.00895503 0.86551
0.433087 0.03542 1.00844
0.336137 0.19233 0.611476
-0.00112438 0.161186 1.07912
0.765504 0.208491 0.759452
0.0254833 0.13217 1.282
-0.0596976 0.20215 1.36328
0.274084 0.154708 0.446308
0.202225 0.172261 0.487672
-0.256251 0.0581705 0.286382
-0.0133722 0.0367923 0.181037
-0.0775043 0.0426216 0.173441
0.00743399 0.0064187 0.22297
0.330122 0.164309 0.465453
-0.0495605 0.0349191 0.17917
-0.628338 0.051079 1.02213
0.229372 -0.118262 1.58531
-0.0570949 0.0375584 0.178171
-0.268616 0.0548066 0.389966
-0.190108 0.130662 0.68235
-0.182964 0.054248 0.28337
-0.271085 0.0395891 0.304007
-0.275783 0.0567196 0.345334
-0.193012 0.0597608 0.304002
-0.0380179 0.0181254 0.158205
-0.772435 0.0195107 1.12304
-0.707465 0.0621844 0.995551
-0.230701 0.0840959 0.227803
-0.254357 0.0954986 0.202586
-0.287824 0.0662228 0.186958
-0.255004 0.082307 0.18217
-0.324923 0.0482482 0.266646
-0.872136 -0.0812862 0.756157
0.555556 -0.157619 0.601965
0.0100465 -0.138318 0.772021
0.0263766 0.131069 1.01621
-0.0392313 0.0675784 1.46401
-0.253995 0.0777613 0.265529
-0.170198 0.0709421 0.303839
-0.106382 0.0925543 0.614362
-0.28913 0.0558004 0.14184
-0.263192 0.0563469 0.126822
-0.267542 0.0887703 0.205776
-0.265297 0.0507082 0.0969166
-0.129517 0.0814055 0.174727
-0.0104718 0.0641763 0.180067
-0.0370173 0.0214695 0.174367
-0.0108964 0.0507039 0.181516
-0.177083 0.0858965 0.311733
-0.059795 0.087113 0.260206
-0.010642 0.0446765 0.158583
-0.118932 0.0688518 0.151187
-0.0367692 0.067497 0.1852
-0.12589 0.0758929 0.165403
-0.030206 0.0659697 0.177328
-0.109395 0.0910794 0.172767
-0.103703 0.0813844 0.200225
-0.139073 0.098559 0.16313
-0.263617 0.0617833 0.141401
-0.0362077 0.0671096 0.182899
-0.121131 0.0733078 0.155039
-0.0406138 0.0880332 0.190658
-0.0311387 0.0332491 0.180898
-0.0985076 0.0972327 0.197019
-0.107184 0.0909651 0.177436
-0.089545 0.0773613 0.170513
-0.0229166 0.0525156 0.180894
-0.0893305 0.0778338 0.171565
-0.300164 0.0574312 0.258433
-0.223425 0.065676 0.18453
-0.271287 0.0945704 0.191244
-0.36202 0.0521991 0.224472
-0.554083 0.0318123 0.658908
-0.246148 0.0679113 0.243108
0.126648 -0.0404927 1.6992
0.0458737 0.061749 0.254289
0.419149 0.0337288 1.05123
-0.567256 0.168633 1.10518
-0.427268 0.133082 0.902
-0.0251842 0.0397602 0.23068
-0.51428 0.193779 0.893316
-0.163018 0.056559 0.775684
0.538497 0.0763883 1.09915
0.446699 0.129337 0.555457
-0.255116 0.0774955 0.291429
-0.309395 0.0452325 0.250787
-0.255791 0.0756086 0.303868
-0.282756 0.0493176 0.288434
-0.352336 0.179296 0.744166
-0.309604 0.175535 0.86268
0.38911 0.221831 1.24411
0.191481 -0.0827866 0.828683
-0.47106 0.0746756 0.525603
-0.280081 0.171747 0.854024
-0.0871001 0.0305545 0.168313
-0.24053 0.0763392 0.301796
0.316267 0.211044 1.24986
0.466274 0.201114 1.55673
0.582743 -0.100166 0.973874
0.323387 0.139442 0.442833
0.25789 0.175086 0.430808
0.34153 0.235519 0.558432
0.11558 -0.10259 1.52828
0.00505193 0.115621 1.10135
0.323379 0.155731 0.560902
0.00934824 0.251742 1.60303
0.380277 0.179993 0.483732
0.382114 -0.249181 0.835999
-0.273417 0.0680296 0.313451
-0.278957 0.0793746 0.308004
0.0533749 0.177778 0.516278
-0.742954 0.195054 1.03531
-0.30618 0.0584749 0.355772
-0.213361 0.0724196 0.283704
-0.0583794 -0.270294 0.892693
-0.0832809 0.0329325 0.17142
-0.189164 0.0764627 0.26494
-0.172957 0.0749787 0.276145
-0.278264 0.0735179 0.315948
-0.812957 -0.140561 0.950111
-0.337518 0.019389 0.263054
-0.0291933 -0.0352697 -0.00129043
-0.372351 0.0405328 0.233406
-0.370343 0.018139 0.265312
-0.405699 0.161995 0.926491
-0.298374 0.0669563 0.532637
-0.0899021 0.0458689 0.17063
-0.105348 0.0597159 0.756144
-0.0432329 0.0360718 0.183704
-0.0640732 -0.227466 0.942473
-0.0202828 0.0349446 0.179403
0.00165912 0.109115 1.69824
-0.785433 -0.0438805 0.794937
-0.313194 0.131072 0.889588
-0.289459 0.0566308 0.247626
-0.527403 -0.0711477 0.530349
-0.274741 0.0873616 0.226767
-0.173848 -0.0284179 0.117144
-0.27628 0.0543324 0.130273
-0.213571 0.0776778 0.283065
-0.275604 0.0564529 0.163293
-0.249022 0.0689297 0.14761
-0.0256614 0.0223418 0.165838
-0.258025 0.0955117 0.277032
-0.262462 0.0918342 0.236492
-0.0265921 0.0237393 0.177531
-0.278552 0.0887994 0.229012
-0.339935 0.0578207 0.213973
-0.279365 0.0103379 0.208877
-0.347668 0.0573366 0.242525
-0.259621 0.0795522 0.245711
-0.360105 0.0292663 0.252818
-0.330285 0.0461298 0.235608
-0.340234 0.0558685 0.235954
-0.307223 0.0410679 0.224367
-0.294811 0.0461827 0.260845
-0.328454 0.0592217 0.225276
-0.313268 0.0127199 0.268856
-0.362274 0.0332748 0.279443
-0.214743 0.0805972 0.266201
-1.18277 0.524235 2.43504
-0.17076 0.0728023 0.27066
-0.312804 0.0479166 0.255555
-0.178551 0.0805969 0.260081
-0.332535 0.0153832 0.26724
-0.235267 0.0879551 0.232729
-0.597412 -0.201241 0.600339
-0.630658 -0.177453 0.633178
-0.249808 0.0476126 0.145293
-0.76549 -0.123161 0.694868
-0.350493 0.047618 0.202385
-0.207555 0.095714 0.254217
-0.755811 -0.120347 0.686802
-0.504935 -0.145628 0.494516
-0.548067 -0.185756 0.547515
-0.255824 0.0764733 0.243177
-0.281614 0.0603112 0.264184
-0.0660618 0.0274685 0.174003
-0.551883 -0.0870197 0.952069
0.370441 -0.240038 0.825436
0.617355 -0.170713 0.67259
-0.0682506 0.151301 1.36377
0.280766 0.141349 0.476461
-0.0684099 0.0379153 0.176896
0.0535764 0.178216 0.470156
-0.590699 0.143343 0.925702
0.0851871 0.203709 0.661794
-0.061247 -0.19261 0.89445
-0.641362 -0.179051 0.960347
-0.51116 0.177867 0.86998
0.363125 -0.258494 0.910586
-0.567026 -0.0105904 0.927272
-0.275668 0.0560921 0.715158
-0.0523389 -0.159508 0.791601
0.0246788 0.212455 1.33669
-0.0567703 -0.283523 0.821409
-0.61044 0.167495 0.901471
-0.51616 0.201807 0.979624
-0.718313 0.161322 1.00659
-0.608876 0.190085 0.958577
-0.272381 0.0809538 0.235889
-0.270115 0.0838432 0.215514
-0.115026 0.0570842 0.151163
-0.050788 0.0520765 0.142307
-0.115035 0.0568287 0.150739
-0.249897 0.0841249 0.225706
-0.372996 0.030705 0.264203
-0.0582558 0.0626769 0.178137
-0.302552 0.0487157 0.112938
-0.34401 0.0222969 0.269526
-0.212387 0.0844011 0.233456
-0.255835 0.0844632 0.226438
-0.209037 0.0919552 0.225549
-0.0352712 0.0565213 0.187692
-0.292066 0.087824 0.208757
-0.378818 0.0335739 0.268552
-0.114357 0.0567644 0.150027
-0.294442 0.0566865 0.145315
-0.954176 -0.161529 0.52516
-0.689091 -0.188637 0.699104
-0.975051 0.0527835 0.658904
-0.942393 -0.0434796 0.512839
-0.909452 -0.0520289 0.503476
-0.723814 -0.0270421 0.878087
-0.71671 -0.112126 0.759009
-0.799763 0.00861853 0.494111
-0.72146 -0.0795101 0.767665
-0.883697 -0.0163388 0.524688
-0.16449 0.0782966 0.275888
-0.285105 0.0774065 0.207961
-0.353939 0.0307702 0.268839
-0.943344 -0.152116 0.517179
-0.430707 0.0391585 0.473028
-0.594098 -0.104787 0.829216
-0.915956 -0.0447188 0.601237
-0.779437 -0.118332 0.719492
-0.59166 -0.199157 0.592823
-0.367047 0.0512224 0.190122
-0.265878 0.0833796 0.213223
-0.633276 -0.155529 0.330278
-0.856196 -0.0474779 0.554301
-0.937499 -0.05511 0.60819
-0.285599 0.0561032 0.247694
-0.619209 -0.0207358 0.232147
-0.816847 -0.0372691 0.573948
-0.866253 0.0237846 0.463212
-0.799755 -0.00551729 0.530574
-0.618617 -0.0252066 0.734717
-0.309828 0.0528076 0.282725
-0.300157 0.0547421 0.311202
-0.77844 -0.179635 0.421576
-0.297779 0.0472664 0.264851
-0.533157 -0.0293421 0.516223
-0.659161 -0.0345953 0.650857
-0.466325 -0.083915 1.0101
-0.723565 0.0138286 1.00265
-0.0700022 0.0389953 0.173275
-0.303017 0.0535334 0.297086
-0.265837 0.08633 0.24028
-0.0295703 0.0654119 0.17668
-0.0137695 0.0930534 0.224257
-0.0415665 0.0276972 0.205198
-0.184745 0.119061 0.244287
-0.15697 0.109206 0.167495
-0.0408865 0.0912327 0.19757
-0.0837176 0.0969991 0.195651
0.00316598 0.0832004 0.186686
-0.157917 0.109781 0.169451
-0.0791986 0.0690366 0.183732
-0.0109689 0.0816505 0.191671
-0.108532 0.0966623 0.168008
-0.0397789 0.0837515 0.156976
-0.14004 0.0983903 0.162578
-0.111853 0.0998193 0.175896
-0.0518306 0.08983 0.192437
-0.225797 0.0668117 0.174399
0.000223196 0.0738108 0.160927
0.000194928 0.0684229 0.190606
-0.0800916 0.101436 0.193964
-0.0407436 0.100373 0.194256
-0.0129897 0.073787 0.171849
-0.138419 0.0978732 0.162637
-0.132421 0.0578955 0.155231
-0.0404302 0.0925988 0.176937
-0.0604026 0.0795442 0.16558
-0.0125088 0.0568317 0.183639
-0.168088 0.119014 0.186648
-0.0499058 0.0854448 0.182453
0.00625537 0.0744629 0.150553
-0.124916 0.0948166 0.226049
-0.0497341 0.0849007 0.181185
-0.0518968 0.098603 0.199343
-0.0816501 0.085001 0.194258
-0.131002 0.061169 0.167543
-0.124605 0.0999632 0.152671
-0.140352 0.071796 0.165025
-0.0892188 0.100404 0.143472
-0.345331 0.0147761 0.277161
-0.300885 0.0599961 0.148663
-0.0548477 0.166451 1.15508
-0.583994 -0.234647 0.591109
-0.75227 -0.184224 0.663399
-0.81315 -0.00687433 0.541107
-0.306242 0.193382 0.779242
-0.0888272 0.19618 0.790369
-0.0584154 0.161845 0.717963
-0.509375 -0.179543 0.550689
-0.396853 0.0985642 0.283259
-0.28993 0.0530294 0.15868
-0.312193 0.10425 0.255771
-0.290318 0.0519275 0.298042
-0.571684 -0.167041 0.627701
-0.277442 0.0538074 0.238131
-0.531617 -0.185605 0.577154
-0.396662 0.096142 0.519973
-0.557703 0.156422 0.763376
-0.472734 0.129839 0.637219
-0.389806 0.0532392 0.243988
-0.36327 0.0167404 0.258599
-0.453381 0.0160413 0.335489
-0.341844 0.0547369 0.174055
-0.271845 0.07773 0.300678
-0.458923 -0.0833854 0.480358
-0.360223 0.0181396 0.292667
-0.236008 0.0505114 0.125152
-0.38556 0.0566058 0.201475
-0.251246 0.081704 0.224875
-0.332829 0.057451 0.209005
-0.340319 0.0202376 0.266785
-0.344662 -0.00422079 0.236355
-0.0428605 0.0353957 0.180695
-0.678601 -0.275675 0.956988
-0.0265481 0.0270973 0.182241
-0.09084 0.028155 0.183034
-0.0850497 0.0490597 0.171873
-0.211663 0.0752438 0.27745
-0.291327 0.0531643 0.297616
-0.249058 0.0750522 0.24819
-0.132501 0.1046 0.796154
-0.382294 0.0629018 0.953248
-0.188876 0.0995736 0.250755
-0.250273 0.0740339 0.259625
-0.24149 0.0736148 0.308857
-0.105962 -0.0264556 0.828165
-0.0861463 0.0287344 0.165614
-0.168761 0.10737 0.291253
-0.277883 0.05378 0.236128
-0.363249 0.0312809 0.254964
-0.29246 0.071054 0.214847
-0.327924 0.0492856 0.230533
-0.225215 0.0859491 0.252206
-0.354497 0.0310177 0.247077
-0.308041 0.00202789 0.223184
-0.0520897 0.108547 0.530736
-0.325053 0.0494436 0.230047
-0.348661 -0.00565098 0.231366
-0.285746 0.0108953 0.191363
-0.3195 0.0287134 0.301923
-0.291074 0.0474355 0.261519
-0.166934 0.0798669 0.287656
-0.319121 0.0654394 0.247944
-0.290047 0.0502488 0.282825
-0.346722 0.00884895 0.257306
-0.381926 0.0533944 0.222608
-0.217901 0.0822096 0.243356
-0.383614 0.089904 0.49256
-0.386328 0.0524521 0.240912
-0.292777 0.0698707 0.191696
-0.337051 0.0203145 0.262825
-0.355517 0.0458269 0.203908
-0.261948 0.0986444 0.284074
-0.147426 0.144172 0.762079
-0.185396 0.177927 0.793741
-0.0692053 0.0380467 0.174243
-0.0709731 0.133263 0.574211
-0.0759418 0.0211722 0.17023
-0.247688 0.0667322 0.296971
-0.0760152 0.027763 0.170496
-0.145916 0.0789528 0.236763
-0.0904103 0.0607235 0.170223
-0.162948 0.090904 0.28301
-0.288122 0.0515186 0.294052
-0.284092 0.0651491 0.292719
-0.0543478 0.0281793 0.175928
-0.208599 0.0586361 0.290468
-0.65608 -0.0742679 1.02205
-0.330085 0.0439376 0.856397
0.0474831 0.163928 0.482633
0.116053 -0.182078 1.77071
-0.0178962 0.0299661 0.181246
0.596324 0.111816 1.20587
0.35533 0.100322 0.474795
0.0708996 0.0806659 0.159457
0.0306776 0.019145 0.053261
0.0770584 0.0941191 0.234931
-0.0192953 0.0346796 0.153939
-0.0366317 0.029724 0.202089
-0.0104564 0.0805844 0.189294
0.573922 0.0255016 0.967182
-0.0328356 0.0221742 0.176921
0.00411086 0.0544183 0.182491
-0.19212 0.0776527 0.254626
-0.185165 0.0464211 0.206338
-0.0522342 0.0234854 0.175198
0.0653814 0.0621262 0.134334
0.0720646 0.0623867 0.162137
0.0199933 0.056127 0.131549
-0.0360528 0.0584577 0.176443
0.0201467 0.0563059 0.132071
-0.0769235 0.0417075 0.170734
0.131413 0.084082 0.229693
0.111297 0.0679215 0.127417
-0.0296683 0.0501266 0.181366
-0.0244877 0.0458599 0.182561
0.891051 -0.202081 0.998969
0.531921 -0.132141 0.542529
0.731084 -0.175745 0.816652
0.755361 -0.183175 0.84865
-0.0666185 0.0610362 0.336033
-0.186001 0.153123 0.424221
-0.0792238 0.0572758 0.208824
-0.200119 0.0773837 0.302199
-0.302878 0.0319049 0.165273
-0.252609 0.0742656 0.238542
-0.332092 0.0528362 0.206854
-0.371797 -0.00116924 0.264556
-0.177489 0.0067664 0.0625943
-0.36778 0.0474375 0.23327
-0.255391 0.0755364 0.242679
-0.173783 0.0690851 0.258354
-0.253854 0.0929551 0.256744
-0.293452 0.0690671 0.192014
-0.327943 0.00184109 0.266773
-0.231679 0.0654473 0.181709
0.00260191 0.0556417 0.18295
0.00394624 0.0575245 0.189938
0.00102997 0.0756807 0.176086
-0.0410738 0.0880201 0.191117
-0.119161 0.0790526 0.14769
-0.0875004 0.0941791 0.168135
-0.110537 0.0988507 0.173669
0.00127459 0.0474962 0.183505
-0.108933 0.0776158 0.149334
-0.106969 0.0940297 0.163085
-0.0404472 0.0249747 0.188667
-0.176395 0.0958374 0.232293
-0.0115128 0.0358284 0.182142
-0.281422 0.0545706 0.240338
-0.367846 0.0580013 0.232003
-0.197309 0.0815811 0.265495
-0.235015 0.0703954 0.298226
-0.34306 -0.0131429 0.230172
-0.60451 0.0111828 0.508532
-0.426057 0.188202 0.893019
-0.123106 -0.0164008 0.880646
-0.00753364 0.051547 0.185066
-0.345716 0.0670635 0.221559
-0.299708 0.0651695 0.195988
-0.0141265 0.0551073 0.18436
-0.168494 0.124866 0.551343
-0.22176 0.185105 0.762124
-0.215721 0.145416 0.768204
-0.324551 0.102641 0.367887
-0.404244 -0.00989729 0.284292
-0.202779 0.0863409 0.261046
-0.322554 0.0490768 0.219057
-0.263101 0.09111 0.234962
-0.313172 0.0464167 0.255183
-0.24312 0.0761654 0.243409
-0.230149 0.0691384 0.223361
-0.356638 -0.0021765 0.250003
-0.224625 0.0861099 0.252342
-0.327829 0.0460651 0.23224
-0.318985 -0.112707 0.947008
-0.50966 -0.0845998 0.882227
-0.277749 0.189552 0.802035
-0.110278 0.0733169 0.176074
-0.231896 0.0652508 0.258483
-0.0591881 0.0792619 0.18071
-0.224465 0.0662653 0.215788
-0.267976 0.048999 0.142235
-0.369043 -0.0013827 0.256171
-0.288435 0.0584504 0.20978
-0.209039 0.0895709 0.26317
-0.534431 0.0127523 0.453512
0.3428 0.134975 0.424857
-0.0600044 -0.099994 0.854669
-0.0544781 -0.268286 0.77031
-0.0599891 0.0299136 0.177623
0.493833 0.220364 0.991455
0.151683 0.0167462 0.506716
-0.0567557 0.035113 0.17825
-0.0516304 -0.161556 0.762084
-0.023177 0.0448873 0.151618
-0.106593 0.103125 0.142258
-0.108716 0.099746 0.146247
0.00483019 0.0790353 0.162938
0.470354 -0.0895443 0.909128
-0.022523 0.0471357 0.179742
-0.082845 0.0382882 0.169426
-0.52444 -0.179285 1.09706
-0.892331 -0.0519765 0.576317
-0.25337 0.0784594 0.230283
-0.87232 -0.198067 0.479088
-0.309462 0.0514309 0.27888
-0.672649 -0.00243954 0.257085
-0.756933 0.0627994 0.765458
-0.825191 0.147189 0.429502
-0.766695 -0.12867 0.495308
-0.810098 -0.132159 0.523923
-0.610258 -0.180398 0.257109
-0.841702 -0.136434 0.547652
-0.351169 0.0331347 0.274307
-0.626342 -0.184936 0.26574
-0.981861 -0.0495229 0.553852
-0.865281 -0.0446662 0.463745
-0.522117 0.0794254 0.20103
-0.20951 0.0916925 0.224171
-0.880787 -0.199932 0.485629
-0.808414 0.150915 0.34166
-0.638993 -0.188271 0.272108
-0.285087 0.0660192 0.18516
-0.287223 0.0654487 0.187707
-0.795109 0.140599 0.411472
-0.0660241 0.0264565 0.170189
-0.231135 0.0477886 0.0792694
-0.0771982 0.0436256 0.174685
-0.224641 0.0450132 0.0753218
-0.794868 -0.13195 0.516715
-0.37911 0.057322 0.237121
-0.246687 0.0905238 0.246639
-0.85208 -0.136429 0.475856
-0.659506 -0.0502727 0.661345
-0.271416 0.0717122 0.130967
-0.233565 0.0640651 0.170388
-0.358508 0.00291135 0.283696
-0.0794015 0.0482487 0.175248
-0.261537 0.0676672 0.123312
-0.267942 0.0702823 0.127952
-0.264178 0.05687 0.125151
-0.288411 0.0533529 0.220132
-0.232936 0.0873286 0.168205
-0.0355621 0.0577561 0.191809
-0.175209 0.115349 0.232103
-0.238589 0.0863895 0.18328
-0.279809 0.0817457 0.175174
-0.234163 0.0491555 0.0819153
-0.38341 0.0374241 0.355958
-0.30934 0.0647126 0.188127
-0.211127 0.0782446 0.264209
-0.2817 0.0656118 0.181934
-0.346481 0.0591288 0.833289
-0.405895 -0.0775249 0.409322
-0.634733 -0.0107185 0.264543
-0.278052 0.0862036 0.207261
-0.26604 0.0821837 0.195648
-0.260918 0.0887707 0.234573
-0.26139 0.0723428 0.141631
-0.234719 0.0485094 0.0826402
-0.895687 -0.140342 0.574005
-0.914258 -0.153833 0.501467
-0.730647 0.126239 0.375071
-0.830689 0.0227856 0.441471
-0.85572 0.154668 0.447576
-0.688963 -0.00149556 0.263754
-0.251578 0.0689042 0.303266
-0.813296 0.0215121 0.429103
-1.02225 -0.0619891 0.666877
-0.912367 -0.0371863 0.492139
-0.716374 -0.171832 0.47519
-0.627412 -0.0763025 0.656663
-0.879717 -0.138281 0.511726
-0.622667 -0.0106351 0.257912
-0.822319 -0.137941 0.444528
-0.858991 0.0244162 0.457468
-0.77796 0.00814125 0.543796
-0.808768 -0.0863283 0.431069
-0.596529 0.0353723 0.584058
-0.319992 0.0105908 0.276052
-0.841705 -0.142221 0.457173
-0.616649 -0.0361837 0.606441
-0.254616 0.0702229 0.141103
-0.276478 0.0765012 0.205694
-0.907957 0.021479 0.938754
-0.740777 -0.0710542 0.763539
-0.691302 -0.0355228 0.686722
-0.498624 0.084824 0.273086
-0.343433 0.0117967 0.251717
-0.720889 -0.00621748 0.308115
-0.515292 -0.00731857 0.865923
-0.779981 0.0270782 1.1378
-0.271576 0.0519126 0.146104
-0.297213 0.0690801 0.21683
-0.146139 0.165454 0.746929
0.645947 0.121442 1.31632
0.0360691 0.0569367 0.182914
-0.144469 0.114328 0.783888
0.282056 -0.0186045 0.545892
0.499295 -0.223517 0.93974
0.601294 0.0183264 1.00343
0.352328 0.0773164 0.417789
0.0667889 0.0544242 0.158905
-0.0656485 0.0621734 0.0928936
0.0335643 0.0838587 0.173948
-0.0114705 0.0834861 0.12652
-0.10511 0.0710558 0.220607
-0.0710717 0.0697835 0.108148
0.0553974 0.0667145 0.122389
0.0375134 0.0595677 0.18663
0.0502417 0.0669908 0.118059
0.0700167 0.0556454 0.16316
-0.00553387 0.0449788 0.076871
-0.0402011 0.0927077 0.121677
-0.0465995 0.0874593 0.0997178
0.0499799 0.0619436 0.111667
0.00962031 0.082531 0.105725
0.10532 0.088862 0.196159
-0.0513952 0.106399 0.131806
0.0665883 0.0626161 0.11256
-0.0500363 0.100066 0.121797
0.0313937 0.0829823 0.171006
-0.029238 0.0909106 0.112431
0.0682655 0.0840897 0.155424
-0.00715898 0.103167 0.148256
0.0677851 0.0839149 0.154622
0.0407531 0.100524 0.204654
-0.0955415 0.0828837 0.137557
-0.110835 0.0992635 0.174302
0.0223199 0.0940248 0.157008
-0.107199 0.0760093 0.145792
-0.00182139 0.0888739 0.139612
-0.0231855 0.0993529 0.177841
-0.0131538 0.0756638 0.17753
0.0295127 0.0941557 0.15406
0.0457216 0.13191 0.251615
-0.159625 0.074903 0.272159
-0.0407283 0.10666 0.208847
0.00728636 0.0957479 0.148726
-0.0734802 0.0896816 0.12568
-0.0105486 0.0903579 0.140776
-0.0382001 0.111485 0.178731
-0.0566745 0.0989964 0.139035
0.0251193 0.0941306 0.17585
-0.0398671 0.089641 0.116293
-0.0760175 0.0768333 0.171799
-0.0287923 0.101446 0.150433
-0.0107765 0.101647 0.212955
-0.110277 0.0793549 0.15298
0.0399163 0.0858856 0.162373
-0.0927521 0.0927235 0.17928
-0.0680214 0.0899671 0.102942
-0.00993273 0.104981 0.221016
0.0320156 0.0850035 0.174006
-0.251166 0.0554716 0.132606
0.0224575 0.150962 1.36379
-0.554664 -0.166523 0.606563
-1.07297 0.0546456 0.945427
-0.558741 -0.166976 0.608172
-0.293431 0.0501934 0.283902
-0.629147 0.23288 1.08913
-0.212998 0.0729864 0.283644
-0.0643441 -0.119165 0.904791
0.0145374 -0.203099 1.19635
-0.238643 0.0679419 0.301827
-0.0183732 0.0471192 0.18413
-0.0497636 0.0353397 0.179942
-0.271059 0.0716248 0.131834
-0.288619 0.0624657 0.141841
-0.231256 0.0844374 0.164881
-0.26782 0.0748118 0.145181
-0.248296 0.0824858 0.223622
-0.122404 0.0742003 0.158383
-0.228341 0.0828104 0.161739
-0.338986 0.0282808 0.23195
-0.267498 0.0572018 0.12738
-0.256086 0.0481233 0.0919552
-0.25855 0.0601893 0.137289
-0.0778351 0.067515 0.174723
-0.211006 0.0939532 0.229794
-0.243087 0.110793 0.165716
-0.813942 -0.126912 0.745013
-0.386021 0.0572201 0.229618
-0.517006 0.0856785 0.294026
-0.237002 0.106611 0.159476
-0.220763 0.109708 0.283552
-0.26449 0.0737364 0.144242
-0.344285 0.0565312 0.238947
-0.918777 -0.0494538 0.51238
-0.93899 -0.146258 0.614808
-0.368696 0.0524391 0.215953
0.650992 -0.067108 1.46659
-0.0587192 0.0471854 0.993323
-0.0496269 0.0713386 0.381213
0.118281 0.225489 0.568773
-0.00782648 0.0554571 0.186495
-0.0294851 0.0580735 0.186745
0.0622127 0.0777076 0.143284
0.0722497 0.0580053 0.161667
-0.0301016 0.0685619 0.182991
-0.0692406 0.113017 0.208165
0.0835998 0.0582737 0.166942
0.397628 0.0847203 0.460531
0.00368107 0.0549422 0.183914
0.191492 -0.022724 0.22701
0.160298 -0.00391827 0.18848
0.278133 0.185884 0.497812
0.102568 -0.00578487 0.0999051
0.337713 0.145507 0.458349
0.334117 0.0574701 0.413526
0.227588 -0.021481 0.275133
0.311254 0.137002 0.441479
0.348815 0.0575254 0.683159
0.356939 0.102567 0.438605
-0.0375221 0.104789 0.797485
0.412797 -0.16957 1.34373
-0.0582644 -0.325012 0.985287
0.00533508 -0.0265287 -0.00647162
0.169967 0.185269 0.737051
-0.178035 0.0761333 0.274127
-0.0603754 -0.242835 0.924094
-0.108709 0.0615379 0.150719
-0.147864 0.078041 0.179704
-0.246776 0.0920064 0.178028
-0.106011 0.0746124 0.142212
-0.312691 0.108071 0.572367
-0.0216806 0.051903 0.189589
-0.819101 0.0485395 0.992483
-0.0524476 0.0255296 0.18365
-0.0768246 0.0794971 0.177018
0.364946 0.083376 0.4295
0.645181 0.133573 0.86442
0.0827526 0.0580493 0.165813
-0.422904 0.134482 1.06261
0.0558127 0.072 0.169494
-0.00586927 0.0486434 0.157014
0.198108 -0.0207355 0.235333
0.215256 -0.0195064 0.258607
-0.0613828 0.0297672 0.177909
-0.178334 0.0636658 0.865413
0.00493434 0.0270478 0.180644
-0.0222693 0.0265709 0.181999
-0.0131949 0.0372202 0.182111
0.576593 -0.0370246 1.11488
0.0431183 0.0943272 0.229383
0.370198 -0.011939 1.06713
-0.363696 0.0336152 0.254994
-0.324002 0.0495069 0.265008
-0.513104 0.0216466 0.706709
0.605309 -0.0238069 1.22511
-0.0654227 0.0295491 0.178695
0.347075 0.0971073 0.572237
-0.0211792 0.0478031 0.181802
-0.0301086 0.078396 0.18316
-0.0958756 0.0990533 0.147059
-0.0656841 0.0355934 0.175112
-0.076054 0.0689835 0.390531
0.0699567 0.0446891 0.118214
-0.0317427 0.0477358 0.288093
-0.143547 0.119725 1.01594
0.606794 -0.145848 0.632142
0.486971 0.130885 0.809163
0.573784 0.0282471 0.962588
-0.0408796 -0.145935 0.91531
0.100604 -0.154341 1.44515
0.584985 -0.146331 0.653355
0.0649904 -0.0296943 0.104829
0.405729 0.156566 0.464932
0.520462 0.282739 0.969961
-0.08794 0.0496987 0.173563
-0.000543686 0.0467851 0.187611
0.145759 0.0724716 0.259436
-0.0372109 0.0584984 0.186974
-0.0253395 0.019973 0.154382
-0.0999931 0.0640759 0.516508
0.561217 -0.273729 0.905637
-0.214323 -0.312975 0.962664
-0.0226483 0.0268952 0.181691
0.0472141 0.0596127 0.105705
0.0260936 0.10167 0.173507
0.00625587 0.101643 0.225883
0.00700344 0.0803595 0.166656
-0.000461959 0.060003 0.11601
0.00218624 0.0980894 0.179927
0.0496891 0.0876289 0.161639
0.0696694 0.0937941 0.17253
0.0650277 0.0935104 0.171007
-0.0101368 0.0627557 0.178059
0.0325065 0.0840389 0.172358
-0.0160482 0.102637 0.182563
-0.104668 0.0999373 0.209746
-0.0064818 0.089369 0.145005
-0.00288626 0.0847118 0.131919
-0.0186713 0.0901534 0.147628
0.0324737 0.108586 0.208322
-0.0480035 0.0784194 0.181169
0.251891 0.181365 1.07815
0.00135534 0.0337083 0.181372
-0.0793593 0.0293291 0.171657
0.509191 0.26578 1.36534
-0.06533 0.0341801 0.176505
-0.0119975 0.0323356 0.182793
-0.516545 0.18701 0.893869
-0.216359 0.180588 0.741523
-0.436267 0.0947807 0.931953
0.00832803 0.0367849 0.18443
-0.212578 0.0851994 0.214733
-0.266153 0.0817389 0.20579
-0.265701 0.0815418 0.195534
-0.25667 0.10056 0.213393
-0.224583 0.0926905 0.294835
-0.238032 0.0713227 0.271075
-0.264985 0.101839 0.290853
-0.222226 0.0608463 0.272551
-0.0797852 0.0449182 0.174367
-0.241559 0.0715106 0.266876
-0.189754 0.113386 0.245386
-0.251754 0.0768355 0.287848
-0.173835 0.0769079 0.278583
-0.220415 0.0897747 0.287208
-0.192481 0.106369 0.214767
-0.18213 0.110521 0.250953
-0.0415064 0.0165025 0.144725
-0.191711 0.103738 0.259643
-0.173856 0.0996588 0.231831
-0.309018 0.0412976 0.227805
-0.278433 0.0882425 0.208875
-0.249595 0.0642663 0.2596
-0.224865 0.107222 0.174289
-0.168157 0.0774406 0.203467
-0.00763165 -0.0398623 0.211522
-0.0757874 0.0292824 0.182986
-0.353192 0.0383673 0.321403
-0.0260211 0.00753822 0.118389
-0.0564939 0.0339385 0.169433
-0.247534 0.0662486 0.297166
-0.0233825 0.02577 0.185231
-0.0666612 0.0288974 0.124582
-0.0821185 0.0373462 0.19236
-0.279495 0.087167 0.239603
-0.0352009 0.0433867 0.182983
-0.127087 0.0659202 0.177923
-0.0565363 -0.0331045 0.0747902
-0.295472 0.0721089 0.339508
-0.477315 0.179401 0.884501
-0.165851 0.0656617 0.267679
-0.270167 0.0848393 0.234881
-0.191512 0.0803566 0.259592
-0.0852462 0.0401638 0.170793
-0.290098 0.0961409 0.262515
-0.258622 0.0791756 0.241469
-0.159225 0.0854335 0.27328
-0.32849 0.179569 0.880595
-0.302685 0.0892597 0.82533
0.00351174 0.0579224 0.193838
0.0227905 -0.0812194 0.187712
-0.0207465 0.0507871 0.196732
-0.183259 0.080846 0.349341
0.00464243 0.0786292 0.162427
0.422689 -0.0470053 0.947448
-0.125572 0.059002 0.160513
-0.0565671 0.0322524 0.195211
-0.0891202 0.0495955 0.184352
-0.0781432 0.080238 0.180609
-0.0475487 0.0321829 0.239217
-0.115848 0.0607991 0.149434
-0.20458 0.100165 0.220643
-0.0651024 0.0359835 0.129284
-0.0323639 0.0334614 0.178895
-0.0831474 0.0409343 0.245832
0.556224 -0.0111166 0.951576
-0.0144707 0.0836332 1.29608
0.372998 -0.254783 0.849936
-0.0182242 0.0322367 0.181867
0.175487 0.117338 1.44264
-0.0609941 0.0341269 0.177963
-0.0336569 0.0251632 0.191133
-0.0804943 0.0482804 0.171224
-0.0115824 0.0731472 0.199645
-0.102931 0.0813381 0.200003
-0.0510372 0.0441791 0.148341
0.0637222 0.0456603 0.112749
0.0579547 0.0480904 0.108802
-0.027632 0.0429779 0.182296
-0.0322525 0.020769 0.167398
-0.0362827 0.0545438 0.182755
0.00149415 0.0481494 0.186928
0.0860237 0.0557885 1.10087
-0.0898919 0.0505184 0.175083
-0.41938 0.0852122 0.823125
-0.03153 0.0355682 0.185379
-0.0438204 -0.072884 0.614219
-0.00209071 0.0575577 0.196596
-0.0276687 0.0296527 0.200694
0.0507003 0.0686252 0.16819
0.610013 -0.103758 1.01973
0.309497 0.105881 0.543441
-0.17844 0.124035 0.797492
-0.0878913 0.0417678 0.168205
-0.29225 0.092208 0.464244
0.372033 0.100629 0.618014
0.135404 0.0453899 0.242969
-0.0904188 0.0624064 0.17087
0.0902673 0.0617442 0.156805
0.150298 0.209441 1.26223
0.0833343 0.056698 0.144375
-0.0544682 0.0255053 0.193198
0.547911 -0.0947928 0.922029
0.033501 0.0728168 0.188142
-0.193502 0.0742057 0.289953
-0.1144 0.0566704 0.150262
-0.297261 0.177631 0.733704
-0.0297451 0.0533049 0.184243
-0.129543 0.0598165 0.162667
-0.18997 0.0944963 0.239013
0.00174774 0.0783878 0.184043
-0.0299635 0.0782005 0.182152
0.00399597 0.0805912 0.17868
-0.0268353 0.0568896 0.180532
0.811336 -0.174604 0.882452
0.792517 -0.188116 0.885804
0.0059839 0.0248548 0.1819
-0.364435 0.177251 0.791293
-0.0710788 0.0649429 0.346842
-0.0116718 0.0352842 0.18051
0.223158 0.198513 0.717204
0.297947 0.0905274 0.445468
0.32433 -0.233021 0.783566
0.396337 -0.128684 1.02111
-0.203514 0.183443 1.08144
0.837383 0.00875898 1.64618
0.296154 -0.0336652 0.566658
0.0241411 0.123601 0.979069
-0.0375021 0.0263771 0.19533
0.0070045 0.039569 0.173473
-0.0256741 0.077896 0.182716
0.0776426 0.0581256 0.169311
0.512237 -0.0775598 0.941381
-0.0180717 0.0321681 0.183416
0.604489 -0.100668 1.01615
-0.0221114 0.0482865 0.161604
0.679774 0.0853187 1.45315
-0.0635744 0.0794153 0.180793
0.379814 0.208171 1.1531
0.109494 0.0673908 0.125427
0.0319453 -0.184736 1.13953
0.411604 0.0537856 1.03546
-0.0774437 0.0757679 0.22366
-0.0303483 0.0329076 0.181973
-0.210581 0.0821573 0.26946
-0.0898483 0.0456426 0.170034
-0.0900673 0.0788133 0.172919
0.375851 0.112784 0.654063
0.321593 0.218309 1.27571
-0.714762 -0.130898 1.04165
0.0468335 0.0898734 1.55104
-0.0879918 0.0316003 0.173282
-0.396807 0.0683389 0.933893
0.498844 -0.267984 1.06251
-0.063556 0.029727 0.177146
-0.0144141 0.0442552 0.246808
-0.107383 -0.0142486 0.833795
0.359032 0.171763 0.465154
0.359935 0.163423 0.518536
-0.0910421 0.0661894 0.161125
-0.20581 0.0704085 0.269782
-0.0987388 0.067041 0.200153
-0.321223 0.0405121 0.977956
-0.963655 -0.0219034 1.26389
-0.786768 -0.136973 0.918029
-0.269543 0.0886057 0.308215
-1.0564 0.149293 1.29543
-0.232009 0.1572 0.758553
0.109689 -0.0411716 1.4907
-0.193037 0.0742088 0.277911
-0.248359 0.0914773 0.195725
-0.249668 0.070014 0.369395
-0.0630146 0.0559328 0.181125
-0.212198 0.116673 0.218433
-0.276904 0.0578816 0.254784
-0.0892757 0.0439693 0.166943
-0.0731957 0.0571701 0.172801
-0.474047 -0.0212543 1.04
0.58131 -0.151509 0.644111
-0.00684256 0.0364184 0.183109
-0.0979908 0.0780292 0.187644
-0.0230101 0.0475832 0.15918
-0.0646305 0.0463969 0.180221
-0.0606758 0.0479902 0.148527
-0.0784923 0.0856487 0.22937
-0.321673 0.174877 0.861895
-0.062486 0.066519 0.183892
-0.233389 0.0940506 0.229015
-0.521843 -0.0256369 0.899183
-0.0874181 0.0454203 0.170319
-0.274909 -0.295438 0.920436
-0.027315 0.0270719 0.178953
-0.00806007 0.0401412 0.182609
-0.0640679 0.0299409 0.178546
0.0830686 0.0579714 0.16634
-0.0315889 0.0343779 0.18336
0.0743204 0.0451495 0.128372
-0.0046862 0.0522171 0.180157
-0.00870644 0.0518888 0.189907
0.424752 -0.0963085 0.991557
-0.0223979 0.0565767 0.181764
0.735806 -0.0167382 1.25782
0.443782 0.0986083 0.51765
-0.126885 0.0614224 0.145476
-0.210917 0.0752044 0.27584
-0.0804113 0.0401041 0.174274
-0.214132 0.0579569 0.266002
-0.217905 0.0959088 0.225693
-0.792401 -0.145704 0.905467
-0.367794 0.162321 0.857288
-1.09216 0.149599 1.33972
-0.792758 0.0205619 0.897878
-0.243231 0.0895851 0.19455
-0.370221 0.114095 0.772765
-0.235531 0.085854 0.275589
-0.114769 0.0584555 0.158733
-0.240954 0.0702762 0.309321
0.101581 0.136757 0.867776
-0.174069 0.0822525 0.213958
-1.06757 -0.0243239 1.41052
-0.0769062 0.0623958 0.165349
-0.116321 0.0578192 0.156705
-0.0277687 0.048257 0.182367
-0.275993 0.0724752 0.311851
-0.117797 0.0715526 0.144741
-0.116585 0.0620074 0.15225
-0.124451 0.058301 0.160632
-0.102814 0.0828311 0.203001
-0.21198 0.0839835 0.231314
-0.245581 0.0782651 0.217066
-1.02525 0.0746465 1.07224
-0.876623 -0.148673 1.03633
-0.782178 -0.145501 0.894639
-0.24122 0.0822871 0.248118
-0.0406238 0.0376717 0.287924
0.0543196 0.0707438 0.166244
0.0426769 0.0643862 0.203971
0.512952 -0.329366 1.18547
1.09027 0.1715 1.18357
0.368787 -0.0435195 0.465709
-0.300521 0.0898883 0.807491
0.480349 -0.153189 0.49598
-0.0413028 0.0275301 0.179215
0.0410192 0.0800792 0.230886
0.0664983 0.0923283 0.692377
0.73927 -0.179076 0.819926
0.637749 -0.149717 0.685306
0.789849 -0.186869 0.881638
0.0042909 0.0812918 0.178747
0.678498 -0.170862 0.758272
0.083178 0.0916443 0.182051
0.704182 -0.15558 0.769201
-0.0402097 0.0377298 0.127782
-0.0300162 0.0710533 0.163713
-0.0505948 0.0458217 0.140531
-0.0629681 0.0411637 0.161903
-0.0486358 0.0440089 0.115726
-0.0412637 0.043242 0.137821
-0.061454 0.0413541 0.158308
-0.0505236 0.0456696 0.138252
-0.0624467 0.0407586 0.159771
-0.0570385 0.0484772 0.145176
-0.0268548 0.0648759 0.187093
-0.064401 0.043132 0.171832
-0.0434685 0.0783546 0.181391
0.0913069 0.0387022 0.0968644
-0.0784535 0.0318043 0.174267
-0.063042 0.0783977 0.178819
0.0935591 0.0356342 0.0964339
0.0901236 0.0567751 0.159245
-0.0170774 0.0779492 0.182274
0.373785 0.0714016 0.463037
0.121515 0.0337681 0.209185
-0.0299526 0.0502324 0.181482
-0.0362358 0.0250109 0.189535
-0.0566986 -0.164497 0.780941
0.386311 -0.256453 0.878768
0.045608 0.0721774 0.542512
-0.100895 -0.0163362 0.810994
-0.996114 0.200831 1.20025
0.38153 -0.10434 1.26559
-0.158635 -0.0136331 0.0864362
-0.491342 0.126415 0.835598
-0.289397 0.0570434 0.249965
-0.0843994 0.0321122 0.166456
-0.18247 0.0550723 0.270728
-0.182497 0.066381 0.243269
0.133162 0.107264 1.52648
-0.0139629 0.0352539 0.180959
-0.248198 0.0872194 0.228327
-0.146978 0.0631969 0.168856
-0.235259 0.0875905 0.238044
-0.0898748 0.0456255 0.170828
-0.0370924 0.0428192 0.18054
-0.502605 0.188513 0.872063
-0.203122 0.188585 0.857103
-0.293944 0.0540773 0.336917
-0.0708437 0.218335 0.907109
-0.0775171 0.0425358 0.172881
-0.24866 0.0669079 0.298378
-0.247407 0.0364302 0.762377
-0.301061 0.0804748 0.715685
-0.116054 0.0902045 0.197649
0.271741 0.15078 0.909733
-0.304253 0.177052 0.86435
-0.278963 0.0504934 0.286653
-0.284267 0.163663 0.802733
-0.188908 0.109268 0.228333
-0.0357195 0.0684371 0.184966
-0.226022 0.0598802 0.17389
-0.217738 0.114095 0.883182
-0.0783622 0.0321437 0.171294
-0.187509 0.0815908 0.245263
-0.233766 0.0617047 0.212302
0.136126 -0.0749841 1.925
-0.857689 0.0112089 1.20885
-0.501326 0.136547 0.761843
-0.968493 0.08592 1.3761
-0.0580205 0.0371954 0.177691
-0.447405 0.0024473 0.963886
-0.110904 0.0627478 0.152398
-0.523277 0.131488 0.890219
0.452859 0.0526697 1.14915
-0.0201579 0.085709 0.187196
0.627781 -0.0662258 1.41072
0.39561 0.0528989 1.01502
-0.0550493 0.0410749 0.119518
0.113003 0.0734762 0.122256
0.0129139 0.0429626 0.19337
0.0306866 0.0540254 0.331805
0.0499213 0.087238 0.161224
0.112428 0.079335 0.121208
0.000135566 0.0846019 0.185452
-0.0120531 0.0633193 0.17381
0.0340625 0.0828498 0.190882
-0.00569736 0.0676941 0.20931
0.384165 0.0990334 0.458678
0.0906726 0.0573556 0.160201
-0.056734 0.0402978 0.123723
-0.0480289 0.0797765 0.183715
-0.145351 0.0548977 0.835329
-0.00996915 0.0566192 0.178106
-0.0271212 0.0600048 0.172147
-0.0548084 0.0419381 0.194059
-0.0206489 0.0514024 0.195087
-0.0505538 0.0492326 0.131936
-0.0108702 0.0805921 0.191207
0.00343567 0.072574 0.188251
-0.0189442 0.0703002 0.162861
-0.0565277 0.0433983 0.162735
0.0549282 0.0721517 0.176252
-0.351341 0.0926929 0.915249
-0.0899048 0.061006 0.170001
-0.0816712 0.0357308 0.185652
0.402695 0.0778386 0.499449
0.0325788 0.0860744 0.176224
-0.0123984 0.0375294 0.185528
0.383094 -0.0440158 1.23353
0.377681 -0.0438771 0.477103
0.377361 0.0718361 0.465504
-0.243688 0.060851 0.330345
-0.181485 0.137383 0.843948
-0.249781 0.0813488 0.20281
-0.797556 0.0195925 0.903819
-0.198425 0.10354 0.196802
-0.0501192 0.0399207 0.163857
-0.210962 0.104828 0.183267
-0.541191 0.0299892 0.895267
-0.799184 -0.0393495 0.908839
-1.04249 -0.123591 1.34188
-0.0844329 0.0374971 0.168485
-0.280729 0.114441 0.321164
-0.41144 0.179186 0.840011
-0.020763 0.0289137 0.172585
-0.213669 0.086048 0.220343
0.00187276 0.0301854 0.18094
-0.281155 0.183895 0.801495
-0.190776 0.0736948 0.279946
-0.261085 0.0921474 0.219386
-0.259602 0.0960427 0.184995
-0.246045 0.0744192 0.254607
-0.296996 0.053234 0.302682
-0.483538 0.0433762 0.539481
-0.873953 0.0660354 1.02366
-0.781904 0.00161893 1.11068
-0.137417 0.0475714 0.0990622
-0.258252 0.0770409 0.307036
-0.115226 0.0676829 0.850303
0.00602737 0.256557 1.62938
-0.615429 0.148465 0.907737
-0.807737 0.0555982 0.929941
-0.00619543 0.0353664 0.182889
-0.187529 0.0776871 0.256609
-0.254045 0.0750537 0.300232
0.0627917 0.0704855 0.173412
-0.188167 0.113097 0.227233
-0.405352 0.0823873 0.860548
0.38322 0.194764 1.02679
-0.293824 0.0529254 0.33745
-0.0632307 -0.226646 0.990542
-0.0292204 0.0409844 0.165239
0.644757 -0.116172 1.2567
-0.158334 0.0821195 0.413281
-0.687784 0.194013 1.01913
-0.603173 0.177273 0.934609
-0.181305 0.0921275 0.230447
0.116686 -0.0313508 1.5866
-0.820987 -0.141303 0.964363
-0.274784 0.184069 0.787749
-0.228731 0.0658947 0.284306
0.171262 0.124347 1.49018
-0.594428 0.0878334 0.961168
-0.757924 -0.0191683 0.974737
-0.986734 0.0878551 1.23052
-1.05888 0.115573 1.14022
0.333858 0.176727 0.908026
-0.281154 0.0665827 0.319207
-0.238927 0.0920063 0.254873
-0.240203 0.0879732 0.220913
-0.214271 0.0941046 0.229589
-0.242792 0.0904195 0.262742
-0.190611 0.0780762 0.260443
-0.548613 0.195058 0.935288
-0.259878 0.0957246 0.239461
-0.0350886 0.0715586 0.190925
-0.51314 -0.0869279 0.891124
-0.291382 0.0608187 0.301103
-0.221443 0.0722756 0.212295
-0.0270733 0.0662493 0.181928
-0.187729 0.089156 0.258372
-0.265898 0.0825355 0.214982
-0.0838348 0.03596 0.167655
-0.275197 0.0797958 0.736765
-0.0638602 0.0266366 0.168745
-0.203092 0.0839738 0.260557
-0.232193 0.0744401 0.288641
-0.211864 0.154736 0.730628
-0.10602 0.0515061 0.144224
-0.470476 0.204094 0.942476
-0.0295572 0.0566267 0.184807
-1.13327 0.227124 1.47533
0.389147 -0.206453 1.30455
-0.220135 0.0923243 0.28029
-0.118625 -0.0243701 0.825661
-0.404112 -0.0404556 0.848959
-0.231716 0.0704573 0.225198
-0.0926642 0.0484652 0.168639
0.439542 0.19599 0.883534
0.318889 -0.106701 1.27297
-0.161751 0.0908061 0.283517
0.459255 0.0930373 1.01012
0.436612 -0.109414 1.01877
-0.00789404 0.206315 1.33024
-0.428061 0.159179 0.837723
-0.183195 0.0662455 0.827907
-0.164899 0.0970999 0.286805
-0.304373 0.080198 0.320037
-0.410785 0.112989 0.838259
-0.117556 0.0715612 0.150866
-0.0864024 0.0282 0.160632
-0.267523 0.0796797 0.264506
0.00561397 0.0274993 0.190906
0.379754 0.218884 1.26388
-0.367784 0.114969 0.765896
-0.0653014 0.0359556 0.942777
-0.20933 0.129917 0.717848
-0.183309 0.0837571 0.269137
-0.126124 0.0606192 0.14377
-0.0652866 0.0304502 0.2411
-0.0659426 0.0909566 0.635898
-0.134882 0.060867 0.162156
-0.186156 0.0732832 0.223214
-0.0914151 0.0254835 0.169359
-0.166048 0.0697843 0.2613
0.223222 0.113104 0.395673
-0.000877696 0.0670253 0.185004
-0.166439 0.0746217 0.307728
-0.211052 0.0757538 0.278561
-0.359592 0.0944537 0.511717
-0.131781 0.0578051 0.155472
-0.122359 0.0561982 0.15661
-0.0838462 0.0282802 0.161186
-0.284069 0.076285 0.318606
-0.441117 0.124991 0.883624
-0.234512 0.0723888 0.291138
-0.228792 0.0947346 0.201063
-0.222135 0.0555334 0.217431
-0.272379 0.0700436 0.275589
0.104677 -0.171027 1.58556
-0.224075 0.0909979 0.205446
-0.0608158 0.0266425 0.177286
-0.207635 0.0959503 0.740633
0.454292 -0.0492981 1.02297
-0.0034417 0.0564249 0.184719
-0.194805 0.0826252 0.19004
-0.0634876 0.0335521 0.173551
-0.0899878 0.0599317 0.169743
-0.00876705 0.0620175 0.197702
-0.0512257 0.0407543 0.165765
-0.20303 0.0736722 0.266587
-0.472727 0.192745 0.942824
-0.335633 0.049636 0.668582
-0.454152 0.0416658 0.977362
-0.0286944 0.0300449 0.121631
-0.302161 0.0569265 0.349629
-0.174416 0.138766 0.735363
-0.00740241 0.0515897 0.184213
-0.237748 0.0582035 0.334836
0.368737 0.198189 0.979614
-0.502065 0.203403 0.963165
0.336012 -0.0174983 0.962216
-0.433704 0.0747006 0.894335
0.414444 0.0683958 1.35703
-0.619135 -0.0271056 0.983821
0.317187 -0.109028 1.34894
-0.0305366 0.0496629 0.178149
-0.231227 0.0963155 0.221869
-0.00721921 0.0263145 0.183805
-0.063998 0.0284922 0.129211
0.324542 -0.111336 1.38323
-0.156345 0.0541013 0.283966
-0.0283059 0.00921794 0.124815
-0.0546855 0.0234798 0.124885
-0.0716651 0.0304471 0.114636
-0.184114 0.0871358 0.223391
-0.0230082 0.0485672 0.183112
-0.0968249 0.0644713 0.167583
-0.20306 0.0868198 0.213101
-0.0502004 0.0250299 0.182786
-0.232987 0.113471 0.183617
-0.392196 0.0849247 0.834054
-0.566421 -0.134165 1.34369
0.30112 0.136018 0.650311
-0.15235 0.173374 0.754697
0.449778 0.0467027 1.03878
-0.543404 0.143355 0.929933
-0.176266 0.0741825 0.268455
-0.489141 0.183678 0.846662
-0.0727551 0.240529 0.994206
-0.213067 0.0678867 0.279031
-0.519662 0.161243 0.793803
-0.623901 -0.0899615 0.988766
-0.070697 0.094834 0.455869
-0.211343 0.0791596 0.263909
-0.166935 0.108659 0.285091
-0.172087 0.100812 0.188047
-0.13607 0.0836959 0.159891
-0.053125 0.074525 0.19367
-0.191939 0.102868 0.257953
0.428567 0.0432408 0.998432
-0.175745 0.0747421 0.270722
-0.52018 0.131828 0.887276
-0.345244 -0.0622637 0.702775
-0.041592 -0.0227567 0.0718882
-0.130309 0.0604093 0.163952
0.593359 -0.194148 2.51338
-0.745425 0.0525705 1.07641
0.0325232 0.228976 1.38215
-0.658233 0.0658686 0.922704
-0.226282 0.064019 0.296004
-0.496673 0.175347 0.856693
-0.0687221 -0.0905931 0.947629
-0.186192 0.111868 0.240969
-0.561823 0.098028 0.931609
0.10917 -0.122234 1.62546
-0.208246 0.0624141 0.277028
-0.0804148 0.0307489 0.171936
-0.226945 0.0884391 0.231558
-0.0785376 0.0578872 0.183815
-0.0191693 0.0376515 0.180793
-0.221265 0.0407333 0.228276
-0.173429 0.0981306 0.318329
-0.200002 0.113885 0.227293
-0.2601 0.102543 0.235722
-0.0767656 0.0543965 0.156899
-0.225859 0.0938386 0.201491
-0.232901 0.0823612 0.179298
-0.248262 0.0757884 0.204538
-0.219047 0.0813598 0.201264
-0.280258 0.088081 0.245415
-0.317825 0.0527991 0.286241
-0.263184 0.0979042 0.187652
-0.116004 0.0482938 0.143025
-0.219599 0.0909214 0.205895
-0.0406834 0.0330705 0.174704
-0.0690389 -0.026688 -0.00166093
-0.0774845 0.0326513 0.138363
-0.276878 0.0918566 0.203756
-0.243484 0.0945834 0.244912
-0.0203006 0.00833855 0.180871
-0.0808148 -0.0259526 0.0172763
-0.0454862 0.0316073 0.15321
-0.114662 0.0560326 0.149649
-0.255542 0.0448592 0.185122
-0.0246289 0.00992515 0.126335
-0.0211759 0.0175458 0.156749
-0.026863 0.0021279 0.150179
-0.00640494 0.0274777 0.180896
-0.0955132 0.0477475 0.187521
-0.0711887 -0.0258347 -3.42552e-05
-0.252803 0.0784892 0.231364
-0.176368 0.0919152 0.237343
-0.063344 -0.0296552 0.0407696
-0.0245876 0.0354568 0.18397
-0.0329006 0.0297612 0.189587
-0.204468 0.0779634 0.218032
-0.203268 0.0712297 0.256991
-0.43034 -0.0154328 0.71141
-0.299064 0.09855 0.226475
-0.0243929 0.0410045 0.182733
-0.03429 0.0273738 0.180547
-0.315916 0.0599844 0.333583
-0.125484 0.0868074 0.818873
-0.182367 0.000849244 0.142649
-0.181591 0.0795246 0.243808
-0.183866 0.0815056 0.24763
-0.218952 0.114823 0.933198
-0.076517 0.034954 0.173478
0.0928787 0.0676142 1.48985
-0.0537427 -0.0170761 0.0511615
-0.364275 0.0618945 0.307182
-0.459187 0.0235976 0.518867
-0.421672 0.0565359 0.880661
-0.00160187 0.223748 1.43147
-0.290511 0.0808063 0.219507
-0.260964 0.0839069 0.298285
0.297988 -0.206029 1.79147
-0.332016 0.0473302 0.245288
-0.231826 0.0683956 0.293892
-0.0235739 0.033966 0.183785
-0.0645529 -0.21865 0.870548
-0.338692 0.0602673 0.311328
-0.0843712 0.0388755 0.166613
-0.0385755 -0.0365556 0.147116
-0.220376 0.0665401 0.268678
-0.19225 0.0839719 0.228687
-0.200172 0.100543 0.254655
0.165134 0.198357 1.24012
-0.152989 0.0679882 0.97852
-0.115625 -0.00860126 0.0791779
0.0282454 0.249057 1.52392
-0.134245 0.102749 0.847082
0.0233812 0.0403917 0.201
-0.173384 0.0650801 0.273026
-0.569914 -0.00702967 0.910739
-0.104682 -0.0188592 0.127679
-0.199993 0.085168 0.877597
0.333446 -0.127477 1.61153
-0.0299592 -0.0146186 0.106364
-0.222413 0.0828584 0.189952
-0.0120406 0.0440765 0.182337
-0.190293 0.105555 0.213094
-0.0386432 -0.0226592 0.0801395
-0.455414 -0.00841441 0.753095
-0.416298 0.113237 0.623142
0.374006 -0.150139 1.82864
-0.17324 0.0713495 0.261215
-0.0874417 -0.0182484 0.0714799
-0.411782 0.0927778 0.828001
-0.151388 0.0558373 0.259277
-0.297899 0.069755 0.217705
-0.0696029 -0.0146094 0.927782
-0.0200324 0.0444781 0.183043
-0.198555 0.0615157 0.282441
-0.223988 0.113631 0.192568
-0.0933144 0.0651377 0.173952
-0.203169 0.104766 0.193701
-0.246142 0.0915952 0.29184
-0.249205 0.047456 0.223381
-0.0983852 0.0901147 0.204756
-0.302332 0.0973512 0.538285
-0.212916 0.0728784 0.283435
-0.477453 0.127123 0.716465
-0.618654 0.169281 0.905161
-0.673011 0.179548 0.932518
-0.224674 0.196968 0.741485
-0.259411 0.0968726 0.281364
-0.682646 0.0396088 0.993747
-0.176141 0.0843127 0.27548
-0.0544228 0.106617 0.301448
-0.199785 0.119539 0.246998
-0.25777 0.207425 0.636294
-0.226204 0.165724 0.844832
-0.0790698 0.0476081 0.174813
-0.409583 0.114819 0.828936
-0.207156 0.0621997 0.277315
-1.03029 -0.121341 1.32029
-0.0855226 0.0494302 0.17278
-0.299574 0.177889 0.760258
-0.531861 0.0878557 0.593486
-0.116105 0.0905707 0.197612
-0.241066 0.0793239 0.288881
-0.240171 0.0725502 0.226285
-0.0709613 0.0400706 0.159688
-0.191642 0.0614086 0.155145
-0.16382 0.0827347 0.204903
-0.0043161 0.0339328 0.181747
-1.11467 -0.153589 1.06785
-0.821701 -0.0685949 1.06418
-0.778408 -0.13726 0.882584
-0.838003 -0.0138948 1.20155
-0.247491 0.0498151 0.22922
-0.0546161 0.0620945 0.176045
-0.0665078 0.0247004 0.162999
-0.495797 0.15 1.07015
-0.358143 0.109307 0.913053
-0.526022 0.0869335 0.902914
0.393228 -0.207211 1.31701
-0.196761 0.0823061 0.252265
-0.199219 0.061175 0.278558
0.000630324 0.0267803 0.180008
-0.0128149 0.0312642 0.200398
-0.0646335 0.0752728 0.22176
-0.0701533 0.0744964 0.400948
-0.149587 0.0865747 0.237021
-0.0328253 0.0266685 0.181066
-0.645989 0.00499255 0.919422
-0.184675 0.0739273 0.248391
-0.165086 0.0751319 0.282921
-1.08215 0.0995218 1.35854
-0.312162 0.0625915 0.434923
-0.937596 -0.112197 1.19371
-0.264971 0.094216 0.222692
-0.171809 0.0661777 0.263204
-0.225242 0.141241 0.704287
0.169645 0.174978 1.37611
-0.0667773 0.0463932 0.136566
-0.0584878 0.0348581 0.133958
-0.154481 0.116172 0.344312
-0.0585179 0.0329521 0.129775
-0.211354 0.107709 0.190945
-0.261525 0.0779375 0.313531
0.111107 -0.0957871 1.41488
0.00223917 0.0417648 0.183511
0.225371 0.197125 0.550589
-0.206127 0.111806 0.209391
-0.376223 0.187725 0.942606
-0.44594 0.145086 0.766064
-0.0807377 0.0316889 0.172517
-0.392594 0.122611 0.822339
-0.599818 0.08789 0.943108
-0.590482 0.144254 0.925427
-0.126561 0.0609003 0.144753
-0.0379203 0.0405575 0.174473
-0.226908 0.081098 0.219881
-0.495062 0.0751066 0.782266
-0.568736 0.206859 0.98141
-0.168304 0.0717054 0.277324
-0.140188 0.145518 0.804301
-0.0555212 0.0544979 0.202417
-0.115537 0.0723902 0.156335
-0.0675209 0.0358952 0.142109
-0.233766 0.093433 0.240444
-0.198421 0.0352652 0.25448
-0.238692 0.0841086 0.240614
-0.0493411 0.0347038 0.176683
-0.604986 -0.0126374 0.962333
-0.407892 0.149706 0.746931
-0.231111 0.0747417 0.198066
-0.101703 -0.0199018 0.0354544
-0.187028 0.0776562 0.262046
-0.00153911 0.04144 0.188429
-0.0773185 0.0320586 0.176839
-0.0839519 0.0367851 0.169033
-0.205647 0.0951165 0.846272
-0.117161 -0.0152762 0.825905
-0.26927 0.105109 0.308488
-0.379793 0.16032 0.847221
-0.267341 0.0634912 0.26964
0.344064 0.293451 1.71848
-0.521021 0.141345 0.76378
-0.014188 0.0546619 0.182911
-0.19236 0.11546 0.24608
0.00153629 0.0322551 0.176299
-0.00613975 0.0270195 0.181188
-0.0597558 0.0399322 0.128218
-0.033868 0.0271271 0.162497
-0.0982016 0.0671233 0.204421
-0.00996326 0.0186477 0.145264
-0.0545319 0.0238817 0.126
-0.204674 0.0818155 0.22622
-0.0238179 0.0352143 0.1834
-0.338341 0.0364243 0.307398
-0.255698 0.0999695 0.237273
-0.232698 0.0932665 0.241704
0.32342 0.173806 1.00002
-0.174344 0.095435 0.230233
-0.630885 0.173272 0.92523
-1.18114 -0.0154762 1.57726
-0.763922 0.174172 1.0772
0.00428368 0.234434 1.66033
-0.396433 -0.0797622 0.671785
-0.313474 0.122743 0.51304
-0.229644 0.0712124 0.283603
-0.536474 -0.0130475 0.929165
-0.232687 0.0684047 0.291233
-0.00550248 -0.0971673 0.462693
0.108656 -0.159767 1.52827
-0.474645 -0.0797648 1.01328
-0.0280377 0.025495 0.184482
-0.271593 0.0982956 0.230984
-0.364404 0.0304081 0.300052
-0.310696 0.0641311 0.325585
-0.487843 0.0784169 0.814402
-0.289311 0.0563001 0.29871
-0.187844 0.0683984 0.257386
-0.814169 0.0591478 0.947592
0.00451799 0.0310316 0.181932
-0.228719 0.0873124 0.181738
-0.360603 0.0950192 0.761985
-0.0101234 0.0439942 0.182195
-0.103357 -0.023651 0.0395171
0.387242 0.206298 1.22062
-0.0155235 -0.0760734 0.331485
-0.298167 0.0666042 0.284258
-0.548404 0.0770082 0.540783
-0.180481 0.0665864 0.271266
0.0387789 -0.0193719 0.29706
-0.0133755 0.0370004 0.182087
-0.231465 0.0559559 0.378906
-0.305905 0.214723 0.899363
-0.904397 -0.157943 1.30399
-0.279058 0.0717236 0.321697
-0.345861 0.0201812 0.269689
-0.497543 0.136627 0.946508
-0.0665678 -0.11027 0.941909
