0.313594 0.109424 0.54675
-0.3988 0.0773997 0.948287
-0.286757 0.0758895 0.890528
0.353845 0.251386 1.47442
0.6823 0.129473 1.3856
-0.349592 0.0910784 0.812481
0.426415 -0.114024 1.41961
-0.108279 -0.0269214 0.852455
0.876242 0.128857 1.82017
0.135851 0.100087 0.289744
0.0124702 -0.00726174 0.0607646
-0.0599012 0.0373205 0.189151
-0.0616889 0.0346597 0.180394
-0.0884357 0.0352364 0.181554
-0.427539 0.11457 0.904978
-0.0772086 0.0391273 0.145498
-0.0689162 0.034147 0.147233
-0.17187 0.0721272 0.270041
-0.449912 0.0868266 0.906437
-0.182396 0.0680446 0.273499
-0.173332 0.0678525 0.279507
0.00309672 0.0495427 0.181055
-0.38383 0.0766139 0.931558
-0.181045 0.0681579 0.267354
0.364418 -0.0150768 1.00501
-0.070523 0.0299953 0.164647
-0.074238 0.0320857 0.148479
-0.0771346 0.0258885 0.157476
-0.0641871 0.0231899 0.138719
-0.0718008 0.0290829 0.15911
-0.0564238 0.024759 0.164965
-0.0731839 0.0239949 0.139006
-0.0886628 0.0318342 0.171494
0.285521 0.183295 0.510111
-0.0769138 0.0496858 0.379696
0.150551 0.0907498 0.300581
0.16823 -0.0117854 2.30674
-0.464557 0.108159 0.878747
0.513672 -0.108836 1.14119
0.114819 0.0844933 1.70148
-0.300059 0.0748506 0.898115
-0.0926335 0.04552 0.267867
0.957934 0.590339 1.63747
0.189761 0.245925 1.50884
0.705216 0.409143 1.16862
0.037784 0.0963122 1.53785
0.0082572 0.0332244 0.242517
-0.224883 0.0714145 0.571338
-0.447315 -0.0570172 0.968371
-0.719161 0.237207 1.8584
-0.0752535 0.0445073 0.13769
-0.465429 0.138358 0.720018
0.60198 -0.243175 1.10826
0.408308 0.139974 0.708778
0.0780872 0.0606954 0.177727
-0.5813 -0.0964397 1.25935
-0.113492 0.0563322 0.765315
0.391642 -0.163276 1.28409
0.402239 -0.111392 1.37639
0.957857 -0.0875839 1.73366
0.465623 -0.107758 1.08324
0.436662 -0.283918 1.374
-0.626107 0.0357896 1.05186
0.01012 0.0623094 0.232389
-0.678787 -0.304123 1.23579
0.210135 -0.0935372 1.05732
-0.250062 -0.304586 0.958207
-0.0805303 0.040064 0.173794
-0.662096 -0.0242056 1.05388
0.681532 0.0981089 1.37897
-0.0619338 0.0299133 0.178774
-0.019601 0.0381312 0.872026
0.628941 -0.081646 1.2652
0.0786111 -0.0560485 0.0797716
0.370338 0.146437 0.459031
-0.109205 0.026792 0.227059
-0.140766 0.0515762 0.839787
-0.393008 0.110122 0.889407
0.00723557 0.106833 1.6937
-0.28588 0.0887294 0.843132
-0.606578 -0.121211 1.29227
-0.207079 0.0897285 0.860153
-0.420972 0.110992 0.857988
-0.227897 0.167567 1.06101
-0.234473 -0.297099 0.901405
0.294422 0.233971 1.40198
-0.760604 0.247089 1.19511
0.147495 -0.0707223 0.59304
-0.578222 0.304902 1.26318
-0.0211885 0.030991 0.185472
-0.357028 0.159447 1.06661
-0.0644942 0.0337124 0.155326
-0.766824 0.0320949 1.09571
-0.0624875 0.0303795 0.18126
-0.0215315 0.215383 1.4137
-0.342706 0.0586841 0.828157
-0.393358 0.0913694 0.812172
-0.0406112 0.0353851 0.183785
-0.0999578 0.0388406 0.213166
0.341711 -0.0446959 0.432276
-0.260702 0.179613 0.837251
0.44637 -0.284411 0.993368
-0.0666329 0.0256996 0.173059
0.110774 0.257557 0.831899
1.16866 -0.0997991 2.11677
-0.81153 0.00499248 1.14611
0.0766128 0.0587264 0.173076
-0.0573201 0.0385903 0.179858
-0.110074 0.0641482 0.80227
-0.23484 0.10043 0.813641
-0.589791 0.230754 1.03459
-0.0802377 0.0308922 0.169651
0.00165169 0.0398961 0.181479
-0.359231 0.113308 0.911204
-0.224646 0.0945967 0.776795
-0.0846819 0.0355542 0.177883
-0.450478 0.167554 0.887951
-0.00350456 0.0404585 0.188493
-0.0478762 0.00904953 0.107063
-0.0595781 0.0338332 0.176927
0.00550826 -0.00397523 0.0340492
0.0157953 0.0089685 0.0380637
-0.040681 0.0154361 0.0640262
-0.22326 -0.342806 1.01282
-0.0236095 0.0138338 0.105527
-0.0467383 0.0213424 0.0727436
0.767049 0.0495429 1.49213
-0.136409 0.133353 0.81654
-0.385079 -0.077599 0.822429
-0.0781891 0.0311583 0.174736
0.435505 -0.225274 1.44679
0.273238 0.137666 0.470717
-0.183142 0.0675155 0.273267
-0.0499986 0.035325 0.181914
0.427364 -0.0101165 1.22722
-0.164868 0.0733021 0.289699
0.455658 0.239893 1.37713
0.478949 0.044619 1.21976
-0.1867 0.0784143 0.28372
-0.0847735 0.0490827 0.171693
-0.0851956 0.0326874 0.171532
-0.616152 0.0406737 0.992672
-0.213404 0.105032 0.77541
-0.103284 0.0550786 0.344716
-0.567497 0.0373883 0.976799
-0.193217 0.0788302 0.270425
-0.0627601 0.0572956 0.202132
-0.535097 -0.0115011 0.914712
-0.125719 0.0842781 0.808104
-0.0819386 0.0335513 0.177334
0.0198493 0.17248 0.934822
-0.0791369 0.0217727 0.145818
-0.128878 0.055141 0.838647
0.0164967 0.0145328 0.043603
-0.00206186 0.000311407 0.00323348
-0.171453 0.0667914 0.276723
0.169557 0.113013 1.40491
0.199104 0.147746 1.63795
-0.003791 0.0504011 0.241431
0.0112621 0.172689 1.56328
-0.128882 0.059324 0.81984
0.00448229 0.0401353 0.21598
-0.073937 0.0203304 0.135918
-0.301451 0.107298 0.514241
-0.243836 0.0657113 0.492616
-0.817595 0.421385 2.09265
-0.246262 0.0715208 0.517131
-0.0886093 0.0444515 0.172984
-0.172829 0.0753515 0.846853
-0.0975723 0.0440136 0.333031
0.966691 0.661582 1.88486
-0.175068 0.0682247 0.273191
-0.0786402 0.0287033 0.154963
1.05647 -0.0684793 2.04304
0.0915288 0.134693 0.400879
0.21457 -0.0436443 2.94201
-0.0468328 0.0780124 0.598331
0.203221 0.237163 1.44969
0.450998 0.0583161 1.13294
0.00404898 0.0515351 0.213603
-0.449675 0.104149 0.907486
0.487133 0.0469592 1.23207
-0.612401 -0.271555 1.10483
-0.62421 -0.124669 1.1489
0.404331 -0.277285 1.19035
-0.179683 0.0828606 0.864784
0.187929 0.240672 1.48999
0.303278 0.154743 0.533551
0.578318 -0.282507 0.920785
-0.599569 0.087285 0.972098
0.498066 0.268364 1.35637
0.435108 -0.11642 1.46762
-0.680609 -0.0783022 1.05824
-0.105959 -0.0186658 0.814273
0.429867 0.00660737 1.19141
0.600887 -0.117354 1.15843
-0.031233 0.0339123 0.186328
0.209945 0.23578 0.922712
-0.214817 0.131952 0.837246
-0.41584 0.0944376 0.894419
-0.132362 0.107917 0.809615
-0.494406 0.205519 0.976754
0.222053 0.247127 1.53859
-0.0566897 0.0987899 0.768804
0.0644942 0.0993455 0.331116
0.0174979 0.049356 0.351293
0.00180087 0.0426782 0.190138
-0.0713919 0.035091 0.178155
-0.0276502 0.0132452 0.0668716
-0.0896929 0.0433749 0.172683
-0.00560642 -0.00321789 0.0119854
0.00842009 -0.00387026 0.0477102
-0.00391334 -0.00243827 0.00876386
-0.0201505 0.0481117 0.197545
-0.0281309 0.00970739 0.0536698
-0.0400381 0.0355806 0.183645
-0.00598688 0.0402446 0.20391
-0.0660581 0.0542228 0.329775
-0.104387 0.0417999 0.273594
-0.0752089 0.02643 0.173041
-0.0903888 0.0440507 0.17549
0.00210978 0.0466396 0.183073
-0.0858286 0.0346643 0.172105
-0.0676483 0.0341164 0.175302
-0.0942202 0.0364732 0.172131
-0.0360497 0.0434847 0.185188
-0.0331289 0.0116796 0.0627698
0.00428498 0.0404759 0.226963
-0.620135 0.258066 1.10522
-0.0778551 0.0289347 0.169516
-0.0839897 0.0580676 1.25591
0.0193703 0.114436 0.821269
-0.0963498 0.0338425 0.174467
-0.0796325 0.0295575 0.171901
-0.0195277 0.0321231 0.208309
-0.0582518 0.0270824 0.118791
-0.0482961 0.0174101 0.0931299
-0.0881579 0.0458068 0.171565
0.00472799 -0.00250623 0.0313768
-0.079727 0.0332743 0.174109
-0.165009 0.0779629 0.286885
-0.294421 0.0392626 0.897197
-1.0225 -0.274711 1.5494
0.183709 0.131836 1.58851
-0.547895 -0.0841661 0.983228
-0.31975 -0.113175 0.888049
-0.00441297 0.0437583 0.188738
-0.0122278 0.037142 0.186456
-0.649519 0.0371579 1.09154
-0.671843 -0.0762057 1.0435
-0.0139138 0.0439805 0.187444
-0.615194 -0.0196733 0.990286
-0.00561728 0.0332769 0.185523
-0.552386 -0.00747448 0.935786
-0.560823 -0.0219057 0.893979
0.492263 0.0668748 1.07725
-0.745372 0.0423047 1.05681
0.458475 -0.153527 1.20249
0.682193 0.00802365 1.48772
-0.174457 0.077165 0.276544
-0.0826636 0.040942 0.172785
-0.744188 0.0655048 1.04542
0.00250576 0.0412889 0.186156
-0.869329 -0.237166 1.30911
-0.824877 -0.230583 1.24666
-1.00458 -0.272952 1.53762
-0.371068 0.0998768 0.852165
-0.880834 -0.240769 1.32933
-0.105461 0.0951293 0.574555
-0.0212561 0.0508696 0.184741
-0.0507461 -0.206588 0.68485
0.43812 -0.226374 1.46748
0.642336 -0.111457 1.07302
-0.150753 0.114035 0.789566
-0.0638945 0.0312457 0.123825
0.00559383 -0.0114865 0.0712583
-0.0139322 0.0428417 0.182614
-0.086769 0.0316428 0.171457
-0.0719747 -0.117307 1.19661
-0.0421426 0.0193739 0.12118
-0.396111 0.0974971 1.07096
-0.409624 -0.274569 0.977416
-0.0457682 0.0324794 0.165555
0.0544454 0.0844944 1.56933
-0.0772715 0.0313644 0.181334
-0.617206 -0.0892093 0.978344
-0.66606 -0.0726365 1.05125
0.0413843 0.138154 1.48171
0.447508 -0.274197 1.36769
-0.0836858 0.038701 0.170791
-0.0906251 0.0401505 0.171911
-0.111696 -0.262834 1.74027
0.00236869 0.0531896 0.200211
-0.0900481 -0.292674 1.3853
-0.116048 -0.100227 1.68713
-0.17474 0.077014 0.277544
0.414889 -0.0159345 1.16612
0.631222 -0.153081 1.06688
0.418711 -0.272652 0.939009
-0.45288 0.0669458 0.985314
0.459865 0.0634286 1.16319
-0.564218 -0.095919 0.985418
-0.118816 0.0747629 0.783185
-0.290232 0.0683622 0.87151
-0.37706 0.0693274 0.885378
0.397249 -0.276796 1.18902
-0.677022 -0.0769457 1.05315
-0.622095 0.0393609 1.00163
-0.668794 -0.0829765 1.05335
-0.0622017 0.0348652 0.181227
-0.623732 0.0946913 1.01096
-0.334116 0.0365016 0.930243
0.521313 -0.0525604 1.6763
0.113125 -0.172155 1.66484
0.569177 -0.239102 1.0647
0.0241885 0.120689 1.96621
0.703005 0.0700983 1.54732
-0.569925 0.151143 0.975053
-0.0135374 0.037827 0.187601
0.203825 0.225803 0.879804
0.574398 -0.253636 1.06334
0.38723 -0.276721 0.974062
0.717786 -0.115396 1.2079
-0.00371491 0.0381257 0.183856
-0.0883961 0.0316798 0.170621
-0.594729 -0.0072465 0.938695
0.269738 0.123301 0.477858
0.0807847 0.0603337 0.174376
0.00516272 0.0599682 0.199853
-0.610754 0.0977594 0.961233
-0.0141184 0.0275365 0.372506
-0.282734 0.0508364 0.870029
-0.0166004 0.0477453 0.190443
-0.0821944 0.0414097 0.177318
-0.0328086 0.0404413 0.275929
-0.0152165 0.0353696 0.224667
0.0857792 0.0596374 0.16994
-0.011839 0.0401995 0.181102
0.569674 -0.115338 1.18553
0.327882 0.150885 0.593395
0.357657 0.237322 0.725462
-0.268995 0.0313918 0.814248
0.585757 -0.117749 1.2324
0.885348 -0.116218 1.71532
-0.170755 0.0740862 0.824959
1.13322 0.00991291 2.24129
0.542864 -0.0467196 1.74146
0.53158 0.0504615 1.23511
0.340905 0.10239 0.596647
-0.57284 -0.109779 1.04359
-0.614333 0.0397162 0.988042
0.263978 -0.113591 1.47192
0.634201 0.0286918 1.05691
0.0239755 0.0932546 1.53539
-0.0685105 0.14452 1.4106
0.163255 0.153545 1.44378
-0.388196 0.075763 0.940469
-0.645679 0.166848 0.97246
0.422114 -0.29823 1.04754
-0.279535 0.0538667 0.853612
0.497588 0.290321 1.60548
0.138768 0.110466 1.1629
0.023308 0.087119 0.491722
-0.409555 0.0978939 0.861419
0.515114 0.0545535 1.19389
0.550549 -0.230695 1.03166
-0.021958 0.0485186 0.188731
0.945252 0.0503474 1.84361
0.0469391 0.105746 1.41666
-0.55646 -0.095818 0.971555
0.374827 0.226758 0.813827
-0.0298472 0.0395935 0.185751
0.474959 -0.0952036 1.51538
-0.0721505 0.060142 1.227
-0.430817 0.0749931 0.884962
-0.180257 0.0852573 0.864584
-0.526688 -0.014167 0.907409
0.51165 -0.0402084 1.63665
0.427431 0.00848663 1.18035
-0.0750549 0.0601583 1.54054
0.571657 -0.25155 1.05587
0.0458582 0.0852479 1.52349
-0.549049 -0.0199273 0.940076
-0.0795079 0.0651004 1.60556
-0.649408 -0.0272718 1.03169
-0.549004 -0.0948689 0.957898
0.536886 0.0807891 1.1781
-0.0255553 0.0351409 0.185155
-0.302129 0.04669 0.957807
-0.437912 0.0697462 0.947619
-0.404872 0.110823 0.807207
-0.436063 0.098787 0.937877
0.13739 0.105388 1.84729
0.438405 0.253429 1.44925
0.688726 0.0440288 1.68734
-0.537435 -0.0886467 1.1451
0.191029 -0.0494612 2.47484
-0.126703 0.0999365 0.773998
-0.929298 0.0406913 1.24718
-0.67903 -0.015968 1.09563
0.20706 -0.110433 1.35903
0.436348 0.239175 1.2788
-0.504096 -0.0873948 1.08997
0.249948 -0.0521049 0.553183
0.436762 -0.181919 1.42361
-0.604901 0.0302451 1.00991
-0.405917 0.0765257 0.944827
0.1376 -0.114694 1.78791
0.383154 -0.274345 0.959239
0.920383 -0.0563367 1.78293
0.557559 0.109439 1.22111
-0.551307 -0.0121001 0.948145
0.485038 -0.11757 1.12903
-0.457288 0.105619 0.929275
-0.608762 -0.0192331 0.978653
0.559361 -0.101651 1.09835
-0.0599585 -0.296658 0.867103
0.432669 0.243018 1.28085
-0.0881197 0.0565727 1.26513
-0.390668 0.0655107 0.978431
-0.576348 0.0385184 0.987069
-0.537258 0.0944378 0.907784
0.460805 0.247749 1.20437
-0.738571 -0.212069 1.11277
-0.120708 0.0758492 0.810646
0.48262 0.0443474 1.23363
-0.545033 0.0891299 0.934229
-0.104688 -0.0162857 0.830761
-0.265914 0.0765026 0.831621
-0.627508 -0.0145036 1.00066
-0.434409 0.0752347 0.906771
-0.619634 0.0383893 0.999361
0.151975 0.21637 1.32152
0.431349 -0.141879 1.1199
0.594384 -0.124065 1.12978
0.316723 -0.16709 1.26753
-0.312445 -0.306849 0.991232
0.0622502 0.210138 0.604201
-0.720859 -0.206085 1.08141
-0.463478 -0.019494 0.7369
-0.746135 -0.135964 1.08679
0.660857 -0.0797611 1.48772
-0.079866 0.0455548 0.176366
-0.0294571 0.0388188 0.1879
-0.188806 0.075355 0.267094
0.238246 0.248927 1.98088
0.038171 0.0608053 0.193967
-0.289856 0.0846737 0.895119
-0.461575 0.0637964 0.967263
0.0034401 0.0456701 0.188683
-0.30084 -0.314866 1.03394
-0.569644 -0.0952556 0.987295
-0.142892 0.0289881 0.156836
-0.0061568 0.0271498 0.187097
-0.764185 -0.132893 1.10146
0.127773 -0.197874 1.9191
0.0967156 0.06417 1.67166
-0.611893 0.0963369 0.978957
-0.37264 0.0727765 0.90273
0.437692 0.00732565 1.22245
0.440103 0.0281249 1.01257
-0.566394 0.0856984 0.957248
0.488521 0.261585 1.30332
-0.191861 0.0613085 0.290143
-0.172889 0.0912628 0.651834
-0.108314 -0.0275716 0.848073
-0.190897 0.0780031 0.266828
-0.0205785 0.0456094 0.187326
-0.00348929 0.0379329 0.182898
-0.534294 0.0849001 0.911563
-0.0294859 0.0467632 0.180036
-0.0761667 -0.271264 1.86367
-0.0298926 0.0464429 0.185769
0.0907601 0.211391 0.691863
-0.569997 -0.190154 1.1979
0.311075 0.156567 0.547938
0.589966 0.165595 0.981455
0.00503664 0.0281937 0.188363
-8.76254e-05 0.05244 0.2087
-0.0410635 0.0369856 0.189235
-0.00648625 0.0357378 0.184338
-0.018695 0.0326803 0.185998
-0.599268 0.134638 0.938762
0.633386 0.0369119 1.05545
0.403777 -0.270776 0.960786
-0.499443 0.0306922 1.07368
-0.097254 -0.101045 1.49955
-0.577256 0.0808597 0.973186
-0.130707 -0.658794 2.48069
-0.786528 -0.0780127 1.24621
-0.582638 -0.0886189 1.00518
-0.118901 -0.0213229 0.874406
0.00171829 0.0439862 0.19462
-0.202649 -0.304196 0.933784
-0.036945 0.0438904 0.187654
-0.746174 -0.135643 1.08622
-0.608853 0.103059 0.955416
-0.0253497 0.0350372 0.185164
-0.728449 -0.133834 1.06166
-0.182531 0.0740394 0.267916
0.746968 0.0903996 1.61519
-0.106769 -0.0266867 0.834507
-0.0567288 0.0368683 0.176279
0.00387407 0.0577267 0.19385
0.466239 0.0434143 1.12951
-0.0205094 0.0449132 0.183768
-0.355155 0.0483988 0.919745
-0.0019988 0.0458435 0.183473
-0.0235184 0.0487546 0.185622
0.00254587 0.0544138 0.184106
-0.169409 0.0808498 0.295319
-0.0572138 0.0315319 0.191505
0.414539 0.114608 0.692962
-0.00752546 0.0523522 0.205584
-0.524883 -0.0208083 0.887836
-0.466299 0.14905 1.22895
-0.202346 0.0908611 0.830795
-0.452848 0.131891 0.932852
-0.948469 0.29411 1.49223
-0.483646 0.121677 0.904248
-0.482851 0.062906 1.06112
-0.435521 0.109317 0.898331
-0.0291896 0.0469354 0.191234
0.169202 0.175737 1.63875
0.453599 0.0420095 1.10825
0.577128 -0.105159 1.12932
-0.474364 -0.00673458 1.03792
-0.029001 0.0304396 0.182684
0.519664 0.121544 1.17135
-0.218113 0.110435 0.800991
-0.0612456 -0.303953 0.885847
-0.022982 0.0572575 0.209596
0.874402 -0.0927838 1.8451
-0.0897706 -0.312371 0.863087
-0.476855 0.117488 0.892525
-0.555141 0.136355 1.06336
-0.147891 0.118942 0.814079
-0.897196 0.0404538 1.20119
-0.0947828 -0.314816 0.88443
-0.599666 0.0202824 0.844452
-0.0628714 0.0301267 0.182529
-0.206673 0.0755413 0.271805
-0.0910096 -0.277213 1.70431
-0.362458 0.120582 0.606026
-0.0400027 0.0349312 0.181704
-0.720586 0.191444 1.09476
-0.0248908 0.0353341 0.186943
-0.219479 0.104487 0.797199
-0.445004 0.0992693 0.851694
-0.0249968 0.0459749 0.182239
-0.0338635 0.0390319 0.201788
-0.0155347 0.0257205 0.190487
-0.184154 0.0566655 0.236448
-0.388811 0.139721 0.672769
-0.290129 0.116119 0.828501
0.391324 0.109864 0.648969
-0.380245 0.111634 0.827786
-0.169134 0.0706338 0.305251
-0.0375208 0.0639218 0.371556
-0.920228 -0.245276 1.38496
-0.408104 0.125413 1.07062
-1.10011 0.0206607 1.56836
-0.349079 0.101979 0.858503
-0.173887 0.0755668 0.276107
-0.249009 0.0935628 0.555591
-0.623136 -0.0296736 0.997973
-0.571794 0.124599 0.893755
-0.458116 -0.0762719 0.803352
-0.244848 0.0713905 0.376672
-0.601013 -0.111016 1.09422
-0.991224 -0.0793988 1.29776
-1.38538 -0.103585 1.83515
-0.707069 -0.151787 1.04784
0.220653 -0.175559 1.54095
-0.0297532 0.0314383 0.186409
-0.0561681 0.0303279 0.181891
-0.243531 0.0820458 0.455415
0.573743 0.111956 1.24275
-0.334212 0.0819254 0.888771
0.302958 -0.114724 1.44607
0.317215 0.158299 0.489004
-0.178822 0.0907101 0.84692
-0.657609 0.0175899 0.864621
-0.172209 0.12622 0.794945
-0.469495 0.132164 0.95552
-0.0182925 0.0326523 0.186099
-0.749546 0.001724 1.04724
-0.393079 0.108173 0.894981
-0.199263 0.0858184 0.812826
-0.901003 -0.15215 1.31105
-1.17127 0.314367 1.7863
-0.222789 0.116317 0.909174
-0.9242 -0.0752393 1.20466
-0.0253691 0.0430673 0.189742
-0.628454 0.0429522 1.01621
-0.086164 0.0409255 0.173416
-0.0853831 0.0497563 0.173303
-0.0501235 0.0359162 0.183056
-0.485665 0.137085 0.747531
-0.019249 0.0361516 0.186294
-0.771689 0.0375727 1.11981
-0.0865405 0.0349912 0.173827
-0.167047 0.0576709 0.858374
-0.115551 0.0574464 0.815832
-0.0575617 0.0323113 0.217878
0.0371395 0.0589326 0.195424
-0.428661 0.0786874 0.888659
-0.624209 0.0904977 0.978438
-0.0062239 0.025923 0.177325
0.528166 0.0818166 1.16242
-0.601693 0.134936 0.94244
0.209192 0.104858 0.335447
-0.11343 0.0467211 0.247293
0.30776 0.161162 0.505222
-0.0121937 0.0441273 0.18457
-0.0286113 0.0440742 0.178424
-0.209736 0.0663636 0.296974
0.177273 -0.262384 1.61533
-0.0930576 0.0423871 0.198295
-0.219157 0.058597 0.311313
0.239544 -0.116301 1.55709
-0.0227858 -0.259062 1.73291
-0.0925699 0.0481286 0.176425
-0.186607 0.0595897 0.239998
-0.0889715 0.0260473 0.178601
-0.0540612 -0.161948 0.75989
-0.0851083 0.0496186 0.172405
-0.0379257 0.0444481 0.187897
-0.0701205 0.0391523 0.179409
0.00366434 0.0578163 0.193637
0.00203782 0.0348327 0.188217
0.523478 -0.286461 1.13335
-0.197095 0.0724277 0.312497
0.184289 0.258883 1.49512
-0.174314 0.0677957 0.271427
-0.612402 0.14709 0.970086
-0.213552 -0.274096 0.833428
0.6056 0.165316 1.00754
0.755886 -0.346541 1.28005
-0.167722 0.0695209 0.30356
-0.0873014 -0.283541 1.32746
-0.405286 0.118637 0.943726
-0.0190549 0.0436744 0.182219
0.342356 0.0519336 1.13932
0.359808 -0.269432 0.924829
-0.258631 -0.301484 0.927688
-0.0555404 0.0295713 0.181932
-0.0253028 0.0367483 0.191378
-0.022975 0.0267086 0.184576
-0.0674164 0.0351308 0.174102
-0.560568 0.142763 0.95513
-0.389776 0.0701505 0.918856
-0.0397343 0.0161591 0.0783714
0.209991 -0.0534035 2.82186
-0.0920556 0.0334381 0.180648
-0.431598 0.0978114 0.870123
-0.476207 0.115099 0.922455
-0.435074 0.11883 0.893948
-0.635817 0.0943606 1.03333
-0.0786711 0.0475394 0.173366
-0.0135094 0.0448107 0.191101
-0.0527784 0.0594777 0.211514
-0.577391 0.0412471 0.984791
0.530332 0.292943 1.62346
-0.0721532 0.0402509 0.176088
-0.0136417 0.0375364 0.185119
0.0522854 -0.27664 1.79207
-0.80157 0.00645732 1.13272
0.504298 -0.107863 1.12038
-0.717565 -0.153744 1.0699
-0.0072611 0.036597 0.184647
-0.639965 -0.0924332 1.01543
0.298578 0.103341 0.52031
-0.0514859 0.0417131 0.263419
-0.951085 0.316208 1.8851
-0.0518721 0.0352748 0.180693
-0.394863 0.0199617 0.851924
-0.0252825 0.0350508 0.184832
-0.00677823 0.0279757 0.186078
0.491913 -0.294515 1.19476
-0.344186 0.168468 0.830107
-0.115454 0.0436524 0.229847
0.236231 0.215724 0.779943
-0.0319984 0.0327623 0.211646
0.93517 -0.0963455 2.11278
-0.126734 0.0542499 0.840538
-0.0822191 0.0409956 0.176407
0.00506634 0.0588991 0.197409
-0.0228719 0.0295235 0.212009
-0.0872564 0.0248708 0.173402
-0.0732995 0.0247646 0.159809
-0.0959472 0.0277745 0.182367
0.307962 0.111006 0.530451
-0.138792 0.0362146 0.239674
0.0921541 0.0715906 0.201941
0.0876457 0.0611788 0.174065
-0.216197 0.102735 0.785791
0.0371308 0.0581825 0.186815
0.109555 0.0499833 0.123134
-0.0203722 0.0499636 0.183427
-0.0723173 0.0396638 0.174677
-0.0480597 0.0337844 0.227079
-0.226119 -0.328668 0.992462
0.00324029 0.0332471 0.181313
-0.0386753 0.0231384 0.17765
-0.292527 0.0402994 0.879541
0.00351625 0.0365187 0.193736
-0.103659 -0.0152946 0.835607
-0.036899 0.0297443 0.198849
-0.00830869 0.0266813 0.179665
-0.0157679 0.0265189 0.191856
-0.181966 0.0784435 0.33175
0.00858779 0.0474861 0.228339
-0.429098 0.102552 0.833048
0.817585 0.120437 1.70008
-0.164078 0.0602885 0.839816
-0.0898804 0.0440218 0.175419
-0.221338 0.105957 0.93058
-0.0894749 -0.318081 0.874984
-0.0250239 0.0449371 0.187318
0.406115 -0.0161702 1.12367
0.00343078 0.0445442 0.185226
0.678788 0.130995 1.31928
-0.295841 0.0722443 0.769443
-0.00597681 0.0386714 0.196006
-0.0249756 0.0416028 0.187307
0.53087 -0.286684 1.12149
-0.00173549 0.044682 0.185494
0.290097 -0.0911559 0.960156
0.464451 -0.237149 1.6626
0.477461 -0.28383 1.14559
-0.0126116 0.0382264 0.188237
-0.0138257 0.0460206 0.193438
0.0888553 0.0624174 0.177012
0.0697413 0.0635881 0.174007
0.0976927 0.0618833 0.171667
0.48162 0.197392 0.884635
-0.447367 0.129331 0.936219
-0.568967 0.223712 1.00319
-0.050829 0.0562256 0.201094
0.00187004 0.0459801 0.200343
-0.0340378 0.0315324 0.183528
0.139005 0.113362 1.62869
-0.517105 -0.0216956 1.12975
-0.468752 -0.0861881 1.01544
0.628328 0.202002 1.0071
-0.00729109 0.0357731 0.198339
0.803815 -0.0443172 1.50741
-0.0865828 0.0375327 0.173751
-0.176496 0.126937 0.810566
-0.441966 0.133062 0.853394
-0.125856 0.0910347 0.797764
-0.452772 0.18266 0.894904
-0.377644 -0.348241 1.13824
-0.284843 -0.315014 0.984531
-0.312302 -0.113719 0.915733
-0.179079 0.0736438 0.258065
-0.173918 0.0658133 0.274097
-0.0902387 0.0463589 0.171567
0.050329 0.0681186 0.197384
0.326255 0.185743 0.531504
-0.175574 0.074407 0.269619
-0.0757214 0.0365346 0.210547
-0.0852118 0.0405518 0.170583
0.158954 0.133487 1.34384
-0.0298447 0.049553 0.180329
-0.0708658 0.0404849 0.14011
-0.0312071 0.0311557 0.201927
0.000880774 0.0596796 0.252382
-0.0343848 0.0295363 0.193773
-0.0230264 0.0279296 0.19007
-0.0351143 0.0411861 0.207887
-0.0861503 0.0392479 0.173516
-0.0303323 0.0275217 0.159793
-0.0287411 0.0351375 0.171967
-0.237661 0.105938 0.819395
-0.168138 0.0563627 0.860782
-0.553266 -0.077789 1.19703
-0.0680639 0.0343828 0.17719
0.560419 0.132414 1.26931
0.0555777 0.0909247 1.61635
-0.115722 0.0571731 0.811142
-0.0229667 0.0311216 0.186273
0.116639 -0.18727 1.76754
-0.115812 -0.0267593 0.848109
-0.10092 -0.0200726 0.705931
0.725038 -0.0999358 1.48576
-0.00369495 0.0474021 0.187187
-0.0655015 0.0311145 0.196933
0.595208 -0.146029 1.00328
-0.045536 0.129029 1.09713
-0.0613855 0.0270412 0.179985
0.583003 -0.143084 0.982017
0.122568 0.193165 0.689519
-0.0243007 0.0412094 0.175896
0.00315067 0.0358399 0.19134
-0.821539 -0.364097 1.49084
0.125454 -0.113522 1.71935
0.369617 -0.117639 1.41409
-0.0315921 0.0317595 0.185463
0.195773 0.0771763 0.265865
-0.1783 0.0794944 0.280453
0.00402576 0.0308381 0.186203
0.13193 0.108347 1.54749
-0.451306 0.188894 1.04538
-0.192908 0.113882 0.732454
-0.285901 -0.330549 1.04834
-0.0690718 0.0386823 0.179257
0.205071 0.234045 0.903367
-0.6455 0.192758 1.01362
-0.365602 -0.0791175 0.545737
-0.633368 0.176463 0.9317
0.00376817 0.0499781 0.195018
-0.142674 -0.141704 2.53577
-0.0806714 0.0313028 0.171923
-0.00450115 0.0516208 0.205401
-0.380682 0.0638674 0.954011
-0.0728178 0.0400396 0.175714
-0.0256111 0.0360763 0.187934
-0.293055 -0.25041 0.795488
-0.0673004 -0.105163 0.970799
0.00367593 0.0352038 0.187959
-0.0718358 0.0760483 0.383563
-0.00379252 0.0752565 0.629412
-0.307677 0.0767716 0.882747
-0.0196199 0.0491064 0.585121
-0.0615225 0.0286206 0.177462
-0.158889 0.100916 0.709293
-0.0804268 0.186641 1.21056
-0.544636 0.247602 1.13867
-0.454641 0.122285 0.909058
0.50533 -0.26895 1.02598
0.348662 0.106846 0.613691
0.289618 0.163649 0.518776
-0.19227 0.0767165 0.344428
0.526696 0.240175 1.08928
0.123933 0.180324 1.31713
0.21863 0.250558 1.52822
-0.0401575 0.0355226 0.183994
0.00476664 0.0281815 0.186387
-0.563243 0.151136 0.965293
-0.623761 -0.0247206 0.98995
-0.50725 -0.0272572 0.873024
-0.225569 0.0646945 0.279609
-0.2777 0.0487308 0.282355
0.133197 0.204681 0.728838
0.00538432 0.0252486 0.185843
-0.294875 0.0542686 0.304745
0.118489 0.187583 0.690644
-0.231311 0.0655205 0.301102
-0.209308 0.133197 0.736833
-0.226574 0.0649811 0.31613
-0.120892 0.0828014 0.77054
-0.135081 0.137384 0.773183
0.17755 0.20237 0.6448
-0.626112 0.0413874 1.01027
-0.306475 0.109649 0.885849
-0.445528 0.155531 0.873502
-0.0229547 0.0264082 0.183478
0.309544 0.161895 0.507487
0.0019473 0.0310518 0.18629
0.23982 0.254266 0.999162
0.101372 -0.0238124 1.41982
0.992468 -0.137668 1.93592
-0.0025047 0.0420311 0.19435
-0.0692729 -0.291191 1.09195
-0.655716 -0.093507 1.04065
0.943971 -0.0803733 1.85251
0.375675 -0.281031 0.978232
0.856733 -0.0400545 1.60552
-0.0642708 0.0296184 0.177932
-0.0326115 0.0252516 0.177706
-0.0574697 0.0357852 0.181129
0.89174 -0.118103 1.67118
-0.271687 0.0328046 0.833842
0.411168 -0.0148106 1.18022
0.248567 0.181413 1.10288
-0.429886 0.103502 0.914331
-0.338305 -0.327018 1.04661
-0.175657 0.0787823 0.322282
-0.0118045 0.0412036 0.184304
-0.00603361 0.0377328 0.18681
0.573244 0.108675 1.11012
-0.0923249 0.0601479 0.629754
-0.193246 0.0785489 0.857895
-0.491805 -0.172677 1.02756
0.457793 0.243493 1.22995
0.789718 -0.12935 1.60823
-0.0644875 0.0297018 0.178132
0.333899 0.162177 0.531805
-0.436853 0.131866 0.93977
0.00646253 0.0291104 0.192982
-0.572742 0.219892 1.0771
-0.0564504 0.0374637 0.179995
0.12107 0.194415 0.709463
-0.0155434 0.0261201 0.191136
-0.54618 0.222716 1.0453
-0.173239 0.128436 0.802284
-0.628841 0.227265 1.08175
0.545897 0.106492 1.1905
0.607117 0.11181 1.21537
-0.437537 0.0828592 0.898613
0.385221 -0.258536 0.938968
-0.127132 0.0973809 0.656468
0.853117 -0.0594005 1.63949
0.0423543 0.100736 1.32435
-0.0152832 0.118253 1.77209
0.529319 -0.227719 0.991148
-0.0833159 0.0414238 0.174292
0.524971 -0.275018 1.07137
-0.483116 0.13655 1.2938
-0.139895 0.10754 0.757559
-0.148927 0.11389 0.828961
-0.310306 0.105527 0.844629
0.701265 -0.0791031 1.59116
0.435258 0.147523 0.770075
0.34756 -0.179104 1.37535
0.00408928 0.0304846 0.206654
-0.222687 0.045169 0.238893
-0.251959 0.0695861 0.303164
-0.294895 0.0547271 0.340644
-0.252468 0.0743658 0.297614
-0.266245 0.0688018 0.298347
-0.288555 0.0775951 0.328006
-0.0541856 0.120318 0.873929
-0.209414 0.132857 0.737594
-0.342109 0.0503934 0.782411
-0.00401331 0.0401304 0.190256
-0.0410298 0.0155479 0.157781
0.54773 0.115563 1.21429
-0.013623 0.0379799 0.187209
-0.121335 0.120999 0.66924
0.908146 -0.119902 1.82464
0.436733 0.248565 1.29627
-0.00265659 0.0241594 0.178593
0.122325 0.221048 0.705654
-0.45517 0.194839 0.924239
-0.435187 0.189683 0.985885
-0.413042 0.0976814 0.872289
-0.377304 0.103162 0.856817
-0.360231 0.114234 0.908013
-0.320187 0.20448 0.820713
-0.0604379 -0.160711 1.62186
-0.429608 0.122503 0.89825
-0.436556 0.194056 0.896856
0.186171 0.203532 0.652147
-0.144587 0.139254 0.746643
-0.0352478 -0.118119 0.609483
0.287086 0.226571 0.860437
-0.102614 -0.161206 0.411553
0.312465 0.161045 0.496818
0.171609 0.241846 0.806819
0.51391 -0.2543 0.815018
-0.00745099 -0.0142663 0.0806461
-0.371742 -0.293786 0.975878
-0.668831 0.193854 1.03428
-0.347588 0.0986788 0.749494
-0.294436 0.103438 0.843711
-0.0503694 0.0230489 0.138435
-0.0185984 0.0295944 0.190005
-0.282545 0.0722222 0.763533
-0.442249 0.195913 0.910714
-0.556246 0.0296154 0.926621
-0.26086 0.0685299 0.323577
-0.196975 0.0536067 0.328687
0.260029 -0.11476 1.49606
0.386714 0.111012 0.492317
-0.418144 0.114903 0.901505
-0.143859 0.129093 0.717113
0.34023 0.16647 0.477839
-0.339789 0.0617901 0.736174
0.445093 0.0986257 0.531515
-0.31313 0.18469 0.895814
0.668843 -0.112506 1.13116
-0.0164894 0.0463234 0.192396
-0.00537891 0.0467008 0.186282
-0.0045477 0.0259484 0.184898
0.00388132 0.0304721 0.188893
-0.0032512 0.0256847 0.184167
0.430583 -0.180772 1.38407
-0.0138722 0.0378633 0.18584
0.438066 -0.182912 1.39942
0.208544 0.215234 0.823827
0.29403 0.150901 0.516463
-0.474059 0.105504 0.944471
-0.0773034 0.03069 0.172269
0.31428 0.09871 0.490141
0.00510307 0.0335056 0.194899
-0.00588796 0.0389448 0.209221
-0.057584 0.0386605 0.181901
-0.0246084 0.0346544 0.1841
0.137831 0.148829 1.49771
-0.250317 0.11331 0.882096
-0.504695 0.192414 1.00283
-0.404574 0.113141 1.06761
0.548163 0.0884823 0.909596
-0.361428 0.070787 0.922233
-0.376177 0.0821 0.852497
-0.0760775 -0.121946 1.21173
-0.0305483 0.0212328 0.160254
-0.0614046 0.165464 0.731244
0.0153703 0.0801125 0.887093
0.32451 0.0949026 0.463459
0.209058 -0.122548 1.62055
-0.135348 0.13233 0.791348
-0.0180018 0.11483 1.7335
-0.0171476 0.130849 1.84707
-0.0591694 -0.183494 0.869148
0.450886 0.276457 1.35591
-0.432091 0.107707 0.882806
-0.306572 0.128949 0.897753
-0.175538 0.140318 0.747657
0.302315 0.155043 0.52454
-0.360722 0.059934 0.757463
-0.0925134 0.0576626 1.28965
-0.649472 -0.290325 1.1808
-0.186843 0.0687287 0.876749
0.111975 -0.170335 1.63746
0.00346939 0.0995144 1.57851
-0.057058 0.0352182 0.179872
0.350561 -0.229911 0.900881
-0.518092 0.208961 0.98844
0.558338 0.29052 1.52233
0.496932 0.253594 1.57962
-0.0632004 0.0266164 0.17854
-0.0698162 0.0282356 0.185059
-0.661015 -0.0844884 1.03364
-0.654678 -0.0833742 1.02676
-0.0685205 0.0275932 0.181891
-0.0170656 0.0412053 0.184169
-0.362373 0.0929667 0.942596
-0.229936 0.159925 0.765497
-0.298409 0.140166 0.843935
0.409216 0.234251 1.36611
-0.0711661 0.060169 1.53373
0.412658 0.0796398 0.512542
-0.305373 0.0916967 0.840806
1.03278 0.187097 2.08672
0.549154 -0.288483 1.12187
-0.419358 0.124343 0.97674
0.468403 0.0817579 0.629691
0.370429 -0.045613 0.469499
0.415447 0.0990502 0.490827
-0.322456 0.0969946 0.96967
0.348094 0.112598 0.607855
0.384436 0.11068 0.47431
0.114171 -0.193286 1.81612
-0.153523 0.17769 0.835482
-0.407841 0.112946 0.87652
0.170121 -0.125749 2.10052
-0.194218 0.146664 0.776234
-0.344248 0.168977 0.847907
0.201638 0.216862 0.855995
-0.35804 0.198226 0.974156
-0.365177 0.143938 0.835155
-0.3793 0.197958 0.806742
0.256611 0.0322306 0.301238
-0.228295 0.169244 0.795705
-0.292043 0.1074 0.781156
-0.389627 0.178042 0.916327
0.227766 0.262509 1.00053
-0.137604 -0.30303 0.862724
0.173621 -0.273769 1.67501
-0.142953 0.0467606 0.801863
0.125615 0.105599 1.48067
-0.199073 0.0978742 0.785577
-0.299239 0.125714 0.877748
0.364373 0.0594732 0.456525
0.366885 0.105081 0.452171
-0.0542817 -0.119576 1.11889
0.405137 0.0950386 0.477831
0.0181955 0.111842 0.855871
0.442517 0.0956711 0.517652
0.322622 0.0997407 0.490143
0.358315 0.102408 0.488581
-0.356287 0.153041 0.740558
0.87983 -0.0144785 1.76322
0.449338 -0.270433 1.09654
0.379277 0.179061 0.68342
-0.487348 0.206777 1.12507
-0.209311 0.134589 0.738506
0.412 0.0904978 0.517855
-0.0927515 -0.371462 2.67862
-0.08913 0.205389 1.85919
-0.375953 0.193876 0.801312
-0.340899 0.105141 0.863548
0.403831 0.0662527 0.536656
0.342353 -0.0451252 0.433212
-0.220724 0.131093 0.762934
-0.223184 0.164233 0.778557
-0.406195 0.125817 0.859764
-0.288233 0.089684 0.884069
-0.37917 0.0824392 0.861121
-0.369963 0.0932743 0.950398
-0.419847 0.0983057 0.905352
-0.418802 0.130554 0.885414
0.681114 0.139376 0.916884
0.744714 0.154688 1.00038
-0.288386 0.105149 0.836594
-0.134628 0.138612 0.777465
-0.11772 0.113732 1.60859
1.04827 -0.0626429 1.76571
-0.210775 0.107158 0.846756
-0.271974 0.0685238 0.653553
-0.425557 0.168967 0.833437
0.356178 0.218491 0.633897
0.544668 0.107963 1.19723
0.325858 0.0990104 0.497807
-0.144641 -0.263924 0.763309
-0.230804 0.120309 0.764194
-0.443685 0.195434 0.913854
-0.142412 0.0511022 0.828888
-0.434354 0.136284 0.889984
-0.375773 0.190767 0.927763
-0.18313 0.148057 0.776812
-0.293073 0.181702 0.870959
-0.292864 0.18049 0.870502
-0.308361 0.185944 0.789373
-0.209804 0.207819 0.908602
-0.141973 0.145004 0.793056
-0.360026 0.09889 0.752972
0.490926 0.264005 1.2779
0.00145465 0.178281 1.19261
-0.248907 0.171072 0.822158
0.418125 0.100985 0.692489
-0.130375 0.139217 0.638609
-0.300394 0.177844 0.758422
-0.451031 0.136006 0.871288
-0.132348 0.142017 0.650814
-0.137018 0.121723 0.6853
-0.119765 0.0949604 0.719753
-0.444792 0.195787 1.01103
0.374636 0.14601 0.456341
0.318594 0.1631 0.469796
-0.412268 0.077652 0.967566
-0.196229 0.0867553 0.842759
0.966259 -0.0822721 2.1615
0.379831 0.102402 1.25694
-0.107412 0.0509767 0.724674
0.424605 0.0923598 0.537485
0.0338939 0.103555 1.67591
-0.198698 0.0784066 0.954533
0.34224 -0.0450883 0.432015
-0.308343 0.103939 0.839733
0.302044 0.152644 0.513995
-0.301866 0.186854 0.900661
-0.218107 0.157964 0.761753
-0.125202 0.0673857 0.882183
-0.281525 0.143582 1.19939
0.0487119 0.199418 1.84764
-0.277583 0.140472 1.17804
-0.32679 0.162445 0.683593
-0.211493 0.127512 0.807505
-0.191288 0.0702329 0.878538
-0.27975 0.193431 0.817419
-0.328548 0.159499 0.808764
-0.307062 0.0932022 0.829903
-0.304744 0.14586 0.857754
-0.227632 -0.319477 0.977435
0.550092 0.0802194 0.719277
-0.116204 0.0965081 0.699569
0.137105 0.205691 0.742722
0.279787 0.2212 0.756652
0.427392 -0.270448 1.31862
0.511134 0.380693 1.19124
0.399242 -0.270675 0.90375
-0.0125788 -0.0038615 0.150812
0.100408 -0.0488602 0.16025
-0.288151 0.0348844 0.88688
-0.430006 0.0721229 0.932327
-0.389802 0.106383 1.02554
0.356873 -0.240053 1.26836
0.493761 0.0674899 1.25775
0.372982 -0.246347 0.863121
-0.0701431 -0.165534 0.952752
-0.555351 -0.585683 1.53517
-0.123974 0.105762 0.71115
-0.0235414 -0.00333217 0.302227
-0.01088 -0.00765444 0.13325
-0.335742 0.16282 0.823136
-0.121503 0.0946843 0.748839
0.320077 0.243642 0.749462
0.660454 0.0207533 1.10437
0.0929676 -0.263582 1.66356
-0.206043 0.132763 0.727435
-0.202826 0.132066 0.719774
0.49162 -0.129628 0.513173
-0.152093 0.228621 0.945546
0.506892 -0.190425 0.53943
-0.146559 0.123721 0.794683
0.662965 0.0326578 1.1124
-0.13316 0.0891293 0.69321
0.508434 0.064287 1.11507
-0.0827702 0.0898854 0.457656
-0.463166 -0.106471 1.05498
-0.39613 0.138175 0.867057
-0.251989 -0.20231 0.640551
-0.432337 -0.316177 1.09083
0.553624 0.108119 1.2075
1.10476 0.0574392 2.45365
0.242867 0.000704043 0.501777
0.665406 0.232056 1.14201
0.477849 -0.118165 1.11385
0.643441 0.0317541 1.07733
-0.134636 0.0727536 0.810641
-0.0625604 -0.228285 0.890947
0.778637 0.152829 1.07659
-0.206373 0.123571 0.791113
-0.142373 0.212289 0.882374
-0.339236 0.0397668 0.90277
0.568501 -0.118739 1.08418
-0.0525156 -0.164645 0.996933
-0.187404 0.135667 0.731183
0.432515 -0.146038 1.13268
-0.22129 0.183056 0.760561
-0.274665 0.10754 0.774797
-0.330443 -0.288791 0.943692
-0.0679108 -0.141574 0.976118
-0.306925 0.0570274 0.90232
-0.00375322 -0.310329 0.730066
-0.298927 0.107023 0.866559
0.342913 -0.043031 0.435122
0.300518 0.106994 0.362718
0.33672 0.168656 0.592943
0.307386 0.114274 0.381251
0.176689 0.20173 0.641635
0.0113037 -0.0212133 0.201357
-0.107917 -0.163235 1.55206
-0.0607257 0.0416439 0.79831
0.489579 0.198579 0.894964
-0.123002 -0.0155064 0.8664
-0.16471 -0.270475 0.770343
0.305389 0.160095 0.52823
0.0287156 0.16198 1.08171
-0.129476 0.10499 0.78927
-0.0975467 0.0684701 0.630149
-0.125261 0.102517 0.841347
-0.0484071 -0.198061 1.28302
0.112759 0.218607 0.884249
-0.040021 -0.199069 0.580371
-0.195537 0.11192 0.733691
-0.331961 0.158568 0.946718
0.184855 0.201651 0.646758
-0.10675 -0.0154407 0.849233
0.21859 0.255316 1.17982
0.265501 0.086257 0.473496
0.0903241 0.0721953 1.52521
0.518924 0.0766141 1.13693
0.402957 0.0780019 0.503471
0.0138872 0.0668486 0.576373
0.399816 -0.283594 1.02045
0.618281 -0.151225 1.04061
-0.0589946 -0.103338 0.909516
0.00378435 -0.0798412 0.294571
0.358703 0.140342 0.448702
0.188535 0.184349 1.55381
-0.126298 -0.298097 0.838182
0.371101 -0.266403 0.946219
-0.185366 0.0777139 0.812767
0.421671 -0.216923 1.38817
0.406275 -0.273218 0.907909
-0.151711 -0.150997 0.415657
-0.34253 -0.297851 0.973238
0.82123 0.00704603 1.61021
0.18058 0.186864 1.44578
-0.300861 0.0748855 0.865144
0.429875 -0.140176 1.43531
-0.369753 0.0951867 0.936165
-0.247808 -0.0884177 0.614072
0.347273 0.0742316 0.409877
0.873361 -0.101876 1.69758
-0.0547085 -0.153137 1.41806
-0.0454641 -0.0940225 0.75814
-0.0593897 0.167061 0.729052
0.0988597 0.0699871 1.62023
0.28551 0.243802 1.454
0.858244 -0.0559499 1.6699
0.0566204 -0.00317049 0.069631
0.0633181 -0.0454226 0.0804012
0.18788 0.00902094 0.191417
-0.0643482 -0.151012 0.355286
-0.158337 0.0529791 0.711897
-0.19389 0.0950887 0.821902
-0.147798 0.119159 0.859502
0.0980146 0.215594 0.721715
0.00690543 -0.0917913 0.39036
0.00291144 0.0188258 0.159867
0.134604 0.0988502 1.33444
-0.0804837 -0.265893 1.08385
0.100866 -0.118883 1.55222
-0.0642661 -0.249299 1.66544
-0.0859544 -0.173615 1.15571
0.679593 -0.111408 1.27779
-0.131532 -0.145385 0.404879
-0.230994 -0.221935 0.67251
0.0801546 -0.00207577 0.136255
-0.166567 -0.188252 0.533136
-0.0127992 0.12357 1.16814
-0.331224 0.196895 0.950787
-0.0394182 -0.192774 0.573368
-0.0721662 0.154955 1.47046
-0.0651328 0.236548 1.56914
-0.228609 -0.456442 1.35997
-0.0529525 -0.186742 0.780812
-0.292263 0.116159 0.831812
-0.176928 -0.299261 0.878819
-0.0144087 -0.187664 1.13426
0.0215708 0.000819173 0.501157
-0.321398 0.0607519 0.952475
0.094135 -0.00226954 0.108632
-0.027428 -0.0228829 0.371383
-0.247956 -0.287309 0.886797
-0.0726885 0.142848 0.609912
-0.176716 0.127212 0.805018
0.394852 0.184598 0.493348
0.883618 -0.100754 1.69199
-0.0674434 -0.109125 0.935233
-0.123329 0.0778636 0.824393
-0.0832054 -0.0233753 0.595986
-0.281319 0.115651 0.796909
-0.174959 0.0616357 0.869304
-0.243755 -0.310887 0.938236
-0.385885 -0.364026 1.19445
0.187419 0.18739 0.62489
0.417824 -0.273949 0.91609
0.350389 0.17295 0.496193
0.407814 -0.272557 0.998786
0.46453 0.215304 0.562533
0.174446 0.199464 0.787998
0.0214606 -0.0558307 0.16648
0.381051 -0.0161466 1.05747
0.52959 -0.221871 0.98695
0.1706 0.175861 1.45945
0.263481 -0.131016 1.61117
0.395503 -0.133392 1.84937
0.0284954 -0.029678 0.00386065
0.483949 -0.0414866 1.39162
0.204318 0.208689 0.68702
0.471529 0.0646249 1.20661
0.0894688 -0.182529 1.01314
0.567199 -0.101682 1.07932
1.0749 -0.128865 1.81997
0.192359 0.0696203 0.274755
0.128501 0.0219566 0.140545
0.215646 0.00115044 0.524042
0.284988 0.0481868 0.355204
0.336744 0.107186 0.531732
0.068115 -0.0395448 0.103504
0.0332158 -0.0612827 0.211511
0.00970549 -0.0535044 0.085429
0.237824 0.108517 0.364441
0.03326 -0.061342 0.211752
0.0242489 -0.0736163 0.227765
0.00646473 -0.034077 0.0187898
0.0275286 -0.0403653 0.0315482
0.0575081 -0.0608674 0.415611
0.0320414 -0.0600767 0.203694
0.502687 0.265963 1.05842
0.21908 0.22557 0.7339
0.251359 0.0853537 0.277406
0.535387 0.0562785 1.77737
-0.291802 0.0521635 0.899829
0.501412 0.104026 1.11281
-0.0859504 -0.191726 1.91662
0.227027 0.00173335 0.277728
-0.192347 0.0829543 0.863425
-0.213018 0.132954 0.87943
-0.0958171 -0.203032 0.547505
0.476114 -0.080056 0.945641
-0.150088 -0.181404 0.527609
0.0141423 -0.056695 0.107208
-0.187602 0.137877 0.738747
-0.0335642 -0.011155 0.0951202
-0.259156 0.111876 0.731033
0.485427 0.0452289 1.17129
0.346947 -0.114365 0.371333
0.374103 -0.172615 0.690482
0.428926 0.0102314 1.23106
0.093342 -0.0621072 0.429338
0.442381 -0.225286 1.44753
0.347237 0.0229865 0.878762
0.339957 -0.113232 0.364519
0.289721 0.213433 0.812636
0.54035 0.274226 1.27405
0.406369 0.00276611 1.11909
0.212575 0.00415706 0.267897
0.0357656 -0.0523996 0.183216
0.055685 -0.0524329 0.208325
-0.26507 0.0648996 0.83015
-0.130711 0.148395 0.750446
-0.307416 -0.3163 1.00765
-0.0242056 -0.00182823 0.322652
-0.191786 0.0906951 0.801503
-0.201655 0.0822257 0.682759
0.244025 -0.120504 1.65063
-0.133839 0.135817 0.76064
-0.208427 0.132109 0.733521
-0.21294 0.208417 0.91911
-0.291958 0.118149 0.854713
-0.120541 -0.0156734 0.853243
-0.126626 0.0778013 0.646879
0.0113714 0.0467728 0.462714
0.398895 0.205076 1.25975
0.50042 0.0391512 1.16386
0.128419 -0.108781 1.64714
-0.0646767 -0.22954 0.954273
0.399574 0.231241 0.729502
0.23769 0.204694 0.576184
-0.00375014 0.201589 1.32619
0.0771485 -0.0167197 0.0545088
0.476079 0.260458 1.4922
0.0211998 0.101334 1.03537
-0.0552633 0.182627 1.26906
0.360618 0.210093 0.592524
0.141225 0.207869 0.742949
0.226042 0.194105 0.548392
0.00646586 -0.0309203 0.0260331
0.355434 0.176343 0.503252
0.295809 0.132065 0.381296
0.206134 -0.111553 1.45202
0.46373 0.250656 1.21744
0.0939135 -0.045129 1.31368
0.50842 0.119112 1.14071
0.216023 0.210616 0.825975
0.137539 -0.0953609 1.58796
0.383174 0.259888 1.51781
0.172356 0.146357 1.46209
0.538049 -0.105528 1.04526
0.539925 0.234498 1.80439
0.0130612 -0.0512758 0.0674341
0.616048 -0.107128 1.02844
0.357034 0.243662 1.42017
0.128026 -0.0714304 0.585775
0.113377 0.0939924 1.62394
0.38798 -0.29209 1.01364
0.771413 0.0719882 1.60166
0.396062 0.176756 0.554655
0.440601 0.0581213 1.12074
0.288205 -0.135428 1.62986
0.49596 -0.103673 0.945763
0.505665 0.0487116 1.23349
0.0181047 0.0625984 1.19696
0.317542 0.220169 0.535412
-0.0200718 -0.129496 0.678665
-0.119491 -0.170674 1.66341
0.0879504 0.0735071 1.50597
0.332213 0.222472 0.540093
0.126139 -0.113552 1.72774
0.00362851 0.0885344 0.907253
0.285505 0.133537 0.495889
0.00544861 0.218085 1.43633
0.173351 0.191978 0.617314
0.420728 0.222923 0.771559
0.392848 0.183276 0.497616
0.415257 -0.270949 0.909178
0.00864089 -0.0368615 0.00346741
0.145267 0.109649 1.9002
0.144135 -0.158685 0.661597
0.01548 -0.00760292 0.086525
0.016591 0.108493 0.775285
0.123141 -0.139844 0.548101
0.141141 0.017363 0.190012
0.207248 0.147834 0.958246
0.36179 0.141538 0.461182
0.380625 0.160104 0.499811
0.257366 0.0963458 0.465913
0.450119 -0.134922 1.46792
0.35529 0.234547 0.568383
0.0786201 -0.286643 1.82724
-9.0332e-05 0.192496 1.28504
0.247931 0.0606524 0.342115
0.0373293 -0.0639433 0.141373
0.13663 -0.0869917 0.181016
0.0796611 -0.0556694 0.308782
0.370366 -0.149104 0.390144
0.178571 -0.16532 0.770245
0.409285 -0.0435262 0.933131
0.246072 0.142285 0.898961
0.149686 0.0284869 0.927279
0.212245 0.214161 0.653504
0.139614 -0.108134 1.25873
0.111648 -0.0863254 0.471148
0.0867568 0.0531356 1.24166
0.0219453 -0.0468722 0.122897
0.131532 -0.0848484 0.173054
0.101419 -0.0623649 0.41853
