-0.00827134 0.0912327 0.348884
-0.00867965 0.10225 0.385602
-0.00886024 -0.00172811 0.0464439
0.320414 -0.198821 1.25699
0.187527 0.000275033 0.388538
0.0613844 0.00559187 0.412882
0.154739 -0.0917252 0.585646
0.139131 0.0740092 1.0378
-0.054692 0.574803 2.11588
-0.000532338 0.339648 1.27361
-0.239877 0.0979829 0.468358
0.132399 0.0633956 0.300172
-0.124642 0.102125 1.67819
-0.186376 -0.033135 0.973826
-0.177453 0.143581 0.52279
0.166457 -0.0670212 0.635708
0.0130783 0.152968 0.637775
-0.0421827 0.0710282 0.439424
0.123165 0.0116089 0.7975
0.270874 0.00692435 0.757357
-0.484346 0.125339 0.800195
-0.36534 0.122712 0.592436
0.165768 -0.0666827 0.628853
0.156001 0.0615127 0.313468
-0.185602 0.207551 0.812599
0.159472 0.010467 0.314116
-0.153144 0.0975626 0.310414
-0.0758408 0.0927661 0.335999
-0.0979241 0.150173 0.497805
0.225725 0.0886153 0.45107
-0.0615231 0.0666821 0.206454
-0.18053 0.146179 0.527174
0.115455 0.0451155 0.226403
-0.198424 0.00208097 0.698231
0.881595 0.0500678 1.71332
0.148891 -0.09231 0.638699
0.318503 0.0148169 0.553271
0.0136748 0.175415 0.734188
-0.191345 -0.0435589 0.371589
0.266458 0.0180154 0.465089
-0.168147 0.174737 0.687861
-0.130654 -0.0184106 0.46345
-0.188241 -0.113345 0.815879
-0.0287967 0.00454424 0.298345
0.138368 -0.0895918 0.591995
0.186769 -0.00175665 0.695481
0.0164466 0.011233 0.0526516
-0.213874 0.167209 0.566939
0.168285 -0.0856118 0.696247
0.0100746 0.0161202 0.0500473
0.227051 0.0126812 0.415895
-0.136827 0.1173 0.370223
0.0983903 0.100858 0.281122
0.00943357 0.0129172 0.0500629
-0.032945 -0.000208971 0.0701391
0.00485991 0.00665291 0.0258017
-0.127292 0.19446 0.549813
0.0254758 0.0368746 0.108127
-0.025388 -0.00287381 1.51994
-0.152486 0.148437 0.427559
-0.221744 0.178231 0.523516
-0.27669 -0.282149 1.59415
-0.199529 0.115716 0.420378
-0.267115 -0.0464008 1.00994
-0.119598 -0.176162 0.955756
-0.182484 -0.00366042 1.43499
-0.868247 0.506553 1.84624
-0.17871 0.141654 0.398645
-0.346196 0.22259 0.706502
-0.222081 0.195073 0.533062
-0.219871 0.190915 0.600341
-0.435333 0.05333 0.79683
-0.0256738 0.4691 1.70799
-0.288126 0.207826 0.686075
-0.188743 0.13349 0.464287
-0.441362 0.186513 0.721952
-0.239878 0.186945 0.589894
-0.188228 0.162202 0.504307
-0.142315 0.177797 0.683149
-0.191065 0.200849 0.584916
-0.131609 0.173445 0.585087
-0.128861 0.198196 0.560823
-0.158176 0.211233 0.616123
-0.138192 0.212049 0.628242
-0.222486 0.241455 0.68106
-0.167008 0.199884 0.663715
-0.901568 1.09152 3.38195
-0.0138245 0.111328 1.03364
-0.228455 0.0886916 1.76574
-0.148494 0.0145047 1.1743
-0.156491 0.199425 0.626107
-0.127991 0.182484 0.560576
-0.124046 0.0276039 0.920679
-0.124669 0.0750102 1.63121
-0.0175404 0.131631 1.16628
-0.399294 0.258636 2.2892
0.180402 -0.106165 0.76893
0.195754 -0.13848 0.8509
-0.44766 -0.0309024 0.806818
-0.449259 0.16693 0.933315
-0.49623 0.132317 0.900392
0.196223 0.322494 0.989704
-0.206571 -0.120823 0.860866
0.0145664 0.252987 1.10967
-0.420512 0.197378 0.869913
0.00900501 0.287127 1.0879
0.171155 0.468707 1.27988
0.341415 0.150028 0.736503
0.0251202 0.438916 1.32968
0.379635 -0.00056991 0.767001
0.425012 0.0240793 0.8021
-0.176077 0.087884 0.272287
-0.117531 0.00125773 0.235085
-0.100141 0.0401946 1.06359
0.295971 0.193079 0.546458
0.119706 0.0619027 0.817687
1.99634 0.00479704 6.98815
-0.340698 0.00342585 1.23996
-0.334745 0.179012 0.502222
-0.162037 0.116511 1.00216
0.147789 0.187122 0.886563
0.192878 0.234443 1.2581
-0.102567 0.114399 1.61759
0.0117876 0.0162078 0.0501714
0.0823898 0.239052 1.12313
0.127898 0.243703 1.14558
0.462566 0.308492 0.875604
0.641185 0.435557 1.33536
0.429324 0.0362836 0.84976
0.411929 0.0818157 0.807695
0.474161 0.0299143 0.827153
0.374403 0.155446 0.764373
0.0196266 0.330761 0.90156
0.438723 0.168468 0.848988
0.240655 0.124529 0.62507
0.0859688 0.227817 1.19944
0.454317 0.191037 0.93993
0.0226743 0.253371 1.03879
0.0461609 0.0323842 0.134483
0.282725 0.309579 0.921149
1.56146 0.742418 3.14082
0.361994 0.15611 0.716757
0.399648 0.150751 0.740027
0.201831 0.22323 0.978923
0.184922 0.209382 0.973292
-0.199433 0.0762571 1.44088
-0.233847 0.196575 1.6146
0.197924 -0.102659 0.733143
-0.142231 0.185695 1.13718
-0.123385 0.0816386 1.76975
-0.149526 0.164032 0.492569
-0.153295 0.198904 0.547611
0.167644 -0.0963546 0.798575
0.191388 -0.0982931 0.792756
-0.15238 0.111003 0.831301
-0.132383 0.0529158 1.73114
0.22175 -0.102328 0.943688
-0.314831 0.0329323 1.19702
0.201366 -0.101139 0.794894
-0.296881 0.0753671 1.12952
-0.127039 0.174927 0.573643
-0.152127 0.173363 0.616832
-0.129368 0.162921 0.544237
-0.116423 0.204978 0.580661
-0.167841 0.216128 0.65403
-0.578617 0.212176 0.932046
-0.239901 0.177433 0.587598
-0.200595 0.163919 0.503248
-0.187446 0.159855 0.542344
-0.502043 0.219303 0.777212
-0.44752 0.0081368 0.824369
-0.0170385 0.334194 1.4767
-0.390197 0.106418 0.634697
-0.310848 0.25629 0.790443
-0.204633 0.18739 0.590446
-0.0139263 0.452664 1.67543
-0.27208 0.298633 1.15034
-0.145426 0.19061 0.695558
-0.292783 0.149203 0.43378
-0.139836 0.161138 0.578753
-0.019441 0.371577 1.69259
-0.456808 0.0532877 0.843324
-0.513591 0.184688 0.800989
-0.246841 0.210127 0.694727
-0.243161 0.174561 0.525709
-0.245047 0.171775 0.563994
-0.27161 0.179939 0.569841
-0.257433 -0.0397733 2.17986
-0.274367 -0.125784 1.1422
-0.391107 0.18902 0.812946
-0.429749 0.273607 0.87116
-0.0992492 0.145211 0.521841
-0.0731281 0.0939218 0.356095
-0.00952986 -0.00196006 0.0502032
0.256887 0.188001 0.538683
0.00654149 0.0296258 0.118857
-0.131735 0.134471 0.375865
-0.0135457 -0.000953419 0.0245265
-0.126636 0.107479 0.353076
-0.0892182 0.140094 0.419886
-0.133749 0.113124 0.358584
0.0496561 0.0279945 0.146964
-0.144381 0.116985 0.365792
-0.156477 0.114745 0.381356
-0.117294 0.118146 0.358474
-0.108611 0.143942 0.440936
0.00930411 0.0128535 0.0494455
-0.111169 0.125588 0.391251
-0.113769 0.155727 0.496015
0.109374 -0.0754116 0.455002
-0.131165 0.121889 0.348502
-0.0220463 -0.00977591 0.0491187
-0.0870297 0.104798 0.329909
-0.0802489 0.13579 0.40478
-0.134943 0.107796 0.315564
-0.136756 0.111694 0.348438
-0.133877 0.113018 0.372689
0.191985 0.131889 0.404097
-0.120127 0.00105306 0.251493
-0.0423968 0.0500815 0.415894
-0.108152 0.145641 0.475916
-0.0898657 0.106601 0.356185
-0.0783976 0.137805 0.391677
-0.140223 0.120909 0.338611
-0.102217 0.108456 0.375463
0.17559 0.118193 0.337563
-0.169629 0.105651 0.31874
-0.147055 0.0892488 0.278556
-0.117099 0.109911 0.337084
-0.140263 0.115111 0.340684
0.0119509 0.0175317 0.0509997
-0.027471 -0.00711502 0.0686853
0.0248858 -0.00423445 0.0945014
-0.147046 0.10889 0.327703
0.0980338 0.109284 0.321283
-0.108081 0.115948 0.341258
0.00598743 0.0168721 0.0801023
-0.119949 0.113301 0.346145
0.0199565 0.01253 0.0600423
-0.018442 -0.0125346 0.0446583
-0.0461273 0.100314 0.333391
0.0180063 0.0287846 0.0840123
-0.0134014 -0.00618592 0.0218919
0.0165591 -0.00591007 0.174042
0.00999603 0.0246553 0.1173
-0.150406 0.177086 0.530654
-0.039431 0.000391171 0.082147
0.0485814 0.0479265 0.140152
-0.123993 0.105819 0.314948
0.0168612 0.0128117 0.060582
0.0161917 0.0168232 0.0684193
-0.0429375 0.000465615 0.0916818
-0.131146 0.12149 0.346529
-0.0707957 0.0768065 0.237375
-0.241634 0.169641 0.593659
0.11469 0.0515746 0.239995
0.130015 -0.0530728 0.544031
0.211886 -0.151311 0.494112
-0.0932993 0.0684282 0.229336
-0.245818 0.0620664 0.434396
-0.257691 0.161417 0.533424
-0.142421 -0.0641597 0.561123
-0.347889 -0.0894207 1.26019
0.231435 0.0802241 0.415214
0.240076 -0.00341244 0.885632
-0.0265555 -0.0137586 0.0427148
-0.156886 0.110139 0.384899
0.201385 0.0883767 0.40898
-0.159202 0.129206 0.396083
0.0166765 0.159218 0.637762
-0.0845165 0.0704661 0.255054
-0.1789 0.137036 0.396625
0.187048 0.106406 0.344913
0.0795069 0.148067 0.45032
0.104934 -0.148829 0.476551
-0.0412143 -0.000403663 0.0902795
0.0410588 -0.0183862 0.252781
-0.181837 -0.0358231 0.351997
-0.141257 0.131523 0.501117
0.171163 0.175376 0.815755
0.00749805 0.0181861 0.0882508
0.0904369 0.134577 0.386092
-0.159099 0.157841 0.476317
-0.0498747 -0.0673922 0.374134
0.247988 0.113387 0.702735
0.148576 0.182423 0.885119
0.117412 0.0530901 0.249165
0.0520901 0.134919 0.674927
0.168333 0.20457 1.1201
-0.102827 0.0381294 0.7539
-0.117768 0.0945438 0.343485
-0.258336 -0.138239 0.570306
-0.517596 0.134813 0.852932
0.271608 -0.154981 0.984548
0.360667 0.0200969 0.636945
0.0644554 0.0367754 0.188214
0.416128 0.182039 0.87184
0.0170111 0.149419 0.602976
0.140606 0.0667528 0.31774
0.176319 -0.244534 0.796164
-0.0873701 0.1106 0.416141
0.109691 -0.155706 0.49858
-0.14605 0.182599 0.610699
0.0566236 0.043044 0.203436
-0.00252766 0.108763 0.412105
0.22907 0.155469 0.47636
0.0821658 0.000856693 0.229323
-0.0725961 0.125609 0.438163
0.187775 0.118431 0.380716
0.24927 0.158592 0.484087
-0.132246 0.124741 0.373113
-0.179776 0.221174 0.642823
-0.118721 -0.00780555 0.235746
0.178112 -0.0803951 0.946081
-0.205877 0.142946 0.426816
0.0378918 -0.0194099 0.235268
-0.0934083 0.141286 0.401961
-0.0932007 0.131063 0.403432
-0.179526 -0.0358346 0.358779
-0.102015 0.148888 0.475637
-0.084194 0.114975 0.379011
0.225252 0.154959 0.449625
-0.230394 0.164341 0.496633
-0.116453 0.140072 0.438512
-0.129489 0.110819 0.345919
-0.11359 0.155846 0.510875
-0.103441 0.155395 0.492099
0.268671 0.185777 0.546941
-0.110278 0.1295 0.468475
-0.148082 0.111865 0.339405
0.0869708 0.104181 0.458046
-0.0963314 0.120245 0.379047
-0.10547 0.140619 0.447656
-0.112813 0.147414 0.431415
-0.0988927 0.0821277 0.257971
0.246609 0.186955 0.524145
-0.109034 0.1119 0.340686
-0.0838465 0.124671 0.398782
-0.0877022 0.12218 0.341646
0.183099 0.126911 0.372438
0.170465 0.124651 0.356495
-0.140809 0.0817764 0.271966
-0.222372 0.29316 1.80338
-0.0112699 -0.00551564 0.0171652
0.102221 -0.0415505 0.434853
0.755339 0.324769 1.51164
-0.173255 0.129998 0.392012
0.0561305 0.0583765 0.23718
-0.0463496 0.00491957 0.353602
0.0760332 0.0859401 0.398966
-0.0826154 0.0991335 0.350266
0.0602756 -0.0246175 0.365145
-0.166719 -0.190593 1.04189
0.00363635 0.000181147 0.0232976
0.0679949 -0.0512007 0.30193
-0.0266203 -0.00481934 0.0459046
0.032925 0.0246275 0.104552
-0.0928529 0.0862044 0.266001
-0.165778 0.0240875 1.6229
-0.102332 0.124921 0.424836
-0.10474 0.0994294 0.303427
-0.10948 0.111388 0.396497
-0.0306471 -0.0143742 0.0500666
-0.0924062 0.132931 0.475983
-0.0812751 0.124945 0.384016
-0.156351 0.107664 0.322886
-0.0230553 -0.00475604 0.0452115
-0.109814 0.118553 0.335361
-0.147754 0.118635 0.328327
0.00494374 0.00643163 0.0262585
-0.123218 0.154236 0.517082
0.0232165 0.0175162 0.0833858
-0.0303226 0.000177523 0.0640657
0.521429 -0.0237635 0.857277
0.213764 -0.117791 1.26827
0.0776891 0.0763504 0.217833
0.2136 0.242736 1.05808
0.04101 0.321032 1.28365
0.104601 0.987335 2.85202
0.498456 0.176732 0.787126
0.194261 -0.142275 0.93256
0.448929 0.221126 0.697852
0.0344348 0.384417 1.14229
0.160699 0.0088304 1.03735
0.325786 0.187245 0.900799
0.374505 0.173614 0.819629
0.314409 0.292642 0.915515
0.303847 0.225805 0.626513
0.251496 0.182315 0.51004
0.446299 0.0383533 0.809039
0.383713 0.0379178 0.712891
0.413552 0.0269478 0.740699
0.371961 0.0451653 0.695293
0.540051 0.0341252 0.925967
0.397151 0.0225623 0.717792
0.279851 0.194206 0.569498
0.270171 0.17166 0.522747
0.026292 0.501395 1.57813
0.406535 0.0180852 0.705077
0.424325 0.031306 0.727493
0.441462 0.0269829 0.776846
0.434282 -0.02063 0.723843
-0.202009 0.0538033 1.44305
-0.264164 0.0360535 1.00278
-0.132635 0.0332927 0.932134
-0.169635 0.211152 0.634792
-0.433894 0.110273 0.65831
0.181939 -0.123208 0.769717
0.365397 -0.247778 0.837485
0.381352 0.272352 1.12223
0.143375 -0.0784173 0.820394
0.0648512 0.155674 0.776544
0.210291 -0.299685 0.962321
-0.142403 0.1979 0.628435
-0.170902 0.206155 0.617762
-0.168083 0.20982 0.607715
-0.194468 0.168358 0.459466
-0.232207 0.173183 0.518042
-0.254074 0.19486 0.565883
-0.254187 0.197319 0.560732
-0.265983 0.183091 0.595538
-0.211771 0.160354 0.482483
-0.236024 0.193863 0.571082
-0.223518 0.152951 0.500553
-0.203224 0.157398 0.456914
0.0423495 0.363898 1.0856
-0.122532 0.0146768 1.53151
-0.088371 0.160587 1.10581
-0.216879 0.0723966 0.977245
-0.145326 -0.180947 1.26275
-0.138503 0.190315 0.579918
-0.243914 0.164536 0.486304
-0.212315 -0.0230841 1.43286
-0.0880648 -0.00979707 1.07752
-0.22168 0.184993 0.502024
