0.734988 -0.121699 1.64261
-0.127003 0.120714 1.36896
0.750952 -0.338764 1.63943
0.053182 0.119305 0.401163
0.0496392 0.111028 0.421342
0.116366 0.0822735 0.411715
-0.0568654 0.110657 1.31192
0.766944 -0.353874 1.66938
0.110793 0.134997 0.418495
0.029095 0.109585 0.452186
-0.162247 0.146855 0.53442
0.057401 0.105641 0.401903
0.100522 0.128723 0.401108
-0.165033 0.150271 0.544796
0.121836 0.0861515 0.429853
-0.0408265 0.0855211 0.391463
0.144735 0.0886501 0.386015
0.204696 0.0798351 0.322458
-0.125703 0.118874 1.37513
-0.040418 0.0855081 0.391027
0.0444908 0.0848831 0.419789
-0.00952596 0.062159 0.403657
-0.100642 0.0903951 0.489589
-0.00376283 0.0880214 0.40219
-0.210923 0.146157 0.495588
-0.497441 0.0589496 1.5119
0.0683977 0.128256 0.401483
-0.181388 0.147477 0.516363
1.04716 0.0755118 6.40862
-0.213372 0.148215 0.500651
0.0363656 0.0821064 0.35379
-0.0897548 0.0764022 0.38194
-0.305294 0.238627 1.52203
0.0244354 0.0629369 0.392866
0.552188 0.0833683 0.965364
0.0275401 0.072847 0.394281
-0.0644197 0.0989992 0.441123
0.469429 0.039095 0.801447
-0.128893 0.13162 1.37369
0.00721798 0.0821923 0.357766
0.12079 0.0882966 0.437548
0.210944 0.100643 0.328258
0.135666 0.0813807 0.365291
0.0446413 0.0940335 0.35455
-0.266782 0.0864739 1.33156
0.214208 0.10514 0.329344
-0.0963578 -0.0893739 0.418316
0.106329 0.0978369 0.467695
0.169623 0.116176 0.365717
0.0298967 0.0516109 0.502232
0.443807 0.202804 0.53751
0.215621 0.0955516 0.300307
0.0101117 -0.0552903 0.264848
0.0417545 0.0534329 0.404338
0.151947 0.0691624 0.380053
0.151326 0.0691105 0.380121
-0.089336 0.0711826 0.375111
0.175748 0.081273 0.449672
-0.0829654 0.0687317 0.362765
0.054447 0.0927782 0.289932
-0.0117395 0.117897 0.298505
0.0475373 0.125741 0.397821
0.103277 0.111537 0.473758
0.192626 0.0860487 0.393465
0.160104 0.120442 0.378808
0.0427377 0.163404 0.487472
0.0770705 0.133792 0.353471
0.0670187 0.126606 0.398896
0.0586583 0.120567 0.384255
0.0888719 0.105462 0.394317
-0.0579091 0.0849919 0.399305
-0.0174827 0.0927741 0.405489
-0.00678225 0.123119 0.394325
-0.0675649 0.0817965 0.388615
0.0998911 0.0909212 0.287657
0.654708 0.0103727 0.681239
0.693674 0.011704 0.720417
0.000791118 -0.0214586 0.224759
0.00477375 -0.0235396 0.224789
0.007118 -0.0238155 0.220892
-0.00569872 -0.0179698 0.227645
-0.027011 0.29377 1.26506
0.0291978 0.0756735 0.40909
0.208869 0.0822431 0.328537
0.142042 0.0802923 0.424849
-0.649941 0.322164 1.43679
-0.126528 0.127508 0.379876
-0.164994 0.145295 1.3528
0.194905 0.119843 0.381928
0.145668 0.0666274 0.361325
-0.173754 0.144723 0.58301
-0.536964 0.256855 1.48082
0.697678 -0.439354 2.02967
0.78494 -0.341551 1.63128
0.158847 0.0675006 0.374448
-0.0552009 0.0826643 0.387901
-0.041122 0.0847102 0.390262
0.862215 -0.0599033 1.66639
0.209746 0.126452 0.353602
0.175468 0.212693 1.96563
0.993885 0.0184845 1.48149
-0.0742164 0.0705832 0.343437
-0.0444972 0.163699 1.51918
1.05433 -0.49398 1.18524
0.575005 0.0841801 0.707559
0.506888 0.10277 0.629057
0.0489482 0.0514677 0.487354
0.104115 0.080769 0.417913
0.21483 0.0528015 0.303435
-0.0570982 0.126788 1.27147
-0.082188 0.0989714 0.375995
-0.0019971 0.0782121 0.379784
0.366381 0.0684297 0.597014
0.00477048 0.0479638 0.429552
0.0270673 0.0645396 0.395969
0.853764 -0.297343 1.75866
0.0653216 0.128914 0.409391
0.0372118 0.118833 0.483085
-0.0380391 0.163764 0.458436
-0.296085 0.321403 1.51687
-0.0715311 0.0838454 1.46475
0.143439 0.0729432 0.370684
-0.685668 0.155281 1.56419
0.117717 0.149233 0.541217
0.0396149 0.136063 1.24213
0.750683 -0.259711 1.55828
0.134802 0.0743183 0.396473
1.19985 -0.501756 2.21652
-0.083555 0.0911047 0.373507
0.0536268 0.113884 0.427687
-0.00514135 0.143357 0.425394
0.318789 -0.270165 2.3591
-0.434431 0.287919 1.27336
0.225415 -0.132851 0.895939
0.117377 0.0825979 0.408502
-0.114169 0.105021 0.453594
-0.0677004 0.0844019 1.38614
-0.523883 0.173244 1.57565
0.476984 0.0480722 2.39025
0.0915277 0.0825399 0.37503
0.154657 0.0765193 0.387197
0.299634 -0.027423 2.21603
0.193944 0.105168 0.382831
-0.439526 0.211847 1.36844
0.515616 0.186703 2.17394
0.134565 0.0827978 0.372682
0.480679 0.214417 2.24682
0.0399618 0.0283715 1.49783
0.972135 -0.261781 1.78594
0.0231662 0.102371 0.428927
1.4873 -0.485941 2.65684
-0.460982 0.239569 1.42583
0.140097 0.0675998 0.350798
-0.0717944 0.0851816 1.44623
0.173806 0.0674688 0.374977
-0.14593 0.127322 0.529246
-0.629996 0.087286 1.45692
-0.0436085 0.0871706 0.398457
0.0391769 0.0823137 0.406664
0.17798 0.0641371 0.380959
0.102401 0.142963 0.419215
1.33659 -0.557777 2.49955
0.00448613 0.119838 0.45021
0.703141 0.119142 1.72773
0.000993054 0.117717 0.43639
-0.0597803 0.106697 0.425608
-0.517875 0.177504 1.62847
-0.193477 0.153416 0.541296
0.0977993 0.0822452 0.433838
0.114011 0.102426 0.509232
-0.184168 0.173424 1.30432
0.0298905 0.137546 0.458658
-0.0807339 0.13131 0.372657
0.024062 0.0984703 0.429583
-0.176628 0.139812 0.496131
0.389481 -0.440594 1.76314
-0.455473 0.231925 1.45548
-1.02498 0.544793 2.2831
-0.521081 0.3123 1.33464
0.74009 -0.262798 1.53526
-0.0469717 0.0717199 0.389151
-0.583285 0.212755 1.42059
-0.143694 0.104997 0.38954
-0.0521443 0.0974994 0.380901
-0.46758 0.212964 1.32032
-0.0513944 0.0507423 0.366283
0.181614 0.115637 0.281022
0.160773 0.108527 0.34305
0.201441 0.141039 0.418603
-0.00572411 -0.158209 1.38229
0.139645 0.0792046 0.42022
-0.124327 0.124851 0.378589
0.670715 -0.420947 1.9748
-0.0454781 0.0859402 0.39503
-0.529 -0.0184995 1.24076
0.785787 0.143899 1.68683
-0.0846885 0.134334 0.381324
0.101597 0.178053 0.478539
0.0979063 0.139409 0.399821
-0.110089 0.150217 0.424368
0.083176 0.137138 0.341473
-0.454842 0.216261 1.44098
1.04551 -0.419323 1.96112
0.256803 0.0783024 0.363903
0.170972 0.0649355 0.366643
1.07556 0.0105014 1.62226
-0.414449 0.154117 1.56379
-0.400533 0.149015 1.51599
0.0497934 0.0860852 0.216923
0.749576 -0.235027 0.838429
0.171971 0.123576 0.283958
-0.368805 0.148673 1.36211
-0.0681953 0.0771715 0.406167
-0.159763 0.158277 1.37887
-0.0653178 -0.46594 1.44277
0.480984 0.107939 0.794336
-0.149006 0.135644 1.23915
-0.495726 0.238118 1.44599
0.0470651 0.0841103 0.511996
0.173718 0.0820657 0.369976
-0.0658196 0.0813397 0.389404
-0.0198776 0.0915741 0.396321
0.0850465 0.0679278 0.36256
-0.211232 0.179792 1.37174
0.660042 -0.329684 1.956
0.00417711 0.0721982 0.391723
0.0409672 0.103113 0.428084
0.00012138 0.0982796 0.737815
0.0255885 0.0621771 0.397811
0.388511 0.0982453 0.572061
0.2329 0.0686279 0.3228
0.214068 0.0723866 0.308382
0.616641 0.182076 0.733852
0.00566492 0.0715443 0.38064
-0.066675 0.0809092 0.383914
-0.0880477 0.0664754 0.40759
0.847484 -0.105847 1.52322
-0.0343854 0.0697273 0.395658
0.240542 0.253499 2.33461
0.197872 0.049773 0.309731
-0.327907 0.194882 1.33512
-0.0782285 0.148416 1.23036
0.181529 0.116746 0.367356
0.212905 0.0409115 0.318105
0.154158 0.114227 0.357401
-0.0899049 0.113755 0.412662
0.689818 -0.377314 1.68146
-0.51429 0.172356 1.56564
0.0209157 0.0804037 0.386005
0.00469621 0.102788 0.389802
0.0218121 0.106137 0.416624
-0.179925 0.14925 0.538664
-0.458337 0.244998 1.44993
0.172864 0.0665998 0.372495
0.145485 0.0676148 0.348041
0.14783 0.0665125 0.344288
-0.0473102 0.0707319 0.383501
-0.0174951 0.108707 0.383753
-0.076137 0.13849 0.381301
-0.184135 0.154392 0.543749
-0.508319 0.300007 1.29569
0.0230813 0.101095 0.434829
0.00231318 0.0567184 0.406032
-0.0907672 0.0721991 0.380013
-0.00237005 0.0961645 0.40757
-0.05269 0.119677 0.479671
0.111339 0.089477 0.459508
0.17622 0.06381 0.379327
2.30851 -2.56572 9.89857
1.36111 -0.404321 2.45234
0.282146 0.0191228 2.42778
0.691593 -0.382074 1.68905
0.0227993 0.111552 0.432022
0.207602 0.0954982 0.313125
0.570939 0.13182 1.71581
0.549705 0.0324348 0.792605
0.698496 0.137588 1.06708
0.0380189 0.0467676 0.41089
-0.0548342 0.0642436 0.409258
0.0874739 0.113515 0.372989
-0.0554478 0.0730205 0.397606
0.104776 0.124435 0.389154
-0.0796077 0.0955546 0.373184
0.221617 0.0776643 0.312701
-0.0720569 0.0849552 0.347603
0.272014 0.0806169 0.382339
-0.112468 0.0800661 0.469765
0.464482 0.15457 0.835876
0.211415 0.0884484 0.323101
0.338292 0.155563 0.64061
0.203086 0.0848176 0.308878
-0.0896507 0.080787 0.391275
0.0267365 0.121272 0.4035
-0.0741376 0.0668845 0.393057
0.200693 0.127265 0.40505
0.0282205 0.108401 0.444824
0.280755 -0.221082 1.15398
-0.00962224 0.0534489 0.401928
0.158216 0.0666717 0.371641
0.217154 0.0751483 0.306029
0.0750809 0.152109 0.354765
0.149873 0.125546 0.308353
0.143622 0.150052 0.362635
0.193831 0.135781 0.340373
0.13331 0.122275 0.274612
0.127005 -0.0231416 0.310167
0.745733 -0.429711 0.870092
1.07673 -0.354474 1.35402
0.00195477 0.0723198 0.371624
0.970301 -0.0745785 1.6948
0.834192 -0.36416 1.74101
0.0308015 0.0758276 0.445852
0.0337236 0.077283 0.387121
0.225276 0.0837519 0.31767
0.140105 0.06808 0.372872
0.0588661 0.119457 0.429291
0.0386807 0.0546368 0.470013
0.478621 0.0688363 0.825645
0.173431 0.0881096 0.482139
0.0430872 0.154312 0.629015
0.049944 0.126574 0.404299
0.094418 0.0861827 0.403431
-0.0177751 0.0923955 0.402673
-0.0176212 0.108511 0.388709
0.0894476 0.107042 0.402454
-0.0838013 0.0781092 0.373173
-0.173539 0.140269 0.570257
-0.0826707 0.0955857 0.383785
0.00307849 0.0656088 0.448607
-0.0126989 0.0617851 0.401785
0.154829 0.114729 0.3603
-0.0757052 0.0746298 0.363338
-0.403045 0.223537 1.64333
0.223039 0.0340946 2.20307
0.447021 0.0368338 0.761309
0.369208 -0.0177747 2.59218
0.190566 0.0712581 0.413276
0.242347 0.111804 0.505991
0.000710807 0.116543 0.426731
-0.080606 0.108659 0.379615
0.203433 0.0848002 0.309677
0.0139107 0.130074 0.426962
0.982565 -0.183244 1.52526
1.22904 -0.424044 2.2156
0.842459 -0.057414 1.63431
0.0309477 0.115885 0.460544
0.244723 0.0369509 2.51802
-0.040645 0.080858 0.713243
0.11789 0.0869973 0.433613
-0.0570737 0.0781445 0.424858
0.050312 0.109356 0.413496
0.26306 0.0393383 2.36573
-0.0579668 0.0752983 0.378807
0.180683 0.117263 0.368073
0.143478 0.13086 0.357694
0.104506 0.13479 0.420498
-0.0563593 0.13616 0.391296
-0.180844 0.140847 0.468927
-0.160404 0.148813 1.35046
-0.0820655 0.133787 0.380766
-0.169149 0.133463 0.462858
0.067219 0.121587 0.390502
-0.0950066 0.138344 1.05142
0.112944 0.0833191 0.416718
0.0258805 0.120349 0.403228
0.158784 0.102053 0.452008
0.0170553 0.0986444 0.374851
-0.00302974 0.0876017 0.408365
0.956987 -0.0673882 1.8456
-0.00322624 0.0834542 0.403103
0.794357 -0.126897 1.63794
-0.465795 0.183449 1.61252
-0.0188283 0.111724 0.400727
0.0258254 0.105457 0.352384
-0.454773 0.229085 1.02359
0.208759 0.0998708 0.322971
0.0287315 0.108723 0.448281
-0.0654677 0.0645684 0.403603
-0.1653 0.126311 0.540198
0.0458601 0.0816584 0.531048
-0.138118 0.111757 0.387449
0.211435 0.0441654 0.317164
-0.562615 0.312258 1.62184
-0.43819 0.263892 1.12829
0.217858 0.0523453 0.342345
-0.28534 0.163882 0.579529
-0.00448215 0.0567178 0.377292
-0.329285 0.145974 0.555151
-0.0219545 0.148205 0.427153
-0.061493 0.0632248 0.388832
0.0410786 0.0433851 0.429232
-0.29924 0.180417 0.659486
0.0124666 0.0740702 0.498343
-0.0383277 0.132765 0.397386
-0.0798206 0.0706143 0.382046
-0.119032 0.11975 0.360519
-0.197068 0.137685 0.468041
0.00586721 0.149538 0.443992
0.0626485 0.128368 0.408113
0.138272 0.0831192 0.363438
0.0447382 0.0989365 0.442896
0.0455016 0.159072 0.469957
0.144051 0.0718019 0.370112
0.0436352 0.0850735 0.422307
0.0708958 0.132915 0.429092
-0.0841288 0.111985 0.392182
-0.0597919 0.0888463 0.374361
0.0244287 0.0542498 0.290195
0.110482 0.143021 0.452385
0.189844 0.125934 0.383857
0.0332969 0.165094 0.506389
0.156785 0.0661877 0.340667
-0.0813897 0.102577 0.376393
-0.0323574 0.0687991 0.392991
-0.088699 0.079949 0.387951
0.0377278 0.0411461 0.400316
-0.122228 0.108051 0.317599
-0.0530394 0.084295 0.358807
-0.122118 0.107481 0.315993
-0.0786659 0.0699597 0.379044
0.205351 0.0935613 0.319754
0.0481874 0.11346 0.462581
0.0365984 0.115944 0.472556
-0.000758354 0.0960503 0.399743
-0.0199984 0.144567 0.417978
0.194496 0.0528676 0.311986
-0.0310006 0.0683384 0.388936
0.0419554 0.0429563 0.419448
-0.0664814 0.0736873 0.381739
-0.0660371 0.0784272 0.373499
0.152253 0.101878 0.321465
-0.198971 0.151361 0.522461
-0.622086 0.216024 1.48301
-0.243533 0.163786 0.570312
-0.330288 0.177101 0.834631
-0.596193 0.210372 1.42829
-0.220565 -0.0753237 0.813064
-0.0499085 0.0755519 0.336074
0.041564 0.0967007 0.407396
0.93321 -0.361734 1.50113
0.0959941 0.13722 0.393838
0.0228369 0.0903401 0.391588
0.161119 0.0684962 0.37987
0.0307159 0.0844604 0.41317
0.00309006 0.102355 0.376322
0.102165 0.0797241 0.408116
0.118294 0.127451 0.336484
-0.0865218 0.113197 0.405865
0.219927 0.123478 0.299716
0.0452275 0.131304 0.329436
0.14197 0.143709 0.344453
0.547776 0.0253592 0.913364
0.199789 0.118224 0.292346
0.179937 0.0783128 0.246452
0.0940777 0.212559 0.486436
0.0756676 0.154391 0.353905
0.191027 0.126008 0.369046
0.0691479 0.143208 0.36793
0.0236395 0.0362171 1.23037
-0.0340233 0.121756 0.365089
0.482861 0.0423026 0.809274
-0.0542956 0.0820374 0.385353
0.733386 -0.09394 1.62293
0.136168 0.0747993 0.399615
-0.208468 0.171582 0.60686
0.118 0.0822991 0.407465
-0.0652493 0.0951508 0.401779
-0.232596 0.154938 0.701573
-0.0675989 0.0927122 0.38202
0.0173134 0.0746083 0.306873
0.0315515 0.112168 0.449814
0.137423 0.083869 0.378877
0.0114406 0.0900808 0.401144
-0.603221 0.305836 1.34844
-0.223062 0.15601 0.526603
1.69159 -0.541956 2.76867
-1.32546 0.701881 2.94179
-0.073576 0.0759278 0.368719
-0.0870278 0.133383 0.393731
0.00136476 0.0669568 0.423542
-0.481416 0.264271 1.20563
0.140062 0.0900279 0.396624
0.0425469 0.0973753 0.419128
-0.422445 0.167311 1.48885
0.976148 -0.244017 1.77567
-0.171497 0.140747 0.577332
-0.259136 0.159027 0.565686
-0.479597 0.261538 1.5055
0.16712 0.102589 0.340009
0.250864 0.104757 0.346841
0.314188 0.0798695 0.458357
0.257588 0.106779 0.355421
0.141486 0.110236 0.346913
0.227775 0.0764353 0.325486
0.025876 0.139971 0.374489
0.21077 0.0834549 0.331593
-0.020893 0.147087 0.425189
-0.232511 0.178128 0.477716
-0.346943 0.155701 0.641353
0.302497 0.109413 0.524321
0.289164 0.0710998 0.418805
0.0577463 0.136445 0.396212
0.049033 0.135213 0.371268
-0.680358 0.0813369 1.55542
-2.48395 -0.0357325 3.44593
-0.975256 -0.0377001 1.76228
-0.0687837 0.0933612 0.373174
-0.0560261 0.0797755 0.36766
-0.0718297 0.10177 0.379485
-0.136795 0.138141 0.744768
-0.177397 0.135474 0.504566
-0.200195 0.157824 0.519211
-0.197885 0.147482 0.546547
-0.0813906 0.0700915 0.368329
-0.159531 0.146323 0.537383
-0.491753 0.198306 1.48348
-0.29591 0.235945 0.741543
-0.198187 0.156876 0.515898
-0.170743 0.14566 0.517676
-0.17348 0.135011 0.526078
-0.0168022 0.12811 0.397867
0.179973 0.109501 0.370243
0.181164 0.126374 0.341359
0.120676 0.10168 0.273783
0.181424 0.106457 0.263163
0.13593 0.105168 0.331323
0.0611881 0.142611 0.414822
0.0543264 0.125675 0.436327
-0.0211624 0.141405 0.438829
-0.321131 -0.348741 1.3445
0.171229 0.0599559 0.360432
-0.636854 0.0838587 1.47936
-0.440254 0.172132 1.45654
0.5349 0.0720272 0.917903
0.699412 -0.229516 1.79414
0.572286 -0.536022 1.4311
-0.00217358 -0.180901 1.51453
-0.00647384 0.0581185 0.405907
-0.213801 -0.0221352 0.362615
0.00889483 -0.024263 0.220368
-0.214011 -0.0220418 0.362884
0.0325994 0.0617075 0.390892
0.598869 0.0340501 0.742335
0.589272 0.0866 0.729998
0.848176 -0.425259 0.900138
0.916853 -0.101923 1.61843
0.0213037 0.0664671 0.555242
0.0266395 0.046871 0.456708
-0.100401 0.0984232 0.681934
0.152217 0.0689807 0.380645
-0.293976 0.0960272 1.4059
0.759616 -0.404862 0.890115
1.06581 -0.496867 1.20882
0.197554 0.0778258 0.301284
0.443893 0.202416 0.50594
-0.103985 0.0823053 0.433319
0.0980148 0.136718 0.350963
0.141336 0.0987582 0.27616
0.226901 0.0752519 0.322274
-0.00126557 0.147477 0.431776
0.0236015 0.151526 0.403487
-0.0542365 0.0824342 0.386501
-0.0736768 0.0677617 0.384796
-0.0707208 0.135316 0.327955
-0.0759099 -0.0445823 1.38643
1.08866 -0.501228 1.80589
0.685974 -0.163706 1.68755
0.845621 -0.540958 1.56583
0.672131 0.0861844 0.676967
0.661844 0.00648165 0.786574
0.491918 0.0470452 0.813614
0.572777 -0.537815 1.44525
-0.173644 0.175601 1.43772
-0.414187 0.161752 1.46535
-0.513558 0.198111 1.5466
0.745987 -0.409558 0.783376
-0.0596514 -0.0329979 1.25628
-0.377478 0.142528 1.39628
0.300027 0.248382 2.37148
0.879906 -0.373552 1.64346
0.738524 0.135627 1.7402
1.07426 -0.19963 1.6717
1.1127 -0.367997 1.40139
-0.382946 0.225376 1.56663
0.0116651 0.0897292 0.410828
0.0396306 0.064607 0.406342
0.672014 -0.00408737 0.808566
0.00168168 0.0783898 0.396714
0.31896 0.0801679 0.469327
0.624288 -0.199801 0.834546
0.599899 0.0294086 0.752813
0.699922 -0.376294 1.67973
0.786271 -0.147264 1.4895
0.585195 -0.538032 1.41876
0.619604 -0.195649 0.824062
-0.0683342 -0.0367489 1.3275
0.739227 -0.113632 1.64189
-0.465739 0.214318 1.40956
0.166177 0.117459 0.243042
0.179655 0.13756 0.324423
0.112531 0.118494 0.420224
0.173716 0.118037 0.281017
-0.0744761 0.0690076 0.385425
-0.0181417 0.163652 0.424875
0.0166497 0.108517 0.529209
-0.0883039 0.103267 0.407276
0.17863 0.121709 0.32294
0.00528769 0.155688 0.462051
-0.0750329 0.10346 0.377006
0.198076 0.147818 0.418689
0.0211521 0.155343 0.453033
0.0722679 0.13587 0.426521
0.162457 0.0687942 0.38229
0.596369 -0.531837 1.38358
-0.202738 0.167 1.29793
0.917252 -0.585122 1.69175
0.285249 -0.36419 2.41646
-0.0343247 0.0605861 0.337336
0.477713 0.0390358 0.811873
-0.0477099 0.0696001 0.383242
0.605028 0.0839771 0.727978
0.00586623 0.0687883 0.399594
0.0410232 0.0525521 0.404793
0.0403697 0.0773534 0.4829
-0.0288872 0.163171 0.770956
0.183515 0.132162 0.299031
-0.0546154 0.154165 0.291124
0.337476 0.184994 0.41986
0.247499 0.10872 0.34464
0.191527 0.111538 0.255244
-0.115594 0.156128 0.439192
-0.0663215 0.0773801 0.364186
-0.080247 0.0921872 0.375288
0.208277 0.125774 0.35056
-0.0891953 0.124946 0.404345
-0.393119 0.162665 1.45198
0.124753 0.0925936 0.25638
0.0620299 0.145954 0.415473
0.166995 0.0726306 0.349474
0.0998398 0.121378 0.434171
0.799964 -0.274741 1.66454
0.260967 0.0807061 0.370716
-0.0605194 0.142203 0.410914
0.042132 0.0531935 0.399961
0.00233616 0.0762594 0.499262
-0.000215427 0.164467 0.435681
0.0362252 0.0758341 0.314788
0.109921 0.166742 0.481804
-0.0570611 0.136075 0.393167
0.0446642 0.165455 0.491727
0.709447 0.0682755 0.662572
-0.0826702 0.11846 0.382871
0.182176 0.121742 0.350757
-0.00692357 0.0756227 0.41205
-0.0155907 0.0900495 0.393439
0.0594958 0.122315 0.390869
-0.159523 0.186674 0.541322
0.245587 0.0755052 0.345595
0.0930071 0.172307 0.448807
0.159251 0.107564 0.339484
0.228506 0.101043 0.31712
-0.126919 0.140581 1.36393
0.312739 0.173184 0.662047
-0.0336461 0.169503 0.365544
0.166731 0.140772 0.317638
0.664094 -0.482138 2.00579
-0.433014 0.29338 1.27497
-0.499154 0.266801 1.53334
-0.642969 0.126845 1.43462
0.591511 -0.0697974 1.15091
0.817901 -0.0578419 1.58643
-0.0701809 0.0669109 0.368508
-0.0660809 0.0766382 0.370066
-0.204048 0.191902 0.504086
-0.756828 -0.0271854 1.39062
0.109342 0.13188 0.411879
-0.065489 0.0905416 0.373851
0.0257356 0.0545125 0.396064
-0.0800165 0.069976 0.415168
-0.0069291 0.0694231 0.412862
0.170646 0.0699556 0.363516
0.985558 -0.327571 1.24863
0.0398831 0.0681375 0.397662
-0.0890375 0.0656523 0.386514
0.736647 -0.429842 0.875269
0.647155 -0.00726244 0.815091
0.621602 0.0359912 0.772658
0.448565 0.205888 0.514937
0.21305 0.132168 0.325372
-0.483073 0.359567 1.5203
-0.0795607 0.0727274 0.367319
-0.0793239 0.0728334 0.367014
-0.197358 0.12969 0.484441
-0.0798608 0.0735965 0.368719
-0.378673 0.198139 1.34394
-0.285862 0.190203 1.39495
-0.188563 0.247362 1.35137
-0.582263 0.444973 1.82078
-0.144595 0.234248 1.29747
-0.0343593 0.275872 1.32297
-0.284394 0.329232 1.54043
0.701488 -0.131553 1.15648
-0.170991 0.145955 0.51883
-0.170833 0.145836 0.519309
-0.771793 -0.113407 1.44031
-0.443736 0.234784 1.54158
-0.645651 0.154036 1.51502
-0.959599 -0.0353727 1.73002
-0.200852 0.152544 0.524882
-0.199833 0.148047 0.532944
-0.692236 -0.104775 1.3166
-0.992677 0.267636 1.55055
-0.998238 0.264939 1.56248
-0.199601 0.154038 0.517507
-0.235035 0.169914 0.533362
-0.188847 0.151709 0.523724
0.00236059 0.0626431 0.403651
0.721062 -0.167709 1.75597
-0.538501 0.262584 1.48343
-0.166336 0.171904 1.36742
-0.280874 0.104715 1.46704
-0.0760659 0.138441 0.381097
-0.223966 0.156328 0.528605
-0.196298 0.144683 0.539205
-0.627553 -0.0233928 1.43482
-0.189187 0.334637 1.41923
-0.31249 0.188545 0.673176
-0.211861 0.145993 0.507902
-0.70026 0.419963 1.41598
-0.192922 0.142052 0.533318
-0.145433 0.0889186 0.434391
-0.236306 0.142453 0.528962
-0.242015 0.190314 0.484457
-0.262453 0.200777 0.53923
0.29072 0.198394 2.31902
0.149917 0.132313 0.28336
0.168808 0.119007 0.250178
0.00370928 0.0453245 0.347116
0.118107 0.113167 0.276109
0.0733022 0.0885463 0.188216
0.149852 0.14183 0.303619
0.237731 0.150204 0.321356
-0.0502209 0.15531 0.396338
-0.0892471 0.171498 0.439511
0.142027 0.118118 0.288922
1.07423 -0.35099 1.34867
0.945591 -0.291999 1.07126
0.0429636 0.054562 0.411131
0.284948 0.0240499 2.44469
0.69527 -0.370552 0.782124
1.20124 -0.507619 2.40123
1.70574 -0.34879 3.43332
0.75913 -0.413718 0.793758
-0.398841 0.165937 1.47424
0.838089 -0.0864633 1.63371
0.33567 -0.173525 2.38374
0.8107 -0.0879154 1.58172
0.226066 0.189505 2.19465
0.784357 -0.0628789 1.40824
0.471649 0.0460769 2.38389
0.0943735 0.0244318 2.464
0.00848321 0.0776721 0.391606
0.0923736 0.0757334 0.403382
0.599468 0.12514 0.761213
1.08065 -0.354448 1.35715
0.583078 -0.497326 1.72215
-0.44161 0.135349 1.41277
0.782795 -0.329284 2.15453
-0.270663 0.292693 1.19818
-0.0800627 0.179307 1.34709
-0.367142 0.219897 1.4818
-0.708481 0.163392 1.614
-0.646296 0.0818249 1.39296
-0.184944 0.172562 1.30172
0.762343 0.137578 1.95417
1.13572 -0.0116423 1.43043
-0.176877 0.24739 1.33709
-0.0537462 0.106214 1.30753
0.037737 0.0413285 0.395791
-0.0866039 0.11292 0.412704
-0.0017118 0.0898353 0.425131
0.0318435 0.0696949 0.390611
-0.0165699 0.0916936 0.400397
0.11159 0.0794571 0.394733
-0.0808708 0.0831772 0.568545
-0.22658 0.156032 0.531608
-0.554478 0.210414 1.34988
-0.446647 0.204465 1.30113
0.75686 -0.123033 1.63771
2.08786 -0.61815 3.40416
-0.191408 0.238792 1.50394
0.698017 -0.504051 2.10584
0.159334 0.0670736 0.348057
0.935388 -0.357029 1.50473
0.0247031 0.0620122 0.396794
-0.000155333 0.0665025 0.389887
-0.0787339 0.0821291 0.377691
-0.0383806 0.0877001 0.350923
0.0168063 0.124302 0.362555
-0.0443999 0.0686154 0.316749
0.192692 0.120794 0.379679
0.246261 0.13076 0.380704
-0.0637326 0.0869083 0.355058
-0.0657482 -0.0423217 0.381321
0.0378465 0.0515546 0.40438
0.361373 0.131211 0.615222
0.589048 -0.53259 1.68819
0.9969 -0.455557 1.64979
0.658606 0.00431683 0.785501
0.409434 -0.383179 1.0267
-0.126606 0.239053 1.31786
-0.206862 0.443214 2.0913
-0.679606 0.162852 1.49666
0.70561 0.151429 1.70132
-0.574441 -0.0228547 1.33605
-0.717447 0.154591 1.61581
-0.320697 0.203746 0.52071
-0.268377 0.186121 0.485703
1.05996 -0.391154 1.93648
-0.140335 0.12931 1.20032
-0.0773241 -0.181515 0.568762
0.309569 -0.261961 2.29023
0.512541 -0.405664 1.13849
0.758605 -0.121006 1.62706
0.273533 0.237004 2.22816
0.729182 0.186142 2.30315
0.687839 -0.192275 1.69323
0.56679 0.096867 0.755963
-0.280617 0.323348 1.52304
0.199308 -0.116778 1.58069
-0.082438 0.271404 1.31606
-0.816934 -0.116125 1.50496
-0.329002 0.207792 0.947734
0.777116 -0.105089 1.52331
-0.120915 0.21319 1.40054
0.856683 -0.323497 1.58994
-0.0929148 -0.330934 0.809019
-0.0482378 0.13539 1.00468
-0.0992365 0.076136 1.34205
0.1307 0.446835 2.2218
0.0419259 0.113366 1.14673
-0.0819697 0.296203 1.45295
1.14889 -0.326435 1.98733
-0.095796 0.0763628 0.404723
-0.0952475 0.14706 0.359228
0.889398 -0.0637343 1.70508
-0.0739686 0.0677439 0.511668
-0.0376979 0.0715144 0.400661
0.126269 0.21993 1.996
-0.692889 0.243273 1.56619
1.23172 -0.418103 2.31746
-0.185858 0.247609 1.356
-0.0529456 0.284889 1.35948
0.748932 -0.326906 1.57243
-0.0678664 0.190265 1.3657
0.0334796 0.111345 1.14146
-0.29565 0.234106 1.47319
-0.0560788 0.115136 1.27283
-0.274602 0.143296 1.43194
-0.697518 0.143743 1.35618
-0.63454 0.0786958 1.37714
0.610402 0.0879475 0.738046
0.170821 -0.321004 1.40393
0.49637 -0.183881 1.45343
0.263515 0.238225 2.19
0.227354 0.0507235 2.4458
0.0621757 0.142974 1.38011
0.636249 -0.0119237 0.799763
0.0317475 0.00539122 0.271246
0.985611 -0.177434 1.53145
-0.18703 0.175905 1.32133
0.765089 -0.418647 2.61317
0.515126 0.19833 2.18337
-0.0687452 -0.0259788 1.26323
-0.0526403 -0.030063 1.26512
-0.185677 0.180768 1.3226
0.822921 -0.39303 0.965516
-0.688667 -0.0578949 1.63437
-0.0487484 0.164014 1.67926
-0.523564 -0.032093 1.50345
0.603884 -0.503969 1.75875
-0.0176218 -0.206792 1.30113
-0.0528505 0.143311 0.842485
0.409468 -0.260734 1.82395
0.229604 0.244285 2.24185
0.253069 0.249783 2.35684
-0.470111 0.253722 1.45488
1.99466 0.42726 2.55858
0.655984 -0.00191455 0.793602
-0.000834062 -0.146061 1.30895
-0.0183605 0.167208 0.435906
0.311158 -0.090615 0.746846
0.342413 0.189208 0.427681
0.314058 0.173782 0.389896
0.130944 0.0895022 0.188424
-0.482507 0.174985 1.50935
0.145236 0.145594 0.3556
0.292937 0.0584441 0.441181
0.178418 0.143207 0.301205
0.0745052 0.150588 0.343461
-0.0551981 0.0836498 0.390117
0.112871 0.113881 0.242541
0.169813 0.120781 0.275425
0.441636 0.301484 0.83107
0.183813 0.137662 0.297576
0.17244 0.127644 0.276514
0.202378 0.117213 0.279577
0.240698 0.196367 0.548214
-0.0730818 0.162956 0.384944
0.141559 0.131811 0.295442
0.0406509 0.11469 0.245544
-0.00100903 0.162622 0.431205
0.218582 0.113735 0.326634
0.0679958 0.140765 0.362426
0.110403 0.141739 0.534296
-0.503372 0.230861 1.50165
0.0155096 0.159838 0.467029
0.0964739 0.138034 0.370529
-0.0509749 0.0716769 0.390912
0.055606 -0.00468302 0.056621
0.212086 0.121568 0.287806
0.6531 -0.0684178 0.830941
0.683731 0.0139083 0.748475
0.513547 0.115808 0.848448
0.695604 -0.342552 2.02088
-0.15292 0.122197 0.497278
-0.177324 0.149184 0.537947
0.0301981 0.0846574 0.409579
-0.340776 0.14867 0.576774
0.1299 0.0720958 0.37672
0.601237 -0.549028 1.73477
0.787446 -0.27433 1.64001
-0.224504 0.157195 0.530152
-0.0391844 0.151492 0.415534
0.131316 0.07203 0.38078
0.188885 0.11077 0.274266
-0.0395575 0.0842352 0.384574
0.589454 0.0337969 0.748755
0.146576 0.121954 0.298435
0.168658 0.0784264 0.33427
0.137089 0.126797 0.349102
-0.0392939 0.0828685 0.330209
0.0351185 0.0607195 0.407029
0.0462664 0.098078 0.387472
0.172104 0.126246 0.32423
-0.0739182 0.135831 0.373981
-0.0724985 0.10886 0.376547
0.204879 0.116616 0.277272
0.225374 0.0875255 0.359768
-0.0281678 0.11533 0.50623
0.251837 0.0837247 0.358634
-0.0547703 0.0780488 0.60435
0.373718 -0.0427342 0.692189
-0.0563882 0.136339 0.391744
-0.0566658 0.0699549 0.371907
0.176752 0.0752082 0.391205
0.460654 0.00119859 0.445817
0.347575 0.110409 0.608568
-0.057904 0.0868111 0.379771
0.618941 0.0886228 0.772096
-0.0830677 0.106047 0.382676
0.0235823 0.135886 0.356177
0.179291 0.126187 0.339175
-0.0639293 0.0988994 0.382782
0.021848 0.0818874 0.882918
-0.0132883 -0.00759729 0.22728
0.0375604 0.144747 0.324859
0.159479 0.13885 0.339586
0.808261 -0.121281 1.65842
0.163641 0.115141 0.239876
0.155031 0.145978 0.328265
-0.286312 0.383498 1.57551
0.152446 0.141562 0.319972
0.716506 0.109564 1.7308
0.77564 -0.250032 1.60852
-0.0822714 -0.0364474 0.48656
-0.133135 0.184755 0.537524
-0.052731 0.060833 0.390977
0.0251349 0.163035 0.340692
0.155183 0.0973916 0.226244
0.153525 0.115249 0.285573
-0.0105917 0.0546162 0.411719
0.0666296 0.278185 1.41524
2.23053 0.221831 2.8234
0.797386 -0.159694 1.45068
1.26475 -0.42609 2.35418
0.71645 -0.0566242 1.29977
1.09233 -0.390166 1.92201
-0.227457 0.421419 1.59969
0.92882 -0.171692 1.45998
1.05738 -0.308567 1.85267
0.00766506 0.0794119 0.392068
-0.54416 0.139596 1.22246
0.904619 -0.0611561 1.67016
-0.612809 0.0903377 1.40162
-0.436823 0.188276 1.39523
0.763873 0.109252 1.91513
1.38195 -0.44572 2.26518
1.55625 -0.65699 2.95302
-0.35218 -0.308688 1.28519
0.351498 -0.0120996 2.34996
0.82467 -0.187751 1.50192
0.307275 -0.194132 2.24622
-0.0865516 0.653007 2.78817
-0.122007 0.204934 1.55639
0.961457 -0.106507 1.67137
1.02323 -0.109992 1.90407
-0.0651705 0.079083 1.2544
0.0622889 0.140235 1.37356
-0.301443 0.171198 1.57721
1.22722 -0.373719 2.11197
0.825959 -0.289089 1.70334
-0.235113 0.226171 2.17341
-0.104827 1.28557 5.16796
-0.0972054 0.248547 1.7631
0.79842 -1.14593 4.86458
-0.0533993 0.145346 1.50361
-0.0235956 -0.222566 1.16643
-0.0602336 0.144964 1.25796
-0.0583201 0.297385 1.41684
1.76104 -0.547799 3.17322
-0.0405728 -0.334001 1.33113
0.654102 0.00763631 0.778383
0.15216 0.271752 2.43735
-0.0543521 0.13553 1.34698
-0.0497029 -0.0289237 1.26637
0.687919 -0.0459686 0.866845
0.80351 -0.0583551 1.54353
-0.083478 0.0738673 0.378475
-0.674121 0.16025 1.48745
0.167341 0.0735284 0.235802
0.226318 0.111288 0.351445
0.13408 0.147162 0.390427
0.0371761 0.140853 0.359445
0.0251383 0.015614 0.345451
0.0692406 0.01852 0.0865011
-0.0524785 0.0762955 0.386899
0.0302074 0.00419354 0.0313402
0.920339 -0.0654025 1.76006
0.0669321 0.14022 0.392686
0.000778112 0.0585919 0.414211
-0.0629902 0.0749971 0.401278
0.560634 0.169246 0.663626
0.146004 0.121404 0.298278
0.202228 0.0950825 0.296722
0.189018 0.127748 0.306987
0.177618 0.112885 0.274518
0.243969 0.121348 0.379035
0.181166 0.119732 0.321544
0.194075 0.136707 0.368946
0.0629642 0.114666 0.24604
0.176011 0.111699 0.260475
0.206409 0.0954219 0.47655
0.100522 0.124501 0.46401
0.0295644 0.0593837 0.383323
-0.0500914 0.0720005 0.39311
-0.00274002 0.0493364 0.369182
0.401167 0.182412 0.456935
0.000455027 0.0513048 0.401991
0.176717 0.135659 0.336385
0.192827 0.0525886 0.30991
-0.0297356 0.131073 0.372366
-0.00419734 0.082304 0.420988
0.754974 -0.120113 1.68608
-0.0325238 0.0696731 0.396326
0.123445 0.109303 0.299329
0.217704 0.106706 0.332775
-0.00569015 -0.234456 2.05655
-0.0330362 0.0944077 0.398256
-0.550944 0.25411 1.52892
-0.542257 0.25118 1.50604
-0.143234 0.108911 1.40198
-0.482001 0.203731 1.4272
0.242695 0.0616389 2.06391
0.10599 -0.0358442 0.252557
0.0309809 0.136788 0.33641
0.110877 0.120439 0.330327
0.114745 0.0793752 0.39476
0.121641 0.0925974 0.381616
0.0456949 0.158096 0.466664
0.0203635 0.0995592 0.397742
-0.0734226 0.199805 0.552326
0.203567 0.0414963 0.310557
0.244365 0.0899756 0.390902
0.122511 0.0844367 0.369813
0.21374 0.100988 0.315104
0.0621742 0.147442 0.36611
0.218405 0.0966179 0.301315
0.113564 0.0802377 0.404049
0.136406 0.100671 0.31481
0.20733 0.0778384 0.306731
0.120965 0.0959206 0.387882
-0.163264 0.147924 0.538412
-0.0670666 0.0928971 0.382789
0.328036 0.0614975 0.393757
0.204969 0.124891 0.348914
0.202008 0.0988334 0.309581
0.0555085 0.126336 0.307638
0.0280613 0.000493723 0.0123598
0.049244 0.0761598 0.409559
0.0546887 0.127745 0.428667
0.142539 0.103505 0.325574
0.195006 0.0677963 0.317596
-0.490161 0.17639 1.55351
0.230564 0.134983 0.324026
0.216687 0.134379 0.375511
0.164563 0.0697747 0.388776
0.180765 0.134157 0.299019
-0.113128 0.158582 0.460383
-0.0236345 0.152956 0.434962
-0.0803029 0.0754674 0.360149
0.119115 0.0878217 0.199264
-0.097865 0.151528 0.3672
0.194317 0.143714 0.322429
-0.0846669 0.161843 0.420662
-0.0726031 0.157678 0.357711
0.0934597 0.116984 0.259905
0.182988 0.128864 0.269901
0.192955 0.10985 0.261085
-0.0780465 0.0901243 0.364707
-0.0873146 0.150438 0.338398
0.00177662 0.113559 0.402042
0.00591367 0.108548 0.414936
-0.0754842 0.13714 0.37998
0.0176668 0.094001 0.362255
0.0301618 0.111902 0.418971
0.0350938 0.0938315 0.412432
0.0292574 0.108513 0.403247
0.111381 0.0783602 0.38696
0.0243216 0.140176 0.365379
0.109058 0.0921834 0.423971
0.112505 0.0781707 0.385123
0.113219 0.0789575 0.390692
0.0559505 0.127721 0.443125
0.0169637 0.0967598 0.388072
0.131729 0.123848 0.307783
0.157368 0.120137 0.294726
0.230404 0.0816828 0.331103
0.12101 0.116699 0.365097
0.0223845 0.163194 0.477327
0.0368876 0.150675 0.396659
0.0426485 0.0621376 0.407529
0.624934 0.220424 0.726406
0.0757415 0.143163 0.388072
0.441396 0.00628249 0.41552
0.0383727 0.137786 0.352856
-0.00830945 0.164145 0.434834
0.185416 0.12447 0.296707
0.19461 0.108294 0.261053
0.00327923 0.0806178 0.388094
0.108821 0.135337 0.378824
-0.0200778 0.153342 0.425426
0.0816712 0.141718 0.365895
0.125839 0.112995 0.305582
0.497878 0.105523 0.822242
0.204935 0.0687757 0.222918
-0.00842289 0.138204 0.345628
-0.00415924 0.146755 0.435212
0.19679 0.0782907 0.302431
0.0852492 0.140281 0.349002
0.211461 0.0758734 0.29951
0.160526 0.164268 0.398117
-0.0255079 0.155869 0.482229
0.532326 0.157543 0.630057
-0.121929 -0.075649 0.640432
-0.00569485 0.168677 0.541098
0.74736 -0.108962 1.66456
0.0195169 0.01054 0.0356745
0.739924 -0.130676 1.52922
0.0606811 0.139996 0.409255
-0.0301089 0.132742 0.376102
0.0250997 0.149048 0.39695
0.0576914 0.123907 0.390987
0.0943448 0.107409 0.337804
0.0997532 0.143634 0.387696
0.326375 0.117658 0.571488
0.182406 0.121827 0.351755
0.00760104 0.0755376 0.362953
0.0650798 0.156065 0.400012
-0.0701027 0.0939482 0.376949
0.0552036 0.129264 0.44065
0.125143 0.188768 0.614782
0.199585 0.120362 0.336415
-0.00392459 0.156451 0.436829
0.50844 0.210875 2.27146
0.494836 0.0897665 0.680951
1.55368 -0.392029 2.67541
0.805989 -0.0611202 1.56461
-0.0579522 -0.338235 0.807099
-0.503868 -0.035023 1.45957
-0.200846 0.168042 1.29292
-0.19308 0.230964 1.4116
0.0323264 0.0604459 0.400021
-0.125762 0.208106 1.38677
0.841544 -0.0594912 1.61949
0.0366696 0.400152 1.80904
0.733489 -0.25614 2.0174
0.0322944 0.332963 1.54263
0.777635 -0.0895077 1.53476
1.0246 0.0592262 1.47134
0.391798 0.0244875 2.32224
0.880212 -0.366264 1.60956
-0.0351458 0.343573 1.4581
-0.205665 0.284815 1.33498
1.11079 -0.0489587 1.41374
-0.187165 0.274477 1.35739
-0.0720925 0.27638 1.43897
-0.0348931 0.30827 1.45813
1.3237 -0.445199 2.22576
0.940088 0.0209336 1.42119
0.340332 -0.146163 0.708394
-0.155581 0.248458 1.35626
0.0646822 0.276795 1.41364
-0.212537 0.290496 1.40113
-0.127706 0.297099 1.41658
1.78609 0.389548 2.30733
1.07831 -0.372129 1.90268
0.745288 -0.245177 2.03422
1.34177 -0.0406613 1.62525
0.779218 -0.27104 1.44161
-0.177454 0.229808 1.28152
0.795234 -0.606541 1.66716
-0.170542 0.179977 1.22508
0.746669 -0.238752 2.03073
1.10367 -0.22408 2.28988
0.622325 -0.0889317 1.18536
0.951598 -0.114914 1.673
0.568388 -0.507817 1.33416
1.18062 -0.13047 1.99798
1.67008 -0.391434 1.79148
0.554235 -0.520015 1.43068
0.597637 -0.543538 1.38435
1.05163 -0.583173 1.06512
0.0473745 0.0829935 1.43019
0.758291 -0.0541013 1.41795
0.85757 -0.21508 1.55266
0.753272 -0.141527 1.22862
1.10405 -0.503333 1.23104
-0.0163628 -0.204411 1.24255
0.872347 -0.25952 1.75874
-0.237793 0.328933 1.50553
-0.0678353 0.227963 1.52809
-0.261402 0.194271 1.28935
-0.0393727 0.463959 1.89762
1.18832 -0.326386 2.04259
1.00518 -0.196724 1.55266
-0.512464 0.0899814 1.59255
-0.175981 0.180392 1.40022
-0.319369 0.164791 1.2012
-0.494979 0.200466 1.46943
-0.704259 0.252913 1.57958
-0.799044 0.102103 1.72668
-0.972582 -0.0390892 1.76862
0.34556 0.00634815 2.30437
0.748494 -0.129224 1.56312
0.784494 0.0783941 1.22707
-0.00560056 -0.016093 0.237739
0.273063 0.247377 2.25953
0.689803 -0.81112 3.49005
0.581869 -0.157003 1.41856
0.311378 -0.299012 2.4256
-0.116858 0.0832462 1.29531
-0.0380948 -0.319254 1.49642
0.248197 0.0133404 2.10819
1.05656 -0.398359 1.94443
1.00847 -0.333922 1.1571
-0.0688036 0.192324 1.13801
0.958981 0.0195367 1.44835
0.469244 0.0902234 2.2631
0.809471 -0.538016 1.507
0.803305 0.12346 1.75542
1.44098 0.125016 2.00969
0.834831 -0.540184 1.5477
0.237979 0.121295 2.09211
-0.306473 0.302913 1.44389
-0.531452 0.173645 1.28062
-0.575282 0.295049 1.28322
-0.624116 -0.0227392 1.42472
-0.220528 0.17349 0.519844
-0.121035 0.0919071 1.32868
0.886045 -0.117252 1.71097
0.955842 -0.346854 1.84106
-0.0740663 0.221668 1.66845
0.525083 0.0440452 0.853441
0.763671 -0.355285 1.66253
0.723149 -0.399283 1.76122
0.960465 -0.445592 1.56953
-0.0614417 0.133506 1.16822
0.761316 -0.0619201 1.36974
0.70517 -0.160046 1.73367
0.726573 -0.48805 3.7543
0.334854 -0.177091 2.3434
-0.00214282 -0.104828 1.23947
0.39725 0.00467262 2.4769
0.559367 -0.509458 1.33506
-0.0635038 0.21831 1.35003
0.665899 -0.00573335 0.781852
-0.124972 0.0942278 1.38896
1.01726 -0.450044 1.119
0.74067 0.118954 1.64763
0.0113506 -0.0215188 1.352
0.542754 0.112736 2.62246
0.0485625 0.0139585 1.04233
-0.0686937 -0.0277812 1.24867
0.52531 0.104633 0.855978
-0.630747 -0.0150852 1.42464
0.459983 -0.215685 0.591035
-0.739667 0.381195 1.56509
-0.824167 0.25495 1.3801
-0.618247 0.321707 1.38013
-0.430271 0.324547 1.53999
0.0614185 -0.145034 0.830768
-0.801119 0.306604 1.33045
-0.613884 -0.0137905 0.996354
-0.885887 -0.0684329 1.63808
-0.797491 0.251078 1.3532
-0.695772 0.0198989 1.43503
-0.648478 0.0842618 1.39545
-0.0549169 -0.0430385 1.23395
0.213495 0.0481263 1.86494
-0.917099 -0.13282 1.67089
-0.688677 0.16509 1.51193
0.00881215 -0.0196476 0.224385
-0.00349571 -0.0189092 0.22261
-1.29887 -0.106623 1.42966
-0.17744 0.188165 1.48887
-0.694459 0.387903 2.21031
0.760697 -0.121505 1.63025
-0.454162 0.172706 1.39599
0.305128 0.0224781 1.87687
1.0761 -0.321127 1.87828
-0.133342 0.118299 1.23222
0.397809 0.0213161 0.740033
0.631944 0.0309136 0.826538
0.0068952 0.210125 1.30255
-0.206351 0.174441 1.29939
1.15593 -0.412272 2.17486
0.923158 -0.421452 1.03491
1.19495 0.120445 1.7291
-0.45901 0.433414 2.94255
0.161881 0.227938 3.16529
0.245958 0.0947394 2.20402
0.463714 -0.202739 1.38786
0.782759 0.139165 1.70715
2.33471 0.554006 2.9178
-0.35359 0.22257 1.78396
-0.400072 0.56899 3.23667
1.22982 -0.529543 1.31876
-0.06563 0.209972 1.29131
-0.336014 -0.0729086 1.11837
-0.29362 0.255766 1.43935
-0.319339 0.153895 1.35538
0.450425 0.033609 2.19715
-0.426898 0.15475 1.60363
0.567352 -0.503861 1.4077
0.832034 -0.0478606 1.62108
0.554392 0.207625 2.31063
0.358139 -0.187363 2.55501
-0.337481 0.20035 1.372
-0.464969 0.219665 1.47949
1.25655 -0.559203 1.33807
1.23179 -0.243832 1.38524
0.446306 0.0380695 2.20162
1.10575 -0.579295 1.11875
0.984096 -0.150511 1.96954
-0.807543 -0.0632177 1.52151
0.995884 -0.277675 2.00878
0.551385 -0.0669809 1.07179
1.16695 -0.22208 2.00006
0.956455 -0.222406 1.14274
-0.184399 0.191469 1.32721
-0.0699954 0.190482 1.32204
0.847986 -0.31903 1.57356
0.632075 -0.274926 1.21529
0.169621 0.0359854 1.51116
0.75522 -0.352789 1.65112
0.511981 0.211568 2.29444
0.469977 -0.0485935 0.951066
-0.0848564 0.199783 1.3976
0.687994 0.121971 1.75948
0.0902959 -0.0619444 0.505294
0.0910272 0.0239923 2.48992
0.72864 -0.392988 1.74606
-0.973164 0.260351 1.52602
0.307418 -0.0471625 0.758015
0.198077 0.34827 1.68287
0.862366 -0.143095 1.88219
0.923458 -0.397495 1.88002
-0.0633841 0.15928 1.36684
-0.351136 -0.381214 1.46526
-0.0511378 -0.0307055 1.31272
-0.141986 0.310804 1.49401
-0.359562 0.103635 1.49655
-0.341894 0.397558 1.52987
0.851998 -0.566109 1.57503
-0.396169 0.176886 1.37075
0.622138 0.0571514 0.966878
-0.286034 0.158114 1.48771
-0.128072 0.125129 1.37642
-0.308471 0.303379 1.45297
-0.771726 0.0313871 1.57695
0.387082 0.177162 1.7773
-0.296186 0.121663 1.46945
-0.176259 0.216603 1.36979
-0.243167 0.334563 1.51696
-0.0747873 0.208754 1.24455
-0.321426 0.354416 2.04425
0.338895 0.161436 1.08973
0.0213328 0.380178 1.69943
1.18156 -0.0517324 1.4904
-0.162889 0.0436263 0.395224
-0.0486146 0.338494 1.44739
0.57628 -0.0909769 1.20515
0.916306 -0.0979681 1.76214
0.815524 -0.271901 1.68363
0.730748 -0.0536503 1.31646
0.830894 -0.334543 1.5527
1.00163 -0.342302 1.7427
1.40599 -0.654757 1.35868
-0.00375411 -0.0881202 1.17025
1.24335 -0.590796 1.36897
0.604303 -0.385123 1.19146
0.961007 -0.221131 1.71522
0.646271 -0.11511 1.37963
0.824598 -0.317267 1.48037
1.57543 -0.559341 2.662
0.141716 -0.0678585 0.507871
0.676788 -0.0502825 1.27615
0.0473089 -0.0344043 0.232983
0.00319191 -0.018787 0.224549
-0.00590308 -0.0177826 0.22571
0.00742483 -0.024317 0.220267
0.00717199 -0.0290276 0.220293
0.00149672 -0.0282227 0.219739
0.00550998 -0.0296766 0.220816
0.00848535 -0.0216077 0.218491
0.0107886 -0.0241941 0.217846
0.0138263 -0.0228296 0.221195
-0.00689777 -0.017446 0.227656
0.00433322 -0.0291358 0.222682
0.0139399 -0.0193348 0.224261
0.00131968 -0.021693 0.221468
0.00571119 -0.0281408 0.221973
-0.00590561 -0.0171647 0.225701
-0.190244 0.226063 1.3109
0.464556 -0.363304 1.05439
0.501958 -0.448632 1.18141
0.876935 -0.327343 1.62125
0.946368 -0.727221 1.9783
0.605509 -0.405304 2.97871
-0.944104 -0.0200091 1.40589
0.716499 0.12959 1.84632
-1.00445 -0.0187874 1.47879
-0.458937 0.0572905 1.05566
-0.0652664 0.122525 1.175
-0.0045913 -0.00879399 0.262829
0.705286 -0.162594 1.71911
-0.27482 0.129555 1.19728
0.506499 0.140511 2.3364
0.581767 0.159384 2.63179
0.92908 -0.103827 1.74136
0.421175 0.0278495 2.48225
0.0230293 0.334631 1.52596
-0.0112842 -0.166211 1.41802
-0.303494 -0.103729 1.25771
0.117778 -0.103015 0.882749
0.273321 0.0649506 0.84581
0.684282 0.0548577 0.99285
0.0189125 -0.0202517 0.295076
-0.375788 0.18832 1.53372
-0.0885767 0.0696892 1.24192
-0.0637978 0.1998 1.35295
-0.0620643 0.163947 1.2247
-0.273822 0.29562 1.39058
0.0401326 0.148284 1.02011
-0.325085 0.154898 1.37419
0.140053 -0.113811 0.667033
-0.0260543 -0.20544 1.03445
0.183101 -0.109514 0.874001
0.00894485 -0.0241378 0.220614
0.0104127 -0.0239577 0.22082
0.0118471 -0.032003 0.220479
-0.00156765 -0.017978 0.224624
-0.00530636 -0.0203333 0.226401
0.547118 -0.0573339 0.547432
-0.00655389 -0.0178302 0.227963
-0.00308935 -0.0169859 0.222861
0.00919276 -0.0174648 0.220061
0.00466396 -0.0180663 0.22201
-0.00799486 -0.0174537 0.227914
-0.0179478 -0.0187064 0.227259
-0.0149318 -0.0170352 0.235445
-0.0248916 -0.00506427 0.226419
-0.028053 -0.011362 0.23531
0.652196 0.0999433 0.68898
0.282211 -0.148406 0.483142
0.758 0.037101 1.15922
0.832942 -0.598835 1.3638
-0.26223 0.168905 1.30957
0.0279732 0.0715012 1.39304
-0.323801 0.359468 1.45624
-0.0590286 0.136301 1.31125
-0.476558 0.0909239 0.758001
-0.534809 -0.175115 1.21804
-0.0454733 -0.000797919 0.255087
-0.863141 -0.219035 1.12065
-0.0199414 -0.000558534 0.252613
0.728925 -0.526899 2.1988
-1.02189 -0.122657 1.28125
-0.0213094 -0.00503272 0.231349
-0.421757 0.29657 1.3337
-0.0284306 -0.00574118 0.233595
-0.441319 0.32267 1.37028
-0.505819 -0.167825 1.16741
-0.979251 0.0594392 1.64495
-0.0275893 -0.0109417 0.232045
-0.775166 0.0478284 1.33628
-0.0249922 -0.00843656 0.223382
0.000286634 -0.19122 1.65557
-0.88319 0.0718379 1.50622
-0.0313792 -0.27863 1.29804
-0.0252016 -0.00842563 0.223511
-0.718994 0.0217023 1.47536
-1.2566 0.00957082 1.44682
-0.675875 0.084688 1.20037
-1.2536 0.164376 1.10392
-0.349755 0.172062 0.858855
-0.608229 0.206648 0.900933
-0.570052 -0.0300657 1.61155
-0.738181 0.394444 1.46779
-0.42068 0.273467 1.21915
-0.577147 0.0173194 1.21351
-1.06056 0.120504 1.30126
-0.352872 0.170155 1.41111
-0.40143 0.216574 1.31342
-0.647246 -0.0196212 1.46326
-0.382505 0.306456 1.46042
-1.51703 0.207956 1.38488
-0.340908 0.150307 0.855196
-0.0825644 -0.00542859 0.26696
-0.0260127 -0.0118222 0.230427
-0.0534124 0.00612664 0.268193
-0.338359 0.198464 1.69233
-0.0261425 -0.012846 0.223686
-0.118086 0.0147303 0.276555
-0.118202 0.0146579 0.276768
-0.273604 0.406325 1.85081
-0.606531 -0.0703704 0.846992
-0.00728358 -0.00656526 0.265456
-0.720357 0.362776 1.24098
-0.443232 -0.107484 1.22055
-0.584104 0.383237 1.51933
0.679844 -0.184375 1.70811
-0.861265 -0.207058 1.12093
-0.859608 0.0624586 1.46392
-0.78794 0.30881 1.27948
-0.652673 0.0388987 1.14476
-0.627958 0.100378 1.20916
-0.581896 0.0318598 1.03846
-0.466534 0.137556 0.909763
-0.640265 0.160697 1.06968
-0.0371616 0.000697948 0.230769
-0.237789 0.0788093 0.448914
-0.353079 -0.0900845 0.682607
-0.029943 -0.00588456 0.226292
-0.0282363 -0.005795 0.233414
-0.0284239 -0.00575207 0.233646
-0.0300083 -0.0101806 0.226029
-0.071173 0.004774 0.268295
-0.679363 0.0854852 1.4565
-0.564856 0.172721 0.997504
-0.895673 0.231576 1.24979
-0.549963 0.302064 1.09901
-0.49841 0.293347 1.06038
-0.0251459 -0.00305911 0.229883
-0.090226 0.0437297 0.334656
-0.211958 0.00432765 0.327831
-0.0599645 0.152092 1.18952
-0.297486 0.236326 1.45634
-0.0538776 -0.0431442 1.25297
0.0602722 0.185747 1.2255
0.283399 -0.141054 0.927178
0.0610246 -0.00614287 1.35699
-0.200708 0.166121 1.29914
-0.141204 0.172725 1.18169
-0.346806 0.201776 1.42077
-0.174227 0.179589 1.24785
-0.0665777 0.295359 1.57969
-0.436064 -0.462263 1.73809
0.941155 -0.0133239 1.05905
1.52814 -0.898958 1.18185
-0.0793915 0.170938 1.36694
1.34194 -0.0812617 1.46543
0.968672 0.078439 1.42165
0.992733 -0.174535 1.53093
-0.0117312 -0.14259 1.17123
0.0835523 0.0238211 2.34335
0.174432 0.0571221 2.37309
-0.286357 0.250186 1.39811
-0.0588532 0.109371 1.44855
0.66664 -0.0193271 0.886485
0.0678798 0.308603 1.42939
-0.306008 0.0959503 1.4641
-0.00481381 -0.0217196 0.306428
0.570826 -0.535729 1.46727
0.227223 -0.102402 1.70172
0.569559 0.0323577 0.770128
-0.298978 0.238451 1.42874
-0.0801906 0.173034 1.20311
0.0284594 0.265112 1.22811
-0.0901983 0.177438 1.33517
-0.0314268 0.351727 1.47387
-0.111616 0.273283 1.74771
0.378229 0.152026 2.03655
-0.350939 0.102931 1.46558
-0.195385 0.371518 1.41286
-0.396571 0.300377 1.43807
0.00524805 -0.182947 1.17584
-0.446323 0.245231 1.59107
0.513952 0.0367961 0.783498
-0.0880514 0.180572 1.28364
-0.304971 0.232123 1.50429
0.697906 -0.0408143 1.39784
-0.420983 0.254675 0.929721
-0.0954035 0.154433 1.30507
-0.563029 -0.0501231 0.736662
-1.67921 -0.373513 2.06246
-1.54224 -0.263543 1.82306
-0.537769 0.482509 1.83063
-0.559911 0.38997 1.72181
-0.208618 0.068037 0.420186
-1.25715 0.278541 1.43225
-0.699655 0.246657 0.902573
-0.218131 0.0718629 0.430402
-0.54296 0.336819 1.38974
0.882394 -0.557736 1.62528
1.4188 -0.414871 1.34109
0.00878992 -0.0290238 0.218264
0.00906427 -0.0276758 0.222487
0.00869933 -0.0274587 0.223269
-0.364876 0.111437 0.665762
-0.554533 0.20788 1.05665
-0.492049 0.113548 1.13747
-0.862108 0.18276 1.1175
-0.561975 0.298549 1.29615
-0.644879 0.352785 1.24435
-0.0261185 -0.00282924 0.230125
-0.450736 0.32207 1.63744
-0.597702 0.162594 1.09607
-0.473161 0.313132 1.44014
-0.79659 0.308495 1.29087
0.221068 0.244902 2.22344
1.20181 -0.04143 1.47418
-0.0821351 0.172219 1.30722
-0.189306 0.325528 1.38818
-0.164116 0.152323 1.42404
0.00463966 -0.0105338 0.26683
1.37064 -0.554587 2.54458
0.0226261 0.0491962 1.2529
-0.157176 0.144049 1.28904
-0.0600878 0.149373 1.26614
-0.0975904 0.164537 1.36872
0.816782 -0.0591831 1.53694
0.187055 0.0640194 2.4184
0.963224 -0.0485317 1.62627
-0.74688 0.357651 1.46135
-0.413373 0.255762 1.25678
-0.542056 0.257226 1.19598
-0.0479084 -0.0406765 1.1356
-0.0134563 -0.164357 1.32218
-0.304003 0.148268 1.49038
-0.625815 -0.020976 1.4263
-0.890974 0.116883 1.55077
-0.289135 0.37662 1.56568
-0.456577 0.317971 1.39969
-0.444587 0.0499266 0.819242
-1.06264 0.00593634 1.25124
-0.680287 0.339673 1.4811
-0.49246 0.126459 0.992402
-0.556943 0.367025 1.45766
-0.654666 0.0935436 1.49943
-0.256411 0.144295 1.35379
-0.153523 0.120782 1.4234
-0.0529515 0.141284 1.31005
-0.969828 0.208539 1.69982
-0.704816 -0.0405687 1.66417
-0.0403338 -0.311005 1.47437
-0.064289 0.17012 1.3987
-0.189445 0.32951 1.40027
0.0196423 0.0123211 1.25188
1.39885 0.13115 1.96109
-0.318068 0.163524 1.32017
-0.284212 0.160694 1.46431
-0.0314827 -0.00150222 0.246932
-0.0225255 0.00430112 0.346932
-0.211705 -0.194003 0.869481
0.110672 -0.0817978 0.604656
-0.359868 -0.0142316 0.663437
-0.629627 0.223313 1.41436
-0.588724 0.14649 1.33187
-0.688719 0.173735 1.13387
-0.960629 0.312618 1.52091
0.0633779 0.0572524 1.45084
0.0651713 0.107128 1.45683
0.63744 -0.587037 1.86818
-0.877756 -0.328344 1.16695
-0.0422909 -0.325385 1.32006
-0.706552 -0.267212 0.980724
-0.817952 -0.111025 1.14833
-0.840263 -0.235213 1.07814
-0.0520625 0.151104 1.41098
-0.196932 0.270396 1.44762
-0.322467 0.190038 1.32404
-0.445255 0.340423 1.46065
-0.0414869 -0.00505743 0.235863
-0.477744 0.339395 1.45486
-0.297144 0.191485 1.35481
-0.606007 0.145186 1.35474
-0.732982 -0.0464955 2.12554
-0.251423 -0.0263365 0.481623
-0.422673 0.227182 1.35682
-0.527958 0.201682 0.919557
-0.0246382 -0.011344 0.222974
-0.606693 0.02789 1.27676
-0.532172 0.267411 1.48903
-0.834076 -0.0154719 1.25868
-0.0438754 0.00437568 0.23737
-0.419983 0.160728 1.30155
-0.38928 0.19391 1.56502
-0.538052 0.343359 1.39834
-0.285063 0.155242 1.41626
-0.53279 0.124516 1.20523
-0.741991 0.098099 1.34049
-0.0166164 0.0013798 0.36001
-0.870015 0.495448 1.62351
-0.700906 0.20313 1.26635
-0.590179 0.32034 1.36336
-0.511254 0.113415 1.2048
-0.0252748 -0.00911445 0.223452
-0.181886 0.0583183 0.437083
-0.0300067 -0.0101822 0.226104
-0.05118 0.0800721 1.31125
-0.584034 0.218184 1.10605
-0.0246249 -0.0113515 0.223041
-0.428021 0.219148 1.32321
-0.32841 0.216166 1.05893
-0.0301751 -0.00458083 0.226553
-0.528911 0.182157 1.22002
-0.0861578 0.307679 1.44517
-0.383286 0.307707 1.4683
-0.0498755 0.00118334 0.237694
-0.484518 0.199873 1.42319
-0.121867 0.198331 1.34035
-0.0596598 0.115955 0.983103
0.248712 -0.0759901 0.784222
0.219832 -0.0379854 0.6161
0.0115814 -0.0449605 0.299678
0.498994 0.0460775 0.861753
0.0437625 -0.0470754 0.243394
0.82143 -0.0836826 1.60328
0.772022 -0.122305 1.59709
0.630086 0.107861 1.42928
0.524806 0.109724 0.891793
0.028371 -0.0203729 0.249485
0.811146 -0.0818336 1.58566
0.00159302 -0.0187498 0.229094
0.00214017 -0.0187612 0.229114
0.753828 -0.126045 1.68544
0.793998 -0.510807 1.47484
0.0922288 -0.043982 0.272908
0.549321 -0.022547 0.794073
0.883049 -0.161203 1.37712
0.568344 -0.475595 1.66843
0.0830234 -0.0475507 0.251406
-0.465438 -0.0369354 1.39741
-0.563872 0.364271 1.45979
-0.172731 0.0405082 0.811781
-0.381538 0.203203 1.25885
0.198897 0.0330198 1.93769
-0.0241777 -0.00809353 0.224406
-0.627335 0.339168 1.26053
0.156082 0.164805 1.62496
-0.47492 0.364632 1.52865
-0.412393 0.161482 1.43924
0.193585 0.183193 1.71772
-0.052412 0.00674537 0.278067
-0.0253875 -0.0103768 0.223601
-0.903694 -0.107497 1.16561
0.276334 -0.0382972 0.658785
1.0487 -0.42739 2.05367
-0.461211 0.187984 1.36459
-0.417135 0.192021 1.37071
0.244694 0.244332 2.30571
0.193725 0.0455189 1.72624
0.77794 -0.0977216 1.70075
-0.118493 0.228733 1.40371
-0.205235 0.17107 1.32399
-0.412003 0.160107 1.46047
0.274994 0.0106821 1.7476
-0.168936 0.175106 1.39346
-0.504129 0.195339 1.51345
-0.409033 0.181609 1.40958
-0.294671 0.175823 1.44288
-0.3919 0.217823 1.33238
-0.211432 0.0754278 1.1473
-0.804222 -0.124097 1.5104
-0.377836 0.283757 1.25602
-0.479577 -0.0126191 1.17596
-0.625749 -0.0924992 1.19822
-0.0584165 0.00927534 0.243155
-0.66347 0.231737 1.47972
-0.512112 0.287235 1.48734
-0.0708956 0.0699487 0.472162
-0.192585 -0.0199226 0.420129
-0.510224 0.208462 1.50299
-0.570861 -0.0261271 1.60032
-0.195019 0.0138985 0.359888
0.111047 0.0175361 1.15729
-0.0685659 0.268221 1.4229
-0.0628559 0.153409 1.31904
-0.0894547 0.140722 1.04061
0.0423567 0.0825576 1.45104
-0.0539459 -0.421888 1.31083
-0.301562 0.12195 1.49983
-0.0131855 -0.15236 1.17305
-0.0526293 0.0851317 1.40461
0.891194 0.217628 2.73964
-0.47033 0.179212 1.53502
0.0773808 0.117198 1.51288
-0.18708 0.276302 1.34353
-0.279445 0.333573 1.55226
0.627106 -0.305599 0.810086
0.0102651 -0.0203275 0.218488
0.00688775 -0.0315321 0.218455
0.0162817 -0.0345105 0.22396
1.92211e-05 -0.0247954 0.224414
0.00996673 -0.0202719 0.222009
0.0121174 -0.0204055 0.218133
0.0299712 -0.0469162 0.257584
0.00371618 -0.0188055 0.224735
0.743601 -0.0195305 0.739914
-0.0156658 -0.0195002 0.228414
2.83133e-06 -0.0177967 0.222225
0.00662723 -0.0249152 0.222224
-0.00313587 -0.0179164 0.224647
0.000214182 -0.0184401 0.222025
-0.00271083 -0.0176133 0.224905
0.00240141 -0.0228085 0.225041
-0.0156636 -0.0195002 0.228417
1.13839 -0.110522 1.12662
0.159649 0.0147136 0.365973
1.24727 -0.366281 1.22822
0.761718 0.139722 1.89932
0.159843 -0.0122878 0.346065
0.541332 0.0795564 0.688787
0.650119 0.102742 0.689695
0.468971 0.0868854 0.602473
0.710939 0.00150124 0.676803
0.284957 -0.144515 0.416881
0.27504 -0.0816954 0.34869
0.11326 -0.0318406 0.255928
0.705669 0.0669656 0.648697
0.715843 -0.33931 0.855647
1.32957 -0.57639 1.41073
0.53901 -0.272704 0.722959
0.0509371 -0.0280042 0.233951
0.0075526 -0.0299444 0.221571
0.00842219 -0.0305761 0.223818
0.00962381 -0.0273273 0.224403
-0.000418622 -0.0195089 0.223395
0.00646822 -0.0228298 0.225144
0.00874355 -0.0237283 0.221155
0.0139327 -0.0223498 0.224009
0.695948 0.0058162 0.652968
0.659728 0.00464257 0.766653
0.00745835 -0.0277641 0.222257
0.00424206 -0.0189436 0.220257
0.0125134 -0.0317693 0.23096
-0.818291 0.318915 1.48089
-0.590093 0.319087 1.36002
-0.801945 0.154273 1.4836
-1.23998 0.0082024 1.42877
-0.778969 0.213885 1.14244
-0.356334 0.189581 0.761323
0.253752 0.0943791 3.05903
-0.0323283 -0.012351 0.236321
0.0738879 -0.023709 0.265391
0.735363 0.105753 1.63916
0.829831 -0.122281 1.62959
0.723568 0.135809 1.84588
0.843454 -0.128967 1.65289
0.673346 0.126622 1.61464
0.185301 -0.0708974 0.31465
0.738948 -0.195232 1.3669
0.786773 -0.12685 1.55564
0.118986 -0.0538103 0.286634
0.0360909 -0.04342 0.241322
0.734851 -0.604039 1.73981
0.757255 -0.126152 1.69287
-0.000957489 -0.018191 0.220889
-0.00206355 -0.017757 0.220681
0.551667 0.134048 0.910334
0.00174734 -0.0181234 0.222709
0.583867 0.146728 0.948589
-0.00204441 -0.0177357 0.225462
0.00208731 -0.0181811 0.222587
-0.00727525 -0.017253 0.228581
-0.00644336 -0.0181378 0.225001
0.00363919 -0.019222 0.223283
-0.00348876 -0.0169337 0.223232
-0.00268422 -0.0171206 0.222715
-0.00635956 -0.0174509 0.228982
-0.00189123 -0.0187113 0.219756
-0.00226347 -0.0188143 0.222312
0.000853004 -0.017869 0.218904
-0.00306357 -0.0187366 0.221716
-0.00747663 -0.0174799 0.227608
-0.00516882 -0.0173158 0.225545
-0.00386327 -0.0179109 0.224286
-0.00360992 -0.0178349 0.222474
0.00130079 -0.0190157 0.219111
-0.00143614 -0.0177385 0.22048
-0.0012177 -0.0174052 0.221071
-0.00809305 -0.0180506 0.226177
0.00237834 -0.0206542 0.218924
-0.000767457 -0.0185529 0.219546
-0.00500807 -0.0185817 0.222753
-0.00816168 -0.0178548 0.227552
-0.0059361 -0.0174322 0.226388
0.00686093 -0.0215244 0.219218
-0.000806522 -0.0185337 0.219449
-0.00259904 -0.018837 0.222333
-0.00722059 -0.0184316 0.223026
0.0114303 -0.0172003 0.222621
0.000142607 -0.0185413 0.219109
-0.00426238 -0.0183618 0.2221
0.00528816 -0.0192297 0.222926
-0.00672064 -0.0176975 0.22604
0.00907737 -0.0340238 0.224402
0.00301215 -0.0199511 0.220708
-0.00720125 -0.0176102 0.227852
0.00027625 -0.0177242 0.222076
0.00633788 -0.0288781 0.221843
-0.00674537 -0.0176405 0.226973
0.00785268 -0.0203959 0.216776
-0.00335179 -0.0186378 0.222367
-0.00411474 -0.0187369 0.222065
0.135501 -0.0307685 0.315874
-0.00395468 -0.0178782 0.226161
-0.00230333 -0.0179073 0.225168
0.00538865 -0.0266782 0.223613
0.0043476 -0.0183146 0.223828
0.00814431 -0.029309 0.224688
0.00731046 -0.0248749 0.224531
-0.0382111 0.0163491 0.305627
-0.32941 0.325571 1.53016
-0.341114 0.337476 1.58042
-0.0328759 -0.00798169 0.220721
-0.429141 0.315144 1.56325
-0.0233743 -0.00528852 0.22664
-0.0380015 -0.00851878 0.232138
-0.596597 -0.0135033 1.3607
-0.442832 -0.384209 1.57232
-0.197415 -0.00703792 0.408688
-0.167229 -0.00556846 0.30878
-0.258137 0.327603 1.40812
0.197847 0.0789417 1.03418
-0.613687 -0.0948727 1.1903
-0.759497 0.0504683 1.31819
-0.0366884 0.00885911 0.277185
-0.395486 0.0487799 0.789174
-0.687597 0.0908978 1.25821
-0.354033 0.17149 1.13425
-0.364777 0.332891 1.29963
-0.626508 0.340895 1.43053
-0.50044 0.277671 1.46902
-0.402669 0.0780348 0.630915
-0.782371 -0.0322115 1.45554
-0.0517094 -0.0310967 1.46351
0.0789653 0.0289378 1.29505
-0.726929 0.225446 1.23739
-0.618078 0.0783187 1.10939
-0.0353101 -6.17727e-05 0.229725
-0.0293378 -0.00661056 0.223696
-0.934097 0.320879 1.27289
-0.359824 0.266408 1.31296
-0.0350366 -0.000187558 0.229554
-0.0566329 0.0101403 0.24688
-0.283285 0.0961771 1.4403
-0.138151 0.289536 1.55767
-0.329691 0.200527 0.746013
-0.434042 0.176621 0.849897
-0.133113 0.032422 0.358687
-0.0501932 0.00476085 0.249827
-0.962706 0.277888 1.26701
-0.0177894 -0.0186045 0.242749
-0.31222 -0.215633 1.02749
-0.348363 0.248763 1.31181
-0.377661 0.211703 1.44493
-0.0560731 0.00687095 0.253177
-0.449875 0.309464 1.32667
-0.840457 -0.0176443 1.2655
-0.0583144 0.00927747 0.243021
-0.516732 -0.130514 0.874018
-0.960448 0.214363 1.72412
-0.382212 0.142036 1.358
0.132413 0.0985114 1.28674
-0.757791 -0.0259967 1.39007
-0.544359 0.0635905 1.26584
-0.747408 0.0955301 1.33768
-0.827847 0.257748 1.4737
-0.661345 0.0747796 1.4356
-0.56868 -0.0115202 1.35166
-0.895005 -0.126335 1.2266
-0.50013 0.244723 1.25862
-0.782212 0.101373 1.39608
-0.702225 0.361391 1.49078
-0.79121 0.341394 1.41374
-0.672852 0.35309 1.50117
-0.263714 0.166249 1.20129
-0.309914 -0.0433756 0.533921
-0.117205 0.223075 1.38462
-0.760799 0.410217 1.50684
-0.695416 0.345248 1.39094
-0.428829 0.3985 1.49929
-0.624542 0.145927 1.39394
-0.869461 0.231274 1.47146
-0.73631 0.0174925 1.51446
-0.0791268 0.274313 1.30683
-0.632266 0.328509 1.41687
0.0569671 -0.246305 1.41154
-0.593447 0.257028 1.19566
-0.0535518 -0.295572 0.961912
-0.566939 -0.187445 1.2895
-0.530705 0.413175 1.72984
-0.58212 -0.195329 1.33667
0.0878106 0.133528 1.89622
0.242915 0.206599 2.86077
-0.00660915 -0.219974 1.37
-0.299443 0.201536 1.44909
-0.275837 0.133979 1.17877
-0.421253 0.376467 1.70111
-0.678717 -0.551333 2.26023
-0.405839 0.360449 1.65464
-0.575842 0.28666 1.43883
-0.511951 0.273788 1.52795
-0.517246 0.403765 1.69597
-0.546351 0.268664 1.36602
-0.0528229 -0.345967 1.11224
-0.452731 0.211634 1.35947
-0.642404 -0.0454073 1.53166
0.12796 -0.0989904 1.1854
0.199268 0.135477 1.6731
-0.998185 0.00567678 1.17812
0.00876385 0.0461534 0.527897
-0.295756 0.224039 1.44526
-0.668136 -0.018074 1.50841
0.0467456 -0.0248075 0.268017
-0.00846377 -0.0176578 0.228645
0.0154274 -0.0151233 0.214257
0.00669802 -0.0295169 0.218602
0.00645665 -0.0157352 0.224392
0.00851899 -0.02371 0.221195
0.0195819 -0.0296439 0.22354
0.0128283 -0.0264084 0.221582
0.0135896 -0.0316489 0.223934
0.00213497 -0.0261858 0.224065
0.00620291 -0.0215694 0.217456
0.0461183 -0.0261026 0.239209
-0.00674719 -0.0180469 0.227194
-0.0172229 -0.0188709 0.227974
0.0124073 -0.021389 0.22011
0.009055 -0.0223547 0.216187
0.00369757 -0.0291443 0.218934
0.00684661 -0.0244144 0.218238
-0.0175001 -0.0186967 0.227454
0.00736837 -0.0185486 0.238747
0.233159 -0.122609 0.275998
0.0190259 -0.0209226 0.220366
0.00229462 -0.0239982 0.221557
-0.00514934 -0.0178364 0.226616
0.00402347 -0.0227527 0.220964
0.000589306 -0.0267391 0.228725
0.00661802 -0.0302964 0.233624
0.00102981 -0.0177219 0.221907
-0.00576026 -0.0169134 0.225558
-0.00547254 -0.0175926 0.225962
-0.0101433 -0.0185985 0.227597
-0.00566749 -0.017481 0.225818
-0.00522791 -0.0173926 0.225517
-0.0046446 -0.0187546 0.222155
-0.00840157 -0.0175798 0.227542
-0.0081685 -0.0171647 0.2287
-0.00471115 -0.0179519 0.226652
-0.00692504 -0.0174352 0.227652
-0.00617915 -0.017792 0.225727
-0.00773274 -0.0169901 0.227181
-0.00592805 -0.0176567 0.226695
-0.00106422 -0.018337 0.21908
-0.00649024 -0.0171811 0.226554
-0.00234078 -0.0179057 0.223885
-0.00285559 -0.0183125 0.22638
-0.016488 -0.0189388 0.228239
-0.0061468 -0.0168173 0.228999
-0.00548407 -0.0177115 0.226149
-0.00726246 -0.0174395 0.227051
-0.0056534 -0.0179683 0.225272
-0.00721108 -0.0170865 0.228393
-0.00158805 -0.0167354 0.230802
-0.00275649 -0.0186339 0.222285
0.00680239 -0.0273625 0.222299
0.0134648 -0.0192795 0.224294
-0.00156758 -0.0255816 0.237363
0.0140421 -0.0210271 0.221051
0.00903363 -0.0277786 0.221776
0.00966921 -0.0276427 0.224439
0.00553007 -0.0296259 0.248262
0.00557363 -0.030444 0.220426
0.134281 -0.0487245 0.237995
0.0116675 -0.027802 0.222581
0.10334 -0.0577634 0.237976
0.00231664 -0.019171 0.22359
0.00999483 -0.0313602 0.222939
0.00834213 -0.024119 0.224459
0.0136419 -0.0287666 0.221081
-0.00149239 -0.0208284 0.226115
0.00841922 -0.0214053 0.223288
0.00840122 -0.0302683 0.22141
0.0019374 -0.0187515 0.224994
0.00384418 -0.0312883 0.219342
0.00144509 -0.019084 0.223844
-0.00437449 -0.0207861 0.226156
-0.00702621 -0.017613 0.227493
1.10118 -0.429124 1.27801
-0.00710304 -0.0176315 0.227513
0.0970514 -0.0300138 0.218603
0.645551 0.00297356 0.62291
-0.00687658 -0.0180124 0.227596
-0.00154112 -0.020526 0.225695
0.0932002 -0.0231508 0.195037
0.723059 -0.404148 0.847302
0.000277373 -0.0182536 0.223174
1.2145 -0.527138 1.31426
-0.00297901 -0.0182693 0.226399
0.00730333 -0.0252565 0.218636
0.755843 -0.0197239 0.753707
0.745667 -0.0240101 0.708508
0.721967 0.0870349 0.69149
0.00635799 -0.0215414 0.221237
0.20216 0.00576099 0.280162
0.0758819 -0.0134903 0.284262
-0.00344551 -0.0186411 0.222453
-0.00740891 -0.0192712 0.224089
0.00692607 -0.0204939 0.224478
0.0079454 -0.0239943 0.224532
-0.00755571 -0.0178502 0.228253
-0.00110121 -0.0185695 0.225934
0.00956254 -0.0299965 0.224312
0.567625 0.125261 0.769992
-0.00275328 -0.0175798 0.224732
-0.0070152 -0.017399 0.227239
-0.00162787 -0.0194947 0.223628
-0.00464179 -0.0176908 0.225614
0.00841774 -0.0226392 0.218512
0.0120673 -0.0155618 0.243128
0.00937129 -0.0256853 0.221513
-0.00621433 -0.0174762 0.226688
0.00540881 -0.0237793 0.222621
0.00766516 -0.0217202 0.224533
-0.00347805 -0.0191938 0.234114
0.0253236 -0.0299071 0.230076
-0.00153308 -0.0182798 0.225799
0.00582887 -0.0175523 0.221016
0.00867688 -0.0298 0.221366
0.00933543 -0.0276689 0.223149
0.00426116 -0.0175006 0.220878
-0.00386212 -0.0183243 0.221852
0.00747636 -0.030707 0.233847
-0.00835525 -0.0177686 0.228269
0.00945144 -0.0256694 0.221585
-0.0106461 -0.0186926 0.231092
-0.0069724 -0.0186563 0.233185
-0.00370034 -0.01781 0.224925
0.00581317 -0.0260682 0.224769
0.00946293 -0.0269221 0.224548
-0.0721531 0.297176 1.53768
-0.267286 0.285231 1.35423
-0.699072 0.166476 1.62716
-0.185309 0.217484 1.41976
-0.488017 0.235044 1.09416
-0.180236 0.24747 1.33346
-0.182314 0.23867 1.31795
-0.319895 0.189873 1.61765
0.157595 -0.151012 1.36825
0.98104 -0.36316 1.94949
0.358195 0.0224092 0.686603
-0.193331 0.192377 1.2237
0.496989 0.0418492 0.819668
-0.0706845 0.211462 1.29335
-0.0359313 0.287585 1.3631
0.400819 0.000428318 0.747921
0.671551 0.117754 1.46569
-0.0502903 0.143059 1.34095
-0.42171 0.375307 1.69046
0.647054 0.00576703 0.795099
0.566335 0.0409924 0.942489
0.716195 -0.331622 0.889795
-0.13171 0.296911 1.42053
0.682698 0.0374247 1.06586
-0.186757 0.289027 1.38522
-0.17452 0.136673 1.10945
-0.167132 0.201574 1.29127
0.83676 -0.384041 0.887739
0.617819 -0.0297593 0.891562
0.610636 -0.0286929 0.883124
1.17246 -0.533467 1.31536
1.0917 -0.512231 1.23433
-0.201132 0.255289 1.39959
0.538378 0.0267823 0.900303
-0.240318 0.0791692 1.25626
-0.266043 0.153469 1.39831
0.0878212 0.153316 1.68743
1.8517 -0.588323 3.37864
0.85697 -0.0554956 1.64665
1.00498 -0.0124822 1.29538
0.741743 0.120772 1.84241
0.959851 -0.167805 1.49259
0.630951 0.00639022 1.03567
-0.0845349 0.150081 1.22194
0.918552 -0.426972 1.50709
-0.382215 -0.399663 1.53155
-0.0570495 0.188165 1.17546
0.681194 -0.00578114 0.791341
-0.119589 0.202207 1.36709
0.127588 -0.0255271 0.215767
0.0687431 -0.0565806 0.281842
0.105348 -0.00212488 0.301441
0.119183 -0.0539465 0.287316
0.106511 -0.0355184 0.255266
0.607436 0.0142799 0.667357
0.0297582 -0.0203074 0.254708
0.641866 0.102029 0.709378
0.0359575 -0.0429894 0.241103
0.0559363 -0.0268969 0.221953
0.0544254 -0.0505784 0.283855
0.069229 -0.021135 0.267907
0.7045 -0.0778623 0.75526
0.461499 -0.14341 0.505252
0.730173 -0.387999 0.822306
0.119021 -0.0540741 0.285884
0.358686 0.145996 1.68351
0.209938 -0.0673107 0.30786
0.739549 0.155697 0.67627
0.746483 0.164156 1.79898
0.715635 0.151091 0.652799
0.126546 -0.00351211 0.28018
0.187399 -0.0499492 0.311395
0.24977 -0.0761113 0.322598
1.40158 -0.503324 2.52545
2.15124 -0.0570995 2.37533
0.645252 0.0207866 0.767429
0.490315 0.0357057 0.741093
0.676861 0.0937871 0.739706
1.12782 -0.351022 1.28015
0.572783 0.095926 0.732804
0.683286 -0.229462 1.21682
0.537936 0.120763 0.909079
-0.00135195 -0.017858 0.228319
0.0169873 -0.0341366 0.254447
-0.0151215 -0.0188974 0.227374
-0.00393208 -0.0175925 0.224745
0.655249 0.174144 0.710833
0.661512 0.175055 0.640207
-0.41229 0.17115 1.36317
-0.498138 0.0648389 1.52552
-0.266044 0.346996 1.45495
0.546768 -0.0971022 1.29826
-0.250118 0.276534 1.35558
0.0138433 -0.0209775 0.223986
0.00969007 -0.0275721 0.223445
0.542884 0.103429 0.666901
0.00849836 -0.0306425 0.223774
0.00655707 -0.0208841 0.224826
0.00916591 -0.0282073 0.22298
0.0111651 -0.0245083 0.224305
0.708041 -0.288888 0.912473
0.00941583 -0.0253683 0.224443
0.0114474 -0.0258554 0.22425
0.00997145 -0.0316252 0.221446
1.29292 -0.377637 1.22178
0.849151 -0.430007 0.904896
0.00826723 -0.0280336 0.220955
0.0119114 -0.0293894 0.223585
0.0145961 -0.024589 0.219826
0.0142347 -0.0213198 0.221223
-0.00673611 -0.0179343 0.227201
0.00261219 -0.0265996 0.220367
-0.0038864 -0.0189998 0.222046
0.00642347 -0.026414 0.218638
0.00738266 -0.0224971 0.2189
0.00480258 -0.0258563 0.221349
-0.00628116 -0.0175364 0.225339
0.00714053 -0.0305461 0.217886
-0.00308547 -0.017633 0.222229
0.654048 0.00108144 0.643018
0.652975 -0.054654 0.832017
0.10719 -0.0354938 0.254339
0.627787 0.17911 0.754667
0.296079 -0.0566404 0.290731
0.0105423 -0.020514 0.217864
0.00587581 -0.0268866 0.222608
0.00510677 -0.0246521 0.218867
-0.00686519 -0.0176034 0.22662
-0.0169422 -0.0189058 0.227942
0.00924847 -0.0296581 0.221369
0.0062232 -0.0208815 0.219962
0.0083463 -0.0268656 0.220521
0.00753028 -0.0285068 0.222041
-0.00715265 -0.0175645 0.226695
0.00622209 -0.028545 0.218972
0.00473122 -0.0296767 0.219689
0.013632 -0.0251285 0.224226
0.0111581 -0.0225814 0.215323
0.00862072 -0.0269873 0.220477
0.0127263 -0.032523 0.224063
-0.0169464 -0.0195901 0.228563
-0.0066123 -0.0178347 0.227962
0.00504177 -0.0262541 0.218954
-0.00676014 -0.0176903 0.226512
-0.00446201 -0.0179823 0.226706
0.00386592 -0.0277891 0.218512
-0.00570116 -0.0188962 0.223195
-0.00470294 -0.0173398 0.225749
0.00857108 -0.0222946 0.216682
-0.0080104 -0.0170409 0.228729
0.00970999 -0.0319857 0.217775
0.0043758 -0.0287795 0.247531
0.481776 -0.119781 0.694754
0.030418 -0.0287397 0.273202
0.190412 0.0324184 2.70116
0.494782 -0.15201 0.532934
0.580332 0.119742 0.735015
0.257502 0.234586 2.19583
1.00582 -0.332239 1.28588
0.749797 0.146486 0.693261
0.210708 -0.0030678 0.277429
0.204315 -0.0296242 0.293928
0.499445 0.109363 0.805249
0.681708 -0.215721 0.712116
0.746204 -0.39824 0.836212
0.455977 -0.141614 0.5012
0.613345 -0.190461 0.668947
0.682066 0.103289 0.722989
1.28911 -0.413749 2.11215
0.24635 -0.10117 0.65115
0.778772 -0.250315 0.785677
0.0259181 -0.0209168 0.244017
0.00917549 -0.0162828 0.237217
-0.269794 0.0814787 1.36497
1.46293 -0.0958297 1.58666
-0.00419671 -0.0751247 0.876835
0.642977 -0.179419 1.61363
0.656287 0.143487 0.891478
-0.297482 0.100862 1.53566
-0.150549 0.239614 1.31927
-0.15576 0.15969 1.38728
0.483408 -0.286841 1.89573
0.920315 -0.122549 1.95528
0.689477 -0.19581 1.688
-0.00389609 -0.0187512 0.221963
0.036222 -0.0410237 0.233515
0.0127128 -0.0214373 0.224183
0.0626246 -0.0209804 0.261416
0.0118418 -0.0324619 0.221407
1.72179 -0.567346 3.27431
0.725532 -0.592829 1.71388
0.957483 -0.441808 1.56857
0.223106 0.0540916 2.58522
0.399327 -0.00515921 2.54037
1.44039 -0.470778 2.58885
0.0923075 -0.00910123 0.25384
0.645318 0.0190204 0.727161
0.00677334 -0.0235118 0.219292
1.12416 -0.492545 1.23607
0.471791 -0.213865 0.640204
0.505327 -0.211591 0.761891
-0.00705508 -0.0174133 0.22841
0.0136601 -0.030685 0.224088
0.00761971 -0.0225073 0.218891
0.00638497 -0.0203077 0.217445
0.00845285 -0.0297771 0.220657
-0.00679892 -0.017397 0.228432
0.00917241 -0.0213711 0.216144
-0.00312258 -0.0190387 0.221746
0.00670907 -0.0309798 0.22016
-0.00601284 -0.0180868 0.228005
-0.0028615 -0.0172823 0.230654
0.0529501 -0.0476182 0.271896
1.13863 -0.334845 1.08733
0.00649126 -0.0291213 0.242836
-0.00588019 -0.0177557 0.226202
0.0825212 -0.033308 0.199571
-0.00781455 -0.0242225 0.225805
0.0046688 -0.029156 0.24768
0.663422 0.104739 0.734483
0.586618 0.128121 0.799829
0.633507 0.0908414 0.767679
-0.193733 0.231121 1.30244
-0.314408 0.164659 1.61038
-0.344496 0.21129 1.67571
-0.0692963 0.196125 1.34371
-0.0471907 0.0739198 1.10448
-0.164035 0.129916 1.07107
-0.168427 0.166712 1.30142
-0.0538965 0.10534 1.32037
-0.117381 0.113564 1.06036
0.000907729 -0.0187669 0.229181
0.00832981 -0.0260186 0.220549
-0.00851325 -0.0176228 0.228042
0.00384114 -0.0303104 0.221311
0.00652531 -0.0316481 0.220666
0.00350359 -0.0292964 0.2185
0.00417232 -0.0304634 0.221247
-0.00043236 -0.0175001 0.230153
0.00684918 -0.0301875 0.22121
0.0108928 -0.0275995 0.222652
0.0130528 -0.0300484 0.22277
0.00361945 -0.0299676 0.219519
0.0101624 -0.0217546 0.217671
0.0078459 -0.0240539 0.218643
0.00782041 -0.0270716 0.222186
0.0106524 -0.0332149 0.224205
0.00689698 -0.0320031 0.221709
-9.7173e-05 -0.0178708 0.224157
0.00673675 -0.0264753 0.222399
0.00633337 -0.0214742 0.222253
-0.00609676 -0.0170926 0.228932
0.00952545 -0.0297136 0.223277
-0.0538197 0.133656 1.0886
1.32619 -0.043623 1.61901
0.610124 -0.360666 2.4057
0.67597 -0.116211 1.52265
0.601515 0.119999 0.737603
0.0334435 -0.0401945 0.260435
0.078328 -0.0214058 0.272074
0.695382 0.00357415 0.657361
0.00542421 -0.019906 0.218085
-0.00526178 -0.0178673 0.225943
0.0128752 -0.0246439 0.224266
0.68957 0.105365 0.727152
0.115152 -0.02996 0.325233
0.0338539 -0.0197699 0.258894
0.130843 -0.0212021 0.211348
0.133766 -0.0755998 0.372227
0.116952 -0.0117231 0.267513
0.133259 -0.0191496 0.181763
0.00184244 -0.0179015 0.233518
0.0166213 -0.0270285 0.234672
-0.00318004 -0.0186695 0.222873
0.00622572 -0.0304793 0.224933
-0.0070594 -0.0177626 0.227625
-0.00814167 -0.0172979 0.226243
-0.00526061 -0.0176556 0.225321
-0.00287171 -0.0171383 0.226895
0.00742602 -0.0244927 0.218706
-0.00295508 -0.0181101 0.226042
-0.00498582 -0.0180473 0.226643
-0.0073154 -0.0183082 0.228393
0.0130623 -0.0221659 0.214638
-0.00270515 -0.0183919 0.226545
0.00638117 -0.0225421 0.221678
-0.0123285 -0.0217045 0.23172
-0.00804041 -0.016828 0.229325
0.00424413 -0.0320578 0.222366
0.000572017 -0.0182267 0.223099
0.0104462 -0.0241658 0.218102
0.00725647 -0.0330571 0.224582
0.00940764 -0.0221927 0.217922
0.00184171 -0.018189 0.223297
0.00378845 -0.0186524 0.221996
0.0117939 -0.0322208 0.224325
0.00944339 -0.0173548 0.231985
-0.00185335 -0.0209938 0.220528
-0.00403852 -0.0188648 0.222746
0.0105491 -0.0245312 0.221414
0.00514395 -0.0258973 0.219418
0.0207819 -0.0360113 0.233208
0.00965407 -0.0311186 0.223514
0.00767603 -0.030272 0.250448
0.011806 -0.022555 0.221553
0.00951261 -0.0197394 0.22174
0.0108653 -0.0266459 0.219981
0.0157612 -0.0278788 0.223934
0.0130386 -0.0292991 0.224123
0.0126054 -0.0299035 0.222853
0.122389 -0.0575116 0.272577
1.45957 -0.425326 1.38494
-0.00604836 -0.0176389 0.226487
-0.00704973 -0.0175737 0.226711
0.0076658 -0.0245341 0.218652
0.00204914 -0.0182115 0.223338
-0.00668642 -0.0174403 0.226269
-0.00637979 -0.0177584 0.228023
-0.000334561 -0.0187054 0.22558
0.00300516 -0.0253776 0.219827
-0.00646692 -0.0178582 0.223189
-0.00350256 -0.0176754 0.224793
-0.00512086 -0.0173153 0.221727
-0.00489728 -0.0180042 0.222839
0.0138075 -0.0251916 0.220941
-0.00528447 -0.0183284 0.228111
0.00941525 -0.0201634 0.222009
0.00698554 -0.0233515 0.217643
0.00834311 -0.0296759 0.22147
0.0066725 -0.0250995 0.217494
-0.0053421 -0.0181645 0.22858
0.00689338 -0.0284229 0.217401
0.00476009 -0.0273821 0.218382
0.0110655 -0.022365 0.221686
-0.0149473 -0.0203767 0.230302
-0.00410099 -0.0186741 0.222988
0.0133133 -0.031456 0.223947
-0.00387659 -0.0171891 0.230131
0.00399732 -0.0293608 0.219928
-0.0154652 -0.0202028 0.227439
-0.00229814 -0.0182918 0.221348
0.00423206 -0.0289456 0.232916
0.786681 0.161651 0.753176
0.236589 0.055548 0.365262
0.00608638 -0.0272867 0.221527
-0.000305002 -0.0169428 0.235961
0.00750409 -0.0207031 0.221941
0.00142163 -0.0167834 0.236734
0.00595644 -0.0249618 0.219262
0.00982104 -0.0316863 0.224535
0.00966144 -0.0224604 0.2164
-0.0177651 -0.0190677 0.227537
0.00013202 -0.0267761 0.220721
0.0134129 -0.0197082 0.236879
0.00787941 -0.0150297 0.244276
-0.00429234 -0.0188252 0.222844
0.00349401 -0.0241203 0.218919
-0.013555 -0.019166 0.229932
-0.00644227 -0.0173216 0.22652
-0.0183393 -0.0187918 0.227264
-0.0130417 -0.0187982 0.230476
0.000214093 -0.0181882 0.223692
-0.00843795 -0.0170637 0.234835
-0.00797257 -0.017537 0.228279
0.00323682 -0.0183316 0.224059
0.00631336 -0.0237512 0.222298
0.00307363 -0.0184988 0.219912
0.00358592 -0.0184852 0.219721
0.00476698 -0.0225488 0.221939
0.0027885 -0.0176712 0.221797
-0.012812 -0.0186536 0.230404
0.00105183 -0.0188322 0.225485
-0.00487917 -0.0177194 0.22608
0.00283467 -0.0179732 0.222085
0.00327801 -0.0178195 0.221836
0.650943 0.00922825 0.69203
0.000491661 -0.0183099 0.223579
-0.0156202 -0.0195152 0.228445
-0.0134031 -0.0185154 0.230935
0.00549558 -0.0262164 0.224608
0.094685 -0.0258892 0.184546
0.168436 -0.0586346 0.292988
0.00827162 -0.0277887 0.222126
0.00668687 -0.027543 0.222359
0.00607968 -0.0263231 0.223674
0.00714406 -0.0197899 0.221371
0.00817984 -0.029593 0.221471
0.00879157 -0.0198964 0.221031
0.00771948 -0.0236081 0.218851
-0.0045254 -0.0182268 0.227799
0.0054795 -0.0187708 0.224008
0.00168098 -0.0294434 0.219498
0.011665 -0.0260329 0.222717
0.00386386 -0.0268268 0.222703
-0.00723953 -0.0173454 0.228261
0.00821339 -0.0276643 0.224664
-0.00837775 -0.0191913 0.227777
0.0030886 -0.0186911 0.224365
0.00845093 -0.0313817 0.22319
0.00784518 -0.0294414 0.221415
0.0164111 -0.027219 0.224122
-0.004331 -0.0177437 0.226549
-0.004871 -0.0177658 0.225016
0.0136693 -0.0266462 0.220935
-0.00458546 -0.0175245 0.224959
0.00195029 -0.0161396 0.220107
0.197283 -0.00388827 0.275371
0.236086 0.0443526 0.3574
0.0038219 -0.0210604 0.221066
-0.00592105 -0.0173902 0.228551
0.00542539 -0.0260043 0.219075
0.00606635 -0.0261727 0.218913
-0.00226735 -0.0211748 0.221654
0.00584019 -0.022808 0.218985
0.00180279 -0.0187113 0.222171
0.00550832 -0.0280644 0.219419
0.00735096 -0.0210623 0.221963
0.633707 -0.134074 0.827664
0.742354 0.156265 0.681815
0.652925 -0.00273847 0.793773
0.427332 0.100874 0.369031
0.00370557 -0.0189489 0.223392
0.0112894 -0.0335325 0.224169
-0.00559788 -0.0179671 0.227646
0.00398148 -0.0275204 0.219749
0.00445403 -0.0248907 0.220484
0.0135588 -0.0250059 0.221472
0.00733779 -0.0293183 0.220093
-0.0033885 -0.0177307 0.227958
0.0106403 -0.0240047 0.22007
0.0137863 -0.0245348 0.220131
0.0103261 -0.0244532 0.221356
0.00603135 -0.0199489 0.217882
-0.00696923 -0.0174416 0.227658
-0.0170494 -0.0187755 0.227915
-0.00105764 -0.019817 0.222238
0.916351 -0.399415 1.0042
0.00239363 -0.0303248 0.219873
0.0108301 -0.0262023 0.224433
0.0137625 -0.0297202 0.232408
0.00313684 -0.0189563 0.223504
0.0047642 -0.0279388 0.21943
0.226818 0.00701061 0.318487
0.632191 0.180429 0.757217
-0.0051963 -0.0180363 0.228718
0.0394492 -0.0426754 0.236943
-0.00430959 -0.0185744 0.223078
0.00395345 -0.0187652 0.224219
0.00510415 -0.0316375 0.220561
-0.0048284 -0.0185385 0.222867
0.00665196 -0.030964 0.221604
0.00591791 -0.0283092 0.221956
0.00267982 -0.0201638 0.222982
0.00425212 -0.0302609 0.219282
0.0098218 -0.0276393 0.222835
0.00618591 -0.0287894 0.221873
0.00988489 -0.0229397 0.220919
0.0144476 -0.026878 0.220785
-0.005168 -0.0180354 0.222912
-0.00214331 -0.0182456 0.225797
0.0123611 -0.0199618 0.221094
0.0107326 -0.0281826 0.222245
-0.0167078 -0.0188253 0.227753
0.00589117 -0.0282582 0.219146
0.00904112 -0.0300125 0.219672
0.00231423 -0.0265975 0.219608
-0.00360669 -0.0179189 0.224243
0.00833253 -0.0302436 0.232008
-0.0052558 -0.0232981 0.229434
0.708617 0.0872115 0.704015
0.585019 0.128592 0.799495
1.37309 -0.418243 1.48284
0.703195 0.0914366 0.707368
0.00178816 -0.0184004 0.223191
-0.00155603 -0.0203664 0.220479
0.00192195 -0.0178068 0.233521
0.0264832 -0.0207559 0.244473
0.00812522 -0.0216631 0.218917
0.00662704 -0.0244002 0.218329
0.000420948 -0.017813 0.222186
0.00775568 -0.0220297 0.21839
0.00723103 -0.0224369 0.219054
-0.00862633 -0.0196351 0.229205
-0.00294775 -0.0182774 0.221554
-0.0114358 -0.02211 0.232414
0.00766564 -0.0235218 0.21868
0.00952903 -0.0217674 0.218194
-0.017878 -0.0188416 0.227038
0.00332271 -0.0181594 0.222358
0.00058849 -0.0190815 0.219622
-0.0171902 -0.018832 0.226791
-0.0064844 -0.0175229 0.228078
-0.00721104 -0.0172691 0.227756
-0.00264812 -0.016898 0.222738
0.00594278 -0.0279355 0.219071
-0.00613494 -0.0179224 0.225978
-0.0088007 -0.0172386 0.226931
0.00559803 -0.0158466 0.226967
-0.00486754 -0.0174229 0.225221
0.00966761 -0.0229304 0.220975
-0.00354073 -0.0169619 0.223222
-0.00611901 -0.017535 0.225335
0.00455753 -0.0201487 0.222785
-0.00755606 -0.0170463 0.226587
-0.00546575 -0.0175637 0.221948
0.0035788 -0.0258548 0.222621
0.00621148 -0.0269679 0.218451
0.0136134 -0.028952 0.222696
0.00639644 -0.0233853 0.2192
0.00107714 -0.0182269 0.228667
0.0119651 -0.028998 0.224144
0.00385293 -0.0190692 0.218187
0.00229257 -0.0267723 0.220416
0.00911458 -0.0273952 0.221862
0.0100976 -0.0289824 0.224066
0.0111871 -0.019144 0.224477
-2.09556e-05 -0.0212535 0.222194
-0.00457706 -0.0203715 0.22249
0.0049077 -0.0254752 0.219944
0.00107608 -0.0165708 0.231266
-0.0181534 -0.0187951 0.227431
0.00657534 -0.0194734 0.223585
-0.000461853 -0.0183082 0.223198
-0.00839195 -0.0186261 0.227687
0.00918855 -0.0217687 0.218368
-0.00652569 -0.0176248 0.226974
0.00760628 -0.0234711 0.217429
0.00816617 -0.0302043 0.222013
0.00526571 -0.0245003 0.223562
0.00797573 -0.0286721 0.218531
0.00747406 -0.0274414 0.222316
-0.00351769 -0.0180712 0.225892
-0.00127616 -0.0163071 0.238388
0.00809218 -0.0278135 0.223091
0.00471893 -0.0243337 0.224655
-0.0104319 -0.0179388 0.228914
0.0986402 -0.027467 0.195506
0.718853 0.169996 0.754756
0.221353 -0.017244 0.26982
0.694708 0.148296 0.849667
-0.0101382 -0.0177967 0.230013
0.226182 0.00706014 0.318043
-0.00503095 -0.0179821 0.224966
0.0831216 -0.0218456 0.271083
-0.00536979 -0.0174455 0.225228
-0.00607101 -0.0172518 0.226856
0.00717121 -0.0316738 0.218346
0.00611302 -0.0195928 0.222322
-0.0097097 -0.0178105 0.227891
0.000462243 -0.0200238 0.222265
0.0108113 -0.0195311 0.222891
0.00985458 -0.0315762 0.221553
0.00628877 -0.0195988 0.222313
-0.0007232 -0.0190293 0.220059
-0.00390144 -0.0188058 0.221361
0.0161209 -0.0233195 0.220284
-0.0019216 -0.0184013 0.220086
0.00453312 -0.0293939 0.2188
0.014227 -0.0309164 0.224033
-0.00080208 -0.0189136 0.219776
0.00318302 -0.0286717 0.221436
-0.00439115 -0.0186257 0.222349
0.00527601 -0.0312348 0.221994
0.00697794 -0.0223193 0.219336
-0.00318473 -0.019455 0.235089
-0.00710418 -0.0179065 0.227916
0.00361429 -0.0287378 0.220263
-0.00013847 -0.0203394 0.240952
0.0178303 -0.0274607 0.220044
-0.00239241 -0.0225101 0.223528
0.00490191 -0.0198871 0.218268
0.00798808 -0.0254241 0.218582
0.00902296 -0.0276134 0.222728
0.00591305 -0.026147 0.220366
0.0037293 -0.0304818 0.219386
0.00499643 -0.0274303 0.218362
0.00679862 -0.0280063 0.222994
0.00398119 -0.028722 0.220792
0.00952713 -0.028528 0.221776
0.00614636 -0.0304106 0.221858
-0.00283433 -0.0179131 0.22396
-0.0114206 -0.0207962 0.229224
-0.00554518 -0.0178959 0.22716
-0.00538486 -0.0172466 0.226468
