# ORB-SLAM3 Path Recording
# Format: timestamp tx ty tz qx qy qz qw tracking_state confidence
# Translation in meters, quaternion (x,y,z,w), timestamp in seconds
# Coordinate system: Camera frame
1756831595.549000 -0.057502 -0.036672 0.331553 0.052095 -0.546269 0.015612 0.835842 2 1.000000
1756831602.714000 -0.110348 -0.036902 0.331323 0.035032 -0.549867 0.005253 0.834501 2 1.000000
1756831603.022000 -0.158081 -0.044133 0.351004 0.042681 -0.569975 -0.003676 0.820544 2 1.000000
1756831603.261000 -0.209597 -0.047183 0.358517 0.047542 -0.549917 -0.001292 0.833864 2 1.000000
1756831603.513000 -0.261122 -0.050360 0.364870 0.033824 -0.547256 -0.001867 0.836280 2 1.000000
1756831603.768000 -0.309696 -0.056515 0.382343 0.039395 -0.565190 0.005481 0.824001 2 1.000000
1756831604.030000 -0.361296 -0.058515 0.396410 0.049264 -0.571851 -0.002690 0.818873 2 1.000000
1756831604.257000 -0.410501 -0.069413 0.404019 0.053227 -0.566279 0.020508 0.822237 2 1.000000
1756831604.492000 -0.461462 -0.068649 0.420241 0.045699 -0.570937 0.003915 0.819712 2 1.000000
1756831604.713000 -0.510434 -0.071266 0.435376 0.036149 -0.574694 -0.004594 0.817557 2 1.000000
1756831604.928000 -0.563006 -0.074161 0.445043 0.031169 -0.548603 0.008431 0.835459 2 1.000000
1756831605.147000 -0.613142 -0.077416 0.456132 0.025871 -0.537874 0.008491 0.842586 2 1.000000
1756831605.358000 -0.661126 -0.082913 0.473416 0.031532 -0.556506 0.007198 0.830214 2 1.000000
1756831605.562000 -0.713579 -0.083841 0.487647 0.035758 -0.563013 0.002952 0.825669 2 1.000000
1756831605.741000 -0.759431 -0.089522 0.498340 0.021262 -0.525471 -0.002662 0.850542 2 1.000000
1756831605.929000 -0.809022 -0.089839 0.512799 0.026621 -0.524875 0.006047 0.850741 2 1.000000
1756831606.165000 -0.858103 -0.098900 0.531665 0.034149 -0.532330 -0.003041 0.845842 2 1.000000
1756831606.322000 -0.900059 -0.101162 0.543910 0.026543 -0.491044 -0.001804 0.870728 2 1.000000
1756831606.439000 -0.923736 -0.102171 0.552040 0.016914 -0.452016 -0.001165 0.891849 2 1.000000
1756831606.607000 -0.955523 -0.101124 0.571927 0.013606 -0.408184 0.003596 0.912791 2 1.000000
1756831606.864000 -0.982326 -0.103381 0.588811 0.007200 -0.365904 0.009391 0.930578 2 1.000000
1756831607.131000 -1.005266 -0.104613 0.599675 0.002520 -0.324625 0.008308 0.945803 2 1.000000
1756831607.497000 -1.033319 -0.103656 0.616039 -0.000781 -0.281660 0.021489 0.959273 2 1.000000
1756831608.131000 -1.070544 -0.105896 0.652260 0.007755 -0.272735 0.012709 0.961974 2 1.000000
1756831608.664000 -1.102762 -0.106251 0.675608 0.012220 -0.229923 0.019509 0.972937 2 1.000000
1756831608.830000 -1.107298 -0.106083 0.684929 0.014043 -0.187569 0.028106 0.981749 2 1.000000
1756831609.401000 -1.124961 -0.107243 0.709475 0.012371 -0.142172 0.034642 0.989158 2 1.000000
1756831609.897000 -1.138230 -0.110011 0.734424 0.017600 -0.094542 0.030141 0.994909 2 1.000000
1756831610.131000 -1.148796 -0.108913 0.748384 0.021585 -0.048502 0.031004 0.998108 2 1.000000
1756831610.297000 -1.156057 -0.107184 0.753868 0.016802 -0.004833 0.053113 0.998435 2 1.000000
1756831610.899000 -1.178037 -0.106395 0.790007 0.002054 0.035678 0.066968 0.997115 2 1.000000
1756831611.431000 -1.198170 -0.108959 0.838703 -0.014926 0.054757 0.067831 0.996081 2 1.000000
1756831611.731000 -1.214065 -0.111788 0.864067 -0.005794 0.099587 0.075457 0.992147 2 1.000000
1756831612.231000 -1.232584 -0.117917 0.901034 -0.011478 0.141956 0.084325 0.986208 2 1.000000
1756831612.664000 -1.240587 -0.122337 0.951891 -0.017317 0.128825 0.077790 0.988460 2 1.000000
1756831613.031000 -1.253532 -0.123633 1.000441 -0.019667 0.153216 0.067029 0.985721 2 1.000000
1756831613.533000 -1.273210 -0.133786 1.045405 -0.016104 0.179642 0.086611 0.979780 2 1.000000
1756831614.031000 -1.276250 -0.135028 1.095731 -0.013896 0.180247 0.075223 0.980642 2 1.000000
1756831614.497000 -1.279565 -0.137607 1.146091 -0.016262 0.179240 0.059419 0.981875 2 1.000000
1756831614.798000 -1.282212 -0.141908 1.181294 -0.016530 0.221057 0.068678 0.972699 2 1.000000
1756831615.265000 -1.283073 -0.144680 1.231210 -0.022311 0.234483 0.074571 0.968999 2 1.000000
1756831615.665000 -1.276101 -0.148751 1.281795 -0.016647 0.226231 0.064959 0.971763 2 1.000000
1756831616.097000 -1.271023 -0.149575 1.333728 -0.022146 0.251117 0.066131 0.965441 2 1.000000
1756831616.331000 -1.268484 -0.152380 1.362937 -0.027935 0.290852 0.077650 0.953203 2 1.000000
1756831616.764000 -1.260100 -0.152892 1.412547 -0.028286 0.299990 0.071957 0.950804 2 1.000000
1756831617.197000 -1.246556 -0.156857 1.461682 -0.030265 0.301375 0.057435 0.951293 2 1.000000
1756831617.565000 -1.240865 -0.159161 1.500934 -0.030554 0.346414 0.066458 0.935226 2 1.000000
1756831617.933000 -1.238136 -0.161470 1.535503 -0.036933 0.386813 0.066464 0.919018 2 1.000000
1756831618.447000 -1.215071 -0.161371 1.582214 -0.037728 0.415904 0.075915 0.905449 2 1.000000
1756831618.964000 -1.189696 -0.161858 1.629094 -0.041138 0.446708 0.064448 0.891407 2 1.000000
1756831619.231000 -1.179437 -0.164852 1.655017 -0.039452 0.482649 0.082162 0.871058 2 1.000000
1756831619.864000 -1.155943 -0.164714 1.699535 -0.044125 0.520564 0.085602 0.848374 2 1.000000
1756831620.397000 -1.122610 -0.163032 1.727470 -0.055875 0.554959 0.090755 0.825022 2 1.000000
1756831620.798000 -1.095116 -0.159152 1.753571 -0.058265 0.593050 0.094723 0.797449 2 1.000000
1756831621.414000 -1.053545 -0.156563 1.781862 -0.052967 0.611223 0.109548 0.782049 2 1.000000
1756831621.965000 -1.006242 -0.156225 1.801130 -0.030475 0.602392 0.092481 0.792239 2 1.000000
1756831622.465000 -0.980205 -0.147863 1.822275 -0.042752 0.637822 0.087337 0.764021 2 1.000000
1756831622.665000 -0.963779 -0.141741 1.838876 -0.033087 0.672206 0.087616 0.734417 2 1.000000
1756831622.932000 -0.947202 -0.139447 1.858355 -0.035007 0.704001 0.102051 0.701956 2 1.000000
1756831623.365000 -0.926199 -0.145114 1.881877 -0.057388 0.725854 0.120546 0.674768 2 1.000000
1756831624.165000 -0.883551 -0.145322 1.909497 -0.065210 0.722706 0.124071 0.676794 2 1.000000
1756831624.833000 -0.835994 -0.139974 1.929906 -0.065270 0.733702 0.111359 0.667098 2 1.000000
1756831625.331000 -0.798729 -0.137217 1.949315 -0.070640 0.760712 0.120389 0.633904 2 1.000000
1756831625.831000 -0.748569 -0.132089 1.967740 -0.072147 0.752206 0.116969 0.644437 2 1.000000
1756831626.384000 -0.699396 -0.125365 1.986128 -0.062817 0.764749 0.109115 0.631907 2 1.000000
1756831626.766000 -0.666589 -0.123955 1.993714 -0.060752 0.792928 0.111952 0.595853 2 1.000000
1756831627.299000 -0.615745 -0.116429 1.995895 -0.075761 0.787018 0.110492 0.602208 2 1.000000
1756831627.832000 -0.562573 -0.108303 2.000153 -0.077933 0.794144 0.103308 0.593792 2 1.000000
1756831628.331000 -0.512654 -0.103803 2.012134 -0.070522 0.817022 0.116072 0.560383 2 1.000000
1756831628.832000 -0.461954 -0.096069 2.011539 -0.081739 0.810786 0.112704 0.568544 2 1.000000
1756831629.304000 -0.413659 -0.086550 2.010500 -0.083545 0.836718 0.105683 0.530805 2 1.000000
1756831629.798000 -0.363580 -0.080973 2.009715 -0.079720 0.847025 0.119331 0.511814 2 1.000000
1756831630.332000 -0.313057 -0.073438 1.994708 -0.078745 0.835244 0.105374 0.533914 2 1.000000
1756831630.901000 -0.263145 -0.065449 1.987760 -0.075887 0.845936 0.103737 0.517563 2 1.000000
1756831631.465000 -0.214585 -0.056167 1.979656 -0.082403 0.851815 0.107753 0.505974 2 1.000000
1756831632.099000 -0.166764 -0.049327 1.963594 -0.083100 0.859881 0.099697 0.493719 2 1.000000
1756831632.432000 -0.136096 -0.044080 1.963101 -0.086052 0.881328 0.107744 0.451936 2 1.000000
1756831632.866000 -0.098181 -0.038837 1.962529 -0.079242 0.900833 0.108423 0.412873 2 1.000000
1756831633.532000 -0.050344 -0.031208 1.952832 -0.083690 0.918487 0.101583 0.372905 2 1.000000
1756831633.768000 -0.031418 -0.029348 1.953408 -0.081258 0.935510 0.099545 0.329103 2 1.000000
1756831634.566000 0.014241 -0.021429 1.936240 -0.075700 0.949358 0.102437 0.287221 2 1.000000
1756831635.266000 0.041692 -0.015809 1.918222 -0.078789 0.961310 0.097507 0.245292 2 1.000000
1756831635.868000 0.070729 -0.010504 1.906003 -0.085188 0.970447 0.098622 0.203098 2 1.000000
1756831636.567000 0.098643 -0.001797 1.874415 -0.085281 0.979041 0.095440 0.158424 2 1.000000
1756831636.999000 0.119484 0.003974 1.852688 -0.081856 0.985215 0.098615 0.113695 2 1.000000
1756831637.399000 0.136078 0.009997 1.835065 -0.079578 0.989557 0.099611 0.067252 2 1.000000
1756831638.144000 0.153609 0.014982 1.786845 -0.078571 0.990439 0.097161 0.058461 2 1.000000
1756831638.533000 0.160636 0.019772 1.759243 -0.072324 0.992527 0.097515 0.012236 2 1.000000
1756831639.308000 0.165695 0.021044 1.741451 0.069624 -0.992239 -0.096475 0.036161 2 1.000000
1756831639.450000 0.165775 0.022037 1.724578 0.065385 -0.990206 -0.093773 0.080153 2 1.000000
1756831639.784000 0.151828 0.021217 1.674804 0.072589 -0.989559 -0.081128 0.094458 2 1.000000
1756831640.199000 0.139292 0.024857 1.637291 0.068054 -0.984968 -0.077696 0.138457 2 1.000000
1756831640.899000 0.124987 0.026772 1.588567 0.063225 -0.984667 -0.072910 0.145317 2 1.000000
1756831641.633000 0.114307 0.020887 1.539833 0.072902 -0.981547 -0.084299 0.155384 2 1.000000
1756831642.432000 0.098930 -0.002741 1.495534 0.062539 -0.975407 -0.101817 0.185209 2 1.000000
1756831643.402000 0.084569 -0.015566 1.448020 0.051558 -0.972855 -0.099847 0.202302 2 1.000000
1756831644.066000 0.075819 -0.013126 1.397829 0.048856 -0.967072 -0.094534 0.231190 2 1.000000
1756831644.568000 0.055208 -0.014114 1.352109 0.065864 -0.967973 -0.082985 0.227605 2 1.000000
1756831645.033000 0.044868 -0.008975 1.300369 0.064950 -0.963128 -0.096746 0.242500 2 1.000000
1756831645.567000 0.037476 -0.007364 1.247522 0.060705 -0.963024 -0.097365 0.243761 2 1.000000
1756831646.067000 0.021622 -0.011541 1.198334 0.067323 -0.971971 -0.091780 0.205710 2 1.000000
1756831646.534000 0.007152 -0.006940 1.148216 0.070464 -0.966533 -0.090321 0.229546 2 1.000000
1756831647.035000 -0.006344 -0.003885 1.097781 0.060275 -0.961107 -0.083959 0.256108 2 1.000000
1756831647.501000 -0.027766 -0.005939 1.050742 0.072322 -0.965856 -0.074979 0.237211 2 1.000000
1756831648.067000 -0.046370 -0.000759 1.001806 0.068018 -0.954237 -0.072553 0.282031 2 1.000000
1756831648.602000 -0.064978 0.001978 0.954721 0.058656 -0.949964 -0.072842 0.298030 2 1.000000
1756831649.200000 -0.090598 0.001494 0.910736 0.071270 -0.944143 -0.075158 0.312836 2 1.000000
1756831649.668000 -0.106852 0.003682 0.869565 0.064931 -0.929510 -0.071443 0.355937 2 1.000000
1756831650.168000 -0.127816 0.007098 0.831992 0.058317 -0.913244 -0.074956 0.396189 2 1.000000
1756831650.735000 -0.165252 0.004828 0.799277 0.052585 -0.895870 -0.070053 0.435596 2 1.000000
1756831650.968000 -0.182349 0.007012 0.785155 0.050127 -0.876168 -0.069585 0.474316 2 1.000000
1756831651.167000 -0.198632 0.006081 0.770768 0.039825 -0.854408 -0.069900 0.513337 2 1.000000
1756831651.367000 -0.214347 0.004297 0.759895 0.029022 -0.832086 -0.055922 0.551057 2 1.000000
1756831651.633000 -0.236251 0.003590 0.750322 0.025925 -0.806487 -0.048712 0.588672 2 1.000000
1756831651.928000 -0.263452 0.001133 0.744172 0.021691 -0.779980 -0.047619 0.623612 2 1.000000
1756831652.242000 -0.292600 -0.003059 0.738837 0.020188 -0.752979 -0.038509 0.656607 2 1.000000
1756831652.544000 -0.322773 -0.002316 0.731237 0.019235 -0.723056 -0.037768 0.689488 2 1.000000
1756831652.834000 -0.354528 -0.006407 0.719795 0.011812 -0.691438 -0.028690 0.721769 2 1.000000
1756831653.334000 -0.408084 -0.010391 0.711285 0.025015 -0.701077 -0.039403 0.711556 2 1.000000
1756831653.568000 -0.431156 -0.014875 0.708681 0.037473 -0.733728 -0.051088 0.676482 2 1.000000
1756831653.734000 -0.440095 -0.019732 0.705105 0.045567 -0.764470 -0.057340 0.640486 2 1.000000
1756831653.967000 -0.454643 -0.019504 0.700163 0.048569 -0.795315 -0.059680 0.601293 2 1.000000
1756831654.212000 -0.479244 -0.021714 0.686584 0.048278 -0.821308 -0.061622 0.565088 2 1.000000
1756831654.501000 -0.502285 -0.023297 0.675969 0.051613 -0.845335 -0.061426 0.528178 2 1.000000
1756831654.705000 -0.514829 -0.022435 0.663808 0.052844 -0.868418 -0.068945 0.488165 2 1.000000
1756831654.834000 -0.525129 -0.023840 0.658547 0.055320 -0.887955 -0.078847 0.449731 2 1.000000
1756831655.001000 -0.540497 -0.025275 0.653596 0.068744 -0.907998 -0.089485 0.403493 2 1.000000
1756831655.169000 -0.552510 -0.026085 0.649060 0.077162 -0.925701 -0.091634 0.358784 2 1.000000
1756831655.440000 -0.566284 -0.026845 0.640705 0.074965 -0.941028 -0.091660 0.316930 2 1.000000
1756831656.068000 -0.591943 -0.028378 0.601856 0.064145 -0.955979 -0.088591 0.272289 2 1.000000
1756831656.434000 -0.607997 -0.029733 0.580061 0.071488 -0.966910 -0.088581 0.228314 2 1.000000
1756831656.801000 -0.627130 -0.031842 0.562648 0.081522 -0.973404 -0.103591 0.187371 2 1.000000
1756831657.437000 -0.648324 -0.027326 0.515142 0.076522 -0.974107 -0.098455 0.188591 2 1.000000
