# ORB-SLAM3 Path Recording
# Format: timestamp tx ty tz qx qy qz qw tracking_state confidence
# Translation in meters, quaternion (x,y,z,w), timestamp in seconds
# Coordinate system: Camera frame
1756826498.448000 -0.007043 -0.018299 0.031795 -0.086901 -0.072174 -0.002823 0.993595 2 1.000000
1756826501.650000 -0.023264 -0.016445 0.079932 -0.083244 -0.062646 -0.029056 0.994134 2 1.000000
1756826502.916000 -0.037167 -0.014751 0.128010 -0.086534 -0.061768 -0.015361 0.994214 2 1.000000
1756826504.384000 -0.044064 -0.011830 0.178331 -0.098824 -0.061112 -0.016600 0.993088 2 1.000000
1756826505.749000 -0.053993 -0.010267 0.227714 -0.091083 -0.068817 -0.015844 0.993336 2 1.000000
1756826507.083000 -0.070113 -0.009215 0.275098 -0.095854 -0.077997 -0.013947 0.992237 2 1.000000
1756826508.449000 -0.089111 -0.007140 0.321764 -0.102651 -0.078065 -0.012996 0.991564 2 1.000000
1756826509.948000 -0.101212 -0.005998 0.370970 -0.097804 -0.077050 -0.020506 0.992007 2 1.000000
1756826512.048000 -0.109028 -0.001325 0.420288 -0.087616 -0.047462 -0.023786 0.994739 2 1.000000
1756826515.447000 -0.113068 -0.003137 0.426394 -0.083045 -0.003533 -0.029039 0.996116 2 1.000000
1756826516.112000 -0.112527 -0.002562 0.428109 -0.096551 0.042129 -0.019017 0.994254 2 1.000000
1756826516.446000 -0.111360 -0.001463 0.434628 -0.104743 0.094368 -0.010556 0.989956 2 1.000000
1756826516.947000 -0.108593 -0.000194 0.443213 -0.126642 0.132738 -0.001124 0.983027 2 1.000000
1756826517.414000 -0.109836 0.001041 0.450221 -0.126670 0.179551 0.010258 0.975505 2 1.000000
1756826517.749000 -0.111411 0.000848 0.454707 -0.137940 0.222329 0.008910 0.965123 2 1.000000
1756826518.213000 -0.110366 0.002681 0.461622 -0.129057 0.262161 0.022082 0.956100 2 1.000000
1756826518.591000 -0.108475 0.004489 0.468589 -0.119639 0.302331 0.032800 0.945096 2 1.000000
1756826518.895000 -0.106807 0.004675 0.473390 -0.120805 0.343718 0.031196 0.930748 2 1.000000
1756826519.087000 -0.105742 0.004595 0.477745 -0.119950 0.384796 0.039835 0.914307 2 1.000000
1756826519.314000 -0.104205 0.005041 0.483287 -0.112763 0.428726 0.053521 0.894771 2 1.000000
1756826519.579000 -0.102129 0.005858 0.489790 -0.120697 0.469419 0.055400 0.872931 2 1.000000
1756826519.980000 -0.095470 0.005887 0.497372 -0.120167 0.510710 0.050995 0.849785 2 1.000000
1756826520.721000 -0.082792 0.004408 0.512173 -0.098717 0.545527 0.041281 0.831235 2 1.000000
1756826520.996000 -0.078182 0.004141 0.518198 -0.095112 0.585739 0.054676 0.803041 2 1.000000
1756826521.646000 -0.060644 0.004829 0.528498 -0.087571 0.617924 0.068980 0.778295 2 1.000000
1756826522.500000 -0.034954 0.004551 0.542699 -0.084748 0.652929 0.061479 0.750148 2 1.000000
1756826523.781000 0.012469 0.004468 0.558781 -0.090048 0.675495 0.058582 0.729497 2 1.000000
1756826526.408000 0.049858 0.001095 0.569341 -0.049873 0.681903 0.027795 0.729211 2 1.000000
